1825 2400
1 2
1 3
1 4
1 5
1 6
1 7
1 8
1 9
1 10
1 11
1 12
1 13
1 14
1 15
1 16
1 17
1 18
1 19
1 20
1 21
1 22
1 23
1 24
1 25
2 1
2 3
2 4
2 5
2 6
2 7
2 8
2 9
2 10
2 11
2 12
2 13
2 14
2 15
2 16
2 17
2 18
2 19
2 20
2 21
2 22
2 23
2 24
2 25
3 1
3 2
3 4
3 5
3 6
3 7
3 8
3 9
3 10
3 11
3 12
3 13
3 14
3 15
3 16
3 17
3 18
3 19
3 20
3 21
3 22
3 23
3 24
3 25
4 1
4 2
4 3
4 5
4 6
4 7
4 8
4 9
4 10
4 11
4 12
4 13
4 14
4 15
4 16
4 17
4 18
4 19
4 20
4 21
4 22
4 23
4 24
4 25
5 1
5 2
5 3
5 4
5 6
5 7
5 8
5 9
5 10
5 11
5 12
5 13
5 14
5 15
5 16
5 17
5 18
5 19
5 20
5 21
5 22
5 23
5 24
5 25
6 1
6 2
6 3
6 4
6 5
6 7
6 8
6 9
6 10
6 11
6 12
6 13
6 14
6 15
6 16
6 17
6 18
6 19
6 20
6 21
6 22
6 23
6 24
6 25
7 1
7 2
7 3
7 4
7 5
7 6
7 8
7 9
7 10
7 11
7 12
7 13
7 14
7 15
7 16
7 17
7 18
7 19
7 20
7 21
7 22
7 23
7 24
7 25
8 1
8 2
8 3
8 4
8 5
8 6
8 7
8 9
8 10
8 11
8 12
8 13
8 14
8 15
8 16
8 17
8 18
8 19
8 20
8 21
8 22
8 23
8 24
8 25
9 1
9 2
9 3
9 4
9 5
9 6
9 7
9 8
9 10
9 11
9 12
9 13
9 14
9 15
9 16
9 17
9 18
9 19
9 20
9 21
9 22
9 23
9 24
9 25
10 1
10 2
10 3
10 4
10 5
10 6
10 7
10 8
10 9
10 11
10 12
10 13
10 14
10 15
10 16
10 17
10 18
10 19
10 20
10 21
10 22
10 23
10 24
10 25
11 1
11 2
11 3
11 4
11 5
11 6
11 7
11 8
11 9
11 10
11 12
11 13
11 14
11 15
11 16
11 17
11 18
11 19
11 20
11 21
11 22
11 23
11 24
11 25
12 1
12 2
12 3
12 4
12 5
12 6
12 7
12 8
12 9
12 10
12 11
12 13
12 14
12 15
12 16
12 17
12 18
12 19
12 20
12 21
12 22
12 23
12 24
12 25
13 1
13 2
13 3
13 4
13 5
13 6
13 7
13 8
13 9
13 10
13 11
13 12
13 14
13 15
13 16
13 17
13 18
13 19
13 20
13 21
13 22
13 23
13 24
13 25
14 1
14 2
14 3
14 4
14 5
14 6
14 7
14 8
14 9
14 10
14 11
14 12
14 13
14 15
14 16
14 17
14 18
14 19
14 20
14 21
14 22
14 23
14 24
14 25
15 1
15 2
15 3
15 4
15 5
15 6
15 7
15 8
15 9
15 10
15 11
15 12
15 13
15 14
15 16
15 17
15 18
15 19
15 20
15 21
15 22
15 23
15 24
15 25
16 1
16 2
16 3
16 4
16 5
16 6
16 7
16 8
16 9
16 10
16 11
16 12
16 13
16 14
16 15
16 17
16 18
16 19
16 20
16 21
16 22
16 23
16 24
16 25
17 1
17 2
17 3
17 4
17 5
17 6
17 7
17 8
17 9
17 10
17 11
17 12
17 13
17 14
17 15
17 16
17 18
17 19
17 20
17 21
17 22
17 23
17 24
17 25
18 1
18 2
18 3
18 4
18 5
18 6
18 7
18 8
18 9
18 10
18 11
18 12
18 13
18 14
18 15
18 16
18 17
18 19
18 20
18 21
18 22
18 23
18 24
18 25
19 1
19 2
19 3
19 4
19 5
19 6
19 7
19 8
19 9
19 10
19 11
19 12
19 13
19 14
19 15
19 16
19 17
19 18
19 20
19 21
19 22
19 23
19 24
19 25
20 1
20 2
20 3
20 4
20 5
20 6
20 7
20 8
20 9
20 10
20 11
20 12
20 13
20 14
20 15
20 16
20 17
20 18
20 19
20 21
20 22
20 23
20 24
20 25
21 1
21 2
21 3
21 4
21 5
21 6
21 7
21 8
21 9
21 10
21 11
21 12
21 13
21 14
21 15
21 16
21 17
21 18
21 19
21 20
21 22
21 23
21 24
21 25
22 1
22 2
22 3
22 4
22 5
22 6
22 7
22 8
22 9
22 10
22 11
22 12
22 13
22 14
22 15
22 16
22 17
22 18
22 19
22 20
22 21
22 23
22 24
22 25
23 1
23 2
23 3
23 4
23 5
23 6
23 7
23 8
23 9
23 10
23 11
23 12
23 13
23 14
23 15
23 16
23 17
23 18
23 19
23 20
23 21
23 22
23 24
23 25
24 1
24 2
24 3
24 4
24 5
24 6
24 7
24 8
24 9
24 10
24 11
24 12
24 13
24 14
24 15
24 16
24 17
24 18
24 19
24 20
24 21
24 22
24 23
24 25
25 1
25 2
25 3
25 4
25 5
25 6
25 7
25 8
25 9
25 10
25 11
25 12
25 13
25 14
25 15
25 16
25 17
25 18
25 19
25 20
25 21
25 22
25 23
25 24
1 26
1 27
1 28
1 29
1 30
1 31
1 32
1 33
1 34
1 35
1 36
1 37
1 38
1 39
1 40
1 41
1 42
1 43
1 44
1 45
1 46
1 47
1 48
1 49
2 50
2 51
2 52
2 53
2 54
2 55
2 56
2 57
2 58
2 59
2 60
2 61
2 62
2 63
2 64
2 65
2 66
2 67
2 68
2 69
2 70
2 71
2 72
2 73
3 74
3 75
3 76
3 77
3 78
3 79
3 80
3 81
3 82
3 83
3 84
3 85
3 86
3 87
3 88
3 89
3 90
3 91
3 92
3 93
3 94
3 95
3 96
3 97
4 98
4 99
4 100
4 101
4 102
4 103
4 104
4 105
4 106
4 107
4 108
4 109
4 110
4 111
4 112
4 113
4 114
4 115
4 116
4 117
4 118
4 119
4 120
4 121
5 122
5 123
5 124
5 125
5 126
5 127
5 128
5 129
5 130
5 131
5 132
5 133
5 134
5 135
5 136
5 137
5 138
5 139
5 140
5 141
5 142
5 143
5 144
5 145
6 146
6 147
6 148
6 149
6 150
6 151
6 152
6 153
6 154
6 155
6 156
6 157
6 158
6 159
6 160
6 161
6 162
6 163
6 164
6 165
6 166
6 167
6 168
6 169
7 170
7 171
7 172
7 173
7 174
7 175
7 176
7 177
7 178
7 179
7 180
7 181
7 182
7 183
7 184
7 185
7 186
7 187
7 188
7 189
7 190
7 191
7 192
7 193
8 194
8 195
8 196
8 197
8 198
8 199
8 200
8 201
8 202
8 203
8 204
8 205
8 206
8 207
8 208
8 209
8 210
8 211
8 212
8 213
8 214
8 215
8 216
8 217
9 218
9 219
9 220
9 221
9 222
9 223
9 224
9 225
9 226
9 227
9 228
9 229
9 230
9 231
9 232
9 233
9 234
9 235
9 236
9 237
9 238
9 239
9 240
9 241
10 242
10 243
10 244
10 245
10 246
10 247
10 248
10 249
10 250
10 251
10 252
10 253
10 254
10 255
10 256
10 257
10 258
10 259
10 260
10 261
10 262
10 263
10 264
10 265
11 266
11 267
11 268
11 269
11 270
11 271
11 272
11 273
11 274
11 275
11 276
11 277
11 278
11 279
11 280
11 281
11 282
11 283
11 284
11 285
11 286
11 287
11 288
11 289
12 290
12 291
12 292
12 293
12 294
12 295
12 296
12 297
12 298
12 299
12 300
12 301
12 302
12 303
12 304
12 305
12 306
12 307
12 308
12 309
12 310
12 311
12 312
12 313
13 314
13 315
13 316
13 317
13 318
13 319
13 320
13 321
13 322
13 323
13 324
13 325
13 326
13 327
13 328
13 329
13 330
13 331
13 332
13 333
13 334
13 335
13 336
13 337
14 338
14 339
14 340
14 341
14 342
14 343
14 344
14 345
14 346
14 347
14 348
14 349
14 350
14 351
14 352
14 353
14 354
14 355
14 356
14 357
14 358
14 359
14 360
14 361
15 362
15 363
15 364
15 365
15 366
15 367
15 368
15 369
15 370
15 371
15 372
15 373
15 374
15 375
15 376
15 377
15 378
15 379
15 380
15 381
15 382
15 383
15 384
15 385
16 386
16 387
16 388
16 389
16 390
16 391
16 392
16 393
16 394
16 395
16 396
16 397
16 398
16 399
16 400
16 401
16 402
16 403
16 404
16 405
16 406
16 407
16 408
16 409
17 410
17 411
17 412
17 413
17 414
17 415
17 416
17 417
17 418
17 419
17 420
17 421
17 422
17 423
17 424
17 425
17 426
17 427
17 428
17 429
17 430
17 431
17 432
17 433
18 434
18 435
18 436
18 437
18 438
18 439
18 440
18 441
18 442
18 443
18 444
18 445
18 446
18 447
18 448
18 449
18 450
18 451
18 452
18 453
18 454
18 455
18 456
18 457
19 458
19 459
19 460
19 461
19 462
19 463
19 464
19 465
19 466
19 467
19 468
19 469
19 470
19 471
19 472
19 473
19 474
19 475
19 476
19 477
19 478
19 479
19 480
19 481
20 482
20 483
20 484
20 485
20 486
20 487
20 488
20 489
20 490
20 491
20 492
20 493
20 494
20 495
20 496
20 497
20 498
20 499
20 500
20 501
20 502
20 503
20 504
20 505
21 506
21 507
21 508
21 509
21 510
21 511
21 512
21 513
21 514
21 515
21 516
21 517
21 518
21 519
21 520
21 521
21 522
21 523
21 524
21 525
21 526
21 527
21 528
21 529
22 530
22 531
22 532
22 533
22 534
22 535
22 536
22 537
22 538
22 539
22 540
22 541
22 542
22 543
22 544
22 545
22 546
22 547
22 548
22 549
22 550
22 551
22 552
22 553
23 554
23 555
23 556
23 557
23 558
23 559
23 560
23 561
23 562
23 563
23 564
23 565
23 566
23 567
23 568
23 569
23 570
23 571
23 572
23 573
23 574
23 575
23 576
23 577
24 578
24 579
24 580
24 581
24 582
24 583
24 584
24 585
24 586
24 587
24 588
24 589
24 590
24 591
24 592
24 593
24 594
24 595
24 596
24 597
24 598
24 599
24 600
24 601
25 602
25 603
25 604
25 605
25 606
25 607
25 608
25 609
25 610
25 611
25 612
25 613
25 614
25 615
25 616
25 617
25 618
25 619
25 620
25 621
25 622
25 623
25 624
25 625
26 626
26 627
26 628
26 629
26 630
26 631
26 632
26 633
26 634
26 635
26 636
26 637
26 638
26 639
26 640
26 641
26 642
26 643
26 644
26 645
26 646
26 647
26 648
26 649
26 650
26 651
26 652
26 653
26 654
26 655
26 656
26 657
26 658
26 659
26 660
26 661
26 662
26 663
26 664
26 665
26 666
26 667
26 668
26 669
26 670
26 671
26 672
26 673
50 674
50 675
50 676
50 677
50 678
50 679
50 680
50 681
50 682
50 683
50 684
50 685
50 686
50 687
50 688
50 689
50 690
50 691
50 692
50 693
50 694
50 695
50 696
50 697
50 698
50 699
50 700
50 701
50 702
50 703
50 704
50 705
50 706
50 707
50 708
50 709
50 710
50 711
50 712
50 713
50 714
50 715
50 716
50 717
50 718
50 719
50 720
50 721
74 722
74 723
74 724
74 725
74 726
74 727
74 728
74 729
74 730
74 731
74 732
74 733
74 734
74 735
74 736
74 737
74 738
74 739
74 740
74 741
74 742
74 743
74 744
74 745
74 746
74 747
74 748
74 749
74 750
74 751
74 752
74 753
74 754
74 755
74 756
74 757
74 758
74 759
74 760
74 761
74 762
74 763
74 764
74 765
74 766
74 767
74 768
74 769
98 770
98 771
98 772
98 773
98 774
98 775
98 776
98 777
98 778
98 779
98 780
98 781
98 782
98 783
98 784
98 785
98 786
98 787
98 788
98 789
98 790
98 791
98 792
98 793
98 794
98 795
98 796
98 797
98 798
98 799
98 800
98 801
98 802
98 803
98 804
98 805
98 806
98 807
98 808
98 809
98 810
98 811
98 812
98 813
98 814
98 815
98 816
98 817
122 818
122 819
122 820
122 821
122 822
122 823
122 824
122 825
122 826
122 827
122 828
122 829
122 830
122 831
122 832
122 833
122 834
122 835
122 836
122 837
122 838
122 839
122 840
122 841
122 842
122 843
122 844
122 845
122 846
122 847
122 848
122 849
122 850
122 851
122 852
122 853
122 854
122 855
122 856
122 857
122 858
122 859
122 860
122 861
122 862
122 863
122 864
122 865
146 866
146 867
146 868
146 869
146 870
146 871
146 872
146 873
146 874
146 875
146 876
146 877
146 878
146 879
146 880
146 881
146 882
146 883
146 884
146 885
146 886
146 887
146 888
146 889
146 890
146 891
146 892
146 893
146 894
146 895
146 896
146 897
146 898
146 899
146 900
146 901
146 902
146 903
146 904
146 905
146 906
146 907
146 908
146 909
146 910
146 911
146 912
146 913
170 914
170 915
170 916
170 917
170 918
170 919
170 920
170 921
170 922
170 923
170 924
170 925
170 926
170 927
170 928
170 929
170 930
170 931
170 932
170 933
170 934
170 935
170 936
170 937
170 938
170 939
170 940
170 941
170 942
170 943
170 944
170 945
170 946
170 947
170 948
170 949
170 950
170 951
170 952
170 953
170 954
170 955
170 956
170 957
170 958
170 959
170 960
170 961
194 962
194 963
194 964
194 965
194 966
194 967
194 968
194 969
194 970
194 971
194 972
194 973
194 974
194 975
194 976
194 977
194 978
194 979
194 980
194 981
194 982
194 983
194 984
194 985
194 986
194 987
194 988
194 989
194 990
194 991
194 992
194 993
194 994
194 995
194 996
194 997
194 998
194 999
194 1000
194 1001
194 1002
194 1003
194 1004
194 1005
194 1006
194 1007
194 1008
194 1009
218 1010
218 1011
218 1012
218 1013
218 1014
218 1015
218 1016
218 1017
218 1018
218 1019
218 1020
218 1021
218 1022
218 1023
218 1024
218 1025
218 1026
218 1027
218 1028
218 1029
218 1030
218 1031
218 1032
218 1033
218 1034
218 1035
218 1036
218 1037
218 1038
218 1039
218 1040
218 1041
218 1042
218 1043
218 1044
218 1045
218 1046
218 1047
218 1048
218 1049
218 1050
218 1051
218 1052
218 1053
218 1054
218 1055
218 1056
218 1057
242 1058
242 1059
242 1060
242 1061
242 1062
242 1063
242 1064
242 1065
242 1066
242 1067
242 1068
242 1069
242 1070
242 1071
242 1072
242 1073
242 1074
242 1075
242 1076
242 1077
242 1078
242 1079
242 1080
242 1081
242 1082
242 1083
242 1084
242 1085
242 1086
242 1087
242 1088
242 1089
242 1090
242 1091
242 1092
242 1093
242 1094
242 1095
242 1096
242 1097
242 1098
242 1099
242 1100
242 1101
242 1102
242 1103
242 1104
242 1105
266 1106
266 1107
266 1108
266 1109
266 1110
266 1111
266 1112
266 1113
266 1114
266 1115
266 1116
266 1117
266 1118
266 1119
266 1120
266 1121
266 1122
266 1123
266 1124
266 1125
266 1126
266 1127
266 1128
266 1129
266 1130
266 1131
266 1132
266 1133
266 1134
266 1135
266 1136
266 1137
266 1138
266 1139
266 1140
266 1141
266 1142
266 1143
266 1144
266 1145
266 1146
266 1147
266 1148
266 1149
266 1150
266 1151
266 1152
266 1153
290 1154
290 1155
290 1156
290 1157
290 1158
290 1159
290 1160
290 1161
290 1162
290 1163
290 1164
290 1165
290 1166
290 1167
290 1168
290 1169
290 1170
290 1171
290 1172
290 1173
290 1174
290 1175
290 1176
290 1177
290 1178
290 1179
290 1180
290 1181
290 1182
290 1183
290 1184
290 1185
290 1186
290 1187
290 1188
290 1189
290 1190
290 1191
290 1192
290 1193
290 1194
290 1195
290 1196
290 1197
290 1198
290 1199
290 1200
290 1201
314 1202
314 1203
314 1204
314 1205
314 1206
314 1207
314 1208
314 1209
314 1210
314 1211
314 1212
314 1213
314 1214
314 1215
314 1216
314 1217
314 1218
314 1219
314 1220
314 1221
314 1222
314 1223
314 1224
314 1225
314 1226
314 1227
314 1228
314 1229
314 1230
314 1231
314 1232
314 1233
314 1234
314 1235
314 1236
314 1237
314 1238
314 1239
314 1240
314 1241
314 1242
314 1243
314 1244
314 1245
314 1246
314 1247
314 1248
314 1249
338 1250
338 1251
338 1252
338 1253
338 1254
338 1255
338 1256
338 1257
338 1258
338 1259
338 1260
338 1261
338 1262
338 1263
338 1264
338 1265
338 1266
338 1267
338 1268
338 1269
338 1270
338 1271
338 1272
338 1273
338 1274
338 1275
338 1276
338 1277
338 1278
338 1279
338 1280
338 1281
338 1282
338 1283
338 1284
338 1285
338 1286
338 1287
338 1288
338 1289
338 1290
338 1291
338 1292
338 1293
338 1294
338 1295
338 1296
338 1297
362 1298
362 1299
362 1300
362 1301
362 1302
362 1303
362 1304
362 1305
362 1306
362 1307
362 1308
362 1309
362 1310
362 1311
362 1312
362 1313
362 1314
362 1315
362 1316
362 1317
362 1318
362 1319
362 1320
362 1321
362 1322
362 1323
362 1324
362 1325
362 1326
362 1327
362 1328
362 1329
362 1330
362 1331
362 1332
362 1333
362 1334
362 1335
362 1336
362 1337
362 1338
362 1339
362 1340
362 1341
362 1342
362 1343
362 1344
362 1345
386 1346
386 1347
386 1348
386 1349
386 1350
386 1351
386 1352
386 1353
386 1354
386 1355
386 1356
386 1357
386 1358
386 1359
386 1360
386 1361
386 1362
386 1363
386 1364
386 1365
386 1366
386 1367
386 1368
386 1369
386 1370
386 1371
386 1372
386 1373
386 1374
386 1375
386 1376
386 1377
386 1378
386 1379
386 1380
386 1381
386 1382
386 1383
386 1384
386 1385
386 1386
386 1387
386 1388
386 1389
386 1390
386 1391
386 1392
386 1393
410 1394
410 1395
410 1396
410 1397
410 1398
410 1399
410 1400
410 1401
410 1402
410 1403
410 1404
410 1405
410 1406
410 1407
410 1408
410 1409
410 1410
410 1411
410 1412
410 1413
410 1414
410 1415
410 1416
410 1417
410 1418
410 1419
410 1420
410 1421
410 1422
410 1423
410 1424
410 1425
410 1426
410 1427
410 1428
410 1429
410 1430
410 1431
410 1432
410 1433
410 1434
410 1435
410 1436
410 1437
410 1438
410 1439
410 1440
410 1441
434 1442
434 1443
434 1444
434 1445
434 1446
434 1447
434 1448
434 1449
434 1450
434 1451
434 1452
434 1453
434 1454
434 1455
434 1456
434 1457
434 1458
434 1459
434 1460
434 1461
434 1462
434 1463
434 1464
434 1465
434 1466
434 1467
434 1468
434 1469
434 1470
434 1471
434 1472
434 1473
434 1474
434 1475
434 1476
434 1477
434 1478
434 1479
434 1480
434 1481
434 1482
434 1483
434 1484
434 1485
434 1486
434 1487
434 1488
434 1489
458 1490
458 1491
458 1492
458 1493
458 1494
458 1495
458 1496
458 1497
458 1498
458 1499
458 1500
458 1501
458 1502
458 1503
458 1504
458 1505
458 1506
458 1507
458 1508
458 1509
458 1510
458 1511
458 1512
458 1513
458 1514
458 1515
458 1516
458 1517
458 1518
458 1519
458 1520
458 1521
458 1522
458 1523
458 1524
458 1525
458 1526
458 1527
458 1528
458 1529
458 1530
458 1531
458 1532
458 1533
458 1534
458 1535
458 1536
458 1537
482 1538
482 1539
482 1540
482 1541
482 1542
482 1543
482 1544
482 1545
482 1546
482 1547
482 1548
482 1549
482 1550
482 1551
482 1552
482 1553
482 1554
482 1555
482 1556
482 1557
482 1558
482 1559
482 1560
482 1561
482 1562
482 1563
482 1564
482 1565
482 1566
482 1567
482 1568
482 1569
482 1570
482 1571
482 1572
482 1573
482 1574
482 1575
482 1576
482 1577
482 1578
482 1579
482 1580
482 1581
482 1582
482 1583
482 1584
482 1585
506 1586
506 1587
506 1588
506 1589
506 1590
506 1591
506 1592
506 1593
506 1594
506 1595
506 1596
506 1597
506 1598
506 1599
506 1600
506 1601
506 1602
506 1603
506 1604
506 1605
506 1606
506 1607
506 1608
506 1609
506 1610
506 1611
506 1612
506 1613
506 1614
506 1615
506 1616
506 1617
506 1618
506 1619
506 1620
506 1621
506 1622
506 1623
506 1624
506 1625
506 1626
506 1627
506 1628
506 1629
506 1630
506 1631
506 1632
506 1633
530 1634
530 1635
530 1636
530 1637
530 1638
530 1639
530 1640
530 1641
530 1642
530 1643
530 1644
530 1645
530 1646
530 1647
530 1648
530 1649
530 1650
530 1651
530 1652
530 1653
530 1654
530 1655
530 1656
530 1657
530 1658
530 1659
530 1660
530 1661
530 1662
530 1663
530 1664
530 1665
530 1666
530 1667
530 1668
530 1669
530 1670
530 1671
530 1672
530 1673
530 1674
530 1675
530 1676
530 1677
530 1678
530 1679
530 1680
530 1681
554 1682
554 1683
554 1684
554 1685
554 1686
554 1687
554 1688
554 1689
554 1690
554 1691
554 1692
554 1693
554 1694
554 1695
554 1696
554 1697
554 1698
554 1699
554 1700
554 1701
554 1702
554 1703
554 1704
554 1705
554 1706
554 1707
554 1708
554 1709
554 1710
554 1711
554 1712
554 1713
554 1714
554 1715
554 1716
554 1717
554 1718
554 1719
554 1720
554 1721
554 1722
554 1723
554 1724
554 1725
554 1726
554 1727
554 1728
554 1729
578 1730
578 1731
578 1732
578 1733
578 1734
578 1735
578 1736
578 1737
578 1738
578 1739
578 1740
578 1741
578 1742
578 1743
578 1744
578 1745
578 1746
578 1747
578 1748
578 1749
578 1750
578 1751
578 1752
578 1753
578 1754
578 1755
578 1756
578 1757
578 1758
578 1759
578 1760
578 1761
578 1762
578 1763
578 1764
578 1765
578 1766
578 1767
578 1768
578 1769
578 1770
578 1771
578 1772
578 1773
578 1774
578 1775
578 1776
578 1777
602 1778
602 1779
602 1780
602 1781
602 1782
602 1783
602 1784
602 1785
602 1786
602 1787
602 1788
602 1789
602 1790
602 1791
602 1792
602 1793
602 1794
602 1795
602 1796
602 1797
602 1798
602 1799
602 1800
602 1801
602 1802
602 1803
602 1804
602 1805
602 1806
602 1807
602 1808
602 1809
602 1810
602 1811
602 1812
602 1813
602 1814
602 1815
602 1816
602 1817
602 1818
602 1819
602 1820
602 1821
602 1822
602 1823
602 1824
602 1825
