2821 3720
1 2
1 3
1 4
1 5
1 6
1 7
1 8
1 9
1 10
1 11
1 12
1 13
1 14
1 15
1 16
1 17
1 18
1 19
1 20
1 21
1 22
1 23
1 24
1 25
1 26
1 27
1 28
1 29
1 30
1 31
2 1
2 3
2 4
2 5
2 6
2 7
2 8
2 9
2 10
2 11
2 12
2 13
2 14
2 15
2 16
2 17
2 18
2 19
2 20
2 21
2 22
2 23
2 24
2 25
2 26
2 27
2 28
2 29
2 30
2 31
3 1
3 2
3 4
3 5
3 6
3 7
3 8
3 9
3 10
3 11
3 12
3 13
3 14
3 15
3 16
3 17
3 18
3 19
3 20
3 21
3 22
3 23
3 24
3 25
3 26
3 27
3 28
3 29
3 30
3 31
4 1
4 2
4 3
4 5
4 6
4 7
4 8
4 9
4 10
4 11
4 12
4 13
4 14
4 15
4 16
4 17
4 18
4 19
4 20
4 21
4 22
4 23
4 24
4 25
4 26
4 27
4 28
4 29
4 30
4 31
5 1
5 2
5 3
5 4
5 6
5 7
5 8
5 9
5 10
5 11
5 12
5 13
5 14
5 15
5 16
5 17
5 18
5 19
5 20
5 21
5 22
5 23
5 24
5 25
5 26
5 27
5 28
5 29
5 30
5 31
6 1
6 2
6 3
6 4
6 5
6 7
6 8
6 9
6 10
6 11
6 12
6 13
6 14
6 15
6 16
6 17
6 18
6 19
6 20
6 21
6 22
6 23
6 24
6 25
6 26
6 27
6 28
6 29
6 30
6 31
7 1
7 2
7 3
7 4
7 5
7 6
7 8
7 9
7 10
7 11
7 12
7 13
7 14
7 15
7 16
7 17
7 18
7 19
7 20
7 21
7 22
7 23
7 24
7 25
7 26
7 27
7 28
7 29
7 30
7 31
8 1
8 2
8 3
8 4
8 5
8 6
8 7
8 9
8 10
8 11
8 12
8 13
8 14
8 15
8 16
8 17
8 18
8 19
8 20
8 21
8 22
8 23
8 24
8 25
8 26
8 27
8 28
8 29
8 30
8 31
9 1
9 2
9 3
9 4
9 5
9 6
9 7
9 8
9 10
9 11
9 12
9 13
9 14
9 15
9 16
9 17
9 18
9 19
9 20
9 21
9 22
9 23
9 24
9 25
9 26
9 27
9 28
9 29
9 30
9 31
10 1
10 2
10 3
10 4
10 5
10 6
10 7
10 8
10 9
10 11
10 12
10 13
10 14
10 15
10 16
10 17
10 18
10 19
10 20
10 21
10 22
10 23
10 24
10 25
10 26
10 27
10 28
10 29
10 30
10 31
11 1
11 2
11 3
11 4
11 5
11 6
11 7
11 8
11 9
11 10
11 12
11 13
11 14
11 15
11 16
11 17
11 18
11 19
11 20
11 21
11 22
11 23
11 24
11 25
11 26
11 27
11 28
11 29
11 30
11 31
12 1
12 2
12 3
12 4
12 5
12 6
12 7
12 8
12 9
12 10
12 11
12 13
12 14
12 15
12 16
12 17
12 18
12 19
12 20
12 21
12 22
12 23
12 24
12 25
12 26
12 27
12 28
12 29
12 30
12 31
13 1
13 2
13 3
13 4
13 5
13 6
13 7
13 8
13 9
13 10
13 11
13 12
13 14
13 15
13 16
13 17
13 18
13 19
13 20
13 21
13 22
13 23
13 24
13 25
13 26
13 27
13 28
13 29
13 30
13 31
14 1
14 2
14 3
14 4
14 5
14 6
14 7
14 8
14 9
14 10
14 11
14 12
14 13
14 15
14 16
14 17
14 18
14 19
14 20
14 21
14 22
14 23
14 24
14 25
14 26
14 27
14 28
14 29
14 30
14 31
15 1
15 2
15 3
15 4
15 5
15 6
15 7
15 8
15 9
15 10
15 11
15 12
15 13
15 14
15 16
15 17
15 18
15 19
15 20
15 21
15 22
15 23
15 24
15 25
15 26
15 27
15 28
15 29
15 30
15 31
16 1
16 2
16 3
16 4
16 5
16 6
16 7
16 8
16 9
16 10
16 11
16 12
16 13
16 14
16 15
16 17
16 18
16 19
16 20
16 21
16 22
16 23
16 24
16 25
16 26
16 27
16 28
16 29
16 30
16 31
17 1
17 2
17 3
17 4
17 5
17 6
17 7
17 8
17 9
17 10
17 11
17 12
17 13
17 14
17 15
17 16
17 18
17 19
17 20
17 21
17 22
17 23
17 24
17 25
17 26
17 27
17 28
17 29
17 30
17 31
18 1
18 2
18 3
18 4
18 5
18 6
18 7
18 8
18 9
18 10
18 11
18 12
18 13
18 14
18 15
18 16
18 17
18 19
18 20
18 21
18 22
18 23
18 24
18 25
18 26
18 27
18 28
18 29
18 30
18 31
19 1
19 2
19 3
19 4
19 5
19 6
19 7
19 8
19 9
19 10
19 11
19 12
19 13
19 14
19 15
19 16
19 17
19 18
19 20
19 21
19 22
19 23
19 24
19 25
19 26
19 27
19 28
19 29
19 30
19 31
20 1
20 2
20 3
20 4
20 5
20 6
20 7
20 8
20 9
20 10
20 11
20 12
20 13
20 14
20 15
20 16
20 17
20 18
20 19
20 21
20 22
20 23
20 24
20 25
20 26
20 27
20 28
20 29
20 30
20 31
21 1
21 2
21 3
21 4
21 5
21 6
21 7
21 8
21 9
21 10
21 11
21 12
21 13
21 14
21 15
21 16
21 17
21 18
21 19
21 20
21 22
21 23
21 24
21 25
21 26
21 27
21 28
21 29
21 30
21 31
22 1
22 2
22 3
22 4
22 5
22 6
22 7
22 8
22 9
22 10
22 11
22 12
22 13
22 14
22 15
22 16
22 17
22 18
22 19
22 20
22 21
22 23
22 24
22 25
22 26
22 27
22 28
22 29
22 30
22 31
23 1
23 2
23 3
23 4
23 5
23 6
23 7
23 8
23 9
23 10
23 11
23 12
23 13
23 14
23 15
23 16
23 17
23 18
23 19
23 20
23 21
23 22
23 24
23 25
23 26
23 27
23 28
23 29
23 30
23 31
24 1
24 2
24 3
24 4
24 5
24 6
24 7
24 8
24 9
24 10
24 11
24 12
24 13
24 14
24 15
24 16
24 17
24 18
24 19
24 20
24 21
24 22
24 23
24 25
24 26
24 27
24 28
24 29
24 30
24 31
25 1
25 2
25 3
25 4
25 5
25 6
25 7
25 8
25 9
25 10
25 11
25 12
25 13
25 14
25 15
25 16
25 17
25 18
25 19
25 20
25 21
25 22
25 23
25 24
25 26
25 27
25 28
25 29
25 30
25 31
26 1
26 2
26 3
26 4
26 5
26 6
26 7
26 8
26 9
26 10
26 11
26 12
26 13
26 14
26 15
26 16
26 17
26 18
26 19
26 20
26 21
26 22
26 23
26 24
26 25
26 27
26 28
26 29
26 30
26 31
27 1
27 2
27 3
27 4
27 5
27 6
27 7
27 8
27 9
27 10
27 11
27 12
27 13
27 14
27 15
27 16
27 17
27 18
27 19
27 20
27 21
27 22
27 23
27 24
27 25
27 26
27 28
27 29
27 30
27 31
28 1
28 2
28 3
28 4
28 5
28 6
28 7
28 8
28 9
28 10
28 11
28 12
28 13
28 14
28 15
28 16
28 17
28 18
28 19
28 20
28 21
28 22
28 23
28 24
28 25
28 26
28 27
28 29
28 30
28 31
29 1
29 2
29 3
29 4
29 5
29 6
29 7
29 8
29 9
29 10
29 11
29 12
29 13
29 14
29 15
29 16
29 17
29 18
29 19
29 20
29 21
29 22
29 23
29 24
29 25
29 26
29 27
29 28
29 30
29 31
30 1
30 2
30 3
30 4
30 5
30 6
30 7
30 8
30 9
30 10
30 11
30 12
30 13
30 14
30 15
30 16
30 17
30 18
30 19
30 20
30 21
30 22
30 23
30 24
30 25
30 26
30 27
30 28
30 29
30 31
31 1
31 2
31 3
31 4
31 5
31 6
31 7
31 8
31 9
31 10
31 11
31 12
31 13
31 14
31 15
31 16
31 17
31 18
31 19
31 20
31 21
31 22
31 23
31 24
31 25
31 26
31 27
31 28
31 29
31 30
1 32
1 33
1 34
1 35
1 36
1 37
1 38
1 39
1 40
1 41
1 42
1 43
1 44
1 45
1 46
1 47
1 48
1 49
1 50
1 51
1 52
1 53
1 54
1 55
1 56
1 57
1 58
1 59
1 60
1 61
2 62
2 63
2 64
2 65
2 66
2 67
2 68
2 69
2 70
2 71
2 72
2 73
2 74
2 75
2 76
2 77
2 78
2 79
2 80
2 81
2 82
2 83
2 84
2 85
2 86
2 87
2 88
2 89
2 90
2 91
3 92
3 93
3 94
3 95
3 96
3 97
3 98
3 99
3 100
3 101
3 102
3 103
3 104
3 105
3 106
3 107
3 108
3 109
3 110
3 111
3 112
3 113
3 114
3 115
3 116
3 117
3 118
3 119
3 120
3 121
4 122
4 123
4 124
4 125
4 126
4 127
4 128
4 129
4 130
4 131
4 132
4 133
4 134
4 135
4 136
4 137
4 138
4 139
4 140
4 141
4 142
4 143
4 144
4 145
4 146
4 147
4 148
4 149
4 150
4 151
5 152
5 153
5 154
5 155
5 156
5 157
5 158
5 159
5 160
5 161
5 162
5 163
5 164
5 165
5 166
5 167
5 168
5 169
5 170
5 171
5 172
5 173
5 174
5 175
5 176
5 177
5 178
5 179
5 180
5 181
6 182
6 183
6 184
6 185
6 186
6 187
6 188
6 189
6 190
6 191
6 192
6 193
6 194
6 195
6 196
6 197
6 198
6 199
6 200
6 201
6 202
6 203
6 204
6 205
6 206
6 207
6 208
6 209
6 210
6 211
7 212
7 213
7 214
7 215
7 216
7 217
7 218
7 219
7 220
7 221
7 222
7 223
7 224
7 225
7 226
7 227
7 228
7 229
7 230
7 231
7 232
7 233
7 234
7 235
7 236
7 237
7 238
7 239
7 240
7 241
8 242
8 243
8 244
8 245
8 246
8 247
8 248
8 249
8 250
8 251
8 252
8 253
8 254
8 255
8 256
8 257
8 258
8 259
8 260
8 261
8 262
8 263
8 264
8 265
8 266
8 267
8 268
8 269
8 270
8 271
9 272
9 273
9 274
9 275
9 276
9 277
9 278
9 279
9 280
9 281
9 282
9 283
9 284
9 285
9 286
9 287
9 288
9 289
9 290
9 291
9 292
9 293
9 294
9 295
9 296
9 297
9 298
9 299
9 300
9 301
10 302
10 303
10 304
10 305
10 306
10 307
10 308
10 309
10 310
10 311
10 312
10 313
10 314
10 315
10 316
10 317
10 318
10 319
10 320
10 321
10 322
10 323
10 324
10 325
10 326
10 327
10 328
10 329
10 330
10 331
11 332
11 333
11 334
11 335
11 336
11 337
11 338
11 339
11 340
11 341
11 342
11 343
11 344
11 345
11 346
11 347
11 348
11 349
11 350
11 351
11 352
11 353
11 354
11 355
11 356
11 357
11 358
11 359
11 360
11 361
12 362
12 363
12 364
12 365
12 366
12 367
12 368
12 369
12 370
12 371
12 372
12 373
12 374
12 375
12 376
12 377
12 378
12 379
12 380
12 381
12 382
12 383
12 384
12 385
12 386
12 387
12 388
12 389
12 390
12 391
13 392
13 393
13 394
13 395
13 396
13 397
13 398
13 399
13 400
13 401
13 402
13 403
13 404
13 405
13 406
13 407
13 408
13 409
13 410
13 411
13 412
13 413
13 414
13 415
13 416
13 417
13 418
13 419
13 420
13 421
14 422
14 423
14 424
14 425
14 426
14 427
14 428
14 429
14 430
14 431
14 432
14 433
14 434
14 435
14 436
14 437
14 438
14 439
14 440
14 441
14 442
14 443
14 444
14 445
14 446
14 447
14 448
14 449
14 450
14 451
15 452
15 453
15 454
15 455
15 456
15 457
15 458
15 459
15 460
15 461
15 462
15 463
15 464
15 465
15 466
15 467
15 468
15 469
15 470
15 471
15 472
15 473
15 474
15 475
15 476
15 477
15 478
15 479
15 480
15 481
16 482
16 483
16 484
16 485
16 486
16 487
16 488
16 489
16 490
16 491
16 492
16 493
16 494
16 495
16 496
16 497
16 498
16 499
16 500
16 501
16 502
16 503
16 504
16 505
16 506
16 507
16 508
16 509
16 510
16 511
17 512
17 513
17 514
17 515
17 516
17 517
17 518
17 519
17 520
17 521
17 522
17 523
17 524
17 525
17 526
17 527
17 528
17 529
17 530
17 531
17 532
17 533
17 534
17 535
17 536
17 537
17 538
17 539
17 540
17 541
18 542
18 543
18 544
18 545
18 546
18 547
18 548
18 549
18 550
18 551
18 552
18 553
18 554
18 555
18 556
18 557
18 558
18 559
18 560
18 561
18 562
18 563
18 564
18 565
18 566
18 567
18 568
18 569
18 570
18 571
19 572
19 573
19 574
19 575
19 576
19 577
19 578
19 579
19 580
19 581
19 582
19 583
19 584
19 585
19 586
19 587
19 588
19 589
19 590
19 591
19 592
19 593
19 594
19 595
19 596
19 597
19 598
19 599
19 600
19 601
20 602
20 603
20 604
20 605
20 606
20 607
20 608
20 609
20 610
20 611
20 612
20 613
20 614
20 615
20 616
20 617
20 618
20 619
20 620
20 621
20 622
20 623
20 624
20 625
20 626
20 627
20 628
20 629
20 630
20 631
21 632
21 633
21 634
21 635
21 636
21 637
21 638
21 639
21 640
21 641
21 642
21 643
21 644
21 645
21 646
21 647
21 648
21 649
21 650
21 651
21 652
21 653
21 654
21 655
21 656
21 657
21 658
21 659
21 660
21 661
22 662
22 663
22 664
22 665
22 666
22 667
22 668
22 669
22 670
22 671
22 672
22 673
22 674
22 675
22 676
22 677
22 678
22 679
22 680
22 681
22 682
22 683
22 684
22 685
22 686
22 687
22 688
22 689
22 690
22 691
23 692
23 693
23 694
23 695
23 696
23 697
23 698
23 699
23 700
23 701
23 702
23 703
23 704
23 705
23 706
23 707
23 708
23 709
23 710
23 711
23 712
23 713
23 714
23 715
23 716
23 717
23 718
23 719
23 720
23 721
24 722
24 723
24 724
24 725
24 726
24 727
24 728
24 729
24 730
24 731
24 732
24 733
24 734
24 735
24 736
24 737
24 738
24 739
24 740
24 741
24 742
24 743
24 744
24 745
24 746
24 747
24 748
24 749
24 750
24 751
25 752
25 753
25 754
25 755
25 756
25 757
25 758
25 759
25 760
25 761
25 762
25 763
25 764
25 765
25 766
25 767
25 768
25 769
25 770
25 771
25 772
25 773
25 774
25 775
25 776
25 777
25 778
25 779
25 780
25 781
26 782
26 783
26 784
26 785
26 786
26 787
26 788
26 789
26 790
26 791
26 792
26 793
26 794
26 795
26 796
26 797
26 798
26 799
26 800
26 801
26 802
26 803
26 804
26 805
26 806
26 807
26 808
26 809
26 810
26 811
27 812
27 813
27 814
27 815
27 816
27 817
27 818
27 819
27 820
27 821
27 822
27 823
27 824
27 825
27 826
27 827
27 828
27 829
27 830
27 831
27 832
27 833
27 834
27 835
27 836
27 837
27 838
27 839
27 840
27 841
28 842
28 843
28 844
28 845
28 846
28 847
28 848
28 849
28 850
28 851
28 852
28 853
28 854
28 855
28 856
28 857
28 858
28 859
28 860
28 861
28 862
28 863
28 864
28 865
28 866
28 867
28 868
28 869
28 870
28 871
29 872
29 873
29 874
29 875
29 876
29 877
29 878
29 879
29 880
29 881
29 882
29 883
29 884
29 885
29 886
29 887
29 888
29 889
29 890
29 891
29 892
29 893
29 894
29 895
29 896
29 897
29 898
29 899
29 900
29 901
30 902
30 903
30 904
30 905
30 906
30 907
30 908
30 909
30 910
30 911
30 912
30 913
30 914
30 915
30 916
30 917
30 918
30 919
30 920
30 921
30 922
30 923
30 924
30 925
30 926
30 927
30 928
30 929
30 930
30 931
31 932
31 933
31 934
31 935
31 936
31 937
31 938
31 939
31 940
31 941
31 942
31 943
31 944
31 945
31 946
31 947
31 948
31 949
31 950
31 951
31 952
31 953
31 954
31 955
31 956
31 957
31 958
31 959
31 960
31 961
32 962
32 963
32 964
32 965
32 966
32 967
32 968
32 969
32 970
32 971
32 972
32 973
32 974
32 975
32 976
32 977
32 978
32 979
32 980
32 981
32 982
32 983
32 984
32 985
32 986
32 987
32 988
32 989
32 990
32 991
32 992
32 993
32 994
32 995
32 996
32 997
32 998
32 999
32 1000
32 1001
32 1002
32 1003
32 1004
32 1005
32 1006
32 1007
32 1008
32 1009
32 1010
32 1011
32 1012
32 1013
32 1014
32 1015
32 1016
32 1017
32 1018
32 1019
32 1020
32 1021
62 1022
62 1023
62 1024
62 1025
62 1026
62 1027
62 1028
62 1029
62 1030
62 1031
62 1032
62 1033
62 1034
62 1035
62 1036
62 1037
62 1038
62 1039
62 1040
62 1041
62 1042
62 1043
62 1044
62 1045
62 1046
62 1047
62 1048
62 1049
62 1050
62 1051
62 1052
62 1053
62 1054
62 1055
62 1056
62 1057
62 1058
62 1059
62 1060
62 1061
62 1062
62 1063
62 1064
62 1065
62 1066
62 1067
62 1068
62 1069
62 1070
62 1071
62 1072
62 1073
62 1074
62 1075
62 1076
62 1077
62 1078
62 1079
62 1080
62 1081
92 1082
92 1083
92 1084
92 1085
92 1086
92 1087
92 1088
92 1089
92 1090
92 1091
92 1092
92 1093
92 1094
92 1095
92 1096
92 1097
92 1098
92 1099
92 1100
92 1101
92 1102
92 1103
92 1104
92 1105
92 1106
92 1107
92 1108
92 1109
92 1110
92 1111
92 1112
92 1113
92 1114
92 1115
92 1116
92 1117
92 1118
92 1119
92 1120
92 1121
92 1122
92 1123
92 1124
92 1125
92 1126
92 1127
92 1128
92 1129
92 1130
92 1131
92 1132
92 1133
92 1134
92 1135
92 1136
92 1137
92 1138
92 1139
92 1140
92 1141
122 1142
122 1143
122 1144
122 1145
122 1146
122 1147
122 1148
122 1149
122 1150
122 1151
122 1152
122 1153
122 1154
122 1155
122 1156
122 1157
122 1158
122 1159
122 1160
122 1161
122 1162
122 1163
122 1164
122 1165
122 1166
122 1167
122 1168
122 1169
122 1170
122 1171
122 1172
122 1173
122 1174
122 1175
122 1176
122 1177
122 1178
122 1179
122 1180
122 1181
122 1182
122 1183
122 1184
122 1185
122 1186
122 1187
122 1188
122 1189
122 1190
122 1191
122 1192
122 1193
122 1194
122 1195
122 1196
122 1197
122 1198
122 1199
122 1200
122 1201
152 1202
152 1203
152 1204
152 1205
152 1206
152 1207
152 1208
152 1209
152 1210
152 1211
152 1212
152 1213
152 1214
152 1215
152 1216
152 1217
152 1218
152 1219
152 1220
152 1221
152 1222
152 1223
152 1224
152 1225
152 1226
152 1227
152 1228
152 1229
152 1230
152 1231
152 1232
152 1233
152 1234
152 1235
152 1236
152 1237
152 1238
152 1239
152 1240
152 1241
152 1242
152 1243
152 1244
152 1245
152 1246
152 1247
152 1248
152 1249
152 1250
152 1251
152 1252
152 1253
152 1254
152 1255
152 1256
152 1257
152 1258
152 1259
152 1260
152 1261
182 1262
182 1263
182 1264
182 1265
182 1266
182 1267
182 1268
182 1269
182 1270
182 1271
182 1272
182 1273
182 1274
182 1275
182 1276
182 1277
182 1278
182 1279
182 1280
182 1281
182 1282
182 1283
182 1284
182 1285
182 1286
182 1287
182 1288
182 1289
182 1290
182 1291
182 1292
182 1293
182 1294
182 1295
182 1296
182 1297
182 1298
182 1299
182 1300
182 1301
182 1302
182 1303
182 1304
182 1305
182 1306
182 1307
182 1308
182 1309
182 1310
182 1311
182 1312
182 1313
182 1314
182 1315
182 1316
182 1317
182 1318
182 1319
182 1320
182 1321
212 1322
212 1323
212 1324
212 1325
212 1326
212 1327
212 1328
212 1329
212 1330
212 1331
212 1332
212 1333
212 1334
212 1335
212 1336
212 1337
212 1338
212 1339
212 1340
212 1341
212 1342
212 1343
212 1344
212 1345
212 1346
212 1347
212 1348
212 1349
212 1350
212 1351
212 1352
212 1353
212 1354
212 1355
212 1356
212 1357
212 1358
212 1359
212 1360
212 1361
212 1362
212 1363
212 1364
212 1365
212 1366
212 1367
212 1368
212 1369
212 1370
212 1371
212 1372
212 1373
212 1374
212 1375
212 1376
212 1377
212 1378
212 1379
212 1380
212 1381
242 1382
242 1383
242 1384
242 1385
242 1386
242 1387
242 1388
242 1389
242 1390
242 1391
242 1392
242 1393
242 1394
242 1395
242 1396
242 1397
242 1398
242 1399
242 1400
242 1401
242 1402
242 1403
242 1404
242 1405
242 1406
242 1407
242 1408
242 1409
242 1410
242 1411
242 1412
242 1413
242 1414
242 1415
242 1416
242 1417
242 1418
242 1419
242 1420
242 1421
242 1422
242 1423
242 1424
242 1425
242 1426
242 1427
242 1428
242 1429
242 1430
242 1431
242 1432
242 1433
242 1434
242 1435
242 1436
242 1437
242 1438
242 1439
242 1440
242 1441
272 1442
272 1443
272 1444
272 1445
272 1446
272 1447
272 1448
272 1449
272 1450
272 1451
272 1452
272 1453
272 1454
272 1455
272 1456
272 1457
272 1458
272 1459
272 1460
272 1461
272 1462
272 1463
272 1464
272 1465
272 1466
272 1467
272 1468
272 1469
272 1470
272 1471
272 1472
272 1473
272 1474
272 1475
272 1476
272 1477
272 1478
272 1479
272 1480
272 1481
272 1482
272 1483
272 1484
272 1485
272 1486
272 1487
272 1488
272 1489
272 1490
272 1491
272 1492
272 1493
272 1494
272 1495
272 1496
272 1497
272 1498
272 1499
272 1500
272 1501
302 1502
302 1503
302 1504
302 1505
302 1506
302 1507
302 1508
302 1509
302 1510
302 1511
302 1512
302 1513
302 1514
302 1515
302 1516
302 1517
302 1518
302 1519
302 1520
302 1521
302 1522
302 1523
302 1524
302 1525
302 1526
302 1527
302 1528
302 1529
302 1530
302 1531
302 1532
302 1533
302 1534
302 1535
302 1536
302 1537
302 1538
302 1539
302 1540
302 1541
302 1542
302 1543
302 1544
302 1545
302 1546
302 1547
302 1548
302 1549
302 1550
302 1551
302 1552
302 1553
302 1554
302 1555
302 1556
302 1557
302 1558
302 1559
302 1560
302 1561
332 1562
332 1563
332 1564
332 1565
332 1566
332 1567
332 1568
332 1569
332 1570
332 1571
332 1572
332 1573
332 1574
332 1575
332 1576
332 1577
332 1578
332 1579
332 1580
332 1581
332 1582
332 1583
332 1584
332 1585
332 1586
332 1587
332 1588
332 1589
332 1590
332 1591
332 1592
332 1593
332 1594
332 1595
332 1596
332 1597
332 1598
332 1599
332 1600
332 1601
332 1602
332 1603
332 1604
332 1605
332 1606
332 1607
332 1608
332 1609
332 1610
332 1611
332 1612
332 1613
332 1614
332 1615
332 1616
332 1617
332 1618
332 1619
332 1620
332 1621
362 1622
362 1623
362 1624
362 1625
362 1626
362 1627
362 1628
362 1629
362 1630
362 1631
362 1632
362 1633
362 1634
362 1635
362 1636
362 1637
362 1638
362 1639
362 1640
362 1641
362 1642
362 1643
362 1644
362 1645
362 1646
362 1647
362 1648
362 1649
362 1650
362 1651
362 1652
362 1653
362 1654
362 1655
362 1656
362 1657
362 1658
362 1659
362 1660
362 1661
362 1662
362 1663
362 1664
362 1665
362 1666
362 1667
362 1668
362 1669
362 1670
362 1671
362 1672
362 1673
362 1674
362 1675
362 1676
362 1677
362 1678
362 1679
362 1680
362 1681
392 1682
392 1683
392 1684
392 1685
392 1686
392 1687
392 1688
392 1689
392 1690
392 1691
392 1692
392 1693
392 1694
392 1695
392 1696
392 1697
392 1698
392 1699
392 1700
392 1701
392 1702
392 1703
392 1704
392 1705
392 1706
392 1707
392 1708
392 1709
392 1710
392 1711
392 1712
392 1713
392 1714
392 1715
392 1716
392 1717
392 1718
392 1719
392 1720
392 1721
392 1722
392 1723
392 1724
392 1725
392 1726
392 1727
392 1728
392 1729
392 1730
392 1731
392 1732
392 1733
392 1734
392 1735
392 1736
392 1737
392 1738
392 1739
392 1740
392 1741
422 1742
422 1743
422 1744
422 1745
422 1746
422 1747
422 1748
422 1749
422 1750
422 1751
422 1752
422 1753
422 1754
422 1755
422 1756
422 1757
422 1758
422 1759
422 1760
422 1761
422 1762
422 1763
422 1764
422 1765
422 1766
422 1767
422 1768
422 1769
422 1770
422 1771
422 1772
422 1773
422 1774
422 1775
422 1776
422 1777
422 1778
422 1779
422 1780
422 1781
422 1782
422 1783
422 1784
422 1785
422 1786
422 1787
422 1788
422 1789
422 1790
422 1791
422 1792
422 1793
422 1794
422 1795
422 1796
422 1797
422 1798
422 1799
422 1800
422 1801
452 1802
452 1803
452 1804
452 1805
452 1806
452 1807
452 1808
452 1809
452 1810
452 1811
452 1812
452 1813
452 1814
452 1815
452 1816
452 1817
452 1818
452 1819
452 1820
452 1821
452 1822
452 1823
452 1824
452 1825
452 1826
452 1827
452 1828
452 1829
452 1830
452 1831
452 1832
452 1833
452 1834
452 1835
452 1836
452 1837
452 1838
452 1839
452 1840
452 1841
452 1842
452 1843
452 1844
452 1845
452 1846
452 1847
452 1848
452 1849
452 1850
452 1851
452 1852
452 1853
452 1854
452 1855
452 1856
452 1857
452 1858
452 1859
452 1860
452 1861
482 1862
482 1863
482 1864
482 1865
482 1866
482 1867
482 1868
482 1869
482 1870
482 1871
482 1872
482 1873
482 1874
482 1875
482 1876
482 1877
482 1878
482 1879
482 1880
482 1881
482 1882
482 1883
482 1884
482 1885
482 1886
482 1887
482 1888
482 1889
482 1890
482 1891
482 1892
482 1893
482 1894
482 1895
482 1896
482 1897
482 1898
482 1899
482 1900
482 1901
482 1902
482 1903
482 1904
482 1905
482 1906
482 1907
482 1908
482 1909
482 1910
482 1911
482 1912
482 1913
482 1914
482 1915
482 1916
482 1917
482 1918
482 1919
482 1920
482 1921
512 1922
512 1923
512 1924
512 1925
512 1926
512 1927
512 1928
512 1929
512 1930
512 1931
512 1932
512 1933
512 1934
512 1935
512 1936
512 1937
512 1938
512 1939
512 1940
512 1941
512 1942
512 1943
512 1944
512 1945
512 1946
512 1947
512 1948
512 1949
512 1950
512 1951
512 1952
512 1953
512 1954
512 1955
512 1956
512 1957
512 1958
512 1959
512 1960
512 1961
512 1962
512 1963
512 1964
512 1965
512 1966
512 1967
512 1968
512 1969
512 1970
512 1971
512 1972
512 1973
512 1974
512 1975
512 1976
512 1977
512 1978
512 1979
512 1980
512 1981
542 1982
542 1983
542 1984
542 1985
542 1986
542 1987
542 1988
542 1989
542 1990
542 1991
542 1992
542 1993
542 1994
542 1995
542 1996
542 1997
542 1998
542 1999
542 2000
542 2001
542 2002
542 2003
542 2004
542 2005
542 2006
542 2007
542 2008
542 2009
542 2010
542 2011
542 2012
542 2013
542 2014
542 2015
542 2016
542 2017
542 2018
542 2019
542 2020
542 2021
542 2022
542 2023
542 2024
542 2025
542 2026
542 2027
542 2028
542 2029
542 2030
542 2031
542 2032
542 2033
542 2034
542 2035
542 2036
542 2037
542 2038
542 2039
542 2040
542 2041
572 2042
572 2043
572 2044
572 2045
572 2046
572 2047
572 2048
572 2049
572 2050
572 2051
572 2052
572 2053
572 2054
572 2055
572 2056
572 2057
572 2058
572 2059
572 2060
572 2061
572 2062
572 2063
572 2064
572 2065
572 2066
572 2067
572 2068
572 2069
572 2070
572 2071
572 2072
572 2073
572 2074
572 2075
572 2076
572 2077
572 2078
572 2079
572 2080
572 2081
572 2082
572 2083
572 2084
572 2085
572 2086
572 2087
572 2088
572 2089
572 2090
572 2091
572 2092
572 2093
572 2094
572 2095
572 2096
572 2097
572 2098
572 2099
572 2100
572 2101
602 2102
602 2103
602 2104
602 2105
602 2106
602 2107
602 2108
602 2109
602 2110
602 2111
602 2112
602 2113
602 2114
602 2115
602 2116
602 2117
602 2118
602 2119
602 2120
602 2121
602 2122
602 2123
602 2124
602 2125
602 2126
602 2127
602 2128
602 2129
602 2130
602 2131
602 2132
602 2133
602 2134
602 2135
602 2136
602 2137
602 2138
602 2139
602 2140
602 2141
602 2142
602 2143
602 2144
602 2145
602 2146
602 2147
602 2148
602 2149
602 2150
602 2151
602 2152
602 2153
602 2154
602 2155
602 2156
602 2157
602 2158
602 2159
602 2160
602 2161
632 2162
632 2163
632 2164
632 2165
632 2166
632 2167
632 2168
632 2169
632 2170
632 2171
632 2172
632 2173
632 2174
632 2175
632 2176
632 2177
632 2178
632 2179
632 2180
632 2181
632 2182
632 2183
632 2184
632 2185
632 2186
632 2187
632 2188
632 2189
632 2190
632 2191
632 2192
632 2193
632 2194
632 2195
632 2196
632 2197
632 2198
632 2199
632 2200
632 2201
632 2202
632 2203
632 2204
632 2205
632 2206
632 2207
632 2208
632 2209
632 2210
632 2211
632 2212
632 2213
632 2214
632 2215
632 2216
632 2217
632 2218
632 2219
632 2220
632 2221
662 2222
662 2223
662 2224
662 2225
662 2226
662 2227
662 2228
662 2229
662 2230
662 2231
662 2232
662 2233
662 2234
662 2235
662 2236
662 2237
662 2238
662 2239
662 2240
662 2241
662 2242
662 2243
662 2244
662 2245
662 2246
662 2247
662 2248
662 2249
662 2250
662 2251
662 2252
662 2253
662 2254
662 2255
662 2256
662 2257
662 2258
662 2259
662 2260
662 2261
662 2262
662 2263
662 2264
662 2265
662 2266
662 2267
662 2268
662 2269
662 2270
662 2271
662 2272
662 2273
662 2274
662 2275
662 2276
662 2277
662 2278
662 2279
662 2280
662 2281
692 2282
692 2283
692 2284
692 2285
692 2286
692 2287
692 2288
692 2289
692 2290
692 2291
692 2292
692 2293
692 2294
692 2295
692 2296
692 2297
692 2298
692 2299
692 2300
692 2301
692 2302
692 2303
692 2304
692 2305
692 2306
692 2307
692 2308
692 2309
692 2310
692 2311
692 2312
692 2313
692 2314
692 2315
692 2316
692 2317
692 2318
692 2319
692 2320
692 2321
692 2322
692 2323
692 2324
692 2325
692 2326
692 2327
692 2328
692 2329
692 2330
692 2331
692 2332
692 2333
692 2334
692 2335
692 2336
692 2337
692 2338
692 2339
692 2340
692 2341
722 2342
722 2343
722 2344
722 2345
722 2346
722 2347
722 2348
722 2349
722 2350
722 2351
722 2352
722 2353
722 2354
722 2355
722 2356
722 2357
722 2358
722 2359
722 2360
722 2361
722 2362
722 2363
722 2364
722 2365
722 2366
722 2367
722 2368
722 2369
722 2370
722 2371
722 2372
722 2373
722 2374
722 2375
722 2376
722 2377
722 2378
722 2379
722 2380
722 2381
722 2382
722 2383
722 2384
722 2385
722 2386
722 2387
722 2388
722 2389
722 2390
722 2391
722 2392
722 2393
722 2394
722 2395
722 2396
722 2397
722 2398
722 2399
722 2400
722 2401
752 2402
752 2403
752 2404
752 2405
752 2406
752 2407
752 2408
752 2409
752 2410
752 2411
752 2412
752 2413
752 2414
752 2415
752 2416
752 2417
752 2418
752 2419
752 2420
752 2421
752 2422
752 2423
752 2424
752 2425
752 2426
752 2427
752 2428
752 2429
752 2430
752 2431
752 2432
752 2433
752 2434
752 2435
752 2436
752 2437
752 2438
752 2439
752 2440
752 2441
752 2442
752 2443
752 2444
752 2445
752 2446
752 2447
752 2448
752 2449
752 2450
752 2451
752 2452
752 2453
752 2454
752 2455
752 2456
752 2457
752 2458
752 2459
752 2460
752 2461
782 2462
782 2463
782 2464
782 2465
782 2466
782 2467
782 2468
782 2469
782 2470
782 2471
782 2472
782 2473
782 2474
782 2475
782 2476
782 2477
782 2478
782 2479
782 2480
782 2481
782 2482
782 2483
782 2484
782 2485
782 2486
782 2487
782 2488
782 2489
782 2490
782 2491
782 2492
782 2493
782 2494
782 2495
782 2496
782 2497
782 2498
782 2499
782 2500
782 2501
782 2502
782 2503
782 2504
782 2505
782 2506
782 2507
782 2508
782 2509
782 2510
782 2511
782 2512
782 2513
782 2514
782 2515
782 2516
782 2517
782 2518
782 2519
782 2520
782 2521
812 2522
812 2523
812 2524
812 2525
812 2526
812 2527
812 2528
812 2529
812 2530
812 2531
812 2532
812 2533
812 2534
812 2535
812 2536
812 2537
812 2538
812 2539
812 2540
812 2541
812 2542
812 2543
812 2544
812 2545
812 2546
812 2547
812 2548
812 2549
812 2550
812 2551
812 2552
812 2553
812 2554
812 2555
812 2556
812 2557
812 2558
812 2559
812 2560
812 2561
812 2562
812 2563
812 2564
812 2565
812 2566
812 2567
812 2568
812 2569
812 2570
812 2571
812 2572
812 2573
812 2574
812 2575
812 2576
812 2577
812 2578
812 2579
812 2580
812 2581
842 2582
842 2583
842 2584
842 2585
842 2586
842 2587
842 2588
842 2589
842 2590
842 2591
842 2592
842 2593
842 2594
842 2595
842 2596
842 2597
842 2598
842 2599
842 2600
842 2601
842 2602
842 2603
842 2604
842 2605
842 2606
842 2607
842 2608
842 2609
842 2610
842 2611
842 2612
842 2613
842 2614
842 2615
842 2616
842 2617
842 2618
842 2619
842 2620
842 2621
842 2622
842 2623
842 2624
842 2625
842 2626
842 2627
842 2628
842 2629
842 2630
842 2631
842 2632
842 2633
842 2634
842 2635
842 2636
842 2637
842 2638
842 2639
842 2640
842 2641
872 2642
872 2643
872 2644
872 2645
872 2646
872 2647
872 2648
872 2649
872 2650
872 2651
872 2652
872 2653
872 2654
872 2655
872 2656
872 2657
872 2658
872 2659
872 2660
872 2661
872 2662
872 2663
872 2664
872 2665
872 2666
872 2667
872 2668
872 2669
872 2670
872 2671
872 2672
872 2673
872 2674
872 2675
872 2676
872 2677
872 2678
872 2679
872 2680
872 2681
872 2682
872 2683
872 2684
872 2685
872 2686
872 2687
872 2688
872 2689
872 2690
872 2691
872 2692
872 2693
872 2694
872 2695
872 2696
872 2697
872 2698
872 2699
872 2700
872 2701
902 2702
902 2703
902 2704
902 2705
902 2706
902 2707
902 2708
902 2709
902 2710
902 2711
902 2712
902 2713
902 2714
902 2715
902 2716
902 2717
902 2718
902 2719
902 2720
902 2721
902 2722
902 2723
902 2724
902 2725
902 2726
902 2727
902 2728
902 2729
902 2730
902 2731
902 2732
902 2733
902 2734
902 2735
902 2736
902 2737
902 2738
902 2739
902 2740
902 2741
902 2742
902 2743
902 2744
902 2745
902 2746
902 2747
902 2748
902 2749
902 2750
902 2751
902 2752
902 2753
902 2754
902 2755
902 2756
902 2757
902 2758
902 2759
902 2760
902 2761
932 2762
932 2763
932 2764
932 2765
932 2766
932 2767
932 2768
932 2769
932 2770
932 2771
932 2772
932 2773
932 2774
932 2775
932 2776
932 2777
932 2778
932 2779
932 2780
932 2781
932 2782
932 2783
932 2784
932 2785
932 2786
932 2787
932 2788
932 2789
932 2790
932 2791
932 2792
932 2793
932 2794
932 2795
932 2796
932 2797
932 2798
932 2799
932 2800
932 2801
932 2802
932 2803
932 2804
932 2805
932 2806
932 2807
932 2808
932 2809
932 2810
932 2811
932 2812
932 2813
932 2814
932 2815
932 2816
932 2817
932 2818
932 2819
932 2820
932 2821
