7105 9408
1 2
1 3
1 4
1 5
1 6
1 7
1 8
1 9
1 10
1 11
1 12
1 13
1 14
1 15
1 16
1 17
1 18
1 19
1 20
1 21
1 22
1 23
1 24
1 25
1 26
1 27
1 28
1 29
1 30
1 31
1 32
1 33
1 34
1 35
1 36
1 37
1 38
1 39
1 40
1 41
1 42
1 43
1 44
1 45
1 46
1 47
1 48
1 49
2 1
2 3
2 4
2 5
2 6
2 7
2 8
2 9
2 10
2 11
2 12
2 13
2 14
2 15
2 16
2 17
2 18
2 19
2 20
2 21
2 22
2 23
2 24
2 25
2 26
2 27
2 28
2 29
2 30
2 31
2 32
2 33
2 34
2 35
2 36
2 37
2 38
2 39
2 40
2 41
2 42
2 43
2 44
2 45
2 46
2 47
2 48
2 49
3 1
3 2
3 4
3 5
3 6
3 7
3 8
3 9
3 10
3 11
3 12
3 13
3 14
3 15
3 16
3 17
3 18
3 19
3 20
3 21
3 22
3 23
3 24
3 25
3 26
3 27
3 28
3 29
3 30
3 31
3 32
3 33
3 34
3 35
3 36
3 37
3 38
3 39
3 40
3 41
3 42
3 43
3 44
3 45
3 46
3 47
3 48
3 49
4 1
4 2
4 3
4 5
4 6
4 7
4 8
4 9
4 10
4 11
4 12
4 13
4 14
4 15
4 16
4 17
4 18
4 19
4 20
4 21
4 22
4 23
4 24
4 25
4 26
4 27
4 28
4 29
4 30
4 31
4 32
4 33
4 34
4 35
4 36
4 37
4 38
4 39
4 40
4 41
4 42
4 43
4 44
4 45
4 46
4 47
4 48
4 49
5 1
5 2
5 3
5 4
5 6
5 7
5 8
5 9
5 10
5 11
5 12
5 13
5 14
5 15
5 16
5 17
5 18
5 19
5 20
5 21
5 22
5 23
5 24
5 25
5 26
5 27
5 28
5 29
5 30
5 31
5 32
5 33
5 34
5 35
5 36
5 37
5 38
5 39
5 40
5 41
5 42
5 43
5 44
5 45
5 46
5 47
5 48
5 49
6 1
6 2
6 3
6 4
6 5
6 7
6 8
6 9
6 10
6 11
6 12
6 13
6 14
6 15
6 16
6 17
6 18
6 19
6 20
6 21
6 22
6 23
6 24
6 25
6 26
6 27
6 28
6 29
6 30
6 31
6 32
6 33
6 34
6 35
6 36
6 37
6 38
6 39
6 40
6 41
6 42
6 43
6 44
6 45
6 46
6 47
6 48
6 49
7 1
7 2
7 3
7 4
7 5
7 6
7 8
7 9
7 10
7 11
7 12
7 13
7 14
7 15
7 16
7 17
7 18
7 19
7 20
7 21
7 22
7 23
7 24
7 25
7 26
7 27
7 28
7 29
7 30
7 31
7 32
7 33
7 34
7 35
7 36
7 37
7 38
7 39
7 40
7 41
7 42
7 43
7 44
7 45
7 46
7 47
7 48
7 49
8 1
8 2
8 3
8 4
8 5
8 6
8 7
8 9
8 10
8 11
8 12
8 13
8 14
8 15
8 16
8 17
8 18
8 19
8 20
8 21
8 22
8 23
8 24
8 25
8 26
8 27
8 28
8 29
8 30
8 31
8 32
8 33
8 34
8 35
8 36
8 37
8 38
8 39
8 40
8 41
8 42
8 43
8 44
8 45
8 46
8 47
8 48
8 49
9 1
9 2
9 3
9 4
9 5
9 6
9 7
9 8
9 10
9 11
9 12
9 13
9 14
9 15
9 16
9 17
9 18
9 19
9 20
9 21
9 22
9 23
9 24
9 25
9 26
9 27
9 28
9 29
9 30
9 31
9 32
9 33
9 34
9 35
9 36
9 37
9 38
9 39
9 40
9 41
9 42
9 43
9 44
9 45
9 46
9 47
9 48
9 49
10 1
10 2
10 3
10 4
10 5
10 6
10 7
10 8
10 9
10 11
10 12
10 13
10 14
10 15
10 16
10 17
10 18
10 19
10 20
10 21
10 22
10 23
10 24
10 25
10 26
10 27
10 28
10 29
10 30
10 31
10 32
10 33
10 34
10 35
10 36
10 37
10 38
10 39
10 40
10 41
10 42
10 43
10 44
10 45
10 46
10 47
10 48
10 49
11 1
11 2
11 3
11 4
11 5
11 6
11 7
11 8
11 9
11 10
11 12
11 13
11 14
11 15
11 16
11 17
11 18
11 19
11 20
11 21
11 22
11 23
11 24
11 25
11 26
11 27
11 28
11 29
11 30
11 31
11 32
11 33
11 34
11 35
11 36
11 37
11 38
11 39
11 40
11 41
11 42
11 43
11 44
11 45
11 46
11 47
11 48
11 49
12 1
12 2
12 3
12 4
12 5
12 6
12 7
12 8
12 9
12 10
12 11
12 13
12 14
12 15
12 16
12 17
12 18
12 19
12 20
12 21
12 22
12 23
12 24
12 25
12 26
12 27
12 28
12 29
12 30
12 31
12 32
12 33
12 34
12 35
12 36
12 37
12 38
12 39
12 40
12 41
12 42
12 43
12 44
12 45
12 46
12 47
12 48
12 49
13 1
13 2
13 3
13 4
13 5
13 6
13 7
13 8
13 9
13 10
13 11
13 12
13 14
13 15
13 16
13 17
13 18
13 19
13 20
13 21
13 22
13 23
13 24
13 25
13 26
13 27
13 28
13 29
13 30
13 31
13 32
13 33
13 34
13 35
13 36
13 37
13 38
13 39
13 40
13 41
13 42
13 43
13 44
13 45
13 46
13 47
13 48
13 49
14 1
14 2
14 3
14 4
14 5
14 6
14 7
14 8
14 9
14 10
14 11
14 12
14 13
14 15
14 16
14 17
14 18
14 19
14 20
14 21
14 22
14 23
14 24
14 25
14 26
14 27
14 28
14 29
14 30
14 31
14 32
14 33
14 34
14 35
14 36
14 37
14 38
14 39
14 40
14 41
14 42
14 43
14 44
14 45
14 46
14 47
14 48
14 49
15 1
15 2
15 3
15 4
15 5
15 6
15 7
15 8
15 9
15 10
15 11
15 12
15 13
15 14
15 16
15 17
15 18
15 19
15 20
15 21
15 22
15 23
15 24
15 25
15 26
15 27
15 28
15 29
15 30
15 31
15 32
15 33
15 34
15 35
15 36
15 37
15 38
15 39
15 40
15 41
15 42
15 43
15 44
15 45
15 46
15 47
15 48
15 49
16 1
16 2
16 3
16 4
16 5
16 6
16 7
16 8
16 9
16 10
16 11
16 12
16 13
16 14
16 15
16 17
16 18
16 19
16 20
16 21
16 22
16 23
16 24
16 25
16 26
16 27
16 28
16 29
16 30
16 31
16 32
16 33
16 34
16 35
16 36
16 37
16 38
16 39
16 40
16 41
16 42
16 43
16 44
16 45
16 46
16 47
16 48
16 49
17 1
17 2
17 3
17 4
17 5
17 6
17 7
17 8
17 9
17 10
17 11
17 12
17 13
17 14
17 15
17 16
17 18
17 19
17 20
17 21
17 22
17 23
17 24
17 25
17 26
17 27
17 28
17 29
17 30
17 31
17 32
17 33
17 34
17 35
17 36
17 37
17 38
17 39
17 40
17 41
17 42
17 43
17 44
17 45
17 46
17 47
17 48
17 49
18 1
18 2
18 3
18 4
18 5
18 6
18 7
18 8
18 9
18 10
18 11
18 12
18 13
18 14
18 15
18 16
18 17
18 19
18 20
18 21
18 22
18 23
18 24
18 25
18 26
18 27
18 28
18 29
18 30
18 31
18 32
18 33
18 34
18 35
18 36
18 37
18 38
18 39
18 40
18 41
18 42
18 43
18 44
18 45
18 46
18 47
18 48
18 49
19 1
19 2
19 3
19 4
19 5
19 6
19 7
19 8
19 9
19 10
19 11
19 12
19 13
19 14
19 15
19 16
19 17
19 18
19 20
19 21
19 22
19 23
19 24
19 25
19 26
19 27
19 28
19 29
19 30
19 31
19 32
19 33
19 34
19 35
19 36
19 37
19 38
19 39
19 40
19 41
19 42
19 43
19 44
19 45
19 46
19 47
19 48
19 49
20 1
20 2
20 3
20 4
20 5
20 6
20 7
20 8
20 9
20 10
20 11
20 12
20 13
20 14
20 15
20 16
20 17
20 18
20 19
20 21
20 22
20 23
20 24
20 25
20 26
20 27
20 28
20 29
20 30
20 31
20 32
20 33
20 34
20 35
20 36
20 37
20 38
20 39
20 40
20 41
20 42
20 43
20 44
20 45
20 46
20 47
20 48
20 49
21 1
21 2
21 3
21 4
21 5
21 6
21 7
21 8
21 9
21 10
21 11
21 12
21 13
21 14
21 15
21 16
21 17
21 18
21 19
21 20
21 22
21 23
21 24
21 25
21 26
21 27
21 28
21 29
21 30
21 31
21 32
21 33
21 34
21 35
21 36
21 37
21 38
21 39
21 40
21 41
21 42
21 43
21 44
21 45
21 46
21 47
21 48
21 49
22 1
22 2
22 3
22 4
22 5
22 6
22 7
22 8
22 9
22 10
22 11
22 12
22 13
22 14
22 15
22 16
22 17
22 18
22 19
22 20
22 21
22 23
22 24
22 25
22 26
22 27
22 28
22 29
22 30
22 31
22 32
22 33
22 34
22 35
22 36
22 37
22 38
22 39
22 40
22 41
22 42
22 43
22 44
22 45
22 46
22 47
22 48
22 49
23 1
23 2
23 3
23 4
23 5
23 6
23 7
23 8
23 9
23 10
23 11
23 12
23 13
23 14
23 15
23 16
23 17
23 18
23 19
23 20
23 21
23 22
23 24
23 25
23 26
23 27
23 28
23 29
23 30
23 31
23 32
23 33
23 34
23 35
23 36
23 37
23 38
23 39
23 40
23 41
23 42
23 43
23 44
23 45
23 46
23 47
23 48
23 49
24 1
24 2
24 3
24 4
24 5
24 6
24 7
24 8
24 9
24 10
24 11
24 12
24 13
24 14
24 15
24 16
24 17
24 18
24 19
24 20
24 21
24 22
24 23
24 25
24 26
24 27
24 28
24 29
24 30
24 31
24 32
24 33
24 34
24 35
24 36
24 37
24 38
24 39
24 40
24 41
24 42
24 43
24 44
24 45
24 46
24 47
24 48
24 49
25 1
25 2
25 3
25 4
25 5
25 6
25 7
25 8
25 9
25 10
25 11
25 12
25 13
25 14
25 15
25 16
25 17
25 18
25 19
25 20
25 21
25 22
25 23
25 24
25 26
25 27
25 28
25 29
25 30
25 31
25 32
25 33
25 34
25 35
25 36
25 37
25 38
25 39
25 40
25 41
25 42
25 43
25 44
25 45
25 46
25 47
25 48
25 49
26 1
26 2
26 3
26 4
26 5
26 6
26 7
26 8
26 9
26 10
26 11
26 12
26 13
26 14
26 15
26 16
26 17
26 18
26 19
26 20
26 21
26 22
26 23
26 24
26 25
26 27
26 28
26 29
26 30
26 31
26 32
26 33
26 34
26 35
26 36
26 37
26 38
26 39
26 40
26 41
26 42
26 43
26 44
26 45
26 46
26 47
26 48
26 49
27 1
27 2
27 3
27 4
27 5
27 6
27 7
27 8
27 9
27 10
27 11
27 12
27 13
27 14
27 15
27 16
27 17
27 18
27 19
27 20
27 21
27 22
27 23
27 24
27 25
27 26
27 28
27 29
27 30
27 31
27 32
27 33
27 34
27 35
27 36
27 37
27 38
27 39
27 40
27 41
27 42
27 43
27 44
27 45
27 46
27 47
27 48
27 49
28 1
28 2
28 3
28 4
28 5
28 6
28 7
28 8
28 9
28 10
28 11
28 12
28 13
28 14
28 15
28 16
28 17
28 18
28 19
28 20
28 21
28 22
28 23
28 24
28 25
28 26
28 27
28 29
28 30
28 31
28 32
28 33
28 34
28 35
28 36
28 37
28 38
28 39
28 40
28 41
28 42
28 43
28 44
28 45
28 46
28 47
28 48
28 49
29 1
29 2
29 3
29 4
29 5
29 6
29 7
29 8
29 9
29 10
29 11
29 12
29 13
29 14
29 15
29 16
29 17
29 18
29 19
29 20
29 21
29 22
29 23
29 24
29 25
29 26
29 27
29 28
29 30
29 31
29 32
29 33
29 34
29 35
29 36
29 37
29 38
29 39
29 40
29 41
29 42
29 43
29 44
29 45
29 46
29 47
29 48
29 49
30 1
30 2
30 3
30 4
30 5
30 6
30 7
30 8
30 9
30 10
30 11
30 12
30 13
30 14
30 15
30 16
30 17
30 18
30 19
30 20
30 21
30 22
30 23
30 24
30 25
30 26
30 27
30 28
30 29
30 31
30 32
30 33
30 34
30 35
30 36
30 37
30 38
30 39
30 40
30 41
30 42
30 43
30 44
30 45
30 46
30 47
30 48
30 49
31 1
31 2
31 3
31 4
31 5
31 6
31 7
31 8
31 9
31 10
31 11
31 12
31 13
31 14
31 15
31 16
31 17
31 18
31 19
31 20
31 21
31 22
31 23
31 24
31 25
31 26
31 27
31 28
31 29
31 30
31 32
31 33
31 34
31 35
31 36
31 37
31 38
31 39
31 40
31 41
31 42
31 43
31 44
31 45
31 46
31 47
31 48
31 49
32 1
32 2
32 3
32 4
32 5
32 6
32 7
32 8
32 9
32 10
32 11
32 12
32 13
32 14
32 15
32 16
32 17
32 18
32 19
32 20
32 21
32 22
32 23
32 24
32 25
32 26
32 27
32 28
32 29
32 30
32 31
32 33
32 34
32 35
32 36
32 37
32 38
32 39
32 40
32 41
32 42
32 43
32 44
32 45
32 46
32 47
32 48
32 49
33 1
33 2
33 3
33 4
33 5
33 6
33 7
33 8
33 9
33 10
33 11
33 12
33 13
33 14
33 15
33 16
33 17
33 18
33 19
33 20
33 21
33 22
33 23
33 24
33 25
33 26
33 27
33 28
33 29
33 30
33 31
33 32
33 34
33 35
33 36
33 37
33 38
33 39
33 40
33 41
33 42
33 43
33 44
33 45
33 46
33 47
33 48
33 49
34 1
34 2
34 3
34 4
34 5
34 6
34 7
34 8
34 9
34 10
34 11
34 12
34 13
34 14
34 15
34 16
34 17
34 18
34 19
34 20
34 21
34 22
34 23
34 24
34 25
34 26
34 27
34 28
34 29
34 30
34 31
34 32
34 33
34 35
34 36
34 37
34 38
34 39
34 40
34 41
34 42
34 43
34 44
34 45
34 46
34 47
34 48
34 49
35 1
35 2
35 3
35 4
35 5
35 6
35 7
35 8
35 9
35 10
35 11
35 12
35 13
35 14
35 15
35 16
35 17
35 18
35 19
35 20
35 21
35 22
35 23
35 24
35 25
35 26
35 27
35 28
35 29
35 30
35 31
35 32
35 33
35 34
35 36
35 37
35 38
35 39
35 40
35 41
35 42
35 43
35 44
35 45
35 46
35 47
35 48
35 49
36 1
36 2
36 3
36 4
36 5
36 6
36 7
36 8
36 9
36 10
36 11
36 12
36 13
36 14
36 15
36 16
36 17
36 18
36 19
36 20
36 21
36 22
36 23
36 24
36 25
36 26
36 27
36 28
36 29
36 30
36 31
36 32
36 33
36 34
36 35
36 37
36 38
36 39
36 40
36 41
36 42
36 43
36 44
36 45
36 46
36 47
36 48
36 49
37 1
37 2
37 3
37 4
37 5
37 6
37 7
37 8
37 9
37 10
37 11
37 12
37 13
37 14
37 15
37 16
37 17
37 18
37 19
37 20
37 21
37 22
37 23
37 24
37 25
37 26
37 27
37 28
37 29
37 30
37 31
37 32
37 33
37 34
37 35
37 36
37 38
37 39
37 40
37 41
37 42
37 43
37 44
37 45
37 46
37 47
37 48
37 49
38 1
38 2
38 3
38 4
38 5
38 6
38 7
38 8
38 9
38 10
38 11
38 12
38 13
38 14
38 15
38 16
38 17
38 18
38 19
38 20
38 21
38 22
38 23
38 24
38 25
38 26
38 27
38 28
38 29
38 30
38 31
38 32
38 33
38 34
38 35
38 36
38 37
38 39
38 40
38 41
38 42
38 43
38 44
38 45
38 46
38 47
38 48
38 49
39 1
39 2
39 3
39 4
39 5
39 6
39 7
39 8
39 9
39 10
39 11
39 12
39 13
39 14
39 15
39 16
39 17
39 18
39 19
39 20
39 21
39 22
39 23
39 24
39 25
39 26
39 27
39 28
39 29
39 30
39 31
39 32
39 33
39 34
39 35
39 36
39 37
39 38
39 40
39 41
39 42
39 43
39 44
39 45
39 46
39 47
39 48
39 49
40 1
40 2
40 3
40 4
40 5
40 6
40 7
40 8
40 9
40 10
40 11
40 12
40 13
40 14
40 15
40 16
40 17
40 18
40 19
40 20
40 21
40 22
40 23
40 24
40 25
40 26
40 27
40 28
40 29
40 30
40 31
40 32
40 33
40 34
40 35
40 36
40 37
40 38
40 39
40 41
40 42
40 43
40 44
40 45
40 46
40 47
40 48
40 49
41 1
41 2
41 3
41 4
41 5
41 6
41 7
41 8
41 9
41 10
41 11
41 12
41 13
41 14
41 15
41 16
41 17
41 18
41 19
41 20
41 21
41 22
41 23
41 24
41 25
41 26
41 27
41 28
41 29
41 30
41 31
41 32
41 33
41 34
41 35
41 36
41 37
41 38
41 39
41 40
41 42
41 43
41 44
41 45
41 46
41 47
41 48
41 49
42 1
42 2
42 3
42 4
42 5
42 6
42 7
42 8
42 9
42 10
42 11
42 12
42 13
42 14
42 15
42 16
42 17
42 18
42 19
42 20
42 21
42 22
42 23
42 24
42 25
42 26
42 27
42 28
42 29
42 30
42 31
42 32
42 33
42 34
42 35
42 36
42 37
42 38
42 39
42 40
42 41
42 43
42 44
42 45
42 46
42 47
42 48
42 49
43 1
43 2
43 3
43 4
43 5
43 6
43 7
43 8
43 9
43 10
43 11
43 12
43 13
43 14
43 15
43 16
43 17
43 18
43 19
43 20
43 21
43 22
43 23
43 24
43 25
43 26
43 27
43 28
43 29
43 30
43 31
43 32
43 33
43 34
43 35
43 36
43 37
43 38
43 39
43 40
43 41
43 42
43 44
43 45
43 46
43 47
43 48
43 49
44 1
44 2
44 3
44 4
44 5
44 6
44 7
44 8
44 9
44 10
44 11
44 12
44 13
44 14
44 15
44 16
44 17
44 18
44 19
44 20
44 21
44 22
44 23
44 24
44 25
44 26
44 27
44 28
44 29
44 30
44 31
44 32
44 33
44 34
44 35
44 36
44 37
44 38
44 39
44 40
44 41
44 42
44 43
44 45
44 46
44 47
44 48
44 49
45 1
45 2
45 3
45 4
45 5
45 6
45 7
45 8
45 9
45 10
45 11
45 12
45 13
45 14
45 15
45 16
45 17
45 18
45 19
45 20
45 21
45 22
45 23
45 24
45 25
45 26
45 27
45 28
45 29
45 30
45 31
45 32
45 33
45 34
45 35
45 36
45 37
45 38
45 39
45 40
45 41
45 42
45 43
45 44
45 46
45 47
45 48
45 49
46 1
46 2
46 3
46 4
46 5
46 6
46 7
46 8
46 9
46 10
46 11
46 12
46 13
46 14
46 15
46 16
46 17
46 18
46 19
46 20
46 21
46 22
46 23
46 24
46 25
46 26
46 27
46 28
46 29
46 30
46 31
46 32
46 33
46 34
46 35
46 36
46 37
46 38
46 39
46 40
46 41
46 42
46 43
46 44
46 45
46 47
46 48
46 49
47 1
47 2
47 3
47 4
47 5
47 6
47 7
47 8
47 9
47 10
47 11
47 12
47 13
47 14
47 15
47 16
47 17
47 18
47 19
47 20
47 21
47 22
47 23
47 24
47 25
47 26
47 27
47 28
47 29
47 30
47 31
47 32
47 33
47 34
47 35
47 36
47 37
47 38
47 39
47 40
47 41
47 42
47 43
47 44
47 45
47 46
47 48
47 49
48 1
48 2
48 3
48 4
48 5
48 6
48 7
48 8
48 9
48 10
48 11
48 12
48 13
48 14
48 15
48 16
48 17
48 18
48 19
48 20
48 21
48 22
48 23
48 24
48 25
48 26
48 27
48 28
48 29
48 30
48 31
48 32
48 33
48 34
48 35
48 36
48 37
48 38
48 39
48 40
48 41
48 42
48 43
48 44
48 45
48 46
48 47
48 49
49 1
49 2
49 3
49 4
49 5
49 6
49 7
49 8
49 9
49 10
49 11
49 12
49 13
49 14
49 15
49 16
49 17
49 18
49 19
49 20
49 21
49 22
49 23
49 24
49 25
49 26
49 27
49 28
49 29
49 30
49 31
49 32
49 33
49 34
49 35
49 36
49 37
49 38
49 39
49 40
49 41
49 42
49 43
49 44
49 45
49 46
49 47
49 48
1 50
1 51
1 52
1 53
1 54
1 55
1 56
1 57
1 58
1 59
1 60
1 61
1 62
1 63
1 64
1 65
1 66
1 67
1 68
1 69
1 70
1 71
1 72
1 73
1 74
1 75
1 76
1 77
1 78
1 79
1 80
1 81
1 82
1 83
1 84
1 85
1 86
1 87
1 88
1 89
1 90
1 91
1 92
1 93
1 94
1 95
1 96
1 97
2 98
2 99
2 100
2 101
2 102
2 103
2 104
2 105
2 106
2 107
2 108
2 109
2 110
2 111
2 112
2 113
2 114
2 115
2 116
2 117
2 118
2 119
2 120
2 121
2 122
2 123
2 124
2 125
2 126
2 127
2 128
2 129
2 130
2 131
2 132
2 133
2 134
2 135
2 136
2 137
2 138
2 139
2 140
2 141
2 142
2 143
2 144
2 145
3 146
3 147
3 148
3 149
3 150
3 151
3 152
3 153
3 154
3 155
3 156
3 157
3 158
3 159
3 160
3 161
3 162
3 163
3 164
3 165
3 166
3 167
3 168
3 169
3 170
3 171
3 172
3 173
3 174
3 175
3 176
3 177
3 178
3 179
3 180
3 181
3 182
3 183
3 184
3 185
3 186
3 187
3 188
3 189
3 190
3 191
3 192
3 193
4 194
4 195
4 196
4 197
4 198
4 199
4 200
4 201
4 202
4 203
4 204
4 205
4 206
4 207
4 208
4 209
4 210
4 211
4 212
4 213
4 214
4 215
4 216
4 217
4 218
4 219
4 220
4 221
4 222
4 223
4 224
4 225
4 226
4 227
4 228
4 229
4 230
4 231
4 232
4 233
4 234
4 235
4 236
4 237
4 238
4 239
4 240
4 241
5 242
5 243
5 244
5 245
5 246
5 247
5 248
5 249
5 250
5 251
5 252
5 253
5 254
5 255
5 256
5 257
5 258
5 259
5 260
5 261
5 262
5 263
5 264
5 265
5 266
5 267
5 268
5 269
5 270
5 271
5 272
5 273
5 274
5 275
5 276
5 277
5 278
5 279
5 280
5 281
5 282
5 283
5 284
5 285
5 286
5 287
5 288
5 289
6 290
6 291
6 292
6 293
6 294
6 295
6 296
6 297
6 298
6 299
6 300
6 301
6 302
6 303
6 304
6 305
6 306
6 307
6 308
6 309
6 310
6 311
6 312
6 313
6 314
6 315
6 316
6 317
6 318
6 319
6 320
6 321
6 322
6 323
6 324
6 325
6 326
6 327
6 328
6 329
6 330
6 331
6 332
6 333
6 334
6 335
6 336
6 337
7 338
7 339
7 340
7 341
7 342
7 343
7 344
7 345
7 346
7 347
7 348
7 349
7 350
7 351
7 352
7 353
7 354
7 355
7 356
7 357
7 358
7 359
7 360
7 361
7 362
7 363
7 364
7 365
7 366
7 367
7 368
7 369
7 370
7 371
7 372
7 373
7 374
7 375
7 376
7 377
7 378
7 379
7 380
7 381
7 382
7 383
7 384
7 385
8 386
8 387
8 388
8 389
8 390
8 391
8 392
8 393
8 394
8 395
8 396
8 397
8 398
8 399
8 400
8 401
8 402
8 403
8 404
8 405
8 406
8 407
8 408
8 409
8 410
8 411
8 412
8 413
8 414
8 415
8 416
8 417
8 418
8 419
8 420
8 421
8 422
8 423
8 424
8 425
8 426
8 427
8 428
8 429
8 430
8 431
8 432
8 433
9 434
9 435
9 436
9 437
9 438
9 439
9 440
9 441
9 442
9 443
9 444
9 445
9 446
9 447
9 448
9 449
9 450
9 451
9 452
9 453
9 454
9 455
9 456
9 457
9 458
9 459
9 460
9 461
9 462
9 463
9 464
9 465
9 466
9 467
9 468
9 469
9 470
9 471
9 472
9 473
9 474
9 475
9 476
9 477
9 478
9 479
9 480
9 481
10 482
10 483
10 484
10 485
10 486
10 487
10 488
10 489
10 490
10 491
10 492
10 493
10 494
10 495
10 496
10 497
10 498
10 499
10 500
10 501
10 502
10 503
10 504
10 505
10 506
10 507
10 508
10 509
10 510
10 511
10 512
10 513
10 514
10 515
10 516
10 517
10 518
10 519
10 520
10 521
10 522
10 523
10 524
10 525
10 526
10 527
10 528
10 529
11 530
11 531
11 532
11 533
11 534
11 535
11 536
11 537
11 538
11 539
11 540
11 541
11 542
11 543
11 544
11 545
11 546
11 547
11 548
11 549
11 550
11 551
11 552
11 553
11 554
11 555
11 556
11 557
11 558
11 559
11 560
11 561
11 562
11 563
11 564
11 565
11 566
11 567
11 568
11 569
11 570
11 571
11 572
11 573
11 574
11 575
11 576
11 577
12 578
12 579
12 580
12 581
12 582
12 583
12 584
12 585
12 586
12 587
12 588
12 589
12 590
12 591
12 592
12 593
12 594
12 595
12 596
12 597
12 598
12 599
12 600
12 601
12 602
12 603
12 604
12 605
12 606
12 607
12 608
12 609
12 610
12 611
12 612
12 613
12 614
12 615
12 616
12 617
12 618
12 619
12 620
12 621
12 622
12 623
12 624
12 625
13 626
13 627
13 628
13 629
13 630
13 631
13 632
13 633
13 634
13 635
13 636
13 637
13 638
13 639
13 640
13 641
13 642
13 643
13 644
13 645
13 646
13 647
13 648
13 649
13 650
13 651
13 652
13 653
13 654
13 655
13 656
13 657
13 658
13 659
13 660
13 661
13 662
13 663
13 664
13 665
13 666
13 667
13 668
13 669
13 670
13 671
13 672
13 673
14 674
14 675
14 676
14 677
14 678
14 679
14 680
14 681
14 682
14 683
14 684
14 685
14 686
14 687
14 688
14 689
14 690
14 691
14 692
14 693
14 694
14 695
14 696
14 697
14 698
14 699
14 700
14 701
14 702
14 703
14 704
14 705
14 706
14 707
14 708
14 709
14 710
14 711
14 712
14 713
14 714
14 715
14 716
14 717
14 718
14 719
14 720
14 721
15 722
15 723
15 724
15 725
15 726
15 727
15 728
15 729
15 730
15 731
15 732
15 733
15 734
15 735
15 736
15 737
15 738
15 739
15 740
15 741
15 742
15 743
15 744
15 745
15 746
15 747
15 748
15 749
15 750
15 751
15 752
15 753
15 754
15 755
15 756
15 757
15 758
15 759
15 760
15 761
15 762
15 763
15 764
15 765
15 766
15 767
15 768
15 769
16 770
16 771
16 772
16 773
16 774
16 775
16 776
16 777
16 778
16 779
16 780
16 781
16 782
16 783
16 784
16 785
16 786
16 787
16 788
16 789
16 790
16 791
16 792
16 793
16 794
16 795
16 796
16 797
16 798
16 799
16 800
16 801
16 802
16 803
16 804
16 805
16 806
16 807
16 808
16 809
16 810
16 811
16 812
16 813
16 814
16 815
16 816
16 817
17 818
17 819
17 820
17 821
17 822
17 823
17 824
17 825
17 826
17 827
17 828
17 829
17 830
17 831
17 832
17 833
17 834
17 835
17 836
17 837
17 838
17 839
17 840
17 841
17 842
17 843
17 844
17 845
17 846
17 847
17 848
17 849
17 850
17 851
17 852
17 853
17 854
17 855
17 856
17 857
17 858
17 859
17 860
17 861
17 862
17 863
17 864
17 865
18 866
18 867
18 868
18 869
18 870
18 871
18 872
18 873
18 874
18 875
18 876
18 877
18 878
18 879
18 880
18 881
18 882
18 883
18 884
18 885
18 886
18 887
18 888
18 889
18 890
18 891
18 892
18 893
18 894
18 895
18 896
18 897
18 898
18 899
18 900
18 901
18 902
18 903
18 904
18 905
18 906
18 907
18 908
18 909
18 910
18 911
18 912
18 913
19 914
19 915
19 916
19 917
19 918
19 919
19 920
19 921
19 922
19 923
19 924
19 925
19 926
19 927
19 928
19 929
19 930
19 931
19 932
19 933
19 934
19 935
19 936
19 937
19 938
19 939
19 940
19 941
19 942
19 943
19 944
19 945
19 946
19 947
19 948
19 949
19 950
19 951
19 952
19 953
19 954
19 955
19 956
19 957
19 958
19 959
19 960
19 961
20 962
20 963
20 964
20 965
20 966
20 967
20 968
20 969
20 970
20 971
20 972
20 973
20 974
20 975
20 976
20 977
20 978
20 979
20 980
20 981
20 982
20 983
20 984
20 985
20 986
20 987
20 988
20 989
20 990
20 991
20 992
20 993
20 994
20 995
20 996
20 997
20 998
20 999
20 1000
20 1001
20 1002
20 1003
20 1004
20 1005
20 1006
20 1007
20 1008
20 1009
21 1010
21 1011
21 1012
21 1013
21 1014
21 1015
21 1016
21 1017
21 1018
21 1019
21 1020
21 1021
21 1022
21 1023
21 1024
21 1025
21 1026
21 1027
21 1028
21 1029
21 1030
21 1031
21 1032
21 1033
21 1034
21 1035
21 1036
21 1037
21 1038
21 1039
21 1040
21 1041
21 1042
21 1043
21 1044
21 1045
21 1046
21 1047
21 1048
21 1049
21 1050
21 1051
21 1052
21 1053
21 1054
21 1055
21 1056
21 1057
22 1058
22 1059
22 1060
22 1061
22 1062
22 1063
22 1064
22 1065
22 1066
22 1067
22 1068
22 1069
22 1070
22 1071
22 1072
22 1073
22 1074
22 1075
22 1076
22 1077
22 1078
22 1079
22 1080
22 1081
22 1082
22 1083
22 1084
22 1085
22 1086
22 1087
22 1088
22 1089
22 1090
22 1091
22 1092
22 1093
22 1094
22 1095
22 1096
22 1097
22 1098
22 1099
22 1100
22 1101
22 1102
22 1103
22 1104
22 1105
23 1106
23 1107
23 1108
23 1109
23 1110
23 1111
23 1112
23 1113
23 1114
23 1115
23 1116
23 1117
23 1118
23 1119
23 1120
23 1121
23 1122
23 1123
23 1124
23 1125
23 1126
23 1127
23 1128
23 1129
23 1130
23 1131
23 1132
23 1133
23 1134
23 1135
23 1136
23 1137
23 1138
23 1139
23 1140
23 1141
23 1142
23 1143
23 1144
23 1145
23 1146
23 1147
23 1148
23 1149
23 1150
23 1151
23 1152
23 1153
24 1154
24 1155
24 1156
24 1157
24 1158
24 1159
24 1160
24 1161
24 1162
24 1163
24 1164
24 1165
24 1166
24 1167
24 1168
24 1169
24 1170
24 1171
24 1172
24 1173
24 1174
24 1175
24 1176
24 1177
24 1178
24 1179
24 1180
24 1181
24 1182
24 1183
24 1184
24 1185
24 1186
24 1187
24 1188
24 1189
24 1190
24 1191
24 1192
24 1193
24 1194
24 1195
24 1196
24 1197
24 1198
24 1199
24 1200
24 1201
25 1202
25 1203
25 1204
25 1205
25 1206
25 1207
25 1208
25 1209
25 1210
25 1211
25 1212
25 1213
25 1214
25 1215
25 1216
25 1217
25 1218
25 1219
25 1220
25 1221
25 1222
25 1223
25 1224
25 1225
25 1226
25 1227
25 1228
25 1229
25 1230
25 1231
25 1232
25 1233
25 1234
25 1235
25 1236
25 1237
25 1238
25 1239
25 1240
25 1241
25 1242
25 1243
25 1244
25 1245
25 1246
25 1247
25 1248
25 1249
26 1250
26 1251
26 1252
26 1253
26 1254
26 1255
26 1256
26 1257
26 1258
26 1259
26 1260
26 1261
26 1262
26 1263
26 1264
26 1265
26 1266
26 1267
26 1268
26 1269
26 1270
26 1271
26 1272
26 1273
26 1274
26 1275
26 1276
26 1277
26 1278
26 1279
26 1280
26 1281
26 1282
26 1283
26 1284
26 1285
26 1286
26 1287
26 1288
26 1289
26 1290
26 1291
26 1292
26 1293
26 1294
26 1295
26 1296
26 1297
27 1298
27 1299
27 1300
27 1301
27 1302
27 1303
27 1304
27 1305
27 1306
27 1307
27 1308
27 1309
27 1310
27 1311
27 1312
27 1313
27 1314
27 1315
27 1316
27 1317
27 1318
27 1319
27 1320
27 1321
27 1322
27 1323
27 1324
27 1325
27 1326
27 1327
27 1328
27 1329
27 1330
27 1331
27 1332
27 1333
27 1334
27 1335
27 1336
27 1337
27 1338
27 1339
27 1340
27 1341
27 1342
27 1343
27 1344
27 1345
28 1346
28 1347
28 1348
28 1349
28 1350
28 1351
28 1352
28 1353
28 1354
28 1355
28 1356
28 1357
28 1358
28 1359
28 1360
28 1361
28 1362
28 1363
28 1364
28 1365
28 1366
28 1367
28 1368
28 1369
28 1370
28 1371
28 1372
28 1373
28 1374
28 1375
28 1376
28 1377
28 1378
28 1379
28 1380
28 1381
28 1382
28 1383
28 1384
28 1385
28 1386
28 1387
28 1388
28 1389
28 1390
28 1391
28 1392
28 1393
29 1394
29 1395
29 1396
29 1397
29 1398
29 1399
29 1400
29 1401
29 1402
29 1403
29 1404
29 1405
29 1406
29 1407
29 1408
29 1409
29 1410
29 1411
29 1412
29 1413
29 1414
29 1415
29 1416
29 1417
29 1418
29 1419
29 1420
29 1421
29 1422
29 1423
29 1424
29 1425
29 1426
29 1427
29 1428
29 1429
29 1430
29 1431
29 1432
29 1433
29 1434
29 1435
29 1436
29 1437
29 1438
29 1439
29 1440
29 1441
30 1442
30 1443
30 1444
30 1445
30 1446
30 1447
30 1448
30 1449
30 1450
30 1451
30 1452
30 1453
30 1454
30 1455
30 1456
30 1457
30 1458
30 1459
30 1460
30 1461
30 1462
30 1463
30 1464
30 1465
30 1466
30 1467
30 1468
30 1469
30 1470
30 1471
30 1472
30 1473
30 1474
30 1475
30 1476
30 1477
30 1478
30 1479
30 1480
30 1481
30 1482
30 1483
30 1484
30 1485
30 1486
30 1487
30 1488
30 1489
31 1490
31 1491
31 1492
31 1493
31 1494
31 1495
31 1496
31 1497
31 1498
31 1499
31 1500
31 1501
31 1502
31 1503
31 1504
31 1505
31 1506
31 1507
31 1508
31 1509
31 1510
31 1511
31 1512
31 1513
31 1514
31 1515
31 1516
31 1517
31 1518
31 1519
31 1520
31 1521
31 1522
31 1523
31 1524
31 1525
31 1526
31 1527
31 1528
31 1529
31 1530
31 1531
31 1532
31 1533
31 1534
31 1535
31 1536
31 1537
32 1538
32 1539
32 1540
32 1541
32 1542
32 1543
32 1544
32 1545
32 1546
32 1547
32 1548
32 1549
32 1550
32 1551
32 1552
32 1553
32 1554
32 1555
32 1556
32 1557
32 1558
32 1559
32 1560
32 1561
32 1562
32 1563
32 1564
32 1565
32 1566
32 1567
32 1568
32 1569
32 1570
32 1571
32 1572
32 1573
32 1574
32 1575
32 1576
32 1577
32 1578
32 1579
32 1580
32 1581
32 1582
32 1583
32 1584
32 1585
33 1586
33 1587
33 1588
33 1589
33 1590
33 1591
33 1592
33 1593
33 1594
33 1595
33 1596
33 1597
33 1598
33 1599
33 1600
33 1601
33 1602
33 1603
33 1604
33 1605
33 1606
33 1607
33 1608
33 1609
33 1610
33 1611
33 1612
33 1613
33 1614
33 1615
33 1616
33 1617
33 1618
33 1619
33 1620
33 1621
33 1622
33 1623
33 1624
33 1625
33 1626
33 1627
33 1628
33 1629
33 1630
33 1631
33 1632
33 1633
34 1634
34 1635
34 1636
34 1637
34 1638
34 1639
34 1640
34 1641
34 1642
34 1643
34 1644
34 1645
34 1646
34 1647
34 1648
34 1649
34 1650
34 1651
34 1652
34 1653
34 1654
34 1655
34 1656
34 1657
34 1658
34 1659
34 1660
34 1661
34 1662
34 1663
34 1664
34 1665
34 1666
34 1667
34 1668
34 1669
34 1670
34 1671
34 1672
34 1673
34 1674
34 1675
34 1676
34 1677
34 1678
34 1679
34 1680
34 1681
35 1682
35 1683
35 1684
35 1685
35 1686
35 1687
35 1688
35 1689
35 1690
35 1691
35 1692
35 1693
35 1694
35 1695
35 1696
35 1697
35 1698
35 1699
35 1700
35 1701
35 1702
35 1703
35 1704
35 1705
35 1706
35 1707
35 1708
35 1709
35 1710
35 1711
35 1712
35 1713
35 1714
35 1715
35 1716
35 1717
35 1718
35 1719
35 1720
35 1721
35 1722
35 1723
35 1724
35 1725
35 1726
35 1727
35 1728
35 1729
36 1730
36 1731
36 1732
36 1733
36 1734
36 1735
36 1736
36 1737
36 1738
36 1739
36 1740
36 1741
36 1742
36 1743
36 1744
36 1745
36 1746
36 1747
36 1748
36 1749
36 1750
36 1751
36 1752
36 1753
36 1754
36 1755
36 1756
36 1757
36 1758
36 1759
36 1760
36 1761
36 1762
36 1763
36 1764
36 1765
36 1766
36 1767
36 1768
36 1769
36 1770
36 1771
36 1772
36 1773
36 1774
36 1775
36 1776
36 1777
37 1778
37 1779
37 1780
37 1781
37 1782
37 1783
37 1784
37 1785
37 1786
37 1787
37 1788
37 1789
37 1790
37 1791
37 1792
37 1793
37 1794
37 1795
37 1796
37 1797
37 1798
37 1799
37 1800
37 1801
37 1802
37 1803
37 1804
37 1805
37 1806
37 1807
37 1808
37 1809
37 1810
37 1811
37 1812
37 1813
37 1814
37 1815
37 1816
37 1817
37 1818
37 1819
37 1820
37 1821
37 1822
37 1823
37 1824
37 1825
38 1826
38 1827
38 1828
38 1829
38 1830
38 1831
38 1832
38 1833
38 1834
38 1835
38 1836
38 1837
38 1838
38 1839
38 1840
38 1841
38 1842
38 1843
38 1844
38 1845
38 1846
38 1847
38 1848
38 1849
38 1850
38 1851
38 1852
38 1853
38 1854
38 1855
38 1856
38 1857
38 1858
38 1859
38 1860
38 1861
38 1862
38 1863
38 1864
38 1865
38 1866
38 1867
38 1868
38 1869
38 1870
38 1871
38 1872
38 1873
39 1874
39 1875
39 1876
39 1877
39 1878
39 1879
39 1880
39 1881
39 1882
39 1883
39 1884
39 1885
39 1886
39 1887
39 1888
39 1889
39 1890
39 1891
39 1892
39 1893
39 1894
39 1895
39 1896
39 1897
39 1898
39 1899
39 1900
39 1901
39 1902
39 1903
39 1904
39 1905
39 1906
39 1907
39 1908
39 1909
39 1910
39 1911
39 1912
39 1913
39 1914
39 1915
39 1916
39 1917
39 1918
39 1919
39 1920
39 1921
40 1922
40 1923
40 1924
40 1925
40 1926
40 1927
40 1928
40 1929
40 1930
40 1931
40 1932
40 1933
40 1934
40 1935
40 1936
40 1937
40 1938
40 1939
40 1940
40 1941
40 1942
40 1943
40 1944
40 1945
40 1946
40 1947
40 1948
40 1949
40 1950
40 1951
40 1952
40 1953
40 1954
40 1955
40 1956
40 1957
40 1958
40 1959
40 1960
40 1961
40 1962
40 1963
40 1964
40 1965
40 1966
40 1967
40 1968
40 1969
41 1970
41 1971
41 1972
41 1973
41 1974
41 1975
41 1976
41 1977
41 1978
41 1979
41 1980
41 1981
41 1982
41 1983
41 1984
41 1985
41 1986
41 1987
41 1988
41 1989
41 1990
41 1991
41 1992
41 1993
41 1994
41 1995
41 1996
41 1997
41 1998
41 1999
41 2000
41 2001
41 2002
41 2003
41 2004
41 2005
41 2006
41 2007
41 2008
41 2009
41 2010
41 2011
41 2012
41 2013
41 2014
41 2015
41 2016
41 2017
42 2018
42 2019
42 2020
42 2021
42 2022
42 2023
42 2024
42 2025
42 2026
42 2027
42 2028
42 2029
42 2030
42 2031
42 2032
42 2033
42 2034
42 2035
42 2036
42 2037
42 2038
42 2039
42 2040
42 2041
42 2042
42 2043
42 2044
42 2045
42 2046
42 2047
42 2048
42 2049
42 2050
42 2051
42 2052
42 2053
42 2054
42 2055
42 2056
42 2057
42 2058
42 2059
42 2060
42 2061
42 2062
42 2063
42 2064
42 2065
43 2066
43 2067
43 2068
43 2069
43 2070
43 2071
43 2072
43 2073
43 2074
43 2075
43 2076
43 2077
43 2078
43 2079
43 2080
43 2081
43 2082
43 2083
43 2084
43 2085
43 2086
43 2087
43 2088
43 2089
43 2090
43 2091
43 2092
43 2093
43 2094
43 2095
43 2096
43 2097
43 2098
43 2099
43 2100
43 2101
43 2102
43 2103
43 2104
43 2105
43 2106
43 2107
43 2108
43 2109
43 2110
43 2111
43 2112
43 2113
44 2114
44 2115
44 2116
44 2117
44 2118
44 2119
44 2120
44 2121
44 2122
44 2123
44 2124
44 2125
44 2126
44 2127
44 2128
44 2129
44 2130
44 2131
44 2132
44 2133
44 2134
44 2135
44 2136
44 2137
44 2138
44 2139
44 2140
44 2141
44 2142
44 2143
44 2144
44 2145
44 2146
44 2147
44 2148
44 2149
44 2150
44 2151
44 2152
44 2153
44 2154
44 2155
44 2156
44 2157
44 2158
44 2159
44 2160
44 2161
45 2162
45 2163
45 2164
45 2165
45 2166
45 2167
45 2168
45 2169
45 2170
45 2171
45 2172
45 2173
45 2174
45 2175
45 2176
45 2177
45 2178
45 2179
45 2180
45 2181
45 2182
45 2183
45 2184
45 2185
45 2186
45 2187
45 2188
45 2189
45 2190
45 2191
45 2192
45 2193
45 2194
45 2195
45 2196
45 2197
45 2198
45 2199
45 2200
45 2201
45 2202
45 2203
45 2204
45 2205
45 2206
45 2207
45 2208
45 2209
46 2210
46 2211
46 2212
46 2213
46 2214
46 2215
46 2216
46 2217
46 2218
46 2219
46 2220
46 2221
46 2222
46 2223
46 2224
46 2225
46 2226
46 2227
46 2228
46 2229
46 2230
46 2231
46 2232
46 2233
46 2234
46 2235
46 2236
46 2237
46 2238
46 2239
46 2240
46 2241
46 2242
46 2243
46 2244
46 2245
46 2246
46 2247
46 2248
46 2249
46 2250
46 2251
46 2252
46 2253
46 2254
46 2255
46 2256
46 2257
47 2258
47 2259
47 2260
47 2261
47 2262
47 2263
47 2264
47 2265
47 2266
47 2267
47 2268
47 2269
47 2270
47 2271
47 2272
47 2273
47 2274
47 2275
47 2276
47 2277
47 2278
47 2279
47 2280
47 2281
47 2282
47 2283
47 2284
47 2285
47 2286
47 2287
47 2288
47 2289
47 2290
47 2291
47 2292
47 2293
47 2294
47 2295
47 2296
47 2297
47 2298
47 2299
47 2300
47 2301
47 2302
47 2303
47 2304
47 2305
48 2306
48 2307
48 2308
48 2309
48 2310
48 2311
48 2312
48 2313
48 2314
48 2315
48 2316
48 2317
48 2318
48 2319
48 2320
48 2321
48 2322
48 2323
48 2324
48 2325
48 2326
48 2327
48 2328
48 2329
48 2330
48 2331
48 2332
48 2333
48 2334
48 2335
48 2336
48 2337
48 2338
48 2339
48 2340
48 2341
48 2342
48 2343
48 2344
48 2345
48 2346
48 2347
48 2348
48 2349
48 2350
48 2351
48 2352
48 2353
49 2354
49 2355
49 2356
49 2357
49 2358
49 2359
49 2360
49 2361
49 2362
49 2363
49 2364
49 2365
49 2366
49 2367
49 2368
49 2369
49 2370
49 2371
49 2372
49 2373
49 2374
49 2375
49 2376
49 2377
49 2378
49 2379
49 2380
49 2381
49 2382
49 2383
49 2384
49 2385
49 2386
49 2387
49 2388
49 2389
49 2390
49 2391
49 2392
49 2393
49 2394
49 2395
49 2396
49 2397
49 2398
49 2399
49 2400
49 2401
50 2402
50 2403
50 2404
50 2405
50 2406
50 2407
50 2408
50 2409
50 2410
50 2411
50 2412
50 2413
50 2414
50 2415
50 2416
50 2417
50 2418
50 2419
50 2420
50 2421
50 2422
50 2423
50 2424
50 2425
50 2426
50 2427
50 2428
50 2429
50 2430
50 2431
50 2432
50 2433
50 2434
50 2435
50 2436
50 2437
50 2438
50 2439
50 2440
50 2441
50 2442
50 2443
50 2444
50 2445
50 2446
50 2447
50 2448
50 2449
50 2450
50 2451
50 2452
50 2453
50 2454
50 2455
50 2456
50 2457
50 2458
50 2459
50 2460
50 2461
50 2462
50 2463
50 2464
50 2465
50 2466
50 2467
50 2468
50 2469
50 2470
50 2471
50 2472
50 2473
50 2474
50 2475
50 2476
50 2477
50 2478
50 2479
50 2480
50 2481
50 2482
50 2483
50 2484
50 2485
50 2486
50 2487
50 2488
50 2489
50 2490
50 2491
50 2492
50 2493
50 2494
50 2495
50 2496
50 2497
98 2498
98 2499
98 2500
98 2501
98 2502
98 2503
98 2504
98 2505
98 2506
98 2507
98 2508
98 2509
98 2510
98 2511
98 2512
98 2513
98 2514
98 2515
98 2516
98 2517
98 2518
98 2519
98 2520
98 2521
98 2522
98 2523
98 2524
98 2525
98 2526
98 2527
98 2528
98 2529
98 2530
98 2531
98 2532
98 2533
98 2534
98 2535
98 2536
98 2537
98 2538
98 2539
98 2540
98 2541
98 2542
98 2543
98 2544
98 2545
98 2546
98 2547
98 2548
98 2549
98 2550
98 2551
98 2552
98 2553
98 2554
98 2555
98 2556
98 2557
98 2558
98 2559
98 2560
98 2561
98 2562
98 2563
98 2564
98 2565
98 2566
98 2567
98 2568
98 2569
98 2570
98 2571
98 2572
98 2573
98 2574
98 2575
98 2576
98 2577
98 2578
98 2579
98 2580
98 2581
98 2582
98 2583
98 2584
98 2585
98 2586
98 2587
98 2588
98 2589
98 2590
98 2591
98 2592
98 2593
146 2594
146 2595
146 2596
146 2597
146 2598
146 2599
146 2600
146 2601
146 2602
146 2603
146 2604
146 2605
146 2606
146 2607
146 2608
146 2609
146 2610
146 2611
146 2612
146 2613
146 2614
146 2615
146 2616
146 2617
146 2618
146 2619
146 2620
146 2621
146 2622
146 2623
146 2624
146 2625
146 2626
146 2627
146 2628
146 2629
146 2630
146 2631
146 2632
146 2633
146 2634
146 2635
146 2636
146 2637
146 2638
146 2639
146 2640
146 2641
146 2642
146 2643
146 2644
146 2645
146 2646
146 2647
146 2648
146 2649
146 2650
146 2651
146 2652
146 2653
146 2654
146 2655
146 2656
146 2657
146 2658
146 2659
146 2660
146 2661
146 2662
146 2663
146 2664
146 2665
146 2666
146 2667
146 2668
146 2669
146 2670
146 2671
146 2672
146 2673
146 2674
146 2675
146 2676
146 2677
146 2678
146 2679
146 2680
146 2681
146 2682
146 2683
146 2684
146 2685
146 2686
146 2687
146 2688
146 2689
194 2690
194 2691
194 2692
194 2693
194 2694
194 2695
194 2696
194 2697
194 2698
194 2699
194 2700
194 2701
194 2702
194 2703
194 2704
194 2705
194 2706
194 2707
194 2708
194 2709
194 2710
194 2711
194 2712
194 2713
194 2714
194 2715
194 2716
194 2717
194 2718
194 2719
194 2720
194 2721
194 2722
194 2723
194 2724
194 2725
194 2726
194 2727
194 2728
194 2729
194 2730
194 2731
194 2732
194 2733
194 2734
194 2735
194 2736
194 2737
194 2738
194 2739
194 2740
194 2741
194 2742
194 2743
194 2744
194 2745
194 2746
194 2747
194 2748
194 2749
194 2750
194 2751
194 2752
194 2753
194 2754
194 2755
194 2756
194 2757
194 2758
194 2759
194 2760
194 2761
194 2762
194 2763
194 2764
194 2765
194 2766
194 2767
194 2768
194 2769
194 2770
194 2771
194 2772
194 2773
194 2774
194 2775
194 2776
194 2777
194 2778
194 2779
194 2780
194 2781
194 2782
194 2783
194 2784
194 2785
242 2786
242 2787
242 2788
242 2789
242 2790
242 2791
242 2792
242 2793
242 2794
242 2795
242 2796
242 2797
242 2798
242 2799
242 2800
242 2801
242 2802
242 2803
242 2804
242 2805
242 2806
242 2807
242 2808
242 2809
242 2810
242 2811
242 2812
242 2813
242 2814
242 2815
242 2816
242 2817
242 2818
242 2819
242 2820
242 2821
242 2822
242 2823
242 2824
242 2825
242 2826
242 2827
242 2828
242 2829
242 2830
242 2831
242 2832
242 2833
242 2834
242 2835
242 2836
242 2837
242 2838
242 2839
242 2840
242 2841
242 2842
242 2843
242 2844
242 2845
242 2846
242 2847
242 2848
242 2849
242 2850
242 2851
242 2852
242 2853
242 2854
242 2855
242 2856
242 2857
242 2858
242 2859
242 2860
242 2861
242 2862
242 2863
242 2864
242 2865
242 2866
242 2867
242 2868
242 2869
242 2870
242 2871
242 2872
242 2873
242 2874
242 2875
242 2876
242 2877
242 2878
242 2879
242 2880
242 2881
290 2882
290 2883
290 2884
290 2885
290 2886
290 2887
290 2888
290 2889
290 2890
290 2891
290 2892
290 2893
290 2894
290 2895
290 2896
290 2897
290 2898
290 2899
290 2900
290 2901
290 2902
290 2903
290 2904
290 2905
290 2906
290 2907
290 2908
290 2909
290 2910
290 2911
290 2912
290 2913
290 2914
290 2915
290 2916
290 2917
290 2918
290 2919
290 2920
290 2921
290 2922
290 2923
290 2924
290 2925
290 2926
290 2927
290 2928
290 2929
290 2930
290 2931
290 2932
290 2933
290 2934
290 2935
290 2936
290 2937
290 2938
290 2939
290 2940
290 2941
290 2942
290 2943
290 2944
290 2945
290 2946
290 2947
290 2948
290 2949
290 2950
290 2951
290 2952
290 2953
290 2954
290 2955
290 2956
290 2957
290 2958
290 2959
290 2960
290 2961
290 2962
290 2963
290 2964
290 2965
290 2966
290 2967
290 2968
290 2969
290 2970
290 2971
290 2972
290 2973
290 2974
290 2975
290 2976
290 2977
338 2978
338 2979
338 2980
338 2981
338 2982
338 2983
338 2984
338 2985
338 2986
338 2987
338 2988
338 2989
338 2990
338 2991
338 2992
338 2993
338 2994
338 2995
338 2996
338 2997
338 2998
338 2999
338 3000
338 3001
338 3002
338 3003
338 3004
338 3005
338 3006
338 3007
338 3008
338 3009
338 3010
338 3011
338 3012
338 3013
338 3014
338 3015
338 3016
338 3017
338 3018
338 3019
338 3020
338 3021
338 3022
338 3023
338 3024
338 3025
338 3026
338 3027
338 3028
338 3029
338 3030
338 3031
338 3032
338 3033
338 3034
338 3035
338 3036
338 3037
338 3038
338 3039
338 3040
338 3041
338 3042
338 3043
338 3044
338 3045
338 3046
338 3047
338 3048
338 3049
338 3050
338 3051
338 3052
338 3053
338 3054
338 3055
338 3056
338 3057
338 3058
338 3059
338 3060
338 3061
338 3062
338 3063
338 3064
338 3065
338 3066
338 3067
338 3068
338 3069
338 3070
338 3071
338 3072
338 3073
386 3074
386 3075
386 3076
386 3077
386 3078
386 3079
386 3080
386 3081
386 3082
386 3083
386 3084
386 3085
386 3086
386 3087
386 3088
386 3089
386 3090
386 3091
386 3092
386 3093
386 3094
386 3095
386 3096
386 3097
386 3098
386 3099
386 3100
386 3101
386 3102
386 3103
386 3104
386 3105
386 3106
386 3107
386 3108
386 3109
386 3110
386 3111
386 3112
386 3113
386 3114
386 3115
386 3116
386 3117
386 3118
386 3119
386 3120
386 3121
386 3122
386 3123
386 3124
386 3125
386 3126
386 3127
386 3128
386 3129
386 3130
386 3131
386 3132
386 3133
386 3134
386 3135
386 3136
386 3137
386 3138
386 3139
386 3140
386 3141
386 3142
386 3143
386 3144
386 3145
386 3146
386 3147
386 3148
386 3149
386 3150
386 3151
386 3152
386 3153
386 3154
386 3155
386 3156
386 3157
386 3158
386 3159
386 3160
386 3161
386 3162
386 3163
386 3164
386 3165
386 3166
386 3167
386 3168
386 3169
434 3170
434 3171
434 3172
434 3173
434 3174
434 3175
434 3176
434 3177
434 3178
434 3179
434 3180
434 3181
434 3182
434 3183
434 3184
434 3185
434 3186
434 3187
434 3188
434 3189
434 3190
434 3191
434 3192
434 3193
434 3194
434 3195
434 3196
434 3197
434 3198
434 3199
434 3200
434 3201
434 3202
434 3203
434 3204
434 3205
434 3206
434 3207
434 3208
434 3209
434 3210
434 3211
434 3212
434 3213
434 3214
434 3215
434 3216
434 3217
434 3218
434 3219
434 3220
434 3221
434 3222
434 3223
434 3224
434 3225
434 3226
434 3227
434 3228
434 3229
434 3230
434 3231
434 3232
434 3233
434 3234
434 3235
434 3236
434 3237
434 3238
434 3239
434 3240
434 3241
434 3242
434 3243
434 3244
434 3245
434 3246
434 3247
434 3248
434 3249
434 3250
434 3251
434 3252
434 3253
434 3254
434 3255
434 3256
434 3257
434 3258
434 3259
434 3260
434 3261
434 3262
434 3263
434 3264
434 3265
482 3266
482 3267
482 3268
482 3269
482 3270
482 3271
482 3272
482 3273
482 3274
482 3275
482 3276
482 3277
482 3278
482 3279
482 3280
482 3281
482 3282
482 3283
482 3284
482 3285
482 3286
482 3287
482 3288
482 3289
482 3290
482 3291
482 3292
482 3293
482 3294
482 3295
482 3296
482 3297
482 3298
482 3299
482 3300
482 3301
482 3302
482 3303
482 3304
482 3305
482 3306
482 3307
482 3308
482 3309
482 3310
482 3311
482 3312
482 3313
482 3314
482 3315
482 3316
482 3317
482 3318
482 3319
482 3320
482 3321
482 3322
482 3323
482 3324
482 3325
482 3326
482 3327
482 3328
482 3329
482 3330
482 3331
482 3332
482 3333
482 3334
482 3335
482 3336
482 3337
482 3338
482 3339
482 3340
482 3341
482 3342
482 3343
482 3344
482 3345
482 3346
482 3347
482 3348
482 3349
482 3350
482 3351
482 3352
482 3353
482 3354
482 3355
482 3356
482 3357
482 3358
482 3359
482 3360
482 3361
530 3362
530 3363
530 3364
530 3365
530 3366
530 3367
530 3368
530 3369
530 3370
530 3371
530 3372
530 3373
530 3374
530 3375
530 3376
530 3377
530 3378
530 3379
530 3380
530 3381
530 3382
530 3383
530 3384
530 3385
530 3386
530 3387
530 3388
530 3389
530 3390
530 3391
530 3392
530 3393
530 3394
530 3395
530 3396
530 3397
530 3398
530 3399
530 3400
530 3401
530 3402
530 3403
530 3404
530 3405
530 3406
530 3407
530 3408
530 3409
530 3410
530 3411
530 3412
530 3413
530 3414
530 3415
530 3416
530 3417
530 3418
530 3419
530 3420
530 3421
530 3422
530 3423
530 3424
530 3425
530 3426
530 3427
530 3428
530 3429
530 3430
530 3431
530 3432
530 3433
530 3434
530 3435
530 3436
530 3437
530 3438
530 3439
530 3440
530 3441
530 3442
530 3443
530 3444
530 3445
530 3446
530 3447
530 3448
530 3449
530 3450
530 3451
530 3452
530 3453
530 3454
530 3455
530 3456
530 3457
578 3458
578 3459
578 3460
578 3461
578 3462
578 3463
578 3464
578 3465
578 3466
578 3467
578 3468
578 3469
578 3470
578 3471
578 3472
578 3473
578 3474
578 3475
578 3476
578 3477
578 3478
578 3479
578 3480
578 3481
578 3482
578 3483
578 3484
578 3485
578 3486
578 3487
578 3488
578 3489
578 3490
578 3491
578 3492
578 3493
578 3494
578 3495
578 3496
578 3497
578 3498
578 3499
578 3500
578 3501
578 3502
578 3503
578 3504
578 3505
578 3506
578 3507
578 3508
578 3509
578 3510
578 3511
578 3512
578 3513
578 3514
578 3515
578 3516
578 3517
578 3518
578 3519
578 3520
578 3521
578 3522
578 3523
578 3524
578 3525
578 3526
578 3527
578 3528
578 3529
578 3530
578 3531
578 3532
578 3533
578 3534
578 3535
578 3536
578 3537
578 3538
578 3539
578 3540
578 3541
578 3542
578 3543
578 3544
578 3545
578 3546
578 3547
578 3548
578 3549
578 3550
578 3551
578 3552
578 3553
626 3554
626 3555
626 3556
626 3557
626 3558
626 3559
626 3560
626 3561
626 3562
626 3563
626 3564
626 3565
626 3566
626 3567
626 3568
626 3569
626 3570
626 3571
626 3572
626 3573
626 3574
626 3575
626 3576
626 3577
626 3578
626 3579
626 3580
626 3581
626 3582
626 3583
626 3584
626 3585
626 3586
626 3587
626 3588
626 3589
626 3590
626 3591
626 3592
626 3593
626 3594
626 3595
626 3596
626 3597
626 3598
626 3599
626 3600
626 3601
626 3602
626 3603
626 3604
626 3605
626 3606
626 3607
626 3608
626 3609
626 3610
626 3611
626 3612
626 3613
626 3614
626 3615
626 3616
626 3617
626 3618
626 3619
626 3620
626 3621
626 3622
626 3623
626 3624
626 3625
626 3626
626 3627
626 3628
626 3629
626 3630
626 3631
626 3632
626 3633
626 3634
626 3635
626 3636
626 3637
626 3638
626 3639
626 3640
626 3641
626 3642
626 3643
626 3644
626 3645
626 3646
626 3647
626 3648
626 3649
674 3650
674 3651
674 3652
674 3653
674 3654
674 3655
674 3656
674 3657
674 3658
674 3659
674 3660
674 3661
674 3662
674 3663
674 3664
674 3665
674 3666
674 3667
674 3668
674 3669
674 3670
674 3671
674 3672
674 3673
674 3674
674 3675
674 3676
674 3677
674 3678
674 3679
674 3680
674 3681
674 3682
674 3683
674 3684
674 3685
674 3686
674 3687
674 3688
674 3689
674 3690
674 3691
674 3692
674 3693
674 3694
674 3695
674 3696
674 3697
674 3698
674 3699
674 3700
674 3701
674 3702
674 3703
674 3704
674 3705
674 3706
674 3707
674 3708
674 3709
674 3710
674 3711
674 3712
674 3713
674 3714
674 3715
674 3716
674 3717
674 3718
674 3719
674 3720
674 3721
674 3722
674 3723
674 3724
674 3725
674 3726
674 3727
674 3728
674 3729
674 3730
674 3731
674 3732
674 3733
674 3734
674 3735
674 3736
674 3737
674 3738
674 3739
674 3740
674 3741
674 3742
674 3743
674 3744
674 3745
722 3746
722 3747
722 3748
722 3749
722 3750
722 3751
722 3752
722 3753
722 3754
722 3755
722 3756
722 3757
722 3758
722 3759
722 3760
722 3761
722 3762
722 3763
722 3764
722 3765
722 3766
722 3767
722 3768
722 3769
722 3770
722 3771
722 3772
722 3773
722 3774
722 3775
722 3776
722 3777
722 3778
722 3779
722 3780
722 3781
722 3782
722 3783
722 3784
722 3785
722 3786
722 3787
722 3788
722 3789
722 3790
722 3791
722 3792
722 3793
722 3794
722 3795
722 3796
722 3797
722 3798
722 3799
722 3800
722 3801
722 3802
722 3803
722 3804
722 3805
722 3806
722 3807
722 3808
722 3809
722 3810
722 3811
722 3812
722 3813
722 3814
722 3815
722 3816
722 3817
722 3818
722 3819
722 3820
722 3821
722 3822
722 3823
722 3824
722 3825
722 3826
722 3827
722 3828
722 3829
722 3830
722 3831
722 3832
722 3833
722 3834
722 3835
722 3836
722 3837
722 3838
722 3839
722 3840
722 3841
770 3842
770 3843
770 3844
770 3845
770 3846
770 3847
770 3848
770 3849
770 3850
770 3851
770 3852
770 3853
770 3854
770 3855
770 3856
770 3857
770 3858
770 3859
770 3860
770 3861
770 3862
770 3863
770 3864
770 3865
770 3866
770 3867
770 3868
770 3869
770 3870
770 3871
770 3872
770 3873
770 3874
770 3875
770 3876
770 3877
770 3878
770 3879
770 3880
770 3881
770 3882
770 3883
770 3884
770 3885
770 3886
770 3887
770 3888
770 3889
770 3890
770 3891
770 3892
770 3893
770 3894
770 3895
770 3896
770 3897
770 3898
770 3899
770 3900
770 3901
770 3902
770 3903
770 3904
770 3905
770 3906
770 3907
770 3908
770 3909
770 3910
770 3911
770 3912
770 3913
770 3914
770 3915
770 3916
770 3917
770 3918
770 3919
770 3920
770 3921
770 3922
770 3923
770 3924
770 3925
770 3926
770 3927
770 3928
770 3929
770 3930
770 3931
770 3932
770 3933
770 3934
770 3935
770 3936
770 3937
818 3938
818 3939
818 3940
818 3941
818 3942
818 3943
818 3944
818 3945
818 3946
818 3947
818 3948
818 3949
818 3950
818 3951
818 3952
818 3953
818 3954
818 3955
818 3956
818 3957
818 3958
818 3959
818 3960
818 3961
818 3962
818 3963
818 3964
818 3965
818 3966
818 3967
818 3968
818 3969
818 3970
818 3971
818 3972
818 3973
818 3974
818 3975
818 3976
818 3977
818 3978
818 3979
818 3980
818 3981
818 3982
818 3983
818 3984
818 3985
818 3986
818 3987
818 3988
818 3989
818 3990
818 3991
818 3992
818 3993
818 3994
818 3995
818 3996
818 3997
818 3998
818 3999
818 4000
818 4001
818 4002
818 4003
818 4004
818 4005
818 4006
818 4007
818 4008
818 4009
818 4010
818 4011
818 4012
818 4013
818 4014
818 4015
818 4016
818 4017
818 4018
818 4019
818 4020
818 4021
818 4022
818 4023
818 4024
818 4025
818 4026
818 4027
818 4028
818 4029
818 4030
818 4031
818 4032
818 4033
866 4034
866 4035
866 4036
866 4037
866 4038
866 4039
866 4040
866 4041
866 4042
866 4043
866 4044
866 4045
866 4046
866 4047
866 4048
866 4049
866 4050
866 4051
866 4052
866 4053
866 4054
866 4055
866 4056
866 4057
866 4058
866 4059
866 4060
866 4061
866 4062
866 4063
866 4064
866 4065
866 4066
866 4067
866 4068
866 4069
866 4070
866 4071
866 4072
866 4073
866 4074
866 4075
866 4076
866 4077
866 4078
866 4079
866 4080
866 4081
866 4082
866 4083
866 4084
866 4085
866 4086
866 4087
866 4088
866 4089
866 4090
866 4091
866 4092
866 4093
866 4094
866 4095
866 4096
866 4097
866 4098
866 4099
866 4100
866 4101
866 4102
866 4103
866 4104
866 4105
866 4106
866 4107
866 4108
866 4109
866 4110
866 4111
866 4112
866 4113
866 4114
866 4115
866 4116
866 4117
866 4118
866 4119
866 4120
866 4121
866 4122
866 4123
866 4124
866 4125
866 4126
866 4127
866 4128
866 4129
914 4130
914 4131
914 4132
914 4133
914 4134
914 4135
914 4136
914 4137
914 4138
914 4139
914 4140
914 4141
914 4142
914 4143
914 4144
914 4145
914 4146
914 4147
914 4148
914 4149
914 4150
914 4151
914 4152
914 4153
914 4154
914 4155
914 4156
914 4157
914 4158
914 4159
914 4160
914 4161
914 4162
914 4163
914 4164
914 4165
914 4166
914 4167
914 4168
914 4169
914 4170
914 4171
914 4172
914 4173
914 4174
914 4175
914 4176
914 4177
914 4178
914 4179
914 4180
914 4181
914 4182
914 4183
914 4184
914 4185
914 4186
914 4187
914 4188
914 4189
914 4190
914 4191
914 4192
914 4193
914 4194
914 4195
914 4196
914 4197
914 4198
914 4199
914 4200
914 4201
914 4202
914 4203
914 4204
914 4205
914 4206
914 4207
914 4208
914 4209
914 4210
914 4211
914 4212
914 4213
914 4214
914 4215
914 4216
914 4217
914 4218
914 4219
914 4220
914 4221
914 4222
914 4223
914 4224
914 4225
962 4226
962 4227
962 4228
962 4229
962 4230
962 4231
962 4232
962 4233
962 4234
962 4235
962 4236
962 4237
962 4238
962 4239
962 4240
962 4241
962 4242
962 4243
962 4244
962 4245
962 4246
962 4247
962 4248
962 4249
962 4250
962 4251
962 4252
962 4253
962 4254
962 4255
962 4256
962 4257
962 4258
962 4259
962 4260
962 4261
962 4262
962 4263
962 4264
962 4265
962 4266
962 4267
962 4268
962 4269
962 4270
962 4271
962 4272
962 4273
962 4274
962 4275
962 4276
962 4277
962 4278
962 4279
962 4280
962 4281
962 4282
962 4283
962 4284
962 4285
962 4286
962 4287
962 4288
962 4289
962 4290
962 4291
962 4292
962 4293
962 4294
962 4295
962 4296
962 4297
962 4298
962 4299
962 4300
962 4301
962 4302
962 4303
962 4304
962 4305
962 4306
962 4307
962 4308
962 4309
962 4310
962 4311
962 4312
962 4313
962 4314
962 4315
962 4316
962 4317
962 4318
962 4319
962 4320
962 4321
1010 4322
1010 4323
1010 4324
1010 4325
1010 4326
1010 4327
1010 4328
1010 4329
1010 4330
1010 4331
1010 4332
1010 4333
1010 4334
1010 4335
1010 4336
1010 4337
1010 4338
1010 4339
1010 4340
1010 4341
1010 4342
1010 4343
1010 4344
1010 4345
1010 4346
1010 4347
1010 4348
1010 4349
1010 4350
1010 4351
1010 4352
1010 4353
1010 4354
1010 4355
1010 4356
1010 4357
1010 4358
1010 4359
1010 4360
1010 4361
1010 4362
1010 4363
1010 4364
1010 4365
1010 4366
1010 4367
1010 4368
1010 4369
1010 4370
1010 4371
1010 4372
1010 4373
1010 4374
1010 4375
1010 4376
1010 4377
1010 4378
1010 4379
1010 4380
1010 4381
1010 4382
1010 4383
1010 4384
1010 4385
1010 4386
1010 4387
1010 4388
1010 4389
1010 4390
1010 4391
1010 4392
1010 4393
1010 4394
1010 4395
1010 4396
1010 4397
1010 4398
1010 4399
1010 4400
1010 4401
1010 4402
1010 4403
1010 4404
1010 4405
1010 4406
1010 4407
1010 4408
1010 4409
1010 4410
1010 4411
1010 4412
1010 4413
1010 4414
1010 4415
1010 4416
1010 4417
1058 4418
1058 4419
1058 4420
1058 4421
1058 4422
1058 4423
1058 4424
1058 4425
1058 4426
1058 4427
1058 4428
1058 4429
1058 4430
1058 4431
1058 4432
1058 4433
1058 4434
1058 4435
1058 4436
1058 4437
1058 4438
1058 4439
1058 4440
1058 4441
1058 4442
1058 4443
1058 4444
1058 4445
1058 4446
1058 4447
1058 4448
1058 4449
1058 4450
1058 4451
1058 4452
1058 4453
1058 4454
1058 4455
1058 4456
1058 4457
1058 4458
1058 4459
1058 4460
1058 4461
1058 4462
1058 4463
1058 4464
1058 4465
1058 4466
1058 4467
1058 4468
1058 4469
1058 4470
1058 4471
1058 4472
1058 4473
1058 4474
1058 4475
1058 4476
1058 4477
1058 4478
1058 4479
1058 4480
1058 4481
1058 4482
1058 4483
1058 4484
1058 4485
1058 4486
1058 4487
1058 4488
1058 4489
1058 4490
1058 4491
1058 4492
1058 4493
1058 4494
1058 4495
1058 4496
1058 4497
1058 4498
1058 4499
1058 4500
1058 4501
1058 4502
1058 4503
1058 4504
1058 4505
1058 4506
1058 4507
1058 4508
1058 4509
1058 4510
1058 4511
1058 4512
1058 4513
1106 4514
1106 4515
1106 4516
1106 4517
1106 4518
1106 4519
1106 4520
1106 4521
1106 4522
1106 4523
1106 4524
1106 4525
1106 4526
1106 4527
1106 4528
1106 4529
1106 4530
1106 4531
1106 4532
1106 4533
1106 4534
1106 4535
1106 4536
1106 4537
1106 4538
1106 4539
1106 4540
1106 4541
1106 4542
1106 4543
1106 4544
1106 4545
1106 4546
1106 4547
1106 4548
1106 4549
1106 4550
1106 4551
1106 4552
1106 4553
1106 4554
1106 4555
1106 4556
1106 4557
1106 4558
1106 4559
1106 4560
1106 4561
1106 4562
1106 4563
1106 4564
1106 4565
1106 4566
1106 4567
1106 4568
1106 4569
1106 4570
1106 4571
1106 4572
1106 4573
1106 4574
1106 4575
1106 4576
1106 4577
1106 4578
1106 4579
1106 4580
1106 4581
1106 4582
1106 4583
1106 4584
1106 4585
1106 4586
1106 4587
1106 4588
1106 4589
1106 4590
1106 4591
1106 4592
1106 4593
1106 4594
1106 4595
1106 4596
1106 4597
1106 4598
1106 4599
1106 4600
1106 4601
1106 4602
1106 4603
1106 4604
1106 4605
1106 4606
1106 4607
1106 4608
1106 4609
1154 4610
1154 4611
1154 4612
1154 4613
1154 4614
1154 4615
1154 4616
1154 4617
1154 4618
1154 4619
1154 4620
1154 4621
1154 4622
1154 4623
1154 4624
1154 4625
1154 4626
1154 4627
1154 4628
1154 4629
1154 4630
1154 4631
1154 4632
1154 4633
1154 4634
1154 4635
1154 4636
1154 4637
1154 4638
1154 4639
1154 4640
1154 4641
1154 4642
1154 4643
1154 4644
1154 4645
1154 4646
1154 4647
1154 4648
1154 4649
1154 4650
1154 4651
1154 4652
1154 4653
1154 4654
1154 4655
1154 4656
1154 4657
1154 4658
1154 4659
1154 4660
1154 4661
1154 4662
1154 4663
1154 4664
1154 4665
1154 4666
1154 4667
1154 4668
1154 4669
1154 4670
1154 4671
1154 4672
1154 4673
1154 4674
1154 4675
1154 4676
1154 4677
1154 4678
1154 4679
1154 4680
1154 4681
1154 4682
1154 4683
1154 4684
1154 4685
1154 4686
1154 4687
1154 4688
1154 4689
1154 4690
1154 4691
1154 4692
1154 4693
1154 4694
1154 4695
1154 4696
1154 4697
1154 4698
1154 4699
1154 4700
1154 4701
1154 4702
1154 4703
1154 4704
1154 4705
1202 4706
1202 4707
1202 4708
1202 4709
1202 4710
1202 4711
1202 4712
1202 4713
1202 4714
1202 4715
1202 4716
1202 4717
1202 4718
1202 4719
1202 4720
1202 4721
1202 4722
1202 4723
1202 4724
1202 4725
1202 4726
1202 4727
1202 4728
1202 4729
1202 4730
1202 4731
1202 4732
1202 4733
1202 4734
1202 4735
1202 4736
1202 4737
1202 4738
1202 4739
1202 4740
1202 4741
1202 4742
1202 4743
1202 4744
1202 4745
1202 4746
1202 4747
1202 4748
1202 4749
1202 4750
1202 4751
1202 4752
1202 4753
1202 4754
1202 4755
1202 4756
1202 4757
1202 4758
1202 4759
1202 4760
1202 4761
1202 4762
1202 4763
1202 4764
1202 4765
1202 4766
1202 4767
1202 4768
1202 4769
1202 4770
1202 4771
1202 4772
1202 4773
1202 4774
1202 4775
1202 4776
1202 4777
1202 4778
1202 4779
1202 4780
1202 4781
1202 4782
1202 4783
1202 4784
1202 4785
1202 4786
1202 4787
1202 4788
1202 4789
1202 4790
1202 4791
1202 4792
1202 4793
1202 4794
1202 4795
1202 4796
1202 4797
1202 4798
1202 4799
1202 4800
1202 4801
1250 4802
1250 4803
1250 4804
1250 4805
1250 4806
1250 4807
1250 4808
1250 4809
1250 4810
1250 4811
1250 4812
1250 4813
1250 4814
1250 4815
1250 4816
1250 4817
1250 4818
1250 4819
1250 4820
1250 4821
1250 4822
1250 4823
1250 4824
1250 4825
1250 4826
1250 4827
1250 4828
1250 4829
1250 4830
1250 4831
1250 4832
1250 4833
1250 4834
1250 4835
1250 4836
1250 4837
1250 4838
1250 4839
1250 4840
1250 4841
1250 4842
1250 4843
1250 4844
1250 4845
1250 4846
1250 4847
1250 4848
1250 4849
1250 4850
1250 4851
1250 4852
1250 4853
1250 4854
1250 4855
1250 4856
1250 4857
1250 4858
1250 4859
1250 4860
1250 4861
1250 4862
1250 4863
1250 4864
1250 4865
1250 4866
1250 4867
1250 4868
1250 4869
1250 4870
1250 4871
1250 4872
1250 4873
1250 4874
1250 4875
1250 4876
1250 4877
1250 4878
1250 4879
1250 4880
1250 4881
1250 4882
1250 4883
1250 4884
1250 4885
1250 4886
1250 4887
1250 4888
1250 4889
1250 4890
1250 4891
1250 4892
1250 4893
1250 4894
1250 4895
1250 4896
1250 4897
1298 4898
1298 4899
1298 4900
1298 4901
1298 4902
1298 4903
1298 4904
1298 4905
1298 4906
1298 4907
1298 4908
1298 4909
1298 4910
1298 4911
1298 4912
1298 4913
1298 4914
1298 4915
1298 4916
1298 4917
1298 4918
1298 4919
1298 4920
1298 4921
1298 4922
1298 4923
1298 4924
1298 4925
1298 4926
1298 4927
1298 4928
1298 4929
1298 4930
1298 4931
1298 4932
1298 4933
1298 4934
1298 4935
1298 4936
1298 4937
1298 4938
1298 4939
1298 4940
1298 4941
1298 4942
1298 4943
1298 4944
1298 4945
1298 4946
1298 4947
1298 4948
1298 4949
1298 4950
1298 4951
1298 4952
1298 4953
1298 4954
1298 4955
1298 4956
1298 4957
1298 4958
1298 4959
1298 4960
1298 4961
1298 4962
1298 4963
1298 4964
1298 4965
1298 4966
1298 4967
1298 4968
1298 4969
1298 4970
1298 4971
1298 4972
1298 4973
1298 4974
1298 4975
1298 4976
1298 4977
1298 4978
1298 4979
1298 4980
1298 4981
1298 4982
1298 4983
1298 4984
1298 4985
1298 4986
1298 4987
1298 4988
1298 4989
1298 4990
1298 4991
1298 4992
1298 4993
1346 4994
1346 4995
1346 4996
1346 4997
1346 4998
1346 4999
1346 5000
1346 5001
1346 5002
1346 5003
1346 5004
1346 5005
1346 5006
1346 5007
1346 5008
1346 5009
1346 5010
1346 5011
1346 5012
1346 5013
1346 5014
1346 5015
1346 5016
1346 5017
1346 5018
1346 5019
1346 5020
1346 5021
1346 5022
1346 5023
1346 5024
1346 5025
1346 5026
1346 5027
1346 5028
1346 5029
1346 5030
1346 5031
1346 5032
1346 5033
1346 5034
1346 5035
1346 5036
1346 5037
1346 5038
1346 5039
1346 5040
1346 5041
1346 5042
1346 5043
1346 5044
1346 5045
1346 5046
1346 5047
1346 5048
1346 5049
1346 5050
1346 5051
1346 5052
1346 5053
1346 5054
1346 5055
1346 5056
1346 5057
1346 5058
1346 5059
1346 5060
1346 5061
1346 5062
1346 5063
1346 5064
1346 5065
1346 5066
1346 5067
1346 5068
1346 5069
1346 5070
1346 5071
1346 5072
1346 5073
1346 5074
1346 5075
1346 5076
1346 5077
1346 5078
1346 5079
1346 5080
1346 5081
1346 5082
1346 5083
1346 5084
1346 5085
1346 5086
1346 5087
1346 5088
1346 5089
1394 5090
1394 5091
1394 5092
1394 5093
1394 5094
1394 5095
1394 5096
1394 5097
1394 5098
1394 5099
1394 5100
1394 5101
1394 5102
1394 5103
1394 5104
1394 5105
1394 5106
1394 5107
1394 5108
1394 5109
1394 5110
1394 5111
1394 5112
1394 5113
1394 5114
1394 5115
1394 5116
1394 5117
1394 5118
1394 5119
1394 5120
1394 5121
1394 5122
1394 5123
1394 5124
1394 5125
1394 5126
1394 5127
1394 5128
1394 5129
1394 5130
1394 5131
1394 5132
1394 5133
1394 5134
1394 5135
1394 5136
1394 5137
1394 5138
1394 5139
1394 5140
1394 5141
1394 5142
1394 5143
1394 5144
1394 5145
1394 5146
1394 5147
1394 5148
1394 5149
1394 5150
1394 5151
1394 5152
1394 5153
1394 5154
1394 5155
1394 5156
1394 5157
1394 5158
1394 5159
1394 5160
1394 5161
1394 5162
1394 5163
1394 5164
1394 5165
1394 5166
1394 5167
1394 5168
1394 5169
1394 5170
1394 5171
1394 5172
1394 5173
1394 5174
1394 5175
1394 5176
1394 5177
1394 5178
1394 5179
1394 5180
1394 5181
1394 5182
1394 5183
1394 5184
1394 5185
1442 5186
1442 5187
1442 5188
1442 5189
1442 5190
1442 5191
1442 5192
1442 5193
1442 5194
1442 5195
1442 5196
1442 5197
1442 5198
1442 5199
1442 5200
1442 5201
1442 5202
1442 5203
1442 5204
1442 5205
1442 5206
1442 5207
1442 5208
1442 5209
1442 5210
1442 5211
1442 5212
1442 5213
1442 5214
1442 5215
1442 5216
1442 5217
1442 5218
1442 5219
1442 5220
1442 5221
1442 5222
1442 5223
1442 5224
1442 5225
1442 5226
1442 5227
1442 5228
1442 5229
1442 5230
1442 5231
1442 5232
1442 5233
1442 5234
1442 5235
1442 5236
1442 5237
1442 5238
1442 5239
1442 5240
1442 5241
1442 5242
1442 5243
1442 5244
1442 5245
1442 5246
1442 5247
1442 5248
1442 5249
1442 5250
1442 5251
1442 5252
1442 5253
1442 5254
1442 5255
1442 5256
1442 5257
1442 5258
1442 5259
1442 5260
1442 5261
1442 5262
1442 5263
1442 5264
1442 5265
1442 5266
1442 5267
1442 5268
1442 5269
1442 5270
1442 5271
1442 5272
1442 5273
1442 5274
1442 5275
1442 5276
1442 5277
1442 5278
1442 5279
1442 5280
1442 5281
1490 5282
1490 5283
1490 5284
1490 5285
1490 5286
1490 5287
1490 5288
1490 5289
1490 5290
1490 5291
1490 5292
1490 5293
1490 5294
1490 5295
1490 5296
1490 5297
1490 5298
1490 5299
1490 5300
1490 5301
1490 5302
1490 5303
1490 5304
1490 5305
1490 5306
1490 5307
1490 5308
1490 5309
1490 5310
1490 5311
1490 5312
1490 5313
1490 5314
1490 5315
1490 5316
1490 5317
1490 5318
1490 5319
1490 5320
1490 5321
1490 5322
1490 5323
1490 5324
1490 5325
1490 5326
1490 5327
1490 5328
1490 5329
1490 5330
1490 5331
1490 5332
1490 5333
1490 5334
1490 5335
1490 5336
1490 5337
1490 5338
1490 5339
1490 5340
1490 5341
1490 5342
1490 5343
1490 5344
1490 5345
1490 5346
1490 5347
1490 5348
1490 5349
1490 5350
1490 5351
1490 5352
1490 5353
1490 5354
1490 5355
1490 5356
1490 5357
1490 5358
1490 5359
1490 5360
1490 5361
1490 5362
1490 5363
1490 5364
1490 5365
1490 5366
1490 5367
1490 5368
1490 5369
1490 5370
1490 5371
1490 5372
1490 5373
1490 5374
1490 5375
1490 5376
1490 5377
1538 5378
1538 5379
1538 5380
1538 5381
1538 5382
1538 5383
1538 5384
1538 5385
1538 5386
1538 5387
1538 5388
1538 5389
1538 5390
1538 5391
1538 5392
1538 5393
1538 5394
1538 5395
1538 5396
1538 5397
1538 5398
1538 5399
1538 5400
1538 5401
1538 5402
1538 5403
1538 5404
1538 5405
1538 5406
1538 5407
1538 5408
1538 5409
1538 5410
1538 5411
1538 5412
1538 5413
1538 5414
1538 5415
1538 5416
1538 5417
1538 5418
1538 5419
1538 5420
1538 5421
1538 5422
1538 5423
1538 5424
1538 5425
1538 5426
1538 5427
1538 5428
1538 5429
1538 5430
1538 5431
1538 5432
1538 5433
1538 5434
1538 5435
1538 5436
1538 5437
1538 5438
1538 5439
1538 5440
1538 5441
1538 5442
1538 5443
1538 5444
1538 5445
1538 5446
1538 5447
1538 5448
1538 5449
1538 5450
1538 5451
1538 5452
1538 5453
1538 5454
1538 5455
1538 5456
1538 5457
1538 5458
1538 5459
1538 5460
1538 5461
1538 5462
1538 5463
1538 5464
1538 5465
1538 5466
1538 5467
1538 5468
1538 5469
1538 5470
1538 5471
1538 5472
1538 5473
1586 5474
1586 5475
1586 5476
1586 5477
1586 5478
1586 5479
1586 5480
1586 5481
1586 5482
1586 5483
1586 5484
1586 5485
1586 5486
1586 5487
1586 5488
1586 5489
1586 5490
1586 5491
1586 5492
1586 5493
1586 5494
1586 5495
1586 5496
1586 5497
1586 5498
1586 5499
1586 5500
1586 5501
1586 5502
1586 5503
1586 5504
1586 5505
1586 5506
1586 5507
1586 5508
1586 5509
1586 5510
1586 5511
1586 5512
1586 5513
1586 5514
1586 5515
1586 5516
1586 5517
1586 5518
1586 5519
1586 5520
1586 5521
1586 5522
1586 5523
1586 5524
1586 5525
1586 5526
1586 5527
1586 5528
1586 5529
1586 5530
1586 5531
1586 5532
1586 5533
1586 5534
1586 5535
1586 5536
1586 5537
1586 5538
1586 5539
1586 5540
1586 5541
1586 5542
1586 5543
1586 5544
1586 5545
1586 5546
1586 5547
1586 5548
1586 5549
1586 5550
1586 5551
1586 5552
1586 5553
1586 5554
1586 5555
1586 5556
1586 5557
1586 5558
1586 5559
1586 5560
1586 5561
1586 5562
1586 5563
1586 5564
1586 5565
1586 5566
1586 5567
1586 5568
1586 5569
1634 5570
1634 5571
1634 5572
1634 5573
1634 5574
1634 5575
1634 5576
1634 5577
1634 5578
1634 5579
1634 5580
1634 5581
1634 5582
1634 5583
1634 5584
1634 5585
1634 5586
1634 5587
1634 5588
1634 5589
1634 5590
1634 5591
1634 5592
1634 5593
1634 5594
1634 5595
1634 5596
1634 5597
1634 5598
1634 5599
1634 5600
1634 5601
1634 5602
1634 5603
1634 5604
1634 5605
1634 5606
1634 5607
1634 5608
1634 5609
1634 5610
1634 5611
1634 5612
1634 5613
1634 5614
1634 5615
1634 5616
1634 5617
1634 5618
1634 5619
1634 5620
1634 5621
1634 5622
1634 5623
1634 5624
1634 5625
1634 5626
1634 5627
1634 5628
1634 5629
1634 5630
1634 5631
1634 5632
1634 5633
1634 5634
1634 5635
1634 5636
1634 5637
1634 5638
1634 5639
1634 5640
1634 5641
1634 5642
1634 5643
1634 5644
1634 5645
1634 5646
1634 5647
1634 5648
1634 5649
1634 5650
1634 5651
1634 5652
1634 5653
1634 5654
1634 5655
1634 5656
1634 5657
1634 5658
1634 5659
1634 5660
1634 5661
1634 5662
1634 5663
1634 5664
1634 5665
1682 5666
1682 5667
1682 5668
1682 5669
1682 5670
1682 5671
1682 5672
1682 5673
1682 5674
1682 5675
1682 5676
1682 5677
1682 5678
1682 5679
1682 5680
1682 5681
1682 5682
1682 5683
1682 5684
1682 5685
1682 5686
1682 5687
1682 5688
1682 5689
1682 5690
1682 5691
1682 5692
1682 5693
1682 5694
1682 5695
1682 5696
1682 5697
1682 5698
1682 5699
1682 5700
1682 5701
1682 5702
1682 5703
1682 5704
1682 5705
1682 5706
1682 5707
1682 5708
1682 5709
1682 5710
1682 5711
1682 5712
1682 5713
1682 5714
1682 5715
1682 5716
1682 5717
1682 5718
1682 5719
1682 5720
1682 5721
1682 5722
1682 5723
1682 5724
1682 5725
1682 5726
1682 5727
1682 5728
1682 5729
1682 5730
1682 5731
1682 5732
1682 5733
1682 5734
1682 5735
1682 5736
1682 5737
1682 5738
1682 5739
1682 5740
1682 5741
1682 5742
1682 5743
1682 5744
1682 5745
1682 5746
1682 5747
1682 5748
1682 5749
1682 5750
1682 5751
1682 5752
1682 5753
1682 5754
1682 5755
1682 5756
1682 5757
1682 5758
1682 5759
1682 5760
1682 5761
1730 5762
1730 5763
1730 5764
1730 5765
1730 5766
1730 5767
1730 5768
1730 5769
1730 5770
1730 5771
1730 5772
1730 5773
1730 5774
1730 5775
1730 5776
1730 5777
1730 5778
1730 5779
1730 5780
1730 5781
1730 5782
1730 5783
1730 5784
1730 5785
1730 5786
1730 5787
1730 5788
1730 5789
1730 5790
1730 5791
1730 5792
1730 5793
1730 5794
1730 5795
1730 5796
1730 5797
1730 5798
1730 5799
1730 5800
1730 5801
1730 5802
1730 5803
1730 5804
1730 5805
1730 5806
1730 5807
1730 5808
1730 5809
1730 5810
1730 5811
1730 5812
1730 5813
1730 5814
1730 5815
1730 5816
1730 5817
1730 5818
1730 5819
1730 5820
1730 5821
1730 5822
1730 5823
1730 5824
1730 5825
1730 5826
1730 5827
1730 5828
1730 5829
1730 5830
1730 5831
1730 5832
1730 5833
1730 5834
1730 5835
1730 5836
1730 5837
1730 5838
1730 5839
1730 5840
1730 5841
1730 5842
1730 5843
1730 5844
1730 5845
1730 5846
1730 5847
1730 5848
1730 5849
1730 5850
1730 5851
1730 5852
1730 5853
1730 5854
1730 5855
1730 5856
1730 5857
1778 5858
1778 5859
1778 5860
1778 5861
1778 5862
1778 5863
1778 5864
1778 5865
1778 5866
1778 5867
1778 5868
1778 5869
1778 5870
1778 5871
1778 5872
1778 5873
1778 5874
1778 5875
1778 5876
1778 5877
1778 5878
1778 5879
1778 5880
1778 5881
1778 5882
1778 5883
1778 5884
1778 5885
1778 5886
1778 5887
1778 5888
1778 5889
1778 5890
1778 5891
1778 5892
1778 5893
1778 5894
1778 5895
1778 5896
1778 5897
1778 5898
1778 5899
1778 5900
1778 5901
1778 5902
1778 5903
1778 5904
1778 5905
1778 5906
1778 5907
1778 5908
1778 5909
1778 5910
1778 5911
1778 5912
1778 5913
1778 5914
1778 5915
1778 5916
1778 5917
1778 5918
1778 5919
1778 5920
1778 5921
1778 5922
1778 5923
1778 5924
1778 5925
1778 5926
1778 5927
1778 5928
1778 5929
1778 5930
1778 5931
1778 5932
1778 5933
1778 5934
1778 5935
1778 5936
1778 5937
1778 5938
1778 5939
1778 5940
1778 5941
1778 5942
1778 5943
1778 5944
1778 5945
1778 5946
1778 5947
1778 5948
1778 5949
1778 5950
1778 5951
1778 5952
1778 5953
1826 5954
1826 5955
1826 5956
1826 5957
1826 5958
1826 5959
1826 5960
1826 5961
1826 5962
1826 5963
1826 5964
1826 5965
1826 5966
1826 5967
1826 5968
1826 5969
1826 5970
1826 5971
1826 5972
1826 5973
1826 5974
1826 5975
1826 5976
1826 5977
1826 5978
1826 5979
1826 5980
1826 5981
1826 5982
1826 5983
1826 5984
1826 5985
1826 5986
1826 5987
1826 5988
1826 5989
1826 5990
1826 5991
1826 5992
1826 5993
1826 5994
1826 5995
1826 5996
1826 5997
1826 5998
1826 5999
1826 6000
1826 6001
1826 6002
1826 6003
1826 6004
1826 6005
1826 6006
1826 6007
1826 6008
1826 6009
1826 6010
1826 6011
1826 6012
1826 6013
1826 6014
1826 6015
1826 6016
1826 6017
1826 6018
1826 6019
1826 6020
1826 6021
1826 6022
1826 6023
1826 6024
1826 6025
1826 6026
1826 6027
1826 6028
1826 6029
1826 6030
1826 6031
1826 6032
1826 6033
1826 6034
1826 6035
1826 6036
1826 6037
1826 6038
1826 6039
1826 6040
1826 6041
1826 6042
1826 6043
1826 6044
1826 6045
1826 6046
1826 6047
1826 6048
1826 6049
1874 6050
1874 6051
1874 6052
1874 6053
1874 6054
1874 6055
1874 6056
1874 6057
1874 6058
1874 6059
1874 6060
1874 6061
1874 6062
1874 6063
1874 6064
1874 6065
1874 6066
1874 6067
1874 6068
1874 6069
1874 6070
1874 6071
1874 6072
1874 6073
1874 6074
1874 6075
1874 6076
1874 6077
1874 6078
1874 6079
1874 6080
1874 6081
1874 6082
1874 6083
1874 6084
1874 6085
1874 6086
1874 6087
1874 6088
1874 6089
1874 6090
1874 6091
1874 6092
1874 6093
1874 6094
1874 6095
1874 6096
1874 6097
1874 6098
1874 6099
1874 6100
1874 6101
1874 6102
1874 6103
1874 6104
1874 6105
1874 6106
1874 6107
1874 6108
1874 6109
1874 6110
1874 6111
1874 6112
1874 6113
1874 6114
1874 6115
1874 6116
1874 6117
1874 6118
1874 6119
1874 6120
1874 6121
1874 6122
1874 6123
1874 6124
1874 6125
1874 6126
1874 6127
1874 6128
1874 6129
1874 6130
1874 6131
1874 6132
1874 6133
1874 6134
1874 6135
1874 6136
1874 6137
1874 6138
1874 6139
1874 6140
1874 6141
1874 6142
1874 6143
1874 6144
1874 6145
1922 6146
1922 6147
1922 6148
1922 6149
1922 6150
1922 6151
1922 6152
1922 6153
1922 6154
1922 6155
1922 6156
1922 6157
1922 6158
1922 6159
1922 6160
1922 6161
1922 6162
1922 6163
1922 6164
1922 6165
1922 6166
1922 6167
1922 6168
1922 6169
1922 6170
1922 6171
1922 6172
1922 6173
1922 6174
1922 6175
1922 6176
1922 6177
1922 6178
1922 6179
1922 6180
1922 6181
1922 6182
1922 6183
1922 6184
1922 6185
1922 6186
1922 6187
1922 6188
1922 6189
1922 6190
1922 6191
1922 6192
1922 6193
1922 6194
1922 6195
1922 6196
1922 6197
1922 6198
1922 6199
1922 6200
1922 6201
1922 6202
1922 6203
1922 6204
1922 6205
1922 6206
1922 6207
1922 6208
1922 6209
1922 6210
1922 6211
1922 6212
1922 6213
1922 6214
1922 6215
1922 6216
1922 6217
1922 6218
1922 6219
1922 6220
1922 6221
1922 6222
1922 6223
1922 6224
1922 6225
1922 6226
1922 6227
1922 6228
1922 6229
1922 6230
1922 6231
1922 6232
1922 6233
1922 6234
1922 6235
1922 6236
1922 6237
1922 6238
1922 6239
1922 6240
1922 6241
1970 6242
1970 6243
1970 6244
1970 6245
1970 6246
1970 6247
1970 6248
1970 6249
1970 6250
1970 6251
1970 6252
1970 6253
1970 6254
1970 6255
1970 6256
1970 6257
1970 6258
1970 6259
1970 6260
1970 6261
1970 6262
1970 6263
1970 6264
1970 6265
1970 6266
1970 6267
1970 6268
1970 6269
1970 6270
1970 6271
1970 6272
1970 6273
1970 6274
1970 6275
1970 6276
1970 6277
1970 6278
1970 6279
1970 6280
1970 6281
1970 6282
1970 6283
1970 6284
1970 6285
1970 6286
1970 6287
1970 6288
1970 6289
1970 6290
1970 6291
1970 6292
1970 6293
1970 6294
1970 6295
1970 6296
1970 6297
1970 6298
1970 6299
1970 6300
1970 6301
1970 6302
1970 6303
1970 6304
1970 6305
1970 6306
1970 6307
1970 6308
1970 6309
1970 6310
1970 6311
1970 6312
1970 6313
1970 6314
1970 6315
1970 6316
1970 6317
1970 6318
1970 6319
1970 6320
1970 6321
1970 6322
1970 6323
1970 6324
1970 6325
1970 6326
1970 6327
1970 6328
1970 6329
1970 6330
1970 6331
1970 6332
1970 6333
1970 6334
1970 6335
1970 6336
1970 6337
2018 6338
2018 6339
2018 6340
2018 6341
2018 6342
2018 6343
2018 6344
2018 6345
2018 6346
2018 6347
2018 6348
2018 6349
2018 6350
2018 6351
2018 6352
2018 6353
2018 6354
2018 6355
2018 6356
2018 6357
2018 6358
2018 6359
2018 6360
2018 6361
2018 6362
2018 6363
2018 6364
2018 6365
2018 6366
2018 6367
2018 6368
2018 6369
2018 6370
2018 6371
2018 6372
2018 6373
2018 6374
2018 6375
2018 6376
2018 6377
2018 6378
2018 6379
2018 6380
2018 6381
2018 6382
2018 6383
2018 6384
2018 6385
2018 6386
2018 6387
2018 6388
2018 6389
2018 6390
2018 6391
2018 6392
2018 6393
2018 6394
2018 6395
2018 6396
2018 6397
2018 6398
2018 6399
2018 6400
2018 6401
2018 6402
2018 6403
2018 6404
2018 6405
2018 6406
2018 6407
2018 6408
2018 6409
2018 6410
2018 6411
2018 6412
2018 6413
2018 6414
2018 6415
2018 6416
2018 6417
2018 6418
2018 6419
2018 6420
2018 6421
2018 6422
2018 6423
2018 6424
2018 6425
2018 6426
2018 6427
2018 6428
2018 6429
2018 6430
2018 6431
2018 6432
2018 6433
2066 6434
2066 6435
2066 6436
2066 6437
2066 6438
2066 6439
2066 6440
2066 6441
2066 6442
2066 6443
2066 6444
2066 6445
2066 6446
2066 6447
2066 6448
2066 6449
2066 6450
2066 6451
2066 6452
2066 6453
2066 6454
2066 6455
2066 6456
2066 6457
2066 6458
2066 6459
2066 6460
2066 6461
2066 6462
2066 6463
2066 6464
2066 6465
2066 6466
2066 6467
2066 6468
2066 6469
2066 6470
2066 6471
2066 6472
2066 6473
2066 6474
2066 6475
2066 6476
2066 6477
2066 6478
2066 6479
2066 6480
2066 6481
2066 6482
2066 6483
2066 6484
2066 6485
2066 6486
2066 6487
2066 6488
2066 6489
2066 6490
2066 6491
2066 6492
2066 6493
2066 6494
2066 6495
2066 6496
2066 6497
2066 6498
2066 6499
2066 6500
2066 6501
2066 6502
2066 6503
2066 6504
2066 6505
2066 6506
2066 6507
2066 6508
2066 6509
2066 6510
2066 6511
2066 6512
2066 6513
2066 6514
2066 6515
2066 6516
2066 6517
2066 6518
2066 6519
2066 6520
2066 6521
2066 6522
2066 6523
2066 6524
2066 6525
2066 6526
2066 6527
2066 6528
2066 6529
2114 6530
2114 6531
2114 6532
2114 6533
2114 6534
2114 6535
2114 6536
2114 6537
2114 6538
2114 6539
2114 6540
2114 6541
2114 6542
2114 6543
2114 6544
2114 6545
2114 6546
2114 6547
2114 6548
2114 6549
2114 6550
2114 6551
2114 6552
2114 6553
2114 6554
2114 6555
2114 6556
2114 6557
2114 6558
2114 6559
2114 6560
2114 6561
2114 6562
2114 6563
2114 6564
2114 6565
2114 6566
2114 6567
2114 6568
2114 6569
2114 6570
2114 6571
2114 6572
2114 6573
2114 6574
2114 6575
2114 6576
2114 6577
2114 6578
2114 6579
2114 6580
2114 6581
2114 6582
2114 6583
2114 6584
2114 6585
2114 6586
2114 6587
2114 6588
2114 6589
2114 6590
2114 6591
2114 6592
2114 6593
2114 6594
2114 6595
2114 6596
2114 6597
2114 6598
2114 6599
2114 6600
2114 6601
2114 6602
2114 6603
2114 6604
2114 6605
2114 6606
2114 6607
2114 6608
2114 6609
2114 6610
2114 6611
2114 6612
2114 6613
2114 6614
2114 6615
2114 6616
2114 6617
2114 6618
2114 6619
2114 6620
2114 6621
2114 6622
2114 6623
2114 6624
2114 6625
2162 6626
2162 6627
2162 6628
2162 6629
2162 6630
2162 6631
2162 6632
2162 6633
2162 6634
2162 6635
2162 6636
2162 6637
2162 6638
2162 6639
2162 6640
2162 6641
2162 6642
2162 6643
2162 6644
2162 6645
2162 6646
2162 6647
2162 6648
2162 6649
2162 6650
2162 6651
2162 6652
2162 6653
2162 6654
2162 6655
2162 6656
2162 6657
2162 6658
2162 6659
2162 6660
2162 6661
2162 6662
2162 6663
2162 6664
2162 6665
2162 6666
2162 6667
2162 6668
2162 6669
2162 6670
2162 6671
2162 6672
2162 6673
2162 6674
2162 6675
2162 6676
2162 6677
2162 6678
2162 6679
2162 6680
2162 6681
2162 6682
2162 6683
2162 6684
2162 6685
2162 6686
2162 6687
2162 6688
2162 6689
2162 6690
2162 6691
2162 6692
2162 6693
2162 6694
2162 6695
2162 6696
2162 6697
2162 6698
2162 6699
2162 6700
2162 6701
2162 6702
2162 6703
2162 6704
2162 6705
2162 6706
2162 6707
2162 6708
2162 6709
2162 6710
2162 6711
2162 6712
2162 6713
2162 6714
2162 6715
2162 6716
2162 6717
2162 6718
2162 6719
2162 6720
2162 6721
2210 6722
2210 6723
2210 6724
2210 6725
2210 6726
2210 6727
2210 6728
2210 6729
2210 6730
2210 6731
2210 6732
2210 6733
2210 6734
2210 6735
2210 6736
2210 6737
2210 6738
2210 6739
2210 6740
2210 6741
2210 6742
2210 6743
2210 6744
2210 6745
2210 6746
2210 6747
2210 6748
2210 6749
2210 6750
2210 6751
2210 6752
2210 6753
2210 6754
2210 6755
2210 6756
2210 6757
2210 6758
2210 6759
2210 6760
2210 6761
2210 6762
2210 6763
2210 6764
2210 6765
2210 6766
2210 6767
2210 6768
2210 6769
2210 6770
2210 6771
2210 6772
2210 6773
2210 6774
2210 6775
2210 6776
2210 6777
2210 6778
2210 6779
2210 6780
2210 6781
2210 6782
2210 6783
2210 6784
2210 6785
2210 6786
2210 6787
2210 6788
2210 6789
2210 6790
2210 6791
2210 6792
2210 6793
2210 6794
2210 6795
2210 6796
2210 6797
2210 6798
2210 6799
2210 6800
2210 6801
2210 6802
2210 6803
2210 6804
2210 6805
2210 6806
2210 6807
2210 6808
2210 6809
2210 6810
2210 6811
2210 6812
2210 6813
2210 6814
2210 6815
2210 6816
2210 6817
2258 6818
2258 6819
2258 6820
2258 6821
2258 6822
2258 6823
2258 6824
2258 6825
2258 6826
2258 6827
2258 6828
2258 6829
2258 6830
2258 6831
2258 6832
2258 6833
2258 6834
2258 6835
2258 6836
2258 6837
2258 6838
2258 6839
2258 6840
2258 6841
2258 6842
2258 6843
2258 6844
2258 6845
2258 6846
2258 6847
2258 6848
2258 6849
2258 6850
2258 6851
2258 6852
2258 6853
2258 6854
2258 6855
2258 6856
2258 6857
2258 6858
2258 6859
2258 6860
2258 6861
2258 6862
2258 6863
2258 6864
2258 6865
2258 6866
2258 6867
2258 6868
2258 6869
2258 6870
2258 6871
2258 6872
2258 6873
2258 6874
2258 6875
2258 6876
2258 6877
2258 6878
2258 6879
2258 6880
2258 6881
2258 6882
2258 6883
2258 6884
2258 6885
2258 6886
2258 6887
2258 6888
2258 6889
2258 6890
2258 6891
2258 6892
2258 6893
2258 6894
2258 6895
2258 6896
2258 6897
2258 6898
2258 6899
2258 6900
2258 6901
2258 6902
2258 6903
2258 6904
2258 6905
2258 6906
2258 6907
2258 6908
2258 6909
2258 6910
2258 6911
2258 6912
2258 6913
2306 6914
2306 6915
2306 6916
2306 6917
2306 6918
2306 6919
2306 6920
2306 6921
2306 6922
2306 6923
2306 6924
2306 6925
2306 6926
2306 6927
2306 6928
2306 6929
2306 6930
2306 6931
2306 6932
2306 6933
2306 6934
2306 6935
2306 6936
2306 6937
2306 6938
2306 6939
2306 6940
2306 6941
2306 6942
2306 6943
2306 6944
2306 6945
2306 6946
2306 6947
2306 6948
2306 6949
2306 6950
2306 6951
2306 6952
2306 6953
2306 6954
2306 6955
2306 6956
2306 6957
2306 6958
2306 6959
2306 6960
2306 6961
2306 6962
2306 6963
2306 6964
2306 6965
2306 6966
2306 6967
2306 6968
2306 6969
2306 6970
2306 6971
2306 6972
2306 6973
2306 6974
2306 6975
2306 6976
2306 6977
2306 6978
2306 6979
2306 6980
2306 6981
2306 6982
2306 6983
2306 6984
2306 6985
2306 6986
2306 6987
2306 6988
2306 6989
2306 6990
2306 6991
2306 6992
2306 6993
2306 6994
2306 6995
2306 6996
2306 6997
2306 6998
2306 6999
2306 7000
2306 7001
2306 7002
2306 7003
2306 7004
2306 7005
2306 7006
2306 7007
2306 7008
2306 7009
2354 7010
2354 7011
2354 7012
2354 7013
2354 7014
2354 7015
2354 7016
2354 7017
2354 7018
2354 7019
2354 7020
2354 7021
2354 7022
2354 7023
2354 7024
2354 7025
2354 7026
2354 7027
2354 7028
2354 7029
2354 7030
2354 7031
2354 7032
2354 7033
2354 7034
2354 7035
2354 7036
2354 7037
2354 7038
2354 7039
2354 7040
2354 7041
2354 7042
2354 7043
2354 7044
2354 7045
2354 7046
2354 7047
2354 7048
2354 7049
2354 7050
2354 7051
2354 7052
2354 7053
2354 7054
2354 7055
2354 7056
2354 7057
2354 7058
2354 7059
2354 7060
2354 7061
2354 7062
2354 7063
2354 7064
2354 7065
2354 7066
2354 7067
2354 7068
2354 7069
2354 7070
2354 7071
2354 7072
2354 7073
2354 7074
2354 7075
2354 7076
2354 7077
2354 7078
2354 7079
2354 7080
2354 7081
2354 7082
2354 7083
2354 7084
2354 7085
2354 7086
2354 7087
2354 7088
2354 7089
2354 7090
2354 7091
2354 7092
2354 7093
2354 7094
2354 7095
2354 7096
2354 7097
2354 7098
2354 7099
2354 7100
2354 7101
2354 7102
2354 7103
2354 7104
2354 7105
