6533 8648
1 2
1 3
1 4
1 5
1 6
1 7
1 8
1 9
1 10
1 11
1 12
1 13
1 14
1 15
1 16
1 17
1 18
1 19
1 20
1 21
1 22
1 23
1 24
1 25
1 26
1 27
1 28
1 29
1 30
1 31
1 32
1 33
1 34
1 35
1 36
1 37
1 38
1 39
1 40
1 41
1 42
1 43
1 44
1 45
1 46
1 47
2 1
2 3
2 4
2 5
2 6
2 7
2 8
2 9
2 10
2 11
2 12
2 13
2 14
2 15
2 16
2 17
2 18
2 19
2 20
2 21
2 22
2 23
2 24
2 25
2 26
2 27
2 28
2 29
2 30
2 31
2 32
2 33
2 34
2 35
2 36
2 37
2 38
2 39
2 40
2 41
2 42
2 43
2 44
2 45
2 46
2 47
3 1
3 2
3 4
3 5
3 6
3 7
3 8
3 9
3 10
3 11
3 12
3 13
3 14
3 15
3 16
3 17
3 18
3 19
3 20
3 21
3 22
3 23
3 24
3 25
3 26
3 27
3 28
3 29
3 30
3 31
3 32
3 33
3 34
3 35
3 36
3 37
3 38
3 39
3 40
3 41
3 42
3 43
3 44
3 45
3 46
3 47
4 1
4 2
4 3
4 5
4 6
4 7
4 8
4 9
4 10
4 11
4 12
4 13
4 14
4 15
4 16
4 17
4 18
4 19
4 20
4 21
4 22
4 23
4 24
4 25
4 26
4 27
4 28
4 29
4 30
4 31
4 32
4 33
4 34
4 35
4 36
4 37
4 38
4 39
4 40
4 41
4 42
4 43
4 44
4 45
4 46
4 47
5 1
5 2
5 3
5 4
5 6
5 7
5 8
5 9
5 10
5 11
5 12
5 13
5 14
5 15
5 16
5 17
5 18
5 19
5 20
5 21
5 22
5 23
5 24
5 25
5 26
5 27
5 28
5 29
5 30
5 31
5 32
5 33
5 34
5 35
5 36
5 37
5 38
5 39
5 40
5 41
5 42
5 43
5 44
5 45
5 46
5 47
6 1
6 2
6 3
6 4
6 5
6 7
6 8
6 9
6 10
6 11
6 12
6 13
6 14
6 15
6 16
6 17
6 18
6 19
6 20
6 21
6 22
6 23
6 24
6 25
6 26
6 27
6 28
6 29
6 30
6 31
6 32
6 33
6 34
6 35
6 36
6 37
6 38
6 39
6 40
6 41
6 42
6 43
6 44
6 45
6 46
6 47
7 1
7 2
7 3
7 4
7 5
7 6
7 8
7 9
7 10
7 11
7 12
7 13
7 14
7 15
7 16
7 17
7 18
7 19
7 20
7 21
7 22
7 23
7 24
7 25
7 26
7 27
7 28
7 29
7 30
7 31
7 32
7 33
7 34
7 35
7 36
7 37
7 38
7 39
7 40
7 41
7 42
7 43
7 44
7 45
7 46
7 47
8 1
8 2
8 3
8 4
8 5
8 6
8 7
8 9
8 10
8 11
8 12
8 13
8 14
8 15
8 16
8 17
8 18
8 19
8 20
8 21
8 22
8 23
8 24
8 25
8 26
8 27
8 28
8 29
8 30
8 31
8 32
8 33
8 34
8 35
8 36
8 37
8 38
8 39
8 40
8 41
8 42
8 43
8 44
8 45
8 46
8 47
9 1
9 2
9 3
9 4
9 5
9 6
9 7
9 8
9 10
9 11
9 12
9 13
9 14
9 15
9 16
9 17
9 18
9 19
9 20
9 21
9 22
9 23
9 24
9 25
9 26
9 27
9 28
9 29
9 30
9 31
9 32
9 33
9 34
9 35
9 36
9 37
9 38
9 39
9 40
9 41
9 42
9 43
9 44
9 45
9 46
9 47
10 1
10 2
10 3
10 4
10 5
10 6
10 7
10 8
10 9
10 11
10 12
10 13
10 14
10 15
10 16
10 17
10 18
10 19
10 20
10 21
10 22
10 23
10 24
10 25
10 26
10 27
10 28
10 29
10 30
10 31
10 32
10 33
10 34
10 35
10 36
10 37
10 38
10 39
10 40
10 41
10 42
10 43
10 44
10 45
10 46
10 47
11 1
11 2
11 3
11 4
11 5
11 6
11 7
11 8
11 9
11 10
11 12
11 13
11 14
11 15
11 16
11 17
11 18
11 19
11 20
11 21
11 22
11 23
11 24
11 25
11 26
11 27
11 28
11 29
11 30
11 31
11 32
11 33
11 34
11 35
11 36
11 37
11 38
11 39
11 40
11 41
11 42
11 43
11 44
11 45
11 46
11 47
12 1
12 2
12 3
12 4
12 5
12 6
12 7
12 8
12 9
12 10
12 11
12 13
12 14
12 15
12 16
12 17
12 18
12 19
12 20
12 21
12 22
12 23
12 24
12 25
12 26
12 27
12 28
12 29
12 30
12 31
12 32
12 33
12 34
12 35
12 36
12 37
12 38
12 39
12 40
12 41
12 42
12 43
12 44
12 45
12 46
12 47
13 1
13 2
13 3
13 4
13 5
13 6
13 7
13 8
13 9
13 10
13 11
13 12
13 14
13 15
13 16
13 17
13 18
13 19
13 20
13 21
13 22
13 23
13 24
13 25
13 26
13 27
13 28
13 29
13 30
13 31
13 32
13 33
13 34
13 35
13 36
13 37
13 38
13 39
13 40
13 41
13 42
13 43
13 44
13 45
13 46
13 47
14 1
14 2
14 3
14 4
14 5
14 6
14 7
14 8
14 9
14 10
14 11
14 12
14 13
14 15
14 16
14 17
14 18
14 19
14 20
14 21
14 22
14 23
14 24
14 25
14 26
14 27
14 28
14 29
14 30
14 31
14 32
14 33
14 34
14 35
14 36
14 37
14 38
14 39
14 40
14 41
14 42
14 43
14 44
14 45
14 46
14 47
15 1
15 2
15 3
15 4
15 5
15 6
15 7
15 8
15 9
15 10
15 11
15 12
15 13
15 14
15 16
15 17
15 18
15 19
15 20
15 21
15 22
15 23
15 24
15 25
15 26
15 27
15 28
15 29
15 30
15 31
15 32
15 33
15 34
15 35
15 36
15 37
15 38
15 39
15 40
15 41
15 42
15 43
15 44
15 45
15 46
15 47
16 1
16 2
16 3
16 4
16 5
16 6
16 7
16 8
16 9
16 10
16 11
16 12
16 13
16 14
16 15
16 17
16 18
16 19
16 20
16 21
16 22
16 23
16 24
16 25
16 26
16 27
16 28
16 29
16 30
16 31
16 32
16 33
16 34
16 35
16 36
16 37
16 38
16 39
16 40
16 41
16 42
16 43
16 44
16 45
16 46
16 47
17 1
17 2
17 3
17 4
17 5
17 6
17 7
17 8
17 9
17 10
17 11
17 12
17 13
17 14
17 15
17 16
17 18
17 19
17 20
17 21
17 22
17 23
17 24
17 25
17 26
17 27
17 28
17 29
17 30
17 31
17 32
17 33
17 34
17 35
17 36
17 37
17 38
17 39
17 40
17 41
17 42
17 43
17 44
17 45
17 46
17 47
18 1
18 2
18 3
18 4
18 5
18 6
18 7
18 8
18 9
18 10
18 11
18 12
18 13
18 14
18 15
18 16
18 17
18 19
18 20
18 21
18 22
18 23
18 24
18 25
18 26
18 27
18 28
18 29
18 30
18 31
18 32
18 33
18 34
18 35
18 36
18 37
18 38
18 39
18 40
18 41
18 42
18 43
18 44
18 45
18 46
18 47
19 1
19 2
19 3
19 4
19 5
19 6
19 7
19 8
19 9
19 10
19 11
19 12
19 13
19 14
19 15
19 16
19 17
19 18
19 20
19 21
19 22
19 23
19 24
19 25
19 26
19 27
19 28
19 29
19 30
19 31
19 32
19 33
19 34
19 35
19 36
19 37
19 38
19 39
19 40
19 41
19 42
19 43
19 44
19 45
19 46
19 47
20 1
20 2
20 3
20 4
20 5
20 6
20 7
20 8
20 9
20 10
20 11
20 12
20 13
20 14
20 15
20 16
20 17
20 18
20 19
20 21
20 22
20 23
20 24
20 25
20 26
20 27
20 28
20 29
20 30
20 31
20 32
20 33
20 34
20 35
20 36
20 37
20 38
20 39
20 40
20 41
20 42
20 43
20 44
20 45
20 46
20 47
21 1
21 2
21 3
21 4
21 5
21 6
21 7
21 8
21 9
21 10
21 11
21 12
21 13
21 14
21 15
21 16
21 17
21 18
21 19
21 20
21 22
21 23
21 24
21 25
21 26
21 27
21 28
21 29
21 30
21 31
21 32
21 33
21 34
21 35
21 36
21 37
21 38
21 39
21 40
21 41
21 42
21 43
21 44
21 45
21 46
21 47
22 1
22 2
22 3
22 4
22 5
22 6
22 7
22 8
22 9
22 10
22 11
22 12
22 13
22 14
22 15
22 16
22 17
22 18
22 19
22 20
22 21
22 23
22 24
22 25
22 26
22 27
22 28
22 29
22 30
22 31
22 32
22 33
22 34
22 35
22 36
22 37
22 38
22 39
22 40
22 41
22 42
22 43
22 44
22 45
22 46
22 47
23 1
23 2
23 3
23 4
23 5
23 6
23 7
23 8
23 9
23 10
23 11
23 12
23 13
23 14
23 15
23 16
23 17
23 18
23 19
23 20
23 21
23 22
23 24
23 25
23 26
23 27
23 28
23 29
23 30
23 31
23 32
23 33
23 34
23 35
23 36
23 37
23 38
23 39
23 40
23 41
23 42
23 43
23 44
23 45
23 46
23 47
24 1
24 2
24 3
24 4
24 5
24 6
24 7
24 8
24 9
24 10
24 11
24 12
24 13
24 14
24 15
24 16
24 17
24 18
24 19
24 20
24 21
24 22
24 23
24 25
24 26
24 27
24 28
24 29
24 30
24 31
24 32
24 33
24 34
24 35
24 36
24 37
24 38
24 39
24 40
24 41
24 42
24 43
24 44
24 45
24 46
24 47
25 1
25 2
25 3
25 4
25 5
25 6
25 7
25 8
25 9
25 10
25 11
25 12
25 13
25 14
25 15
25 16
25 17
25 18
25 19
25 20
25 21
25 22
25 23
25 24
25 26
25 27
25 28
25 29
25 30
25 31
25 32
25 33
25 34
25 35
25 36
25 37
25 38
25 39
25 40
25 41
25 42
25 43
25 44
25 45
25 46
25 47
26 1
26 2
26 3
26 4
26 5
26 6
26 7
26 8
26 9
26 10
26 11
26 12
26 13
26 14
26 15
26 16
26 17
26 18
26 19
26 20
26 21
26 22
26 23
26 24
26 25
26 27
26 28
26 29
26 30
26 31
26 32
26 33
26 34
26 35
26 36
26 37
26 38
26 39
26 40
26 41
26 42
26 43
26 44
26 45
26 46
26 47
27 1
27 2
27 3
27 4
27 5
27 6
27 7
27 8
27 9
27 10
27 11
27 12
27 13
27 14
27 15
27 16
27 17
27 18
27 19
27 20
27 21
27 22
27 23
27 24
27 25
27 26
27 28
27 29
27 30
27 31
27 32
27 33
27 34
27 35
27 36
27 37
27 38
27 39
27 40
27 41
27 42
27 43
27 44
27 45
27 46
27 47
28 1
28 2
28 3
28 4
28 5
28 6
28 7
28 8
28 9
28 10
28 11
28 12
28 13
28 14
28 15
28 16
28 17
28 18
28 19
28 20
28 21
28 22
28 23
28 24
28 25
28 26
28 27
28 29
28 30
28 31
28 32
28 33
28 34
28 35
28 36
28 37
28 38
28 39
28 40
28 41
28 42
28 43
28 44
28 45
28 46
28 47
29 1
29 2
29 3
29 4
29 5
29 6
29 7
29 8
29 9
29 10
29 11
29 12
29 13
29 14
29 15
29 16
29 17
29 18
29 19
29 20
29 21
29 22
29 23
29 24
29 25
29 26
29 27
29 28
29 30
29 31
29 32
29 33
29 34
29 35
29 36
29 37
29 38
29 39
29 40
29 41
29 42
29 43
29 44
29 45
29 46
29 47
30 1
30 2
30 3
30 4
30 5
30 6
30 7
30 8
30 9
30 10
30 11
30 12
30 13
30 14
30 15
30 16
30 17
30 18
30 19
30 20
30 21
30 22
30 23
30 24
30 25
30 26
30 27
30 28
30 29
30 31
30 32
30 33
30 34
30 35
30 36
30 37
30 38
30 39
30 40
30 41
30 42
30 43
30 44
30 45
30 46
30 47
31 1
31 2
31 3
31 4
31 5
31 6
31 7
31 8
31 9
31 10
31 11
31 12
31 13
31 14
31 15
31 16
31 17
31 18
31 19
31 20
31 21
31 22
31 23
31 24
31 25
31 26
31 27
31 28
31 29
31 30
31 32
31 33
31 34
31 35
31 36
31 37
31 38
31 39
31 40
31 41
31 42
31 43
31 44
31 45
31 46
31 47
32 1
32 2
32 3
32 4
32 5
32 6
32 7
32 8
32 9
32 10
32 11
32 12
32 13
32 14
32 15
32 16
32 17
32 18
32 19
32 20
32 21
32 22
32 23
32 24
32 25
32 26
32 27
32 28
32 29
32 30
32 31
32 33
32 34
32 35
32 36
32 37
32 38
32 39
32 40
32 41
32 42
32 43
32 44
32 45
32 46
32 47
33 1
33 2
33 3
33 4
33 5
33 6
33 7
33 8
33 9
33 10
33 11
33 12
33 13
33 14
33 15
33 16
33 17
33 18
33 19
33 20
33 21
33 22
33 23
33 24
33 25
33 26
33 27
33 28
33 29
33 30
33 31
33 32
33 34
33 35
33 36
33 37
33 38
33 39
33 40
33 41
33 42
33 43
33 44
33 45
33 46
33 47
34 1
34 2
34 3
34 4
34 5
34 6
34 7
34 8
34 9
34 10
34 11
34 12
34 13
34 14
34 15
34 16
34 17
34 18
34 19
34 20
34 21
34 22
34 23
34 24
34 25
34 26
34 27
34 28
34 29
34 30
34 31
34 32
34 33
34 35
34 36
34 37
34 38
34 39
34 40
34 41
34 42
34 43
34 44
34 45
34 46
34 47
35 1
35 2
35 3
35 4
35 5
35 6
35 7
35 8
35 9
35 10
35 11
35 12
35 13
35 14
35 15
35 16
35 17
35 18
35 19
35 20
35 21
35 22
35 23
35 24
35 25
35 26
35 27
35 28
35 29
35 30
35 31
35 32
35 33
35 34
35 36
35 37
35 38
35 39
35 40
35 41
35 42
35 43
35 44
35 45
35 46
35 47
36 1
36 2
36 3
36 4
36 5
36 6
36 7
36 8
36 9
36 10
36 11
36 12
36 13
36 14
36 15
36 16
36 17
36 18
36 19
36 20
36 21
36 22
36 23
36 24
36 25
36 26
36 27
36 28
36 29
36 30
36 31
36 32
36 33
36 34
36 35
36 37
36 38
36 39
36 40
36 41
36 42
36 43
36 44
36 45
36 46
36 47
37 1
37 2
37 3
37 4
37 5
37 6
37 7
37 8
37 9
37 10
37 11
37 12
37 13
37 14
37 15
37 16
37 17
37 18
37 19
37 20
37 21
37 22
37 23
37 24
37 25
37 26
37 27
37 28
37 29
37 30
37 31
37 32
37 33
37 34
37 35
37 36
37 38
37 39
37 40
37 41
37 42
37 43
37 44
37 45
37 46
37 47
38 1
38 2
38 3
38 4
38 5
38 6
38 7
38 8
38 9
38 10
38 11
38 12
38 13
38 14
38 15
38 16
38 17
38 18
38 19
38 20
38 21
38 22
38 23
38 24
38 25
38 26
38 27
38 28
38 29
38 30
38 31
38 32
38 33
38 34
38 35
38 36
38 37
38 39
38 40
38 41
38 42
38 43
38 44
38 45
38 46
38 47
39 1
39 2
39 3
39 4
39 5
39 6
39 7
39 8
39 9
39 10
39 11
39 12
39 13
39 14
39 15
39 16
39 17
39 18
39 19
39 20
39 21
39 22
39 23
39 24
39 25
39 26
39 27
39 28
39 29
39 30
39 31
39 32
39 33
39 34
39 35
39 36
39 37
39 38
39 40
39 41
39 42
39 43
39 44
39 45
39 46
39 47
40 1
40 2
40 3
40 4
40 5
40 6
40 7
40 8
40 9
40 10
40 11
40 12
40 13
40 14
40 15
40 16
40 17
40 18
40 19
40 20
40 21
40 22
40 23
40 24
40 25
40 26
40 27
40 28
40 29
40 30
40 31
40 32
40 33
40 34
40 35
40 36
40 37
40 38
40 39
40 41
40 42
40 43
40 44
40 45
40 46
40 47
41 1
41 2
41 3
41 4
41 5
41 6
41 7
41 8
41 9
41 10
41 11
41 12
41 13
41 14
41 15
41 16
41 17
41 18
41 19
41 20
41 21
41 22
41 23
41 24
41 25
41 26
41 27
41 28
41 29
41 30
41 31
41 32
41 33
41 34
41 35
41 36
41 37
41 38
41 39
41 40
41 42
41 43
41 44
41 45
41 46
41 47
42 1
42 2
42 3
42 4
42 5
42 6
42 7
42 8
42 9
42 10
42 11
42 12
42 13
42 14
42 15
42 16
42 17
42 18
42 19
42 20
42 21
42 22
42 23
42 24
42 25
42 26
42 27
42 28
42 29
42 30
42 31
42 32
42 33
42 34
42 35
42 36
42 37
42 38
42 39
42 40
42 41
42 43
42 44
42 45
42 46
42 47
43 1
43 2
43 3
43 4
43 5
43 6
43 7
43 8
43 9
43 10
43 11
43 12
43 13
43 14
43 15
43 16
43 17
43 18
43 19
43 20
43 21
43 22
43 23
43 24
43 25
43 26
43 27
43 28
43 29
43 30
43 31
43 32
43 33
43 34
43 35
43 36
43 37
43 38
43 39
43 40
43 41
43 42
43 44
43 45
43 46
43 47
44 1
44 2
44 3
44 4
44 5
44 6
44 7
44 8
44 9
44 10
44 11
44 12
44 13
44 14
44 15
44 16
44 17
44 18
44 19
44 20
44 21
44 22
44 23
44 24
44 25
44 26
44 27
44 28
44 29
44 30
44 31
44 32
44 33
44 34
44 35
44 36
44 37
44 38
44 39
44 40
44 41
44 42
44 43
44 45
44 46
44 47
45 1
45 2
45 3
45 4
45 5
45 6
45 7
45 8
45 9
45 10
45 11
45 12
45 13
45 14
45 15
45 16
45 17
45 18
45 19
45 20
45 21
45 22
45 23
45 24
45 25
45 26
45 27
45 28
45 29
45 30
45 31
45 32
45 33
45 34
45 35
45 36
45 37
45 38
45 39
45 40
45 41
45 42
45 43
45 44
45 46
45 47
46 1
46 2
46 3
46 4
46 5
46 6
46 7
46 8
46 9
46 10
46 11
46 12
46 13
46 14
46 15
46 16
46 17
46 18
46 19
46 20
46 21
46 22
46 23
46 24
46 25
46 26
46 27
46 28
46 29
46 30
46 31
46 32
46 33
46 34
46 35
46 36
46 37
46 38
46 39
46 40
46 41
46 42
46 43
46 44
46 45
46 47
47 1
47 2
47 3
47 4
47 5
47 6
47 7
47 8
47 9
47 10
47 11
47 12
47 13
47 14
47 15
47 16
47 17
47 18
47 19
47 20
47 21
47 22
47 23
47 24
47 25
47 26
47 27
47 28
47 29
47 30
47 31
47 32
47 33
47 34
47 35
47 36
47 37
47 38
47 39
47 40
47 41
47 42
47 43
47 44
47 45
47 46
1 48
1 49
1 50
1 51
1 52
1 53
1 54
1 55
1 56
1 57
1 58
1 59
1 60
1 61
1 62
1 63
1 64
1 65
1 66
1 67
1 68
1 69
1 70
1 71
1 72
1 73
1 74
1 75
1 76
1 77
1 78
1 79
1 80
1 81
1 82
1 83
1 84
1 85
1 86
1 87
1 88
1 89
1 90
1 91
1 92
1 93
2 94
2 95
2 96
2 97
2 98
2 99
2 100
2 101
2 102
2 103
2 104
2 105
2 106
2 107
2 108
2 109
2 110
2 111
2 112
2 113
2 114
2 115
2 116
2 117
2 118
2 119
2 120
2 121
2 122
2 123
2 124
2 125
2 126
2 127
2 128
2 129
2 130
2 131
2 132
2 133
2 134
2 135
2 136
2 137
2 138
2 139
3 140
3 141
3 142
3 143
3 144
3 145
3 146
3 147
3 148
3 149
3 150
3 151
3 152
3 153
3 154
3 155
3 156
3 157
3 158
3 159
3 160
3 161
3 162
3 163
3 164
3 165
3 166
3 167
3 168
3 169
3 170
3 171
3 172
3 173
3 174
3 175
3 176
3 177
3 178
3 179
3 180
3 181
3 182
3 183
3 184
3 185
4 186
4 187
4 188
4 189
4 190
4 191
4 192
4 193
4 194
4 195
4 196
4 197
4 198
4 199
4 200
4 201
4 202
4 203
4 204
4 205
4 206
4 207
4 208
4 209
4 210
4 211
4 212
4 213
4 214
4 215
4 216
4 217
4 218
4 219
4 220
4 221
4 222
4 223
4 224
4 225
4 226
4 227
4 228
4 229
4 230
4 231
5 232
5 233
5 234
5 235
5 236
5 237
5 238
5 239
5 240
5 241
5 242
5 243
5 244
5 245
5 246
5 247
5 248
5 249
5 250
5 251
5 252
5 253
5 254
5 255
5 256
5 257
5 258
5 259
5 260
5 261
5 262
5 263
5 264
5 265
5 266
5 267
5 268
5 269
5 270
5 271
5 272
5 273
5 274
5 275
5 276
5 277
6 278
6 279
6 280
6 281
6 282
6 283
6 284
6 285
6 286
6 287
6 288
6 289
6 290
6 291
6 292
6 293
6 294
6 295
6 296
6 297
6 298
6 299
6 300
6 301
6 302
6 303
6 304
6 305
6 306
6 307
6 308
6 309
6 310
6 311
6 312
6 313
6 314
6 315
6 316
6 317
6 318
6 319
6 320
6 321
6 322
6 323
7 324
7 325
7 326
7 327
7 328
7 329
7 330
7 331
7 332
7 333
7 334
7 335
7 336
7 337
7 338
7 339
7 340
7 341
7 342
7 343
7 344
7 345
7 346
7 347
7 348
7 349
7 350
7 351
7 352
7 353
7 354
7 355
7 356
7 357
7 358
7 359
7 360
7 361
7 362
7 363
7 364
7 365
7 366
7 367
7 368
7 369
8 370
8 371
8 372
8 373
8 374
8 375
8 376
8 377
8 378
8 379
8 380
8 381
8 382
8 383
8 384
8 385
8 386
8 387
8 388
8 389
8 390
8 391
8 392
8 393
8 394
8 395
8 396
8 397
8 398
8 399
8 400
8 401
8 402
8 403
8 404
8 405
8 406
8 407
8 408
8 409
8 410
8 411
8 412
8 413
8 414
8 415
9 416
9 417
9 418
9 419
9 420
9 421
9 422
9 423
9 424
9 425
9 426
9 427
9 428
9 429
9 430
9 431
9 432
9 433
9 434
9 435
9 436
9 437
9 438
9 439
9 440
9 441
9 442
9 443
9 444
9 445
9 446
9 447
9 448
9 449
9 450
9 451
9 452
9 453
9 454
9 455
9 456
9 457
9 458
9 459
9 460
9 461
10 462
10 463
10 464
10 465
10 466
10 467
10 468
10 469
10 470
10 471
10 472
10 473
10 474
10 475
10 476
10 477
10 478
10 479
10 480
10 481
10 482
10 483
10 484
10 485
10 486
10 487
10 488
10 489
10 490
10 491
10 492
10 493
10 494
10 495
10 496
10 497
10 498
10 499
10 500
10 501
10 502
10 503
10 504
10 505
10 506
10 507
11 508
11 509
11 510
11 511
11 512
11 513
11 514
11 515
11 516
11 517
11 518
11 519
11 520
11 521
11 522
11 523
11 524
11 525
11 526
11 527
11 528
11 529
11 530
11 531
11 532
11 533
11 534
11 535
11 536
11 537
11 538
11 539
11 540
11 541
11 542
11 543
11 544
11 545
11 546
11 547
11 548
11 549
11 550
11 551
11 552
11 553
12 554
12 555
12 556
12 557
12 558
12 559
12 560
12 561
12 562
12 563
12 564
12 565
12 566
12 567
12 568
12 569
12 570
12 571
12 572
12 573
12 574
12 575
12 576
12 577
12 578
12 579
12 580
12 581
12 582
12 583
12 584
12 585
12 586
12 587
12 588
12 589
12 590
12 591
12 592
12 593
12 594
12 595
12 596
12 597
12 598
12 599
13 600
13 601
13 602
13 603
13 604
13 605
13 606
13 607
13 608
13 609
13 610
13 611
13 612
13 613
13 614
13 615
13 616
13 617
13 618
13 619
13 620
13 621
13 622
13 623
13 624
13 625
13 626
13 627
13 628
13 629
13 630
13 631
13 632
13 633
13 634
13 635
13 636
13 637
13 638
13 639
13 640
13 641
13 642
13 643
13 644
13 645
14 646
14 647
14 648
14 649
14 650
14 651
14 652
14 653
14 654
14 655
14 656
14 657
14 658
14 659
14 660
14 661
14 662
14 663
14 664
14 665
14 666
14 667
14 668
14 669
14 670
14 671
14 672
14 673
14 674
14 675
14 676
14 677
14 678
14 679
14 680
14 681
14 682
14 683
14 684
14 685
14 686
14 687
14 688
14 689
14 690
14 691
15 692
15 693
15 694
15 695
15 696
15 697
15 698
15 699
15 700
15 701
15 702
15 703
15 704
15 705
15 706
15 707
15 708
15 709
15 710
15 711
15 712
15 713
15 714
15 715
15 716
15 717
15 718
15 719
15 720
15 721
15 722
15 723
15 724
15 725
15 726
15 727
15 728
15 729
15 730
15 731
15 732
15 733
15 734
15 735
15 736
15 737
16 738
16 739
16 740
16 741
16 742
16 743
16 744
16 745
16 746
16 747
16 748
16 749
16 750
16 751
16 752
16 753
16 754
16 755
16 756
16 757
16 758
16 759
16 760
16 761
16 762
16 763
16 764
16 765
16 766
16 767
16 768
16 769
16 770
16 771
16 772
16 773
16 774
16 775
16 776
16 777
16 778
16 779
16 780
16 781
16 782
16 783
17 784
17 785
17 786
17 787
17 788
17 789
17 790
17 791
17 792
17 793
17 794
17 795
17 796
17 797
17 798
17 799
17 800
17 801
17 802
17 803
17 804
17 805
17 806
17 807
17 808
17 809
17 810
17 811
17 812
17 813
17 814
17 815
17 816
17 817
17 818
17 819
17 820
17 821
17 822
17 823
17 824
17 825
17 826
17 827
17 828
17 829
18 830
18 831
18 832
18 833
18 834
18 835
18 836
18 837
18 838
18 839
18 840
18 841
18 842
18 843
18 844
18 845
18 846
18 847
18 848
18 849
18 850
18 851
18 852
18 853
18 854
18 855
18 856
18 857
18 858
18 859
18 860
18 861
18 862
18 863
18 864
18 865
18 866
18 867
18 868
18 869
18 870
18 871
18 872
18 873
18 874
18 875
19 876
19 877
19 878
19 879
19 880
19 881
19 882
19 883
19 884
19 885
19 886
19 887
19 888
19 889
19 890
19 891
19 892
19 893
19 894
19 895
19 896
19 897
19 898
19 899
19 900
19 901
19 902
19 903
19 904
19 905
19 906
19 907
19 908
19 909
19 910
19 911
19 912
19 913
19 914
19 915
19 916
19 917
19 918
19 919
19 920
19 921
20 922
20 923
20 924
20 925
20 926
20 927
20 928
20 929
20 930
20 931
20 932
20 933
20 934
20 935
20 936
20 937
20 938
20 939
20 940
20 941
20 942
20 943
20 944
20 945
20 946
20 947
20 948
20 949
20 950
20 951
20 952
20 953
20 954
20 955
20 956
20 957
20 958
20 959
20 960
20 961
20 962
20 963
20 964
20 965
20 966
20 967
21 968
21 969
21 970
21 971
21 972
21 973
21 974
21 975
21 976
21 977
21 978
21 979
21 980
21 981
21 982
21 983
21 984
21 985
21 986
21 987
21 988
21 989
21 990
21 991
21 992
21 993
21 994
21 995
21 996
21 997
21 998
21 999
21 1000
21 1001
21 1002
21 1003
21 1004
21 1005
21 1006
21 1007
21 1008
21 1009
21 1010
21 1011
21 1012
21 1013
22 1014
22 1015
22 1016
22 1017
22 1018
22 1019
22 1020
22 1021
22 1022
22 1023
22 1024
22 1025
22 1026
22 1027
22 1028
22 1029
22 1030
22 1031
22 1032
22 1033
22 1034
22 1035
22 1036
22 1037
22 1038
22 1039
22 1040
22 1041
22 1042
22 1043
22 1044
22 1045
22 1046
22 1047
22 1048
22 1049
22 1050
22 1051
22 1052
22 1053
22 1054
22 1055
22 1056
22 1057
22 1058
22 1059
23 1060
23 1061
23 1062
23 1063
23 1064
23 1065
23 1066
23 1067
23 1068
23 1069
23 1070
23 1071
23 1072
23 1073
23 1074
23 1075
23 1076
23 1077
23 1078
23 1079
23 1080
23 1081
23 1082
23 1083
23 1084
23 1085
23 1086
23 1087
23 1088
23 1089
23 1090
23 1091
23 1092
23 1093
23 1094
23 1095
23 1096
23 1097
23 1098
23 1099
23 1100
23 1101
23 1102
23 1103
23 1104
23 1105
24 1106
24 1107
24 1108
24 1109
24 1110
24 1111
24 1112
24 1113
24 1114
24 1115
24 1116
24 1117
24 1118
24 1119
24 1120
24 1121
24 1122
24 1123
24 1124
24 1125
24 1126
24 1127
24 1128
24 1129
24 1130
24 1131
24 1132
24 1133
24 1134
24 1135
24 1136
24 1137
24 1138
24 1139
24 1140
24 1141
24 1142
24 1143
24 1144
24 1145
24 1146
24 1147
24 1148
24 1149
24 1150
24 1151
25 1152
25 1153
25 1154
25 1155
25 1156
25 1157
25 1158
25 1159
25 1160
25 1161
25 1162
25 1163
25 1164
25 1165
25 1166
25 1167
25 1168
25 1169
25 1170
25 1171
25 1172
25 1173
25 1174
25 1175
25 1176
25 1177
25 1178
25 1179
25 1180
25 1181
25 1182
25 1183
25 1184
25 1185
25 1186
25 1187
25 1188
25 1189
25 1190
25 1191
25 1192
25 1193
25 1194
25 1195
25 1196
25 1197
26 1198
26 1199
26 1200
26 1201
26 1202
26 1203
26 1204
26 1205
26 1206
26 1207
26 1208
26 1209
26 1210
26 1211
26 1212
26 1213
26 1214
26 1215
26 1216
26 1217
26 1218
26 1219
26 1220
26 1221
26 1222
26 1223
26 1224
26 1225
26 1226
26 1227
26 1228
26 1229
26 1230
26 1231
26 1232
26 1233
26 1234
26 1235
26 1236
26 1237
26 1238
26 1239
26 1240
26 1241
26 1242
26 1243
27 1244
27 1245
27 1246
27 1247
27 1248
27 1249
27 1250
27 1251
27 1252
27 1253
27 1254
27 1255
27 1256
27 1257
27 1258
27 1259
27 1260
27 1261
27 1262
27 1263
27 1264
27 1265
27 1266
27 1267
27 1268
27 1269
27 1270
27 1271
27 1272
27 1273
27 1274
27 1275
27 1276
27 1277
27 1278
27 1279
27 1280
27 1281
27 1282
27 1283
27 1284
27 1285
27 1286
27 1287
27 1288
27 1289
28 1290
28 1291
28 1292
28 1293
28 1294
28 1295
28 1296
28 1297
28 1298
28 1299
28 1300
28 1301
28 1302
28 1303
28 1304
28 1305
28 1306
28 1307
28 1308
28 1309
28 1310
28 1311
28 1312
28 1313
28 1314
28 1315
28 1316
28 1317
28 1318
28 1319
28 1320
28 1321
28 1322
28 1323
28 1324
28 1325
28 1326
28 1327
28 1328
28 1329
28 1330
28 1331
28 1332
28 1333
28 1334
28 1335
29 1336
29 1337
29 1338
29 1339
29 1340
29 1341
29 1342
29 1343
29 1344
29 1345
29 1346
29 1347
29 1348
29 1349
29 1350
29 1351
29 1352
29 1353
29 1354
29 1355
29 1356
29 1357
29 1358
29 1359
29 1360
29 1361
29 1362
29 1363
29 1364
29 1365
29 1366
29 1367
29 1368
29 1369
29 1370
29 1371
29 1372
29 1373
29 1374
29 1375
29 1376
29 1377
29 1378
29 1379
29 1380
29 1381
30 1382
30 1383
30 1384
30 1385
30 1386
30 1387
30 1388
30 1389
30 1390
30 1391
30 1392
30 1393
30 1394
30 1395
30 1396
30 1397
30 1398
30 1399
30 1400
30 1401
30 1402
30 1403
30 1404
30 1405
30 1406
30 1407
30 1408
30 1409
30 1410
30 1411
30 1412
30 1413
30 1414
30 1415
30 1416
30 1417
30 1418
30 1419
30 1420
30 1421
30 1422
30 1423
30 1424
30 1425
30 1426
30 1427
31 1428
31 1429
31 1430
31 1431
31 1432
31 1433
31 1434
31 1435
31 1436
31 1437
31 1438
31 1439
31 1440
31 1441
31 1442
31 1443
31 1444
31 1445
31 1446
31 1447
31 1448
31 1449
31 1450
31 1451
31 1452
31 1453
31 1454
31 1455
31 1456
31 1457
31 1458
31 1459
31 1460
31 1461
31 1462
31 1463
31 1464
31 1465
31 1466
31 1467
31 1468
31 1469
31 1470
31 1471
31 1472
31 1473
32 1474
32 1475
32 1476
32 1477
32 1478
32 1479
32 1480
32 1481
32 1482
32 1483
32 1484
32 1485
32 1486
32 1487
32 1488
32 1489
32 1490
32 1491
32 1492
32 1493
32 1494
32 1495
32 1496
32 1497
32 1498
32 1499
32 1500
32 1501
32 1502
32 1503
32 1504
32 1505
32 1506
32 1507
32 1508
32 1509
32 1510
32 1511
32 1512
32 1513
32 1514
32 1515
32 1516
32 1517
32 1518
32 1519
33 1520
33 1521
33 1522
33 1523
33 1524
33 1525
33 1526
33 1527
33 1528
33 1529
33 1530
33 1531
33 1532
33 1533
33 1534
33 1535
33 1536
33 1537
33 1538
33 1539
33 1540
33 1541
33 1542
33 1543
33 1544
33 1545
33 1546
33 1547
33 1548
33 1549
33 1550
33 1551
33 1552
33 1553
33 1554
33 1555
33 1556
33 1557
33 1558
33 1559
33 1560
33 1561
33 1562
33 1563
33 1564
33 1565
34 1566
34 1567
34 1568
34 1569
34 1570
34 1571
34 1572
34 1573
34 1574
34 1575
34 1576
34 1577
34 1578
34 1579
34 1580
34 1581
34 1582
34 1583
34 1584
34 1585
34 1586
34 1587
34 1588
34 1589
34 1590
34 1591
34 1592
34 1593
34 1594
34 1595
34 1596
34 1597
34 1598
34 1599
34 1600
34 1601
34 1602
34 1603
34 1604
34 1605
34 1606
34 1607
34 1608
34 1609
34 1610
34 1611
35 1612
35 1613
35 1614
35 1615
35 1616
35 1617
35 1618
35 1619
35 1620
35 1621
35 1622
35 1623
35 1624
35 1625
35 1626
35 1627
35 1628
35 1629
35 1630
35 1631
35 1632
35 1633
35 1634
35 1635
35 1636
35 1637
35 1638
35 1639
35 1640
35 1641
35 1642
35 1643
35 1644
35 1645
35 1646
35 1647
35 1648
35 1649
35 1650
35 1651
35 1652
35 1653
35 1654
35 1655
35 1656
35 1657
36 1658
36 1659
36 1660
36 1661
36 1662
36 1663
36 1664
36 1665
36 1666
36 1667
36 1668
36 1669
36 1670
36 1671
36 1672
36 1673
36 1674
36 1675
36 1676
36 1677
36 1678
36 1679
36 1680
36 1681
36 1682
36 1683
36 1684
36 1685
36 1686
36 1687
36 1688
36 1689
36 1690
36 1691
36 1692
36 1693
36 1694
36 1695
36 1696
36 1697
36 1698
36 1699
36 1700
36 1701
36 1702
36 1703
37 1704
37 1705
37 1706
37 1707
37 1708
37 1709
37 1710
37 1711
37 1712
37 1713
37 1714
37 1715
37 1716
37 1717
37 1718
37 1719
37 1720
37 1721
37 1722
37 1723
37 1724
37 1725
37 1726
37 1727
37 1728
37 1729
37 1730
37 1731
37 1732
37 1733
37 1734
37 1735
37 1736
37 1737
37 1738
37 1739
37 1740
37 1741
37 1742
37 1743
37 1744
37 1745
37 1746
37 1747
37 1748
37 1749
38 1750
38 1751
38 1752
38 1753
38 1754
38 1755
38 1756
38 1757
38 1758
38 1759
38 1760
38 1761
38 1762
38 1763
38 1764
38 1765
38 1766
38 1767
38 1768
38 1769
38 1770
38 1771
38 1772
38 1773
38 1774
38 1775
38 1776
38 1777
38 1778
38 1779
38 1780
38 1781
38 1782
38 1783
38 1784
38 1785
38 1786
38 1787
38 1788
38 1789
38 1790
38 1791
38 1792
38 1793
38 1794
38 1795
39 1796
39 1797
39 1798
39 1799
39 1800
39 1801
39 1802
39 1803
39 1804
39 1805
39 1806
39 1807
39 1808
39 1809
39 1810
39 1811
39 1812
39 1813
39 1814
39 1815
39 1816
39 1817
39 1818
39 1819
39 1820
39 1821
39 1822
39 1823
39 1824
39 1825
39 1826
39 1827
39 1828
39 1829
39 1830
39 1831
39 1832
39 1833
39 1834
39 1835
39 1836
39 1837
39 1838
39 1839
39 1840
39 1841
40 1842
40 1843
40 1844
40 1845
40 1846
40 1847
40 1848
40 1849
40 1850
40 1851
40 1852
40 1853
40 1854
40 1855
40 1856
40 1857
40 1858
40 1859
40 1860
40 1861
40 1862
40 1863
40 1864
40 1865
40 1866
40 1867
40 1868
40 1869
40 1870
40 1871
40 1872
40 1873
40 1874
40 1875
40 1876
40 1877
40 1878
40 1879
40 1880
40 1881
40 1882
40 1883
40 1884
40 1885
40 1886
40 1887
41 1888
41 1889
41 1890
41 1891
41 1892
41 1893
41 1894
41 1895
41 1896
41 1897
41 1898
41 1899
41 1900
41 1901
41 1902
41 1903
41 1904
41 1905
41 1906
41 1907
41 1908
41 1909
41 1910
41 1911
41 1912
41 1913
41 1914
41 1915
41 1916
41 1917
41 1918
41 1919
41 1920
41 1921
41 1922
41 1923
41 1924
41 1925
41 1926
41 1927
41 1928
41 1929
41 1930
41 1931
41 1932
41 1933
42 1934
42 1935
42 1936
42 1937
42 1938
42 1939
42 1940
42 1941
42 1942
42 1943
42 1944
42 1945
42 1946
42 1947
42 1948
42 1949
42 1950
42 1951
42 1952
42 1953
42 1954
42 1955
42 1956
42 1957
42 1958
42 1959
42 1960
42 1961
42 1962
42 1963
42 1964
42 1965
42 1966
42 1967
42 1968
42 1969
42 1970
42 1971
42 1972
42 1973
42 1974
42 1975
42 1976
42 1977
42 1978
42 1979
43 1980
43 1981
43 1982
43 1983
43 1984
43 1985
43 1986
43 1987
43 1988
43 1989
43 1990
43 1991
43 1992
43 1993
43 1994
43 1995
43 1996
43 1997
43 1998
43 1999
43 2000
43 2001
43 2002
43 2003
43 2004
43 2005
43 2006
43 2007
43 2008
43 2009
43 2010
43 2011
43 2012
43 2013
43 2014
43 2015
43 2016
43 2017
43 2018
43 2019
43 2020
43 2021
43 2022
43 2023
43 2024
43 2025
44 2026
44 2027
44 2028
44 2029
44 2030
44 2031
44 2032
44 2033
44 2034
44 2035
44 2036
44 2037
44 2038
44 2039
44 2040
44 2041
44 2042
44 2043
44 2044
44 2045
44 2046
44 2047
44 2048
44 2049
44 2050
44 2051
44 2052
44 2053
44 2054
44 2055
44 2056
44 2057
44 2058
44 2059
44 2060
44 2061
44 2062
44 2063
44 2064
44 2065
44 2066
44 2067
44 2068
44 2069
44 2070
44 2071
45 2072
45 2073
45 2074
45 2075
45 2076
45 2077
45 2078
45 2079
45 2080
45 2081
45 2082
45 2083
45 2084
45 2085
45 2086
45 2087
45 2088
45 2089
45 2090
45 2091
45 2092
45 2093
45 2094
45 2095
45 2096
45 2097
45 2098
45 2099
45 2100
45 2101
45 2102
45 2103
45 2104
45 2105
45 2106
45 2107
45 2108
45 2109
45 2110
45 2111
45 2112
45 2113
45 2114
45 2115
45 2116
45 2117
46 2118
46 2119
46 2120
46 2121
46 2122
46 2123
46 2124
46 2125
46 2126
46 2127
46 2128
46 2129
46 2130
46 2131
46 2132
46 2133
46 2134
46 2135
46 2136
46 2137
46 2138
46 2139
46 2140
46 2141
46 2142
46 2143
46 2144
46 2145
46 2146
46 2147
46 2148
46 2149
46 2150
46 2151
46 2152
46 2153
46 2154
46 2155
46 2156
46 2157
46 2158
46 2159
46 2160
46 2161
46 2162
46 2163
47 2164
47 2165
47 2166
47 2167
47 2168
47 2169
47 2170
47 2171
47 2172
47 2173
47 2174
47 2175
47 2176
47 2177
47 2178
47 2179
47 2180
47 2181
47 2182
47 2183
47 2184
47 2185
47 2186
47 2187
47 2188
47 2189
47 2190
47 2191
47 2192
47 2193
47 2194
47 2195
47 2196
47 2197
47 2198
47 2199
47 2200
47 2201
47 2202
47 2203
47 2204
47 2205
47 2206
47 2207
47 2208
47 2209
48 2210
48 2211
48 2212
48 2213
48 2214
48 2215
48 2216
48 2217
48 2218
48 2219
48 2220
48 2221
48 2222
48 2223
48 2224
48 2225
48 2226
48 2227
48 2228
48 2229
48 2230
48 2231
48 2232
48 2233
48 2234
48 2235
48 2236
48 2237
48 2238
48 2239
48 2240
48 2241
48 2242
48 2243
48 2244
48 2245
48 2246
48 2247
48 2248
48 2249
48 2250
48 2251
48 2252
48 2253
48 2254
48 2255
48 2256
48 2257
48 2258
48 2259
48 2260
48 2261
48 2262
48 2263
48 2264
48 2265
48 2266
48 2267
48 2268
48 2269
48 2270
48 2271
48 2272
48 2273
48 2274
48 2275
48 2276
48 2277
48 2278
48 2279
48 2280
48 2281
48 2282
48 2283
48 2284
48 2285
48 2286
48 2287
48 2288
48 2289
48 2290
48 2291
48 2292
48 2293
48 2294
48 2295
48 2296
48 2297
48 2298
48 2299
48 2300
48 2301
94 2302
94 2303
94 2304
94 2305
94 2306
94 2307
94 2308
94 2309
94 2310
94 2311
94 2312
94 2313
94 2314
94 2315
94 2316
94 2317
94 2318
94 2319
94 2320
94 2321
94 2322
94 2323
94 2324
94 2325
94 2326
94 2327
94 2328
94 2329
94 2330
94 2331
94 2332
94 2333
94 2334
94 2335
94 2336
94 2337
94 2338
94 2339
94 2340
94 2341
94 2342
94 2343
94 2344
94 2345
94 2346
94 2347
94 2348
94 2349
94 2350
94 2351
94 2352
94 2353
94 2354
94 2355
94 2356
94 2357
94 2358
94 2359
94 2360
94 2361
94 2362
94 2363
94 2364
94 2365
94 2366
94 2367
94 2368
94 2369
94 2370
94 2371
94 2372
94 2373
94 2374
94 2375
94 2376
94 2377
94 2378
94 2379
94 2380
94 2381
94 2382
94 2383
94 2384
94 2385
94 2386
94 2387
94 2388
94 2389
94 2390
94 2391
94 2392
94 2393
140 2394
140 2395
140 2396
140 2397
140 2398
140 2399
140 2400
140 2401
140 2402
140 2403
140 2404
140 2405
140 2406
140 2407
140 2408
140 2409
140 2410
140 2411
140 2412
140 2413
140 2414
140 2415
140 2416
140 2417
140 2418
140 2419
140 2420
140 2421
140 2422
140 2423
140 2424
140 2425
140 2426
140 2427
140 2428
140 2429
140 2430
140 2431
140 2432
140 2433
140 2434
140 2435
140 2436
140 2437
140 2438
140 2439
140 2440
140 2441
140 2442
140 2443
140 2444
140 2445
140 2446
140 2447
140 2448
140 2449
140 2450
140 2451
140 2452
140 2453
140 2454
140 2455
140 2456
140 2457
140 2458
140 2459
140 2460
140 2461
140 2462
140 2463
140 2464
140 2465
140 2466
140 2467
140 2468
140 2469
140 2470
140 2471
140 2472
140 2473
140 2474
140 2475
140 2476
140 2477
140 2478
140 2479
140 2480
140 2481
140 2482
140 2483
140 2484
140 2485
186 2486
186 2487
186 2488
186 2489
186 2490
186 2491
186 2492
186 2493
186 2494
186 2495
186 2496
186 2497
186 2498
186 2499
186 2500
186 2501
186 2502
186 2503
186 2504
186 2505
186 2506
186 2507
186 2508
186 2509
186 2510
186 2511
186 2512
186 2513
186 2514
186 2515
186 2516
186 2517
186 2518
186 2519
186 2520
186 2521
186 2522
186 2523
186 2524
186 2525
186 2526
186 2527
186 2528
186 2529
186 2530
186 2531
186 2532
186 2533
186 2534
186 2535
186 2536
186 2537
186 2538
186 2539
186 2540
186 2541
186 2542
186 2543
186 2544
186 2545
186 2546
186 2547
186 2548
186 2549
186 2550
186 2551
186 2552
186 2553
186 2554
186 2555
186 2556
186 2557
186 2558
186 2559
186 2560
186 2561
186 2562
186 2563
186 2564
186 2565
186 2566
186 2567
186 2568
186 2569
186 2570
186 2571
186 2572
186 2573
186 2574
186 2575
186 2576
186 2577
232 2578
232 2579
232 2580
232 2581
232 2582
232 2583
232 2584
232 2585
232 2586
232 2587
232 2588
232 2589
232 2590
232 2591
232 2592
232 2593
232 2594
232 2595
232 2596
232 2597
232 2598
232 2599
232 2600
232 2601
232 2602
232 2603
232 2604
232 2605
232 2606
232 2607
232 2608
232 2609
232 2610
232 2611
232 2612
232 2613
232 2614
232 2615
232 2616
232 2617
232 2618
232 2619
232 2620
232 2621
232 2622
232 2623
232 2624
232 2625
232 2626
232 2627
232 2628
232 2629
232 2630
232 2631
232 2632
232 2633
232 2634
232 2635
232 2636
232 2637
232 2638
232 2639
232 2640
232 2641
232 2642
232 2643
232 2644
232 2645
232 2646
232 2647
232 2648
232 2649
232 2650
232 2651
232 2652
232 2653
232 2654
232 2655
232 2656
232 2657
232 2658
232 2659
232 2660
232 2661
232 2662
232 2663
232 2664
232 2665
232 2666
232 2667
232 2668
232 2669
278 2670
278 2671
278 2672
278 2673
278 2674
278 2675
278 2676
278 2677
278 2678
278 2679
278 2680
278 2681
278 2682
278 2683
278 2684
278 2685
278 2686
278 2687
278 2688
278 2689
278 2690
278 2691
278 2692
278 2693
278 2694
278 2695
278 2696
278 2697
278 2698
278 2699
278 2700
278 2701
278 2702
278 2703
278 2704
278 2705
278 2706
278 2707
278 2708
278 2709
278 2710
278 2711
278 2712
278 2713
278 2714
278 2715
278 2716
278 2717
278 2718
278 2719
278 2720
278 2721
278 2722
278 2723
278 2724
278 2725
278 2726
278 2727
278 2728
278 2729
278 2730
278 2731
278 2732
278 2733
278 2734
278 2735
278 2736
278 2737
278 2738
278 2739
278 2740
278 2741
278 2742
278 2743
278 2744
278 2745
278 2746
278 2747
278 2748
278 2749
278 2750
278 2751
278 2752
278 2753
278 2754
278 2755
278 2756
278 2757
278 2758
278 2759
278 2760
278 2761
324 2762
324 2763
324 2764
324 2765
324 2766
324 2767
324 2768
324 2769
324 2770
324 2771
324 2772
324 2773
324 2774
324 2775
324 2776
324 2777
324 2778
324 2779
324 2780
324 2781
324 2782
324 2783
324 2784
324 2785
324 2786
324 2787
324 2788
324 2789
324 2790
324 2791
324 2792
324 2793
324 2794
324 2795
324 2796
324 2797
324 2798
324 2799
324 2800
324 2801
324 2802
324 2803
324 2804
324 2805
324 2806
324 2807
324 2808
324 2809
324 2810
324 2811
324 2812
324 2813
324 2814
324 2815
324 2816
324 2817
324 2818
324 2819
324 2820
324 2821
324 2822
324 2823
324 2824
324 2825
324 2826
324 2827
324 2828
324 2829
324 2830
324 2831
324 2832
324 2833
324 2834
324 2835
324 2836
324 2837
324 2838
324 2839
324 2840
324 2841
324 2842
324 2843
324 2844
324 2845
324 2846
324 2847
324 2848
324 2849
324 2850
324 2851
324 2852
324 2853
370 2854
370 2855
370 2856
370 2857
370 2858
370 2859
370 2860
370 2861
370 2862
370 2863
370 2864
370 2865
370 2866
370 2867
370 2868
370 2869
370 2870
370 2871
370 2872
370 2873
370 2874
370 2875
370 2876
370 2877
370 2878
370 2879
370 2880
370 2881
370 2882
370 2883
370 2884
370 2885
370 2886
370 2887
370 2888
370 2889
370 2890
370 2891
370 2892
370 2893
370 2894
370 2895
370 2896
370 2897
370 2898
370 2899
370 2900
370 2901
370 2902
370 2903
370 2904
370 2905
370 2906
370 2907
370 2908
370 2909
370 2910
370 2911
370 2912
370 2913
370 2914
370 2915
370 2916
370 2917
370 2918
370 2919
370 2920
370 2921
370 2922
370 2923
370 2924
370 2925
370 2926
370 2927
370 2928
370 2929
370 2930
370 2931
370 2932
370 2933
370 2934
370 2935
370 2936
370 2937
370 2938
370 2939
370 2940
370 2941
370 2942
370 2943
370 2944
370 2945
416 2946
416 2947
416 2948
416 2949
416 2950
416 2951
416 2952
416 2953
416 2954
416 2955
416 2956
416 2957
416 2958
416 2959
416 2960
416 2961
416 2962
416 2963
416 2964
416 2965
416 2966
416 2967
416 2968
416 2969
416 2970
416 2971
416 2972
416 2973
416 2974
416 2975
416 2976
416 2977
416 2978
416 2979
416 2980
416 2981
416 2982
416 2983
416 2984
416 2985
416 2986
416 2987
416 2988
416 2989
416 2990
416 2991
416 2992
416 2993
416 2994
416 2995
416 2996
416 2997
416 2998
416 2999
416 3000
416 3001
416 3002
416 3003
416 3004
416 3005
416 3006
416 3007
416 3008
416 3009
416 3010
416 3011
416 3012
416 3013
416 3014
416 3015
416 3016
416 3017
416 3018
416 3019
416 3020
416 3021
416 3022
416 3023
416 3024
416 3025
416 3026
416 3027
416 3028
416 3029
416 3030
416 3031
416 3032
416 3033
416 3034
416 3035
416 3036
416 3037
462 3038
462 3039
462 3040
462 3041
462 3042
462 3043
462 3044
462 3045
462 3046
462 3047
462 3048
462 3049
462 3050
462 3051
462 3052
462 3053
462 3054
462 3055
462 3056
462 3057
462 3058
462 3059
462 3060
462 3061
462 3062
462 3063
462 3064
462 3065
462 3066
462 3067
462 3068
462 3069
462 3070
462 3071
462 3072
462 3073
462 3074
462 3075
462 3076
462 3077
462 3078
462 3079
462 3080
462 3081
462 3082
462 3083
462 3084
462 3085
462 3086
462 3087
462 3088
462 3089
462 3090
462 3091
462 3092
462 3093
462 3094
462 3095
462 3096
462 3097
462 3098
462 3099
462 3100
462 3101
462 3102
462 3103
462 3104
462 3105
462 3106
462 3107
462 3108
462 3109
462 3110
462 3111
462 3112
462 3113
462 3114
462 3115
462 3116
462 3117
462 3118
462 3119
462 3120
462 3121
462 3122
462 3123
462 3124
462 3125
462 3126
462 3127
462 3128
462 3129
508 3130
508 3131
508 3132
508 3133
508 3134
508 3135
508 3136
508 3137
508 3138
508 3139
508 3140
508 3141
508 3142
508 3143
508 3144
508 3145
508 3146
508 3147
508 3148
508 3149
508 3150
508 3151
508 3152
508 3153
508 3154
508 3155
508 3156
508 3157
508 3158
508 3159
508 3160
508 3161
508 3162
508 3163
508 3164
508 3165
508 3166
508 3167
508 3168
508 3169
508 3170
508 3171
508 3172
508 3173
508 3174
508 3175
508 3176
508 3177
508 3178
508 3179
508 3180
508 3181
508 3182
508 3183
508 3184
508 3185
508 3186
508 3187
508 3188
508 3189
508 3190
508 3191
508 3192
508 3193
508 3194
508 3195
508 3196
508 3197
508 3198
508 3199
508 3200
508 3201
508 3202
508 3203
508 3204
508 3205
508 3206
508 3207
508 3208
508 3209
508 3210
508 3211
508 3212
508 3213
508 3214
508 3215
508 3216
508 3217
508 3218
508 3219
508 3220
508 3221
554 3222
554 3223
554 3224
554 3225
554 3226
554 3227
554 3228
554 3229
554 3230
554 3231
554 3232
554 3233
554 3234
554 3235
554 3236
554 3237
554 3238
554 3239
554 3240
554 3241
554 3242
554 3243
554 3244
554 3245
554 3246
554 3247
554 3248
554 3249
554 3250
554 3251
554 3252
554 3253
554 3254
554 3255
554 3256
554 3257
554 3258
554 3259
554 3260
554 3261
554 3262
554 3263
554 3264
554 3265
554 3266
554 3267
554 3268
554 3269
554 3270
554 3271
554 3272
554 3273
554 3274
554 3275
554 3276
554 3277
554 3278
554 3279
554 3280
554 3281
554 3282
554 3283
554 3284
554 3285
554 3286
554 3287
554 3288
554 3289
554 3290
554 3291
554 3292
554 3293
554 3294
554 3295
554 3296
554 3297
554 3298
554 3299
554 3300
554 3301
554 3302
554 3303
554 3304
554 3305
554 3306
554 3307
554 3308
554 3309
554 3310
554 3311
554 3312
554 3313
600 3314
600 3315
600 3316
600 3317
600 3318
600 3319
600 3320
600 3321
600 3322
600 3323
600 3324
600 3325
600 3326
600 3327
600 3328
600 3329
600 3330
600 3331
600 3332
600 3333
600 3334
600 3335
600 3336
600 3337
600 3338
600 3339
600 3340
600 3341
600 3342
600 3343
600 3344
600 3345
600 3346
600 3347
600 3348
600 3349
600 3350
600 3351
600 3352
600 3353
600 3354
600 3355
600 3356
600 3357
600 3358
600 3359
600 3360
600 3361
600 3362
600 3363
600 3364
600 3365
600 3366
600 3367
600 3368
600 3369
600 3370
600 3371
600 3372
600 3373
600 3374
600 3375
600 3376
600 3377
600 3378
600 3379
600 3380
600 3381
600 3382
600 3383
600 3384
600 3385
600 3386
600 3387
600 3388
600 3389
600 3390
600 3391
600 3392
600 3393
600 3394
600 3395
600 3396
600 3397
600 3398
600 3399
600 3400
600 3401
600 3402
600 3403
600 3404
600 3405
646 3406
646 3407
646 3408
646 3409
646 3410
646 3411
646 3412
646 3413
646 3414
646 3415
646 3416
646 3417
646 3418
646 3419
646 3420
646 3421
646 3422
646 3423
646 3424
646 3425
646 3426
646 3427
646 3428
646 3429
646 3430
646 3431
646 3432
646 3433
646 3434
646 3435
646 3436
646 3437
646 3438
646 3439
646 3440
646 3441
646 3442
646 3443
646 3444
646 3445
646 3446
646 3447
646 3448
646 3449
646 3450
646 3451
646 3452
646 3453
646 3454
646 3455
646 3456
646 3457
646 3458
646 3459
646 3460
646 3461
646 3462
646 3463
646 3464
646 3465
646 3466
646 3467
646 3468
646 3469
646 3470
646 3471
646 3472
646 3473
646 3474
646 3475
646 3476
646 3477
646 3478
646 3479
646 3480
646 3481
646 3482
646 3483
646 3484
646 3485
646 3486
646 3487
646 3488
646 3489
646 3490
646 3491
646 3492
646 3493
646 3494
646 3495
646 3496
646 3497
692 3498
692 3499
692 3500
692 3501
692 3502
692 3503
692 3504
692 3505
692 3506
692 3507
692 3508
692 3509
692 3510
692 3511
692 3512
692 3513
692 3514
692 3515
692 3516
692 3517
692 3518
692 3519
692 3520
692 3521
692 3522
692 3523
692 3524
692 3525
692 3526
692 3527
692 3528
692 3529
692 3530
692 3531
692 3532
692 3533
692 3534
692 3535
692 3536
692 3537
692 3538
692 3539
692 3540
692 3541
692 3542
692 3543
692 3544
692 3545
692 3546
692 3547
692 3548
692 3549
692 3550
692 3551
692 3552
692 3553
692 3554
692 3555
692 3556
692 3557
692 3558
692 3559
692 3560
692 3561
692 3562
692 3563
692 3564
692 3565
692 3566
692 3567
692 3568
692 3569
692 3570
692 3571
692 3572
692 3573
692 3574
692 3575
692 3576
692 3577
692 3578
692 3579
692 3580
692 3581
692 3582
692 3583
692 3584
692 3585
692 3586
692 3587
692 3588
692 3589
738 3590
738 3591
738 3592
738 3593
738 3594
738 3595
738 3596
738 3597
738 3598
738 3599
738 3600
738 3601
738 3602
738 3603
738 3604
738 3605
738 3606
738 3607
738 3608
738 3609
738 3610
738 3611
738 3612
738 3613
738 3614
738 3615
738 3616
738 3617
738 3618
738 3619
738 3620
738 3621
738 3622
738 3623
738 3624
738 3625
738 3626
738 3627
738 3628
738 3629
738 3630
738 3631
738 3632
738 3633
738 3634
738 3635
738 3636
738 3637
738 3638
738 3639
738 3640
738 3641
738 3642
738 3643
738 3644
738 3645
738 3646
738 3647
738 3648
738 3649
738 3650
738 3651
738 3652
738 3653
738 3654
738 3655
738 3656
738 3657
738 3658
738 3659
738 3660
738 3661
738 3662
738 3663
738 3664
738 3665
738 3666
738 3667
738 3668
738 3669
738 3670
738 3671
738 3672
738 3673
738 3674
738 3675
738 3676
738 3677
738 3678
738 3679
738 3680
738 3681
784 3682
784 3683
784 3684
784 3685
784 3686
784 3687
784 3688
784 3689
784 3690
784 3691
784 3692
784 3693
784 3694
784 3695
784 3696
784 3697
784 3698
784 3699
784 3700
784 3701
784 3702
784 3703
784 3704
784 3705
784 3706
784 3707
784 3708
784 3709
784 3710
784 3711
784 3712
784 3713
784 3714
784 3715
784 3716
784 3717
784 3718
784 3719
784 3720
784 3721
784 3722
784 3723
784 3724
784 3725
784 3726
784 3727
784 3728
784 3729
784 3730
784 3731
784 3732
784 3733
784 3734
784 3735
784 3736
784 3737
784 3738
784 3739
784 3740
784 3741
784 3742
784 3743
784 3744
784 3745
784 3746
784 3747
784 3748
784 3749
784 3750
784 3751
784 3752
784 3753
784 3754
784 3755
784 3756
784 3757
784 3758
784 3759
784 3760
784 3761
784 3762
784 3763
784 3764
784 3765
784 3766
784 3767
784 3768
784 3769
784 3770
784 3771
784 3772
784 3773
830 3774
830 3775
830 3776
830 3777
830 3778
830 3779
830 3780
830 3781
830 3782
830 3783
830 3784
830 3785
830 3786
830 3787
830 3788
830 3789
830 3790
830 3791
830 3792
830 3793
830 3794
830 3795
830 3796
830 3797
830 3798
830 3799
830 3800
830 3801
830 3802
830 3803
830 3804
830 3805
830 3806
830 3807
830 3808
830 3809
830 3810
830 3811
830 3812
830 3813
830 3814
830 3815
830 3816
830 3817
830 3818
830 3819
830 3820
830 3821
830 3822
830 3823
830 3824
830 3825
830 3826
830 3827
830 3828
830 3829
830 3830
830 3831
830 3832
830 3833
830 3834
830 3835
830 3836
830 3837
830 3838
830 3839
830 3840
830 3841
830 3842
830 3843
830 3844
830 3845
830 3846
830 3847
830 3848
830 3849
830 3850
830 3851
830 3852
830 3853
830 3854
830 3855
830 3856
830 3857
830 3858
830 3859
830 3860
830 3861
830 3862
830 3863
830 3864
830 3865
876 3866
876 3867
876 3868
876 3869
876 3870
876 3871
876 3872
876 3873
876 3874
876 3875
876 3876
876 3877
876 3878
876 3879
876 3880
876 3881
876 3882
876 3883
876 3884
876 3885
876 3886
876 3887
876 3888
876 3889
876 3890
876 3891
876 3892
876 3893
876 3894
876 3895
876 3896
876 3897
876 3898
876 3899
876 3900
876 3901
876 3902
876 3903
876 3904
876 3905
876 3906
876 3907
876 3908
876 3909
876 3910
876 3911
876 3912
876 3913
876 3914
876 3915
876 3916
876 3917
876 3918
876 3919
876 3920
876 3921
876 3922
876 3923
876 3924
876 3925
876 3926
876 3927
876 3928
876 3929
876 3930
876 3931
876 3932
876 3933
876 3934
876 3935
876 3936
876 3937
876 3938
876 3939
876 3940
876 3941
876 3942
876 3943
876 3944
876 3945
876 3946
876 3947
876 3948
876 3949
876 3950
876 3951
876 3952
876 3953
876 3954
876 3955
876 3956
876 3957
922 3958
922 3959
922 3960
922 3961
922 3962
922 3963
922 3964
922 3965
922 3966
922 3967
922 3968
922 3969
922 3970
922 3971
922 3972
922 3973
922 3974
922 3975
922 3976
922 3977
922 3978
922 3979
922 3980
922 3981
922 3982
922 3983
922 3984
922 3985
922 3986
922 3987
922 3988
922 3989
922 3990
922 3991
922 3992
922 3993
922 3994
922 3995
922 3996
922 3997
922 3998
922 3999
922 4000
922 4001
922 4002
922 4003
922 4004
922 4005
922 4006
922 4007
922 4008
922 4009
922 4010
922 4011
922 4012
922 4013
922 4014
922 4015
922 4016
922 4017
922 4018
922 4019
922 4020
922 4021
922 4022
922 4023
922 4024
922 4025
922 4026
922 4027
922 4028
922 4029
922 4030
922 4031
922 4032
922 4033
922 4034
922 4035
922 4036
922 4037
922 4038
922 4039
922 4040
922 4041
922 4042
922 4043
922 4044
922 4045
922 4046
922 4047
922 4048
922 4049
968 4050
968 4051
968 4052
968 4053
968 4054
968 4055
968 4056
968 4057
968 4058
968 4059
968 4060
968 4061
968 4062
968 4063
968 4064
968 4065
968 4066
968 4067
968 4068
968 4069
968 4070
968 4071
968 4072
968 4073
968 4074
968 4075
968 4076
968 4077
968 4078
968 4079
968 4080
968 4081
968 4082
968 4083
968 4084
968 4085
968 4086
968 4087
968 4088
968 4089
968 4090
968 4091
968 4092
968 4093
968 4094
968 4095
968 4096
968 4097
968 4098
968 4099
968 4100
968 4101
968 4102
968 4103
968 4104
968 4105
968 4106
968 4107
968 4108
968 4109
968 4110
968 4111
968 4112
968 4113
968 4114
968 4115
968 4116
968 4117
968 4118
968 4119
968 4120
968 4121
968 4122
968 4123
968 4124
968 4125
968 4126
968 4127
968 4128
968 4129
968 4130
968 4131
968 4132
968 4133
968 4134
968 4135
968 4136
968 4137
968 4138
968 4139
968 4140
968 4141
1014 4142
1014 4143
1014 4144
1014 4145
1014 4146
1014 4147
1014 4148
1014 4149
1014 4150
1014 4151
1014 4152
1014 4153
1014 4154
1014 4155
1014 4156
1014 4157
1014 4158
1014 4159
1014 4160
1014 4161
1014 4162
1014 4163
1014 4164
1014 4165
1014 4166
1014 4167
1014 4168
1014 4169
1014 4170
1014 4171
1014 4172
1014 4173
1014 4174
1014 4175
1014 4176
1014 4177
1014 4178
1014 4179
1014 4180
1014 4181
1014 4182
1014 4183
1014 4184
1014 4185
1014 4186
1014 4187
1014 4188
1014 4189
1014 4190
1014 4191
1014 4192
1014 4193
1014 4194
1014 4195
1014 4196
1014 4197
1014 4198
1014 4199
1014 4200
1014 4201
1014 4202
1014 4203
1014 4204
1014 4205
1014 4206
1014 4207
1014 4208
1014 4209
1014 4210
1014 4211
1014 4212
1014 4213
1014 4214
1014 4215
1014 4216
1014 4217
1014 4218
1014 4219
1014 4220
1014 4221
1014 4222
1014 4223
1014 4224
1014 4225
1014 4226
1014 4227
1014 4228
1014 4229
1014 4230
1014 4231
1014 4232
1014 4233
1060 4234
1060 4235
1060 4236
1060 4237
1060 4238
1060 4239
1060 4240
1060 4241
1060 4242
1060 4243
1060 4244
1060 4245
1060 4246
1060 4247
1060 4248
1060 4249
1060 4250
1060 4251
1060 4252
1060 4253
1060 4254
1060 4255
1060 4256
1060 4257
1060 4258
1060 4259
1060 4260
1060 4261
1060 4262
1060 4263
1060 4264
1060 4265
1060 4266
1060 4267
1060 4268
1060 4269
1060 4270
1060 4271
1060 4272
1060 4273
1060 4274
1060 4275
1060 4276
1060 4277
1060 4278
1060 4279
1060 4280
1060 4281
1060 4282
1060 4283
1060 4284
1060 4285
1060 4286
1060 4287
1060 4288
1060 4289
1060 4290
1060 4291
1060 4292
1060 4293
1060 4294
1060 4295
1060 4296
1060 4297
1060 4298
1060 4299
1060 4300
1060 4301
1060 4302
1060 4303
1060 4304
1060 4305
1060 4306
1060 4307
1060 4308
1060 4309
1060 4310
1060 4311
1060 4312
1060 4313
1060 4314
1060 4315
1060 4316
1060 4317
1060 4318
1060 4319
1060 4320
1060 4321
1060 4322
1060 4323
1060 4324
1060 4325
1106 4326
1106 4327
1106 4328
1106 4329
1106 4330
1106 4331
1106 4332
1106 4333
1106 4334
1106 4335
1106 4336
1106 4337
1106 4338
1106 4339
1106 4340
1106 4341
1106 4342
1106 4343
1106 4344
1106 4345
1106 4346
1106 4347
1106 4348
1106 4349
1106 4350
1106 4351
1106 4352
1106 4353
1106 4354
1106 4355
1106 4356
1106 4357
1106 4358
1106 4359
1106 4360
1106 4361
1106 4362
1106 4363
1106 4364
1106 4365
1106 4366
1106 4367
1106 4368
1106 4369
1106 4370
1106 4371
1106 4372
1106 4373
1106 4374
1106 4375
1106 4376
1106 4377
1106 4378
1106 4379
1106 4380
1106 4381
1106 4382
1106 4383
1106 4384
1106 4385
1106 4386
1106 4387
1106 4388
1106 4389
1106 4390
1106 4391
1106 4392
1106 4393
1106 4394
1106 4395
1106 4396
1106 4397
1106 4398
1106 4399
1106 4400
1106 4401
1106 4402
1106 4403
1106 4404
1106 4405
1106 4406
1106 4407
1106 4408
1106 4409
1106 4410
1106 4411
1106 4412
1106 4413
1106 4414
1106 4415
1106 4416
1106 4417
1152 4418
1152 4419
1152 4420
1152 4421
1152 4422
1152 4423
1152 4424
1152 4425
1152 4426
1152 4427
1152 4428
1152 4429
1152 4430
1152 4431
1152 4432
1152 4433
1152 4434
1152 4435
1152 4436
1152 4437
1152 4438
1152 4439
1152 4440
1152 4441
1152 4442
1152 4443
1152 4444
1152 4445
1152 4446
1152 4447
1152 4448
1152 4449
1152 4450
1152 4451
1152 4452
1152 4453
1152 4454
1152 4455
1152 4456
1152 4457
1152 4458
1152 4459
1152 4460
1152 4461
1152 4462
1152 4463
1152 4464
1152 4465
1152 4466
1152 4467
1152 4468
1152 4469
1152 4470
1152 4471
1152 4472
1152 4473
1152 4474
1152 4475
1152 4476
1152 4477
1152 4478
1152 4479
1152 4480
1152 4481
1152 4482
1152 4483
1152 4484
1152 4485
1152 4486
1152 4487
1152 4488
1152 4489
1152 4490
1152 4491
1152 4492
1152 4493
1152 4494
1152 4495
1152 4496
1152 4497
1152 4498
1152 4499
1152 4500
1152 4501
1152 4502
1152 4503
1152 4504
1152 4505
1152 4506
1152 4507
1152 4508
1152 4509
1198 4510
1198 4511
1198 4512
1198 4513
1198 4514
1198 4515
1198 4516
1198 4517
1198 4518
1198 4519
1198 4520
1198 4521
1198 4522
1198 4523
1198 4524
1198 4525
1198 4526
1198 4527
1198 4528
1198 4529
1198 4530
1198 4531
1198 4532
1198 4533
1198 4534
1198 4535
1198 4536
1198 4537
1198 4538
1198 4539
1198 4540
1198 4541
1198 4542
1198 4543
1198 4544
1198 4545
1198 4546
1198 4547
1198 4548
1198 4549
1198 4550
1198 4551
1198 4552
1198 4553
1198 4554
1198 4555
1198 4556
1198 4557
1198 4558
1198 4559
1198 4560
1198 4561
1198 4562
1198 4563
1198 4564
1198 4565
1198 4566
1198 4567
1198 4568
1198 4569
1198 4570
1198 4571
1198 4572
1198 4573
1198 4574
1198 4575
1198 4576
1198 4577
1198 4578
1198 4579
1198 4580
1198 4581
1198 4582
1198 4583
1198 4584
1198 4585
1198 4586
1198 4587
1198 4588
1198 4589
1198 4590
1198 4591
1198 4592
1198 4593
1198 4594
1198 4595
1198 4596
1198 4597
1198 4598
1198 4599
1198 4600
1198 4601
1244 4602
1244 4603
1244 4604
1244 4605
1244 4606
1244 4607
1244 4608
1244 4609
1244 4610
1244 4611
1244 4612
1244 4613
1244 4614
1244 4615
1244 4616
1244 4617
1244 4618
1244 4619
1244 4620
1244 4621
1244 4622
1244 4623
1244 4624
1244 4625
1244 4626
1244 4627
1244 4628
1244 4629
1244 4630
1244 4631
1244 4632
1244 4633
1244 4634
1244 4635
1244 4636
1244 4637
1244 4638
1244 4639
1244 4640
1244 4641
1244 4642
1244 4643
1244 4644
1244 4645
1244 4646
1244 4647
1244 4648
1244 4649
1244 4650
1244 4651
1244 4652
1244 4653
1244 4654
1244 4655
1244 4656
1244 4657
1244 4658
1244 4659
1244 4660
1244 4661
1244 4662
1244 4663
1244 4664
1244 4665
1244 4666
1244 4667
1244 4668
1244 4669
1244 4670
1244 4671
1244 4672
1244 4673
1244 4674
1244 4675
1244 4676
1244 4677
1244 4678
1244 4679
1244 4680
1244 4681
1244 4682
1244 4683
1244 4684
1244 4685
1244 4686
1244 4687
1244 4688
1244 4689
1244 4690
1244 4691
1244 4692
1244 4693
1290 4694
1290 4695
1290 4696
1290 4697
1290 4698
1290 4699
1290 4700
1290 4701
1290 4702
1290 4703
1290 4704
1290 4705
1290 4706
1290 4707
1290 4708
1290 4709
1290 4710
1290 4711
1290 4712
1290 4713
1290 4714
1290 4715
1290 4716
1290 4717
1290 4718
1290 4719
1290 4720
1290 4721
1290 4722
1290 4723
1290 4724
1290 4725
1290 4726
1290 4727
1290 4728
1290 4729
1290 4730
1290 4731
1290 4732
1290 4733
1290 4734
1290 4735
1290 4736
1290 4737
1290 4738
1290 4739
1290 4740
1290 4741
1290 4742
1290 4743
1290 4744
1290 4745
1290 4746
1290 4747
1290 4748
1290 4749
1290 4750
1290 4751
1290 4752
1290 4753
1290 4754
1290 4755
1290 4756
1290 4757
1290 4758
1290 4759
1290 4760
1290 4761
1290 4762
1290 4763
1290 4764
1290 4765
1290 4766
1290 4767
1290 4768
1290 4769
1290 4770
1290 4771
1290 4772
1290 4773
1290 4774
1290 4775
1290 4776
1290 4777
1290 4778
1290 4779
1290 4780
1290 4781
1290 4782
1290 4783
1290 4784
1290 4785
1336 4786
1336 4787
1336 4788
1336 4789
1336 4790
1336 4791
1336 4792
1336 4793
1336 4794
1336 4795
1336 4796
1336 4797
1336 4798
1336 4799
1336 4800
1336 4801
1336 4802
1336 4803
1336 4804
1336 4805
1336 4806
1336 4807
1336 4808
1336 4809
1336 4810
1336 4811
1336 4812
1336 4813
1336 4814
1336 4815
1336 4816
1336 4817
1336 4818
1336 4819
1336 4820
1336 4821
1336 4822
1336 4823
1336 4824
1336 4825
1336 4826
1336 4827
1336 4828
1336 4829
1336 4830
1336 4831
1336 4832
1336 4833
1336 4834
1336 4835
1336 4836
1336 4837
1336 4838
1336 4839
1336 4840
1336 4841
1336 4842
1336 4843
1336 4844
1336 4845
1336 4846
1336 4847
1336 4848
1336 4849
1336 4850
1336 4851
1336 4852
1336 4853
1336 4854
1336 4855
1336 4856
1336 4857
1336 4858
1336 4859
1336 4860
1336 4861
1336 4862
1336 4863
1336 4864
1336 4865
1336 4866
1336 4867
1336 4868
1336 4869
1336 4870
1336 4871
1336 4872
1336 4873
1336 4874
1336 4875
1336 4876
1336 4877
1382 4878
1382 4879
1382 4880
1382 4881
1382 4882
1382 4883
1382 4884
1382 4885
1382 4886
1382 4887
1382 4888
1382 4889
1382 4890
1382 4891
1382 4892
1382 4893
1382 4894
1382 4895
1382 4896
1382 4897
1382 4898
1382 4899
1382 4900
1382 4901
1382 4902
1382 4903
1382 4904
1382 4905
1382 4906
1382 4907
1382 4908
1382 4909
1382 4910
1382 4911
1382 4912
1382 4913
1382 4914
1382 4915
1382 4916
1382 4917
1382 4918
1382 4919
1382 4920
1382 4921
1382 4922
1382 4923
1382 4924
1382 4925
1382 4926
1382 4927
1382 4928
1382 4929
1382 4930
1382 4931
1382 4932
1382 4933
1382 4934
1382 4935
1382 4936
1382 4937
1382 4938
1382 4939
1382 4940
1382 4941
1382 4942
1382 4943
1382 4944
1382 4945
1382 4946
1382 4947
1382 4948
1382 4949
1382 4950
1382 4951
1382 4952
1382 4953
1382 4954
1382 4955
1382 4956
1382 4957
1382 4958
1382 4959
1382 4960
1382 4961
1382 4962
1382 4963
1382 4964
1382 4965
1382 4966
1382 4967
1382 4968
1382 4969
1428 4970
1428 4971
1428 4972
1428 4973
1428 4974
1428 4975
1428 4976
1428 4977
1428 4978
1428 4979
1428 4980
1428 4981
1428 4982
1428 4983
1428 4984
1428 4985
1428 4986
1428 4987
1428 4988
1428 4989
1428 4990
1428 4991
1428 4992
1428 4993
1428 4994
1428 4995
1428 4996
1428 4997
1428 4998
1428 4999
1428 5000
1428 5001
1428 5002
1428 5003
1428 5004
1428 5005
1428 5006
1428 5007
1428 5008
1428 5009
1428 5010
1428 5011
1428 5012
1428 5013
1428 5014
1428 5015
1428 5016
1428 5017
1428 5018
1428 5019
1428 5020
1428 5021
1428 5022
1428 5023
1428 5024
1428 5025
1428 5026
1428 5027
1428 5028
1428 5029
1428 5030
1428 5031
1428 5032
1428 5033
1428 5034
1428 5035
1428 5036
1428 5037
1428 5038
1428 5039
1428 5040
1428 5041
1428 5042
1428 5043
1428 5044
1428 5045
1428 5046
1428 5047
1428 5048
1428 5049
1428 5050
1428 5051
1428 5052
1428 5053
1428 5054
1428 5055
1428 5056
1428 5057
1428 5058
1428 5059
1428 5060
1428 5061
1474 5062
1474 5063
1474 5064
1474 5065
1474 5066
1474 5067
1474 5068
1474 5069
1474 5070
1474 5071
1474 5072
1474 5073
1474 5074
1474 5075
1474 5076
1474 5077
1474 5078
1474 5079
1474 5080
1474 5081
1474 5082
1474 5083
1474 5084
1474 5085
1474 5086
1474 5087
1474 5088
1474 5089
1474 5090
1474 5091
1474 5092
1474 5093
1474 5094
1474 5095
1474 5096
1474 5097
1474 5098
1474 5099
1474 5100
1474 5101
1474 5102
1474 5103
1474 5104
1474 5105
1474 5106
1474 5107
1474 5108
1474 5109
1474 5110
1474 5111
1474 5112
1474 5113
1474 5114
1474 5115
1474 5116
1474 5117
1474 5118
1474 5119
1474 5120
1474 5121
1474 5122
1474 5123
1474 5124
1474 5125
1474 5126
1474 5127
1474 5128
1474 5129
1474 5130
1474 5131
1474 5132
1474 5133
1474 5134
1474 5135
1474 5136
1474 5137
1474 5138
1474 5139
1474 5140
1474 5141
1474 5142
1474 5143
1474 5144
1474 5145
1474 5146
1474 5147
1474 5148
1474 5149
1474 5150
1474 5151
1474 5152
1474 5153
1520 5154
1520 5155
1520 5156
1520 5157
1520 5158
1520 5159
1520 5160
1520 5161
1520 5162
1520 5163
1520 5164
1520 5165
1520 5166
1520 5167
1520 5168
1520 5169
1520 5170
1520 5171
1520 5172
1520 5173
1520 5174
1520 5175
1520 5176
1520 5177
1520 5178
1520 5179
1520 5180
1520 5181
1520 5182
1520 5183
1520 5184
1520 5185
1520 5186
1520 5187
1520 5188
1520 5189
1520 5190
1520 5191
1520 5192
1520 5193
1520 5194
1520 5195
1520 5196
1520 5197
1520 5198
1520 5199
1520 5200
1520 5201
1520 5202
1520 5203
1520 5204
1520 5205
1520 5206
1520 5207
1520 5208
1520 5209
1520 5210
1520 5211
1520 5212
1520 5213
1520 5214
1520 5215
1520 5216
1520 5217
1520 5218
1520 5219
1520 5220
1520 5221
1520 5222
1520 5223
1520 5224
1520 5225
1520 5226
1520 5227
1520 5228
1520 5229
1520 5230
1520 5231
1520 5232
1520 5233
1520 5234
1520 5235
1520 5236
1520 5237
1520 5238
1520 5239
1520 5240
1520 5241
1520 5242
1520 5243
1520 5244
1520 5245
1566 5246
1566 5247
1566 5248
1566 5249
1566 5250
1566 5251
1566 5252
1566 5253
1566 5254
1566 5255
1566 5256
1566 5257
1566 5258
1566 5259
1566 5260
1566 5261
1566 5262
1566 5263
1566 5264
1566 5265
1566 5266
1566 5267
1566 5268
1566 5269
1566 5270
1566 5271
1566 5272
1566 5273
1566 5274
1566 5275
1566 5276
1566 5277
1566 5278
1566 5279
1566 5280
1566 5281
1566 5282
1566 5283
1566 5284
1566 5285
1566 5286
1566 5287
1566 5288
1566 5289
1566 5290
1566 5291
1566 5292
1566 5293
1566 5294
1566 5295
1566 5296
1566 5297
1566 5298
1566 5299
1566 5300
1566 5301
1566 5302
1566 5303
1566 5304
1566 5305
1566 5306
1566 5307
1566 5308
1566 5309
1566 5310
1566 5311
1566 5312
1566 5313
1566 5314
1566 5315
1566 5316
1566 5317
1566 5318
1566 5319
1566 5320
1566 5321
1566 5322
1566 5323
1566 5324
1566 5325
1566 5326
1566 5327
1566 5328
1566 5329
1566 5330
1566 5331
1566 5332
1566 5333
1566 5334
1566 5335
1566 5336
1566 5337
1612 5338
1612 5339
1612 5340
1612 5341
1612 5342
1612 5343
1612 5344
1612 5345
1612 5346
1612 5347
1612 5348
1612 5349
1612 5350
1612 5351
1612 5352
1612 5353
1612 5354
1612 5355
1612 5356
1612 5357
1612 5358
1612 5359
1612 5360
1612 5361
1612 5362
1612 5363
1612 5364
1612 5365
1612 5366
1612 5367
1612 5368
1612 5369
1612 5370
1612 5371
1612 5372
1612 5373
1612 5374
1612 5375
1612 5376
1612 5377
1612 5378
1612 5379
1612 5380
1612 5381
1612 5382
1612 5383
1612 5384
1612 5385
1612 5386
1612 5387
1612 5388
1612 5389
1612 5390
1612 5391
1612 5392
1612 5393
1612 5394
1612 5395
1612 5396
1612 5397
1612 5398
1612 5399
1612 5400
1612 5401
1612 5402
1612 5403
1612 5404
1612 5405
1612 5406
1612 5407
1612 5408
1612 5409
1612 5410
1612 5411
1612 5412
1612 5413
1612 5414
1612 5415
1612 5416
1612 5417
1612 5418
1612 5419
1612 5420
1612 5421
1612 5422
1612 5423
1612 5424
1612 5425
1612 5426
1612 5427
1612 5428
1612 5429
1658 5430
1658 5431
1658 5432
1658 5433
1658 5434
1658 5435
1658 5436
1658 5437
1658 5438
1658 5439
1658 5440
1658 5441
1658 5442
1658 5443
1658 5444
1658 5445
1658 5446
1658 5447
1658 5448
1658 5449
1658 5450
1658 5451
1658 5452
1658 5453
1658 5454
1658 5455
1658 5456
1658 5457
1658 5458
1658 5459
1658 5460
1658 5461
1658 5462
1658 5463
1658 5464
1658 5465
1658 5466
1658 5467
1658 5468
1658 5469
1658 5470
1658 5471
1658 5472
1658 5473
1658 5474
1658 5475
1658 5476
1658 5477
1658 5478
1658 5479
1658 5480
1658 5481
1658 5482
1658 5483
1658 5484
1658 5485
1658 5486
1658 5487
1658 5488
1658 5489
1658 5490
1658 5491
1658 5492
1658 5493
1658 5494
1658 5495
1658 5496
1658 5497
1658 5498
1658 5499
1658 5500
1658 5501
1658 5502
1658 5503
1658 5504
1658 5505
1658 5506
1658 5507
1658 5508
1658 5509
1658 5510
1658 5511
1658 5512
1658 5513
1658 5514
1658 5515
1658 5516
1658 5517
1658 5518
1658 5519
1658 5520
1658 5521
1704 5522
1704 5523
1704 5524
1704 5525
1704 5526
1704 5527
1704 5528
1704 5529
1704 5530
1704 5531
1704 5532
1704 5533
1704 5534
1704 5535
1704 5536
1704 5537
1704 5538
1704 5539
1704 5540
1704 5541
1704 5542
1704 5543
1704 5544
1704 5545
1704 5546
1704 5547
1704 5548
1704 5549
1704 5550
1704 5551
1704 5552
1704 5553
1704 5554
1704 5555
1704 5556
1704 5557
1704 5558
1704 5559
1704 5560
1704 5561
1704 5562
1704 5563
1704 5564
1704 5565
1704 5566
1704 5567
1704 5568
1704 5569
1704 5570
1704 5571
1704 5572
1704 5573
1704 5574
1704 5575
1704 5576
1704 5577
1704 5578
1704 5579
1704 5580
1704 5581
1704 5582
1704 5583
1704 5584
1704 5585
1704 5586
1704 5587
1704 5588
1704 5589
1704 5590
1704 5591
1704 5592
1704 5593
1704 5594
1704 5595
1704 5596
1704 5597
1704 5598
1704 5599
1704 5600
1704 5601
1704 5602
1704 5603
1704 5604
1704 5605
1704 5606
1704 5607
1704 5608
1704 5609
1704 5610
1704 5611
1704 5612
1704 5613
1750 5614
1750 5615
1750 5616
1750 5617
1750 5618
1750 5619
1750 5620
1750 5621
1750 5622
1750 5623
1750 5624
1750 5625
1750 5626
1750 5627
1750 5628
1750 5629
1750 5630
1750 5631
1750 5632
1750 5633
1750 5634
1750 5635
1750 5636
1750 5637
1750 5638
1750 5639
1750 5640
1750 5641
1750 5642
1750 5643
1750 5644
1750 5645
1750 5646
1750 5647
1750 5648
1750 5649
1750 5650
1750 5651
1750 5652
1750 5653
1750 5654
1750 5655
1750 5656
1750 5657
1750 5658
1750 5659
1750 5660
1750 5661
1750 5662
1750 5663
1750 5664
1750 5665
1750 5666
1750 5667
1750 5668
1750 5669
1750 5670
1750 5671
1750 5672
1750 5673
1750 5674
1750 5675
1750 5676
1750 5677
1750 5678
1750 5679
1750 5680
1750 5681
1750 5682
1750 5683
1750 5684
1750 5685
1750 5686
1750 5687
1750 5688
1750 5689
1750 5690
1750 5691
1750 5692
1750 5693
1750 5694
1750 5695
1750 5696
1750 5697
1750 5698
1750 5699
1750 5700
1750 5701
1750 5702
1750 5703
1750 5704
1750 5705
1796 5706
1796 5707
1796 5708
1796 5709
1796 5710
1796 5711
1796 5712
1796 5713
1796 5714
1796 5715
1796 5716
1796 5717
1796 5718
1796 5719
1796 5720
1796 5721
1796 5722
1796 5723
1796 5724
1796 5725
1796 5726
1796 5727
1796 5728
1796 5729
1796 5730
1796 5731
1796 5732
1796 5733
1796 5734
1796 5735
1796 5736
1796 5737
1796 5738
1796 5739
1796 5740
1796 5741
1796 5742
1796 5743
1796 5744
1796 5745
1796 5746
1796 5747
1796 5748
1796 5749
1796 5750
1796 5751
1796 5752
1796 5753
1796 5754
1796 5755
1796 5756
1796 5757
1796 5758
1796 5759
1796 5760
1796 5761
1796 5762
1796 5763
1796 5764
1796 5765
1796 5766
1796 5767
1796 5768
1796 5769
1796 5770
1796 5771
1796 5772
1796 5773
1796 5774
1796 5775
1796 5776
1796 5777
1796 5778
1796 5779
1796 5780
1796 5781
1796 5782
1796 5783
1796 5784
1796 5785
1796 5786
1796 5787
1796 5788
1796 5789
1796 5790
1796 5791
1796 5792
1796 5793
1796 5794
1796 5795
1796 5796
1796 5797
1842 5798
1842 5799
1842 5800
1842 5801
1842 5802
1842 5803
1842 5804
1842 5805
1842 5806
1842 5807
1842 5808
1842 5809
1842 5810
1842 5811
1842 5812
1842 5813
1842 5814
1842 5815
1842 5816
1842 5817
1842 5818
1842 5819
1842 5820
1842 5821
1842 5822
1842 5823
1842 5824
1842 5825
1842 5826
1842 5827
1842 5828
1842 5829
1842 5830
1842 5831
1842 5832
1842 5833
1842 5834
1842 5835
1842 5836
1842 5837
1842 5838
1842 5839
1842 5840
1842 5841
1842 5842
1842 5843
1842 5844
1842 5845
1842 5846
1842 5847
1842 5848
1842 5849
1842 5850
1842 5851
1842 5852
1842 5853
1842 5854
1842 5855
1842 5856
1842 5857
1842 5858
1842 5859
1842 5860
1842 5861
1842 5862
1842 5863
1842 5864
1842 5865
1842 5866
1842 5867
1842 5868
1842 5869
1842 5870
1842 5871
1842 5872
1842 5873
1842 5874
1842 5875
1842 5876
1842 5877
1842 5878
1842 5879
1842 5880
1842 5881
1842 5882
1842 5883
1842 5884
1842 5885
1842 5886
1842 5887
1842 5888
1842 5889
1888 5890
1888 5891
1888 5892
1888 5893
1888 5894
1888 5895
1888 5896
1888 5897
1888 5898
1888 5899
1888 5900
1888 5901
1888 5902
1888 5903
1888 5904
1888 5905
1888 5906
1888 5907
1888 5908
1888 5909
1888 5910
1888 5911
1888 5912
1888 5913
1888 5914
1888 5915
1888 5916
1888 5917
1888 5918
1888 5919
1888 5920
1888 5921
1888 5922
1888 5923
1888 5924
1888 5925
1888 5926
1888 5927
1888 5928
1888 5929
1888 5930
1888 5931
1888 5932
1888 5933
1888 5934
1888 5935
1888 5936
1888 5937
1888 5938
1888 5939
1888 5940
1888 5941
1888 5942
1888 5943
1888 5944
1888 5945
1888 5946
1888 5947
1888 5948
1888 5949
1888 5950
1888 5951
1888 5952
1888 5953
1888 5954
1888 5955
1888 5956
1888 5957
1888 5958
1888 5959
1888 5960
1888 5961
1888 5962
1888 5963
1888 5964
1888 5965
1888 5966
1888 5967
1888 5968
1888 5969
1888 5970
1888 5971
1888 5972
1888 5973
1888 5974
1888 5975
1888 5976
1888 5977
1888 5978
1888 5979
1888 5980
1888 5981
1934 5982
1934 5983
1934 5984
1934 5985
1934 5986
1934 5987
1934 5988
1934 5989
1934 5990
1934 5991
1934 5992
1934 5993
1934 5994
1934 5995
1934 5996
1934 5997
1934 5998
1934 5999
1934 6000
1934 6001
1934 6002
1934 6003
1934 6004
1934 6005
1934 6006
1934 6007
1934 6008
1934 6009
1934 6010
1934 6011
1934 6012
1934 6013
1934 6014
1934 6015
1934 6016
1934 6017
1934 6018
1934 6019
1934 6020
1934 6021
1934 6022
1934 6023
1934 6024
1934 6025
1934 6026
1934 6027
1934 6028
1934 6029
1934 6030
1934 6031
1934 6032
1934 6033
1934 6034
1934 6035
1934 6036
1934 6037
1934 6038
1934 6039
1934 6040
1934 6041
1934 6042
1934 6043
1934 6044
1934 6045
1934 6046
1934 6047
1934 6048
1934 6049
1934 6050
1934 6051
1934 6052
1934 6053
1934 6054
1934 6055
1934 6056
1934 6057
1934 6058
1934 6059
1934 6060
1934 6061
1934 6062
1934 6063
1934 6064
1934 6065
1934 6066
1934 6067
1934 6068
1934 6069
1934 6070
1934 6071
1934 6072
1934 6073
1980 6074
1980 6075
1980 6076
1980 6077
1980 6078
1980 6079
1980 6080
1980 6081
1980 6082
1980 6083
1980 6084
1980 6085
1980 6086
1980 6087
1980 6088
1980 6089
1980 6090
1980 6091
1980 6092
1980 6093
1980 6094
1980 6095
1980 6096
1980 6097
1980 6098
1980 6099
1980 6100
1980 6101
1980 6102
1980 6103
1980 6104
1980 6105
1980 6106
1980 6107
1980 6108
1980 6109
1980 6110
1980 6111
1980 6112
1980 6113
1980 6114
1980 6115
1980 6116
1980 6117
1980 6118
1980 6119
1980 6120
1980 6121
1980 6122
1980 6123
1980 6124
1980 6125
1980 6126
1980 6127
1980 6128
1980 6129
1980 6130
1980 6131
1980 6132
1980 6133
1980 6134
1980 6135
1980 6136
1980 6137
1980 6138
1980 6139
1980 6140
1980 6141
1980 6142
1980 6143
1980 6144
1980 6145
1980 6146
1980 6147
1980 6148
1980 6149
1980 6150
1980 6151
1980 6152
1980 6153
1980 6154
1980 6155
1980 6156
1980 6157
1980 6158
1980 6159
1980 6160
1980 6161
1980 6162
1980 6163
1980 6164
1980 6165
2026 6166
2026 6167
2026 6168
2026 6169
2026 6170
2026 6171
2026 6172
2026 6173
2026 6174
2026 6175
2026 6176
2026 6177
2026 6178
2026 6179
2026 6180
2026 6181
2026 6182
2026 6183
2026 6184
2026 6185
2026 6186
2026 6187
2026 6188
2026 6189
2026 6190
2026 6191
2026 6192
2026 6193
2026 6194
2026 6195
2026 6196
2026 6197
2026 6198
2026 6199
2026 6200
2026 6201
2026 6202
2026 6203
2026 6204
2026 6205
2026 6206
2026 6207
2026 6208
2026 6209
2026 6210
2026 6211
2026 6212
2026 6213
2026 6214
2026 6215
2026 6216
2026 6217
2026 6218
2026 6219
2026 6220
2026 6221
2026 6222
2026 6223
2026 6224
2026 6225
2026 6226
2026 6227
2026 6228
2026 6229
2026 6230
2026 6231
2026 6232
2026 6233
2026 6234
2026 6235
2026 6236
2026 6237
2026 6238
2026 6239
2026 6240
2026 6241
2026 6242
2026 6243
2026 6244
2026 6245
2026 6246
2026 6247
2026 6248
2026 6249
2026 6250
2026 6251
2026 6252
2026 6253
2026 6254
2026 6255
2026 6256
2026 6257
2072 6258
2072 6259
2072 6260
2072 6261
2072 6262
2072 6263
2072 6264
2072 6265
2072 6266
2072 6267
2072 6268
2072 6269
2072 6270
2072 6271
2072 6272
2072 6273
2072 6274
2072 6275
2072 6276
2072 6277
2072 6278
2072 6279
2072 6280
2072 6281
2072 6282
2072 6283
2072 6284
2072 6285
2072 6286
2072 6287
2072 6288
2072 6289
2072 6290
2072 6291
2072 6292
2072 6293
2072 6294
2072 6295
2072 6296
2072 6297
2072 6298
2072 6299
2072 6300
2072 6301
2072 6302
2072 6303
2072 6304
2072 6305
2072 6306
2072 6307
2072 6308
2072 6309
2072 6310
2072 6311
2072 6312
2072 6313
2072 6314
2072 6315
2072 6316
2072 6317
2072 6318
2072 6319
2072 6320
2072 6321
2072 6322
2072 6323
2072 6324
2072 6325
2072 6326
2072 6327
2072 6328
2072 6329
2072 6330
2072 6331
2072 6332
2072 6333
2072 6334
2072 6335
2072 6336
2072 6337
2072 6338
2072 6339
2072 6340
2072 6341
2072 6342
2072 6343
2072 6344
2072 6345
2072 6346
2072 6347
2072 6348
2072 6349
2118 6350
2118 6351
2118 6352
2118 6353
2118 6354
2118 6355
2118 6356
2118 6357
2118 6358
2118 6359
2118 6360
2118 6361
2118 6362
2118 6363
2118 6364
2118 6365
2118 6366
2118 6367
2118 6368
2118 6369
2118 6370
2118 6371
2118 6372
2118 6373
2118 6374
2118 6375
2118 6376
2118 6377
2118 6378
2118 6379
2118 6380
2118 6381
2118 6382
2118 6383
2118 6384
2118 6385
2118 6386
2118 6387
2118 6388
2118 6389
2118 6390
2118 6391
2118 6392
2118 6393
2118 6394
2118 6395
2118 6396
2118 6397
2118 6398
2118 6399
2118 6400
2118 6401
2118 6402
2118 6403
2118 6404
2118 6405
2118 6406
2118 6407
2118 6408
2118 6409
2118 6410
2118 6411
2118 6412
2118 6413
2118 6414
2118 6415
2118 6416
2118 6417
2118 6418
2118 6419
2118 6420
2118 6421
2118 6422
2118 6423
2118 6424
2118 6425
2118 6426
2118 6427
2118 6428
2118 6429
2118 6430
2118 6431
2118 6432
2118 6433
2118 6434
2118 6435
2118 6436
2118 6437
2118 6438
2118 6439
2118 6440
2118 6441
2164 6442
2164 6443
2164 6444
2164 6445
2164 6446
2164 6447
2164 6448
2164 6449
2164 6450
2164 6451
2164 6452
2164 6453
2164 6454
2164 6455
2164 6456
2164 6457
2164 6458
2164 6459
2164 6460
2164 6461
2164 6462
2164 6463
2164 6464
2164 6465
2164 6466
2164 6467
2164 6468
2164 6469
2164 6470
2164 6471
2164 6472
2164 6473
2164 6474
2164 6475
2164 6476
2164 6477
2164 6478
2164 6479
2164 6480
2164 6481
2164 6482
2164 6483
2164 6484
2164 6485
2164 6486
2164 6487
2164 6488
2164 6489
2164 6490
2164 6491
2164 6492
2164 6493
2164 6494
2164 6495
2164 6496
2164 6497
2164 6498
2164 6499
2164 6500
2164 6501
2164 6502
2164 6503
2164 6504
2164 6505
2164 6506
2164 6507
2164 6508
2164 6509
2164 6510
2164 6511
2164 6512
2164 6513
2164 6514
2164 6515
2164 6516
2164 6517
2164 6518
2164 6519
2164 6520
2164 6521
2164 6522
2164 6523
2164 6524
2164 6525
2164 6526
2164 6527
2164 6528
2164 6529
2164 6530
2164 6531
2164 6532
2164 6533
