833 1088
1 2
1 3
1 4
1 5
1 6
1 7
1 8
1 9
1 10
1 11
1 12
1 13
1 14
1 15
1 16
1 17
2 1
2 3
2 4
2 5
2 6
2 7
2 8
2 9
2 10
2 11
2 12
2 13
2 14
2 15
2 16
2 17
3 1
3 2
3 4
3 5
3 6
3 7
3 8
3 9
3 10
3 11
3 12
3 13
3 14
3 15
3 16
3 17
4 1
4 2
4 3
4 5
4 6
4 7
4 8
4 9
4 10
4 11
4 12
4 13
4 14
4 15
4 16
4 17
5 1
5 2
5 3
5 4
5 6
5 7
5 8
5 9
5 10
5 11
5 12
5 13
5 14
5 15
5 16
5 17
6 1
6 2
6 3
6 4
6 5
6 7
6 8
6 9
6 10
6 11
6 12
6 13
6 14
6 15
6 16
6 17
7 1
7 2
7 3
7 4
7 5
7 6
7 8
7 9
7 10
7 11
7 12
7 13
7 14
7 15
7 16
7 17
8 1
8 2
8 3
8 4
8 5
8 6
8 7
8 9
8 10
8 11
8 12
8 13
8 14
8 15
8 16
8 17
9 1
9 2
9 3
9 4
9 5
9 6
9 7
9 8
9 10
9 11
9 12
9 13
9 14
9 15
9 16
9 17
10 1
10 2
10 3
10 4
10 5
10 6
10 7
10 8
10 9
10 11
10 12
10 13
10 14
10 15
10 16
10 17
11 1
11 2
11 3
11 4
11 5
11 6
11 7
11 8
11 9
11 10
11 12
11 13
11 14
11 15
11 16
11 17
12 1
12 2
12 3
12 4
12 5
12 6
12 7
12 8
12 9
12 10
12 11
12 13
12 14
12 15
12 16
12 17
13 1
13 2
13 3
13 4
13 5
13 6
13 7
13 8
13 9
13 10
13 11
13 12
13 14
13 15
13 16
13 17
14 1
14 2
14 3
14 4
14 5
14 6
14 7
14 8
14 9
14 10
14 11
14 12
14 13
14 15
14 16
14 17
15 1
15 2
15 3
15 4
15 5
15 6
15 7
15 8
15 9
15 10
15 11
15 12
15 13
15 14
15 16
15 17
16 1
16 2
16 3
16 4
16 5
16 6
16 7
16 8
16 9
16 10
16 11
16 12
16 13
16 14
16 15
16 17
17 1
17 2
17 3
17 4
17 5
17 6
17 7
17 8
17 9
17 10
17 11
17 12
17 13
17 14
17 15
17 16
1 18
1 19
1 20
1 21
1 22
1 23
1 24
1 25
1 26
1 27
1 28
1 29
1 30
1 31
1 32
1 33
2 34
2 35
2 36
2 37
2 38
2 39
2 40
2 41
2 42
2 43
2 44
2 45
2 46
2 47
2 48
2 49
3 50
3 51
3 52
3 53
3 54
3 55
3 56
3 57
3 58
3 59
3 60
3 61
3 62
3 63
3 64
3 65
4 66
4 67
4 68
4 69
4 70
4 71
4 72
4 73
4 74
4 75
4 76
4 77
4 78
4 79
4 80
4 81
5 82
5 83
5 84
5 85
5 86
5 87
5 88
5 89
5 90
5 91
5 92
5 93
5 94
5 95
5 96
5 97
6 98
6 99
6 100
6 101
6 102
6 103
6 104
6 105
6 106
6 107
6 108
6 109
6 110
6 111
6 112
6 113
7 114
7 115
7 116
7 117
7 118
7 119
7 120
7 121
7 122
7 123
7 124
7 125
7 126
7 127
7 128
7 129
8 130
8 131
8 132
8 133
8 134
8 135
8 136
8 137
8 138
8 139
8 140
8 141
8 142
8 143
8 144
8 145
9 146
9 147
9 148
9 149
9 150
9 151
9 152
9 153
9 154
9 155
9 156
9 157
9 158
9 159
9 160
9 161
10 162
10 163
10 164
10 165
10 166
10 167
10 168
10 169
10 170
10 171
10 172
10 173
10 174
10 175
10 176
10 177
11 178
11 179
11 180
11 181
11 182
11 183
11 184
11 185
11 186
11 187
11 188
11 189
11 190
11 191
11 192
11 193
12 194
12 195
12 196
12 197
12 198
12 199
12 200
12 201
12 202
12 203
12 204
12 205
12 206
12 207
12 208
12 209
13 210
13 211
13 212
13 213
13 214
13 215
13 216
13 217
13 218
13 219
13 220
13 221
13 222
13 223
13 224
13 225
14 226
14 227
14 228
14 229
14 230
14 231
14 232
14 233
14 234
14 235
14 236
14 237
14 238
14 239
14 240
14 241
15 242
15 243
15 244
15 245
15 246
15 247
15 248
15 249
15 250
15 251
15 252
15 253
15 254
15 255
15 256
15 257
16 258
16 259
16 260
16 261
16 262
16 263
16 264
16 265
16 266
16 267
16 268
16 269
16 270
16 271
16 272
16 273
17 274
17 275
17 276
17 277
17 278
17 279
17 280
17 281
17 282
17 283
17 284
17 285
17 286
17 287
17 288
17 289
18 290
18 291
18 292
18 293
18 294
18 295
18 296
18 297
18 298
18 299
18 300
18 301
18 302
18 303
18 304
18 305
18 306
18 307
18 308
18 309
18 310
18 311
18 312
18 313
18 314
18 315
18 316
18 317
18 318
18 319
18 320
18 321
34 322
34 323
34 324
34 325
34 326
34 327
34 328
34 329
34 330
34 331
34 332
34 333
34 334
34 335
34 336
34 337
34 338
34 339
34 340
34 341
34 342
34 343
34 344
34 345
34 346
34 347
34 348
34 349
34 350
34 351
34 352
34 353
50 354
50 355
50 356
50 357
50 358
50 359
50 360
50 361
50 362
50 363
50 364
50 365
50 366
50 367
50 368
50 369
50 370
50 371
50 372
50 373
50 374
50 375
50 376
50 377
50 378
50 379
50 380
50 381
50 382
50 383
50 384
50 385
66 386
66 387
66 388
66 389
66 390
66 391
66 392
66 393
66 394
66 395
66 396
66 397
66 398
66 399
66 400
66 401
66 402
66 403
66 404
66 405
66 406
66 407
66 408
66 409
66 410
66 411
66 412
66 413
66 414
66 415
66 416
66 417
82 418
82 419
82 420
82 421
82 422
82 423
82 424
82 425
82 426
82 427
82 428
82 429
82 430
82 431
82 432
82 433
82 434
82 435
82 436
82 437
82 438
82 439
82 440
82 441
82 442
82 443
82 444
82 445
82 446
82 447
82 448
82 449
98 450
98 451
98 452
98 453
98 454
98 455
98 456
98 457
98 458
98 459
98 460
98 461
98 462
98 463
98 464
98 465
98 466
98 467
98 468
98 469
98 470
98 471
98 472
98 473
98 474
98 475
98 476
98 477
98 478
98 479
98 480
98 481
114 482
114 483
114 484
114 485
114 486
114 487
114 488
114 489
114 490
114 491
114 492
114 493
114 494
114 495
114 496
114 497
114 498
114 499
114 500
114 501
114 502
114 503
114 504
114 505
114 506
114 507
114 508
114 509
114 510
114 511
114 512
114 513
130 514
130 515
130 516
130 517
130 518
130 519
130 520
130 521
130 522
130 523
130 524
130 525
130 526
130 527
130 528
130 529
130 530
130 531
130 532
130 533
130 534
130 535
130 536
130 537
130 538
130 539
130 540
130 541
130 542
130 543
130 544
130 545
146 546
146 547
146 548
146 549
146 550
146 551
146 552
146 553
146 554
146 555
146 556
146 557
146 558
146 559
146 560
146 561
146 562
146 563
146 564
146 565
146 566
146 567
146 568
146 569
146 570
146 571
146 572
146 573
146 574
146 575
146 576
146 577
162 578
162 579
162 580
162 581
162 582
162 583
162 584
162 585
162 586
162 587
162 588
162 589
162 590
162 591
162 592
162 593
162 594
162 595
162 596
162 597
162 598
162 599
162 600
162 601
162 602
162 603
162 604
162 605
162 606
162 607
162 608
162 609
178 610
178 611
178 612
178 613
178 614
178 615
178 616
178 617
178 618
178 619
178 620
178 621
178 622
178 623
178 624
178 625
178 626
178 627
178 628
178 629
178 630
178 631
178 632
178 633
178 634
178 635
178 636
178 637
178 638
178 639
178 640
178 641
194 642
194 643
194 644
194 645
194 646
194 647
194 648
194 649
194 650
194 651
194 652
194 653
194 654
194 655
194 656
194 657
194 658
194 659
194 660
194 661
194 662
194 663
194 664
194 665
194 666
194 667
194 668
194 669
194 670
194 671
194 672
194 673
210 674
210 675
210 676
210 677
210 678
210 679
210 680
210 681
210 682
210 683
210 684
210 685
210 686
210 687
210 688
210 689
210 690
210 691
210 692
210 693
210 694
210 695
210 696
210 697
210 698
210 699
210 700
210 701
210 702
210 703
210 704
210 705
226 706
226 707
226 708
226 709
226 710
226 711
226 712
226 713
226 714
226 715
226 716
226 717
226 718
226 719
226 720
226 721
226 722
226 723
226 724
226 725
226 726
226 727
226 728
226 729
226 730
226 731
226 732
226 733
226 734
226 735
226 736
226 737
242 738
242 739
242 740
242 741
242 742
242 743
242 744
242 745
242 746
242 747
242 748
242 749
242 750
242 751
242 752
242 753
242 754
242 755
242 756
242 757
242 758
242 759
242 760
242 761
242 762
242 763
242 764
242 765
242 766
242 767
242 768
242 769
258 770
258 771
258 772
258 773
258 774
258 775
258 776
258 777
258 778
258 779
258 780
258 781
258 782
258 783
258 784
258 785
258 786
258 787
258 788
258 789
258 790
258 791
258 792
258 793
258 794
258 795
258 796
258 797
258 798
258 799
258 800
258 801
274 802
274 803
274 804
274 805
274 806
274 807
274 808
274 809
274 810
274 811
274 812
274 813
274 814
274 815
274 816
274 817
274 818
274 819
274 820
274 821
274 822
274 823
274 824
274 825
274 826
274 827
274 828
274 829
274 830
274 831
274 832
274 833
