3400 4488
1 2
1 3
1 4
1 5
1 6
1 7
1 8
1 9
1 10
1 11
1 12
1 13
1 14
1 15
1 16
1 17
1 18
1 19
1 20
1 21
1 22
1 23
1 24
1 25
1 26
1 27
1 28
1 29
1 30
1 31
1 32
1 33
1 34
2 1
2 3
2 4
2 5
2 6
2 7
2 8
2 9
2 10
2 11
2 12
2 13
2 14
2 15
2 16
2 17
2 18
2 19
2 20
2 21
2 22
2 23
2 24
2 25
2 26
2 27
2 28
2 29
2 30
2 31
2 32
2 33
2 34
3 1
3 2
3 4
3 5
3 6
3 7
3 8
3 9
3 10
3 11
3 12
3 13
3 14
3 15
3 16
3 17
3 18
3 19
3 20
3 21
3 22
3 23
3 24
3 25
3 26
3 27
3 28
3 29
3 30
3 31
3 32
3 33
3 34
4 1
4 2
4 3
4 5
4 6
4 7
4 8
4 9
4 10
4 11
4 12
4 13
4 14
4 15
4 16
4 17
4 18
4 19
4 20
4 21
4 22
4 23
4 24
4 25
4 26
4 27
4 28
4 29
4 30
4 31
4 32
4 33
4 34
5 1
5 2
5 3
5 4
5 6
5 7
5 8
5 9
5 10
5 11
5 12
5 13
5 14
5 15
5 16
5 17
5 18
5 19
5 20
5 21
5 22
5 23
5 24
5 25
5 26
5 27
5 28
5 29
5 30
5 31
5 32
5 33
5 34
6 1
6 2
6 3
6 4
6 5
6 7
6 8
6 9
6 10
6 11
6 12
6 13
6 14
6 15
6 16
6 17
6 18
6 19
6 20
6 21
6 22
6 23
6 24
6 25
6 26
6 27
6 28
6 29
6 30
6 31
6 32
6 33
6 34
7 1
7 2
7 3
7 4
7 5
7 6
7 8
7 9
7 10
7 11
7 12
7 13
7 14
7 15
7 16
7 17
7 18
7 19
7 20
7 21
7 22
7 23
7 24
7 25
7 26
7 27
7 28
7 29
7 30
7 31
7 32
7 33
7 34
8 1
8 2
8 3
8 4
8 5
8 6
8 7
8 9
8 10
8 11
8 12
8 13
8 14
8 15
8 16
8 17
8 18
8 19
8 20
8 21
8 22
8 23
8 24
8 25
8 26
8 27
8 28
8 29
8 30
8 31
8 32
8 33
8 34
9 1
9 2
9 3
9 4
9 5
9 6
9 7
9 8
9 10
9 11
9 12
9 13
9 14
9 15
9 16
9 17
9 18
9 19
9 20
9 21
9 22
9 23
9 24
9 25
9 26
9 27
9 28
9 29
9 30
9 31
9 32
9 33
9 34
10 1
10 2
10 3
10 4
10 5
10 6
10 7
10 8
10 9
10 11
10 12
10 13
10 14
10 15
10 16
10 17
10 18
10 19
10 20
10 21
10 22
10 23
10 24
10 25
10 26
10 27
10 28
10 29
10 30
10 31
10 32
10 33
10 34
11 1
11 2
11 3
11 4
11 5
11 6
11 7
11 8
11 9
11 10
11 12
11 13
11 14
11 15
11 16
11 17
11 18
11 19
11 20
11 21
11 22
11 23
11 24
11 25
11 26
11 27
11 28
11 29
11 30
11 31
11 32
11 33
11 34
12 1
12 2
12 3
12 4
12 5
12 6
12 7
12 8
12 9
12 10
12 11
12 13
12 14
12 15
12 16
12 17
12 18
12 19
12 20
12 21
12 22
12 23
12 24
12 25
12 26
12 27
12 28
12 29
12 30
12 31
12 32
12 33
12 34
13 1
13 2
13 3
13 4
13 5
13 6
13 7
13 8
13 9
13 10
13 11
13 12
13 14
13 15
13 16
13 17
13 18
13 19
13 20
13 21
13 22
13 23
13 24
13 25
13 26
13 27
13 28
13 29
13 30
13 31
13 32
13 33
13 34
14 1
14 2
14 3
14 4
14 5
14 6
14 7
14 8
14 9
14 10
14 11
14 12
14 13
14 15
14 16
14 17
14 18
14 19
14 20
14 21
14 22
14 23
14 24
14 25
14 26
14 27
14 28
14 29
14 30
14 31
14 32
14 33
14 34
15 1
15 2
15 3
15 4
15 5
15 6
15 7
15 8
15 9
15 10
15 11
15 12
15 13
15 14
15 16
15 17
15 18
15 19
15 20
15 21
15 22
15 23
15 24
15 25
15 26
15 27
15 28
15 29
15 30
15 31
15 32
15 33
15 34
16 1
16 2
16 3
16 4
16 5
16 6
16 7
16 8
16 9
16 10
16 11
16 12
16 13
16 14
16 15
16 17
16 18
16 19
16 20
16 21
16 22
16 23
16 24
16 25
16 26
16 27
16 28
16 29
16 30
16 31
16 32
16 33
16 34
17 1
17 2
17 3
17 4
17 5
17 6
17 7
17 8
17 9
17 10
17 11
17 12
17 13
17 14
17 15
17 16
17 18
17 19
17 20
17 21
17 22
17 23
17 24
17 25
17 26
17 27
17 28
17 29
17 30
17 31
17 32
17 33
17 34
18 1
18 2
18 3
18 4
18 5
18 6
18 7
18 8
18 9
18 10
18 11
18 12
18 13
18 14
18 15
18 16
18 17
18 19
18 20
18 21
18 22
18 23
18 24
18 25
18 26
18 27
18 28
18 29
18 30
18 31
18 32
18 33
18 34
19 1
19 2
19 3
19 4
19 5
19 6
19 7
19 8
19 9
19 10
19 11
19 12
19 13
19 14
19 15
19 16
19 17
19 18
19 20
19 21
19 22
19 23
19 24
19 25
19 26
19 27
19 28
19 29
19 30
19 31
19 32
19 33
19 34
20 1
20 2
20 3
20 4
20 5
20 6
20 7
20 8
20 9
20 10
20 11
20 12
20 13
20 14
20 15
20 16
20 17
20 18
20 19
20 21
20 22
20 23
20 24
20 25
20 26
20 27
20 28
20 29
20 30
20 31
20 32
20 33
20 34
21 1
21 2
21 3
21 4
21 5
21 6
21 7
21 8
21 9
21 10
21 11
21 12
21 13
21 14
21 15
21 16
21 17
21 18
21 19
21 20
21 22
21 23
21 24
21 25
21 26
21 27
21 28
21 29
21 30
21 31
21 32
21 33
21 34
22 1
22 2
22 3
22 4
22 5
22 6
22 7
22 8
22 9
22 10
22 11
22 12
22 13
22 14
22 15
22 16
22 17
22 18
22 19
22 20
22 21
22 23
22 24
22 25
22 26
22 27
22 28
22 29
22 30
22 31
22 32
22 33
22 34
23 1
23 2
23 3
23 4
23 5
23 6
23 7
23 8
23 9
23 10
23 11
23 12
23 13
23 14
23 15
23 16
23 17
23 18
23 19
23 20
23 21
23 22
23 24
23 25
23 26
23 27
23 28
23 29
23 30
23 31
23 32
23 33
23 34
24 1
24 2
24 3
24 4
24 5
24 6
24 7
24 8
24 9
24 10
24 11
24 12
24 13
24 14
24 15
24 16
24 17
24 18
24 19
24 20
24 21
24 22
24 23
24 25
24 26
24 27
24 28
24 29
24 30
24 31
24 32
24 33
24 34
25 1
25 2
25 3
25 4
25 5
25 6
25 7
25 8
25 9
25 10
25 11
25 12
25 13
25 14
25 15
25 16
25 17
25 18
25 19
25 20
25 21
25 22
25 23
25 24
25 26
25 27
25 28
25 29
25 30
25 31
25 32
25 33
25 34
26 1
26 2
26 3
26 4
26 5
26 6
26 7
26 8
26 9
26 10
26 11
26 12
26 13
26 14
26 15
26 16
26 17
26 18
26 19
26 20
26 21
26 22
26 23
26 24
26 25
26 27
26 28
26 29
26 30
26 31
26 32
26 33
26 34
27 1
27 2
27 3
27 4
27 5
27 6
27 7
27 8
27 9
27 10
27 11
27 12
27 13
27 14
27 15
27 16
27 17
27 18
27 19
27 20
27 21
27 22
27 23
27 24
27 25
27 26
27 28
27 29
27 30
27 31
27 32
27 33
27 34
28 1
28 2
28 3
28 4
28 5
28 6
28 7
28 8
28 9
28 10
28 11
28 12
28 13
28 14
28 15
28 16
28 17
28 18
28 19
28 20
28 21
28 22
28 23
28 24
28 25
28 26
28 27
28 29
28 30
28 31
28 32
28 33
28 34
29 1
29 2
29 3
29 4
29 5
29 6
29 7
29 8
29 9
29 10
29 11
29 12
29 13
29 14
29 15
29 16
29 17
29 18
29 19
29 20
29 21
29 22
29 23
29 24
29 25
29 26
29 27
29 28
29 30
29 31
29 32
29 33
29 34
30 1
30 2
30 3
30 4
30 5
30 6
30 7
30 8
30 9
30 10
30 11
30 12
30 13
30 14
30 15
30 16
30 17
30 18
30 19
30 20
30 21
30 22
30 23
30 24
30 25
30 26
30 27
30 28
30 29
30 31
30 32
30 33
30 34
31 1
31 2
31 3
31 4
31 5
31 6
31 7
31 8
31 9
31 10
31 11
31 12
31 13
31 14
31 15
31 16
31 17
31 18
31 19
31 20
31 21
31 22
31 23
31 24
31 25
31 26
31 27
31 28
31 29
31 30
31 32
31 33
31 34
32 1
32 2
32 3
32 4
32 5
32 6
32 7
32 8
32 9
32 10
32 11
32 12
32 13
32 14
32 15
32 16
32 17
32 18
32 19
32 20
32 21
32 22
32 23
32 24
32 25
32 26
32 27
32 28
32 29
32 30
32 31
32 33
32 34
33 1
33 2
33 3
33 4
33 5
33 6
33 7
33 8
33 9
33 10
33 11
33 12
33 13
33 14
33 15
33 16
33 17
33 18
33 19
33 20
33 21
33 22
33 23
33 24
33 25
33 26
33 27
33 28
33 29
33 30
33 31
33 32
33 34
34 1
34 2
34 3
34 4
34 5
34 6
34 7
34 8
34 9
34 10
34 11
34 12
34 13
34 14
34 15
34 16
34 17
34 18
34 19
34 20
34 21
34 22
34 23
34 24
34 25
34 26
34 27
34 28
34 29
34 30
34 31
34 32
34 33
1 35
1 36
1 37
1 38
1 39
1 40
1 41
1 42
1 43
1 44
1 45
1 46
1 47
1 48
1 49
1 50
1 51
1 52
1 53
1 54
1 55
1 56
1 57
1 58
1 59
1 60
1 61
1 62
1 63
1 64
1 65
1 66
1 67
2 68
2 69
2 70
2 71
2 72
2 73
2 74
2 75
2 76
2 77
2 78
2 79
2 80
2 81
2 82
2 83
2 84
2 85
2 86
2 87
2 88
2 89
2 90
2 91
2 92
2 93
2 94
2 95
2 96
2 97
2 98
2 99
2 100
3 101
3 102
3 103
3 104
3 105
3 106
3 107
3 108
3 109
3 110
3 111
3 112
3 113
3 114
3 115
3 116
3 117
3 118
3 119
3 120
3 121
3 122
3 123
3 124
3 125
3 126
3 127
3 128
3 129
3 130
3 131
3 132
3 133
4 134
4 135
4 136
4 137
4 138
4 139
4 140
4 141
4 142
4 143
4 144
4 145
4 146
4 147
4 148
4 149
4 150
4 151
4 152
4 153
4 154
4 155
4 156
4 157
4 158
4 159
4 160
4 161
4 162
4 163
4 164
4 165
4 166
5 167
5 168
5 169
5 170
5 171
5 172
5 173
5 174
5 175
5 176
5 177
5 178
5 179
5 180
5 181
5 182
5 183
5 184
5 185
5 186
5 187
5 188
5 189
5 190
5 191
5 192
5 193
5 194
5 195
5 196
5 197
5 198
5 199
6 200
6 201
6 202
6 203
6 204
6 205
6 206
6 207
6 208
6 209
6 210
6 211
6 212
6 213
6 214
6 215
6 216
6 217
6 218
6 219
6 220
6 221
6 222
6 223
6 224
6 225
6 226
6 227
6 228
6 229
6 230
6 231
6 232
7 233
7 234
7 235
7 236
7 237
7 238
7 239
7 240
7 241
7 242
7 243
7 244
7 245
7 246
7 247
7 248
7 249
7 250
7 251
7 252
7 253
7 254
7 255
7 256
7 257
7 258
7 259
7 260
7 261
7 262
7 263
7 264
7 265
8 266
8 267
8 268
8 269
8 270
8 271
8 272
8 273
8 274
8 275
8 276
8 277
8 278
8 279
8 280
8 281
8 282
8 283
8 284
8 285
8 286
8 287
8 288
8 289
8 290
8 291
8 292
8 293
8 294
8 295
8 296
8 297
8 298
9 299
9 300
9 301
9 302
9 303
9 304
9 305
9 306
9 307
9 308
9 309
9 310
9 311
9 312
9 313
9 314
9 315
9 316
9 317
9 318
9 319
9 320
9 321
9 322
9 323
9 324
9 325
9 326
9 327
9 328
9 329
9 330
9 331
10 332
10 333
10 334
10 335
10 336
10 337
10 338
10 339
10 340
10 341
10 342
10 343
10 344
10 345
10 346
10 347
10 348
10 349
10 350
10 351
10 352
10 353
10 354
10 355
10 356
10 357
10 358
10 359
10 360
10 361
10 362
10 363
10 364
11 365
11 366
11 367
11 368
11 369
11 370
11 371
11 372
11 373
11 374
11 375
11 376
11 377
11 378
11 379
11 380
11 381
11 382
11 383
11 384
11 385
11 386
11 387
11 388
11 389
11 390
11 391
11 392
11 393
11 394
11 395
11 396
11 397
12 398
12 399
12 400
12 401
12 402
12 403
12 404
12 405
12 406
12 407
12 408
12 409
12 410
12 411
12 412
12 413
12 414
12 415
12 416
12 417
12 418
12 419
12 420
12 421
12 422
12 423
12 424
12 425
12 426
12 427
12 428
12 429
12 430
13 431
13 432
13 433
13 434
13 435
13 436
13 437
13 438
13 439
13 440
13 441
13 442
13 443
13 444
13 445
13 446
13 447
13 448
13 449
13 450
13 451
13 452
13 453
13 454
13 455
13 456
13 457
13 458
13 459
13 460
13 461
13 462
13 463
14 464
14 465
14 466
14 467
14 468
14 469
14 470
14 471
14 472
14 473
14 474
14 475
14 476
14 477
14 478
14 479
14 480
14 481
14 482
14 483
14 484
14 485
14 486
14 487
14 488
14 489
14 490
14 491
14 492
14 493
14 494
14 495
14 496
15 497
15 498
15 499
15 500
15 501
15 502
15 503
15 504
15 505
15 506
15 507
15 508
15 509
15 510
15 511
15 512
15 513
15 514
15 515
15 516
15 517
15 518
15 519
15 520
15 521
15 522
15 523
15 524
15 525
15 526
15 527
15 528
15 529
16 530
16 531
16 532
16 533
16 534
16 535
16 536
16 537
16 538
16 539
16 540
16 541
16 542
16 543
16 544
16 545
16 546
16 547
16 548
16 549
16 550
16 551
16 552
16 553
16 554
16 555
16 556
16 557
16 558
16 559
16 560
16 561
16 562
17 563
17 564
17 565
17 566
17 567
17 568
17 569
17 570
17 571
17 572
17 573
17 574
17 575
17 576
17 577
17 578
17 579
17 580
17 581
17 582
17 583
17 584
17 585
17 586
17 587
17 588
17 589
17 590
17 591
17 592
17 593
17 594
17 595
18 596
18 597
18 598
18 599
18 600
18 601
18 602
18 603
18 604
18 605
18 606
18 607
18 608
18 609
18 610
18 611
18 612
18 613
18 614
18 615
18 616
18 617
18 618
18 619
18 620
18 621
18 622
18 623
18 624
18 625
18 626
18 627
18 628
19 629
19 630
19 631
19 632
19 633
19 634
19 635
19 636
19 637
19 638
19 639
19 640
19 641
19 642
19 643
19 644
19 645
19 646
19 647
19 648
19 649
19 650
19 651
19 652
19 653
19 654
19 655
19 656
19 657
19 658
19 659
19 660
19 661
20 662
20 663
20 664
20 665
20 666
20 667
20 668
20 669
20 670
20 671
20 672
20 673
20 674
20 675
20 676
20 677
20 678
20 679
20 680
20 681
20 682
20 683
20 684
20 685
20 686
20 687
20 688
20 689
20 690
20 691
20 692
20 693
20 694
21 695
21 696
21 697
21 698
21 699
21 700
21 701
21 702
21 703
21 704
21 705
21 706
21 707
21 708
21 709
21 710
21 711
21 712
21 713
21 714
21 715
21 716
21 717
21 718
21 719
21 720
21 721
21 722
21 723
21 724
21 725
21 726
21 727
22 728
22 729
22 730
22 731
22 732
22 733
22 734
22 735
22 736
22 737
22 738
22 739
22 740
22 741
22 742
22 743
22 744
22 745
22 746
22 747
22 748
22 749
22 750
22 751
22 752
22 753
22 754
22 755
22 756
22 757
22 758
22 759
22 760
23 761
23 762
23 763
23 764
23 765
23 766
23 767
23 768
23 769
23 770
23 771
23 772
23 773
23 774
23 775
23 776
23 777
23 778
23 779
23 780
23 781
23 782
23 783
23 784
23 785
23 786
23 787
23 788
23 789
23 790
23 791
23 792
23 793
24 794
24 795
24 796
24 797
24 798
24 799
24 800
24 801
24 802
24 803
24 804
24 805
24 806
24 807
24 808
24 809
24 810
24 811
24 812
24 813
24 814
24 815
24 816
24 817
24 818
24 819
24 820
24 821
24 822
24 823
24 824
24 825
24 826
25 827
25 828
25 829
25 830
25 831
25 832
25 833
25 834
25 835
25 836
25 837
25 838
25 839
25 840
25 841
25 842
25 843
25 844
25 845
25 846
25 847
25 848
25 849
25 850
25 851
25 852
25 853
25 854
25 855
25 856
25 857
25 858
25 859
26 860
26 861
26 862
26 863
26 864
26 865
26 866
26 867
26 868
26 869
26 870
26 871
26 872
26 873
26 874
26 875
26 876
26 877
26 878
26 879
26 880
26 881
26 882
26 883
26 884
26 885
26 886
26 887
26 888
26 889
26 890
26 891
26 892
27 893
27 894
27 895
27 896
27 897
27 898
27 899
27 900
27 901
27 902
27 903
27 904
27 905
27 906
27 907
27 908
27 909
27 910
27 911
27 912
27 913
27 914
27 915
27 916
27 917
27 918
27 919
27 920
27 921
27 922
27 923
27 924
27 925
28 926
28 927
28 928
28 929
28 930
28 931
28 932
28 933
28 934
28 935
28 936
28 937
28 938
28 939
28 940
28 941
28 942
28 943
28 944
28 945
28 946
28 947
28 948
28 949
28 950
28 951
28 952
28 953
28 954
28 955
28 956
28 957
28 958
29 959
29 960
29 961
29 962
29 963
29 964
29 965
29 966
29 967
29 968
29 969
29 970
29 971
29 972
29 973
29 974
29 975
29 976
29 977
29 978
29 979
29 980
29 981
29 982
29 983
29 984
29 985
29 986
29 987
29 988
29 989
29 990
29 991
30 992
30 993
30 994
30 995
30 996
30 997
30 998
30 999
30 1000
30 1001
30 1002
30 1003
30 1004
30 1005
30 1006
30 1007
30 1008
30 1009
30 1010
30 1011
30 1012
30 1013
30 1014
30 1015
30 1016
30 1017
30 1018
30 1019
30 1020
30 1021
30 1022
30 1023
30 1024
31 1025
31 1026
31 1027
31 1028
31 1029
31 1030
31 1031
31 1032
31 1033
31 1034
31 1035
31 1036
31 1037
31 1038
31 1039
31 1040
31 1041
31 1042
31 1043
31 1044
31 1045
31 1046
31 1047
31 1048
31 1049
31 1050
31 1051
31 1052
31 1053
31 1054
31 1055
31 1056
31 1057
32 1058
32 1059
32 1060
32 1061
32 1062
32 1063
32 1064
32 1065
32 1066
32 1067
32 1068
32 1069
32 1070
32 1071
32 1072
32 1073
32 1074
32 1075
32 1076
32 1077
32 1078
32 1079
32 1080
32 1081
32 1082
32 1083
32 1084
32 1085
32 1086
32 1087
32 1088
32 1089
32 1090
33 1091
33 1092
33 1093
33 1094
33 1095
33 1096
33 1097
33 1098
33 1099
33 1100
33 1101
33 1102
33 1103
33 1104
33 1105
33 1106
33 1107
33 1108
33 1109
33 1110
33 1111
33 1112
33 1113
33 1114
33 1115
33 1116
33 1117
33 1118
33 1119
33 1120
33 1121
33 1122
33 1123
34 1124
34 1125
34 1126
34 1127
34 1128
34 1129
34 1130
34 1131
34 1132
34 1133
34 1134
34 1135
34 1136
34 1137
34 1138
34 1139
34 1140
34 1141
34 1142
34 1143
34 1144
34 1145
34 1146
34 1147
34 1148
34 1149
34 1150
34 1151
34 1152
34 1153
34 1154
34 1155
34 1156
35 1157
35 1158
35 1159
35 1160
35 1161
35 1162
35 1163
35 1164
35 1165
35 1166
35 1167
35 1168
35 1169
35 1170
35 1171
35 1172
35 1173
35 1174
35 1175
35 1176
35 1177
35 1178
35 1179
35 1180
35 1181
35 1182
35 1183
35 1184
35 1185
35 1186
35 1187
35 1188
35 1189
35 1190
35 1191
35 1192
35 1193
35 1194
35 1195
35 1196
35 1197
35 1198
35 1199
35 1200
35 1201
35 1202
35 1203
35 1204
35 1205
35 1206
35 1207
35 1208
35 1209
35 1210
35 1211
35 1212
35 1213
35 1214
35 1215
35 1216
35 1217
35 1218
35 1219
35 1220
35 1221
35 1222
68 1223
68 1224
68 1225
68 1226
68 1227
68 1228
68 1229
68 1230
68 1231
68 1232
68 1233
68 1234
68 1235
68 1236
68 1237
68 1238
68 1239
68 1240
68 1241
68 1242
68 1243
68 1244
68 1245
68 1246
68 1247
68 1248
68 1249
68 1250
68 1251
68 1252
68 1253
68 1254
68 1255
68 1256
68 1257
68 1258
68 1259
68 1260
68 1261
68 1262
68 1263
68 1264
68 1265
68 1266
68 1267
68 1268
68 1269
68 1270
68 1271
68 1272
68 1273
68 1274
68 1275
68 1276
68 1277
68 1278
68 1279
68 1280
68 1281
68 1282
68 1283
68 1284
68 1285
68 1286
68 1287
68 1288
101 1289
101 1290
101 1291
101 1292
101 1293
101 1294
101 1295
101 1296
101 1297
101 1298
101 1299
101 1300
101 1301
101 1302
101 1303
101 1304
101 1305
101 1306
101 1307
101 1308
101 1309
101 1310
101 1311
101 1312
101 1313
101 1314
101 1315
101 1316
101 1317
101 1318
101 1319
101 1320
101 1321
101 1322
101 1323
101 1324
101 1325
101 1326
101 1327
101 1328
101 1329
101 1330
101 1331
101 1332
101 1333
101 1334
101 1335
101 1336
101 1337
101 1338
101 1339
101 1340
101 1341
101 1342
101 1343
101 1344
101 1345
101 1346
101 1347
101 1348
101 1349
101 1350
101 1351
101 1352
101 1353
101 1354
134 1355
134 1356
134 1357
134 1358
134 1359
134 1360
134 1361
134 1362
134 1363
134 1364
134 1365
134 1366
134 1367
134 1368
134 1369
134 1370
134 1371
134 1372
134 1373
134 1374
134 1375
134 1376
134 1377
134 1378
134 1379
134 1380
134 1381
134 1382
134 1383
134 1384
134 1385
134 1386
134 1387
134 1388
134 1389
134 1390
134 1391
134 1392
134 1393
134 1394
134 1395
134 1396
134 1397
134 1398
134 1399
134 1400
134 1401
134 1402
134 1403
134 1404
134 1405
134 1406
134 1407
134 1408
134 1409
134 1410
134 1411
134 1412
134 1413
134 1414
134 1415
134 1416
134 1417
134 1418
134 1419
134 1420
167 1421
167 1422
167 1423
167 1424
167 1425
167 1426
167 1427
167 1428
167 1429
167 1430
167 1431
167 1432
167 1433
167 1434
167 1435
167 1436
167 1437
167 1438
167 1439
167 1440
167 1441
167 1442
167 1443
167 1444
167 1445
167 1446
167 1447
167 1448
167 1449
167 1450
167 1451
167 1452
167 1453
167 1454
167 1455
167 1456
167 1457
167 1458
167 1459
167 1460
167 1461
167 1462
167 1463
167 1464
167 1465
167 1466
167 1467
167 1468
167 1469
167 1470
167 1471
167 1472
167 1473
167 1474
167 1475
167 1476
167 1477
167 1478
167 1479
167 1480
167 1481
167 1482
167 1483
167 1484
167 1485
167 1486
200 1487
200 1488
200 1489
200 1490
200 1491
200 1492
200 1493
200 1494
200 1495
200 1496
200 1497
200 1498
200 1499
200 1500
200 1501
200 1502
200 1503
200 1504
200 1505
200 1506
200 1507
200 1508
200 1509
200 1510
200 1511
200 1512
200 1513
200 1514
200 1515
200 1516
200 1517
200 1518
200 1519
200 1520
200 1521
200 1522
200 1523
200 1524
200 1525
200 1526
200 1527
200 1528
200 1529
200 1530
200 1531
200 1532
200 1533
200 1534
200 1535
200 1536
200 1537
200 1538
200 1539
200 1540
200 1541
200 1542
200 1543
200 1544
200 1545
200 1546
200 1547
200 1548
200 1549
200 1550
200 1551
200 1552
233 1553
233 1554
233 1555
233 1556
233 1557
233 1558
233 1559
233 1560
233 1561
233 1562
233 1563
233 1564
233 1565
233 1566
233 1567
233 1568
233 1569
233 1570
233 1571
233 1572
233 1573
233 1574
233 1575
233 1576
233 1577
233 1578
233 1579
233 1580
233 1581
233 1582
233 1583
233 1584
233 1585
233 1586
233 1587
233 1588
233 1589
233 1590
233 1591
233 1592
233 1593
233 1594
233 1595
233 1596
233 1597
233 1598
233 1599
233 1600
233 1601
233 1602
233 1603
233 1604
233 1605
233 1606
233 1607
233 1608
233 1609
233 1610
233 1611
233 1612
233 1613
233 1614
233 1615
233 1616
233 1617
233 1618
266 1619
266 1620
266 1621
266 1622
266 1623
266 1624
266 1625
266 1626
266 1627
266 1628
266 1629
266 1630
266 1631
266 1632
266 1633
266 1634
266 1635
266 1636
266 1637
266 1638
266 1639
266 1640
266 1641
266 1642
266 1643
266 1644
266 1645
266 1646
266 1647
266 1648
266 1649
266 1650
266 1651
266 1652
266 1653
266 1654
266 1655
266 1656
266 1657
266 1658
266 1659
266 1660
266 1661
266 1662
266 1663
266 1664
266 1665
266 1666
266 1667
266 1668
266 1669
266 1670
266 1671
266 1672
266 1673
266 1674
266 1675
266 1676
266 1677
266 1678
266 1679
266 1680
266 1681
266 1682
266 1683
266 1684
299 1685
299 1686
299 1687
299 1688
299 1689
299 1690
299 1691
299 1692
299 1693
299 1694
299 1695
299 1696
299 1697
299 1698
299 1699
299 1700
299 1701
299 1702
299 1703
299 1704
299 1705
299 1706
299 1707
299 1708
299 1709
299 1710
299 1711
299 1712
299 1713
299 1714
299 1715
299 1716
299 1717
299 1718
299 1719
299 1720
299 1721
299 1722
299 1723
299 1724
299 1725
299 1726
299 1727
299 1728
299 1729
299 1730
299 1731
299 1732
299 1733
299 1734
299 1735
299 1736
299 1737
299 1738
299 1739
299 1740
299 1741
299 1742
299 1743
299 1744
299 1745
299 1746
299 1747
299 1748
299 1749
299 1750
332 1751
332 1752
332 1753
332 1754
332 1755
332 1756
332 1757
332 1758
332 1759
332 1760
332 1761
332 1762
332 1763
332 1764
332 1765
332 1766
332 1767
332 1768
332 1769
332 1770
332 1771
332 1772
332 1773
332 1774
332 1775
332 1776
332 1777
332 1778
332 1779
332 1780
332 1781
332 1782
332 1783
332 1784
332 1785
332 1786
332 1787
332 1788
332 1789
332 1790
332 1791
332 1792
332 1793
332 1794
332 1795
332 1796
332 1797
332 1798
332 1799
332 1800
332 1801
332 1802
332 1803
332 1804
332 1805
332 1806
332 1807
332 1808
332 1809
332 1810
332 1811
332 1812
332 1813
332 1814
332 1815
332 1816
365 1817
365 1818
365 1819
365 1820
365 1821
365 1822
365 1823
365 1824
365 1825
365 1826
365 1827
365 1828
365 1829
365 1830
365 1831
365 1832
365 1833
365 1834
365 1835
365 1836
365 1837
365 1838
365 1839
365 1840
365 1841
365 1842
365 1843
365 1844
365 1845
365 1846
365 1847
365 1848
365 1849
365 1850
365 1851
365 1852
365 1853
365 1854
365 1855
365 1856
365 1857
365 1858
365 1859
365 1860
365 1861
365 1862
365 1863
365 1864
365 1865
365 1866
365 1867
365 1868
365 1869
365 1870
365 1871
365 1872
365 1873
365 1874
365 1875
365 1876
365 1877
365 1878
365 1879
365 1880
365 1881
365 1882
398 1883
398 1884
398 1885
398 1886
398 1887
398 1888
398 1889
398 1890
398 1891
398 1892
398 1893
398 1894
398 1895
398 1896
398 1897
398 1898
398 1899
398 1900
398 1901
398 1902
398 1903
398 1904
398 1905
398 1906
398 1907
398 1908
398 1909
398 1910
398 1911
398 1912
398 1913
398 1914
398 1915
398 1916
398 1917
398 1918
398 1919
398 1920
398 1921
398 1922
398 1923
398 1924
398 1925
398 1926
398 1927
398 1928
398 1929
398 1930
398 1931
398 1932
398 1933
398 1934
398 1935
398 1936
398 1937
398 1938
398 1939
398 1940
398 1941
398 1942
398 1943
398 1944
398 1945
398 1946
398 1947
398 1948
431 1949
431 1950
431 1951
431 1952
431 1953
431 1954
431 1955
431 1956
431 1957
431 1958
431 1959
431 1960
431 1961
431 1962
431 1963
431 1964
431 1965
431 1966
431 1967
431 1968
431 1969
431 1970
431 1971
431 1972
431 1973
431 1974
431 1975
431 1976
431 1977
431 1978
431 1979
431 1980
431 1981
431 1982
431 1983
431 1984
431 1985
431 1986
431 1987
431 1988
431 1989
431 1990
431 1991
431 1992
431 1993
431 1994
431 1995
431 1996
431 1997
431 1998
431 1999
431 2000
431 2001
431 2002
431 2003
431 2004
431 2005
431 2006
431 2007
431 2008
431 2009
431 2010
431 2011
431 2012
431 2013
431 2014
464 2015
464 2016
464 2017
464 2018
464 2019
464 2020
464 2021
464 2022
464 2023
464 2024
464 2025
464 2026
464 2027
464 2028
464 2029
464 2030
464 2031
464 2032
464 2033
464 2034
464 2035
464 2036
464 2037
464 2038
464 2039
464 2040
464 2041
464 2042
464 2043
464 2044
464 2045
464 2046
464 2047
464 2048
464 2049
464 2050
464 2051
464 2052
464 2053
464 2054
464 2055
464 2056
464 2057
464 2058
464 2059
464 2060
464 2061
464 2062
464 2063
464 2064
464 2065
464 2066
464 2067
464 2068
464 2069
464 2070
464 2071
464 2072
464 2073
464 2074
464 2075
464 2076
464 2077
464 2078
464 2079
464 2080
497 2081
497 2082
497 2083
497 2084
497 2085
497 2086
497 2087
497 2088
497 2089
497 2090
497 2091
497 2092
497 2093
497 2094
497 2095
497 2096
497 2097
497 2098
497 2099
497 2100
497 2101
497 2102
497 2103
497 2104
497 2105
497 2106
497 2107
497 2108
497 2109
497 2110
497 2111
497 2112
497 2113
497 2114
497 2115
497 2116
497 2117
497 2118
497 2119
497 2120
497 2121
497 2122
497 2123
497 2124
497 2125
497 2126
497 2127
497 2128
497 2129
497 2130
497 2131
497 2132
497 2133
497 2134
497 2135
497 2136
497 2137
497 2138
497 2139
497 2140
497 2141
497 2142
497 2143
497 2144
497 2145
497 2146
530 2147
530 2148
530 2149
530 2150
530 2151
530 2152
530 2153
530 2154
530 2155
530 2156
530 2157
530 2158
530 2159
530 2160
530 2161
530 2162
530 2163
530 2164
530 2165
530 2166
530 2167
530 2168
530 2169
530 2170
530 2171
530 2172
530 2173
530 2174
530 2175
530 2176
530 2177
530 2178
530 2179
530 2180
530 2181
530 2182
530 2183
530 2184
530 2185
530 2186
530 2187
530 2188
530 2189
530 2190
530 2191
530 2192
530 2193
530 2194
530 2195
530 2196
530 2197
530 2198
530 2199
530 2200
530 2201
530 2202
530 2203
530 2204
530 2205
530 2206
530 2207
530 2208
530 2209
530 2210
530 2211
530 2212
563 2213
563 2214
563 2215
563 2216
563 2217
563 2218
563 2219
563 2220
563 2221
563 2222
563 2223
563 2224
563 2225
563 2226
563 2227
563 2228
563 2229
563 2230
563 2231
563 2232
563 2233
563 2234
563 2235
563 2236
563 2237
563 2238
563 2239
563 2240
563 2241
563 2242
563 2243
563 2244
563 2245
563 2246
563 2247
563 2248
563 2249
563 2250
563 2251
563 2252
563 2253
563 2254
563 2255
563 2256
563 2257
563 2258
563 2259
563 2260
563 2261
563 2262
563 2263
563 2264
563 2265
563 2266
563 2267
563 2268
563 2269
563 2270
563 2271
563 2272
563 2273
563 2274
563 2275
563 2276
563 2277
563 2278
596 2279
596 2280
596 2281
596 2282
596 2283
596 2284
596 2285
596 2286
596 2287
596 2288
596 2289
596 2290
596 2291
596 2292
596 2293
596 2294
596 2295
596 2296
596 2297
596 2298
596 2299
596 2300
596 2301
596 2302
596 2303
596 2304
596 2305
596 2306
596 2307
596 2308
596 2309
596 2310
596 2311
596 2312
596 2313
596 2314
596 2315
596 2316
596 2317
596 2318
596 2319
596 2320
596 2321
596 2322
596 2323
596 2324
596 2325
596 2326
596 2327
596 2328
596 2329
596 2330
596 2331
596 2332
596 2333
596 2334
596 2335
596 2336
596 2337
596 2338
596 2339
596 2340
596 2341
596 2342
596 2343
596 2344
629 2345
629 2346
629 2347
629 2348
629 2349
629 2350
629 2351
629 2352
629 2353
629 2354
629 2355
629 2356
629 2357
629 2358
629 2359
629 2360
629 2361
629 2362
629 2363
629 2364
629 2365
629 2366
629 2367
629 2368
629 2369
629 2370
629 2371
629 2372
629 2373
629 2374
629 2375
629 2376
629 2377
629 2378
629 2379
629 2380
629 2381
629 2382
629 2383
629 2384
629 2385
629 2386
629 2387
629 2388
629 2389
629 2390
629 2391
629 2392
629 2393
629 2394
629 2395
629 2396
629 2397
629 2398
629 2399
629 2400
629 2401
629 2402
629 2403
629 2404
629 2405
629 2406
629 2407
629 2408
629 2409
629 2410
662 2411
662 2412
662 2413
662 2414
662 2415
662 2416
662 2417
662 2418
662 2419
662 2420
662 2421
662 2422
662 2423
662 2424
662 2425
662 2426
662 2427
662 2428
662 2429
662 2430
662 2431
662 2432
662 2433
662 2434
662 2435
662 2436
662 2437
662 2438
662 2439
662 2440
662 2441
662 2442
662 2443
662 2444
662 2445
662 2446
662 2447
662 2448
662 2449
662 2450
662 2451
662 2452
662 2453
662 2454
662 2455
662 2456
662 2457
662 2458
662 2459
662 2460
662 2461
662 2462
662 2463
662 2464
662 2465
662 2466
662 2467
662 2468
662 2469
662 2470
662 2471
662 2472
662 2473
662 2474
662 2475
662 2476
695 2477
695 2478
695 2479
695 2480
695 2481
695 2482
695 2483
695 2484
695 2485
695 2486
695 2487
695 2488
695 2489
695 2490
695 2491
695 2492
695 2493
695 2494
695 2495
695 2496
695 2497
695 2498
695 2499
695 2500
695 2501
695 2502
695 2503
695 2504
695 2505
695 2506
695 2507
695 2508
695 2509
695 2510
695 2511
695 2512
695 2513
695 2514
695 2515
695 2516
695 2517
695 2518
695 2519
695 2520
695 2521
695 2522
695 2523
695 2524
695 2525
695 2526
695 2527
695 2528
695 2529
695 2530
695 2531
695 2532
695 2533
695 2534
695 2535
695 2536
695 2537
695 2538
695 2539
695 2540
695 2541
695 2542
728 2543
728 2544
728 2545
728 2546
728 2547
728 2548
728 2549
728 2550
728 2551
728 2552
728 2553
728 2554
728 2555
728 2556
728 2557
728 2558
728 2559
728 2560
728 2561
728 2562
728 2563
728 2564
728 2565
728 2566
728 2567
728 2568
728 2569
728 2570
728 2571
728 2572
728 2573
728 2574
728 2575
728 2576
728 2577
728 2578
728 2579
728 2580
728 2581
728 2582
728 2583
728 2584
728 2585
728 2586
728 2587
728 2588
728 2589
728 2590
728 2591
728 2592
728 2593
728 2594
728 2595
728 2596
728 2597
728 2598
728 2599
728 2600
728 2601
728 2602
728 2603
728 2604
728 2605
728 2606
728 2607
728 2608
761 2609
761 2610
761 2611
761 2612
761 2613
761 2614
761 2615
761 2616
761 2617
761 2618
761 2619
761 2620
761 2621
761 2622
761 2623
761 2624
761 2625
761 2626
761 2627
761 2628
761 2629
761 2630
761 2631
761 2632
761 2633
761 2634
761 2635
761 2636
761 2637
761 2638
761 2639
761 2640
761 2641
761 2642
761 2643
761 2644
761 2645
761 2646
761 2647
761 2648
761 2649
761 2650
761 2651
761 2652
761 2653
761 2654
761 2655
761 2656
761 2657
761 2658
761 2659
761 2660
761 2661
761 2662
761 2663
761 2664
761 2665
761 2666
761 2667
761 2668
761 2669
761 2670
761 2671
761 2672
761 2673
761 2674
794 2675
794 2676
794 2677
794 2678
794 2679
794 2680
794 2681
794 2682
794 2683
794 2684
794 2685
794 2686
794 2687
794 2688
794 2689
794 2690
794 2691
794 2692
794 2693
794 2694
794 2695
794 2696
794 2697
794 2698
794 2699
794 2700
794 2701
794 2702
794 2703
794 2704
794 2705
794 2706
794 2707
794 2708
794 2709
794 2710
794 2711
794 2712
794 2713
794 2714
794 2715
794 2716
794 2717
794 2718
794 2719
794 2720
794 2721
794 2722
794 2723
794 2724
794 2725
794 2726
794 2727
794 2728
794 2729
794 2730
794 2731
794 2732
794 2733
794 2734
794 2735
794 2736
794 2737
794 2738
794 2739
794 2740
827 2741
827 2742
827 2743
827 2744
827 2745
827 2746
827 2747
827 2748
827 2749
827 2750
827 2751
827 2752
827 2753
827 2754
827 2755
827 2756
827 2757
827 2758
827 2759
827 2760
827 2761
827 2762
827 2763
827 2764
827 2765
827 2766
827 2767
827 2768
827 2769
827 2770
827 2771
827 2772
827 2773
827 2774
827 2775
827 2776
827 2777
827 2778
827 2779
827 2780
827 2781
827 2782
827 2783
827 2784
827 2785
827 2786
827 2787
827 2788
827 2789
827 2790
827 2791
827 2792
827 2793
827 2794
827 2795
827 2796
827 2797
827 2798
827 2799
827 2800
827 2801
827 2802
827 2803
827 2804
827 2805
827 2806
860 2807
860 2808
860 2809
860 2810
860 2811
860 2812
860 2813
860 2814
860 2815
860 2816
860 2817
860 2818
860 2819
860 2820
860 2821
860 2822
860 2823
860 2824
860 2825
860 2826
860 2827
860 2828
860 2829
860 2830
860 2831
860 2832
860 2833
860 2834
860 2835
860 2836
860 2837
860 2838
860 2839
860 2840
860 2841
860 2842
860 2843
860 2844
860 2845
860 2846
860 2847
860 2848
860 2849
860 2850
860 2851
860 2852
860 2853
860 2854
860 2855
860 2856
860 2857
860 2858
860 2859
860 2860
860 2861
860 2862
860 2863
860 2864
860 2865
860 2866
860 2867
860 2868
860 2869
860 2870
860 2871
860 2872
893 2873
893 2874
893 2875
893 2876
893 2877
893 2878
893 2879
893 2880
893 2881
893 2882
893 2883
893 2884
893 2885
893 2886
893 2887
893 2888
893 2889
893 2890
893 2891
893 2892
893 2893
893 2894
893 2895
893 2896
893 2897
893 2898
893 2899
893 2900
893 2901
893 2902
893 2903
893 2904
893 2905
893 2906
893 2907
893 2908
893 2909
893 2910
893 2911
893 2912
893 2913
893 2914
893 2915
893 2916
893 2917
893 2918
893 2919
893 2920
893 2921
893 2922
893 2923
893 2924
893 2925
893 2926
893 2927
893 2928
893 2929
893 2930
893 2931
893 2932
893 2933
893 2934
893 2935
893 2936
893 2937
893 2938
926 2939
926 2940
926 2941
926 2942
926 2943
926 2944
926 2945
926 2946
926 2947
926 2948
926 2949
926 2950
926 2951
926 2952
926 2953
926 2954
926 2955
926 2956
926 2957
926 2958
926 2959
926 2960
926 2961
926 2962
926 2963
926 2964
926 2965
926 2966
926 2967
926 2968
926 2969
926 2970
926 2971
926 2972
926 2973
926 2974
926 2975
926 2976
926 2977
926 2978
926 2979
926 2980
926 2981
926 2982
926 2983
926 2984
926 2985
926 2986
926 2987
926 2988
926 2989
926 2990
926 2991
926 2992
926 2993
926 2994
926 2995
926 2996
926 2997
926 2998
926 2999
926 3000
926 3001
926 3002
926 3003
926 3004
959 3005
959 3006
959 3007
959 3008
959 3009
959 3010
959 3011
959 3012
959 3013
959 3014
959 3015
959 3016
959 3017
959 3018
959 3019
959 3020
959 3021
959 3022
959 3023
959 3024
959 3025
959 3026
959 3027
959 3028
959 3029
959 3030
959 3031
959 3032
959 3033
959 3034
959 3035
959 3036
959 3037
959 3038
959 3039
959 3040
959 3041
959 3042
959 3043
959 3044
959 3045
959 3046
959 3047
959 3048
959 3049
959 3050
959 3051
959 3052
959 3053
959 3054
959 3055
959 3056
959 3057
959 3058
959 3059
959 3060
959 3061
959 3062
959 3063
959 3064
959 3065
959 3066
959 3067
959 3068
959 3069
959 3070
992 3071
992 3072
992 3073
992 3074
992 3075
992 3076
992 3077
992 3078
992 3079
992 3080
992 3081
992 3082
992 3083
992 3084
992 3085
992 3086
992 3087
992 3088
992 3089
992 3090
992 3091
992 3092
992 3093
992 3094
992 3095
992 3096
992 3097
992 3098
992 3099
992 3100
992 3101
992 3102
992 3103
992 3104
992 3105
992 3106
992 3107
992 3108
992 3109
992 3110
992 3111
992 3112
992 3113
992 3114
992 3115
992 3116
992 3117
992 3118
992 3119
992 3120
992 3121
992 3122
992 3123
992 3124
992 3125
992 3126
992 3127
992 3128
992 3129
992 3130
992 3131
992 3132
992 3133
992 3134
992 3135
992 3136
1025 3137
1025 3138
1025 3139
1025 3140
1025 3141
1025 3142
1025 3143
1025 3144
1025 3145
1025 3146
1025 3147
1025 3148
1025 3149
1025 3150
1025 3151
1025 3152
1025 3153
1025 3154
1025 3155
1025 3156
1025 3157
1025 3158
1025 3159
1025 3160
1025 3161
1025 3162
1025 3163
1025 3164
1025 3165
1025 3166
1025 3167
1025 3168
1025 3169
1025 3170
1025 3171
1025 3172
1025 3173
1025 3174
1025 3175
1025 3176
1025 3177
1025 3178
1025 3179
1025 3180
1025 3181
1025 3182
1025 3183
1025 3184
1025 3185
1025 3186
1025 3187
1025 3188
1025 3189
1025 3190
1025 3191
1025 3192
1025 3193
1025 3194
1025 3195
1025 3196
1025 3197
1025 3198
1025 3199
1025 3200
1025 3201
1025 3202
1058 3203
1058 3204
1058 3205
1058 3206
1058 3207
1058 3208
1058 3209
1058 3210
1058 3211
1058 3212
1058 3213
1058 3214
1058 3215
1058 3216
1058 3217
1058 3218
1058 3219
1058 3220
1058 3221
1058 3222
1058 3223
1058 3224
1058 3225
1058 3226
1058 3227
1058 3228
1058 3229
1058 3230
1058 3231
1058 3232
1058 3233
1058 3234
1058 3235
1058 3236
1058 3237
1058 3238
1058 3239
1058 3240
1058 3241
1058 3242
1058 3243
1058 3244
1058 3245
1058 3246
1058 3247
1058 3248
1058 3249
1058 3250
1058 3251
1058 3252
1058 3253
1058 3254
1058 3255
1058 3256
1058 3257
1058 3258
1058 3259
1058 3260
1058 3261
1058 3262
1058 3263
1058 3264
1058 3265
1058 3266
1058 3267
1058 3268
1091 3269
1091 3270
1091 3271
1091 3272
1091 3273
1091 3274
1091 3275
1091 3276
1091 3277
1091 3278
1091 3279
1091 3280
1091 3281
1091 3282
1091 3283
1091 3284
1091 3285
1091 3286
1091 3287
1091 3288
1091 3289
1091 3290
1091 3291
1091 3292
1091 3293
1091 3294
1091 3295
1091 3296
1091 3297
1091 3298
1091 3299
1091 3300
1091 3301
1091 3302
1091 3303
1091 3304
1091 3305
1091 3306
1091 3307
1091 3308
1091 3309
1091 3310
1091 3311
1091 3312
1091 3313
1091 3314
1091 3315
1091 3316
1091 3317
1091 3318
1091 3319
1091 3320
1091 3321
1091 3322
1091 3323
1091 3324
1091 3325
1091 3326
1091 3327
1091 3328
1091 3329
1091 3330
1091 3331
1091 3332
1091 3333
1091 3334
1124 3335
1124 3336
1124 3337
1124 3338
1124 3339
1124 3340
1124 3341
1124 3342
1124 3343
1124 3344
1124 3345
1124 3346
1124 3347
1124 3348
1124 3349
1124 3350
1124 3351
1124 3352
1124 3353
1124 3354
1124 3355
1124 3356
1124 3357
1124 3358
1124 3359
1124 3360
1124 3361
1124 3362
1124 3363
1124 3364
1124 3365
1124 3366
1124 3367
1124 3368
1124 3369
1124 3370
1124 3371
1124 3372
1124 3373
1124 3374
1124 3375
1124 3376
1124 3377
1124 3378
1124 3379
1124 3380
1124 3381
1124 3382
1124 3383
1124 3384
1124 3385
1124 3386
1124 3387
1124 3388
1124 3389
1124 3390
1124 3391
1124 3392
1124 3393
1124 3394
1124 3395
1124 3396
1124 3397
1124 3398
1124 3399
1124 3400
