8321 11024
1 2
1 3
1 4
1 5
1 6
1 7
1 8
1 9
1 10
1 11
1 12
1 13
1 14
1 15
1 16
1 17
1 18
1 19
1 20
1 21
1 22
1 23
1 24
1 25
1 26
1 27
1 28
1 29
1 30
1 31
1 32
1 33
1 34
1 35
1 36
1 37
1 38
1 39
1 40
1 41
1 42
1 43
1 44
1 45
1 46
1 47
1 48
1 49
1 50
1 51
1 52
1 53
2 1
2 3
2 4
2 5
2 6
2 7
2 8
2 9
2 10
2 11
2 12
2 13
2 14
2 15
2 16
2 17
2 18
2 19
2 20
2 21
2 22
2 23
2 24
2 25
2 26
2 27
2 28
2 29
2 30
2 31
2 32
2 33
2 34
2 35
2 36
2 37
2 38
2 39
2 40
2 41
2 42
2 43
2 44
2 45
2 46
2 47
2 48
2 49
2 50
2 51
2 52
2 53
3 1
3 2
3 4
3 5
3 6
3 7
3 8
3 9
3 10
3 11
3 12
3 13
3 14
3 15
3 16
3 17
3 18
3 19
3 20
3 21
3 22
3 23
3 24
3 25
3 26
3 27
3 28
3 29
3 30
3 31
3 32
3 33
3 34
3 35
3 36
3 37
3 38
3 39
3 40
3 41
3 42
3 43
3 44
3 45
3 46
3 47
3 48
3 49
3 50
3 51
3 52
3 53
4 1
4 2
4 3
4 5
4 6
4 7
4 8
4 9
4 10
4 11
4 12
4 13
4 14
4 15
4 16
4 17
4 18
4 19
4 20
4 21
4 22
4 23
4 24
4 25
4 26
4 27
4 28
4 29
4 30
4 31
4 32
4 33
4 34
4 35
4 36
4 37
4 38
4 39
4 40
4 41
4 42
4 43
4 44
4 45
4 46
4 47
4 48
4 49
4 50
4 51
4 52
4 53
5 1
5 2
5 3
5 4
5 6
5 7
5 8
5 9
5 10
5 11
5 12
5 13
5 14
5 15
5 16
5 17
5 18
5 19
5 20
5 21
5 22
5 23
5 24
5 25
5 26
5 27
5 28
5 29
5 30
5 31
5 32
5 33
5 34
5 35
5 36
5 37
5 38
5 39
5 40
5 41
5 42
5 43
5 44
5 45
5 46
5 47
5 48
5 49
5 50
5 51
5 52
5 53
6 1
6 2
6 3
6 4
6 5
6 7
6 8
6 9
6 10
6 11
6 12
6 13
6 14
6 15
6 16
6 17
6 18
6 19
6 20
6 21
6 22
6 23
6 24
6 25
6 26
6 27
6 28
6 29
6 30
6 31
6 32
6 33
6 34
6 35
6 36
6 37
6 38
6 39
6 40
6 41
6 42
6 43
6 44
6 45
6 46
6 47
6 48
6 49
6 50
6 51
6 52
6 53
7 1
7 2
7 3
7 4
7 5
7 6
7 8
7 9
7 10
7 11
7 12
7 13
7 14
7 15
7 16
7 17
7 18
7 19
7 20
7 21
7 22
7 23
7 24
7 25
7 26
7 27
7 28
7 29
7 30
7 31
7 32
7 33
7 34
7 35
7 36
7 37
7 38
7 39
7 40
7 41
7 42
7 43
7 44
7 45
7 46
7 47
7 48
7 49
7 50
7 51
7 52
7 53
8 1
8 2
8 3
8 4
8 5
8 6
8 7
8 9
8 10
8 11
8 12
8 13
8 14
8 15
8 16
8 17
8 18
8 19
8 20
8 21
8 22
8 23
8 24
8 25
8 26
8 27
8 28
8 29
8 30
8 31
8 32
8 33
8 34
8 35
8 36
8 37
8 38
8 39
8 40
8 41
8 42
8 43
8 44
8 45
8 46
8 47
8 48
8 49
8 50
8 51
8 52
8 53
9 1
9 2
9 3
9 4
9 5
9 6
9 7
9 8
9 10
9 11
9 12
9 13
9 14
9 15
9 16
9 17
9 18
9 19
9 20
9 21
9 22
9 23
9 24
9 25
9 26
9 27
9 28
9 29
9 30
9 31
9 32
9 33
9 34
9 35
9 36
9 37
9 38
9 39
9 40
9 41
9 42
9 43
9 44
9 45
9 46
9 47
9 48
9 49
9 50
9 51
9 52
9 53
10 1
10 2
10 3
10 4
10 5
10 6
10 7
10 8
10 9
10 11
10 12
10 13
10 14
10 15
10 16
10 17
10 18
10 19
10 20
10 21
10 22
10 23
10 24
10 25
10 26
10 27
10 28
10 29
10 30
10 31
10 32
10 33
10 34
10 35
10 36
10 37
10 38
10 39
10 40
10 41
10 42
10 43
10 44
10 45
10 46
10 47
10 48
10 49
10 50
10 51
10 52
10 53
11 1
11 2
11 3
11 4
11 5
11 6
11 7
11 8
11 9
11 10
11 12
11 13
11 14
11 15
11 16
11 17
11 18
11 19
11 20
11 21
11 22
11 23
11 24
11 25
11 26
11 27
11 28
11 29
11 30
11 31
11 32
11 33
11 34
11 35
11 36
11 37
11 38
11 39
11 40
11 41
11 42
11 43
11 44
11 45
11 46
11 47
11 48
11 49
11 50
11 51
11 52
11 53
12 1
12 2
12 3
12 4
12 5
12 6
12 7
12 8
12 9
12 10
12 11
12 13
12 14
12 15
12 16
12 17
12 18
12 19
12 20
12 21
12 22
12 23
12 24
12 25
12 26
12 27
12 28
12 29
12 30
12 31
12 32
12 33
12 34
12 35
12 36
12 37
12 38
12 39
12 40
12 41
12 42
12 43
12 44
12 45
12 46
12 47
12 48
12 49
12 50
12 51
12 52
12 53
13 1
13 2
13 3
13 4
13 5
13 6
13 7
13 8
13 9
13 10
13 11
13 12
13 14
13 15
13 16
13 17
13 18
13 19
13 20
13 21
13 22
13 23
13 24
13 25
13 26
13 27
13 28
13 29
13 30
13 31
13 32
13 33
13 34
13 35
13 36
13 37
13 38
13 39
13 40
13 41
13 42
13 43
13 44
13 45
13 46
13 47
13 48
13 49
13 50
13 51
13 52
13 53
14 1
14 2
14 3
14 4
14 5
14 6
14 7
14 8
14 9
14 10
14 11
14 12
14 13
14 15
14 16
14 17
14 18
14 19
14 20
14 21
14 22
14 23
14 24
14 25
14 26
14 27
14 28
14 29
14 30
14 31
14 32
14 33
14 34
14 35
14 36
14 37
14 38
14 39
14 40
14 41
14 42
14 43
14 44
14 45
14 46
14 47
14 48
14 49
14 50
14 51
14 52
14 53
15 1
15 2
15 3
15 4
15 5
15 6
15 7
15 8
15 9
15 10
15 11
15 12
15 13
15 14
15 16
15 17
15 18
15 19
15 20
15 21
15 22
15 23
15 24
15 25
15 26
15 27
15 28
15 29
15 30
15 31
15 32
15 33
15 34
15 35
15 36
15 37
15 38
15 39
15 40
15 41
15 42
15 43
15 44
15 45
15 46
15 47
15 48
15 49
15 50
15 51
15 52
15 53
16 1
16 2
16 3
16 4
16 5
16 6
16 7
16 8
16 9
16 10
16 11
16 12
16 13
16 14
16 15
16 17
16 18
16 19
16 20
16 21
16 22
16 23
16 24
16 25
16 26
16 27
16 28
16 29
16 30
16 31
16 32
16 33
16 34
16 35
16 36
16 37
16 38
16 39
16 40
16 41
16 42
16 43
16 44
16 45
16 46
16 47
16 48
16 49
16 50
16 51
16 52
16 53
17 1
17 2
17 3
17 4
17 5
17 6
17 7
17 8
17 9
17 10
17 11
17 12
17 13
17 14
17 15
17 16
17 18
17 19
17 20
17 21
17 22
17 23
17 24
17 25
17 26
17 27
17 28
17 29
17 30
17 31
17 32
17 33
17 34
17 35
17 36
17 37
17 38
17 39
17 40
17 41
17 42
17 43
17 44
17 45
17 46
17 47
17 48
17 49
17 50
17 51
17 52
17 53
18 1
18 2
18 3
18 4
18 5
18 6
18 7
18 8
18 9
18 10
18 11
18 12
18 13
18 14
18 15
18 16
18 17
18 19
18 20
18 21
18 22
18 23
18 24
18 25
18 26
18 27
18 28
18 29
18 30
18 31
18 32
18 33
18 34
18 35
18 36
18 37
18 38
18 39
18 40
18 41
18 42
18 43
18 44
18 45
18 46
18 47
18 48
18 49
18 50
18 51
18 52
18 53
19 1
19 2
19 3
19 4
19 5
19 6
19 7
19 8
19 9
19 10
19 11
19 12
19 13
19 14
19 15
19 16
19 17
19 18
19 20
19 21
19 22
19 23
19 24
19 25
19 26
19 27
19 28
19 29
19 30
19 31
19 32
19 33
19 34
19 35
19 36
19 37
19 38
19 39
19 40
19 41
19 42
19 43
19 44
19 45
19 46
19 47
19 48
19 49
19 50
19 51
19 52
19 53
20 1
20 2
20 3
20 4
20 5
20 6
20 7
20 8
20 9
20 10
20 11
20 12
20 13
20 14
20 15
20 16
20 17
20 18
20 19
20 21
20 22
20 23
20 24
20 25
20 26
20 27
20 28
20 29
20 30
20 31
20 32
20 33
20 34
20 35
20 36
20 37
20 38
20 39
20 40
20 41
20 42
20 43
20 44
20 45
20 46
20 47
20 48
20 49
20 50
20 51
20 52
20 53
21 1
21 2
21 3
21 4
21 5
21 6
21 7
21 8
21 9
21 10
21 11
21 12
21 13
21 14
21 15
21 16
21 17
21 18
21 19
21 20
21 22
21 23
21 24
21 25
21 26
21 27
21 28
21 29
21 30
21 31
21 32
21 33
21 34
21 35
21 36
21 37
21 38
21 39
21 40
21 41
21 42
21 43
21 44
21 45
21 46
21 47
21 48
21 49
21 50
21 51
21 52
21 53
22 1
22 2
22 3
22 4
22 5
22 6
22 7
22 8
22 9
22 10
22 11
22 12
22 13
22 14
22 15
22 16
22 17
22 18
22 19
22 20
22 21
22 23
22 24
22 25
22 26
22 27
22 28
22 29
22 30
22 31
22 32
22 33
22 34
22 35
22 36
22 37
22 38
22 39
22 40
22 41
22 42
22 43
22 44
22 45
22 46
22 47
22 48
22 49
22 50
22 51
22 52
22 53
23 1
23 2
23 3
23 4
23 5
23 6
23 7
23 8
23 9
23 10
23 11
23 12
23 13
23 14
23 15
23 16
23 17
23 18
23 19
23 20
23 21
23 22
23 24
23 25
23 26
23 27
23 28
23 29
23 30
23 31
23 32
23 33
23 34
23 35
23 36
23 37
23 38
23 39
23 40
23 41
23 42
23 43
23 44
23 45
23 46
23 47
23 48
23 49
23 50
23 51
23 52
23 53
24 1
24 2
24 3
24 4
24 5
24 6
24 7
24 8
24 9
24 10
24 11
24 12
24 13
24 14
24 15
24 16
24 17
24 18
24 19
24 20
24 21
24 22
24 23
24 25
24 26
24 27
24 28
24 29
24 30
24 31
24 32
24 33
24 34
24 35
24 36
24 37
24 38
24 39
24 40
24 41
24 42
24 43
24 44
24 45
24 46
24 47
24 48
24 49
24 50
24 51
24 52
24 53
25 1
25 2
25 3
25 4
25 5
25 6
25 7
25 8
25 9
25 10
25 11
25 12
25 13
25 14
25 15
25 16
25 17
25 18
25 19
25 20
25 21
25 22
25 23
25 24
25 26
25 27
25 28
25 29
25 30
25 31
25 32
25 33
25 34
25 35
25 36
25 37
25 38
25 39
25 40
25 41
25 42
25 43
25 44
25 45
25 46
25 47
25 48
25 49
25 50
25 51
25 52
25 53
26 1
26 2
26 3
26 4
26 5
26 6
26 7
26 8
26 9
26 10
26 11
26 12
26 13
26 14
26 15
26 16
26 17
26 18
26 19
26 20
26 21
26 22
26 23
26 24
26 25
26 27
26 28
26 29
26 30
26 31
26 32
26 33
26 34
26 35
26 36
26 37
26 38
26 39
26 40
26 41
26 42
26 43
26 44
26 45
26 46
26 47
26 48
26 49
26 50
26 51
26 52
26 53
27 1
27 2
27 3
27 4
27 5
27 6
27 7
27 8
27 9
27 10
27 11
27 12
27 13
27 14
27 15
27 16
27 17
27 18
27 19
27 20
27 21
27 22
27 23
27 24
27 25
27 26
27 28
27 29
27 30
27 31
27 32
27 33
27 34
27 35
27 36
27 37
27 38
27 39
27 40
27 41
27 42
27 43
27 44
27 45
27 46
27 47
27 48
27 49
27 50
27 51
27 52
27 53
28 1
28 2
28 3
28 4
28 5
28 6
28 7
28 8
28 9
28 10
28 11
28 12
28 13
28 14
28 15
28 16
28 17
28 18
28 19
28 20
28 21
28 22
28 23
28 24
28 25
28 26
28 27
28 29
28 30
28 31
28 32
28 33
28 34
28 35
28 36
28 37
28 38
28 39
28 40
28 41
28 42
28 43
28 44
28 45
28 46
28 47
28 48
28 49
28 50
28 51
28 52
28 53
29 1
29 2
29 3
29 4
29 5
29 6
29 7
29 8
29 9
29 10
29 11
29 12
29 13
29 14
29 15
29 16
29 17
29 18
29 19
29 20
29 21
29 22
29 23
29 24
29 25
29 26
29 27
29 28
29 30
29 31
29 32
29 33
29 34
29 35
29 36
29 37
29 38
29 39
29 40
29 41
29 42
29 43
29 44
29 45
29 46
29 47
29 48
29 49
29 50
29 51
29 52
29 53
30 1
30 2
30 3
30 4
30 5
30 6
30 7
30 8
30 9
30 10
30 11
30 12
30 13
30 14
30 15
30 16
30 17
30 18
30 19
30 20
30 21
30 22
30 23
30 24
30 25
30 26
30 27
30 28
30 29
30 31
30 32
30 33
30 34
30 35
30 36
30 37
30 38
30 39
30 40
30 41
30 42
30 43
30 44
30 45
30 46
30 47
30 48
30 49
30 50
30 51
30 52
30 53
31 1
31 2
31 3
31 4
31 5
31 6
31 7
31 8
31 9
31 10
31 11
31 12
31 13
31 14
31 15
31 16
31 17
31 18
31 19
31 20
31 21
31 22
31 23
31 24
31 25
31 26
31 27
31 28
31 29
31 30
31 32
31 33
31 34
31 35
31 36
31 37
31 38
31 39
31 40
31 41
31 42
31 43
31 44
31 45
31 46
31 47
31 48
31 49
31 50
31 51
31 52
31 53
32 1
32 2
32 3
32 4
32 5
32 6
32 7
32 8
32 9
32 10
32 11
32 12
32 13
32 14
32 15
32 16
32 17
32 18
32 19
32 20
32 21
32 22
32 23
32 24
32 25
32 26
32 27
32 28
32 29
32 30
32 31
32 33
32 34
32 35
32 36
32 37
32 38
32 39
32 40
32 41
32 42
32 43
32 44
32 45
32 46
32 47
32 48
32 49
32 50
32 51
32 52
32 53
33 1
33 2
33 3
33 4
33 5
33 6
33 7
33 8
33 9
33 10
33 11
33 12
33 13
33 14
33 15
33 16
33 17
33 18
33 19
33 20
33 21
33 22
33 23
33 24
33 25
33 26
33 27
33 28
33 29
33 30
33 31
33 32
33 34
33 35
33 36
33 37
33 38
33 39
33 40
33 41
33 42
33 43
33 44
33 45
33 46
33 47
33 48
33 49
33 50
33 51
33 52
33 53
34 1
34 2
34 3
34 4
34 5
34 6
34 7
34 8
34 9
34 10
34 11
34 12
34 13
34 14
34 15
34 16
34 17
34 18
34 19
34 20
34 21
34 22
34 23
34 24
34 25
34 26
34 27
34 28
34 29
34 30
34 31
34 32
34 33
34 35
34 36
34 37
34 38
34 39
34 40
34 41
34 42
34 43
34 44
34 45
34 46
34 47
34 48
34 49
34 50
34 51
34 52
34 53
35 1
35 2
35 3
35 4
35 5
35 6
35 7
35 8
35 9
35 10
35 11
35 12
35 13
35 14
35 15
35 16
35 17
35 18
35 19
35 20
35 21
35 22
35 23
35 24
35 25
35 26
35 27
35 28
35 29
35 30
35 31
35 32
35 33
35 34
35 36
35 37
35 38
35 39
35 40
35 41
35 42
35 43
35 44
35 45
35 46
35 47
35 48
35 49
35 50
35 51
35 52
35 53
36 1
36 2
36 3
36 4
36 5
36 6
36 7
36 8
36 9
36 10
36 11
36 12
36 13
36 14
36 15
36 16
36 17
36 18
36 19
36 20
36 21
36 22
36 23
36 24
36 25
36 26
36 27
36 28
36 29
36 30
36 31
36 32
36 33
36 34
36 35
36 37
36 38
36 39
36 40
36 41
36 42
36 43
36 44
36 45
36 46
36 47
36 48
36 49
36 50
36 51
36 52
36 53
37 1
37 2
37 3
37 4
37 5
37 6
37 7
37 8
37 9
37 10
37 11
37 12
37 13
37 14
37 15
37 16
37 17
37 18
37 19
37 20
37 21
37 22
37 23
37 24
37 25
37 26
37 27
37 28
37 29
37 30
37 31
37 32
37 33
37 34
37 35
37 36
37 38
37 39
37 40
37 41
37 42
37 43
37 44
37 45
37 46
37 47
37 48
37 49
37 50
37 51
37 52
37 53
38 1
38 2
38 3
38 4
38 5
38 6
38 7
38 8
38 9
38 10
38 11
38 12
38 13
38 14
38 15
38 16
38 17
38 18
38 19
38 20
38 21
38 22
38 23
38 24
38 25
38 26
38 27
38 28
38 29
38 30
38 31
38 32
38 33
38 34
38 35
38 36
38 37
38 39
38 40
38 41
38 42
38 43
38 44
38 45
38 46
38 47
38 48
38 49
38 50
38 51
38 52
38 53
39 1
39 2
39 3
39 4
39 5
39 6
39 7
39 8
39 9
39 10
39 11
39 12
39 13
39 14
39 15
39 16
39 17
39 18
39 19
39 20
39 21
39 22
39 23
39 24
39 25
39 26
39 27
39 28
39 29
39 30
39 31
39 32
39 33
39 34
39 35
39 36
39 37
39 38
39 40
39 41
39 42
39 43
39 44
39 45
39 46
39 47
39 48
39 49
39 50
39 51
39 52
39 53
40 1
40 2
40 3
40 4
40 5
40 6
40 7
40 8
40 9
40 10
40 11
40 12
40 13
40 14
40 15
40 16
40 17
40 18
40 19
40 20
40 21
40 22
40 23
40 24
40 25
40 26
40 27
40 28
40 29
40 30
40 31
40 32
40 33
40 34
40 35
40 36
40 37
40 38
40 39
40 41
40 42
40 43
40 44
40 45
40 46
40 47
40 48
40 49
40 50
40 51
40 52
40 53
41 1
41 2
41 3
41 4
41 5
41 6
41 7
41 8
41 9
41 10
41 11
41 12
41 13
41 14
41 15
41 16
41 17
41 18
41 19
41 20
41 21
41 22
41 23
41 24
41 25
41 26
41 27
41 28
41 29
41 30
41 31
41 32
41 33
41 34
41 35
41 36
41 37
41 38
41 39
41 40
41 42
41 43
41 44
41 45
41 46
41 47
41 48
41 49
41 50
41 51
41 52
41 53
42 1
42 2
42 3
42 4
42 5
42 6
42 7
42 8
42 9
42 10
42 11
42 12
42 13
42 14
42 15
42 16
42 17
42 18
42 19
42 20
42 21
42 22
42 23
42 24
42 25
42 26
42 27
42 28
42 29
42 30
42 31
42 32
42 33
42 34
42 35
42 36
42 37
42 38
42 39
42 40
42 41
42 43
42 44
42 45
42 46
42 47
42 48
42 49
42 50
42 51
42 52
42 53
43 1
43 2
43 3
43 4
43 5
43 6
43 7
43 8
43 9
43 10
43 11
43 12
43 13
43 14
43 15
43 16
43 17
43 18
43 19
43 20
43 21
43 22
43 23
43 24
43 25
43 26
43 27
43 28
43 29
43 30
43 31
43 32
43 33
43 34
43 35
43 36
43 37
43 38
43 39
43 40
43 41
43 42
43 44
43 45
43 46
43 47
43 48
43 49
43 50
43 51
43 52
43 53
44 1
44 2
44 3
44 4
44 5
44 6
44 7
44 8
44 9
44 10
44 11
44 12
44 13
44 14
44 15
44 16
44 17
44 18
44 19
44 20
44 21
44 22
44 23
44 24
44 25
44 26
44 27
44 28
44 29
44 30
44 31
44 32
44 33
44 34
44 35
44 36
44 37
44 38
44 39
44 40
44 41
44 42
44 43
44 45
44 46
44 47
44 48
44 49
44 50
44 51
44 52
44 53
45 1
45 2
45 3
45 4
45 5
45 6
45 7
45 8
45 9
45 10
45 11
45 12
45 13
45 14
45 15
45 16
45 17
45 18
45 19
45 20
45 21
45 22
45 23
45 24
45 25
45 26
45 27
45 28
45 29
45 30
45 31
45 32
45 33
45 34
45 35
45 36
45 37
45 38
45 39
45 40
45 41
45 42
45 43
45 44
45 46
45 47
45 48
45 49
45 50
45 51
45 52
45 53
46 1
46 2
46 3
46 4
46 5
46 6
46 7
46 8
46 9
46 10
46 11
46 12
46 13
46 14
46 15
46 16
46 17
46 18
46 19
46 20
46 21
46 22
46 23
46 24
46 25
46 26
46 27
46 28
46 29
46 30
46 31
46 32
46 33
46 34
46 35
46 36
46 37
46 38
46 39
46 40
46 41
46 42
46 43
46 44
46 45
46 47
46 48
46 49
46 50
46 51
46 52
46 53
47 1
47 2
47 3
47 4
47 5
47 6
47 7
47 8
47 9
47 10
47 11
47 12
47 13
47 14
47 15
47 16
47 17
47 18
47 19
47 20
47 21
47 22
47 23
47 24
47 25
47 26
47 27
47 28
47 29
47 30
47 31
47 32
47 33
47 34
47 35
47 36
47 37
47 38
47 39
47 40
47 41
47 42
47 43
47 44
47 45
47 46
47 48
47 49
47 50
47 51
47 52
47 53
48 1
48 2
48 3
48 4
48 5
48 6
48 7
48 8
48 9
48 10
48 11
48 12
48 13
48 14
48 15
48 16
48 17
48 18
48 19
48 20
48 21
48 22
48 23
48 24
48 25
48 26
48 27
48 28
48 29
48 30
48 31
48 32
48 33
48 34
48 35
48 36
48 37
48 38
48 39
48 40
48 41
48 42
48 43
48 44
48 45
48 46
48 47
48 49
48 50
48 51
48 52
48 53
49 1
49 2
49 3
49 4
49 5
49 6
49 7
49 8
49 9
49 10
49 11
49 12
49 13
49 14
49 15
49 16
49 17
49 18
49 19
49 20
49 21
49 22
49 23
49 24
49 25
49 26
49 27
49 28
49 29
49 30
49 31
49 32
49 33
49 34
49 35
49 36
49 37
49 38
49 39
49 40
49 41
49 42
49 43
49 44
49 45
49 46
49 47
49 48
49 50
49 51
49 52
49 53
50 1
50 2
50 3
50 4
50 5
50 6
50 7
50 8
50 9
50 10
50 11
50 12
50 13
50 14
50 15
50 16
50 17
50 18
50 19
50 20
50 21
50 22
50 23
50 24
50 25
50 26
50 27
50 28
50 29
50 30
50 31
50 32
50 33
50 34
50 35
50 36
50 37
50 38
50 39
50 40
50 41
50 42
50 43
50 44
50 45
50 46
50 47
50 48
50 49
50 51
50 52
50 53
51 1
51 2
51 3
51 4
51 5
51 6
51 7
51 8
51 9
51 10
51 11
51 12
51 13
51 14
51 15
51 16
51 17
51 18
51 19
51 20
51 21
51 22
51 23
51 24
51 25
51 26
51 27
51 28
51 29
51 30
51 31
51 32
51 33
51 34
51 35
51 36
51 37
51 38
51 39
51 40
51 41
51 42
51 43
51 44
51 45
51 46
51 47
51 48
51 49
51 50
51 52
51 53
52 1
52 2
52 3
52 4
52 5
52 6
52 7
52 8
52 9
52 10
52 11
52 12
52 13
52 14
52 15
52 16
52 17
52 18
52 19
52 20
52 21
52 22
52 23
52 24
52 25
52 26
52 27
52 28
52 29
52 30
52 31
52 32
52 33
52 34
52 35
52 36
52 37
52 38
52 39
52 40
52 41
52 42
52 43
52 44
52 45
52 46
52 47
52 48
52 49
52 50
52 51
52 53
53 1
53 2
53 3
53 4
53 5
53 6
53 7
53 8
53 9
53 10
53 11
53 12
53 13
53 14
53 15
53 16
53 17
53 18
53 19
53 20
53 21
53 22
53 23
53 24
53 25
53 26
53 27
53 28
53 29
53 30
53 31
53 32
53 33
53 34
53 35
53 36
53 37
53 38
53 39
53 40
53 41
53 42
53 43
53 44
53 45
53 46
53 47
53 48
53 49
53 50
53 51
53 52
1 54
1 55
1 56
1 57
1 58
1 59
1 60
1 61
1 62
1 63
1 64
1 65
1 66
1 67
1 68
1 69
1 70
1 71
1 72
1 73
1 74
1 75
1 76
1 77
1 78
1 79
1 80
1 81
1 82
1 83
1 84
1 85
1 86
1 87
1 88
1 89
1 90
1 91
1 92
1 93
1 94
1 95
1 96
1 97
1 98
1 99
1 100
1 101
1 102
1 103
1 104
1 105
2 106
2 107
2 108
2 109
2 110
2 111
2 112
2 113
2 114
2 115
2 116
2 117
2 118
2 119
2 120
2 121
2 122
2 123
2 124
2 125
2 126
2 127
2 128
2 129
2 130
2 131
2 132
2 133
2 134
2 135
2 136
2 137
2 138
2 139
2 140
2 141
2 142
2 143
2 144
2 145
2 146
2 147
2 148
2 149
2 150
2 151
2 152
2 153
2 154
2 155
2 156
2 157
3 158
3 159
3 160
3 161
3 162
3 163
3 164
3 165
3 166
3 167
3 168
3 169
3 170
3 171
3 172
3 173
3 174
3 175
3 176
3 177
3 178
3 179
3 180
3 181
3 182
3 183
3 184
3 185
3 186
3 187
3 188
3 189
3 190
3 191
3 192
3 193
3 194
3 195
3 196
3 197
3 198
3 199
3 200
3 201
3 202
3 203
3 204
3 205
3 206
3 207
3 208
3 209
4 210
4 211
4 212
4 213
4 214
4 215
4 216
4 217
4 218
4 219
4 220
4 221
4 222
4 223
4 224
4 225
4 226
4 227
4 228
4 229
4 230
4 231
4 232
4 233
4 234
4 235
4 236
4 237
4 238
4 239
4 240
4 241
4 242
4 243
4 244
4 245
4 246
4 247
4 248
4 249
4 250
4 251
4 252
4 253
4 254
4 255
4 256
4 257
4 258
4 259
4 260
4 261
5 262
5 263
5 264
5 265
5 266
5 267
5 268
5 269
5 270
5 271
5 272
5 273
5 274
5 275
5 276
5 277
5 278
5 279
5 280
5 281
5 282
5 283
5 284
5 285
5 286
5 287
5 288
5 289
5 290
5 291
5 292
5 293
5 294
5 295
5 296
5 297
5 298
5 299
5 300
5 301
5 302
5 303
5 304
5 305
5 306
5 307
5 308
5 309
5 310
5 311
5 312
5 313
6 314
6 315
6 316
6 317
6 318
6 319
6 320
6 321
6 322
6 323
6 324
6 325
6 326
6 327
6 328
6 329
6 330
6 331
6 332
6 333
6 334
6 335
6 336
6 337
6 338
6 339
6 340
6 341
6 342
6 343
6 344
6 345
6 346
6 347
6 348
6 349
6 350
6 351
6 352
6 353
6 354
6 355
6 356
6 357
6 358
6 359
6 360
6 361
6 362
6 363
6 364
6 365
7 366
7 367
7 368
7 369
7 370
7 371
7 372
7 373
7 374
7 375
7 376
7 377
7 378
7 379
7 380
7 381
7 382
7 383
7 384
7 385
7 386
7 387
7 388
7 389
7 390
7 391
7 392
7 393
7 394
7 395
7 396
7 397
7 398
7 399
7 400
7 401
7 402
7 403
7 404
7 405
7 406
7 407
7 408
7 409
7 410
7 411
7 412
7 413
7 414
7 415
7 416
7 417
8 418
8 419
8 420
8 421
8 422
8 423
8 424
8 425
8 426
8 427
8 428
8 429
8 430
8 431
8 432
8 433
8 434
8 435
8 436
8 437
8 438
8 439
8 440
8 441
8 442
8 443
8 444
8 445
8 446
8 447
8 448
8 449
8 450
8 451
8 452
8 453
8 454
8 455
8 456
8 457
8 458
8 459
8 460
8 461
8 462
8 463
8 464
8 465
8 466
8 467
8 468
8 469
9 470
9 471
9 472
9 473
9 474
9 475
9 476
9 477
9 478
9 479
9 480
9 481
9 482
9 483
9 484
9 485
9 486
9 487
9 488
9 489
9 490
9 491
9 492
9 493
9 494
9 495
9 496
9 497
9 498
9 499
9 500
9 501
9 502
9 503
9 504
9 505
9 506
9 507
9 508
9 509
9 510
9 511
9 512
9 513
9 514
9 515
9 516
9 517
9 518
9 519
9 520
9 521
10 522
10 523
10 524
10 525
10 526
10 527
10 528
10 529
10 530
10 531
10 532
10 533
10 534
10 535
10 536
10 537
10 538
10 539
10 540
10 541
10 542
10 543
10 544
10 545
10 546
10 547
10 548
10 549
10 550
10 551
10 552
10 553
10 554
10 555
10 556
10 557
10 558
10 559
10 560
10 561
10 562
10 563
10 564
10 565
10 566
10 567
10 568
10 569
10 570
10 571
10 572
10 573
11 574
11 575
11 576
11 577
11 578
11 579
11 580
11 581
11 582
11 583
11 584
11 585
11 586
11 587
11 588
11 589
11 590
11 591
11 592
11 593
11 594
11 595
11 596
11 597
11 598
11 599
11 600
11 601
11 602
11 603
11 604
11 605
11 606
11 607
11 608
11 609
11 610
11 611
11 612
11 613
11 614
11 615
11 616
11 617
11 618
11 619
11 620
11 621
11 622
11 623
11 624
11 625
12 626
12 627
12 628
12 629
12 630
12 631
12 632
12 633
12 634
12 635
12 636
12 637
12 638
12 639
12 640
12 641
12 642
12 643
12 644
12 645
12 646
12 647
12 648
12 649
12 650
12 651
12 652
12 653
12 654
12 655
12 656
12 657
12 658
12 659
12 660
12 661
12 662
12 663
12 664
12 665
12 666
12 667
12 668
12 669
12 670
12 671
12 672
12 673
12 674
12 675
12 676
12 677
13 678
13 679
13 680
13 681
13 682
13 683
13 684
13 685
13 686
13 687
13 688
13 689
13 690
13 691
13 692
13 693
13 694
13 695
13 696
13 697
13 698
13 699
13 700
13 701
13 702
13 703
13 704
13 705
13 706
13 707
13 708
13 709
13 710
13 711
13 712
13 713
13 714
13 715
13 716
13 717
13 718
13 719
13 720
13 721
13 722
13 723
13 724
13 725
13 726
13 727
13 728
13 729
14 730
14 731
14 732
14 733
14 734
14 735
14 736
14 737
14 738
14 739
14 740
14 741
14 742
14 743
14 744
14 745
14 746
14 747
14 748
14 749
14 750
14 751
14 752
14 753
14 754
14 755
14 756
14 757
14 758
14 759
14 760
14 761
14 762
14 763
14 764
14 765
14 766
14 767
14 768
14 769
14 770
14 771
14 772
14 773
14 774
14 775
14 776
14 777
14 778
14 779
14 780
14 781
15 782
15 783
15 784
15 785
15 786
15 787
15 788
15 789
15 790
15 791
15 792
15 793
15 794
15 795
15 796
15 797
15 798
15 799
15 800
15 801
15 802
15 803
15 804
15 805
15 806
15 807
15 808
15 809
15 810
15 811
15 812
15 813
15 814
15 815
15 816
15 817
15 818
15 819
15 820
15 821
15 822
15 823
15 824
15 825
15 826
15 827
15 828
15 829
15 830
15 831
15 832
15 833
16 834
16 835
16 836
16 837
16 838
16 839
16 840
16 841
16 842
16 843
16 844
16 845
16 846
16 847
16 848
16 849
16 850
16 851
16 852
16 853
16 854
16 855
16 856
16 857
16 858
16 859
16 860
16 861
16 862
16 863
16 864
16 865
16 866
16 867
16 868
16 869
16 870
16 871
16 872
16 873
16 874
16 875
16 876
16 877
16 878
16 879
16 880
16 881
16 882
16 883
16 884
16 885
17 886
17 887
17 888
17 889
17 890
17 891
17 892
17 893
17 894
17 895
17 896
17 897
17 898
17 899
17 900
17 901
17 902
17 903
17 904
17 905
17 906
17 907
17 908
17 909
17 910
17 911
17 912
17 913
17 914
17 915
17 916
17 917
17 918
17 919
17 920
17 921
17 922
17 923
17 924
17 925
17 926
17 927
17 928
17 929
17 930
17 931
17 932
17 933
17 934
17 935
17 936
17 937
18 938
18 939
18 940
18 941
18 942
18 943
18 944
18 945
18 946
18 947
18 948
18 949
18 950
18 951
18 952
18 953
18 954
18 955
18 956
18 957
18 958
18 959
18 960
18 961
18 962
18 963
18 964
18 965
18 966
18 967
18 968
18 969
18 970
18 971
18 972
18 973
18 974
18 975
18 976
18 977
18 978
18 979
18 980
18 981
18 982
18 983
18 984
18 985
18 986
18 987
18 988
18 989
19 990
19 991
19 992
19 993
19 994
19 995
19 996
19 997
19 998
19 999
19 1000
19 1001
19 1002
19 1003
19 1004
19 1005
19 1006
19 1007
19 1008
19 1009
19 1010
19 1011
19 1012
19 1013
19 1014
19 1015
19 1016
19 1017
19 1018
19 1019
19 1020
19 1021
19 1022
19 1023
19 1024
19 1025
19 1026
19 1027
19 1028
19 1029
19 1030
19 1031
19 1032
19 1033
19 1034
19 1035
19 1036
19 1037
19 1038
19 1039
19 1040
19 1041
20 1042
20 1043
20 1044
20 1045
20 1046
20 1047
20 1048
20 1049
20 1050
20 1051
20 1052
20 1053
20 1054
20 1055
20 1056
20 1057
20 1058
20 1059
20 1060
20 1061
20 1062
20 1063
20 1064
20 1065
20 1066
20 1067
20 1068
20 1069
20 1070
20 1071
20 1072
20 1073
20 1074
20 1075
20 1076
20 1077
20 1078
20 1079
20 1080
20 1081
20 1082
20 1083
20 1084
20 1085
20 1086
20 1087
20 1088
20 1089
20 1090
20 1091
20 1092
20 1093
21 1094
21 1095
21 1096
21 1097
21 1098
21 1099
21 1100
21 1101
21 1102
21 1103
21 1104
21 1105
21 1106
21 1107
21 1108
21 1109
21 1110
21 1111
21 1112
21 1113
21 1114
21 1115
21 1116
21 1117
21 1118
21 1119
21 1120
21 1121
21 1122
21 1123
21 1124
21 1125
21 1126
21 1127
21 1128
21 1129
21 1130
21 1131
21 1132
21 1133
21 1134
21 1135
21 1136
21 1137
21 1138
21 1139
21 1140
21 1141
21 1142
21 1143
21 1144
21 1145
22 1146
22 1147
22 1148
22 1149
22 1150
22 1151
22 1152
22 1153
22 1154
22 1155
22 1156
22 1157
22 1158
22 1159
22 1160
22 1161
22 1162
22 1163
22 1164
22 1165
22 1166
22 1167
22 1168
22 1169
22 1170
22 1171
22 1172
22 1173
22 1174
22 1175
22 1176
22 1177
22 1178
22 1179
22 1180
22 1181
22 1182
22 1183
22 1184
22 1185
22 1186
22 1187
22 1188
22 1189
22 1190
22 1191
22 1192
22 1193
22 1194
22 1195
22 1196
22 1197
23 1198
23 1199
23 1200
23 1201
23 1202
23 1203
23 1204
23 1205
23 1206
23 1207
23 1208
23 1209
23 1210
23 1211
23 1212
23 1213
23 1214
23 1215
23 1216
23 1217
23 1218
23 1219
23 1220
23 1221
23 1222
23 1223
23 1224
23 1225
23 1226
23 1227
23 1228
23 1229
23 1230
23 1231
23 1232
23 1233
23 1234
23 1235
23 1236
23 1237
23 1238
23 1239
23 1240
23 1241
23 1242
23 1243
23 1244
23 1245
23 1246
23 1247
23 1248
23 1249
24 1250
24 1251
24 1252
24 1253
24 1254
24 1255
24 1256
24 1257
24 1258
24 1259
24 1260
24 1261
24 1262
24 1263
24 1264
24 1265
24 1266
24 1267
24 1268
24 1269
24 1270
24 1271
24 1272
24 1273
24 1274
24 1275
24 1276
24 1277
24 1278
24 1279
24 1280
24 1281
24 1282
24 1283
24 1284
24 1285
24 1286
24 1287
24 1288
24 1289
24 1290
24 1291
24 1292
24 1293
24 1294
24 1295
24 1296
24 1297
24 1298
24 1299
24 1300
24 1301
25 1302
25 1303
25 1304
25 1305
25 1306
25 1307
25 1308
25 1309
25 1310
25 1311
25 1312
25 1313
25 1314
25 1315
25 1316
25 1317
25 1318
25 1319
25 1320
25 1321
25 1322
25 1323
25 1324
25 1325
25 1326
25 1327
25 1328
25 1329
25 1330
25 1331
25 1332
25 1333
25 1334
25 1335
25 1336
25 1337
25 1338
25 1339
25 1340
25 1341
25 1342
25 1343
25 1344
25 1345
25 1346
25 1347
25 1348
25 1349
25 1350
25 1351
25 1352
25 1353
26 1354
26 1355
26 1356
26 1357
26 1358
26 1359
26 1360
26 1361
26 1362
26 1363
26 1364
26 1365
26 1366
26 1367
26 1368
26 1369
26 1370
26 1371
26 1372
26 1373
26 1374
26 1375
26 1376
26 1377
26 1378
26 1379
26 1380
26 1381
26 1382
26 1383
26 1384
26 1385
26 1386
26 1387
26 1388
26 1389
26 1390
26 1391
26 1392
26 1393
26 1394
26 1395
26 1396
26 1397
26 1398
26 1399
26 1400
26 1401
26 1402
26 1403
26 1404
26 1405
27 1406
27 1407
27 1408
27 1409
27 1410
27 1411
27 1412
27 1413
27 1414
27 1415
27 1416
27 1417
27 1418
27 1419
27 1420
27 1421
27 1422
27 1423
27 1424
27 1425
27 1426
27 1427
27 1428
27 1429
27 1430
27 1431
27 1432
27 1433
27 1434
27 1435
27 1436
27 1437
27 1438
27 1439
27 1440
27 1441
27 1442
27 1443
27 1444
27 1445
27 1446
27 1447
27 1448
27 1449
27 1450
27 1451
27 1452
27 1453
27 1454
27 1455
27 1456
27 1457
28 1458
28 1459
28 1460
28 1461
28 1462
28 1463
28 1464
28 1465
28 1466
28 1467
28 1468
28 1469
28 1470
28 1471
28 1472
28 1473
28 1474
28 1475
28 1476
28 1477
28 1478
28 1479
28 1480
28 1481
28 1482
28 1483
28 1484
28 1485
28 1486
28 1487
28 1488
28 1489
28 1490
28 1491
28 1492
28 1493
28 1494
28 1495
28 1496
28 1497
28 1498
28 1499
28 1500
28 1501
28 1502
28 1503
28 1504
28 1505
28 1506
28 1507
28 1508
28 1509
29 1510
29 1511
29 1512
29 1513
29 1514
29 1515
29 1516
29 1517
29 1518
29 1519
29 1520
29 1521
29 1522
29 1523
29 1524
29 1525
29 1526
29 1527
29 1528
29 1529
29 1530
29 1531
29 1532
29 1533
29 1534
29 1535
29 1536
29 1537
29 1538
29 1539
29 1540
29 1541
29 1542
29 1543
29 1544
29 1545
29 1546
29 1547
29 1548
29 1549
29 1550
29 1551
29 1552
29 1553
29 1554
29 1555
29 1556
29 1557
29 1558
29 1559
29 1560
29 1561
30 1562
30 1563
30 1564
30 1565
30 1566
30 1567
30 1568
30 1569
30 1570
30 1571
30 1572
30 1573
30 1574
30 1575
30 1576
30 1577
30 1578
30 1579
30 1580
30 1581
30 1582
30 1583
30 1584
30 1585
30 1586
30 1587
30 1588
30 1589
30 1590
30 1591
30 1592
30 1593
30 1594
30 1595
30 1596
30 1597
30 1598
30 1599
30 1600
30 1601
30 1602
30 1603
30 1604
30 1605
30 1606
30 1607
30 1608
30 1609
30 1610
30 1611
30 1612
30 1613
31 1614
31 1615
31 1616
31 1617
31 1618
31 1619
31 1620
31 1621
31 1622
31 1623
31 1624
31 1625
31 1626
31 1627
31 1628
31 1629
31 1630
31 1631
31 1632
31 1633
31 1634
31 1635
31 1636
31 1637
31 1638
31 1639
31 1640
31 1641
31 1642
31 1643
31 1644
31 1645
31 1646
31 1647
31 1648
31 1649
31 1650
31 1651
31 1652
31 1653
31 1654
31 1655
31 1656
31 1657
31 1658
31 1659
31 1660
31 1661
31 1662
31 1663
31 1664
31 1665
32 1666
32 1667
32 1668
32 1669
32 1670
32 1671
32 1672
32 1673
32 1674
32 1675
32 1676
32 1677
32 1678
32 1679
32 1680
32 1681
32 1682
32 1683
32 1684
32 1685
32 1686
32 1687
32 1688
32 1689
32 1690
32 1691
32 1692
32 1693
32 1694
32 1695
32 1696
32 1697
32 1698
32 1699
32 1700
32 1701
32 1702
32 1703
32 1704
32 1705
32 1706
32 1707
32 1708
32 1709
32 1710
32 1711
32 1712
32 1713
32 1714
32 1715
32 1716
32 1717
33 1718
33 1719
33 1720
33 1721
33 1722
33 1723
33 1724
33 1725
33 1726
33 1727
33 1728
33 1729
33 1730
33 1731
33 1732
33 1733
33 1734
33 1735
33 1736
33 1737
33 1738
33 1739
33 1740
33 1741
33 1742
33 1743
33 1744
33 1745
33 1746
33 1747
33 1748
33 1749
33 1750
33 1751
33 1752
33 1753
33 1754
33 1755
33 1756
33 1757
33 1758
33 1759
33 1760
33 1761
33 1762
33 1763
33 1764
33 1765
33 1766
33 1767
33 1768
33 1769
34 1770
34 1771
34 1772
34 1773
34 1774
34 1775
34 1776
34 1777
34 1778
34 1779
34 1780
34 1781
34 1782
34 1783
34 1784
34 1785
34 1786
34 1787
34 1788
34 1789
34 1790
34 1791
34 1792
34 1793
34 1794
34 1795
34 1796
34 1797
34 1798
34 1799
34 1800
34 1801
34 1802
34 1803
34 1804
34 1805
34 1806
34 1807
34 1808
34 1809
34 1810
34 1811
34 1812
34 1813
34 1814
34 1815
34 1816
34 1817
34 1818
34 1819
34 1820
34 1821
35 1822
35 1823
35 1824
35 1825
35 1826
35 1827
35 1828
35 1829
35 1830
35 1831
35 1832
35 1833
35 1834
35 1835
35 1836
35 1837
35 1838
35 1839
35 1840
35 1841
35 1842
35 1843
35 1844
35 1845
35 1846
35 1847
35 1848
35 1849
35 1850
35 1851
35 1852
35 1853
35 1854
35 1855
35 1856
35 1857
35 1858
35 1859
35 1860
35 1861
35 1862
35 1863
35 1864
35 1865
35 1866
35 1867
35 1868
35 1869
35 1870
35 1871
35 1872
35 1873
36 1874
36 1875
36 1876
36 1877
36 1878
36 1879
36 1880
36 1881
36 1882
36 1883
36 1884
36 1885
36 1886
36 1887
36 1888
36 1889
36 1890
36 1891
36 1892
36 1893
36 1894
36 1895
36 1896
36 1897
36 1898
36 1899
36 1900
36 1901
36 1902
36 1903
36 1904
36 1905
36 1906
36 1907
36 1908
36 1909
36 1910
36 1911
36 1912
36 1913
36 1914
36 1915
36 1916
36 1917
36 1918
36 1919
36 1920
36 1921
36 1922
36 1923
36 1924
36 1925
37 1926
37 1927
37 1928
37 1929
37 1930
37 1931
37 1932
37 1933
37 1934
37 1935
37 1936
37 1937
37 1938
37 1939
37 1940
37 1941
37 1942
37 1943
37 1944
37 1945
37 1946
37 1947
37 1948
37 1949
37 1950
37 1951
37 1952
37 1953
37 1954
37 1955
37 1956
37 1957
37 1958
37 1959
37 1960
37 1961
37 1962
37 1963
37 1964
37 1965
37 1966
37 1967
37 1968
37 1969
37 1970
37 1971
37 1972
37 1973
37 1974
37 1975
37 1976
37 1977
38 1978
38 1979
38 1980
38 1981
38 1982
38 1983
38 1984
38 1985
38 1986
38 1987
38 1988
38 1989
38 1990
38 1991
38 1992
38 1993
38 1994
38 1995
38 1996
38 1997
38 1998
38 1999
38 2000
38 2001
38 2002
38 2003
38 2004
38 2005
38 2006
38 2007
38 2008
38 2009
38 2010
38 2011
38 2012
38 2013
38 2014
38 2015
38 2016
38 2017
38 2018
38 2019
38 2020
38 2021
38 2022
38 2023
38 2024
38 2025
38 2026
38 2027
38 2028
38 2029
39 2030
39 2031
39 2032
39 2033
39 2034
39 2035
39 2036
39 2037
39 2038
39 2039
39 2040
39 2041
39 2042
39 2043
39 2044
39 2045
39 2046
39 2047
39 2048
39 2049
39 2050
39 2051
39 2052
39 2053
39 2054
39 2055
39 2056
39 2057
39 2058
39 2059
39 2060
39 2061
39 2062
39 2063
39 2064
39 2065
39 2066
39 2067
39 2068
39 2069
39 2070
39 2071
39 2072
39 2073
39 2074
39 2075
39 2076
39 2077
39 2078
39 2079
39 2080
39 2081
40 2082
40 2083
40 2084
40 2085
40 2086
40 2087
40 2088
40 2089
40 2090
40 2091
40 2092
40 2093
40 2094
40 2095
40 2096
40 2097
40 2098
40 2099
40 2100
40 2101
40 2102
40 2103
40 2104
40 2105
40 2106
40 2107
40 2108
40 2109
40 2110
40 2111
40 2112
40 2113
40 2114
40 2115
40 2116
40 2117
40 2118
40 2119
40 2120
40 2121
40 2122
40 2123
40 2124
40 2125
40 2126
40 2127
40 2128
40 2129
40 2130
40 2131
40 2132
40 2133
41 2134
41 2135
41 2136
41 2137
41 2138
41 2139
41 2140
41 2141
41 2142
41 2143
41 2144
41 2145
41 2146
41 2147
41 2148
41 2149
41 2150
41 2151
41 2152
41 2153
41 2154
41 2155
41 2156
41 2157
41 2158
41 2159
41 2160
41 2161
41 2162
41 2163
41 2164
41 2165
41 2166
41 2167
41 2168
41 2169
41 2170
41 2171
41 2172
41 2173
41 2174
41 2175
41 2176
41 2177
41 2178
41 2179
41 2180
41 2181
41 2182
41 2183
41 2184
41 2185
42 2186
42 2187
42 2188
42 2189
42 2190
42 2191
42 2192
42 2193
42 2194
42 2195
42 2196
42 2197
42 2198
42 2199
42 2200
42 2201
42 2202
42 2203
42 2204
42 2205
42 2206
42 2207
42 2208
42 2209
42 2210
42 2211
42 2212
42 2213
42 2214
42 2215
42 2216
42 2217
42 2218
42 2219
42 2220
42 2221
42 2222
42 2223
42 2224
42 2225
42 2226
42 2227
42 2228
42 2229
42 2230
42 2231
42 2232
42 2233
42 2234
42 2235
42 2236
42 2237
43 2238
43 2239
43 2240
43 2241
43 2242
43 2243
43 2244
43 2245
43 2246
43 2247
43 2248
43 2249
43 2250
43 2251
43 2252
43 2253
43 2254
43 2255
43 2256
43 2257
43 2258
43 2259
43 2260
43 2261
43 2262
43 2263
43 2264
43 2265
43 2266
43 2267
43 2268
43 2269
43 2270
43 2271
43 2272
43 2273
43 2274
43 2275
43 2276
43 2277
43 2278
43 2279
43 2280
43 2281
43 2282
43 2283
43 2284
43 2285
43 2286
43 2287
43 2288
43 2289
44 2290
44 2291
44 2292
44 2293
44 2294
44 2295
44 2296
44 2297
44 2298
44 2299
44 2300
44 2301
44 2302
44 2303
44 2304
44 2305
44 2306
44 2307
44 2308
44 2309
44 2310
44 2311
44 2312
44 2313
44 2314
44 2315
44 2316
44 2317
44 2318
44 2319
44 2320
44 2321
44 2322
44 2323
44 2324
44 2325
44 2326
44 2327
44 2328
44 2329
44 2330
44 2331
44 2332
44 2333
44 2334
44 2335
44 2336
44 2337
44 2338
44 2339
44 2340
44 2341
45 2342
45 2343
45 2344
45 2345
45 2346
45 2347
45 2348
45 2349
45 2350
45 2351
45 2352
45 2353
45 2354
45 2355
45 2356
45 2357
45 2358
45 2359
45 2360
45 2361
45 2362
45 2363
45 2364
45 2365
45 2366
45 2367
45 2368
45 2369
45 2370
45 2371
45 2372
45 2373
45 2374
45 2375
45 2376
45 2377
45 2378
45 2379
45 2380
45 2381
45 2382
45 2383
45 2384
45 2385
45 2386
45 2387
45 2388
45 2389
45 2390
45 2391
45 2392
45 2393
46 2394
46 2395
46 2396
46 2397
46 2398
46 2399
46 2400
46 2401
46 2402
46 2403
46 2404
46 2405
46 2406
46 2407
46 2408
46 2409
46 2410
46 2411
46 2412
46 2413
46 2414
46 2415
46 2416
46 2417
46 2418
46 2419
46 2420
46 2421
46 2422
46 2423
46 2424
46 2425
46 2426
46 2427
46 2428
46 2429
46 2430
46 2431
46 2432
46 2433
46 2434
46 2435
46 2436
46 2437
46 2438
46 2439
46 2440
46 2441
46 2442
46 2443
46 2444
46 2445
47 2446
47 2447
47 2448
47 2449
47 2450
47 2451
47 2452
47 2453
47 2454
47 2455
47 2456
47 2457
47 2458
47 2459
47 2460
47 2461
47 2462
47 2463
47 2464
47 2465
47 2466
47 2467
47 2468
47 2469
47 2470
47 2471
47 2472
47 2473
47 2474
47 2475
47 2476
47 2477
47 2478
47 2479
47 2480
47 2481
47 2482
47 2483
47 2484
47 2485
47 2486
47 2487
47 2488
47 2489
47 2490
47 2491
47 2492
47 2493
47 2494
47 2495
47 2496
47 2497
48 2498
48 2499
48 2500
48 2501
48 2502
48 2503
48 2504
48 2505
48 2506
48 2507
48 2508
48 2509
48 2510
48 2511
48 2512
48 2513
48 2514
48 2515
48 2516
48 2517
48 2518
48 2519
48 2520
48 2521
48 2522
48 2523
48 2524
48 2525
48 2526
48 2527
48 2528
48 2529
48 2530
48 2531
48 2532
48 2533
48 2534
48 2535
48 2536
48 2537
48 2538
48 2539
48 2540
48 2541
48 2542
48 2543
48 2544
48 2545
48 2546
48 2547
48 2548
48 2549
49 2550
49 2551
49 2552
49 2553
49 2554
49 2555
49 2556
49 2557
49 2558
49 2559
49 2560
49 2561
49 2562
49 2563
49 2564
49 2565
49 2566
49 2567
49 2568
49 2569
49 2570
49 2571
49 2572
49 2573
49 2574
49 2575
49 2576
49 2577
49 2578
49 2579
49 2580
49 2581
49 2582
49 2583
49 2584
49 2585
49 2586
49 2587
49 2588
49 2589
49 2590
49 2591
49 2592
49 2593
49 2594
49 2595
49 2596
49 2597
49 2598
49 2599
49 2600
49 2601
50 2602
50 2603
50 2604
50 2605
50 2606
50 2607
50 2608
50 2609
50 2610
50 2611
50 2612
50 2613
50 2614
50 2615
50 2616
50 2617
50 2618
50 2619
50 2620
50 2621
50 2622
50 2623
50 2624
50 2625
50 2626
50 2627
50 2628
50 2629
50 2630
50 2631
50 2632
50 2633
50 2634
50 2635
50 2636
50 2637
50 2638
50 2639
50 2640
50 2641
50 2642
50 2643
50 2644
50 2645
50 2646
50 2647
50 2648
50 2649
50 2650
50 2651
50 2652
50 2653
51 2654
51 2655
51 2656
51 2657
51 2658
51 2659
51 2660
51 2661
51 2662
51 2663
51 2664
51 2665
51 2666
51 2667
51 2668
51 2669
51 2670
51 2671
51 2672
51 2673
51 2674
51 2675
51 2676
51 2677
51 2678
51 2679
51 2680
51 2681
51 2682
51 2683
51 2684
51 2685
51 2686
51 2687
51 2688
51 2689
51 2690
51 2691
51 2692
51 2693
51 2694
51 2695
51 2696
51 2697
51 2698
51 2699
51 2700
51 2701
51 2702
51 2703
51 2704
51 2705
52 2706
52 2707
52 2708
52 2709
52 2710
52 2711
52 2712
52 2713
52 2714
52 2715
52 2716
52 2717
52 2718
52 2719
52 2720
52 2721
52 2722
52 2723
52 2724
52 2725
52 2726
52 2727
52 2728
52 2729
52 2730
52 2731
52 2732
52 2733
52 2734
52 2735
52 2736
52 2737
52 2738
52 2739
52 2740
52 2741
52 2742
52 2743
52 2744
52 2745
52 2746
52 2747
52 2748
52 2749
52 2750
52 2751
52 2752
52 2753
52 2754
52 2755
52 2756
52 2757
53 2758
53 2759
53 2760
53 2761
53 2762
53 2763
53 2764
53 2765
53 2766
53 2767
53 2768
53 2769
53 2770
53 2771
53 2772
53 2773
53 2774
53 2775
53 2776
53 2777
53 2778
53 2779
53 2780
53 2781
53 2782
53 2783
53 2784
53 2785
53 2786
53 2787
53 2788
53 2789
53 2790
53 2791
53 2792
53 2793
53 2794
53 2795
53 2796
53 2797
53 2798
53 2799
53 2800
53 2801
53 2802
53 2803
53 2804
53 2805
53 2806
53 2807
53 2808
53 2809
54 2810
54 2811
54 2812
54 2813
54 2814
54 2815
54 2816
54 2817
54 2818
54 2819
54 2820
54 2821
54 2822
54 2823
54 2824
54 2825
54 2826
54 2827
54 2828
54 2829
54 2830
54 2831
54 2832
54 2833
54 2834
54 2835
54 2836
54 2837
54 2838
54 2839
54 2840
54 2841
54 2842
54 2843
54 2844
54 2845
54 2846
54 2847
54 2848
54 2849
54 2850
54 2851
54 2852
54 2853
54 2854
54 2855
54 2856
54 2857
54 2858
54 2859
54 2860
54 2861
54 2862
54 2863
54 2864
54 2865
54 2866
54 2867
54 2868
54 2869
54 2870
54 2871
54 2872
54 2873
54 2874
54 2875
54 2876
54 2877
54 2878
54 2879
54 2880
54 2881
54 2882
54 2883
54 2884
54 2885
54 2886
54 2887
54 2888
54 2889
54 2890
54 2891
54 2892
54 2893
54 2894
54 2895
54 2896
54 2897
54 2898
54 2899
54 2900
54 2901
54 2902
54 2903
54 2904
54 2905
54 2906
54 2907
54 2908
54 2909
54 2910
54 2911
54 2912
54 2913
106 2914
106 2915
106 2916
106 2917
106 2918
106 2919
106 2920
106 2921
106 2922
106 2923
106 2924
106 2925
106 2926
106 2927
106 2928
106 2929
106 2930
106 2931
106 2932
106 2933
106 2934
106 2935
106 2936
106 2937
106 2938
106 2939
106 2940
106 2941
106 2942
106 2943
106 2944
106 2945
106 2946
106 2947
106 2948
106 2949
106 2950
106 2951
106 2952
106 2953
106 2954
106 2955
106 2956
106 2957
106 2958
106 2959
106 2960
106 2961
106 2962
106 2963
106 2964
106 2965
106 2966
106 2967
106 2968
106 2969
106 2970
106 2971
106 2972
106 2973
106 2974
106 2975
106 2976
106 2977
106 2978
106 2979
106 2980
106 2981
106 2982
106 2983
106 2984
106 2985
106 2986
106 2987
106 2988
106 2989
106 2990
106 2991
106 2992
106 2993
106 2994
106 2995
106 2996
106 2997
106 2998
106 2999
106 3000
106 3001
106 3002
106 3003
106 3004
106 3005
106 3006
106 3007
106 3008
106 3009
106 3010
106 3011
106 3012
106 3013
106 3014
106 3015
106 3016
106 3017
158 3018
158 3019
158 3020
158 3021
158 3022
158 3023
158 3024
158 3025
158 3026
158 3027
158 3028
158 3029
158 3030
158 3031
158 3032
158 3033
158 3034
158 3035
158 3036
158 3037
158 3038
158 3039
158 3040
158 3041
158 3042
158 3043
158 3044
158 3045
158 3046
158 3047
158 3048
158 3049
158 3050
158 3051
158 3052
158 3053
158 3054
158 3055
158 3056
158 3057
158 3058
158 3059
158 3060
158 3061
158 3062
158 3063
158 3064
158 3065
158 3066
158 3067
158 3068
158 3069
158 3070
158 3071
158 3072
158 3073
158 3074
158 3075
158 3076
158 3077
158 3078
158 3079
158 3080
158 3081
158 3082
158 3083
158 3084
158 3085
158 3086
158 3087
158 3088
158 3089
158 3090
158 3091
158 3092
158 3093
158 3094
158 3095
158 3096
158 3097
158 3098
158 3099
158 3100
158 3101
158 3102
158 3103
158 3104
158 3105
158 3106
158 3107
158 3108
158 3109
158 3110
158 3111
158 3112
158 3113
158 3114
158 3115
158 3116
158 3117
158 3118
158 3119
158 3120
158 3121
210 3122
210 3123
210 3124
210 3125
210 3126
210 3127
210 3128
210 3129
210 3130
210 3131
210 3132
210 3133
210 3134
210 3135
210 3136
210 3137
210 3138
210 3139
210 3140
210 3141
210 3142
210 3143
210 3144
210 3145
210 3146
210 3147
210 3148
210 3149
210 3150
210 3151
210 3152
210 3153
210 3154
210 3155
210 3156
210 3157
210 3158
210 3159
210 3160
210 3161
210 3162
210 3163
210 3164
210 3165
210 3166
210 3167
210 3168
210 3169
210 3170
210 3171
210 3172
210 3173
210 3174
210 3175
210 3176
210 3177
210 3178
210 3179
210 3180
210 3181
210 3182
210 3183
210 3184
210 3185
210 3186
210 3187
210 3188
210 3189
210 3190
210 3191
210 3192
210 3193
210 3194
210 3195
210 3196
210 3197
210 3198
210 3199
210 3200
210 3201
210 3202
210 3203
210 3204
210 3205
210 3206
210 3207
210 3208
210 3209
210 3210
210 3211
210 3212
210 3213
210 3214
210 3215
210 3216
210 3217
210 3218
210 3219
210 3220
210 3221
210 3222
210 3223
210 3224
210 3225
262 3226
262 3227
262 3228
262 3229
262 3230
262 3231
262 3232
262 3233
262 3234
262 3235
262 3236
262 3237
262 3238
262 3239
262 3240
262 3241
262 3242
262 3243
262 3244
262 3245
262 3246
262 3247
262 3248
262 3249
262 3250
262 3251
262 3252
262 3253
262 3254
262 3255
262 3256
262 3257
262 3258
262 3259
262 3260
262 3261
262 3262
262 3263
262 3264
262 3265
262 3266
262 3267
262 3268
262 3269
262 3270
262 3271
262 3272
262 3273
262 3274
262 3275
262 3276
262 3277
262 3278
262 3279
262 3280
262 3281
262 3282
262 3283
262 3284
262 3285
262 3286
262 3287
262 3288
262 3289
262 3290
262 3291
262 3292
262 3293
262 3294
262 3295
262 3296
262 3297
262 3298
262 3299
262 3300
262 3301
262 3302
262 3303
262 3304
262 3305
262 3306
262 3307
262 3308
262 3309
262 3310
262 3311
262 3312
262 3313
262 3314
262 3315
262 3316
262 3317
262 3318
262 3319
262 3320
262 3321
262 3322
262 3323
262 3324
262 3325
262 3326
262 3327
262 3328
262 3329
314 3330
314 3331
314 3332
314 3333
314 3334
314 3335
314 3336
314 3337
314 3338
314 3339
314 3340
314 3341
314 3342
314 3343
314 3344
314 3345
314 3346
314 3347
314 3348
314 3349
314 3350
314 3351
314 3352
314 3353
314 3354
314 3355
314 3356
314 3357
314 3358
314 3359
314 3360
314 3361
314 3362
314 3363
314 3364
314 3365
314 3366
314 3367
314 3368
314 3369
314 3370
314 3371
314 3372
314 3373
314 3374
314 3375
314 3376
314 3377
314 3378
314 3379
314 3380
314 3381
314 3382
314 3383
314 3384
314 3385
314 3386
314 3387
314 3388
314 3389
314 3390
314 3391
314 3392
314 3393
314 3394
314 3395
314 3396
314 3397
314 3398
314 3399
314 3400
314 3401
314 3402
314 3403
314 3404
314 3405
314 3406
314 3407
314 3408
314 3409
314 3410
314 3411
314 3412
314 3413
314 3414
314 3415
314 3416
314 3417
314 3418
314 3419
314 3420
314 3421
314 3422
314 3423
314 3424
314 3425
314 3426
314 3427
314 3428
314 3429
314 3430
314 3431
314 3432
314 3433
366 3434
366 3435
366 3436
366 3437
366 3438
366 3439
366 3440
366 3441
366 3442
366 3443
366 3444
366 3445
366 3446
366 3447
366 3448
366 3449
366 3450
366 3451
366 3452
366 3453
366 3454
366 3455
366 3456
366 3457
366 3458
366 3459
366 3460
366 3461
366 3462
366 3463
366 3464
366 3465
366 3466
366 3467
366 3468
366 3469
366 3470
366 3471
366 3472
366 3473
366 3474
366 3475
366 3476
366 3477
366 3478
366 3479
366 3480
366 3481
366 3482
366 3483
366 3484
366 3485
366 3486
366 3487
366 3488
366 3489
366 3490
366 3491
366 3492
366 3493
366 3494
366 3495
366 3496
366 3497
366 3498
366 3499
366 3500
366 3501
366 3502
366 3503
366 3504
366 3505
366 3506
366 3507
366 3508
366 3509
366 3510
366 3511
366 3512
366 3513
366 3514
366 3515
366 3516
366 3517
366 3518
366 3519
366 3520
366 3521
366 3522
366 3523
366 3524
366 3525
366 3526
366 3527
366 3528
366 3529
366 3530
366 3531
366 3532
366 3533
366 3534
366 3535
366 3536
366 3537
418 3538
418 3539
418 3540
418 3541
418 3542
418 3543
418 3544
418 3545
418 3546
418 3547
418 3548
418 3549
418 3550
418 3551
418 3552
418 3553
418 3554
418 3555
418 3556
418 3557
418 3558
418 3559
418 3560
418 3561
418 3562
418 3563
418 3564
418 3565
418 3566
418 3567
418 3568
418 3569
418 3570
418 3571
418 3572
418 3573
418 3574
418 3575
418 3576
418 3577
418 3578
418 3579
418 3580
418 3581
418 3582
418 3583
418 3584
418 3585
418 3586
418 3587
418 3588
418 3589
418 3590
418 3591
418 3592
418 3593
418 3594
418 3595
418 3596
418 3597
418 3598
418 3599
418 3600
418 3601
418 3602
418 3603
418 3604
418 3605
418 3606
418 3607
418 3608
418 3609
418 3610
418 3611
418 3612
418 3613
418 3614
418 3615
418 3616
418 3617
418 3618
418 3619
418 3620
418 3621
418 3622
418 3623
418 3624
418 3625
418 3626
418 3627
418 3628
418 3629
418 3630
418 3631
418 3632
418 3633
418 3634
418 3635
418 3636
418 3637
418 3638
418 3639
418 3640
418 3641
470 3642
470 3643
470 3644
470 3645
470 3646
470 3647
470 3648
470 3649
470 3650
470 3651
470 3652
470 3653
470 3654
470 3655
470 3656
470 3657
470 3658
470 3659
470 3660
470 3661
470 3662
470 3663
470 3664
470 3665
470 3666
470 3667
470 3668
470 3669
470 3670
470 3671
470 3672
470 3673
470 3674
470 3675
470 3676
470 3677
470 3678
470 3679
470 3680
470 3681
470 3682
470 3683
470 3684
470 3685
470 3686
470 3687
470 3688
470 3689
470 3690
470 3691
470 3692
470 3693
470 3694
470 3695
470 3696
470 3697
470 3698
470 3699
470 3700
470 3701
470 3702
470 3703
470 3704
470 3705
470 3706
470 3707
470 3708
470 3709
470 3710
470 3711
470 3712
470 3713
470 3714
470 3715
470 3716
470 3717
470 3718
470 3719
470 3720
470 3721
470 3722
470 3723
470 3724
470 3725
470 3726
470 3727
470 3728
470 3729
470 3730
470 3731
470 3732
470 3733
470 3734
470 3735
470 3736
470 3737
470 3738
470 3739
470 3740
470 3741
470 3742
470 3743
470 3744
470 3745
522 3746
522 3747
522 3748
522 3749
522 3750
522 3751
522 3752
522 3753
522 3754
522 3755
522 3756
522 3757
522 3758
522 3759
522 3760
522 3761
522 3762
522 3763
522 3764
522 3765
522 3766
522 3767
522 3768
522 3769
522 3770
522 3771
522 3772
522 3773
522 3774
522 3775
522 3776
522 3777
522 3778
522 3779
522 3780
522 3781
522 3782
522 3783
522 3784
522 3785
522 3786
522 3787
522 3788
522 3789
522 3790
522 3791
522 3792
522 3793
522 3794
522 3795
522 3796
522 3797
522 3798
522 3799
522 3800
522 3801
522 3802
522 3803
522 3804
522 3805
522 3806
522 3807
522 3808
522 3809
522 3810
522 3811
522 3812
522 3813
522 3814
522 3815
522 3816
522 3817
522 3818
522 3819
522 3820
522 3821
522 3822
522 3823
522 3824
522 3825
522 3826
522 3827
522 3828
522 3829
522 3830
522 3831
522 3832
522 3833
522 3834
522 3835
522 3836
522 3837
522 3838
522 3839
522 3840
522 3841
522 3842
522 3843
522 3844
522 3845
522 3846
522 3847
522 3848
522 3849
574 3850
574 3851
574 3852
574 3853
574 3854
574 3855
574 3856
574 3857
574 3858
574 3859
574 3860
574 3861
574 3862
574 3863
574 3864
574 3865
574 3866
574 3867
574 3868
574 3869
574 3870
574 3871
574 3872
574 3873
574 3874
574 3875
574 3876
574 3877
574 3878
574 3879
574 3880
574 3881
574 3882
574 3883
574 3884
574 3885
574 3886
574 3887
574 3888
574 3889
574 3890
574 3891
574 3892
574 3893
574 3894
574 3895
574 3896
574 3897
574 3898
574 3899
574 3900
574 3901
574 3902
574 3903
574 3904
574 3905
574 3906
574 3907
574 3908
574 3909
574 3910
574 3911
574 3912
574 3913
574 3914
574 3915
574 3916
574 3917
574 3918
574 3919
574 3920
574 3921
574 3922
574 3923
574 3924
574 3925
574 3926
574 3927
574 3928
574 3929
574 3930
574 3931
574 3932
574 3933
574 3934
574 3935
574 3936
574 3937
574 3938
574 3939
574 3940
574 3941
574 3942
574 3943
574 3944
574 3945
574 3946
574 3947
574 3948
574 3949
574 3950
574 3951
574 3952
574 3953
626 3954
626 3955
626 3956
626 3957
626 3958
626 3959
626 3960
626 3961
626 3962
626 3963
626 3964
626 3965
626 3966
626 3967
626 3968
626 3969
626 3970
626 3971
626 3972
626 3973
626 3974
626 3975
626 3976
626 3977
626 3978
626 3979
626 3980
626 3981
626 3982
626 3983
626 3984
626 3985
626 3986
626 3987
626 3988
626 3989
626 3990
626 3991
626 3992
626 3993
626 3994
626 3995
626 3996
626 3997
626 3998
626 3999
626 4000
626 4001
626 4002
626 4003
626 4004
626 4005
626 4006
626 4007
626 4008
626 4009
626 4010
626 4011
626 4012
626 4013
626 4014
626 4015
626 4016
626 4017
626 4018
626 4019
626 4020
626 4021
626 4022
626 4023
626 4024
626 4025
626 4026
626 4027
626 4028
626 4029
626 4030
626 4031
626 4032
626 4033
626 4034
626 4035
626 4036
626 4037
626 4038
626 4039
626 4040
626 4041
626 4042
626 4043
626 4044
626 4045
626 4046
626 4047
626 4048
626 4049
626 4050
626 4051
626 4052
626 4053
626 4054
626 4055
626 4056
626 4057
678 4058
678 4059
678 4060
678 4061
678 4062
678 4063
678 4064
678 4065
678 4066
678 4067
678 4068
678 4069
678 4070
678 4071
678 4072
678 4073
678 4074
678 4075
678 4076
678 4077
678 4078
678 4079
678 4080
678 4081
678 4082
678 4083
678 4084
678 4085
678 4086
678 4087
678 4088
678 4089
678 4090
678 4091
678 4092
678 4093
678 4094
678 4095
678 4096
678 4097
678 4098
678 4099
678 4100
678 4101
678 4102
678 4103
678 4104
678 4105
678 4106
678 4107
678 4108
678 4109
678 4110
678 4111
678 4112
678 4113
678 4114
678 4115
678 4116
678 4117
678 4118
678 4119
678 4120
678 4121
678 4122
678 4123
678 4124
678 4125
678 4126
678 4127
678 4128
678 4129
678 4130
678 4131
678 4132
678 4133
678 4134
678 4135
678 4136
678 4137
678 4138
678 4139
678 4140
678 4141
678 4142
678 4143
678 4144
678 4145
678 4146
678 4147
678 4148
678 4149
678 4150
678 4151
678 4152
678 4153
678 4154
678 4155
678 4156
678 4157
678 4158
678 4159
678 4160
678 4161
730 4162
730 4163
730 4164
730 4165
730 4166
730 4167
730 4168
730 4169
730 4170
730 4171
730 4172
730 4173
730 4174
730 4175
730 4176
730 4177
730 4178
730 4179
730 4180
730 4181
730 4182
730 4183
730 4184
730 4185
730 4186
730 4187
730 4188
730 4189
730 4190
730 4191
730 4192
730 4193
730 4194
730 4195
730 4196
730 4197
730 4198
730 4199
730 4200
730 4201
730 4202
730 4203
730 4204
730 4205
730 4206
730 4207
730 4208
730 4209
730 4210
730 4211
730 4212
730 4213
730 4214
730 4215
730 4216
730 4217
730 4218
730 4219
730 4220
730 4221
730 4222
730 4223
730 4224
730 4225
730 4226
730 4227
730 4228
730 4229
730 4230
730 4231
730 4232
730 4233
730 4234
730 4235
730 4236
730 4237
730 4238
730 4239
730 4240
730 4241
730 4242
730 4243
730 4244
730 4245
730 4246
730 4247
730 4248
730 4249
730 4250
730 4251
730 4252
730 4253
730 4254
730 4255
730 4256
730 4257
730 4258
730 4259
730 4260
730 4261
730 4262
730 4263
730 4264
730 4265
782 4266
782 4267
782 4268
782 4269
782 4270
782 4271
782 4272
782 4273
782 4274
782 4275
782 4276
782 4277
782 4278
782 4279
782 4280
782 4281
782 4282
782 4283
782 4284
782 4285
782 4286
782 4287
782 4288
782 4289
782 4290
782 4291
782 4292
782 4293
782 4294
782 4295
782 4296
782 4297
782 4298
782 4299
782 4300
782 4301
782 4302
782 4303
782 4304
782 4305
782 4306
782 4307
782 4308
782 4309
782 4310
782 4311
782 4312
782 4313
782 4314
782 4315
782 4316
782 4317
782 4318
782 4319
782 4320
782 4321
782 4322
782 4323
782 4324
782 4325
782 4326
782 4327
782 4328
782 4329
782 4330
782 4331
782 4332
782 4333
782 4334
782 4335
782 4336
782 4337
782 4338
782 4339
782 4340
782 4341
782 4342
782 4343
782 4344
782 4345
782 4346
782 4347
782 4348
782 4349
782 4350
782 4351
782 4352
782 4353
782 4354
782 4355
782 4356
782 4357
782 4358
782 4359
782 4360
782 4361
782 4362
782 4363
782 4364
782 4365
782 4366
782 4367
782 4368
782 4369
834 4370
834 4371
834 4372
834 4373
834 4374
834 4375
834 4376
834 4377
834 4378
834 4379
834 4380
834 4381
834 4382
834 4383
834 4384
834 4385
834 4386
834 4387
834 4388
834 4389
834 4390
834 4391
834 4392
834 4393
834 4394
834 4395
834 4396
834 4397
834 4398
834 4399
834 4400
834 4401
834 4402
834 4403
834 4404
834 4405
834 4406
834 4407
834 4408
834 4409
834 4410
834 4411
834 4412
834 4413
834 4414
834 4415
834 4416
834 4417
834 4418
834 4419
834 4420
834 4421
834 4422
834 4423
834 4424
834 4425
834 4426
834 4427
834 4428
834 4429
834 4430
834 4431
834 4432
834 4433
834 4434
834 4435
834 4436
834 4437
834 4438
834 4439
834 4440
834 4441
834 4442
834 4443
834 4444
834 4445
834 4446
834 4447
834 4448
834 4449
834 4450
834 4451
834 4452
834 4453
834 4454
834 4455
834 4456
834 4457
834 4458
834 4459
834 4460
834 4461
834 4462
834 4463
834 4464
834 4465
834 4466
834 4467
834 4468
834 4469
834 4470
834 4471
834 4472
834 4473
886 4474
886 4475
886 4476
886 4477
886 4478
886 4479
886 4480
886 4481
886 4482
886 4483
886 4484
886 4485
886 4486
886 4487
886 4488
886 4489
886 4490
886 4491
886 4492
886 4493
886 4494
886 4495
886 4496
886 4497
886 4498
886 4499
886 4500
886 4501
886 4502
886 4503
886 4504
886 4505
886 4506
886 4507
886 4508
886 4509
886 4510
886 4511
886 4512
886 4513
886 4514
886 4515
886 4516
886 4517
886 4518
886 4519
886 4520
886 4521
886 4522
886 4523
886 4524
886 4525
886 4526
886 4527
886 4528
886 4529
886 4530
886 4531
886 4532
886 4533
886 4534
886 4535
886 4536
886 4537
886 4538
886 4539
886 4540
886 4541
886 4542
886 4543
886 4544
886 4545
886 4546
886 4547
886 4548
886 4549
886 4550
886 4551
886 4552
886 4553
886 4554
886 4555
886 4556
886 4557
886 4558
886 4559
886 4560
886 4561
886 4562
886 4563
886 4564
886 4565
886 4566
886 4567
886 4568
886 4569
886 4570
886 4571
886 4572
886 4573
886 4574
886 4575
886 4576
886 4577
938 4578
938 4579
938 4580
938 4581
938 4582
938 4583
938 4584
938 4585
938 4586
938 4587
938 4588
938 4589
938 4590
938 4591
938 4592
938 4593
938 4594
938 4595
938 4596
938 4597
938 4598
938 4599
938 4600
938 4601
938 4602
938 4603
938 4604
938 4605
938 4606
938 4607
938 4608
938 4609
938 4610
938 4611
938 4612
938 4613
938 4614
938 4615
938 4616
938 4617
938 4618
938 4619
938 4620
938 4621
938 4622
938 4623
938 4624
938 4625
938 4626
938 4627
938 4628
938 4629
938 4630
938 4631
938 4632
938 4633
938 4634
938 4635
938 4636
938 4637
938 4638
938 4639
938 4640
938 4641
938 4642
938 4643
938 4644
938 4645
938 4646
938 4647
938 4648
938 4649
938 4650
938 4651
938 4652
938 4653
938 4654
938 4655
938 4656
938 4657
938 4658
938 4659
938 4660
938 4661
938 4662
938 4663
938 4664
938 4665
938 4666
938 4667
938 4668
938 4669
938 4670
938 4671
938 4672
938 4673
938 4674
938 4675
938 4676
938 4677
938 4678
938 4679
938 4680
938 4681
990 4682
990 4683
990 4684
990 4685
990 4686
990 4687
990 4688
990 4689
990 4690
990 4691
990 4692
990 4693
990 4694
990 4695
990 4696
990 4697
990 4698
990 4699
990 4700
990 4701
990 4702
990 4703
990 4704
990 4705
990 4706
990 4707
990 4708
990 4709
990 4710
990 4711
990 4712
990 4713
990 4714
990 4715
990 4716
990 4717
990 4718
990 4719
990 4720
990 4721
990 4722
990 4723
990 4724
990 4725
990 4726
990 4727
990 4728
990 4729
990 4730
990 4731
990 4732
990 4733
990 4734
990 4735
990 4736
990 4737
990 4738
990 4739
990 4740
990 4741
990 4742
990 4743
990 4744
990 4745
990 4746
990 4747
990 4748
990 4749
990 4750
990 4751
990 4752
990 4753
990 4754
990 4755
990 4756
990 4757
990 4758
990 4759
990 4760
990 4761
990 4762
990 4763
990 4764
990 4765
990 4766
990 4767
990 4768
990 4769
990 4770
990 4771
990 4772
990 4773
990 4774
990 4775
990 4776
990 4777
990 4778
990 4779
990 4780
990 4781
990 4782
990 4783
990 4784
990 4785
1042 4786
1042 4787
1042 4788
1042 4789
1042 4790
1042 4791
1042 4792
1042 4793
1042 4794
1042 4795
1042 4796
1042 4797
1042 4798
1042 4799
1042 4800
1042 4801
1042 4802
1042 4803
1042 4804
1042 4805
1042 4806
1042 4807
1042 4808
1042 4809
1042 4810
1042 4811
1042 4812
1042 4813
1042 4814
1042 4815
1042 4816
1042 4817
1042 4818
1042 4819
1042 4820
1042 4821
1042 4822
1042 4823
1042 4824
1042 4825
1042 4826
1042 4827
1042 4828
1042 4829
1042 4830
1042 4831
1042 4832
1042 4833
1042 4834
1042 4835
1042 4836
1042 4837
1042 4838
1042 4839
1042 4840
1042 4841
1042 4842
1042 4843
1042 4844
1042 4845
1042 4846
1042 4847
1042 4848
1042 4849
1042 4850
1042 4851
1042 4852
1042 4853
1042 4854
1042 4855
1042 4856
1042 4857
1042 4858
1042 4859
1042 4860
1042 4861
1042 4862
1042 4863
1042 4864
1042 4865
1042 4866
1042 4867
1042 4868
1042 4869
1042 4870
1042 4871
1042 4872
1042 4873
1042 4874
1042 4875
1042 4876
1042 4877
1042 4878
1042 4879
1042 4880
1042 4881
1042 4882
1042 4883
1042 4884
1042 4885
1042 4886
1042 4887
1042 4888
1042 4889
1094 4890
1094 4891
1094 4892
1094 4893
1094 4894
1094 4895
1094 4896
1094 4897
1094 4898
1094 4899
1094 4900
1094 4901
1094 4902
1094 4903
1094 4904
1094 4905
1094 4906
1094 4907
1094 4908
1094 4909
1094 4910
1094 4911
1094 4912
1094 4913
1094 4914
1094 4915
1094 4916
1094 4917
1094 4918
1094 4919
1094 4920
1094 4921
1094 4922
1094 4923
1094 4924
1094 4925
1094 4926
1094 4927
1094 4928
1094 4929
1094 4930
1094 4931
1094 4932
1094 4933
1094 4934
1094 4935
1094 4936
1094 4937
1094 4938
1094 4939
1094 4940
1094 4941
1094 4942
1094 4943
1094 4944
1094 4945
1094 4946
1094 4947
1094 4948
1094 4949
1094 4950
1094 4951
1094 4952
1094 4953
1094 4954
1094 4955
1094 4956
1094 4957
1094 4958
1094 4959
1094 4960
1094 4961
1094 4962
1094 4963
1094 4964
1094 4965
1094 4966
1094 4967
1094 4968
1094 4969
1094 4970
1094 4971
1094 4972
1094 4973
1094 4974
1094 4975
1094 4976
1094 4977
1094 4978
1094 4979
1094 4980
1094 4981
1094 4982
1094 4983
1094 4984
1094 4985
1094 4986
1094 4987
1094 4988
1094 4989
1094 4990
1094 4991
1094 4992
1094 4993
1146 4994
1146 4995
1146 4996
1146 4997
1146 4998
1146 4999
1146 5000
1146 5001
1146 5002
1146 5003
1146 5004
1146 5005
1146 5006
1146 5007
1146 5008
1146 5009
1146 5010
1146 5011
1146 5012
1146 5013
1146 5014
1146 5015
1146 5016
1146 5017
1146 5018
1146 5019
1146 5020
1146 5021
1146 5022
1146 5023
1146 5024
1146 5025
1146 5026
1146 5027
1146 5028
1146 5029
1146 5030
1146 5031
1146 5032
1146 5033
1146 5034
1146 5035
1146 5036
1146 5037
1146 5038
1146 5039
1146 5040
1146 5041
1146 5042
1146 5043
1146 5044
1146 5045
1146 5046
1146 5047
1146 5048
1146 5049
1146 5050
1146 5051
1146 5052
1146 5053
1146 5054
1146 5055
1146 5056
1146 5057
1146 5058
1146 5059
1146 5060
1146 5061
1146 5062
1146 5063
1146 5064
1146 5065
1146 5066
1146 5067
1146 5068
1146 5069
1146 5070
1146 5071
1146 5072
1146 5073
1146 5074
1146 5075
1146 5076
1146 5077
1146 5078
1146 5079
1146 5080
1146 5081
1146 5082
1146 5083
1146 5084
1146 5085
1146 5086
1146 5087
1146 5088
1146 5089
1146 5090
1146 5091
1146 5092
1146 5093
1146 5094
1146 5095
1146 5096
1146 5097
1198 5098
1198 5099
1198 5100
1198 5101
1198 5102
1198 5103
1198 5104
1198 5105
1198 5106
1198 5107
1198 5108
1198 5109
1198 5110
1198 5111
1198 5112
1198 5113
1198 5114
1198 5115
1198 5116
1198 5117
1198 5118
1198 5119
1198 5120
1198 5121
1198 5122
1198 5123
1198 5124
1198 5125
1198 5126
1198 5127
1198 5128
1198 5129
1198 5130
1198 5131
1198 5132
1198 5133
1198 5134
1198 5135
1198 5136
1198 5137
1198 5138
1198 5139
1198 5140
1198 5141
1198 5142
1198 5143
1198 5144
1198 5145
1198 5146
1198 5147
1198 5148
1198 5149
1198 5150
1198 5151
1198 5152
1198 5153
1198 5154
1198 5155
1198 5156
1198 5157
1198 5158
1198 5159
1198 5160
1198 5161
1198 5162
1198 5163
1198 5164
1198 5165
1198 5166
1198 5167
1198 5168
1198 5169
1198 5170
1198 5171
1198 5172
1198 5173
1198 5174
1198 5175
1198 5176
1198 5177
1198 5178
1198 5179
1198 5180
1198 5181
1198 5182
1198 5183
1198 5184
1198 5185
1198 5186
1198 5187
1198 5188
1198 5189
1198 5190
1198 5191
1198 5192
1198 5193
1198 5194
1198 5195
1198 5196
1198 5197
1198 5198
1198 5199
1198 5200
1198 5201
1250 5202
1250 5203
1250 5204
1250 5205
1250 5206
1250 5207
1250 5208
1250 5209
1250 5210
1250 5211
1250 5212
1250 5213
1250 5214
1250 5215
1250 5216
1250 5217
1250 5218
1250 5219
1250 5220
1250 5221
1250 5222
1250 5223
1250 5224
1250 5225
1250 5226
1250 5227
1250 5228
1250 5229
1250 5230
1250 5231
1250 5232
1250 5233
1250 5234
1250 5235
1250 5236
1250 5237
1250 5238
1250 5239
1250 5240
1250 5241
1250 5242
1250 5243
1250 5244
1250 5245
1250 5246
1250 5247
1250 5248
1250 5249
1250 5250
1250 5251
1250 5252
1250 5253
1250 5254
1250 5255
1250 5256
1250 5257
1250 5258
1250 5259
1250 5260
1250 5261
1250 5262
1250 5263
1250 5264
1250 5265
1250 5266
1250 5267
1250 5268
1250 5269
1250 5270
1250 5271
1250 5272
1250 5273
1250 5274
1250 5275
1250 5276
1250 5277
1250 5278
1250 5279
1250 5280
1250 5281
1250 5282
1250 5283
1250 5284
1250 5285
1250 5286
1250 5287
1250 5288
1250 5289
1250 5290
1250 5291
1250 5292
1250 5293
1250 5294
1250 5295
1250 5296
1250 5297
1250 5298
1250 5299
1250 5300
1250 5301
1250 5302
1250 5303
1250 5304
1250 5305
1302 5306
1302 5307
1302 5308
1302 5309
1302 5310
1302 5311
1302 5312
1302 5313
1302 5314
1302 5315
1302 5316
1302 5317
1302 5318
1302 5319
1302 5320
1302 5321
1302 5322
1302 5323
1302 5324
1302 5325
1302 5326
1302 5327
1302 5328
1302 5329
1302 5330
1302 5331
1302 5332
1302 5333
1302 5334
1302 5335
1302 5336
1302 5337
1302 5338
1302 5339
1302 5340
1302 5341
1302 5342
1302 5343
1302 5344
1302 5345
1302 5346
1302 5347
1302 5348
1302 5349
1302 5350
1302 5351
1302 5352
1302 5353
1302 5354
1302 5355
1302 5356
1302 5357
1302 5358
1302 5359
1302 5360
1302 5361
1302 5362
1302 5363
1302 5364
1302 5365
1302 5366
1302 5367
1302 5368
1302 5369
1302 5370
1302 5371
1302 5372
1302 5373
1302 5374
1302 5375
1302 5376
1302 5377
1302 5378
1302 5379
1302 5380
1302 5381
1302 5382
1302 5383
1302 5384
1302 5385
1302 5386
1302 5387
1302 5388
1302 5389
1302 5390
1302 5391
1302 5392
1302 5393
1302 5394
1302 5395
1302 5396
1302 5397
1302 5398
1302 5399
1302 5400
1302 5401
1302 5402
1302 5403
1302 5404
1302 5405
1302 5406
1302 5407
1302 5408
1302 5409
1354 5410
1354 5411
1354 5412
1354 5413
1354 5414
1354 5415
1354 5416
1354 5417
1354 5418
1354 5419
1354 5420
1354 5421
1354 5422
1354 5423
1354 5424
1354 5425
1354 5426
1354 5427
1354 5428
1354 5429
1354 5430
1354 5431
1354 5432
1354 5433
1354 5434
1354 5435
1354 5436
1354 5437
1354 5438
1354 5439
1354 5440
1354 5441
1354 5442
1354 5443
1354 5444
1354 5445
1354 5446
1354 5447
1354 5448
1354 5449
1354 5450
1354 5451
1354 5452
1354 5453
1354 5454
1354 5455
1354 5456
1354 5457
1354 5458
1354 5459
1354 5460
1354 5461
1354 5462
1354 5463
1354 5464
1354 5465
1354 5466
1354 5467
1354 5468
1354 5469
1354 5470
1354 5471
1354 5472
1354 5473
1354 5474
1354 5475
1354 5476
1354 5477
1354 5478
1354 5479
1354 5480
1354 5481
1354 5482
1354 5483
1354 5484
1354 5485
1354 5486
1354 5487
1354 5488
1354 5489
1354 5490
1354 5491
1354 5492
1354 5493
1354 5494
1354 5495
1354 5496
1354 5497
1354 5498
1354 5499
1354 5500
1354 5501
1354 5502
1354 5503
1354 5504
1354 5505
1354 5506
1354 5507
1354 5508
1354 5509
1354 5510
1354 5511
1354 5512
1354 5513
1406 5514
1406 5515
1406 5516
1406 5517
1406 5518
1406 5519
1406 5520
1406 5521
1406 5522
1406 5523
1406 5524
1406 5525
1406 5526
1406 5527
1406 5528
1406 5529
1406 5530
1406 5531
1406 5532
1406 5533
1406 5534
1406 5535
1406 5536
1406 5537
1406 5538
1406 5539
1406 5540
1406 5541
1406 5542
1406 5543
1406 5544
1406 5545
1406 5546
1406 5547
1406 5548
1406 5549
1406 5550
1406 5551
1406 5552
1406 5553
1406 5554
1406 5555
1406 5556
1406 5557
1406 5558
1406 5559
1406 5560
1406 5561
1406 5562
1406 5563
1406 5564
1406 5565
1406 5566
1406 5567
1406 5568
1406 5569
1406 5570
1406 5571
1406 5572
1406 5573
1406 5574
1406 5575
1406 5576
1406 5577
1406 5578
1406 5579
1406 5580
1406 5581
1406 5582
1406 5583
1406 5584
1406 5585
1406 5586
1406 5587
1406 5588
1406 5589
1406 5590
1406 5591
1406 5592
1406 5593
1406 5594
1406 5595
1406 5596
1406 5597
1406 5598
1406 5599
1406 5600
1406 5601
1406 5602
1406 5603
1406 5604
1406 5605
1406 5606
1406 5607
1406 5608
1406 5609
1406 5610
1406 5611
1406 5612
1406 5613
1406 5614
1406 5615
1406 5616
1406 5617
1458 5618
1458 5619
1458 5620
1458 5621
1458 5622
1458 5623
1458 5624
1458 5625
1458 5626
1458 5627
1458 5628
1458 5629
1458 5630
1458 5631
1458 5632
1458 5633
1458 5634
1458 5635
1458 5636
1458 5637
1458 5638
1458 5639
1458 5640
1458 5641
1458 5642
1458 5643
1458 5644
1458 5645
1458 5646
1458 5647
1458 5648
1458 5649
1458 5650
1458 5651
1458 5652
1458 5653
1458 5654
1458 5655
1458 5656
1458 5657
1458 5658
1458 5659
1458 5660
1458 5661
1458 5662
1458 5663
1458 5664
1458 5665
1458 5666
1458 5667
1458 5668
1458 5669
1458 5670
1458 5671
1458 5672
1458 5673
1458 5674
1458 5675
1458 5676
1458 5677
1458 5678
1458 5679
1458 5680
1458 5681
1458 5682
1458 5683
1458 5684
1458 5685
1458 5686
1458 5687
1458 5688
1458 5689
1458 5690
1458 5691
1458 5692
1458 5693
1458 5694
1458 5695
1458 5696
1458 5697
1458 5698
1458 5699
1458 5700
1458 5701
1458 5702
1458 5703
1458 5704
1458 5705
1458 5706
1458 5707
1458 5708
1458 5709
1458 5710
1458 5711
1458 5712
1458 5713
1458 5714
1458 5715
1458 5716
1458 5717
1458 5718
1458 5719
1458 5720
1458 5721
1510 5722
1510 5723
1510 5724
1510 5725
1510 5726
1510 5727
1510 5728
1510 5729
1510 5730
1510 5731
1510 5732
1510 5733
1510 5734
1510 5735
1510 5736
1510 5737
1510 5738
1510 5739
1510 5740
1510 5741
1510 5742
1510 5743
1510 5744
1510 5745
1510 5746
1510 5747
1510 5748
1510 5749
1510 5750
1510 5751
1510 5752
1510 5753
1510 5754
1510 5755
1510 5756
1510 5757
1510 5758
1510 5759
1510 5760
1510 5761
1510 5762
1510 5763
1510 5764
1510 5765
1510 5766
1510 5767
1510 5768
1510 5769
1510 5770
1510 5771
1510 5772
1510 5773
1510 5774
1510 5775
1510 5776
1510 5777
1510 5778
1510 5779
1510 5780
1510 5781
1510 5782
1510 5783
1510 5784
1510 5785
1510 5786
1510 5787
1510 5788
1510 5789
1510 5790
1510 5791
1510 5792
1510 5793
1510 5794
1510 5795
1510 5796
1510 5797
1510 5798
1510 5799
1510 5800
1510 5801
1510 5802
1510 5803
1510 5804
1510 5805
1510 5806
1510 5807
1510 5808
1510 5809
1510 5810
1510 5811
1510 5812
1510 5813
1510 5814
1510 5815
1510 5816
1510 5817
1510 5818
1510 5819
1510 5820
1510 5821
1510 5822
1510 5823
1510 5824
1510 5825
1562 5826
1562 5827
1562 5828
1562 5829
1562 5830
1562 5831
1562 5832
1562 5833
1562 5834
1562 5835
1562 5836
1562 5837
1562 5838
1562 5839
1562 5840
1562 5841
1562 5842
1562 5843
1562 5844
1562 5845
1562 5846
1562 5847
1562 5848
1562 5849
1562 5850
1562 5851
1562 5852
1562 5853
1562 5854
1562 5855
1562 5856
1562 5857
1562 5858
1562 5859
1562 5860
1562 5861
1562 5862
1562 5863
1562 5864
1562 5865
1562 5866
1562 5867
1562 5868
1562 5869
1562 5870
1562 5871
1562 5872
1562 5873
1562 5874
1562 5875
1562 5876
1562 5877
1562 5878
1562 5879
1562 5880
1562 5881
1562 5882
1562 5883
1562 5884
1562 5885
1562 5886
1562 5887
1562 5888
1562 5889
1562 5890
1562 5891
1562 5892
1562 5893
1562 5894
1562 5895
1562 5896
1562 5897
1562 5898
1562 5899
1562 5900
1562 5901
1562 5902
1562 5903
1562 5904
1562 5905
1562 5906
1562 5907
1562 5908
1562 5909
1562 5910
1562 5911
1562 5912
1562 5913
1562 5914
1562 5915
1562 5916
1562 5917
1562 5918
1562 5919
1562 5920
1562 5921
1562 5922
1562 5923
1562 5924
1562 5925
1562 5926
1562 5927
1562 5928
1562 5929
1614 5930
1614 5931
1614 5932
1614 5933
1614 5934
1614 5935
1614 5936
1614 5937
1614 5938
1614 5939
1614 5940
1614 5941
1614 5942
1614 5943
1614 5944
1614 5945
1614 5946
1614 5947
1614 5948
1614 5949
1614 5950
1614 5951
1614 5952
1614 5953
1614 5954
1614 5955
1614 5956
1614 5957
1614 5958
1614 5959
1614 5960
1614 5961
1614 5962
1614 5963
1614 5964
1614 5965
1614 5966
1614 5967
1614 5968
1614 5969
1614 5970
1614 5971
1614 5972
1614 5973
1614 5974
1614 5975
1614 5976
1614 5977
1614 5978
1614 5979
1614 5980
1614 5981
1614 5982
1614 5983
1614 5984
1614 5985
1614 5986
1614 5987
1614 5988
1614 5989
1614 5990
1614 5991
1614 5992
1614 5993
1614 5994
1614 5995
1614 5996
1614 5997
1614 5998
1614 5999
1614 6000
1614 6001
1614 6002
1614 6003
1614 6004
1614 6005
1614 6006
1614 6007
1614 6008
1614 6009
1614 6010
1614 6011
1614 6012
1614 6013
1614 6014
1614 6015
1614 6016
1614 6017
1614 6018
1614 6019
1614 6020
1614 6021
1614 6022
1614 6023
1614 6024
1614 6025
1614 6026
1614 6027
1614 6028
1614 6029
1614 6030
1614 6031
1614 6032
1614 6033
1666 6034
1666 6035
1666 6036
1666 6037
1666 6038
1666 6039
1666 6040
1666 6041
1666 6042
1666 6043
1666 6044
1666 6045
1666 6046
1666 6047
1666 6048
1666 6049
1666 6050
1666 6051
1666 6052
1666 6053
1666 6054
1666 6055
1666 6056
1666 6057
1666 6058
1666 6059
1666 6060
1666 6061
1666 6062
1666 6063
1666 6064
1666 6065
1666 6066
1666 6067
1666 6068
1666 6069
1666 6070
1666 6071
1666 6072
1666 6073
1666 6074
1666 6075
1666 6076
1666 6077
1666 6078
1666 6079
1666 6080
1666 6081
1666 6082
1666 6083
1666 6084
1666 6085
1666 6086
1666 6087
1666 6088
1666 6089
1666 6090
1666 6091
1666 6092
1666 6093
1666 6094
1666 6095
1666 6096
1666 6097
1666 6098
1666 6099
1666 6100
1666 6101
1666 6102
1666 6103
1666 6104
1666 6105
1666 6106
1666 6107
1666 6108
1666 6109
1666 6110
1666 6111
1666 6112
1666 6113
1666 6114
1666 6115
1666 6116
1666 6117
1666 6118
1666 6119
1666 6120
1666 6121
1666 6122
1666 6123
1666 6124
1666 6125
1666 6126
1666 6127
1666 6128
1666 6129
1666 6130
1666 6131
1666 6132
1666 6133
1666 6134
1666 6135
1666 6136
1666 6137
1718 6138
1718 6139
1718 6140
1718 6141
1718 6142
1718 6143
1718 6144
1718 6145
1718 6146
1718 6147
1718 6148
1718 6149
1718 6150
1718 6151
1718 6152
1718 6153
1718 6154
1718 6155
1718 6156
1718 6157
1718 6158
1718 6159
1718 6160
1718 6161
1718 6162
1718 6163
1718 6164
1718 6165
1718 6166
1718 6167
1718 6168
1718 6169
1718 6170
1718 6171
1718 6172
1718 6173
1718 6174
1718 6175
1718 6176
1718 6177
1718 6178
1718 6179
1718 6180
1718 6181
1718 6182
1718 6183
1718 6184
1718 6185
1718 6186
1718 6187
1718 6188
1718 6189
1718 6190
1718 6191
1718 6192
1718 6193
1718 6194
1718 6195
1718 6196
1718 6197
1718 6198
1718 6199
1718 6200
1718 6201
1718 6202
1718 6203
1718 6204
1718 6205
1718 6206
1718 6207
1718 6208
1718 6209
1718 6210
1718 6211
1718 6212
1718 6213
1718 6214
1718 6215
1718 6216
1718 6217
1718 6218
1718 6219
1718 6220
1718 6221
1718 6222
1718 6223
1718 6224
1718 6225
1718 6226
1718 6227
1718 6228
1718 6229
1718 6230
1718 6231
1718 6232
1718 6233
1718 6234
1718 6235
1718 6236
1718 6237
1718 6238
1718 6239
1718 6240
1718 6241
1770 6242
1770 6243
1770 6244
1770 6245
1770 6246
1770 6247
1770 6248
1770 6249
1770 6250
1770 6251
1770 6252
1770 6253
1770 6254
1770 6255
1770 6256
1770 6257
1770 6258
1770 6259
1770 6260
1770 6261
1770 6262
1770 6263
1770 6264
1770 6265
1770 6266
1770 6267
1770 6268
1770 6269
1770 6270
1770 6271
1770 6272
1770 6273
1770 6274
1770 6275
1770 6276
1770 6277
1770 6278
1770 6279
1770 6280
1770 6281
1770 6282
1770 6283
1770 6284
1770 6285
1770 6286
1770 6287
1770 6288
1770 6289
1770 6290
1770 6291
1770 6292
1770 6293
1770 6294
1770 6295
1770 6296
1770 6297
1770 6298
1770 6299
1770 6300
1770 6301
1770 6302
1770 6303
1770 6304
1770 6305
1770 6306
1770 6307
1770 6308
1770 6309
1770 6310
1770 6311
1770 6312
1770 6313
1770 6314
1770 6315
1770 6316
1770 6317
1770 6318
1770 6319
1770 6320
1770 6321
1770 6322
1770 6323
1770 6324
1770 6325
1770 6326
1770 6327
1770 6328
1770 6329
1770 6330
1770 6331
1770 6332
1770 6333
1770 6334
1770 6335
1770 6336
1770 6337
1770 6338
1770 6339
1770 6340
1770 6341
1770 6342
1770 6343
1770 6344
1770 6345
1822 6346
1822 6347
1822 6348
1822 6349
1822 6350
1822 6351
1822 6352
1822 6353
1822 6354
1822 6355
1822 6356
1822 6357
1822 6358
1822 6359
1822 6360
1822 6361
1822 6362
1822 6363
1822 6364
1822 6365
1822 6366
1822 6367
1822 6368
1822 6369
1822 6370
1822 6371
1822 6372
1822 6373
1822 6374
1822 6375
1822 6376
1822 6377
1822 6378
1822 6379
1822 6380
1822 6381
1822 6382
1822 6383
1822 6384
1822 6385
1822 6386
1822 6387
1822 6388
1822 6389
1822 6390
1822 6391
1822 6392
1822 6393
1822 6394
1822 6395
1822 6396
1822 6397
1822 6398
1822 6399
1822 6400
1822 6401
1822 6402
1822 6403
1822 6404
1822 6405
1822 6406
1822 6407
1822 6408
1822 6409
1822 6410
1822 6411
1822 6412
1822 6413
1822 6414
1822 6415
1822 6416
1822 6417
1822 6418
1822 6419
1822 6420
1822 6421
1822 6422
1822 6423
1822 6424
1822 6425
1822 6426
1822 6427
1822 6428
1822 6429
1822 6430
1822 6431
1822 6432
1822 6433
1822 6434
1822 6435
1822 6436
1822 6437
1822 6438
1822 6439
1822 6440
1822 6441
1822 6442
1822 6443
1822 6444
1822 6445
1822 6446
1822 6447
1822 6448
1822 6449
1874 6450
1874 6451
1874 6452
1874 6453
1874 6454
1874 6455
1874 6456
1874 6457
1874 6458
1874 6459
1874 6460
1874 6461
1874 6462
1874 6463
1874 6464
1874 6465
1874 6466
1874 6467
1874 6468
1874 6469
1874 6470
1874 6471
1874 6472
1874 6473
1874 6474
1874 6475
1874 6476
1874 6477
1874 6478
1874 6479
1874 6480
1874 6481
1874 6482
1874 6483
1874 6484
1874 6485
1874 6486
1874 6487
1874 6488
1874 6489
1874 6490
1874 6491
1874 6492
1874 6493
1874 6494
1874 6495
1874 6496
1874 6497
1874 6498
1874 6499
1874 6500
1874 6501
1874 6502
1874 6503
1874 6504
1874 6505
1874 6506
1874 6507
1874 6508
1874 6509
1874 6510
1874 6511
1874 6512
1874 6513
1874 6514
1874 6515
1874 6516
1874 6517
1874 6518
1874 6519
1874 6520
1874 6521
1874 6522
1874 6523
1874 6524
1874 6525
1874 6526
1874 6527
1874 6528
1874 6529
1874 6530
1874 6531
1874 6532
1874 6533
1874 6534
1874 6535
1874 6536
1874 6537
1874 6538
1874 6539
1874 6540
1874 6541
1874 6542
1874 6543
1874 6544
1874 6545
1874 6546
1874 6547
1874 6548
1874 6549
1874 6550
1874 6551
1874 6552
1874 6553
1926 6554
1926 6555
1926 6556
1926 6557
1926 6558
1926 6559
1926 6560
1926 6561
1926 6562
1926 6563
1926 6564
1926 6565
1926 6566
1926 6567
1926 6568
1926 6569
1926 6570
1926 6571
1926 6572
1926 6573
1926 6574
1926 6575
1926 6576
1926 6577
1926 6578
1926 6579
1926 6580
1926 6581
1926 6582
1926 6583
1926 6584
1926 6585
1926 6586
1926 6587
1926 6588
1926 6589
1926 6590
1926 6591
1926 6592
1926 6593
1926 6594
1926 6595
1926 6596
1926 6597
1926 6598
1926 6599
1926 6600
1926 6601
1926 6602
1926 6603
1926 6604
1926 6605
1926 6606
1926 6607
1926 6608
1926 6609
1926 6610
1926 6611
1926 6612
1926 6613
1926 6614
1926 6615
1926 6616
1926 6617
1926 6618
1926 6619
1926 6620
1926 6621
1926 6622
1926 6623
1926 6624
1926 6625
1926 6626
1926 6627
1926 6628
1926 6629
1926 6630
1926 6631
1926 6632
1926 6633
1926 6634
1926 6635
1926 6636
1926 6637
1926 6638
1926 6639
1926 6640
1926 6641
1926 6642
1926 6643
1926 6644
1926 6645
1926 6646
1926 6647
1926 6648
1926 6649
1926 6650
1926 6651
1926 6652
1926 6653
1926 6654
1926 6655
1926 6656
1926 6657
1978 6658
1978 6659
1978 6660
1978 6661
1978 6662
1978 6663
1978 6664
1978 6665
1978 6666
1978 6667
1978 6668
1978 6669
1978 6670
1978 6671
1978 6672
1978 6673
1978 6674
1978 6675
1978 6676
1978 6677
1978 6678
1978 6679
1978 6680
1978 6681
1978 6682
1978 6683
1978 6684
1978 6685
1978 6686
1978 6687
1978 6688
1978 6689
1978 6690
1978 6691
1978 6692
1978 6693
1978 6694
1978 6695
1978 6696
1978 6697
1978 6698
1978 6699
1978 6700
1978 6701
1978 6702
1978 6703
1978 6704
1978 6705
1978 6706
1978 6707
1978 6708
1978 6709
1978 6710
1978 6711
1978 6712
1978 6713
1978 6714
1978 6715
1978 6716
1978 6717
1978 6718
1978 6719
1978 6720
1978 6721
1978 6722
1978 6723
1978 6724
1978 6725
1978 6726
1978 6727
1978 6728
1978 6729
1978 6730
1978 6731
1978 6732
1978 6733
1978 6734
1978 6735
1978 6736
1978 6737
1978 6738
1978 6739
1978 6740
1978 6741
1978 6742
1978 6743
1978 6744
1978 6745
1978 6746
1978 6747
1978 6748
1978 6749
1978 6750
1978 6751
1978 6752
1978 6753
1978 6754
1978 6755
1978 6756
1978 6757
1978 6758
1978 6759
1978 6760
1978 6761
2030 6762
2030 6763
2030 6764
2030 6765
2030 6766
2030 6767
2030 6768
2030 6769
2030 6770
2030 6771
2030 6772
2030 6773
2030 6774
2030 6775
2030 6776
2030 6777
2030 6778
2030 6779
2030 6780
2030 6781
2030 6782
2030 6783
2030 6784
2030 6785
2030 6786
2030 6787
2030 6788
2030 6789
2030 6790
2030 6791
2030 6792
2030 6793
2030 6794
2030 6795
2030 6796
2030 6797
2030 6798
2030 6799
2030 6800
2030 6801
2030 6802
2030 6803
2030 6804
2030 6805
2030 6806
2030 6807
2030 6808
2030 6809
2030 6810
2030 6811
2030 6812
2030 6813
2030 6814
2030 6815
2030 6816
2030 6817
2030 6818
2030 6819
2030 6820
2030 6821
2030 6822
2030 6823
2030 6824
2030 6825
2030 6826
2030 6827
2030 6828
2030 6829
2030 6830
2030 6831
2030 6832
2030 6833
2030 6834
2030 6835
2030 6836
2030 6837
2030 6838
2030 6839
2030 6840
2030 6841
2030 6842
2030 6843
2030 6844
2030 6845
2030 6846
2030 6847
2030 6848
2030 6849
2030 6850
2030 6851
2030 6852
2030 6853
2030 6854
2030 6855
2030 6856
2030 6857
2030 6858
2030 6859
2030 6860
2030 6861
2030 6862
2030 6863
2030 6864
2030 6865
2082 6866
2082 6867
2082 6868
2082 6869
2082 6870
2082 6871
2082 6872
2082 6873
2082 6874
2082 6875
2082 6876
2082 6877
2082 6878
2082 6879
2082 6880
2082 6881
2082 6882
2082 6883
2082 6884
2082 6885
2082 6886
2082 6887
2082 6888
2082 6889
2082 6890
2082 6891
2082 6892
2082 6893
2082 6894
2082 6895
2082 6896
2082 6897
2082 6898
2082 6899
2082 6900
2082 6901
2082 6902
2082 6903
2082 6904
2082 6905
2082 6906
2082 6907
2082 6908
2082 6909
2082 6910
2082 6911
2082 6912
2082 6913
2082 6914
2082 6915
2082 6916
2082 6917
2082 6918
2082 6919
2082 6920
2082 6921
2082 6922
2082 6923
2082 6924
2082 6925
2082 6926
2082 6927
2082 6928
2082 6929
2082 6930
2082 6931
2082 6932
2082 6933
2082 6934
2082 6935
2082 6936
2082 6937
2082 6938
2082 6939
2082 6940
2082 6941
2082 6942
2082 6943
2082 6944
2082 6945
2082 6946
2082 6947
2082 6948
2082 6949
2082 6950
2082 6951
2082 6952
2082 6953
2082 6954
2082 6955
2082 6956
2082 6957
2082 6958
2082 6959
2082 6960
2082 6961
2082 6962
2082 6963
2082 6964
2082 6965
2082 6966
2082 6967
2082 6968
2082 6969
2134 6970
2134 6971
2134 6972
2134 6973
2134 6974
2134 6975
2134 6976
2134 6977
2134 6978
2134 6979
2134 6980
2134 6981
2134 6982
2134 6983
2134 6984
2134 6985
2134 6986
2134 6987
2134 6988
2134 6989
2134 6990
2134 6991
2134 6992
2134 6993
2134 6994
2134 6995
2134 6996
2134 6997
2134 6998
2134 6999
2134 7000
2134 7001
2134 7002
2134 7003
2134 7004
2134 7005
2134 7006
2134 7007
2134 7008
2134 7009
2134 7010
2134 7011
2134 7012
2134 7013
2134 7014
2134 7015
2134 7016
2134 7017
2134 7018
2134 7019
2134 7020
2134 7021
2134 7022
2134 7023
2134 7024
2134 7025
2134 7026
2134 7027
2134 7028
2134 7029
2134 7030
2134 7031
2134 7032
2134 7033
2134 7034
2134 7035
2134 7036
2134 7037
2134 7038
2134 7039
2134 7040
2134 7041
2134 7042
2134 7043
2134 7044
2134 7045
2134 7046
2134 7047
2134 7048
2134 7049
2134 7050
2134 7051
2134 7052
2134 7053
2134 7054
2134 7055
2134 7056
2134 7057
2134 7058
2134 7059
2134 7060
2134 7061
2134 7062
2134 7063
2134 7064
2134 7065
2134 7066
2134 7067
2134 7068
2134 7069
2134 7070
2134 7071
2134 7072
2134 7073
2186 7074
2186 7075
2186 7076
2186 7077
2186 7078
2186 7079
2186 7080
2186 7081
2186 7082
2186 7083
2186 7084
2186 7085
2186 7086
2186 7087
2186 7088
2186 7089
2186 7090
2186 7091
2186 7092
2186 7093
2186 7094
2186 7095
2186 7096
2186 7097
2186 7098
2186 7099
2186 7100
2186 7101
2186 7102
2186 7103
2186 7104
2186 7105
2186 7106
2186 7107
2186 7108
2186 7109
2186 7110
2186 7111
2186 7112
2186 7113
2186 7114
2186 7115
2186 7116
2186 7117
2186 7118
2186 7119
2186 7120
2186 7121
2186 7122
2186 7123
2186 7124
2186 7125
2186 7126
2186 7127
2186 7128
2186 7129
2186 7130
2186 7131
2186 7132
2186 7133
2186 7134
2186 7135
2186 7136
2186 7137
2186 7138
2186 7139
2186 7140
2186 7141
2186 7142
2186 7143
2186 7144
2186 7145
2186 7146
2186 7147
2186 7148
2186 7149
2186 7150
2186 7151
2186 7152
2186 7153
2186 7154
2186 7155
2186 7156
2186 7157
2186 7158
2186 7159
2186 7160
2186 7161
2186 7162
2186 7163
2186 7164
2186 7165
2186 7166
2186 7167
2186 7168
2186 7169
2186 7170
2186 7171
2186 7172
2186 7173
2186 7174
2186 7175
2186 7176
2186 7177
2238 7178
2238 7179
2238 7180
2238 7181
2238 7182
2238 7183
2238 7184
2238 7185
2238 7186
2238 7187
2238 7188
2238 7189
2238 7190
2238 7191
2238 7192
2238 7193
2238 7194
2238 7195
2238 7196
2238 7197
2238 7198
2238 7199
2238 7200
2238 7201
2238 7202
2238 7203
2238 7204
2238 7205
2238 7206
2238 7207
2238 7208
2238 7209
2238 7210
2238 7211
2238 7212
2238 7213
2238 7214
2238 7215
2238 7216
2238 7217
2238 7218
2238 7219
2238 7220
2238 7221
2238 7222
2238 7223
2238 7224
2238 7225
2238 7226
2238 7227
2238 7228
2238 7229
2238 7230
2238 7231
2238 7232
2238 7233
2238 7234
2238 7235
2238 7236
2238 7237
2238 7238
2238 7239
2238 7240
2238 7241
2238 7242
2238 7243
2238 7244
2238 7245
2238 7246
2238 7247
2238 7248
2238 7249
2238 7250
2238 7251
2238 7252
2238 7253
2238 7254
2238 7255
2238 7256
2238 7257
2238 7258
2238 7259
2238 7260
2238 7261
2238 7262
2238 7263
2238 7264
2238 7265
2238 7266
2238 7267
2238 7268
2238 7269
2238 7270
2238 7271
2238 7272
2238 7273
2238 7274
2238 7275
2238 7276
2238 7277
2238 7278
2238 7279
2238 7280
2238 7281
2290 7282
2290 7283
2290 7284
2290 7285
2290 7286
2290 7287
2290 7288
2290 7289
2290 7290
2290 7291
2290 7292
2290 7293
2290 7294
2290 7295
2290 7296
2290 7297
2290 7298
2290 7299
2290 7300
2290 7301
2290 7302
2290 7303
2290 7304
2290 7305
2290 7306
2290 7307
2290 7308
2290 7309
2290 7310
2290 7311
2290 7312
2290 7313
2290 7314
2290 7315
2290 7316
2290 7317
2290 7318
2290 7319
2290 7320
2290 7321
2290 7322
2290 7323
2290 7324
2290 7325
2290 7326
2290 7327
2290 7328
2290 7329
2290 7330
2290 7331
2290 7332
2290 7333
2290 7334
2290 7335
2290 7336
2290 7337
2290 7338
2290 7339
2290 7340
2290 7341
2290 7342
2290 7343
2290 7344
2290 7345
2290 7346
2290 7347
2290 7348
2290 7349
2290 7350
2290 7351
2290 7352
2290 7353
2290 7354
2290 7355
2290 7356
2290 7357
2290 7358
2290 7359
2290 7360
2290 7361
2290 7362
2290 7363
2290 7364
2290 7365
2290 7366
2290 7367
2290 7368
2290 7369
2290 7370
2290 7371
2290 7372
2290 7373
2290 7374
2290 7375
2290 7376
2290 7377
2290 7378
2290 7379
2290 7380
2290 7381
2290 7382
2290 7383
2290 7384
2290 7385
2342 7386
2342 7387
2342 7388
2342 7389
2342 7390
2342 7391
2342 7392
2342 7393
2342 7394
2342 7395
2342 7396
2342 7397
2342 7398
2342 7399
2342 7400
2342 7401
2342 7402
2342 7403
2342 7404
2342 7405
2342 7406
2342 7407
2342 7408
2342 7409
2342 7410
2342 7411
2342 7412
2342 7413
2342 7414
2342 7415
2342 7416
2342 7417
2342 7418
2342 7419
2342 7420
2342 7421
2342 7422
2342 7423
2342 7424
2342 7425
2342 7426
2342 7427
2342 7428
2342 7429
2342 7430
2342 7431
2342 7432
2342 7433
2342 7434
2342 7435
2342 7436
2342 7437
2342 7438
2342 7439
2342 7440
2342 7441
2342 7442
2342 7443
2342 7444
2342 7445
2342 7446
2342 7447
2342 7448
2342 7449
2342 7450
2342 7451
2342 7452
2342 7453
2342 7454
2342 7455
2342 7456
2342 7457
2342 7458
2342 7459
2342 7460
2342 7461
2342 7462
2342 7463
2342 7464
2342 7465
2342 7466
2342 7467
2342 7468
2342 7469
2342 7470
2342 7471
2342 7472
2342 7473
2342 7474
2342 7475
2342 7476
2342 7477
2342 7478
2342 7479
2342 7480
2342 7481
2342 7482
2342 7483
2342 7484
2342 7485
2342 7486
2342 7487
2342 7488
2342 7489
2394 7490
2394 7491
2394 7492
2394 7493
2394 7494
2394 7495
2394 7496
2394 7497
2394 7498
2394 7499
2394 7500
2394 7501
2394 7502
2394 7503
2394 7504
2394 7505
2394 7506
2394 7507
2394 7508
2394 7509
2394 7510
2394 7511
2394 7512
2394 7513
2394 7514
2394 7515
2394 7516
2394 7517
2394 7518
2394 7519
2394 7520
2394 7521
2394 7522
2394 7523
2394 7524
2394 7525
2394 7526
2394 7527
2394 7528
2394 7529
2394 7530
2394 7531
2394 7532
2394 7533
2394 7534
2394 7535
2394 7536
2394 7537
2394 7538
2394 7539
2394 7540
2394 7541
2394 7542
2394 7543
2394 7544
2394 7545
2394 7546
2394 7547
2394 7548
2394 7549
2394 7550
2394 7551
2394 7552
2394 7553
2394 7554
2394 7555
2394 7556
2394 7557
2394 7558
2394 7559
2394 7560
2394 7561
2394 7562
2394 7563
2394 7564
2394 7565
2394 7566
2394 7567
2394 7568
2394 7569
2394 7570
2394 7571
2394 7572
2394 7573
2394 7574
2394 7575
2394 7576
2394 7577
2394 7578
2394 7579
2394 7580
2394 7581
2394 7582
2394 7583
2394 7584
2394 7585
2394 7586
2394 7587
2394 7588
2394 7589
2394 7590
2394 7591
2394 7592
2394 7593
2446 7594
2446 7595
2446 7596
2446 7597
2446 7598
2446 7599
2446 7600
2446 7601
2446 7602
2446 7603
2446 7604
2446 7605
2446 7606
2446 7607
2446 7608
2446 7609
2446 7610
2446 7611
2446 7612
2446 7613
2446 7614
2446 7615
2446 7616
2446 7617
2446 7618
2446 7619
2446 7620
2446 7621
2446 7622
2446 7623
2446 7624
2446 7625
2446 7626
2446 7627
2446 7628
2446 7629
2446 7630
2446 7631
2446 7632
2446 7633
2446 7634
2446 7635
2446 7636
2446 7637
2446 7638
2446 7639
2446 7640
2446 7641
2446 7642
2446 7643
2446 7644
2446 7645
2446 7646
2446 7647
2446 7648
2446 7649
2446 7650
2446 7651
2446 7652
2446 7653
2446 7654
2446 7655
2446 7656
2446 7657
2446 7658
2446 7659
2446 7660
2446 7661
2446 7662
2446 7663
2446 7664
2446 7665
2446 7666
2446 7667
2446 7668
2446 7669
2446 7670
2446 7671
2446 7672
2446 7673
2446 7674
2446 7675
2446 7676
2446 7677
2446 7678
2446 7679
2446 7680
2446 7681
2446 7682
2446 7683
2446 7684
2446 7685
2446 7686
2446 7687
2446 7688
2446 7689
2446 7690
2446 7691
2446 7692
2446 7693
2446 7694
2446 7695
2446 7696
2446 7697
2498 7698
2498 7699
2498 7700
2498 7701
2498 7702
2498 7703
2498 7704
2498 7705
2498 7706
2498 7707
2498 7708
2498 7709
2498 7710
2498 7711
2498 7712
2498 7713
2498 7714
2498 7715
2498 7716
2498 7717
2498 7718
2498 7719
2498 7720
2498 7721
2498 7722
2498 7723
2498 7724
2498 7725
2498 7726
2498 7727
2498 7728
2498 7729
2498 7730
2498 7731
2498 7732
2498 7733
2498 7734
2498 7735
2498 7736
2498 7737
2498 7738
2498 7739
2498 7740
2498 7741
2498 7742
2498 7743
2498 7744
2498 7745
2498 7746
2498 7747
2498 7748
2498 7749
2498 7750
2498 7751
2498 7752
2498 7753
2498 7754
2498 7755
2498 7756
2498 7757
2498 7758
2498 7759
2498 7760
2498 7761
2498 7762
2498 7763
2498 7764
2498 7765
2498 7766
2498 7767
2498 7768
2498 7769
2498 7770
2498 7771
2498 7772
2498 7773
2498 7774
2498 7775
2498 7776
2498 7777
2498 7778
2498 7779
2498 7780
2498 7781
2498 7782
2498 7783
2498 7784
2498 7785
2498 7786
2498 7787
2498 7788
2498 7789
2498 7790
2498 7791
2498 7792
2498 7793
2498 7794
2498 7795
2498 7796
2498 7797
2498 7798
2498 7799
2498 7800
2498 7801
2550 7802
2550 7803
2550 7804
2550 7805
2550 7806
2550 7807
2550 7808
2550 7809
2550 7810
2550 7811
2550 7812
2550 7813
2550 7814
2550 7815
2550 7816
2550 7817
2550 7818
2550 7819
2550 7820
2550 7821
2550 7822
2550 7823
2550 7824
2550 7825
2550 7826
2550 7827
2550 7828
2550 7829
2550 7830
2550 7831
2550 7832
2550 7833
2550 7834
2550 7835
2550 7836
2550 7837
2550 7838
2550 7839
2550 7840
2550 7841
2550 7842
2550 7843
2550 7844
2550 7845
2550 7846
2550 7847
2550 7848
2550 7849
2550 7850
2550 7851
2550 7852
2550 7853
2550 7854
2550 7855
2550 7856
2550 7857
2550 7858
2550 7859
2550 7860
2550 7861
2550 7862
2550 7863
2550 7864
2550 7865
2550 7866
2550 7867
2550 7868
2550 7869
2550 7870
2550 7871
2550 7872
2550 7873
2550 7874
2550 7875
2550 7876
2550 7877
2550 7878
2550 7879
2550 7880
2550 7881
2550 7882
2550 7883
2550 7884
2550 7885
2550 7886
2550 7887
2550 7888
2550 7889
2550 7890
2550 7891
2550 7892
2550 7893
2550 7894
2550 7895
2550 7896
2550 7897
2550 7898
2550 7899
2550 7900
2550 7901
2550 7902
2550 7903
2550 7904
2550 7905
2602 7906
2602 7907
2602 7908
2602 7909
2602 7910
2602 7911
2602 7912
2602 7913
2602 7914
2602 7915
2602 7916
2602 7917
2602 7918
2602 7919
2602 7920
2602 7921
2602 7922
2602 7923
2602 7924
2602 7925
2602 7926
2602 7927
2602 7928
2602 7929
2602 7930
2602 7931
2602 7932
2602 7933
2602 7934
2602 7935
2602 7936
2602 7937
2602 7938
2602 7939
2602 7940
2602 7941
2602 7942
2602 7943
2602 7944
2602 7945
2602 7946
2602 7947
2602 7948
2602 7949
2602 7950
2602 7951
2602 7952
2602 7953
2602 7954
2602 7955
2602 7956
2602 7957
2602 7958
2602 7959
2602 7960
2602 7961
2602 7962
2602 7963
2602 7964
2602 7965
2602 7966
2602 7967
2602 7968
2602 7969
2602 7970
2602 7971
2602 7972
2602 7973
2602 7974
2602 7975
2602 7976
2602 7977
2602 7978
2602 7979
2602 7980
2602 7981
2602 7982
2602 7983
2602 7984
2602 7985
2602 7986
2602 7987
2602 7988
2602 7989
2602 7990
2602 7991
2602 7992
2602 7993
2602 7994
2602 7995
2602 7996
2602 7997
2602 7998
2602 7999
2602 8000
2602 8001
2602 8002
2602 8003
2602 8004
2602 8005
2602 8006
2602 8007
2602 8008
2602 8009
2654 8010
2654 8011
2654 8012
2654 8013
2654 8014
2654 8015
2654 8016
2654 8017
2654 8018
2654 8019
2654 8020
2654 8021
2654 8022
2654 8023
2654 8024
2654 8025
2654 8026
2654 8027
2654 8028
2654 8029
2654 8030
2654 8031
2654 8032
2654 8033
2654 8034
2654 8035
2654 8036
2654 8037
2654 8038
2654 8039
2654 8040
2654 8041
2654 8042
2654 8043
2654 8044
2654 8045
2654 8046
2654 8047
2654 8048
2654 8049
2654 8050
2654 8051
2654 8052
2654 8053
2654 8054
2654 8055
2654 8056
2654 8057
2654 8058
2654 8059
2654 8060
2654 8061
2654 8062
2654 8063
2654 8064
2654 8065
2654 8066
2654 8067
2654 8068
2654 8069
2654 8070
2654 8071
2654 8072
2654 8073
2654 8074
2654 8075
2654 8076
2654 8077
2654 8078
2654 8079
2654 8080
2654 8081
2654 8082
2654 8083
2654 8084
2654 8085
2654 8086
2654 8087
2654 8088
2654 8089
2654 8090
2654 8091
2654 8092
2654 8093
2654 8094
2654 8095
2654 8096
2654 8097
2654 8098
2654 8099
2654 8100
2654 8101
2654 8102
2654 8103
2654 8104
2654 8105
2654 8106
2654 8107
2654 8108
2654 8109
2654 8110
2654 8111
2654 8112
2654 8113
2706 8114
2706 8115
2706 8116
2706 8117
2706 8118
2706 8119
2706 8120
2706 8121
2706 8122
2706 8123
2706 8124
2706 8125
2706 8126
2706 8127
2706 8128
2706 8129
2706 8130
2706 8131
2706 8132
2706 8133
2706 8134
2706 8135
2706 8136
2706 8137
2706 8138
2706 8139
2706 8140
2706 8141
2706 8142
2706 8143
2706 8144
2706 8145
2706 8146
2706 8147
2706 8148
2706 8149
2706 8150
2706 8151
2706 8152
2706 8153
2706 8154
2706 8155
2706 8156
2706 8157
2706 8158
2706 8159
2706 8160
2706 8161
2706 8162
2706 8163
2706 8164
2706 8165
2706 8166
2706 8167
2706 8168
2706 8169
2706 8170
2706 8171
2706 8172
2706 8173
2706 8174
2706 8175
2706 8176
2706 8177
2706 8178
2706 8179
2706 8180
2706 8181
2706 8182
2706 8183
2706 8184
2706 8185
2706 8186
2706 8187
2706 8188
2706 8189
2706 8190
2706 8191
2706 8192
2706 8193
2706 8194
2706 8195
2706 8196
2706 8197
2706 8198
2706 8199
2706 8200
2706 8201
2706 8202
2706 8203
2706 8204
2706 8205
2706 8206
2706 8207
2706 8208
2706 8209
2706 8210
2706 8211
2706 8212
2706 8213
2706 8214
2706 8215
2706 8216
2706 8217
2758 8218
2758 8219
2758 8220
2758 8221
2758 8222
2758 8223
2758 8224
2758 8225
2758 8226
2758 8227
2758 8228
2758 8229
2758 8230
2758 8231
2758 8232
2758 8233
2758 8234
2758 8235
2758 8236
2758 8237
2758 8238
2758 8239
2758 8240
2758 8241
2758 8242
2758 8243
2758 8244
2758 8245
2758 8246
2758 8247
2758 8248
2758 8249
2758 8250
2758 8251
2758 8252
2758 8253
2758 8254
2758 8255
2758 8256
2758 8257
2758 8258
2758 8259
2758 8260
2758 8261
2758 8262
2758 8263
2758 8264
2758 8265
2758 8266
2758 8267
2758 8268
2758 8269
2758 8270
2758 8271
2758 8272
2758 8273
2758 8274
2758 8275
2758 8276
2758 8277
2758 8278
2758 8279
2758 8280
2758 8281
2758 8282
2758 8283
2758 8284
2758 8285
2758 8286
2758 8287
2758 8288
2758 8289
2758 8290
2758 8291
2758 8292
2758 8293
2758 8294
2758 8295
2758 8296
2758 8297
2758 8298
2758 8299
2758 8300
2758 8301
2758 8302
2758 8303
2758 8304
2758 8305
2758 8306
2758 8307
2758 8308
2758 8309
2758 8310
2758 8311
2758 8312
2758 8313
2758 8314
2758 8315
2758 8316
2758 8317
2758 8318
2758 8319
2758 8320
2758 8321
