225 288
1 2
1 3
1 4
1 5
1 6
1 7
1 8
1 9
2 1
2 3
2 4
2 5
2 6
2 7
2 8
2 9
3 1
3 2
3 4
3 5
3 6
3 7
3 8
3 9
4 1
4 2
4 3
4 5
4 6
4 7
4 8
4 9
5 1
5 2
5 3
5 4
5 6
5 7
5 8
5 9
6 1
6 2
6 3
6 4
6 5
6 7
6 8
6 9
7 1
7 2
7 3
7 4
7 5
7 6
7 8
7 9
8 1
8 2
8 3
8 4
8 5
8 6
8 7
8 9
9 1
9 2
9 3
9 4
9 5
9 6
9 7
9 8
1 10
1 11
1 12
1 13
1 14
1 15
1 16
1 17
2 18
2 19
2 20
2 21
2 22
2 23
2 24
2 25
3 26
3 27
3 28
3 29
3 30
3 31
3 32
3 33
4 34
4 35
4 36
4 37
4 38
4 39
4 40
4 41
5 42
5 43
5 44
5 45
5 46
5 47
5 48
5 49
6 50
6 51
6 52
6 53
6 54
6 55
6 56
6 57
7 58
7 59
7 60
7 61
7 62
7 63
7 64
7 65
8 66
8 67
8 68
8 69
8 70
8 71
8 72
8 73
9 74
9 75
9 76
9 77
9 78
9 79
9 80
9 81
10 82
10 83
10 84
10 85
10 86
10 87
10 88
10 89
10 90
10 91
10 92
10 93
10 94
10 95
10 96
10 97
18 98
18 99
18 100
18 101
18 102
18 103
18 104
18 105
18 106
18 107
18 108
18 109
18 110
18 111
18 112
18 113
26 114
26 115
26 116
26 117
26 118
26 119
26 120
26 121
26 122
26 123
26 124
26 125
26 126
26 127
26 128
26 129
34 130
34 131
34 132
34 133
34 134
34 135
34 136
34 137
34 138
34 139
34 140
34 141
34 142
34 143
34 144
34 145
42 146
42 147
42 148
42 149
42 150
42 151
42 152
42 153
42 154
42 155
42 156
42 157
42 158
42 159
42 160
42 161
50 162
50 163
50 164
50 165
50 166
50 167
50 168
50 169
50 170
50 171
50 172
50 173
50 174
50 175
50 176
50 177
58 178
58 179
58 180
58 181
58 182
58 183
58 184
58 185
58 186
58 187
58 188
58 189
58 190
58 191
58 192
58 193
66 194
66 195
66 196
66 197
66 198
66 199
66 200
66 201
66 202
66 203
66 204
66 205
66 206
66 207
66 208
66 209
74 210
74 211
74 212
74 213
74 214
74 215
74 216
74 217
74 218
74 219
74 220
74 221
74 222
74 223
74 224
74 225
