5461 7224
1 2
1 3
1 4
1 5
1 6
1 7
1 8
1 9
1 10
1 11
1 12
1 13
1 14
1 15
1 16
1 17
1 18
1 19
1 20
1 21
1 22
1 23
1 24
1 25
1 26
1 27
1 28
1 29
1 30
1 31
1 32
1 33
1 34
1 35
1 36
1 37
1 38
1 39
1 40
1 41
1 42
1 43
2 1
2 3
2 4
2 5
2 6
2 7
2 8
2 9
2 10
2 11
2 12
2 13
2 14
2 15
2 16
2 17
2 18
2 19
2 20
2 21
2 22
2 23
2 24
2 25
2 26
2 27
2 28
2 29
2 30
2 31
2 32
2 33
2 34
2 35
2 36
2 37
2 38
2 39
2 40
2 41
2 42
2 43
3 1
3 2
3 4
3 5
3 6
3 7
3 8
3 9
3 10
3 11
3 12
3 13
3 14
3 15
3 16
3 17
3 18
3 19
3 20
3 21
3 22
3 23
3 24
3 25
3 26
3 27
3 28
3 29
3 30
3 31
3 32
3 33
3 34
3 35
3 36
3 37
3 38
3 39
3 40
3 41
3 42
3 43
4 1
4 2
4 3
4 5
4 6
4 7
4 8
4 9
4 10
4 11
4 12
4 13
4 14
4 15
4 16
4 17
4 18
4 19
4 20
4 21
4 22
4 23
4 24
4 25
4 26
4 27
4 28
4 29
4 30
4 31
4 32
4 33
4 34
4 35
4 36
4 37
4 38
4 39
4 40
4 41
4 42
4 43
5 1
5 2
5 3
5 4
5 6
5 7
5 8
5 9
5 10
5 11
5 12
5 13
5 14
5 15
5 16
5 17
5 18
5 19
5 20
5 21
5 22
5 23
5 24
5 25
5 26
5 27
5 28
5 29
5 30
5 31
5 32
5 33
5 34
5 35
5 36
5 37
5 38
5 39
5 40
5 41
5 42
5 43
6 1
6 2
6 3
6 4
6 5
6 7
6 8
6 9
6 10
6 11
6 12
6 13
6 14
6 15
6 16
6 17
6 18
6 19
6 20
6 21
6 22
6 23
6 24
6 25
6 26
6 27
6 28
6 29
6 30
6 31
6 32
6 33
6 34
6 35
6 36
6 37
6 38
6 39
6 40
6 41
6 42
6 43
7 1
7 2
7 3
7 4
7 5
7 6
7 8
7 9
7 10
7 11
7 12
7 13
7 14
7 15
7 16
7 17
7 18
7 19
7 20
7 21
7 22
7 23
7 24
7 25
7 26
7 27
7 28
7 29
7 30
7 31
7 32
7 33
7 34
7 35
7 36
7 37
7 38
7 39
7 40
7 41
7 42
7 43
8 1
8 2
8 3
8 4
8 5
8 6
8 7
8 9
8 10
8 11
8 12
8 13
8 14
8 15
8 16
8 17
8 18
8 19
8 20
8 21
8 22
8 23
8 24
8 25
8 26
8 27
8 28
8 29
8 30
8 31
8 32
8 33
8 34
8 35
8 36
8 37
8 38
8 39
8 40
8 41
8 42
8 43
9 1
9 2
9 3
9 4
9 5
9 6
9 7
9 8
9 10
9 11
9 12
9 13
9 14
9 15
9 16
9 17
9 18
9 19
9 20
9 21
9 22
9 23
9 24
9 25
9 26
9 27
9 28
9 29
9 30
9 31
9 32
9 33
9 34
9 35
9 36
9 37
9 38
9 39
9 40
9 41
9 42
9 43
10 1
10 2
10 3
10 4
10 5
10 6
10 7
10 8
10 9
10 11
10 12
10 13
10 14
10 15
10 16
10 17
10 18
10 19
10 20
10 21
10 22
10 23
10 24
10 25
10 26
10 27
10 28
10 29
10 30
10 31
10 32
10 33
10 34
10 35
10 36
10 37
10 38
10 39
10 40
10 41
10 42
10 43
11 1
11 2
11 3
11 4
11 5
11 6
11 7
11 8
11 9
11 10
11 12
11 13
11 14
11 15
11 16
11 17
11 18
11 19
11 20
11 21
11 22
11 23
11 24
11 25
11 26
11 27
11 28
11 29
11 30
11 31
11 32
11 33
11 34
11 35
11 36
11 37
11 38
11 39
11 40
11 41
11 42
11 43
12 1
12 2
12 3
12 4
12 5
12 6
12 7
12 8
12 9
12 10
12 11
12 13
12 14
12 15
12 16
12 17
12 18
12 19
12 20
12 21
12 22
12 23
12 24
12 25
12 26
12 27
12 28
12 29
12 30
12 31
12 32
12 33
12 34
12 35
12 36
12 37
12 38
12 39
12 40
12 41
12 42
12 43
13 1
13 2
13 3
13 4
13 5
13 6
13 7
13 8
13 9
13 10
13 11
13 12
13 14
13 15
13 16
13 17
13 18
13 19
13 20
13 21
13 22
13 23
13 24
13 25
13 26
13 27
13 28
13 29
13 30
13 31
13 32
13 33
13 34
13 35
13 36
13 37
13 38
13 39
13 40
13 41
13 42
13 43
14 1
14 2
14 3
14 4
14 5
14 6
14 7
14 8
14 9
14 10
14 11
14 12
14 13
14 15
14 16
14 17
14 18
14 19
14 20
14 21
14 22
14 23
14 24
14 25
14 26
14 27
14 28
14 29
14 30
14 31
14 32
14 33
14 34
14 35
14 36
14 37
14 38
14 39
14 40
14 41
14 42
14 43
15 1
15 2
15 3
15 4
15 5
15 6
15 7
15 8
15 9
15 10
15 11
15 12
15 13
15 14
15 16
15 17
15 18
15 19
15 20
15 21
15 22
15 23
15 24
15 25
15 26
15 27
15 28
15 29
15 30
15 31
15 32
15 33
15 34
15 35
15 36
15 37
15 38
15 39
15 40
15 41
15 42
15 43
16 1
16 2
16 3
16 4
16 5
16 6
16 7
16 8
16 9
16 10
16 11
16 12
16 13
16 14
16 15
16 17
16 18
16 19
16 20
16 21
16 22
16 23
16 24
16 25
16 26
16 27
16 28
16 29
16 30
16 31
16 32
16 33
16 34
16 35
16 36
16 37
16 38
16 39
16 40
16 41
16 42
16 43
17 1
17 2
17 3
17 4
17 5
17 6
17 7
17 8
17 9
17 10
17 11
17 12
17 13
17 14
17 15
17 16
17 18
17 19
17 20
17 21
17 22
17 23
17 24
17 25
17 26
17 27
17 28
17 29
17 30
17 31
17 32
17 33
17 34
17 35
17 36
17 37
17 38
17 39
17 40
17 41
17 42
17 43
18 1
18 2
18 3
18 4
18 5
18 6
18 7
18 8
18 9
18 10
18 11
18 12
18 13
18 14
18 15
18 16
18 17
18 19
18 20
18 21
18 22
18 23
18 24
18 25
18 26
18 27
18 28
18 29
18 30
18 31
18 32
18 33
18 34
18 35
18 36
18 37
18 38
18 39
18 40
18 41
18 42
18 43
19 1
19 2
19 3
19 4
19 5
19 6
19 7
19 8
19 9
19 10
19 11
19 12
19 13
19 14
19 15
19 16
19 17
19 18
19 20
19 21
19 22
19 23
19 24
19 25
19 26
19 27
19 28
19 29
19 30
19 31
19 32
19 33
19 34
19 35
19 36
19 37
19 38
19 39
19 40
19 41
19 42
19 43
20 1
20 2
20 3
20 4
20 5
20 6
20 7
20 8
20 9
20 10
20 11
20 12
20 13
20 14
20 15
20 16
20 17
20 18
20 19
20 21
20 22
20 23
20 24
20 25
20 26
20 27
20 28
20 29
20 30
20 31
20 32
20 33
20 34
20 35
20 36
20 37
20 38
20 39
20 40
20 41
20 42
20 43
21 1
21 2
21 3
21 4
21 5
21 6
21 7
21 8
21 9
21 10
21 11
21 12
21 13
21 14
21 15
21 16
21 17
21 18
21 19
21 20
21 22
21 23
21 24
21 25
21 26
21 27
21 28
21 29
21 30
21 31
21 32
21 33
21 34
21 35
21 36
21 37
21 38
21 39
21 40
21 41
21 42
21 43
22 1
22 2
22 3
22 4
22 5
22 6
22 7
22 8
22 9
22 10
22 11
22 12
22 13
22 14
22 15
22 16
22 17
22 18
22 19
22 20
22 21
22 23
22 24
22 25
22 26
22 27
22 28
22 29
22 30
22 31
22 32
22 33
22 34
22 35
22 36
22 37
22 38
22 39
22 40
22 41
22 42
22 43
23 1
23 2
23 3
23 4
23 5
23 6
23 7
23 8
23 9
23 10
23 11
23 12
23 13
23 14
23 15
23 16
23 17
23 18
23 19
23 20
23 21
23 22
23 24
23 25
23 26
23 27
23 28
23 29
23 30
23 31
23 32
23 33
23 34
23 35
23 36
23 37
23 38
23 39
23 40
23 41
23 42
23 43
24 1
24 2
24 3
24 4
24 5
24 6
24 7
24 8
24 9
24 10
24 11
24 12
24 13
24 14
24 15
24 16
24 17
24 18
24 19
24 20
24 21
24 22
24 23
24 25
24 26
24 27
24 28
24 29
24 30
24 31
24 32
24 33
24 34
24 35
24 36
24 37
24 38
24 39
24 40
24 41
24 42
24 43
25 1
25 2
25 3
25 4
25 5
25 6
25 7
25 8
25 9
25 10
25 11
25 12
25 13
25 14
25 15
25 16
25 17
25 18
25 19
25 20
25 21
25 22
25 23
25 24
25 26
25 27
25 28
25 29
25 30
25 31
25 32
25 33
25 34
25 35
25 36
25 37
25 38
25 39
25 40
25 41
25 42
25 43
26 1
26 2
26 3
26 4
26 5
26 6
26 7
26 8
26 9
26 10
26 11
26 12
26 13
26 14
26 15
26 16
26 17
26 18
26 19
26 20
26 21
26 22
26 23
26 24
26 25
26 27
26 28
26 29
26 30
26 31
26 32
26 33
26 34
26 35
26 36
26 37
26 38
26 39
26 40
26 41
26 42
26 43
27 1
27 2
27 3
27 4
27 5
27 6
27 7
27 8
27 9
27 10
27 11
27 12
27 13
27 14
27 15
27 16
27 17
27 18
27 19
27 20
27 21
27 22
27 23
27 24
27 25
27 26
27 28
27 29
27 30
27 31
27 32
27 33
27 34
27 35
27 36
27 37
27 38
27 39
27 40
27 41
27 42
27 43
28 1
28 2
28 3
28 4
28 5
28 6
28 7
28 8
28 9
28 10
28 11
28 12
28 13
28 14
28 15
28 16
28 17
28 18
28 19
28 20
28 21
28 22
28 23
28 24
28 25
28 26
28 27
28 29
28 30
28 31
28 32
28 33
28 34
28 35
28 36
28 37
28 38
28 39
28 40
28 41
28 42
28 43
29 1
29 2
29 3
29 4
29 5
29 6
29 7
29 8
29 9
29 10
29 11
29 12
29 13
29 14
29 15
29 16
29 17
29 18
29 19
29 20
29 21
29 22
29 23
29 24
29 25
29 26
29 27
29 28
29 30
29 31
29 32
29 33
29 34
29 35
29 36
29 37
29 38
29 39
29 40
29 41
29 42
29 43
30 1
30 2
30 3
30 4
30 5
30 6
30 7
30 8
30 9
30 10
30 11
30 12
30 13
30 14
30 15
30 16
30 17
30 18
30 19
30 20
30 21
30 22
30 23
30 24
30 25
30 26
30 27
30 28
30 29
30 31
30 32
30 33
30 34
30 35
30 36
30 37
30 38
30 39
30 40
30 41
30 42
30 43
31 1
31 2
31 3
31 4
31 5
31 6
31 7
31 8
31 9
31 10
31 11
31 12
31 13
31 14
31 15
31 16
31 17
31 18
31 19
31 20
31 21
31 22
31 23
31 24
31 25
31 26
31 27
31 28
31 29
31 30
31 32
31 33
31 34
31 35
31 36
31 37
31 38
31 39
31 40
31 41
31 42
31 43
32 1
32 2
32 3
32 4
32 5
32 6
32 7
32 8
32 9
32 10
32 11
32 12
32 13
32 14
32 15
32 16
32 17
32 18
32 19
32 20
32 21
32 22
32 23
32 24
32 25
32 26
32 27
32 28
32 29
32 30
32 31
32 33
32 34
32 35
32 36
32 37
32 38
32 39
32 40
32 41
32 42
32 43
33 1
33 2
33 3
33 4
33 5
33 6
33 7
33 8
33 9
33 10
33 11
33 12
33 13
33 14
33 15
33 16
33 17
33 18
33 19
33 20
33 21
33 22
33 23
33 24
33 25
33 26
33 27
33 28
33 29
33 30
33 31
33 32
33 34
33 35
33 36
33 37
33 38
33 39
33 40
33 41
33 42
33 43
34 1
34 2
34 3
34 4
34 5
34 6
34 7
34 8
34 9
34 10
34 11
34 12
34 13
34 14
34 15
34 16
34 17
34 18
34 19
34 20
34 21
34 22
34 23
34 24
34 25
34 26
34 27
34 28
34 29
34 30
34 31
34 32
34 33
34 35
34 36
34 37
34 38
34 39
34 40
34 41
34 42
34 43
35 1
35 2
35 3
35 4
35 5
35 6
35 7
35 8
35 9
35 10
35 11
35 12
35 13
35 14
35 15
35 16
35 17
35 18
35 19
35 20
35 21
35 22
35 23
35 24
35 25
35 26
35 27
35 28
35 29
35 30
35 31
35 32
35 33
35 34
35 36
35 37
35 38
35 39
35 40
35 41
35 42
35 43
36 1
36 2
36 3
36 4
36 5
36 6
36 7
36 8
36 9
36 10
36 11
36 12
36 13
36 14
36 15
36 16
36 17
36 18
36 19
36 20
36 21
36 22
36 23
36 24
36 25
36 26
36 27
36 28
36 29
36 30
36 31
36 32
36 33
36 34
36 35
36 37
36 38
36 39
36 40
36 41
36 42
36 43
37 1
37 2
37 3
37 4
37 5
37 6
37 7
37 8
37 9
37 10
37 11
37 12
37 13
37 14
37 15
37 16
37 17
37 18
37 19
37 20
37 21
37 22
37 23
37 24
37 25
37 26
37 27
37 28
37 29
37 30
37 31
37 32
37 33
37 34
37 35
37 36
37 38
37 39
37 40
37 41
37 42
37 43
38 1
38 2
38 3
38 4
38 5
38 6
38 7
38 8
38 9
38 10
38 11
38 12
38 13
38 14
38 15
38 16
38 17
38 18
38 19
38 20
38 21
38 22
38 23
38 24
38 25
38 26
38 27
38 28
38 29
38 30
38 31
38 32
38 33
38 34
38 35
38 36
38 37
38 39
38 40
38 41
38 42
38 43
39 1
39 2
39 3
39 4
39 5
39 6
39 7
39 8
39 9
39 10
39 11
39 12
39 13
39 14
39 15
39 16
39 17
39 18
39 19
39 20
39 21
39 22
39 23
39 24
39 25
39 26
39 27
39 28
39 29
39 30
39 31
39 32
39 33
39 34
39 35
39 36
39 37
39 38
39 40
39 41
39 42
39 43
40 1
40 2
40 3
40 4
40 5
40 6
40 7
40 8
40 9
40 10
40 11
40 12
40 13
40 14
40 15
40 16
40 17
40 18
40 19
40 20
40 21
40 22
40 23
40 24
40 25
40 26
40 27
40 28
40 29
40 30
40 31
40 32
40 33
40 34
40 35
40 36
40 37
40 38
40 39
40 41
40 42
40 43
41 1
41 2
41 3
41 4
41 5
41 6
41 7
41 8
41 9
41 10
41 11
41 12
41 13
41 14
41 15
41 16
41 17
41 18
41 19
41 20
41 21
41 22
41 23
41 24
41 25
41 26
41 27
41 28
41 29
41 30
41 31
41 32
41 33
41 34
41 35
41 36
41 37
41 38
41 39
41 40
41 42
41 43
42 1
42 2
42 3
42 4
42 5
42 6
42 7
42 8
42 9
42 10
42 11
42 12
42 13
42 14
42 15
42 16
42 17
42 18
42 19
42 20
42 21
42 22
42 23
42 24
42 25
42 26
42 27
42 28
42 29
42 30
42 31
42 32
42 33
42 34
42 35
42 36
42 37
42 38
42 39
42 40
42 41
42 43
43 1
43 2
43 3
43 4
43 5
43 6
43 7
43 8
43 9
43 10
43 11
43 12
43 13
43 14
43 15
43 16
43 17
43 18
43 19
43 20
43 21
43 22
43 23
43 24
43 25
43 26
43 27
43 28
43 29
43 30
43 31
43 32
43 33
43 34
43 35
43 36
43 37
43 38
43 39
43 40
43 41
43 42
1 44
1 45
1 46
1 47
1 48
1 49
1 50
1 51
1 52
1 53
1 54
1 55
1 56
1 57
1 58
1 59
1 60
1 61
1 62
1 63
1 64
1 65
1 66
1 67
1 68
1 69
1 70
1 71
1 72
1 73
1 74
1 75
1 76
1 77
1 78
1 79
1 80
1 81
1 82
1 83
1 84
1 85
2 86
2 87
2 88
2 89
2 90
2 91
2 92
2 93
2 94
2 95
2 96
2 97
2 98
2 99
2 100
2 101
2 102
2 103
2 104
2 105
2 106
2 107
2 108
2 109
2 110
2 111
2 112
2 113
2 114
2 115
2 116
2 117
2 118
2 119
2 120
2 121
2 122
2 123
2 124
2 125
2 126
2 127
3 128
3 129
3 130
3 131
3 132
3 133
3 134
3 135
3 136
3 137
3 138
3 139
3 140
3 141
3 142
3 143
3 144
3 145
3 146
3 147
3 148
3 149
3 150
3 151
3 152
3 153
3 154
3 155
3 156
3 157
3 158
3 159
3 160
3 161
3 162
3 163
3 164
3 165
3 166
3 167
3 168
3 169
4 170
4 171
4 172
4 173
4 174
4 175
4 176
4 177
4 178
4 179
4 180
4 181
4 182
4 183
4 184
4 185
4 186
4 187
4 188
4 189
4 190
4 191
4 192
4 193
4 194
4 195
4 196
4 197
4 198
4 199
4 200
4 201
4 202
4 203
4 204
4 205
4 206
4 207
4 208
4 209
4 210
4 211
5 212
5 213
5 214
5 215
5 216
5 217
5 218
5 219
5 220
5 221
5 222
5 223
5 224
5 225
5 226
5 227
5 228
5 229
5 230
5 231
5 232
5 233
5 234
5 235
5 236
5 237
5 238
5 239
5 240
5 241
5 242
5 243
5 244
5 245
5 246
5 247
5 248
5 249
5 250
5 251
5 252
5 253
6 254
6 255
6 256
6 257
6 258
6 259
6 260
6 261
6 262
6 263
6 264
6 265
6 266
6 267
6 268
6 269
6 270
6 271
6 272
6 273
6 274
6 275
6 276
6 277
6 278
6 279
6 280
6 281
6 282
6 283
6 284
6 285
6 286
6 287
6 288
6 289
6 290
6 291
6 292
6 293
6 294
6 295
7 296
7 297
7 298
7 299
7 300
7 301
7 302
7 303
7 304
7 305
7 306
7 307
7 308
7 309
7 310
7 311
7 312
7 313
7 314
7 315
7 316
7 317
7 318
7 319
7 320
7 321
7 322
7 323
7 324
7 325
7 326
7 327
7 328
7 329
7 330
7 331
7 332
7 333
7 334
7 335
7 336
7 337
8 338
8 339
8 340
8 341
8 342
8 343
8 344
8 345
8 346
8 347
8 348
8 349
8 350
8 351
8 352
8 353
8 354
8 355
8 356
8 357
8 358
8 359
8 360
8 361
8 362
8 363
8 364
8 365
8 366
8 367
8 368
8 369
8 370
8 371
8 372
8 373
8 374
8 375
8 376
8 377
8 378
8 379
9 380
9 381
9 382
9 383
9 384
9 385
9 386
9 387
9 388
9 389
9 390
9 391
9 392
9 393
9 394
9 395
9 396
9 397
9 398
9 399
9 400
9 401
9 402
9 403
9 404
9 405
9 406
9 407
9 408
9 409
9 410
9 411
9 412
9 413
9 414
9 415
9 416
9 417
9 418
9 419
9 420
9 421
10 422
10 423
10 424
10 425
10 426
10 427
10 428
10 429
10 430
10 431
10 432
10 433
10 434
10 435
10 436
10 437
10 438
10 439
10 440
10 441
10 442
10 443
10 444
10 445
10 446
10 447
10 448
10 449
10 450
10 451
10 452
10 453
10 454
10 455
10 456
10 457
10 458
10 459
10 460
10 461
10 462
10 463
11 464
11 465
11 466
11 467
11 468
11 469
11 470
11 471
11 472
11 473
11 474
11 475
11 476
11 477
11 478
11 479
11 480
11 481
11 482
11 483
11 484
11 485
11 486
11 487
11 488
11 489
11 490
11 491
11 492
11 493
11 494
11 495
11 496
11 497
11 498
11 499
11 500
11 501
11 502
11 503
11 504
11 505
12 506
12 507
12 508
12 509
12 510
12 511
12 512
12 513
12 514
12 515
12 516
12 517
12 518
12 519
12 520
12 521
12 522
12 523
12 524
12 525
12 526
12 527
12 528
12 529
12 530
12 531
12 532
12 533
12 534
12 535
12 536
12 537
12 538
12 539
12 540
12 541
12 542
12 543
12 544
12 545
12 546
12 547
13 548
13 549
13 550
13 551
13 552
13 553
13 554
13 555
13 556
13 557
13 558
13 559
13 560
13 561
13 562
13 563
13 564
13 565
13 566
13 567
13 568
13 569
13 570
13 571
13 572
13 573
13 574
13 575
13 576
13 577
13 578
13 579
13 580
13 581
13 582
13 583
13 584
13 585
13 586
13 587
13 588
13 589
14 590
14 591
14 592
14 593
14 594
14 595
14 596
14 597
14 598
14 599
14 600
14 601
14 602
14 603
14 604
14 605
14 606
14 607
14 608
14 609
14 610
14 611
14 612
14 613
14 614
14 615
14 616
14 617
14 618
14 619
14 620
14 621
14 622
14 623
14 624
14 625
14 626
14 627
14 628
14 629
14 630
14 631
15 632
15 633
15 634
15 635
15 636
15 637
15 638
15 639
15 640
15 641
15 642
15 643
15 644
15 645
15 646
15 647
15 648
15 649
15 650
15 651
15 652
15 653
15 654
15 655
15 656
15 657
15 658
15 659
15 660
15 661
15 662
15 663
15 664
15 665
15 666
15 667
15 668
15 669
15 670
15 671
15 672
15 673
16 674
16 675
16 676
16 677
16 678
16 679
16 680
16 681
16 682
16 683
16 684
16 685
16 686
16 687
16 688
16 689
16 690
16 691
16 692
16 693
16 694
16 695
16 696
16 697
16 698
16 699
16 700
16 701
16 702
16 703
16 704
16 705
16 706
16 707
16 708
16 709
16 710
16 711
16 712
16 713
16 714
16 715
17 716
17 717
17 718
17 719
17 720
17 721
17 722
17 723
17 724
17 725
17 726
17 727
17 728
17 729
17 730
17 731
17 732
17 733
17 734
17 735
17 736
17 737
17 738
17 739
17 740
17 741
17 742
17 743
17 744
17 745
17 746
17 747
17 748
17 749
17 750
17 751
17 752
17 753
17 754
17 755
17 756
17 757
18 758
18 759
18 760
18 761
18 762
18 763
18 764
18 765
18 766
18 767
18 768
18 769
18 770
18 771
18 772
18 773
18 774
18 775
18 776
18 777
18 778
18 779
18 780
18 781
18 782
18 783
18 784
18 785
18 786
18 787
18 788
18 789
18 790
18 791
18 792
18 793
18 794
18 795
18 796
18 797
18 798
18 799
19 800
19 801
19 802
19 803
19 804
19 805
19 806
19 807
19 808
19 809
19 810
19 811
19 812
19 813
19 814
19 815
19 816
19 817
19 818
19 819
19 820
19 821
19 822
19 823
19 824
19 825
19 826
19 827
19 828
19 829
19 830
19 831
19 832
19 833
19 834
19 835
19 836
19 837
19 838
19 839
19 840
19 841
20 842
20 843
20 844
20 845
20 846
20 847
20 848
20 849
20 850
20 851
20 852
20 853
20 854
20 855
20 856
20 857
20 858
20 859
20 860
20 861
20 862
20 863
20 864
20 865
20 866
20 867
20 868
20 869
20 870
20 871
20 872
20 873
20 874
20 875
20 876
20 877
20 878
20 879
20 880
20 881
20 882
20 883
21 884
21 885
21 886
21 887
21 888
21 889
21 890
21 891
21 892
21 893
21 894
21 895
21 896
21 897
21 898
21 899
21 900
21 901
21 902
21 903
21 904
21 905
21 906
21 907
21 908
21 909
21 910
21 911
21 912
21 913
21 914
21 915
21 916
21 917
21 918
21 919
21 920
21 921
21 922
21 923
21 924
21 925
22 926
22 927
22 928
22 929
22 930
22 931
22 932
22 933
22 934
22 935
22 936
22 937
22 938
22 939
22 940
22 941
22 942
22 943
22 944
22 945
22 946
22 947
22 948
22 949
22 950
22 951
22 952
22 953
22 954
22 955
22 956
22 957
22 958
22 959
22 960
22 961
22 962
22 963
22 964
22 965
22 966
22 967
23 968
23 969
23 970
23 971
23 972
23 973
23 974
23 975
23 976
23 977
23 978
23 979
23 980
23 981
23 982
23 983
23 984
23 985
23 986
23 987
23 988
23 989
23 990
23 991
23 992
23 993
23 994
23 995
23 996
23 997
23 998
23 999
23 1000
23 1001
23 1002
23 1003
23 1004
23 1005
23 1006
23 1007
23 1008
23 1009
24 1010
24 1011
24 1012
24 1013
24 1014
24 1015
24 1016
24 1017
24 1018
24 1019
24 1020
24 1021
24 1022
24 1023
24 1024
24 1025
24 1026
24 1027
24 1028
24 1029
24 1030
24 1031
24 1032
24 1033
24 1034
24 1035
24 1036
24 1037
24 1038
24 1039
24 1040
24 1041
24 1042
24 1043
24 1044
24 1045
24 1046
24 1047
24 1048
24 1049
24 1050
24 1051
25 1052
25 1053
25 1054
25 1055
25 1056
25 1057
25 1058
25 1059
25 1060
25 1061
25 1062
25 1063
25 1064
25 1065
25 1066
25 1067
25 1068
25 1069
25 1070
25 1071
25 1072
25 1073
25 1074
25 1075
25 1076
25 1077
25 1078
25 1079
25 1080
25 1081
25 1082
25 1083
25 1084
25 1085
25 1086
25 1087
25 1088
25 1089
25 1090
25 1091
25 1092
25 1093
26 1094
26 1095
26 1096
26 1097
26 1098
26 1099
26 1100
26 1101
26 1102
26 1103
26 1104
26 1105
26 1106
26 1107
26 1108
26 1109
26 1110
26 1111
26 1112
26 1113
26 1114
26 1115
26 1116
26 1117
26 1118
26 1119
26 1120
26 1121
26 1122
26 1123
26 1124
26 1125
26 1126
26 1127
26 1128
26 1129
26 1130
26 1131
26 1132
26 1133
26 1134
26 1135
27 1136
27 1137
27 1138
27 1139
27 1140
27 1141
27 1142
27 1143
27 1144
27 1145
27 1146
27 1147
27 1148
27 1149
27 1150
27 1151
27 1152
27 1153
27 1154
27 1155
27 1156
27 1157
27 1158
27 1159
27 1160
27 1161
27 1162
27 1163
27 1164
27 1165
27 1166
27 1167
27 1168
27 1169
27 1170
27 1171
27 1172
27 1173
27 1174
27 1175
27 1176
27 1177
28 1178
28 1179
28 1180
28 1181
28 1182
28 1183
28 1184
28 1185
28 1186
28 1187
28 1188
28 1189
28 1190
28 1191
28 1192
28 1193
28 1194
28 1195
28 1196
28 1197
28 1198
28 1199
28 1200
28 1201
28 1202
28 1203
28 1204
28 1205
28 1206
28 1207
28 1208
28 1209
28 1210
28 1211
28 1212
28 1213
28 1214
28 1215
28 1216
28 1217
28 1218
28 1219
29 1220
29 1221
29 1222
29 1223
29 1224
29 1225
29 1226
29 1227
29 1228
29 1229
29 1230
29 1231
29 1232
29 1233
29 1234
29 1235
29 1236
29 1237
29 1238
29 1239
29 1240
29 1241
29 1242
29 1243
29 1244
29 1245
29 1246
29 1247
29 1248
29 1249
29 1250
29 1251
29 1252
29 1253
29 1254
29 1255
29 1256
29 1257
29 1258
29 1259
29 1260
29 1261
30 1262
30 1263
30 1264
30 1265
30 1266
30 1267
30 1268
30 1269
30 1270
30 1271
30 1272
30 1273
30 1274
30 1275
30 1276
30 1277
30 1278
30 1279
30 1280
30 1281
30 1282
30 1283
30 1284
30 1285
30 1286
30 1287
30 1288
30 1289
30 1290
30 1291
30 1292
30 1293
30 1294
30 1295
30 1296
30 1297
30 1298
30 1299
30 1300
30 1301
30 1302
30 1303
31 1304
31 1305
31 1306
31 1307
31 1308
31 1309
31 1310
31 1311
31 1312
31 1313
31 1314
31 1315
31 1316
31 1317
31 1318
31 1319
31 1320
31 1321
31 1322
31 1323
31 1324
31 1325
31 1326
31 1327
31 1328
31 1329
31 1330
31 1331
31 1332
31 1333
31 1334
31 1335
31 1336
31 1337
31 1338
31 1339
31 1340
31 1341
31 1342
31 1343
31 1344
31 1345
32 1346
32 1347
32 1348
32 1349
32 1350
32 1351
32 1352
32 1353
32 1354
32 1355
32 1356
32 1357
32 1358
32 1359
32 1360
32 1361
32 1362
32 1363
32 1364
32 1365
32 1366
32 1367
32 1368
32 1369
32 1370
32 1371
32 1372
32 1373
32 1374
32 1375
32 1376
32 1377
32 1378
32 1379
32 1380
32 1381
32 1382
32 1383
32 1384
32 1385
32 1386
32 1387
33 1388
33 1389
33 1390
33 1391
33 1392
33 1393
33 1394
33 1395
33 1396
33 1397
33 1398
33 1399
33 1400
33 1401
33 1402
33 1403
33 1404
33 1405
33 1406
33 1407
33 1408
33 1409
33 1410
33 1411
33 1412
33 1413
33 1414
33 1415
33 1416
33 1417
33 1418
33 1419
33 1420
33 1421
33 1422
33 1423
33 1424
33 1425
33 1426
33 1427
33 1428
33 1429
34 1430
34 1431
34 1432
34 1433
34 1434
34 1435
34 1436
34 1437
34 1438
34 1439
34 1440
34 1441
34 1442
34 1443
34 1444
34 1445
34 1446
34 1447
34 1448
34 1449
34 1450
34 1451
34 1452
34 1453
34 1454
34 1455
34 1456
34 1457
34 1458
34 1459
34 1460
34 1461
34 1462
34 1463
34 1464
34 1465
34 1466
34 1467
34 1468
34 1469
34 1470
34 1471
35 1472
35 1473
35 1474
35 1475
35 1476
35 1477
35 1478
35 1479
35 1480
35 1481
35 1482
35 1483
35 1484
35 1485
35 1486
35 1487
35 1488
35 1489
35 1490
35 1491
35 1492
35 1493
35 1494
35 1495
35 1496
35 1497
35 1498
35 1499
35 1500
35 1501
35 1502
35 1503
35 1504
35 1505
35 1506
35 1507
35 1508
35 1509
35 1510
35 1511
35 1512
35 1513
36 1514
36 1515
36 1516
36 1517
36 1518
36 1519
36 1520
36 1521
36 1522
36 1523
36 1524
36 1525
36 1526
36 1527
36 1528
36 1529
36 1530
36 1531
36 1532
36 1533
36 1534
36 1535
36 1536
36 1537
36 1538
36 1539
36 1540
36 1541
36 1542
36 1543
36 1544
36 1545
36 1546
36 1547
36 1548
36 1549
36 1550
36 1551
36 1552
36 1553
36 1554
36 1555
37 1556
37 1557
37 1558
37 1559
37 1560
37 1561
37 1562
37 1563
37 1564
37 1565
37 1566
37 1567
37 1568
37 1569
37 1570
37 1571
37 1572
37 1573
37 1574
37 1575
37 1576
37 1577
37 1578
37 1579
37 1580
37 1581
37 1582
37 1583
37 1584
37 1585
37 1586
37 1587
37 1588
37 1589
37 1590
37 1591
37 1592
37 1593
37 1594
37 1595
37 1596
37 1597
38 1598
38 1599
38 1600
38 1601
38 1602
38 1603
38 1604
38 1605
38 1606
38 1607
38 1608
38 1609
38 1610
38 1611
38 1612
38 1613
38 1614
38 1615
38 1616
38 1617
38 1618
38 1619
38 1620
38 1621
38 1622
38 1623
38 1624
38 1625
38 1626
38 1627
38 1628
38 1629
38 1630
38 1631
38 1632
38 1633
38 1634
38 1635
38 1636
38 1637
38 1638
38 1639
39 1640
39 1641
39 1642
39 1643
39 1644
39 1645
39 1646
39 1647
39 1648
39 1649
39 1650
39 1651
39 1652
39 1653
39 1654
39 1655
39 1656
39 1657
39 1658
39 1659
39 1660
39 1661
39 1662
39 1663
39 1664
39 1665
39 1666
39 1667
39 1668
39 1669
39 1670
39 1671
39 1672
39 1673
39 1674
39 1675
39 1676
39 1677
39 1678
39 1679
39 1680
39 1681
40 1682
40 1683
40 1684
40 1685
40 1686
40 1687
40 1688
40 1689
40 1690
40 1691
40 1692
40 1693
40 1694
40 1695
40 1696
40 1697
40 1698
40 1699
40 1700
40 1701
40 1702
40 1703
40 1704
40 1705
40 1706
40 1707
40 1708
40 1709
40 1710
40 1711
40 1712
40 1713
40 1714
40 1715
40 1716
40 1717
40 1718
40 1719
40 1720
40 1721
40 1722
40 1723
41 1724
41 1725
41 1726
41 1727
41 1728
41 1729
41 1730
41 1731
41 1732
41 1733
41 1734
41 1735
41 1736
41 1737
41 1738
41 1739
41 1740
41 1741
41 1742
41 1743
41 1744
41 1745
41 1746
41 1747
41 1748
41 1749
41 1750
41 1751
41 1752
41 1753
41 1754
41 1755
41 1756
41 1757
41 1758
41 1759
41 1760
41 1761
41 1762
41 1763
41 1764
41 1765
42 1766
42 1767
42 1768
42 1769
42 1770
42 1771
42 1772
42 1773
42 1774
42 1775
42 1776
42 1777
42 1778
42 1779
42 1780
42 1781
42 1782
42 1783
42 1784
42 1785
42 1786
42 1787
42 1788
42 1789
42 1790
42 1791
42 1792
42 1793
42 1794
42 1795
42 1796
42 1797
42 1798
42 1799
42 1800
42 1801
42 1802
42 1803
42 1804
42 1805
42 1806
42 1807
43 1808
43 1809
43 1810
43 1811
43 1812
43 1813
43 1814
43 1815
43 1816
43 1817
43 1818
43 1819
43 1820
43 1821
43 1822
43 1823
43 1824
43 1825
43 1826
43 1827
43 1828
43 1829
43 1830
43 1831
43 1832
43 1833
43 1834
43 1835
43 1836
43 1837
43 1838
43 1839
43 1840
43 1841
43 1842
43 1843
43 1844
43 1845
43 1846
43 1847
43 1848
43 1849
44 1850
44 1851
44 1852
44 1853
44 1854
44 1855
44 1856
44 1857
44 1858
44 1859
44 1860
44 1861
44 1862
44 1863
44 1864
44 1865
44 1866
44 1867
44 1868
44 1869
44 1870
44 1871
44 1872
44 1873
44 1874
44 1875
44 1876
44 1877
44 1878
44 1879
44 1880
44 1881
44 1882
44 1883
44 1884
44 1885
44 1886
44 1887
44 1888
44 1889
44 1890
44 1891
44 1892
44 1893
44 1894
44 1895
44 1896
44 1897
44 1898
44 1899
44 1900
44 1901
44 1902
44 1903
44 1904
44 1905
44 1906
44 1907
44 1908
44 1909
44 1910
44 1911
44 1912
44 1913
44 1914
44 1915
44 1916
44 1917
44 1918
44 1919
44 1920
44 1921
44 1922
44 1923
44 1924
44 1925
44 1926
44 1927
44 1928
44 1929
44 1930
44 1931
44 1932
44 1933
86 1934
86 1935
86 1936
86 1937
86 1938
86 1939
86 1940
86 1941
86 1942
86 1943
86 1944
86 1945
86 1946
86 1947
86 1948
86 1949
86 1950
86 1951
86 1952
86 1953
86 1954
86 1955
86 1956
86 1957
86 1958
86 1959
86 1960
86 1961
86 1962
86 1963
86 1964
86 1965
86 1966
86 1967
86 1968
86 1969
86 1970
86 1971
86 1972
86 1973
86 1974
86 1975
86 1976
86 1977
86 1978
86 1979
86 1980
86 1981
86 1982
86 1983
86 1984
86 1985
86 1986
86 1987
86 1988
86 1989
86 1990
86 1991
86 1992
86 1993
86 1994
86 1995
86 1996
86 1997
86 1998
86 1999
86 2000
86 2001
86 2002
86 2003
86 2004
86 2005
86 2006
86 2007
86 2008
86 2009
86 2010
86 2011
86 2012
86 2013
86 2014
86 2015
86 2016
86 2017
128 2018
128 2019
128 2020
128 2021
128 2022
128 2023
128 2024
128 2025
128 2026
128 2027
128 2028
128 2029
128 2030
128 2031
128 2032
128 2033
128 2034
128 2035
128 2036
128 2037
128 2038
128 2039
128 2040
128 2041
128 2042
128 2043
128 2044
128 2045
128 2046
128 2047
128 2048
128 2049
128 2050
128 2051
128 2052
128 2053
128 2054
128 2055
128 2056
128 2057
128 2058
128 2059
128 2060
128 2061
128 2062
128 2063
128 2064
128 2065
128 2066
128 2067
128 2068
128 2069
128 2070
128 2071
128 2072
128 2073
128 2074
128 2075
128 2076
128 2077
128 2078
128 2079
128 2080
128 2081
128 2082
128 2083
128 2084
128 2085
128 2086
128 2087
128 2088
128 2089
128 2090
128 2091
128 2092
128 2093
128 2094
128 2095
128 2096
128 2097
128 2098
128 2099
128 2100
128 2101
170 2102
170 2103
170 2104
170 2105
170 2106
170 2107
170 2108
170 2109
170 2110
170 2111
170 2112
170 2113
170 2114
170 2115
170 2116
170 2117
170 2118
170 2119
170 2120
170 2121
170 2122
170 2123
170 2124
170 2125
170 2126
170 2127
170 2128
170 2129
170 2130
170 2131
170 2132
170 2133
170 2134
170 2135
170 2136
170 2137
170 2138
170 2139
170 2140
170 2141
170 2142
170 2143
170 2144
170 2145
170 2146
170 2147
170 2148
170 2149
170 2150
170 2151
170 2152
170 2153
170 2154
170 2155
170 2156
170 2157
170 2158
170 2159
170 2160
170 2161
170 2162
170 2163
170 2164
170 2165
170 2166
170 2167
170 2168
170 2169
170 2170
170 2171
170 2172
170 2173
170 2174
170 2175
170 2176
170 2177
170 2178
170 2179
170 2180
170 2181
170 2182
170 2183
170 2184
170 2185
212 2186
212 2187
212 2188
212 2189
212 2190
212 2191
212 2192
212 2193
212 2194
212 2195
212 2196
212 2197
212 2198
212 2199
212 2200
212 2201
212 2202
212 2203
212 2204
212 2205
212 2206
212 2207
212 2208
212 2209
212 2210
212 2211
212 2212
212 2213
212 2214
212 2215
212 2216
212 2217
212 2218
212 2219
212 2220
212 2221
212 2222
212 2223
212 2224
212 2225
212 2226
212 2227
212 2228
212 2229
212 2230
212 2231
212 2232
212 2233
212 2234
212 2235
212 2236
212 2237
212 2238
212 2239
212 2240
212 2241
212 2242
212 2243
212 2244
212 2245
212 2246
212 2247
212 2248
212 2249
212 2250
212 2251
212 2252
212 2253
212 2254
212 2255
212 2256
212 2257
212 2258
212 2259
212 2260
212 2261
212 2262
212 2263
212 2264
212 2265
212 2266
212 2267
212 2268
212 2269
254 2270
254 2271
254 2272
254 2273
254 2274
254 2275
254 2276
254 2277
254 2278
254 2279
254 2280
254 2281
254 2282
254 2283
254 2284
254 2285
254 2286
254 2287
254 2288
254 2289
254 2290
254 2291
254 2292
254 2293
254 2294
254 2295
254 2296
254 2297
254 2298
254 2299
254 2300
254 2301
254 2302
254 2303
254 2304
254 2305
254 2306
254 2307
254 2308
254 2309
254 2310
254 2311
254 2312
254 2313
254 2314
254 2315
254 2316
254 2317
254 2318
254 2319
254 2320
254 2321
254 2322
254 2323
254 2324
254 2325
254 2326
254 2327
254 2328
254 2329
254 2330
254 2331
254 2332
254 2333
254 2334
254 2335
254 2336
254 2337
254 2338
254 2339
254 2340
254 2341
254 2342
254 2343
254 2344
254 2345
254 2346
254 2347
254 2348
254 2349
254 2350
254 2351
254 2352
254 2353
296 2354
296 2355
296 2356
296 2357
296 2358
296 2359
296 2360
296 2361
296 2362
296 2363
296 2364
296 2365
296 2366
296 2367
296 2368
296 2369
296 2370
296 2371
296 2372
296 2373
296 2374
296 2375
296 2376
296 2377
296 2378
296 2379
296 2380
296 2381
296 2382
296 2383
296 2384
296 2385
296 2386
296 2387
296 2388
296 2389
296 2390
296 2391
296 2392
296 2393
296 2394
296 2395
296 2396
296 2397
296 2398
296 2399
296 2400
296 2401
296 2402
296 2403
296 2404
296 2405
296 2406
296 2407
296 2408
296 2409
296 2410
296 2411
296 2412
296 2413
296 2414
296 2415
296 2416
296 2417
296 2418
296 2419
296 2420
296 2421
296 2422
296 2423
296 2424
296 2425
296 2426
296 2427
296 2428
296 2429
296 2430
296 2431
296 2432
296 2433
296 2434
296 2435
296 2436
296 2437
338 2438
338 2439
338 2440
338 2441
338 2442
338 2443
338 2444
338 2445
338 2446
338 2447
338 2448
338 2449
338 2450
338 2451
338 2452
338 2453
338 2454
338 2455
338 2456
338 2457
338 2458
338 2459
338 2460
338 2461
338 2462
338 2463
338 2464
338 2465
338 2466
338 2467
338 2468
338 2469
338 2470
338 2471
338 2472
338 2473
338 2474
338 2475
338 2476
338 2477
338 2478
338 2479
338 2480
338 2481
338 2482
338 2483
338 2484
338 2485
338 2486
338 2487
338 2488
338 2489
338 2490
338 2491
338 2492
338 2493
338 2494
338 2495
338 2496
338 2497
338 2498
338 2499
338 2500
338 2501
338 2502
338 2503
338 2504
338 2505
338 2506
338 2507
338 2508
338 2509
338 2510
338 2511
338 2512
338 2513
338 2514
338 2515
338 2516
338 2517
338 2518
338 2519
338 2520
338 2521
380 2522
380 2523
380 2524
380 2525
380 2526
380 2527
380 2528
380 2529
380 2530
380 2531
380 2532
380 2533
380 2534
380 2535
380 2536
380 2537
380 2538
380 2539
380 2540
380 2541
380 2542
380 2543
380 2544
380 2545
380 2546
380 2547
380 2548
380 2549
380 2550
380 2551
380 2552
380 2553
380 2554
380 2555
380 2556
380 2557
380 2558
380 2559
380 2560
380 2561
380 2562
380 2563
380 2564
380 2565
380 2566
380 2567
380 2568
380 2569
380 2570
380 2571
380 2572
380 2573
380 2574
380 2575
380 2576
380 2577
380 2578
380 2579
380 2580
380 2581
380 2582
380 2583
380 2584
380 2585
380 2586
380 2587
380 2588
380 2589
380 2590
380 2591
380 2592
380 2593
380 2594
380 2595
380 2596
380 2597
380 2598
380 2599
380 2600
380 2601
380 2602
380 2603
380 2604
380 2605
422 2606
422 2607
422 2608
422 2609
422 2610
422 2611
422 2612
422 2613
422 2614
422 2615
422 2616
422 2617
422 2618
422 2619
422 2620
422 2621
422 2622
422 2623
422 2624
422 2625
422 2626
422 2627
422 2628
422 2629
422 2630
422 2631
422 2632
422 2633
422 2634
422 2635
422 2636
422 2637
422 2638
422 2639
422 2640
422 2641
422 2642
422 2643
422 2644
422 2645
422 2646
422 2647
422 2648
422 2649
422 2650
422 2651
422 2652
422 2653
422 2654
422 2655
422 2656
422 2657
422 2658
422 2659
422 2660
422 2661
422 2662
422 2663
422 2664
422 2665
422 2666
422 2667
422 2668
422 2669
422 2670
422 2671
422 2672
422 2673
422 2674
422 2675
422 2676
422 2677
422 2678
422 2679
422 2680
422 2681
422 2682
422 2683
422 2684
422 2685
422 2686
422 2687
422 2688
422 2689
464 2690
464 2691
464 2692
464 2693
464 2694
464 2695
464 2696
464 2697
464 2698
464 2699
464 2700
464 2701
464 2702
464 2703
464 2704
464 2705
464 2706
464 2707
464 2708
464 2709
464 2710
464 2711
464 2712
464 2713
464 2714
464 2715
464 2716
464 2717
464 2718
464 2719
464 2720
464 2721
464 2722
464 2723
464 2724
464 2725
464 2726
464 2727
464 2728
464 2729
464 2730
464 2731
464 2732
464 2733
464 2734
464 2735
464 2736
464 2737
464 2738
464 2739
464 2740
464 2741
464 2742
464 2743
464 2744
464 2745
464 2746
464 2747
464 2748
464 2749
464 2750
464 2751
464 2752
464 2753
464 2754
464 2755
464 2756
464 2757
464 2758
464 2759
464 2760
464 2761
464 2762
464 2763
464 2764
464 2765
464 2766
464 2767
464 2768
464 2769
464 2770
464 2771
464 2772
464 2773
506 2774
506 2775
506 2776
506 2777
506 2778
506 2779
506 2780
506 2781
506 2782
506 2783
506 2784
506 2785
506 2786
506 2787
506 2788
506 2789
506 2790
506 2791
506 2792
506 2793
506 2794
506 2795
506 2796
506 2797
506 2798
506 2799
506 2800
506 2801
506 2802
506 2803
506 2804
506 2805
506 2806
506 2807
506 2808
506 2809
506 2810
506 2811
506 2812
506 2813
506 2814
506 2815
506 2816
506 2817
506 2818
506 2819
506 2820
506 2821
506 2822
506 2823
506 2824
506 2825
506 2826
506 2827
506 2828
506 2829
506 2830
506 2831
506 2832
506 2833
506 2834
506 2835
506 2836
506 2837
506 2838
506 2839
506 2840
506 2841
506 2842
506 2843
506 2844
506 2845
506 2846
506 2847
506 2848
506 2849
506 2850
506 2851
506 2852
506 2853
506 2854
506 2855
506 2856
506 2857
548 2858
548 2859
548 2860
548 2861
548 2862
548 2863
548 2864
548 2865
548 2866
548 2867
548 2868
548 2869
548 2870
548 2871
548 2872
548 2873
548 2874
548 2875
548 2876
548 2877
548 2878
548 2879
548 2880
548 2881
548 2882
548 2883
548 2884
548 2885
548 2886
548 2887
548 2888
548 2889
548 2890
548 2891
548 2892
548 2893
548 2894
548 2895
548 2896
548 2897
548 2898
548 2899
548 2900
548 2901
548 2902
548 2903
548 2904
548 2905
548 2906
548 2907
548 2908
548 2909
548 2910
548 2911
548 2912
548 2913
548 2914
548 2915
548 2916
548 2917
548 2918
548 2919
548 2920
548 2921
548 2922
548 2923
548 2924
548 2925
548 2926
548 2927
548 2928
548 2929
548 2930
548 2931
548 2932
548 2933
548 2934
548 2935
548 2936
548 2937
548 2938
548 2939
548 2940
548 2941
590 2942
590 2943
590 2944
590 2945
590 2946
590 2947
590 2948
590 2949
590 2950
590 2951
590 2952
590 2953
590 2954
590 2955
590 2956
590 2957
590 2958
590 2959
590 2960
590 2961
590 2962
590 2963
590 2964
590 2965
590 2966
590 2967
590 2968
590 2969
590 2970
590 2971
590 2972
590 2973
590 2974
590 2975
590 2976
590 2977
590 2978
590 2979
590 2980
590 2981
590 2982
590 2983
590 2984
590 2985
590 2986
590 2987
590 2988
590 2989
590 2990
590 2991
590 2992
590 2993
590 2994
590 2995
590 2996
590 2997
590 2998
590 2999
590 3000
590 3001
590 3002
590 3003
590 3004
590 3005
590 3006
590 3007
590 3008
590 3009
590 3010
590 3011
590 3012
590 3013
590 3014
590 3015
590 3016
590 3017
590 3018
590 3019
590 3020
590 3021
590 3022
590 3023
590 3024
590 3025
632 3026
632 3027
632 3028
632 3029
632 3030
632 3031
632 3032
632 3033
632 3034
632 3035
632 3036
632 3037
632 3038
632 3039
632 3040
632 3041
632 3042
632 3043
632 3044
632 3045
632 3046
632 3047
632 3048
632 3049
632 3050
632 3051
632 3052
632 3053
632 3054
632 3055
632 3056
632 3057
632 3058
632 3059
632 3060
632 3061
632 3062
632 3063
632 3064
632 3065
632 3066
632 3067
632 3068
632 3069
632 3070
632 3071
632 3072
632 3073
632 3074
632 3075
632 3076
632 3077
632 3078
632 3079
632 3080
632 3081
632 3082
632 3083
632 3084
632 3085
632 3086
632 3087
632 3088
632 3089
632 3090
632 3091
632 3092
632 3093
632 3094
632 3095
632 3096
632 3097
632 3098
632 3099
632 3100
632 3101
632 3102
632 3103
632 3104
632 3105
632 3106
632 3107
632 3108
632 3109
674 3110
674 3111
674 3112
674 3113
674 3114
674 3115
674 3116
674 3117
674 3118
674 3119
674 3120
674 3121
674 3122
674 3123
674 3124
674 3125
674 3126
674 3127
674 3128
674 3129
674 3130
674 3131
674 3132
674 3133
674 3134
674 3135
674 3136
674 3137
674 3138
674 3139
674 3140
674 3141
674 3142
674 3143
674 3144
674 3145
674 3146
674 3147
674 3148
674 3149
674 3150
674 3151
674 3152
674 3153
674 3154
674 3155
674 3156
674 3157
674 3158
674 3159
674 3160
674 3161
674 3162
674 3163
674 3164
674 3165
674 3166
674 3167
674 3168
674 3169
674 3170
674 3171
674 3172
674 3173
674 3174
674 3175
674 3176
674 3177
674 3178
674 3179
674 3180
674 3181
674 3182
674 3183
674 3184
674 3185
674 3186
674 3187
674 3188
674 3189
674 3190
674 3191
674 3192
674 3193
716 3194
716 3195
716 3196
716 3197
716 3198
716 3199
716 3200
716 3201
716 3202
716 3203
716 3204
716 3205
716 3206
716 3207
716 3208
716 3209
716 3210
716 3211
716 3212
716 3213
716 3214
716 3215
716 3216
716 3217
716 3218
716 3219
716 3220
716 3221
716 3222
716 3223
716 3224
716 3225
716 3226
716 3227
716 3228
716 3229
716 3230
716 3231
716 3232
716 3233
716 3234
716 3235
716 3236
716 3237
716 3238
716 3239
716 3240
716 3241
716 3242
716 3243
716 3244
716 3245
716 3246
716 3247
716 3248
716 3249
716 3250
716 3251
716 3252
716 3253
716 3254
716 3255
716 3256
716 3257
716 3258
716 3259
716 3260
716 3261
716 3262
716 3263
716 3264
716 3265
716 3266
716 3267
716 3268
716 3269
716 3270
716 3271
716 3272
716 3273
716 3274
716 3275
716 3276
716 3277
758 3278
758 3279
758 3280
758 3281
758 3282
758 3283
758 3284
758 3285
758 3286
758 3287
758 3288
758 3289
758 3290
758 3291
758 3292
758 3293
758 3294
758 3295
758 3296
758 3297
758 3298
758 3299
758 3300
758 3301
758 3302
758 3303
758 3304
758 3305
758 3306
758 3307
758 3308
758 3309
758 3310
758 3311
758 3312
758 3313
758 3314
758 3315
758 3316
758 3317
758 3318
758 3319
758 3320
758 3321
758 3322
758 3323
758 3324
758 3325
758 3326
758 3327
758 3328
758 3329
758 3330
758 3331
758 3332
758 3333
758 3334
758 3335
758 3336
758 3337
758 3338
758 3339
758 3340
758 3341
758 3342
758 3343
758 3344
758 3345
758 3346
758 3347
758 3348
758 3349
758 3350
758 3351
758 3352
758 3353
758 3354
758 3355
758 3356
758 3357
758 3358
758 3359
758 3360
758 3361
800 3362
800 3363
800 3364
800 3365
800 3366
800 3367
800 3368
800 3369
800 3370
800 3371
800 3372
800 3373
800 3374
800 3375
800 3376
800 3377
800 3378
800 3379
800 3380
800 3381
800 3382
800 3383
800 3384
800 3385
800 3386
800 3387
800 3388
800 3389
800 3390
800 3391
800 3392
800 3393
800 3394
800 3395
800 3396
800 3397
800 3398
800 3399
800 3400
800 3401
800 3402
800 3403
800 3404
800 3405
800 3406
800 3407
800 3408
800 3409
800 3410
800 3411
800 3412
800 3413
800 3414
800 3415
800 3416
800 3417
800 3418
800 3419
800 3420
800 3421
800 3422
800 3423
800 3424
800 3425
800 3426
800 3427
800 3428
800 3429
800 3430
800 3431
800 3432
800 3433
800 3434
800 3435
800 3436
800 3437
800 3438
800 3439
800 3440
800 3441
800 3442
800 3443
800 3444
800 3445
842 3446
842 3447
842 3448
842 3449
842 3450
842 3451
842 3452
842 3453
842 3454
842 3455
842 3456
842 3457
842 3458
842 3459
842 3460
842 3461
842 3462
842 3463
842 3464
842 3465
842 3466
842 3467
842 3468
842 3469
842 3470
842 3471
842 3472
842 3473
842 3474
842 3475
842 3476
842 3477
842 3478
842 3479
842 3480
842 3481
842 3482
842 3483
842 3484
842 3485
842 3486
842 3487
842 3488
842 3489
842 3490
842 3491
842 3492
842 3493
842 3494
842 3495
842 3496
842 3497
842 3498
842 3499
842 3500
842 3501
842 3502
842 3503
842 3504
842 3505
842 3506
842 3507
842 3508
842 3509
842 3510
842 3511
842 3512
842 3513
842 3514
842 3515
842 3516
842 3517
842 3518
842 3519
842 3520
842 3521
842 3522
842 3523
842 3524
842 3525
842 3526
842 3527
842 3528
842 3529
884 3530
884 3531
884 3532
884 3533
884 3534
884 3535
884 3536
884 3537
884 3538
884 3539
884 3540
884 3541
884 3542
884 3543
884 3544
884 3545
884 3546
884 3547
884 3548
884 3549
884 3550
884 3551
884 3552
884 3553
884 3554
884 3555
884 3556
884 3557
884 3558
884 3559
884 3560
884 3561
884 3562
884 3563
884 3564
884 3565
884 3566
884 3567
884 3568
884 3569
884 3570
884 3571
884 3572
884 3573
884 3574
884 3575
884 3576
884 3577
884 3578
884 3579
884 3580
884 3581
884 3582
884 3583
884 3584
884 3585
884 3586
884 3587
884 3588
884 3589
884 3590
884 3591
884 3592
884 3593
884 3594
884 3595
884 3596
884 3597
884 3598
884 3599
884 3600
884 3601
884 3602
884 3603
884 3604
884 3605
884 3606
884 3607
884 3608
884 3609
884 3610
884 3611
884 3612
884 3613
926 3614
926 3615
926 3616
926 3617
926 3618
926 3619
926 3620
926 3621
926 3622
926 3623
926 3624
926 3625
926 3626
926 3627
926 3628
926 3629
926 3630
926 3631
926 3632
926 3633
926 3634
926 3635
926 3636
926 3637
926 3638
926 3639
926 3640
926 3641
926 3642
926 3643
926 3644
926 3645
926 3646
926 3647
926 3648
926 3649
926 3650
926 3651
926 3652
926 3653
926 3654
926 3655
926 3656
926 3657
926 3658
926 3659
926 3660
926 3661
926 3662
926 3663
926 3664
926 3665
926 3666
926 3667
926 3668
926 3669
926 3670
926 3671
926 3672
926 3673
926 3674
926 3675
926 3676
926 3677
926 3678
926 3679
926 3680
926 3681
926 3682
926 3683
926 3684
926 3685
926 3686
926 3687
926 3688
926 3689
926 3690
926 3691
926 3692
926 3693
926 3694
926 3695
926 3696
926 3697
968 3698
968 3699
968 3700
968 3701
968 3702
968 3703
968 3704
968 3705
968 3706
968 3707
968 3708
968 3709
968 3710
968 3711
968 3712
968 3713
968 3714
968 3715
968 3716
968 3717
968 3718
968 3719
968 3720
968 3721
968 3722
968 3723
968 3724
968 3725
968 3726
968 3727
968 3728
968 3729
968 3730
968 3731
968 3732
968 3733
968 3734
968 3735
968 3736
968 3737
968 3738
968 3739
968 3740
968 3741
968 3742
968 3743
968 3744
968 3745
968 3746
968 3747
968 3748
968 3749
968 3750
968 3751
968 3752
968 3753
968 3754
968 3755
968 3756
968 3757
968 3758
968 3759
968 3760
968 3761
968 3762
968 3763
968 3764
968 3765
968 3766
968 3767
968 3768
968 3769
968 3770
968 3771
968 3772
968 3773
968 3774
968 3775
968 3776
968 3777
968 3778
968 3779
968 3780
968 3781
1010 3782
1010 3783
1010 3784
1010 3785
1010 3786
1010 3787
1010 3788
1010 3789
1010 3790
1010 3791
1010 3792
1010 3793
1010 3794
1010 3795
1010 3796
1010 3797
1010 3798
1010 3799
1010 3800
1010 3801
1010 3802
1010 3803
1010 3804
1010 3805
1010 3806
1010 3807
1010 3808
1010 3809
1010 3810
1010 3811
1010 3812
1010 3813
1010 3814
1010 3815
1010 3816
1010 3817
1010 3818
1010 3819
1010 3820
1010 3821
1010 3822
1010 3823
1010 3824
1010 3825
1010 3826
1010 3827
1010 3828
1010 3829
1010 3830
1010 3831
1010 3832
1010 3833
1010 3834
1010 3835
1010 3836
1010 3837
1010 3838
1010 3839
1010 3840
1010 3841
1010 3842
1010 3843
1010 3844
1010 3845
1010 3846
1010 3847
1010 3848
1010 3849
1010 3850
1010 3851
1010 3852
1010 3853
1010 3854
1010 3855
1010 3856
1010 3857
1010 3858
1010 3859
1010 3860
1010 3861
1010 3862
1010 3863
1010 3864
1010 3865
1052 3866
1052 3867
1052 3868
1052 3869
1052 3870
1052 3871
1052 3872
1052 3873
1052 3874
1052 3875
1052 3876
1052 3877
1052 3878
1052 3879
1052 3880
1052 3881
1052 3882
1052 3883
1052 3884
1052 3885
1052 3886
1052 3887
1052 3888
1052 3889
1052 3890
1052 3891
1052 3892
1052 3893
1052 3894
1052 3895
1052 3896
1052 3897
1052 3898
1052 3899
1052 3900
1052 3901
1052 3902
1052 3903
1052 3904
1052 3905
1052 3906
1052 3907
1052 3908
1052 3909
1052 3910
1052 3911
1052 3912
1052 3913
1052 3914
1052 3915
1052 3916
1052 3917
1052 3918
1052 3919
1052 3920
1052 3921
1052 3922
1052 3923
1052 3924
1052 3925
1052 3926
1052 3927
1052 3928
1052 3929
1052 3930
1052 3931
1052 3932
1052 3933
1052 3934
1052 3935
1052 3936
1052 3937
1052 3938
1052 3939
1052 3940
1052 3941
1052 3942
1052 3943
1052 3944
1052 3945
1052 3946
1052 3947
1052 3948
1052 3949
1094 3950
1094 3951
1094 3952
1094 3953
1094 3954
1094 3955
1094 3956
1094 3957
1094 3958
1094 3959
1094 3960
1094 3961
1094 3962
1094 3963
1094 3964
1094 3965
1094 3966
1094 3967
1094 3968
1094 3969
1094 3970
1094 3971
1094 3972
1094 3973
1094 3974
1094 3975
1094 3976
1094 3977
1094 3978
1094 3979
1094 3980
1094 3981
1094 3982
1094 3983
1094 3984
1094 3985
1094 3986
1094 3987
1094 3988
1094 3989
1094 3990
1094 3991
1094 3992
1094 3993
1094 3994
1094 3995
1094 3996
1094 3997
1094 3998
1094 3999
1094 4000
1094 4001
1094 4002
1094 4003
1094 4004
1094 4005
1094 4006
1094 4007
1094 4008
1094 4009
1094 4010
1094 4011
1094 4012
1094 4013
1094 4014
1094 4015
1094 4016
1094 4017
1094 4018
1094 4019
1094 4020
1094 4021
1094 4022
1094 4023
1094 4024
1094 4025
1094 4026
1094 4027
1094 4028
1094 4029
1094 4030
1094 4031
1094 4032
1094 4033
1136 4034
1136 4035
1136 4036
1136 4037
1136 4038
1136 4039
1136 4040
1136 4041
1136 4042
1136 4043
1136 4044
1136 4045
1136 4046
1136 4047
1136 4048
1136 4049
1136 4050
1136 4051
1136 4052
1136 4053
1136 4054
1136 4055
1136 4056
1136 4057
1136 4058
1136 4059
1136 4060
1136 4061
1136 4062
1136 4063
1136 4064
1136 4065
1136 4066
1136 4067
1136 4068
1136 4069
1136 4070
1136 4071
1136 4072
1136 4073
1136 4074
1136 4075
1136 4076
1136 4077
1136 4078
1136 4079
1136 4080
1136 4081
1136 4082
1136 4083
1136 4084
1136 4085
1136 4086
1136 4087
1136 4088
1136 4089
1136 4090
1136 4091
1136 4092
1136 4093
1136 4094
1136 4095
1136 4096
1136 4097
1136 4098
1136 4099
1136 4100
1136 4101
1136 4102
1136 4103
1136 4104
1136 4105
1136 4106
1136 4107
1136 4108
1136 4109
1136 4110
1136 4111
1136 4112
1136 4113
1136 4114
1136 4115
1136 4116
1136 4117
1178 4118
1178 4119
1178 4120
1178 4121
1178 4122
1178 4123
1178 4124
1178 4125
1178 4126
1178 4127
1178 4128
1178 4129
1178 4130
1178 4131
1178 4132
1178 4133
1178 4134
1178 4135
1178 4136
1178 4137
1178 4138
1178 4139
1178 4140
1178 4141
1178 4142
1178 4143
1178 4144
1178 4145
1178 4146
1178 4147
1178 4148
1178 4149
1178 4150
1178 4151
1178 4152
1178 4153
1178 4154
1178 4155
1178 4156
1178 4157
1178 4158
1178 4159
1178 4160
1178 4161
1178 4162
1178 4163
1178 4164
1178 4165
1178 4166
1178 4167
1178 4168
1178 4169
1178 4170
1178 4171
1178 4172
1178 4173
1178 4174
1178 4175
1178 4176
1178 4177
1178 4178
1178 4179
1178 4180
1178 4181
1178 4182
1178 4183
1178 4184
1178 4185
1178 4186
1178 4187
1178 4188
1178 4189
1178 4190
1178 4191
1178 4192
1178 4193
1178 4194
1178 4195
1178 4196
1178 4197
1178 4198
1178 4199
1178 4200
1178 4201
1220 4202
1220 4203
1220 4204
1220 4205
1220 4206
1220 4207
1220 4208
1220 4209
1220 4210
1220 4211
1220 4212
1220 4213
1220 4214
1220 4215
1220 4216
1220 4217
1220 4218
1220 4219
1220 4220
1220 4221
1220 4222
1220 4223
1220 4224
1220 4225
1220 4226
1220 4227
1220 4228
1220 4229
1220 4230
1220 4231
1220 4232
1220 4233
1220 4234
1220 4235
1220 4236
1220 4237
1220 4238
1220 4239
1220 4240
1220 4241
1220 4242
1220 4243
1220 4244
1220 4245
1220 4246
1220 4247
1220 4248
1220 4249
1220 4250
1220 4251
1220 4252
1220 4253
1220 4254
1220 4255
1220 4256
1220 4257
1220 4258
1220 4259
1220 4260
1220 4261
1220 4262
1220 4263
1220 4264
1220 4265
1220 4266
1220 4267
1220 4268
1220 4269
1220 4270
1220 4271
1220 4272
1220 4273
1220 4274
1220 4275
1220 4276
1220 4277
1220 4278
1220 4279
1220 4280
1220 4281
1220 4282
1220 4283
1220 4284
1220 4285
1262 4286
1262 4287
1262 4288
1262 4289
1262 4290
1262 4291
1262 4292
1262 4293
1262 4294
1262 4295
1262 4296
1262 4297
1262 4298
1262 4299
1262 4300
1262 4301
1262 4302
1262 4303
1262 4304
1262 4305
1262 4306
1262 4307
1262 4308
1262 4309
1262 4310
1262 4311
1262 4312
1262 4313
1262 4314
1262 4315
1262 4316
1262 4317
1262 4318
1262 4319
1262 4320
1262 4321
1262 4322
1262 4323
1262 4324
1262 4325
1262 4326
1262 4327
1262 4328
1262 4329
1262 4330
1262 4331
1262 4332
1262 4333
1262 4334
1262 4335
1262 4336
1262 4337
1262 4338
1262 4339
1262 4340
1262 4341
1262 4342
1262 4343
1262 4344
1262 4345
1262 4346
1262 4347
1262 4348
1262 4349
1262 4350
1262 4351
1262 4352
1262 4353
1262 4354
1262 4355
1262 4356
1262 4357
1262 4358
1262 4359
1262 4360
1262 4361
1262 4362
1262 4363
1262 4364
1262 4365
1262 4366
1262 4367
1262 4368
1262 4369
1304 4370
1304 4371
1304 4372
1304 4373
1304 4374
1304 4375
1304 4376
1304 4377
1304 4378
1304 4379
1304 4380
1304 4381
1304 4382
1304 4383
1304 4384
1304 4385
1304 4386
1304 4387
1304 4388
1304 4389
1304 4390
1304 4391
1304 4392
1304 4393
1304 4394
1304 4395
1304 4396
1304 4397
1304 4398
1304 4399
1304 4400
1304 4401
1304 4402
1304 4403
1304 4404
1304 4405
1304 4406
1304 4407
1304 4408
1304 4409
1304 4410
1304 4411
1304 4412
1304 4413
1304 4414
1304 4415
1304 4416
1304 4417
1304 4418
1304 4419
1304 4420
1304 4421
1304 4422
1304 4423
1304 4424
1304 4425
1304 4426
1304 4427
1304 4428
1304 4429
1304 4430
1304 4431
1304 4432
1304 4433
1304 4434
1304 4435
1304 4436
1304 4437
1304 4438
1304 4439
1304 4440
1304 4441
1304 4442
1304 4443
1304 4444
1304 4445
1304 4446
1304 4447
1304 4448
1304 4449
1304 4450
1304 4451
1304 4452
1304 4453
1346 4454
1346 4455
1346 4456
1346 4457
1346 4458
1346 4459
1346 4460
1346 4461
1346 4462
1346 4463
1346 4464
1346 4465
1346 4466
1346 4467
1346 4468
1346 4469
1346 4470
1346 4471
1346 4472
1346 4473
1346 4474
1346 4475
1346 4476
1346 4477
1346 4478
1346 4479
1346 4480
1346 4481
1346 4482
1346 4483
1346 4484
1346 4485
1346 4486
1346 4487
1346 4488
1346 4489
1346 4490
1346 4491
1346 4492
1346 4493
1346 4494
1346 4495
1346 4496
1346 4497
1346 4498
1346 4499
1346 4500
1346 4501
1346 4502
1346 4503
1346 4504
1346 4505
1346 4506
1346 4507
1346 4508
1346 4509
1346 4510
1346 4511
1346 4512
1346 4513
1346 4514
1346 4515
1346 4516
1346 4517
1346 4518
1346 4519
1346 4520
1346 4521
1346 4522
1346 4523
1346 4524
1346 4525
1346 4526
1346 4527
1346 4528
1346 4529
1346 4530
1346 4531
1346 4532
1346 4533
1346 4534
1346 4535
1346 4536
1346 4537
1388 4538
1388 4539
1388 4540
1388 4541
1388 4542
1388 4543
1388 4544
1388 4545
1388 4546
1388 4547
1388 4548
1388 4549
1388 4550
1388 4551
1388 4552
1388 4553
1388 4554
1388 4555
1388 4556
1388 4557
1388 4558
1388 4559
1388 4560
1388 4561
1388 4562
1388 4563
1388 4564
1388 4565
1388 4566
1388 4567
1388 4568
1388 4569
1388 4570
1388 4571
1388 4572
1388 4573
1388 4574
1388 4575
1388 4576
1388 4577
1388 4578
1388 4579
1388 4580
1388 4581
1388 4582
1388 4583
1388 4584
1388 4585
1388 4586
1388 4587
1388 4588
1388 4589
1388 4590
1388 4591
1388 4592
1388 4593
1388 4594
1388 4595
1388 4596
1388 4597
1388 4598
1388 4599
1388 4600
1388 4601
1388 4602
1388 4603
1388 4604
1388 4605
1388 4606
1388 4607
1388 4608
1388 4609
1388 4610
1388 4611
1388 4612
1388 4613
1388 4614
1388 4615
1388 4616
1388 4617
1388 4618
1388 4619
1388 4620
1388 4621
1430 4622
1430 4623
1430 4624
1430 4625
1430 4626
1430 4627
1430 4628
1430 4629
1430 4630
1430 4631
1430 4632
1430 4633
1430 4634
1430 4635
1430 4636
1430 4637
1430 4638
1430 4639
1430 4640
1430 4641
1430 4642
1430 4643
1430 4644
1430 4645
1430 4646
1430 4647
1430 4648
1430 4649
1430 4650
1430 4651
1430 4652
1430 4653
1430 4654
1430 4655
1430 4656
1430 4657
1430 4658
1430 4659
1430 4660
1430 4661
1430 4662
1430 4663
1430 4664
1430 4665
1430 4666
1430 4667
1430 4668
1430 4669
1430 4670
1430 4671
1430 4672
1430 4673
1430 4674
1430 4675
1430 4676
1430 4677
1430 4678
1430 4679
1430 4680
1430 4681
1430 4682
1430 4683
1430 4684
1430 4685
1430 4686
1430 4687
1430 4688
1430 4689
1430 4690
1430 4691
1430 4692
1430 4693
1430 4694
1430 4695
1430 4696
1430 4697
1430 4698
1430 4699
1430 4700
1430 4701
1430 4702
1430 4703
1430 4704
1430 4705
1472 4706
1472 4707
1472 4708
1472 4709
1472 4710
1472 4711
1472 4712
1472 4713
1472 4714
1472 4715
1472 4716
1472 4717
1472 4718
1472 4719
1472 4720
1472 4721
1472 4722
1472 4723
1472 4724
1472 4725
1472 4726
1472 4727
1472 4728
1472 4729
1472 4730
1472 4731
1472 4732
1472 4733
1472 4734
1472 4735
1472 4736
1472 4737
1472 4738
1472 4739
1472 4740
1472 4741
1472 4742
1472 4743
1472 4744
1472 4745
1472 4746
1472 4747
1472 4748
1472 4749
1472 4750
1472 4751
1472 4752
1472 4753
1472 4754
1472 4755
1472 4756
1472 4757
1472 4758
1472 4759
1472 4760
1472 4761
1472 4762
1472 4763
1472 4764
1472 4765
1472 4766
1472 4767
1472 4768
1472 4769
1472 4770
1472 4771
1472 4772
1472 4773
1472 4774
1472 4775
1472 4776
1472 4777
1472 4778
1472 4779
1472 4780
1472 4781
1472 4782
1472 4783
1472 4784
1472 4785
1472 4786
1472 4787
1472 4788
1472 4789
1514 4790
1514 4791
1514 4792
1514 4793
1514 4794
1514 4795
1514 4796
1514 4797
1514 4798
1514 4799
1514 4800
1514 4801
1514 4802
1514 4803
1514 4804
1514 4805
1514 4806
1514 4807
1514 4808
1514 4809
1514 4810
1514 4811
1514 4812
1514 4813
1514 4814
1514 4815
1514 4816
1514 4817
1514 4818
1514 4819
1514 4820
1514 4821
1514 4822
1514 4823
1514 4824
1514 4825
1514 4826
1514 4827
1514 4828
1514 4829
1514 4830
1514 4831
1514 4832
1514 4833
1514 4834
1514 4835
1514 4836
1514 4837
1514 4838
1514 4839
1514 4840
1514 4841
1514 4842
1514 4843
1514 4844
1514 4845
1514 4846
1514 4847
1514 4848
1514 4849
1514 4850
1514 4851
1514 4852
1514 4853
1514 4854
1514 4855
1514 4856
1514 4857
1514 4858
1514 4859
1514 4860
1514 4861
1514 4862
1514 4863
1514 4864
1514 4865
1514 4866
1514 4867
1514 4868
1514 4869
1514 4870
1514 4871
1514 4872
1514 4873
1556 4874
1556 4875
1556 4876
1556 4877
1556 4878
1556 4879
1556 4880
1556 4881
1556 4882
1556 4883
1556 4884
1556 4885
1556 4886
1556 4887
1556 4888
1556 4889
1556 4890
1556 4891
1556 4892
1556 4893
1556 4894
1556 4895
1556 4896
1556 4897
1556 4898
1556 4899
1556 4900
1556 4901
1556 4902
1556 4903
1556 4904
1556 4905
1556 4906
1556 4907
1556 4908
1556 4909
1556 4910
1556 4911
1556 4912
1556 4913
1556 4914
1556 4915
1556 4916
1556 4917
1556 4918
1556 4919
1556 4920
1556 4921
1556 4922
1556 4923
1556 4924
1556 4925
1556 4926
1556 4927
1556 4928
1556 4929
1556 4930
1556 4931
1556 4932
1556 4933
1556 4934
1556 4935
1556 4936
1556 4937
1556 4938
1556 4939
1556 4940
1556 4941
1556 4942
1556 4943
1556 4944
1556 4945
1556 4946
1556 4947
1556 4948
1556 4949
1556 4950
1556 4951
1556 4952
1556 4953
1556 4954
1556 4955
1556 4956
1556 4957
1598 4958
1598 4959
1598 4960
1598 4961
1598 4962
1598 4963
1598 4964
1598 4965
1598 4966
1598 4967
1598 4968
1598 4969
1598 4970
1598 4971
1598 4972
1598 4973
1598 4974
1598 4975
1598 4976
1598 4977
1598 4978
1598 4979
1598 4980
1598 4981
1598 4982
1598 4983
1598 4984
1598 4985
1598 4986
1598 4987
1598 4988
1598 4989
1598 4990
1598 4991
1598 4992
1598 4993
1598 4994
1598 4995
1598 4996
1598 4997
1598 4998
1598 4999
1598 5000
1598 5001
1598 5002
1598 5003
1598 5004
1598 5005
1598 5006
1598 5007
1598 5008
1598 5009
1598 5010
1598 5011
1598 5012
1598 5013
1598 5014
1598 5015
1598 5016
1598 5017
1598 5018
1598 5019
1598 5020
1598 5021
1598 5022
1598 5023
1598 5024
1598 5025
1598 5026
1598 5027
1598 5028
1598 5029
1598 5030
1598 5031
1598 5032
1598 5033
1598 5034
1598 5035
1598 5036
1598 5037
1598 5038
1598 5039
1598 5040
1598 5041
1640 5042
1640 5043
1640 5044
1640 5045
1640 5046
1640 5047
1640 5048
1640 5049
1640 5050
1640 5051
1640 5052
1640 5053
1640 5054
1640 5055
1640 5056
1640 5057
1640 5058
1640 5059
1640 5060
1640 5061
1640 5062
1640 5063
1640 5064
1640 5065
1640 5066
1640 5067
1640 5068
1640 5069
1640 5070
1640 5071
1640 5072
1640 5073
1640 5074
1640 5075
1640 5076
1640 5077
1640 5078
1640 5079
1640 5080
1640 5081
1640 5082
1640 5083
1640 5084
1640 5085
1640 5086
1640 5087
1640 5088
1640 5089
1640 5090
1640 5091
1640 5092
1640 5093
1640 5094
1640 5095
1640 5096
1640 5097
1640 5098
1640 5099
1640 5100
1640 5101
1640 5102
1640 5103
1640 5104
1640 5105
1640 5106
1640 5107
1640 5108
1640 5109
1640 5110
1640 5111
1640 5112
1640 5113
1640 5114
1640 5115
1640 5116
1640 5117
1640 5118
1640 5119
1640 5120
1640 5121
1640 5122
1640 5123
1640 5124
1640 5125
1682 5126
1682 5127
1682 5128
1682 5129
1682 5130
1682 5131
1682 5132
1682 5133
1682 5134
1682 5135
1682 5136
1682 5137
1682 5138
1682 5139
1682 5140
1682 5141
1682 5142
1682 5143
1682 5144
1682 5145
1682 5146
1682 5147
1682 5148
1682 5149
1682 5150
1682 5151
1682 5152
1682 5153
1682 5154
1682 5155
1682 5156
1682 5157
1682 5158
1682 5159
1682 5160
1682 5161
1682 5162
1682 5163
1682 5164
1682 5165
1682 5166
1682 5167
1682 5168
1682 5169
1682 5170
1682 5171
1682 5172
1682 5173
1682 5174
1682 5175
1682 5176
1682 5177
1682 5178
1682 5179
1682 5180
1682 5181
1682 5182
1682 5183
1682 5184
1682 5185
1682 5186
1682 5187
1682 5188
1682 5189
1682 5190
1682 5191
1682 5192
1682 5193
1682 5194
1682 5195
1682 5196
1682 5197
1682 5198
1682 5199
1682 5200
1682 5201
1682 5202
1682 5203
1682 5204
1682 5205
1682 5206
1682 5207
1682 5208
1682 5209
1724 5210
1724 5211
1724 5212
1724 5213
1724 5214
1724 5215
1724 5216
1724 5217
1724 5218
1724 5219
1724 5220
1724 5221
1724 5222
1724 5223
1724 5224
1724 5225
1724 5226
1724 5227
1724 5228
1724 5229
1724 5230
1724 5231
1724 5232
1724 5233
1724 5234
1724 5235
1724 5236
1724 5237
1724 5238
1724 5239
1724 5240
1724 5241
1724 5242
1724 5243
1724 5244
1724 5245
1724 5246
1724 5247
1724 5248
1724 5249
1724 5250
1724 5251
1724 5252
1724 5253
1724 5254
1724 5255
1724 5256
1724 5257
1724 5258
1724 5259
1724 5260
1724 5261
1724 5262
1724 5263
1724 5264
1724 5265
1724 5266
1724 5267
1724 5268
1724 5269
1724 5270
1724 5271
1724 5272
1724 5273
1724 5274
1724 5275
1724 5276
1724 5277
1724 5278
1724 5279
1724 5280
1724 5281
1724 5282
1724 5283
1724 5284
1724 5285
1724 5286
1724 5287
1724 5288
1724 5289
1724 5290
1724 5291
1724 5292
1724 5293
1766 5294
1766 5295
1766 5296
1766 5297
1766 5298
1766 5299
1766 5300
1766 5301
1766 5302
1766 5303
1766 5304
1766 5305
1766 5306
1766 5307
1766 5308
1766 5309
1766 5310
1766 5311
1766 5312
1766 5313
1766 5314
1766 5315
1766 5316
1766 5317
1766 5318
1766 5319
1766 5320
1766 5321
1766 5322
1766 5323
1766 5324
1766 5325
1766 5326
1766 5327
1766 5328
1766 5329
1766 5330
1766 5331
1766 5332
1766 5333
1766 5334
1766 5335
1766 5336
1766 5337
1766 5338
1766 5339
1766 5340
1766 5341
1766 5342
1766 5343
1766 5344
1766 5345
1766 5346
1766 5347
1766 5348
1766 5349
1766 5350
1766 5351
1766 5352
1766 5353
1766 5354
1766 5355
1766 5356
1766 5357
1766 5358
1766 5359
1766 5360
1766 5361
1766 5362
1766 5363
1766 5364
1766 5365
1766 5366
1766 5367
1766 5368
1766 5369
1766 5370
1766 5371
1766 5372
1766 5373
1766 5374
1766 5375
1766 5376
1766 5377
1808 5378
1808 5379
1808 5380
1808 5381
1808 5382
1808 5383
1808 5384
1808 5385
1808 5386
1808 5387
1808 5388
1808 5389
1808 5390
1808 5391
1808 5392
1808 5393
1808 5394
1808 5395
1808 5396
1808 5397
1808 5398
1808 5399
1808 5400
1808 5401
1808 5402
1808 5403
1808 5404
1808 5405
1808 5406
1808 5407
1808 5408
1808 5409
1808 5410
1808 5411
1808 5412
1808 5413
1808 5414
1808 5415
1808 5416
1808 5417
1808 5418
1808 5419
1808 5420
1808 5421
1808 5422
1808 5423
1808 5424
1808 5425
1808 5426
1808 5427
1808 5428
1808 5429
1808 5430
1808 5431
1808 5432
1808 5433
1808 5434
1808 5435
1808 5436
1808 5437
1808 5438
1808 5439
1808 5440
1808 5441
1808 5442
1808 5443
1808 5444
1808 5445
1808 5446
1808 5447
1808 5448
1808 5449
1808 5450
1808 5451
1808 5452
1808 5453
1808 5454
1808 5455
1808 5456
1808 5457
1808 5458
1808 5459
1808 5460
1808 5461
