5208 6888
1 2
1 3
1 4
1 5
1 6
1 7
1 8
1 9
1 10
1 11
1 12
1 13
1 14
1 15
1 16
1 17
1 18
1 19
1 20
1 21
1 22
1 23
1 24
1 25
1 26
1 27
1 28
1 29
1 30
1 31
1 32
1 33
1 34
1 35
1 36
1 37
1 38
1 39
1 40
1 41
1 42
2 1
2 3
2 4
2 5
2 6
2 7
2 8
2 9
2 10
2 11
2 12
2 13
2 14
2 15
2 16
2 17
2 18
2 19
2 20
2 21
2 22
2 23
2 24
2 25
2 26
2 27
2 28
2 29
2 30
2 31
2 32
2 33
2 34
2 35
2 36
2 37
2 38
2 39
2 40
2 41
2 42
3 1
3 2
3 4
3 5
3 6
3 7
3 8
3 9
3 10
3 11
3 12
3 13
3 14
3 15
3 16
3 17
3 18
3 19
3 20
3 21
3 22
3 23
3 24
3 25
3 26
3 27
3 28
3 29
3 30
3 31
3 32
3 33
3 34
3 35
3 36
3 37
3 38
3 39
3 40
3 41
3 42
4 1
4 2
4 3
4 5
4 6
4 7
4 8
4 9
4 10
4 11
4 12
4 13
4 14
4 15
4 16
4 17
4 18
4 19
4 20
4 21
4 22
4 23
4 24
4 25
4 26
4 27
4 28
4 29
4 30
4 31
4 32
4 33
4 34
4 35
4 36
4 37
4 38
4 39
4 40
4 41
4 42
5 1
5 2
5 3
5 4
5 6
5 7
5 8
5 9
5 10
5 11
5 12
5 13
5 14
5 15
5 16
5 17
5 18
5 19
5 20
5 21
5 22
5 23
5 24
5 25
5 26
5 27
5 28
5 29
5 30
5 31
5 32
5 33
5 34
5 35
5 36
5 37
5 38
5 39
5 40
5 41
5 42
6 1
6 2
6 3
6 4
6 5
6 7
6 8
6 9
6 10
6 11
6 12
6 13
6 14
6 15
6 16
6 17
6 18
6 19
6 20
6 21
6 22
6 23
6 24
6 25
6 26
6 27
6 28
6 29
6 30
6 31
6 32
6 33
6 34
6 35
6 36
6 37
6 38
6 39
6 40
6 41
6 42
7 1
7 2
7 3
7 4
7 5
7 6
7 8
7 9
7 10
7 11
7 12
7 13
7 14
7 15
7 16
7 17
7 18
7 19
7 20
7 21
7 22
7 23
7 24
7 25
7 26
7 27
7 28
7 29
7 30
7 31
7 32
7 33
7 34
7 35
7 36
7 37
7 38
7 39
7 40
7 41
7 42
8 1
8 2
8 3
8 4
8 5
8 6
8 7
8 9
8 10
8 11
8 12
8 13
8 14
8 15
8 16
8 17
8 18
8 19
8 20
8 21
8 22
8 23
8 24
8 25
8 26
8 27
8 28
8 29
8 30
8 31
8 32
8 33
8 34
8 35
8 36
8 37
8 38
8 39
8 40
8 41
8 42
9 1
9 2
9 3
9 4
9 5
9 6
9 7
9 8
9 10
9 11
9 12
9 13
9 14
9 15
9 16
9 17
9 18
9 19
9 20
9 21
9 22
9 23
9 24
9 25
9 26
9 27
9 28
9 29
9 30
9 31
9 32
9 33
9 34
9 35
9 36
9 37
9 38
9 39
9 40
9 41
9 42
10 1
10 2
10 3
10 4
10 5
10 6
10 7
10 8
10 9
10 11
10 12
10 13
10 14
10 15
10 16
10 17
10 18
10 19
10 20
10 21
10 22
10 23
10 24
10 25
10 26
10 27
10 28
10 29
10 30
10 31
10 32
10 33
10 34
10 35
10 36
10 37
10 38
10 39
10 40
10 41
10 42
11 1
11 2
11 3
11 4
11 5
11 6
11 7
11 8
11 9
11 10
11 12
11 13
11 14
11 15
11 16
11 17
11 18
11 19
11 20
11 21
11 22
11 23
11 24
11 25
11 26
11 27
11 28
11 29
11 30
11 31
11 32
11 33
11 34
11 35
11 36
11 37
11 38
11 39
11 40
11 41
11 42
12 1
12 2
12 3
12 4
12 5
12 6
12 7
12 8
12 9
12 10
12 11
12 13
12 14
12 15
12 16
12 17
12 18
12 19
12 20
12 21
12 22
12 23
12 24
12 25
12 26
12 27
12 28
12 29
12 30
12 31
12 32
12 33
12 34
12 35
12 36
12 37
12 38
12 39
12 40
12 41
12 42
13 1
13 2
13 3
13 4
13 5
13 6
13 7
13 8
13 9
13 10
13 11
13 12
13 14
13 15
13 16
13 17
13 18
13 19
13 20
13 21
13 22
13 23
13 24
13 25
13 26
13 27
13 28
13 29
13 30
13 31
13 32
13 33
13 34
13 35
13 36
13 37
13 38
13 39
13 40
13 41
13 42
14 1
14 2
14 3
14 4
14 5
14 6
14 7
14 8
14 9
14 10
14 11
14 12
14 13
14 15
14 16
14 17
14 18
14 19
14 20
14 21
14 22
14 23
14 24
14 25
14 26
14 27
14 28
14 29
14 30
14 31
14 32
14 33
14 34
14 35
14 36
14 37
14 38
14 39
14 40
14 41
14 42
15 1
15 2
15 3
15 4
15 5
15 6
15 7
15 8
15 9
15 10
15 11
15 12
15 13
15 14
15 16
15 17
15 18
15 19
15 20
15 21
15 22
15 23
15 24
15 25
15 26
15 27
15 28
15 29
15 30
15 31
15 32
15 33
15 34
15 35
15 36
15 37
15 38
15 39
15 40
15 41
15 42
16 1
16 2
16 3
16 4
16 5
16 6
16 7
16 8
16 9
16 10
16 11
16 12
16 13
16 14
16 15
16 17
16 18
16 19
16 20
16 21
16 22
16 23
16 24
16 25
16 26
16 27
16 28
16 29
16 30
16 31
16 32
16 33
16 34
16 35
16 36
16 37
16 38
16 39
16 40
16 41
16 42
17 1
17 2
17 3
17 4
17 5
17 6
17 7
17 8
17 9
17 10
17 11
17 12
17 13
17 14
17 15
17 16
17 18
17 19
17 20
17 21
17 22
17 23
17 24
17 25
17 26
17 27
17 28
17 29
17 30
17 31
17 32
17 33
17 34
17 35
17 36
17 37
17 38
17 39
17 40
17 41
17 42
18 1
18 2
18 3
18 4
18 5
18 6
18 7
18 8
18 9
18 10
18 11
18 12
18 13
18 14
18 15
18 16
18 17
18 19
18 20
18 21
18 22
18 23
18 24
18 25
18 26
18 27
18 28
18 29
18 30
18 31
18 32
18 33
18 34
18 35
18 36
18 37
18 38
18 39
18 40
18 41
18 42
19 1
19 2
19 3
19 4
19 5
19 6
19 7
19 8
19 9
19 10
19 11
19 12
19 13
19 14
19 15
19 16
19 17
19 18
19 20
19 21
19 22
19 23
19 24
19 25
19 26
19 27
19 28
19 29
19 30
19 31
19 32
19 33
19 34
19 35
19 36
19 37
19 38
19 39
19 40
19 41
19 42
20 1
20 2
20 3
20 4
20 5
20 6
20 7
20 8
20 9
20 10
20 11
20 12
20 13
20 14
20 15
20 16
20 17
20 18
20 19
20 21
20 22
20 23
20 24
20 25
20 26
20 27
20 28
20 29
20 30
20 31
20 32
20 33
20 34
20 35
20 36
20 37
20 38
20 39
20 40
20 41
20 42
21 1
21 2
21 3
21 4
21 5
21 6
21 7
21 8
21 9
21 10
21 11
21 12
21 13
21 14
21 15
21 16
21 17
21 18
21 19
21 20
21 22
21 23
21 24
21 25
21 26
21 27
21 28
21 29
21 30
21 31
21 32
21 33
21 34
21 35
21 36
21 37
21 38
21 39
21 40
21 41
21 42
22 1
22 2
22 3
22 4
22 5
22 6
22 7
22 8
22 9
22 10
22 11
22 12
22 13
22 14
22 15
22 16
22 17
22 18
22 19
22 20
22 21
22 23
22 24
22 25
22 26
22 27
22 28
22 29
22 30
22 31
22 32
22 33
22 34
22 35
22 36
22 37
22 38
22 39
22 40
22 41
22 42
23 1
23 2
23 3
23 4
23 5
23 6
23 7
23 8
23 9
23 10
23 11
23 12
23 13
23 14
23 15
23 16
23 17
23 18
23 19
23 20
23 21
23 22
23 24
23 25
23 26
23 27
23 28
23 29
23 30
23 31
23 32
23 33
23 34
23 35
23 36
23 37
23 38
23 39
23 40
23 41
23 42
24 1
24 2
24 3
24 4
24 5
24 6
24 7
24 8
24 9
24 10
24 11
24 12
24 13
24 14
24 15
24 16
24 17
24 18
24 19
24 20
24 21
24 22
24 23
24 25
24 26
24 27
24 28
24 29
24 30
24 31
24 32
24 33
24 34
24 35
24 36
24 37
24 38
24 39
24 40
24 41
24 42
25 1
25 2
25 3
25 4
25 5
25 6
25 7
25 8
25 9
25 10
25 11
25 12
25 13
25 14
25 15
25 16
25 17
25 18
25 19
25 20
25 21
25 22
25 23
25 24
25 26
25 27
25 28
25 29
25 30
25 31
25 32
25 33
25 34
25 35
25 36
25 37
25 38
25 39
25 40
25 41
25 42
26 1
26 2
26 3
26 4
26 5
26 6
26 7
26 8
26 9
26 10
26 11
26 12
26 13
26 14
26 15
26 16
26 17
26 18
26 19
26 20
26 21
26 22
26 23
26 24
26 25
26 27
26 28
26 29
26 30
26 31
26 32
26 33
26 34
26 35
26 36
26 37
26 38
26 39
26 40
26 41
26 42
27 1
27 2
27 3
27 4
27 5
27 6
27 7
27 8
27 9
27 10
27 11
27 12
27 13
27 14
27 15
27 16
27 17
27 18
27 19
27 20
27 21
27 22
27 23
27 24
27 25
27 26
27 28
27 29
27 30
27 31
27 32
27 33
27 34
27 35
27 36
27 37
27 38
27 39
27 40
27 41
27 42
28 1
28 2
28 3
28 4
28 5
28 6
28 7
28 8
28 9
28 10
28 11
28 12
28 13
28 14
28 15
28 16
28 17
28 18
28 19
28 20
28 21
28 22
28 23
28 24
28 25
28 26
28 27
28 29
28 30
28 31
28 32
28 33
28 34
28 35
28 36
28 37
28 38
28 39
28 40
28 41
28 42
29 1
29 2
29 3
29 4
29 5
29 6
29 7
29 8
29 9
29 10
29 11
29 12
29 13
29 14
29 15
29 16
29 17
29 18
29 19
29 20
29 21
29 22
29 23
29 24
29 25
29 26
29 27
29 28
29 30
29 31
29 32
29 33
29 34
29 35
29 36
29 37
29 38
29 39
29 40
29 41
29 42
30 1
30 2
30 3
30 4
30 5
30 6
30 7
30 8
30 9
30 10
30 11
30 12
30 13
30 14
30 15
30 16
30 17
30 18
30 19
30 20
30 21
30 22
30 23
30 24
30 25
30 26
30 27
30 28
30 29
30 31
30 32
30 33
30 34
30 35
30 36
30 37
30 38
30 39
30 40
30 41
30 42
31 1
31 2
31 3
31 4
31 5
31 6
31 7
31 8
31 9
31 10
31 11
31 12
31 13
31 14
31 15
31 16
31 17
31 18
31 19
31 20
31 21
31 22
31 23
31 24
31 25
31 26
31 27
31 28
31 29
31 30
31 32
31 33
31 34
31 35
31 36
31 37
31 38
31 39
31 40
31 41
31 42
32 1
32 2
32 3
32 4
32 5
32 6
32 7
32 8
32 9
32 10
32 11
32 12
32 13
32 14
32 15
32 16
32 17
32 18
32 19
32 20
32 21
32 22
32 23
32 24
32 25
32 26
32 27
32 28
32 29
32 30
32 31
32 33
32 34
32 35
32 36
32 37
32 38
32 39
32 40
32 41
32 42
33 1
33 2
33 3
33 4
33 5
33 6
33 7
33 8
33 9
33 10
33 11
33 12
33 13
33 14
33 15
33 16
33 17
33 18
33 19
33 20
33 21
33 22
33 23
33 24
33 25
33 26
33 27
33 28
33 29
33 30
33 31
33 32
33 34
33 35
33 36
33 37
33 38
33 39
33 40
33 41
33 42
34 1
34 2
34 3
34 4
34 5
34 6
34 7
34 8
34 9
34 10
34 11
34 12
34 13
34 14
34 15
34 16
34 17
34 18
34 19
34 20
34 21
34 22
34 23
34 24
34 25
34 26
34 27
34 28
34 29
34 30
34 31
34 32
34 33
34 35
34 36
34 37
34 38
34 39
34 40
34 41
34 42
35 1
35 2
35 3
35 4
35 5
35 6
35 7
35 8
35 9
35 10
35 11
35 12
35 13
35 14
35 15
35 16
35 17
35 18
35 19
35 20
35 21
35 22
35 23
35 24
35 25
35 26
35 27
35 28
35 29
35 30
35 31
35 32
35 33
35 34
35 36
35 37
35 38
35 39
35 40
35 41
35 42
36 1
36 2
36 3
36 4
36 5
36 6
36 7
36 8
36 9
36 10
36 11
36 12
36 13
36 14
36 15
36 16
36 17
36 18
36 19
36 20
36 21
36 22
36 23
36 24
36 25
36 26
36 27
36 28
36 29
36 30
36 31
36 32
36 33
36 34
36 35
36 37
36 38
36 39
36 40
36 41
36 42
37 1
37 2
37 3
37 4
37 5
37 6
37 7
37 8
37 9
37 10
37 11
37 12
37 13
37 14
37 15
37 16
37 17
37 18
37 19
37 20
37 21
37 22
37 23
37 24
37 25
37 26
37 27
37 28
37 29
37 30
37 31
37 32
37 33
37 34
37 35
37 36
37 38
37 39
37 40
37 41
37 42
38 1
38 2
38 3
38 4
38 5
38 6
38 7
38 8
38 9
38 10
38 11
38 12
38 13
38 14
38 15
38 16
38 17
38 18
38 19
38 20
38 21
38 22
38 23
38 24
38 25
38 26
38 27
38 28
38 29
38 30
38 31
38 32
38 33
38 34
38 35
38 36
38 37
38 39
38 40
38 41
38 42
39 1
39 2
39 3
39 4
39 5
39 6
39 7
39 8
39 9
39 10
39 11
39 12
39 13
39 14
39 15
39 16
39 17
39 18
39 19
39 20
39 21
39 22
39 23
39 24
39 25
39 26
39 27
39 28
39 29
39 30
39 31
39 32
39 33
39 34
39 35
39 36
39 37
39 38
39 40
39 41
39 42
40 1
40 2
40 3
40 4
40 5
40 6
40 7
40 8
40 9
40 10
40 11
40 12
40 13
40 14
40 15
40 16
40 17
40 18
40 19
40 20
40 21
40 22
40 23
40 24
40 25
40 26
40 27
40 28
40 29
40 30
40 31
40 32
40 33
40 34
40 35
40 36
40 37
40 38
40 39
40 41
40 42
41 1
41 2
41 3
41 4
41 5
41 6
41 7
41 8
41 9
41 10
41 11
41 12
41 13
41 14
41 15
41 16
41 17
41 18
41 19
41 20
41 21
41 22
41 23
41 24
41 25
41 26
41 27
41 28
41 29
41 30
41 31
41 32
41 33
41 34
41 35
41 36
41 37
41 38
41 39
41 40
41 42
42 1
42 2
42 3
42 4
42 5
42 6
42 7
42 8
42 9
42 10
42 11
42 12
42 13
42 14
42 15
42 16
42 17
42 18
42 19
42 20
42 21
42 22
42 23
42 24
42 25
42 26
42 27
42 28
42 29
42 30
42 31
42 32
42 33
42 34
42 35
42 36
42 37
42 38
42 39
42 40
42 41
1 43
1 44
1 45
1 46
1 47
1 48
1 49
1 50
1 51
1 52
1 53
1 54
1 55
1 56
1 57
1 58
1 59
1 60
1 61
1 62
1 63
1 64
1 65
1 66
1 67
1 68
1 69
1 70
1 71
1 72
1 73
1 74
1 75
1 76
1 77
1 78
1 79
1 80
1 81
1 82
1 83
2 84
2 85
2 86
2 87
2 88
2 89
2 90
2 91
2 92
2 93
2 94
2 95
2 96
2 97
2 98
2 99
2 100
2 101
2 102
2 103
2 104
2 105
2 106
2 107
2 108
2 109
2 110
2 111
2 112
2 113
2 114
2 115
2 116
2 117
2 118
2 119
2 120
2 121
2 122
2 123
2 124
3 125
3 126
3 127
3 128
3 129
3 130
3 131
3 132
3 133
3 134
3 135
3 136
3 137
3 138
3 139
3 140
3 141
3 142
3 143
3 144
3 145
3 146
3 147
3 148
3 149
3 150
3 151
3 152
3 153
3 154
3 155
3 156
3 157
3 158
3 159
3 160
3 161
3 162
3 163
3 164
3 165
4 166
4 167
4 168
4 169
4 170
4 171
4 172
4 173
4 174
4 175
4 176
4 177
4 178
4 179
4 180
4 181
4 182
4 183
4 184
4 185
4 186
4 187
4 188
4 189
4 190
4 191
4 192
4 193
4 194
4 195
4 196
4 197
4 198
4 199
4 200
4 201
4 202
4 203
4 204
4 205
4 206
5 207
5 208
5 209
5 210
5 211
5 212
5 213
5 214
5 215
5 216
5 217
5 218
5 219
5 220
5 221
5 222
5 223
5 224
5 225
5 226
5 227
5 228
5 229
5 230
5 231
5 232
5 233
5 234
5 235
5 236
5 237
5 238
5 239
5 240
5 241
5 242
5 243
5 244
5 245
5 246
5 247
6 248
6 249
6 250
6 251
6 252
6 253
6 254
6 255
6 256
6 257
6 258
6 259
6 260
6 261
6 262
6 263
6 264
6 265
6 266
6 267
6 268
6 269
6 270
6 271
6 272
6 273
6 274
6 275
6 276
6 277
6 278
6 279
6 280
6 281
6 282
6 283
6 284
6 285
6 286
6 287
6 288
7 289
7 290
7 291
7 292
7 293
7 294
7 295
7 296
7 297
7 298
7 299
7 300
7 301
7 302
7 303
7 304
7 305
7 306
7 307
7 308
7 309
7 310
7 311
7 312
7 313
7 314
7 315
7 316
7 317
7 318
7 319
7 320
7 321
7 322
7 323
7 324
7 325
7 326
7 327
7 328
7 329
8 330
8 331
8 332
8 333
8 334
8 335
8 336
8 337
8 338
8 339
8 340
8 341
8 342
8 343
8 344
8 345
8 346
8 347
8 348
8 349
8 350
8 351
8 352
8 353
8 354
8 355
8 356
8 357
8 358
8 359
8 360
8 361
8 362
8 363
8 364
8 365
8 366
8 367
8 368
8 369
8 370
9 371
9 372
9 373
9 374
9 375
9 376
9 377
9 378
9 379
9 380
9 381
9 382
9 383
9 384
9 385
9 386
9 387
9 388
9 389
9 390
9 391
9 392
9 393
9 394
9 395
9 396
9 397
9 398
9 399
9 400
9 401
9 402
9 403
9 404
9 405
9 406
9 407
9 408
9 409
9 410
9 411
10 412
10 413
10 414
10 415
10 416
10 417
10 418
10 419
10 420
10 421
10 422
10 423
10 424
10 425
10 426
10 427
10 428
10 429
10 430
10 431
10 432
10 433
10 434
10 435
10 436
10 437
10 438
10 439
10 440
10 441
10 442
10 443
10 444
10 445
10 446
10 447
10 448
10 449
10 450
10 451
10 452
11 453
11 454
11 455
11 456
11 457
11 458
11 459
11 460
11 461
11 462
11 463
11 464
11 465
11 466
11 467
11 468
11 469
11 470
11 471
11 472
11 473
11 474
11 475
11 476
11 477
11 478
11 479
11 480
11 481
11 482
11 483
11 484
11 485
11 486
11 487
11 488
11 489
11 490
11 491
11 492
11 493
12 494
12 495
12 496
12 497
12 498
12 499
12 500
12 501
12 502
12 503
12 504
12 505
12 506
12 507
12 508
12 509
12 510
12 511
12 512
12 513
12 514
12 515
12 516
12 517
12 518
12 519
12 520
12 521
12 522
12 523
12 524
12 525
12 526
12 527
12 528
12 529
12 530
12 531
12 532
12 533
12 534
13 535
13 536
13 537
13 538
13 539
13 540
13 541
13 542
13 543
13 544
13 545
13 546
13 547
13 548
13 549
13 550
13 551
13 552
13 553
13 554
13 555
13 556
13 557
13 558
13 559
13 560
13 561
13 562
13 563
13 564
13 565
13 566
13 567
13 568
13 569
13 570
13 571
13 572
13 573
13 574
13 575
14 576
14 577
14 578
14 579
14 580
14 581
14 582
14 583
14 584
14 585
14 586
14 587
14 588
14 589
14 590
14 591
14 592
14 593
14 594
14 595
14 596
14 597
14 598
14 599
14 600
14 601
14 602
14 603
14 604
14 605
14 606
14 607
14 608
14 609
14 610
14 611
14 612
14 613
14 614
14 615
14 616
15 617
15 618
15 619
15 620
15 621
15 622
15 623
15 624
15 625
15 626
15 627
15 628
15 629
15 630
15 631
15 632
15 633
15 634
15 635
15 636
15 637
15 638
15 639
15 640
15 641
15 642
15 643
15 644
15 645
15 646
15 647
15 648
15 649
15 650
15 651
15 652
15 653
15 654
15 655
15 656
15 657
16 658
16 659
16 660
16 661
16 662
16 663
16 664
16 665
16 666
16 667
16 668
16 669
16 670
16 671
16 672
16 673
16 674
16 675
16 676
16 677
16 678
16 679
16 680
16 681
16 682
16 683
16 684
16 685
16 686
16 687
16 688
16 689
16 690
16 691
16 692
16 693
16 694
16 695
16 696
16 697
16 698
17 699
17 700
17 701
17 702
17 703
17 704
17 705
17 706
17 707
17 708
17 709
17 710
17 711
17 712
17 713
17 714
17 715
17 716
17 717
17 718
17 719
17 720
17 721
17 722
17 723
17 724
17 725
17 726
17 727
17 728
17 729
17 730
17 731
17 732
17 733
17 734
17 735
17 736
17 737
17 738
17 739
18 740
18 741
18 742
18 743
18 744
18 745
18 746
18 747
18 748
18 749
18 750
18 751
18 752
18 753
18 754
18 755
18 756
18 757
18 758
18 759
18 760
18 761
18 762
18 763
18 764
18 765
18 766
18 767
18 768
18 769
18 770
18 771
18 772
18 773
18 774
18 775
18 776
18 777
18 778
18 779
18 780
19 781
19 782
19 783
19 784
19 785
19 786
19 787
19 788
19 789
19 790
19 791
19 792
19 793
19 794
19 795
19 796
19 797
19 798
19 799
19 800
19 801
19 802
19 803
19 804
19 805
19 806
19 807
19 808
19 809
19 810
19 811
19 812
19 813
19 814
19 815
19 816
19 817
19 818
19 819
19 820
19 821
20 822
20 823
20 824
20 825
20 826
20 827
20 828
20 829
20 830
20 831
20 832
20 833
20 834
20 835
20 836
20 837
20 838
20 839
20 840
20 841
20 842
20 843
20 844
20 845
20 846
20 847
20 848
20 849
20 850
20 851
20 852
20 853
20 854
20 855
20 856
20 857
20 858
20 859
20 860
20 861
20 862
21 863
21 864
21 865
21 866
21 867
21 868
21 869
21 870
21 871
21 872
21 873
21 874
21 875
21 876
21 877
21 878
21 879
21 880
21 881
21 882
21 883
21 884
21 885
21 886
21 887
21 888
21 889
21 890
21 891
21 892
21 893
21 894
21 895
21 896
21 897
21 898
21 899
21 900
21 901
21 902
21 903
22 904
22 905
22 906
22 907
22 908
22 909
22 910
22 911
22 912
22 913
22 914
22 915
22 916
22 917
22 918
22 919
22 920
22 921
22 922
22 923
22 924
22 925
22 926
22 927
22 928
22 929
22 930
22 931
22 932
22 933
22 934
22 935
22 936
22 937
22 938
22 939
22 940
22 941
22 942
22 943
22 944
23 945
23 946
23 947
23 948
23 949
23 950
23 951
23 952
23 953
23 954
23 955
23 956
23 957
23 958
23 959
23 960
23 961
23 962
23 963
23 964
23 965
23 966
23 967
23 968
23 969
23 970
23 971
23 972
23 973
23 974
23 975
23 976
23 977
23 978
23 979
23 980
23 981
23 982
23 983
23 984
23 985
24 986
24 987
24 988
24 989
24 990
24 991
24 992
24 993
24 994
24 995
24 996
24 997
24 998
24 999
24 1000
24 1001
24 1002
24 1003
24 1004
24 1005
24 1006
24 1007
24 1008
24 1009
24 1010
24 1011
24 1012
24 1013
24 1014
24 1015
24 1016
24 1017
24 1018
24 1019
24 1020
24 1021
24 1022
24 1023
24 1024
24 1025
24 1026
25 1027
25 1028
25 1029
25 1030
25 1031
25 1032
25 1033
25 1034
25 1035
25 1036
25 1037
25 1038
25 1039
25 1040
25 1041
25 1042
25 1043
25 1044
25 1045
25 1046
25 1047
25 1048
25 1049
25 1050
25 1051
25 1052
25 1053
25 1054
25 1055
25 1056
25 1057
25 1058
25 1059
25 1060
25 1061
25 1062
25 1063
25 1064
25 1065
25 1066
25 1067
26 1068
26 1069
26 1070
26 1071
26 1072
26 1073
26 1074
26 1075
26 1076
26 1077
26 1078
26 1079
26 1080
26 1081
26 1082
26 1083
26 1084
26 1085
26 1086
26 1087
26 1088
26 1089
26 1090
26 1091
26 1092
26 1093
26 1094
26 1095
26 1096
26 1097
26 1098
26 1099
26 1100
26 1101
26 1102
26 1103
26 1104
26 1105
26 1106
26 1107
26 1108
27 1109
27 1110
27 1111
27 1112
27 1113
27 1114
27 1115
27 1116
27 1117
27 1118
27 1119
27 1120
27 1121
27 1122
27 1123
27 1124
27 1125
27 1126
27 1127
27 1128
27 1129
27 1130
27 1131
27 1132
27 1133
27 1134
27 1135
27 1136
27 1137
27 1138
27 1139
27 1140
27 1141
27 1142
27 1143
27 1144
27 1145
27 1146
27 1147
27 1148
27 1149
28 1150
28 1151
28 1152
28 1153
28 1154
28 1155
28 1156
28 1157
28 1158
28 1159
28 1160
28 1161
28 1162
28 1163
28 1164
28 1165
28 1166
28 1167
28 1168
28 1169
28 1170
28 1171
28 1172
28 1173
28 1174
28 1175
28 1176
28 1177
28 1178
28 1179
28 1180
28 1181
28 1182
28 1183
28 1184
28 1185
28 1186
28 1187
28 1188
28 1189
28 1190
29 1191
29 1192
29 1193
29 1194
29 1195
29 1196
29 1197
29 1198
29 1199
29 1200
29 1201
29 1202
29 1203
29 1204
29 1205
29 1206
29 1207
29 1208
29 1209
29 1210
29 1211
29 1212
29 1213
29 1214
29 1215
29 1216
29 1217
29 1218
29 1219
29 1220
29 1221
29 1222
29 1223
29 1224
29 1225
29 1226
29 1227
29 1228
29 1229
29 1230
29 1231
30 1232
30 1233
30 1234
30 1235
30 1236
30 1237
30 1238
30 1239
30 1240
30 1241
30 1242
30 1243
30 1244
30 1245
30 1246
30 1247
30 1248
30 1249
30 1250
30 1251
30 1252
30 1253
30 1254
30 1255
30 1256
30 1257
30 1258
30 1259
30 1260
30 1261
30 1262
30 1263
30 1264
30 1265
30 1266
30 1267
30 1268
30 1269
30 1270
30 1271
30 1272
31 1273
31 1274
31 1275
31 1276
31 1277
31 1278
31 1279
31 1280
31 1281
31 1282
31 1283
31 1284
31 1285
31 1286
31 1287
31 1288
31 1289
31 1290
31 1291
31 1292
31 1293
31 1294
31 1295
31 1296
31 1297
31 1298
31 1299
31 1300
31 1301
31 1302
31 1303
31 1304
31 1305
31 1306
31 1307
31 1308
31 1309
31 1310
31 1311
31 1312
31 1313
32 1314
32 1315
32 1316
32 1317
32 1318
32 1319
32 1320
32 1321
32 1322
32 1323
32 1324
32 1325
32 1326
32 1327
32 1328
32 1329
32 1330
32 1331
32 1332
32 1333
32 1334
32 1335
32 1336
32 1337
32 1338
32 1339
32 1340
32 1341
32 1342
32 1343
32 1344
32 1345
32 1346
32 1347
32 1348
32 1349
32 1350
32 1351
32 1352
32 1353
32 1354
33 1355
33 1356
33 1357
33 1358
33 1359
33 1360
33 1361
33 1362
33 1363
33 1364
33 1365
33 1366
33 1367
33 1368
33 1369
33 1370
33 1371
33 1372
33 1373
33 1374
33 1375
33 1376
33 1377
33 1378
33 1379
33 1380
33 1381
33 1382
33 1383
33 1384
33 1385
33 1386
33 1387
33 1388
33 1389
33 1390
33 1391
33 1392
33 1393
33 1394
33 1395
34 1396
34 1397
34 1398
34 1399
34 1400
34 1401
34 1402
34 1403
34 1404
34 1405
34 1406
34 1407
34 1408
34 1409
34 1410
34 1411
34 1412
34 1413
34 1414
34 1415
34 1416
34 1417
34 1418
34 1419
34 1420
34 1421
34 1422
34 1423
34 1424
34 1425
34 1426
34 1427
34 1428
34 1429
34 1430
34 1431
34 1432
34 1433
34 1434
34 1435
34 1436
35 1437
35 1438
35 1439
35 1440
35 1441
35 1442
35 1443
35 1444
35 1445
35 1446
35 1447
35 1448
35 1449
35 1450
35 1451
35 1452
35 1453
35 1454
35 1455
35 1456
35 1457
35 1458
35 1459
35 1460
35 1461
35 1462
35 1463
35 1464
35 1465
35 1466
35 1467
35 1468
35 1469
35 1470
35 1471
35 1472
35 1473
35 1474
35 1475
35 1476
35 1477
36 1478
36 1479
36 1480
36 1481
36 1482
36 1483
36 1484
36 1485
36 1486
36 1487
36 1488
36 1489
36 1490
36 1491
36 1492
36 1493
36 1494
36 1495
36 1496
36 1497
36 1498
36 1499
36 1500
36 1501
36 1502
36 1503
36 1504
36 1505
36 1506
36 1507
36 1508
36 1509
36 1510
36 1511
36 1512
36 1513
36 1514
36 1515
36 1516
36 1517
36 1518
37 1519
37 1520
37 1521
37 1522
37 1523
37 1524
37 1525
37 1526
37 1527
37 1528
37 1529
37 1530
37 1531
37 1532
37 1533
37 1534
37 1535
37 1536
37 1537
37 1538
37 1539
37 1540
37 1541
37 1542
37 1543
37 1544
37 1545
37 1546
37 1547
37 1548
37 1549
37 1550
37 1551
37 1552
37 1553
37 1554
37 1555
37 1556
37 1557
37 1558
37 1559
38 1560
38 1561
38 1562
38 1563
38 1564
38 1565
38 1566
38 1567
38 1568
38 1569
38 1570
38 1571
38 1572
38 1573
38 1574
38 1575
38 1576
38 1577
38 1578
38 1579
38 1580
38 1581
38 1582
38 1583
38 1584
38 1585
38 1586
38 1587
38 1588
38 1589
38 1590
38 1591
38 1592
38 1593
38 1594
38 1595
38 1596
38 1597
38 1598
38 1599
38 1600
39 1601
39 1602
39 1603
39 1604
39 1605
39 1606
39 1607
39 1608
39 1609
39 1610
39 1611
39 1612
39 1613
39 1614
39 1615
39 1616
39 1617
39 1618
39 1619
39 1620
39 1621
39 1622
39 1623
39 1624
39 1625
39 1626
39 1627
39 1628
39 1629
39 1630
39 1631
39 1632
39 1633
39 1634
39 1635
39 1636
39 1637
39 1638
39 1639
39 1640
39 1641
40 1642
40 1643
40 1644
40 1645
40 1646
40 1647
40 1648
40 1649
40 1650
40 1651
40 1652
40 1653
40 1654
40 1655
40 1656
40 1657
40 1658
40 1659
40 1660
40 1661
40 1662
40 1663
40 1664
40 1665
40 1666
40 1667
40 1668
40 1669
40 1670
40 1671
40 1672
40 1673
40 1674
40 1675
40 1676
40 1677
40 1678
40 1679
40 1680
40 1681
40 1682
41 1683
41 1684
41 1685
41 1686
41 1687
41 1688
41 1689
41 1690
41 1691
41 1692
41 1693
41 1694
41 1695
41 1696
41 1697
41 1698
41 1699
41 1700
41 1701
41 1702
41 1703
41 1704
41 1705
41 1706
41 1707
41 1708
41 1709
41 1710
41 1711
41 1712
41 1713
41 1714
41 1715
41 1716
41 1717
41 1718
41 1719
41 1720
41 1721
41 1722
41 1723
42 1724
42 1725
42 1726
42 1727
42 1728
42 1729
42 1730
42 1731
42 1732
42 1733
42 1734
42 1735
42 1736
42 1737
42 1738
42 1739
42 1740
42 1741
42 1742
42 1743
42 1744
42 1745
42 1746
42 1747
42 1748
42 1749
42 1750
42 1751
42 1752
42 1753
42 1754
42 1755
42 1756
42 1757
42 1758
42 1759
42 1760
42 1761
42 1762
42 1763
42 1764
43 1765
43 1766
43 1767
43 1768
43 1769
43 1770
43 1771
43 1772
43 1773
43 1774
43 1775
43 1776
43 1777
43 1778
43 1779
43 1780
43 1781
43 1782
43 1783
43 1784
43 1785
43 1786
43 1787
43 1788
43 1789
43 1790
43 1791
43 1792
43 1793
43 1794
43 1795
43 1796
43 1797
43 1798
43 1799
43 1800
43 1801
43 1802
43 1803
43 1804
43 1805
43 1806
43 1807
43 1808
43 1809
43 1810
43 1811
43 1812
43 1813
43 1814
43 1815
43 1816
43 1817
43 1818
43 1819
43 1820
43 1821
43 1822
43 1823
43 1824
43 1825
43 1826
43 1827
43 1828
43 1829
43 1830
43 1831
43 1832
43 1833
43 1834
43 1835
43 1836
43 1837
43 1838
43 1839
43 1840
43 1841
43 1842
43 1843
43 1844
43 1845
43 1846
84 1847
84 1848
84 1849
84 1850
84 1851
84 1852
84 1853
84 1854
84 1855
84 1856
84 1857
84 1858
84 1859
84 1860
84 1861
84 1862
84 1863
84 1864
84 1865
84 1866
84 1867
84 1868
84 1869
84 1870
84 1871
84 1872
84 1873
84 1874
84 1875
84 1876
84 1877
84 1878
84 1879
84 1880
84 1881
84 1882
84 1883
84 1884
84 1885
84 1886
84 1887
84 1888
84 1889
84 1890
84 1891
84 1892
84 1893
84 1894
84 1895
84 1896
84 1897
84 1898
84 1899
84 1900
84 1901
84 1902
84 1903
84 1904
84 1905
84 1906
84 1907
84 1908
84 1909
84 1910
84 1911
84 1912
84 1913
84 1914
84 1915
84 1916
84 1917
84 1918
84 1919
84 1920
84 1921
84 1922
84 1923
84 1924
84 1925
84 1926
84 1927
84 1928
125 1929
125 1930
125 1931
125 1932
125 1933
125 1934
125 1935
125 1936
125 1937
125 1938
125 1939
125 1940
125 1941
125 1942
125 1943
125 1944
125 1945
125 1946
125 1947
125 1948
125 1949
125 1950
125 1951
125 1952
125 1953
125 1954
125 1955
125 1956
125 1957
125 1958
125 1959
125 1960
125 1961
125 1962
125 1963
125 1964
125 1965
125 1966
125 1967
125 1968
125 1969
125 1970
125 1971
125 1972
125 1973
125 1974
125 1975
125 1976
125 1977
125 1978
125 1979
125 1980
125 1981
125 1982
125 1983
125 1984
125 1985
125 1986
125 1987
125 1988
125 1989
125 1990
125 1991
125 1992
125 1993
125 1994
125 1995
125 1996
125 1997
125 1998
125 1999
125 2000
125 2001
125 2002
125 2003
125 2004
125 2005
125 2006
125 2007
125 2008
125 2009
125 2010
166 2011
166 2012
166 2013
166 2014
166 2015
166 2016
166 2017
166 2018
166 2019
166 2020
166 2021
166 2022
166 2023
166 2024
166 2025
166 2026
166 2027
166 2028
166 2029
166 2030
166 2031
166 2032
166 2033
166 2034
166 2035
166 2036
166 2037
166 2038
166 2039
166 2040
166 2041
166 2042
166 2043
166 2044
166 2045
166 2046
166 2047
166 2048
166 2049
166 2050
166 2051
166 2052
166 2053
166 2054
166 2055
166 2056
166 2057
166 2058
166 2059
166 2060
166 2061
166 2062
166 2063
166 2064
166 2065
166 2066
166 2067
166 2068
166 2069
166 2070
166 2071
166 2072
166 2073
166 2074
166 2075
166 2076
166 2077
166 2078
166 2079
166 2080
166 2081
166 2082
166 2083
166 2084
166 2085
166 2086
166 2087
166 2088
166 2089
166 2090
166 2091
166 2092
207 2093
207 2094
207 2095
207 2096
207 2097
207 2098
207 2099
207 2100
207 2101
207 2102
207 2103
207 2104
207 2105
207 2106
207 2107
207 2108
207 2109
207 2110
207 2111
207 2112
207 2113
207 2114
207 2115
207 2116
207 2117
207 2118
207 2119
207 2120
207 2121
207 2122
207 2123
207 2124
207 2125
207 2126
207 2127
207 2128
207 2129
207 2130
207 2131
207 2132
207 2133
207 2134
207 2135
207 2136
207 2137
207 2138
207 2139
207 2140
207 2141
207 2142
207 2143
207 2144
207 2145
207 2146
207 2147
207 2148
207 2149
207 2150
207 2151
207 2152
207 2153
207 2154
207 2155
207 2156
207 2157
207 2158
207 2159
207 2160
207 2161
207 2162
207 2163
207 2164
207 2165
207 2166
207 2167
207 2168
207 2169
207 2170
207 2171
207 2172
207 2173
207 2174
248 2175
248 2176
248 2177
248 2178
248 2179
248 2180
248 2181
248 2182
248 2183
248 2184
248 2185
248 2186
248 2187
248 2188
248 2189
248 2190
248 2191
248 2192
248 2193
248 2194
248 2195
248 2196
248 2197
248 2198
248 2199
248 2200
248 2201
248 2202
248 2203
248 2204
248 2205
248 2206
248 2207
248 2208
248 2209
248 2210
248 2211
248 2212
248 2213
248 2214
248 2215
248 2216
248 2217
248 2218
248 2219
248 2220
248 2221
248 2222
248 2223
248 2224
248 2225
248 2226
248 2227
248 2228
248 2229
248 2230
248 2231
248 2232
248 2233
248 2234
248 2235
248 2236
248 2237
248 2238
248 2239
248 2240
248 2241
248 2242
248 2243
248 2244
248 2245
248 2246
248 2247
248 2248
248 2249
248 2250
248 2251
248 2252
248 2253
248 2254
248 2255
248 2256
289 2257
289 2258
289 2259
289 2260
289 2261
289 2262
289 2263
289 2264
289 2265
289 2266
289 2267
289 2268
289 2269
289 2270
289 2271
289 2272
289 2273
289 2274
289 2275
289 2276
289 2277
289 2278
289 2279
289 2280
289 2281
289 2282
289 2283
289 2284
289 2285
289 2286
289 2287
289 2288
289 2289
289 2290
289 2291
289 2292
289 2293
289 2294
289 2295
289 2296
289 2297
289 2298
289 2299
289 2300
289 2301
289 2302
289 2303
289 2304
289 2305
289 2306
289 2307
289 2308
289 2309
289 2310
289 2311
289 2312
289 2313
289 2314
289 2315
289 2316
289 2317
289 2318
289 2319
289 2320
289 2321
289 2322
289 2323
289 2324
289 2325
289 2326
289 2327
289 2328
289 2329
289 2330
289 2331
289 2332
289 2333
289 2334
289 2335
289 2336
289 2337
289 2338
330 2339
330 2340
330 2341
330 2342
330 2343
330 2344
330 2345
330 2346
330 2347
330 2348
330 2349
330 2350
330 2351
330 2352
330 2353
330 2354
330 2355
330 2356
330 2357
330 2358
330 2359
330 2360
330 2361
330 2362
330 2363
330 2364
330 2365
330 2366
330 2367
330 2368
330 2369
330 2370
330 2371
330 2372
330 2373
330 2374
330 2375
330 2376
330 2377
330 2378
330 2379
330 2380
330 2381
330 2382
330 2383
330 2384
330 2385
330 2386
330 2387
330 2388
330 2389
330 2390
330 2391
330 2392
330 2393
330 2394
330 2395
330 2396
330 2397
330 2398
330 2399
330 2400
330 2401
330 2402
330 2403
330 2404
330 2405
330 2406
330 2407
330 2408
330 2409
330 2410
330 2411
330 2412
330 2413
330 2414
330 2415
330 2416
330 2417
330 2418
330 2419
330 2420
371 2421
371 2422
371 2423
371 2424
371 2425
371 2426
371 2427
371 2428
371 2429
371 2430
371 2431
371 2432
371 2433
371 2434
371 2435
371 2436
371 2437
371 2438
371 2439
371 2440
371 2441
371 2442
371 2443
371 2444
371 2445
371 2446
371 2447
371 2448
371 2449
371 2450
371 2451
371 2452
371 2453
371 2454
371 2455
371 2456
371 2457
371 2458
371 2459
371 2460
371 2461
371 2462
371 2463
371 2464
371 2465
371 2466
371 2467
371 2468
371 2469
371 2470
371 2471
371 2472
371 2473
371 2474
371 2475
371 2476
371 2477
371 2478
371 2479
371 2480
371 2481
371 2482
371 2483
371 2484
371 2485
371 2486
371 2487
371 2488
371 2489
371 2490
371 2491
371 2492
371 2493
371 2494
371 2495
371 2496
371 2497
371 2498
371 2499
371 2500
371 2501
371 2502
412 2503
412 2504
412 2505
412 2506
412 2507
412 2508
412 2509
412 2510
412 2511
412 2512
412 2513
412 2514
412 2515
412 2516
412 2517
412 2518
412 2519
412 2520
412 2521
412 2522
412 2523
412 2524
412 2525
412 2526
412 2527
412 2528
412 2529
412 2530
412 2531
412 2532
412 2533
412 2534
412 2535
412 2536
412 2537
412 2538
412 2539
412 2540
412 2541
412 2542
412 2543
412 2544
412 2545
412 2546
412 2547
412 2548
412 2549
412 2550
412 2551
412 2552
412 2553
412 2554
412 2555
412 2556
412 2557
412 2558
412 2559
412 2560
412 2561
412 2562
412 2563
412 2564
412 2565
412 2566
412 2567
412 2568
412 2569
412 2570
412 2571
412 2572
412 2573
412 2574
412 2575
412 2576
412 2577
412 2578
412 2579
412 2580
412 2581
412 2582
412 2583
412 2584
453 2585
453 2586
453 2587
453 2588
453 2589
453 2590
453 2591
453 2592
453 2593
453 2594
453 2595
453 2596
453 2597
453 2598
453 2599
453 2600
453 2601
453 2602
453 2603
453 2604
453 2605
453 2606
453 2607
453 2608
453 2609
453 2610
453 2611
453 2612
453 2613
453 2614
453 2615
453 2616
453 2617
453 2618
453 2619
453 2620
453 2621
453 2622
453 2623
453 2624
453 2625
453 2626
453 2627
453 2628
453 2629
453 2630
453 2631
453 2632
453 2633
453 2634
453 2635
453 2636
453 2637
453 2638
453 2639
453 2640
453 2641
453 2642
453 2643
453 2644
453 2645
453 2646
453 2647
453 2648
453 2649
453 2650
453 2651
453 2652
453 2653
453 2654
453 2655
453 2656
453 2657
453 2658
453 2659
453 2660
453 2661
453 2662
453 2663
453 2664
453 2665
453 2666
494 2667
494 2668
494 2669
494 2670
494 2671
494 2672
494 2673
494 2674
494 2675
494 2676
494 2677
494 2678
494 2679
494 2680
494 2681
494 2682
494 2683
494 2684
494 2685
494 2686
494 2687
494 2688
494 2689
494 2690
494 2691
494 2692
494 2693
494 2694
494 2695
494 2696
494 2697
494 2698
494 2699
494 2700
494 2701
494 2702
494 2703
494 2704
494 2705
494 2706
494 2707
494 2708
494 2709
494 2710
494 2711
494 2712
494 2713
494 2714
494 2715
494 2716
494 2717
494 2718
494 2719
494 2720
494 2721
494 2722
494 2723
494 2724
494 2725
494 2726
494 2727
494 2728
494 2729
494 2730
494 2731
494 2732
494 2733
494 2734
494 2735
494 2736
494 2737
494 2738
494 2739
494 2740
494 2741
494 2742
494 2743
494 2744
494 2745
494 2746
494 2747
494 2748
535 2749
535 2750
535 2751
535 2752
535 2753
535 2754
535 2755
535 2756
535 2757
535 2758
535 2759
535 2760
535 2761
535 2762
535 2763
535 2764
535 2765
535 2766
535 2767
535 2768
535 2769
535 2770
535 2771
535 2772
535 2773
535 2774
535 2775
535 2776
535 2777
535 2778
535 2779
535 2780
535 2781
535 2782
535 2783
535 2784
535 2785
535 2786
535 2787
535 2788
535 2789
535 2790
535 2791
535 2792
535 2793
535 2794
535 2795
535 2796
535 2797
535 2798
535 2799
535 2800
535 2801
535 2802
535 2803
535 2804
535 2805
535 2806
535 2807
535 2808
535 2809
535 2810
535 2811
535 2812
535 2813
535 2814
535 2815
535 2816
535 2817
535 2818
535 2819
535 2820
535 2821
535 2822
535 2823
535 2824
535 2825
535 2826
535 2827
535 2828
535 2829
535 2830
576 2831
576 2832
576 2833
576 2834
576 2835
576 2836
576 2837
576 2838
576 2839
576 2840
576 2841
576 2842
576 2843
576 2844
576 2845
576 2846
576 2847
576 2848
576 2849
576 2850
576 2851
576 2852
576 2853
576 2854
576 2855
576 2856
576 2857
576 2858
576 2859
576 2860
576 2861
576 2862
576 2863
576 2864
576 2865
576 2866
576 2867
576 2868
576 2869
576 2870
576 2871
576 2872
576 2873
576 2874
576 2875
576 2876
576 2877
576 2878
576 2879
576 2880
576 2881
576 2882
576 2883
576 2884
576 2885
576 2886
576 2887
576 2888
576 2889
576 2890
576 2891
576 2892
576 2893
576 2894
576 2895
576 2896
576 2897
576 2898
576 2899
576 2900
576 2901
576 2902
576 2903
576 2904
576 2905
576 2906
576 2907
576 2908
576 2909
576 2910
576 2911
576 2912
617 2913
617 2914
617 2915
617 2916
617 2917
617 2918
617 2919
617 2920
617 2921
617 2922
617 2923
617 2924
617 2925
617 2926
617 2927
617 2928
617 2929
617 2930
617 2931
617 2932
617 2933
617 2934
617 2935
617 2936
617 2937
617 2938
617 2939
617 2940
617 2941
617 2942
617 2943
617 2944
617 2945
617 2946
617 2947
617 2948
617 2949
617 2950
617 2951
617 2952
617 2953
617 2954
617 2955
617 2956
617 2957
617 2958
617 2959
617 2960
617 2961
617 2962
617 2963
617 2964
617 2965
617 2966
617 2967
617 2968
617 2969
617 2970
617 2971
617 2972
617 2973
617 2974
617 2975
617 2976
617 2977
617 2978
617 2979
617 2980
617 2981
617 2982
617 2983
617 2984
617 2985
617 2986
617 2987
617 2988
617 2989
617 2990
617 2991
617 2992
617 2993
617 2994
658 2995
658 2996
658 2997
658 2998
658 2999
658 3000
658 3001
658 3002
658 3003
658 3004
658 3005
658 3006
658 3007
658 3008
658 3009
658 3010
658 3011
658 3012
658 3013
658 3014
658 3015
658 3016
658 3017
658 3018
658 3019
658 3020
658 3021
658 3022
658 3023
658 3024
658 3025
658 3026
658 3027
658 3028
658 3029
658 3030
658 3031
658 3032
658 3033
658 3034
658 3035
658 3036
658 3037
658 3038
658 3039
658 3040
658 3041
658 3042
658 3043
658 3044
658 3045
658 3046
658 3047
658 3048
658 3049
658 3050
658 3051
658 3052
658 3053
658 3054
658 3055
658 3056
658 3057
658 3058
658 3059
658 3060
658 3061
658 3062
658 3063
658 3064
658 3065
658 3066
658 3067
658 3068
658 3069
658 3070
658 3071
658 3072
658 3073
658 3074
658 3075
658 3076
699 3077
699 3078
699 3079
699 3080
699 3081
699 3082
699 3083
699 3084
699 3085
699 3086
699 3087
699 3088
699 3089
699 3090
699 3091
699 3092
699 3093
699 3094
699 3095
699 3096
699 3097
699 3098
699 3099
699 3100
699 3101
699 3102
699 3103
699 3104
699 3105
699 3106
699 3107
699 3108
699 3109
699 3110
699 3111
699 3112
699 3113
699 3114
699 3115
699 3116
699 3117
699 3118
699 3119
699 3120
699 3121
699 3122
699 3123
699 3124
699 3125
699 3126
699 3127
699 3128
699 3129
699 3130
699 3131
699 3132
699 3133
699 3134
699 3135
699 3136
699 3137
699 3138
699 3139
699 3140
699 3141
699 3142
699 3143
699 3144
699 3145
699 3146
699 3147
699 3148
699 3149
699 3150
699 3151
699 3152
699 3153
699 3154
699 3155
699 3156
699 3157
699 3158
740 3159
740 3160
740 3161
740 3162
740 3163
740 3164
740 3165
740 3166
740 3167
740 3168
740 3169
740 3170
740 3171
740 3172
740 3173
740 3174
740 3175
740 3176
740 3177
740 3178
740 3179
740 3180
740 3181
740 3182
740 3183
740 3184
740 3185
740 3186
740 3187
740 3188
740 3189
740 3190
740 3191
740 3192
740 3193
740 3194
740 3195
740 3196
740 3197
740 3198
740 3199
740 3200
740 3201
740 3202
740 3203
740 3204
740 3205
740 3206
740 3207
740 3208
740 3209
740 3210
740 3211
740 3212
740 3213
740 3214
740 3215
740 3216
740 3217
740 3218
740 3219
740 3220
740 3221
740 3222
740 3223
740 3224
740 3225
740 3226
740 3227
740 3228
740 3229
740 3230
740 3231
740 3232
740 3233
740 3234
740 3235
740 3236
740 3237
740 3238
740 3239
740 3240
781 3241
781 3242
781 3243
781 3244
781 3245
781 3246
781 3247
781 3248
781 3249
781 3250
781 3251
781 3252
781 3253
781 3254
781 3255
781 3256
781 3257
781 3258
781 3259
781 3260
781 3261
781 3262
781 3263
781 3264
781 3265
781 3266
781 3267
781 3268
781 3269
781 3270
781 3271
781 3272
781 3273
781 3274
781 3275
781 3276
781 3277
781 3278
781 3279
781 3280
781 3281
781 3282
781 3283
781 3284
781 3285
781 3286
781 3287
781 3288
781 3289
781 3290
781 3291
781 3292
781 3293
781 3294
781 3295
781 3296
781 3297
781 3298
781 3299
781 3300
781 3301
781 3302
781 3303
781 3304
781 3305
781 3306
781 3307
781 3308
781 3309
781 3310
781 3311
781 3312
781 3313
781 3314
781 3315
781 3316
781 3317
781 3318
781 3319
781 3320
781 3321
781 3322
822 3323
822 3324
822 3325
822 3326
822 3327
822 3328
822 3329
822 3330
822 3331
822 3332
822 3333
822 3334
822 3335
822 3336
822 3337
822 3338
822 3339
822 3340
822 3341
822 3342
822 3343
822 3344
822 3345
822 3346
822 3347
822 3348
822 3349
822 3350
822 3351
822 3352
822 3353
822 3354
822 3355
822 3356
822 3357
822 3358
822 3359
822 3360
822 3361
822 3362
822 3363
822 3364
822 3365
822 3366
822 3367
822 3368
822 3369
822 3370
822 3371
822 3372
822 3373
822 3374
822 3375
822 3376
822 3377
822 3378
822 3379
822 3380
822 3381
822 3382
822 3383
822 3384
822 3385
822 3386
822 3387
822 3388
822 3389
822 3390
822 3391
822 3392
822 3393
822 3394
822 3395
822 3396
822 3397
822 3398
822 3399
822 3400
822 3401
822 3402
822 3403
822 3404
863 3405
863 3406
863 3407
863 3408
863 3409
863 3410
863 3411
863 3412
863 3413
863 3414
863 3415
863 3416
863 3417
863 3418
863 3419
863 3420
863 3421
863 3422
863 3423
863 3424
863 3425
863 3426
863 3427
863 3428
863 3429
863 3430
863 3431
863 3432
863 3433
863 3434
863 3435
863 3436
863 3437
863 3438
863 3439
863 3440
863 3441
863 3442
863 3443
863 3444
863 3445
863 3446
863 3447
863 3448
863 3449
863 3450
863 3451
863 3452
863 3453
863 3454
863 3455
863 3456
863 3457
863 3458
863 3459
863 3460
863 3461
863 3462
863 3463
863 3464
863 3465
863 3466
863 3467
863 3468
863 3469
863 3470
863 3471
863 3472
863 3473
863 3474
863 3475
863 3476
863 3477
863 3478
863 3479
863 3480
863 3481
863 3482
863 3483
863 3484
863 3485
863 3486
904 3487
904 3488
904 3489
904 3490
904 3491
904 3492
904 3493
904 3494
904 3495
904 3496
904 3497
904 3498
904 3499
904 3500
904 3501
904 3502
904 3503
904 3504
904 3505
904 3506
904 3507
904 3508
904 3509
904 3510
904 3511
904 3512
904 3513
904 3514
904 3515
904 3516
904 3517
904 3518
904 3519
904 3520
904 3521
904 3522
904 3523
904 3524
904 3525
904 3526
904 3527
904 3528
904 3529
904 3530
904 3531
904 3532
904 3533
904 3534
904 3535
904 3536
904 3537
904 3538
904 3539
904 3540
904 3541
904 3542
904 3543
904 3544
904 3545
904 3546
904 3547
904 3548
904 3549
904 3550
904 3551
904 3552
904 3553
904 3554
904 3555
904 3556
904 3557
904 3558
904 3559
904 3560
904 3561
904 3562
904 3563
904 3564
904 3565
904 3566
904 3567
904 3568
945 3569
945 3570
945 3571
945 3572
945 3573
945 3574
945 3575
945 3576
945 3577
945 3578
945 3579
945 3580
945 3581
945 3582
945 3583
945 3584
945 3585
945 3586
945 3587
945 3588
945 3589
945 3590
945 3591
945 3592
945 3593
945 3594
945 3595
945 3596
945 3597
945 3598
945 3599
945 3600
945 3601
945 3602
945 3603
945 3604
945 3605
945 3606
945 3607
945 3608
945 3609
945 3610
945 3611
945 3612
945 3613
945 3614
945 3615
945 3616
945 3617
945 3618
945 3619
945 3620
945 3621
945 3622
945 3623
945 3624
945 3625
945 3626
945 3627
945 3628
945 3629
945 3630
945 3631
945 3632
945 3633
945 3634
945 3635
945 3636
945 3637
945 3638
945 3639
945 3640
945 3641
945 3642
945 3643
945 3644
945 3645
945 3646
945 3647
945 3648
945 3649
945 3650
986 3651
986 3652
986 3653
986 3654
986 3655
986 3656
986 3657
986 3658
986 3659
986 3660
986 3661
986 3662
986 3663
986 3664
986 3665
986 3666
986 3667
986 3668
986 3669
986 3670
986 3671
986 3672
986 3673
986 3674
986 3675
986 3676
986 3677
986 3678
986 3679
986 3680
986 3681
986 3682
986 3683
986 3684
986 3685
986 3686
986 3687
986 3688
986 3689
986 3690
986 3691
986 3692
986 3693
986 3694
986 3695
986 3696
986 3697
986 3698
986 3699
986 3700
986 3701
986 3702
986 3703
986 3704
986 3705
986 3706
986 3707
986 3708
986 3709
986 3710
986 3711
986 3712
986 3713
986 3714
986 3715
986 3716
986 3717
986 3718
986 3719
986 3720
986 3721
986 3722
986 3723
986 3724
986 3725
986 3726
986 3727
986 3728
986 3729
986 3730
986 3731
986 3732
1027 3733
1027 3734
1027 3735
1027 3736
1027 3737
1027 3738
1027 3739
1027 3740
1027 3741
1027 3742
1027 3743
1027 3744
1027 3745
1027 3746
1027 3747
1027 3748
1027 3749
1027 3750
1027 3751
1027 3752
1027 3753
1027 3754
1027 3755
1027 3756
1027 3757
1027 3758
1027 3759
1027 3760
1027 3761
1027 3762
1027 3763
1027 3764
1027 3765
1027 3766
1027 3767
1027 3768
1027 3769
1027 3770
1027 3771
1027 3772
1027 3773
1027 3774
1027 3775
1027 3776
1027 3777
1027 3778
1027 3779
1027 3780
1027 3781
1027 3782
1027 3783
1027 3784
1027 3785
1027 3786
1027 3787
1027 3788
1027 3789
1027 3790
1027 3791
1027 3792
1027 3793
1027 3794
1027 3795
1027 3796
1027 3797
1027 3798
1027 3799
1027 3800
1027 3801
1027 3802
1027 3803
1027 3804
1027 3805
1027 3806
1027 3807
1027 3808
1027 3809
1027 3810
1027 3811
1027 3812
1027 3813
1027 3814
1068 3815
1068 3816
1068 3817
1068 3818
1068 3819
1068 3820
1068 3821
1068 3822
1068 3823
1068 3824
1068 3825
1068 3826
1068 3827
1068 3828
1068 3829
1068 3830
1068 3831
1068 3832
1068 3833
1068 3834
1068 3835
1068 3836
1068 3837
1068 3838
1068 3839
1068 3840
1068 3841
1068 3842
1068 3843
1068 3844
1068 3845
1068 3846
1068 3847
1068 3848
1068 3849
1068 3850
1068 3851
1068 3852
1068 3853
1068 3854
1068 3855
1068 3856
1068 3857
1068 3858
1068 3859
1068 3860
1068 3861
1068 3862
1068 3863
1068 3864
1068 3865
1068 3866
1068 3867
1068 3868
1068 3869
1068 3870
1068 3871
1068 3872
1068 3873
1068 3874
1068 3875
1068 3876
1068 3877
1068 3878
1068 3879
1068 3880
1068 3881
1068 3882
1068 3883
1068 3884
1068 3885
1068 3886
1068 3887
1068 3888
1068 3889
1068 3890
1068 3891
1068 3892
1068 3893
1068 3894
1068 3895
1068 3896
1109 3897
1109 3898
1109 3899
1109 3900
1109 3901
1109 3902
1109 3903
1109 3904
1109 3905
1109 3906
1109 3907
1109 3908
1109 3909
1109 3910
1109 3911
1109 3912
1109 3913
1109 3914
1109 3915
1109 3916
1109 3917
1109 3918
1109 3919
1109 3920
1109 3921
1109 3922
1109 3923
1109 3924
1109 3925
1109 3926
1109 3927
1109 3928
1109 3929
1109 3930
1109 3931
1109 3932
1109 3933
1109 3934
1109 3935
1109 3936
1109 3937
1109 3938
1109 3939
1109 3940
1109 3941
1109 3942
1109 3943
1109 3944
1109 3945
1109 3946
1109 3947
1109 3948
1109 3949
1109 3950
1109 3951
1109 3952
1109 3953
1109 3954
1109 3955
1109 3956
1109 3957
1109 3958
1109 3959
1109 3960
1109 3961
1109 3962
1109 3963
1109 3964
1109 3965
1109 3966
1109 3967
1109 3968
1109 3969
1109 3970
1109 3971
1109 3972
1109 3973
1109 3974
1109 3975
1109 3976
1109 3977
1109 3978
1150 3979
1150 3980
1150 3981
1150 3982
1150 3983
1150 3984
1150 3985
1150 3986
1150 3987
1150 3988
1150 3989
1150 3990
1150 3991
1150 3992
1150 3993
1150 3994
1150 3995
1150 3996
1150 3997
1150 3998
1150 3999
1150 4000
1150 4001
1150 4002
1150 4003
1150 4004
1150 4005
1150 4006
1150 4007
1150 4008
1150 4009
1150 4010
1150 4011
1150 4012
1150 4013
1150 4014
1150 4015
1150 4016
1150 4017
1150 4018
1150 4019
1150 4020
1150 4021
1150 4022
1150 4023
1150 4024
1150 4025
1150 4026
1150 4027
1150 4028
1150 4029
1150 4030
1150 4031
1150 4032
1150 4033
1150 4034
1150 4035
1150 4036
1150 4037
1150 4038
1150 4039
1150 4040
1150 4041
1150 4042
1150 4043
1150 4044
1150 4045
1150 4046
1150 4047
1150 4048
1150 4049
1150 4050
1150 4051
1150 4052
1150 4053
1150 4054
1150 4055
1150 4056
1150 4057
1150 4058
1150 4059
1150 4060
1191 4061
1191 4062
1191 4063
1191 4064
1191 4065
1191 4066
1191 4067
1191 4068
1191 4069
1191 4070
1191 4071
1191 4072
1191 4073
1191 4074
1191 4075
1191 4076
1191 4077
1191 4078
1191 4079
1191 4080
1191 4081
1191 4082
1191 4083
1191 4084
1191 4085
1191 4086
1191 4087
1191 4088
1191 4089
1191 4090
1191 4091
1191 4092
1191 4093
1191 4094
1191 4095
1191 4096
1191 4097
1191 4098
1191 4099
1191 4100
1191 4101
1191 4102
1191 4103
1191 4104
1191 4105
1191 4106
1191 4107
1191 4108
1191 4109
1191 4110
1191 4111
1191 4112
1191 4113
1191 4114
1191 4115
1191 4116
1191 4117
1191 4118
1191 4119
1191 4120
1191 4121
1191 4122
1191 4123
1191 4124
1191 4125
1191 4126
1191 4127
1191 4128
1191 4129
1191 4130
1191 4131
1191 4132
1191 4133
1191 4134
1191 4135
1191 4136
1191 4137
1191 4138
1191 4139
1191 4140
1191 4141
1191 4142
1232 4143
1232 4144
1232 4145
1232 4146
1232 4147
1232 4148
1232 4149
1232 4150
1232 4151
1232 4152
1232 4153
1232 4154
1232 4155
1232 4156
1232 4157
1232 4158
1232 4159
1232 4160
1232 4161
1232 4162
1232 4163
1232 4164
1232 4165
1232 4166
1232 4167
1232 4168
1232 4169
1232 4170
1232 4171
1232 4172
1232 4173
1232 4174
1232 4175
1232 4176
1232 4177
1232 4178
1232 4179
1232 4180
1232 4181
1232 4182
1232 4183
1232 4184
1232 4185
1232 4186
1232 4187
1232 4188
1232 4189
1232 4190
1232 4191
1232 4192
1232 4193
1232 4194
1232 4195
1232 4196
1232 4197
1232 4198
1232 4199
1232 4200
1232 4201
1232 4202
1232 4203
1232 4204
1232 4205
1232 4206
1232 4207
1232 4208
1232 4209
1232 4210
1232 4211
1232 4212
1232 4213
1232 4214
1232 4215
1232 4216
1232 4217
1232 4218
1232 4219
1232 4220
1232 4221
1232 4222
1232 4223
1232 4224
1273 4225
1273 4226
1273 4227
1273 4228
1273 4229
1273 4230
1273 4231
1273 4232
1273 4233
1273 4234
1273 4235
1273 4236
1273 4237
1273 4238
1273 4239
1273 4240
1273 4241
1273 4242
1273 4243
1273 4244
1273 4245
1273 4246
1273 4247
1273 4248
1273 4249
1273 4250
1273 4251
1273 4252
1273 4253
1273 4254
1273 4255
1273 4256
1273 4257
1273 4258
1273 4259
1273 4260
1273 4261
1273 4262
1273 4263
1273 4264
1273 4265
1273 4266
1273 4267
1273 4268
1273 4269
1273 4270
1273 4271
1273 4272
1273 4273
1273 4274
1273 4275
1273 4276
1273 4277
1273 4278
1273 4279
1273 4280
1273 4281
1273 4282
1273 4283
1273 4284
1273 4285
1273 4286
1273 4287
1273 4288
1273 4289
1273 4290
1273 4291
1273 4292
1273 4293
1273 4294
1273 4295
1273 4296
1273 4297
1273 4298
1273 4299
1273 4300
1273 4301
1273 4302
1273 4303
1273 4304
1273 4305
1273 4306
1314 4307
1314 4308
1314 4309
1314 4310
1314 4311
1314 4312
1314 4313
1314 4314
1314 4315
1314 4316
1314 4317
1314 4318
1314 4319
1314 4320
1314 4321
1314 4322
1314 4323
1314 4324
1314 4325
1314 4326
1314 4327
1314 4328
1314 4329
1314 4330
1314 4331
1314 4332
1314 4333
1314 4334
1314 4335
1314 4336
1314 4337
1314 4338
1314 4339
1314 4340
1314 4341
1314 4342
1314 4343
1314 4344
1314 4345
1314 4346
1314 4347
1314 4348
1314 4349
1314 4350
1314 4351
1314 4352
1314 4353
1314 4354
1314 4355
1314 4356
1314 4357
1314 4358
1314 4359
1314 4360
1314 4361
1314 4362
1314 4363
1314 4364
1314 4365
1314 4366
1314 4367
1314 4368
1314 4369
1314 4370
1314 4371
1314 4372
1314 4373
1314 4374
1314 4375
1314 4376
1314 4377
1314 4378
1314 4379
1314 4380
1314 4381
1314 4382
1314 4383
1314 4384
1314 4385
1314 4386
1314 4387
1314 4388
1355 4389
1355 4390
1355 4391
1355 4392
1355 4393
1355 4394
1355 4395
1355 4396
1355 4397
1355 4398
1355 4399
1355 4400
1355 4401
1355 4402
1355 4403
1355 4404
1355 4405
1355 4406
1355 4407
1355 4408
1355 4409
1355 4410
1355 4411
1355 4412
1355 4413
1355 4414
1355 4415
1355 4416
1355 4417
1355 4418
1355 4419
1355 4420
1355 4421
1355 4422
1355 4423
1355 4424
1355 4425
1355 4426
1355 4427
1355 4428
1355 4429
1355 4430
1355 4431
1355 4432
1355 4433
1355 4434
1355 4435
1355 4436
1355 4437
1355 4438
1355 4439
1355 4440
1355 4441
1355 4442
1355 4443
1355 4444
1355 4445
1355 4446
1355 4447
1355 4448
1355 4449
1355 4450
1355 4451
1355 4452
1355 4453
1355 4454
1355 4455
1355 4456
1355 4457
1355 4458
1355 4459
1355 4460
1355 4461
1355 4462
1355 4463
1355 4464
1355 4465
1355 4466
1355 4467
1355 4468
1355 4469
1355 4470
1396 4471
1396 4472
1396 4473
1396 4474
1396 4475
1396 4476
1396 4477
1396 4478
1396 4479
1396 4480
1396 4481
1396 4482
1396 4483
1396 4484
1396 4485
1396 4486
1396 4487
1396 4488
1396 4489
1396 4490
1396 4491
1396 4492
1396 4493
1396 4494
1396 4495
1396 4496
1396 4497
1396 4498
1396 4499
1396 4500
1396 4501
1396 4502
1396 4503
1396 4504
1396 4505
1396 4506
1396 4507
1396 4508
1396 4509
1396 4510
1396 4511
1396 4512
1396 4513
1396 4514
1396 4515
1396 4516
1396 4517
1396 4518
1396 4519
1396 4520
1396 4521
1396 4522
1396 4523
1396 4524
1396 4525
1396 4526
1396 4527
1396 4528
1396 4529
1396 4530
1396 4531
1396 4532
1396 4533
1396 4534
1396 4535
1396 4536
1396 4537
1396 4538
1396 4539
1396 4540
1396 4541
1396 4542
1396 4543
1396 4544
1396 4545
1396 4546
1396 4547
1396 4548
1396 4549
1396 4550
1396 4551
1396 4552
1437 4553
1437 4554
1437 4555
1437 4556
1437 4557
1437 4558
1437 4559
1437 4560
1437 4561
1437 4562
1437 4563
1437 4564
1437 4565
1437 4566
1437 4567
1437 4568
1437 4569
1437 4570
1437 4571
1437 4572
1437 4573
1437 4574
1437 4575
1437 4576
1437 4577
1437 4578
1437 4579
1437 4580
1437 4581
1437 4582
1437 4583
1437 4584
1437 4585
1437 4586
1437 4587
1437 4588
1437 4589
1437 4590
1437 4591
1437 4592
1437 4593
1437 4594
1437 4595
1437 4596
1437 4597
1437 4598
1437 4599
1437 4600
1437 4601
1437 4602
1437 4603
1437 4604
1437 4605
1437 4606
1437 4607
1437 4608
1437 4609
1437 4610
1437 4611
1437 4612
1437 4613
1437 4614
1437 4615
1437 4616
1437 4617
1437 4618
1437 4619
1437 4620
1437 4621
1437 4622
1437 4623
1437 4624
1437 4625
1437 4626
1437 4627
1437 4628
1437 4629
1437 4630
1437 4631
1437 4632
1437 4633
1437 4634
1478 4635
1478 4636
1478 4637
1478 4638
1478 4639
1478 4640
1478 4641
1478 4642
1478 4643
1478 4644
1478 4645
1478 4646
1478 4647
1478 4648
1478 4649
1478 4650
1478 4651
1478 4652
1478 4653
1478 4654
1478 4655
1478 4656
1478 4657
1478 4658
1478 4659
1478 4660
1478 4661
1478 4662
1478 4663
1478 4664
1478 4665
1478 4666
1478 4667
1478 4668
1478 4669
1478 4670
1478 4671
1478 4672
1478 4673
1478 4674
1478 4675
1478 4676
1478 4677
1478 4678
1478 4679
1478 4680
1478 4681
1478 4682
1478 4683
1478 4684
1478 4685
1478 4686
1478 4687
1478 4688
1478 4689
1478 4690
1478 4691
1478 4692
1478 4693
1478 4694
1478 4695
1478 4696
1478 4697
1478 4698
1478 4699
1478 4700
1478 4701
1478 4702
1478 4703
1478 4704
1478 4705
1478 4706
1478 4707
1478 4708
1478 4709
1478 4710
1478 4711
1478 4712
1478 4713
1478 4714
1478 4715
1478 4716
1519 4717
1519 4718
1519 4719
1519 4720
1519 4721
1519 4722
1519 4723
1519 4724
1519 4725
1519 4726
1519 4727
1519 4728
1519 4729
1519 4730
1519 4731
1519 4732
1519 4733
1519 4734
1519 4735
1519 4736
1519 4737
1519 4738
1519 4739
1519 4740
1519 4741
1519 4742
1519 4743
1519 4744
1519 4745
1519 4746
1519 4747
1519 4748
1519 4749
1519 4750
1519 4751
1519 4752
1519 4753
1519 4754
1519 4755
1519 4756
1519 4757
1519 4758
1519 4759
1519 4760
1519 4761
1519 4762
1519 4763
1519 4764
1519 4765
1519 4766
1519 4767
1519 4768
1519 4769
1519 4770
1519 4771
1519 4772
1519 4773
1519 4774
1519 4775
1519 4776
1519 4777
1519 4778
1519 4779
1519 4780
1519 4781
1519 4782
1519 4783
1519 4784
1519 4785
1519 4786
1519 4787
1519 4788
1519 4789
1519 4790
1519 4791
1519 4792
1519 4793
1519 4794
1519 4795
1519 4796
1519 4797
1519 4798
1560 4799
1560 4800
1560 4801
1560 4802
1560 4803
1560 4804
1560 4805
1560 4806
1560 4807
1560 4808
1560 4809
1560 4810
1560 4811
1560 4812
1560 4813
1560 4814
1560 4815
1560 4816
1560 4817
1560 4818
1560 4819
1560 4820
1560 4821
1560 4822
1560 4823
1560 4824
1560 4825
1560 4826
1560 4827
1560 4828
1560 4829
1560 4830
1560 4831
1560 4832
1560 4833
1560 4834
1560 4835
1560 4836
1560 4837
1560 4838
1560 4839
1560 4840
1560 4841
1560 4842
1560 4843
1560 4844
1560 4845
1560 4846
1560 4847
1560 4848
1560 4849
1560 4850
1560 4851
1560 4852
1560 4853
1560 4854
1560 4855
1560 4856
1560 4857
1560 4858
1560 4859
1560 4860
1560 4861
1560 4862
1560 4863
1560 4864
1560 4865
1560 4866
1560 4867
1560 4868
1560 4869
1560 4870
1560 4871
1560 4872
1560 4873
1560 4874
1560 4875
1560 4876
1560 4877
1560 4878
1560 4879
1560 4880
1601 4881
1601 4882
1601 4883
1601 4884
1601 4885
1601 4886
1601 4887
1601 4888
1601 4889
1601 4890
1601 4891
1601 4892
1601 4893
1601 4894
1601 4895
1601 4896
1601 4897
1601 4898
1601 4899
1601 4900
1601 4901
1601 4902
1601 4903
1601 4904
1601 4905
1601 4906
1601 4907
1601 4908
1601 4909
1601 4910
1601 4911
1601 4912
1601 4913
1601 4914
1601 4915
1601 4916
1601 4917
1601 4918
1601 4919
1601 4920
1601 4921
1601 4922
1601 4923
1601 4924
1601 4925
1601 4926
1601 4927
1601 4928
1601 4929
1601 4930
1601 4931
1601 4932
1601 4933
1601 4934
1601 4935
1601 4936
1601 4937
1601 4938
1601 4939
1601 4940
1601 4941
1601 4942
1601 4943
1601 4944
1601 4945
1601 4946
1601 4947
1601 4948
1601 4949
1601 4950
1601 4951
1601 4952
1601 4953
1601 4954
1601 4955
1601 4956
1601 4957
1601 4958
1601 4959
1601 4960
1601 4961
1601 4962
1642 4963
1642 4964
1642 4965
1642 4966
1642 4967
1642 4968
1642 4969
1642 4970
1642 4971
1642 4972
1642 4973
1642 4974
1642 4975
1642 4976
1642 4977
1642 4978
1642 4979
1642 4980
1642 4981
1642 4982
1642 4983
1642 4984
1642 4985
1642 4986
1642 4987
1642 4988
1642 4989
1642 4990
1642 4991
1642 4992
1642 4993
1642 4994
1642 4995
1642 4996
1642 4997
1642 4998
1642 4999
1642 5000
1642 5001
1642 5002
1642 5003
1642 5004
1642 5005
1642 5006
1642 5007
1642 5008
1642 5009
1642 5010
1642 5011
1642 5012
1642 5013
1642 5014
1642 5015
1642 5016
1642 5017
1642 5018
1642 5019
1642 5020
1642 5021
1642 5022
1642 5023
1642 5024
1642 5025
1642 5026
1642 5027
1642 5028
1642 5029
1642 5030
1642 5031
1642 5032
1642 5033
1642 5034
1642 5035
1642 5036
1642 5037
1642 5038
1642 5039
1642 5040
1642 5041
1642 5042
1642 5043
1642 5044
1683 5045
1683 5046
1683 5047
1683 5048
1683 5049
1683 5050
1683 5051
1683 5052
1683 5053
1683 5054
1683 5055
1683 5056
1683 5057
1683 5058
1683 5059
1683 5060
1683 5061
1683 5062
1683 5063
1683 5064
1683 5065
1683 5066
1683 5067
1683 5068
1683 5069
1683 5070
1683 5071
1683 5072
1683 5073
1683 5074
1683 5075
1683 5076
1683 5077
1683 5078
1683 5079
1683 5080
1683 5081
1683 5082
1683 5083
1683 5084
1683 5085
1683 5086
1683 5087
1683 5088
1683 5089
1683 5090
1683 5091
1683 5092
1683 5093
1683 5094
1683 5095
1683 5096
1683 5097
1683 5098
1683 5099
1683 5100
1683 5101
1683 5102
1683 5103
1683 5104
1683 5105
1683 5106
1683 5107
1683 5108
1683 5109
1683 5110
1683 5111
1683 5112
1683 5113
1683 5114
1683 5115
1683 5116
1683 5117
1683 5118
1683 5119
1683 5120
1683 5121
1683 5122
1683 5123
1683 5124
1683 5125
1683 5126
1724 5127
1724 5128
1724 5129
1724 5130
1724 5131
1724 5132
1724 5133
1724 5134
1724 5135
1724 5136
1724 5137
1724 5138
1724 5139
1724 5140
1724 5141
1724 5142
1724 5143
1724 5144
1724 5145
1724 5146
1724 5147
1724 5148
1724 5149
1724 5150
1724 5151
1724 5152
1724 5153
1724 5154
1724 5155
1724 5156
1724 5157
1724 5158
1724 5159
1724 5160
1724 5161
1724 5162
1724 5163
1724 5164
1724 5165
1724 5166
1724 5167
1724 5168
1724 5169
1724 5170
1724 5171
1724 5172
1724 5173
1724 5174
1724 5175
1724 5176
1724 5177
1724 5178
1724 5179
1724 5180
1724 5181
1724 5182
1724 5183
1724 5184
1724 5185
1724 5186
1724 5187
1724 5188
1724 5189
1724 5190
1724 5191
1724 5192
1724 5193
1724 5194
1724 5195
1724 5196
1724 5197
1724 5198
1724 5199
1724 5200
1724 5201
1724 5202
1724 5203
1724 5204
1724 5205
1724 5206
1724 5207
1724 5208
