3605 4760
1 2
1 3
1 4
1 5
1 6
1 7
1 8
1 9
1 10
1 11
1 12
1 13
1 14
1 15
1 16
1 17
1 18
1 19
1 20
1 21
1 22
1 23
1 24
1 25
1 26
1 27
1 28
1 29
1 30
1 31
1 32
1 33
1 34
1 35
2 1
2 3
2 4
2 5
2 6
2 7
2 8
2 9
2 10
2 11
2 12
2 13
2 14
2 15
2 16
2 17
2 18
2 19
2 20
2 21
2 22
2 23
2 24
2 25
2 26
2 27
2 28
2 29
2 30
2 31
2 32
2 33
2 34
2 35
3 1
3 2
3 4
3 5
3 6
3 7
3 8
3 9
3 10
3 11
3 12
3 13
3 14
3 15
3 16
3 17
3 18
3 19
3 20
3 21
3 22
3 23
3 24
3 25
3 26
3 27
3 28
3 29
3 30
3 31
3 32
3 33
3 34
3 35
4 1
4 2
4 3
4 5
4 6
4 7
4 8
4 9
4 10
4 11
4 12
4 13
4 14
4 15
4 16
4 17
4 18
4 19
4 20
4 21
4 22
4 23
4 24
4 25
4 26
4 27
4 28
4 29
4 30
4 31
4 32
4 33
4 34
4 35
5 1
5 2
5 3
5 4
5 6
5 7
5 8
5 9
5 10
5 11
5 12
5 13
5 14
5 15
5 16
5 17
5 18
5 19
5 20
5 21
5 22
5 23
5 24
5 25
5 26
5 27
5 28
5 29
5 30
5 31
5 32
5 33
5 34
5 35
6 1
6 2
6 3
6 4
6 5
6 7
6 8
6 9
6 10
6 11
6 12
6 13
6 14
6 15
6 16
6 17
6 18
6 19
6 20
6 21
6 22
6 23
6 24
6 25
6 26
6 27
6 28
6 29
6 30
6 31
6 32
6 33
6 34
6 35
7 1
7 2
7 3
7 4
7 5
7 6
7 8
7 9
7 10
7 11
7 12
7 13
7 14
7 15
7 16
7 17
7 18
7 19
7 20
7 21
7 22
7 23
7 24
7 25
7 26
7 27
7 28
7 29
7 30
7 31
7 32
7 33
7 34
7 35
8 1
8 2
8 3
8 4
8 5
8 6
8 7
8 9
8 10
8 11
8 12
8 13
8 14
8 15
8 16
8 17
8 18
8 19
8 20
8 21
8 22
8 23
8 24
8 25
8 26
8 27
8 28
8 29
8 30
8 31
8 32
8 33
8 34
8 35
9 1
9 2
9 3
9 4
9 5
9 6
9 7
9 8
9 10
9 11
9 12
9 13
9 14
9 15
9 16
9 17
9 18
9 19
9 20
9 21
9 22
9 23
9 24
9 25
9 26
9 27
9 28
9 29
9 30
9 31
9 32
9 33
9 34
9 35
10 1
10 2
10 3
10 4
10 5
10 6
10 7
10 8
10 9
10 11
10 12
10 13
10 14
10 15
10 16
10 17
10 18
10 19
10 20
10 21
10 22
10 23
10 24
10 25
10 26
10 27
10 28
10 29
10 30
10 31
10 32
10 33
10 34
10 35
11 1
11 2
11 3
11 4
11 5
11 6
11 7
11 8
11 9
11 10
11 12
11 13
11 14
11 15
11 16
11 17
11 18
11 19
11 20
11 21
11 22
11 23
11 24
11 25
11 26
11 27
11 28
11 29
11 30
11 31
11 32
11 33
11 34
11 35
12 1
12 2
12 3
12 4
12 5
12 6
12 7
12 8
12 9
12 10
12 11
12 13
12 14
12 15
12 16
12 17
12 18
12 19
12 20
12 21
12 22
12 23
12 24
12 25
12 26
12 27
12 28
12 29
12 30
12 31
12 32
12 33
12 34
12 35
13 1
13 2
13 3
13 4
13 5
13 6
13 7
13 8
13 9
13 10
13 11
13 12
13 14
13 15
13 16
13 17
13 18
13 19
13 20
13 21
13 22
13 23
13 24
13 25
13 26
13 27
13 28
13 29
13 30
13 31
13 32
13 33
13 34
13 35
14 1
14 2
14 3
14 4
14 5
14 6
14 7
14 8
14 9
14 10
14 11
14 12
14 13
14 15
14 16
14 17
14 18
14 19
14 20
14 21
14 22
14 23
14 24
14 25
14 26
14 27
14 28
14 29
14 30
14 31
14 32
14 33
14 34
14 35
15 1
15 2
15 3
15 4
15 5
15 6
15 7
15 8
15 9
15 10
15 11
15 12
15 13
15 14
15 16
15 17
15 18
15 19
15 20
15 21
15 22
15 23
15 24
15 25
15 26
15 27
15 28
15 29
15 30
15 31
15 32
15 33
15 34
15 35
16 1
16 2
16 3
16 4
16 5
16 6
16 7
16 8
16 9
16 10
16 11
16 12
16 13
16 14
16 15
16 17
16 18
16 19
16 20
16 21
16 22
16 23
16 24
16 25
16 26
16 27
16 28
16 29
16 30
16 31
16 32
16 33
16 34
16 35
17 1
17 2
17 3
17 4
17 5
17 6
17 7
17 8
17 9
17 10
17 11
17 12
17 13
17 14
17 15
17 16
17 18
17 19
17 20
17 21
17 22
17 23
17 24
17 25
17 26
17 27
17 28
17 29
17 30
17 31
17 32
17 33
17 34
17 35
18 1
18 2
18 3
18 4
18 5
18 6
18 7
18 8
18 9
18 10
18 11
18 12
18 13
18 14
18 15
18 16
18 17
18 19
18 20
18 21
18 22
18 23
18 24
18 25
18 26
18 27
18 28
18 29
18 30
18 31
18 32
18 33
18 34
18 35
19 1
19 2
19 3
19 4
19 5
19 6
19 7
19 8
19 9
19 10
19 11
19 12
19 13
19 14
19 15
19 16
19 17
19 18
19 20
19 21
19 22
19 23
19 24
19 25
19 26
19 27
19 28
19 29
19 30
19 31
19 32
19 33
19 34
19 35
20 1
20 2
20 3
20 4
20 5
20 6
20 7
20 8
20 9
20 10
20 11
20 12
20 13
20 14
20 15
20 16
20 17
20 18
20 19
20 21
20 22
20 23
20 24
20 25
20 26
20 27
20 28
20 29
20 30
20 31
20 32
20 33
20 34
20 35
21 1
21 2
21 3
21 4
21 5
21 6
21 7
21 8
21 9
21 10
21 11
21 12
21 13
21 14
21 15
21 16
21 17
21 18
21 19
21 20
21 22
21 23
21 24
21 25
21 26
21 27
21 28
21 29
21 30
21 31
21 32
21 33
21 34
21 35
22 1
22 2
22 3
22 4
22 5
22 6
22 7
22 8
22 9
22 10
22 11
22 12
22 13
22 14
22 15
22 16
22 17
22 18
22 19
22 20
22 21
22 23
22 24
22 25
22 26
22 27
22 28
22 29
22 30
22 31
22 32
22 33
22 34
22 35
23 1
23 2
23 3
23 4
23 5
23 6
23 7
23 8
23 9
23 10
23 11
23 12
23 13
23 14
23 15
23 16
23 17
23 18
23 19
23 20
23 21
23 22
23 24
23 25
23 26
23 27
23 28
23 29
23 30
23 31
23 32
23 33
23 34
23 35
24 1
24 2
24 3
24 4
24 5
24 6
24 7
24 8
24 9
24 10
24 11
24 12
24 13
24 14
24 15
24 16
24 17
24 18
24 19
24 20
24 21
24 22
24 23
24 25
24 26
24 27
24 28
24 29
24 30
24 31
24 32
24 33
24 34
24 35
25 1
25 2
25 3
25 4
25 5
25 6
25 7
25 8
25 9
25 10
25 11
25 12
25 13
25 14
25 15
25 16
25 17
25 18
25 19
25 20
25 21
25 22
25 23
25 24
25 26
25 27
25 28
25 29
25 30
25 31
25 32
25 33
25 34
25 35
26 1
26 2
26 3
26 4
26 5
26 6
26 7
26 8
26 9
26 10
26 11
26 12
26 13
26 14
26 15
26 16
26 17
26 18
26 19
26 20
26 21
26 22
26 23
26 24
26 25
26 27
26 28
26 29
26 30
26 31
26 32
26 33
26 34
26 35
27 1
27 2
27 3
27 4
27 5
27 6
27 7
27 8
27 9
27 10
27 11
27 12
27 13
27 14
27 15
27 16
27 17
27 18
27 19
27 20
27 21
27 22
27 23
27 24
27 25
27 26
27 28
27 29
27 30
27 31
27 32
27 33
27 34
27 35
28 1
28 2
28 3
28 4
28 5
28 6
28 7
28 8
28 9
28 10
28 11
28 12
28 13
28 14
28 15
28 16
28 17
28 18
28 19
28 20
28 21
28 22
28 23
28 24
28 25
28 26
28 27
28 29
28 30
28 31
28 32
28 33
28 34
28 35
29 1
29 2
29 3
29 4
29 5
29 6
29 7
29 8
29 9
29 10
29 11
29 12
29 13
29 14
29 15
29 16
29 17
29 18
29 19
29 20
29 21
29 22
29 23
29 24
29 25
29 26
29 27
29 28
29 30
29 31
29 32
29 33
29 34
29 35
30 1
30 2
30 3
30 4
30 5
30 6
30 7
30 8
30 9
30 10
30 11
30 12
30 13
30 14
30 15
30 16
30 17
30 18
30 19
30 20
30 21
30 22
30 23
30 24
30 25
30 26
30 27
30 28
30 29
30 31
30 32
30 33
30 34
30 35
31 1
31 2
31 3
31 4
31 5
31 6
31 7
31 8
31 9
31 10
31 11
31 12
31 13
31 14
31 15
31 16
31 17
31 18
31 19
31 20
31 21
31 22
31 23
31 24
31 25
31 26
31 27
31 28
31 29
31 30
31 32
31 33
31 34
31 35
32 1
32 2
32 3
32 4
32 5
32 6
32 7
32 8
32 9
32 10
32 11
32 12
32 13
32 14
32 15
32 16
32 17
32 18
32 19
32 20
32 21
32 22
32 23
32 24
32 25
32 26
32 27
32 28
32 29
32 30
32 31
32 33
32 34
32 35
33 1
33 2
33 3
33 4
33 5
33 6
33 7
33 8
33 9
33 10
33 11
33 12
33 13
33 14
33 15
33 16
33 17
33 18
33 19
33 20
33 21
33 22
33 23
33 24
33 25
33 26
33 27
33 28
33 29
33 30
33 31
33 32
33 34
33 35
34 1
34 2
34 3
34 4
34 5
34 6
34 7
34 8
34 9
34 10
34 11
34 12
34 13
34 14
34 15
34 16
34 17
34 18
34 19
34 20
34 21
34 22
34 23
34 24
34 25
34 26
34 27
34 28
34 29
34 30
34 31
34 32
34 33
34 35
35 1
35 2
35 3
35 4
35 5
35 6
35 7
35 8
35 9
35 10
35 11
35 12
35 13
35 14
35 15
35 16
35 17
35 18
35 19
35 20
35 21
35 22
35 23
35 24
35 25
35 26
35 27
35 28
35 29
35 30
35 31
35 32
35 33
35 34
1 36
1 37
1 38
1 39
1 40
1 41
1 42
1 43
1 44
1 45
1 46
1 47
1 48
1 49
1 50
1 51
1 52
1 53
1 54
1 55
1 56
1 57
1 58
1 59
1 60
1 61
1 62
1 63
1 64
1 65
1 66
1 67
1 68
1 69
2 70
2 71
2 72
2 73
2 74
2 75
2 76
2 77
2 78
2 79
2 80
2 81
2 82
2 83
2 84
2 85
2 86
2 87
2 88
2 89
2 90
2 91
2 92
2 93
2 94
2 95
2 96
2 97
2 98
2 99
2 100
2 101
2 102
2 103
3 104
3 105
3 106
3 107
3 108
3 109
3 110
3 111
3 112
3 113
3 114
3 115
3 116
3 117
3 118
3 119
3 120
3 121
3 122
3 123
3 124
3 125
3 126
3 127
3 128
3 129
3 130
3 131
3 132
3 133
3 134
3 135
3 136
3 137
4 138
4 139
4 140
4 141
4 142
4 143
4 144
4 145
4 146
4 147
4 148
4 149
4 150
4 151
4 152
4 153
4 154
4 155
4 156
4 157
4 158
4 159
4 160
4 161
4 162
4 163
4 164
4 165
4 166
4 167
4 168
4 169
4 170
4 171
5 172
5 173
5 174
5 175
5 176
5 177
5 178
5 179
5 180
5 181
5 182
5 183
5 184
5 185
5 186
5 187
5 188
5 189
5 190
5 191
5 192
5 193
5 194
5 195
5 196
5 197
5 198
5 199
5 200
5 201
5 202
5 203
5 204
5 205
6 206
6 207
6 208
6 209
6 210
6 211
6 212
6 213
6 214
6 215
6 216
6 217
6 218
6 219
6 220
6 221
6 222
6 223
6 224
6 225
6 226
6 227
6 228
6 229
6 230
6 231
6 232
6 233
6 234
6 235
6 236
6 237
6 238
6 239
7 240
7 241
7 242
7 243
7 244
7 245
7 246
7 247
7 248
7 249
7 250
7 251
7 252
7 253
7 254
7 255
7 256
7 257
7 258
7 259
7 260
7 261
7 262
7 263
7 264
7 265
7 266
7 267
7 268
7 269
7 270
7 271
7 272
7 273
8 274
8 275
8 276
8 277
8 278
8 279
8 280
8 281
8 282
8 283
8 284
8 285
8 286
8 287
8 288
8 289
8 290
8 291
8 292
8 293
8 294
8 295
8 296
8 297
8 298
8 299
8 300
8 301
8 302
8 303
8 304
8 305
8 306
8 307
9 308
9 309
9 310
9 311
9 312
9 313
9 314
9 315
9 316
9 317
9 318
9 319
9 320
9 321
9 322
9 323
9 324
9 325
9 326
9 327
9 328
9 329
9 330
9 331
9 332
9 333
9 334
9 335
9 336
9 337
9 338
9 339
9 340
9 341
10 342
10 343
10 344
10 345
10 346
10 347
10 348
10 349
10 350
10 351
10 352
10 353
10 354
10 355
10 356
10 357
10 358
10 359
10 360
10 361
10 362
10 363
10 364
10 365
10 366
10 367
10 368
10 369
10 370
10 371
10 372
10 373
10 374
10 375
11 376
11 377
11 378
11 379
11 380
11 381
11 382
11 383
11 384
11 385
11 386
11 387
11 388
11 389
11 390
11 391
11 392
11 393
11 394
11 395
11 396
11 397
11 398
11 399
11 400
11 401
11 402
11 403
11 404
11 405
11 406
11 407
11 408
11 409
12 410
12 411
12 412
12 413
12 414
12 415
12 416
12 417
12 418
12 419
12 420
12 421
12 422
12 423
12 424
12 425
12 426
12 427
12 428
12 429
12 430
12 431
12 432
12 433
12 434
12 435
12 436
12 437
12 438
12 439
12 440
12 441
12 442
12 443
13 444
13 445
13 446
13 447
13 448
13 449
13 450
13 451
13 452
13 453
13 454
13 455
13 456
13 457
13 458
13 459
13 460
13 461
13 462
13 463
13 464
13 465
13 466
13 467
13 468
13 469
13 470
13 471
13 472
13 473
13 474
13 475
13 476
13 477
14 478
14 479
14 480
14 481
14 482
14 483
14 484
14 485
14 486
14 487
14 488
14 489
14 490
14 491
14 492
14 493
14 494
14 495
14 496
14 497
14 498
14 499
14 500
14 501
14 502
14 503
14 504
14 505
14 506
14 507
14 508
14 509
14 510
14 511
15 512
15 513
15 514
15 515
15 516
15 517
15 518
15 519
15 520
15 521
15 522
15 523
15 524
15 525
15 526
15 527
15 528
15 529
15 530
15 531
15 532
15 533
15 534
15 535
15 536
15 537
15 538
15 539
15 540
15 541
15 542
15 543
15 544
15 545
16 546
16 547
16 548
16 549
16 550
16 551
16 552
16 553
16 554
16 555
16 556
16 557
16 558
16 559
16 560
16 561
16 562
16 563
16 564
16 565
16 566
16 567
16 568
16 569
16 570
16 571
16 572
16 573
16 574
16 575
16 576
16 577
16 578
16 579
17 580
17 581
17 582
17 583
17 584
17 585
17 586
17 587
17 588
17 589
17 590
17 591
17 592
17 593
17 594
17 595
17 596
17 597
17 598
17 599
17 600
17 601
17 602
17 603
17 604
17 605
17 606
17 607
17 608
17 609
17 610
17 611
17 612
17 613
18 614
18 615
18 616
18 617
18 618
18 619
18 620
18 621
18 622
18 623
18 624
18 625
18 626
18 627
18 628
18 629
18 630
18 631
18 632
18 633
18 634
18 635
18 636
18 637
18 638
18 639
18 640
18 641
18 642
18 643
18 644
18 645
18 646
18 647
19 648
19 649
19 650
19 651
19 652
19 653
19 654
19 655
19 656
19 657
19 658
19 659
19 660
19 661
19 662
19 663
19 664
19 665
19 666
19 667
19 668
19 669
19 670
19 671
19 672
19 673
19 674
19 675
19 676
19 677
19 678
19 679
19 680
19 681
20 682
20 683
20 684
20 685
20 686
20 687
20 688
20 689
20 690
20 691
20 692
20 693
20 694
20 695
20 696
20 697
20 698
20 699
20 700
20 701
20 702
20 703
20 704
20 705
20 706
20 707
20 708
20 709
20 710
20 711
20 712
20 713
20 714
20 715
21 716
21 717
21 718
21 719
21 720
21 721
21 722
21 723
21 724
21 725
21 726
21 727
21 728
21 729
21 730
21 731
21 732
21 733
21 734
21 735
21 736
21 737
21 738
21 739
21 740
21 741
21 742
21 743
21 744
21 745
21 746
21 747
21 748
21 749
22 750
22 751
22 752
22 753
22 754
22 755
22 756
22 757
22 758
22 759
22 760
22 761
22 762
22 763
22 764
22 765
22 766
22 767
22 768
22 769
22 770
22 771
22 772
22 773
22 774
22 775
22 776
22 777
22 778
22 779
22 780
22 781
22 782
22 783
23 784
23 785
23 786
23 787
23 788
23 789
23 790
23 791
23 792
23 793
23 794
23 795
23 796
23 797
23 798
23 799
23 800
23 801
23 802
23 803
23 804
23 805
23 806
23 807
23 808
23 809
23 810
23 811
23 812
23 813
23 814
23 815
23 816
23 817
24 818
24 819
24 820
24 821
24 822
24 823
24 824
24 825
24 826
24 827
24 828
24 829
24 830
24 831
24 832
24 833
24 834
24 835
24 836
24 837
24 838
24 839
24 840
24 841
24 842
24 843
24 844
24 845
24 846
24 847
24 848
24 849
24 850
24 851
25 852
25 853
25 854
25 855
25 856
25 857
25 858
25 859
25 860
25 861
25 862
25 863
25 864
25 865
25 866
25 867
25 868
25 869
25 870
25 871
25 872
25 873
25 874
25 875
25 876
25 877
25 878
25 879
25 880
25 881
25 882
25 883
25 884
25 885
26 886
26 887
26 888
26 889
26 890
26 891
26 892
26 893
26 894
26 895
26 896
26 897
26 898
26 899
26 900
26 901
26 902
26 903
26 904
26 905
26 906
26 907
26 908
26 909
26 910
26 911
26 912
26 913
26 914
26 915
26 916
26 917
26 918
26 919
27 920
27 921
27 922
27 923
27 924
27 925
27 926
27 927
27 928
27 929
27 930
27 931
27 932
27 933
27 934
27 935
27 936
27 937
27 938
27 939
27 940
27 941
27 942
27 943
27 944
27 945
27 946
27 947
27 948
27 949
27 950
27 951
27 952
27 953
28 954
28 955
28 956
28 957
28 958
28 959
28 960
28 961
28 962
28 963
28 964
28 965
28 966
28 967
28 968
28 969
28 970
28 971
28 972
28 973
28 974
28 975
28 976
28 977
28 978
28 979
28 980
28 981
28 982
28 983
28 984
28 985
28 986
28 987
29 988
29 989
29 990
29 991
29 992
29 993
29 994
29 995
29 996
29 997
29 998
29 999
29 1000
29 1001
29 1002
29 1003
29 1004
29 1005
29 1006
29 1007
29 1008
29 1009
29 1010
29 1011
29 1012
29 1013
29 1014
29 1015
29 1016
29 1017
29 1018
29 1019
29 1020
29 1021
30 1022
30 1023
30 1024
30 1025
30 1026
30 1027
30 1028
30 1029
30 1030
30 1031
30 1032
30 1033
30 1034
30 1035
30 1036
30 1037
30 1038
30 1039
30 1040
30 1041
30 1042
30 1043
30 1044
30 1045
30 1046
30 1047
30 1048
30 1049
30 1050
30 1051
30 1052
30 1053
30 1054
30 1055
31 1056
31 1057
31 1058
31 1059
31 1060
31 1061
31 1062
31 1063
31 1064
31 1065
31 1066
31 1067
31 1068
31 1069
31 1070
31 1071
31 1072
31 1073
31 1074
31 1075
31 1076
31 1077
31 1078
31 1079
31 1080
31 1081
31 1082
31 1083
31 1084
31 1085
31 1086
31 1087
31 1088
31 1089
32 1090
32 1091
32 1092
32 1093
32 1094
32 1095
32 1096
32 1097
32 1098
32 1099
32 1100
32 1101
32 1102
32 1103
32 1104
32 1105
32 1106
32 1107
32 1108
32 1109
32 1110
32 1111
32 1112
32 1113
32 1114
32 1115
32 1116
32 1117
32 1118
32 1119
32 1120
32 1121
32 1122
32 1123
33 1124
33 1125
33 1126
33 1127
33 1128
33 1129
33 1130
33 1131
33 1132
33 1133
33 1134
33 1135
33 1136
33 1137
33 1138
33 1139
33 1140
33 1141
33 1142
33 1143
33 1144
33 1145
33 1146
33 1147
33 1148
33 1149
33 1150
33 1151
33 1152
33 1153
33 1154
33 1155
33 1156
33 1157
34 1158
34 1159
34 1160
34 1161
34 1162
34 1163
34 1164
34 1165
34 1166
34 1167
34 1168
34 1169
34 1170
34 1171
34 1172
34 1173
34 1174
34 1175
34 1176
34 1177
34 1178
34 1179
34 1180
34 1181
34 1182
34 1183
34 1184
34 1185
34 1186
34 1187
34 1188
34 1189
34 1190
34 1191
35 1192
35 1193
35 1194
35 1195
35 1196
35 1197
35 1198
35 1199
35 1200
35 1201
35 1202
35 1203
35 1204
35 1205
35 1206
35 1207
35 1208
35 1209
35 1210
35 1211
35 1212
35 1213
35 1214
35 1215
35 1216
35 1217
35 1218
35 1219
35 1220
35 1221
35 1222
35 1223
35 1224
35 1225
36 1226
36 1227
36 1228
36 1229
36 1230
36 1231
36 1232
36 1233
36 1234
36 1235
36 1236
36 1237
36 1238
36 1239
36 1240
36 1241
36 1242
36 1243
36 1244
36 1245
36 1246
36 1247
36 1248
36 1249
36 1250
36 1251
36 1252
36 1253
36 1254
36 1255
36 1256
36 1257
36 1258
36 1259
36 1260
36 1261
36 1262
36 1263
36 1264
36 1265
36 1266
36 1267
36 1268
36 1269
36 1270
36 1271
36 1272
36 1273
36 1274
36 1275
36 1276
36 1277
36 1278
36 1279
36 1280
36 1281
36 1282
36 1283
36 1284
36 1285
36 1286
36 1287
36 1288
36 1289
36 1290
36 1291
36 1292
36 1293
70 1294
70 1295
70 1296
70 1297
70 1298
70 1299
70 1300
70 1301
70 1302
70 1303
70 1304
70 1305
70 1306
70 1307
70 1308
70 1309
70 1310
70 1311
70 1312
70 1313
70 1314
70 1315
70 1316
70 1317
70 1318
70 1319
70 1320
70 1321
70 1322
70 1323
70 1324
70 1325
70 1326
70 1327
70 1328
70 1329
70 1330
70 1331
70 1332
70 1333
70 1334
70 1335
70 1336
70 1337
70 1338
70 1339
70 1340
70 1341
70 1342
70 1343
70 1344
70 1345
70 1346
70 1347
70 1348
70 1349
70 1350
70 1351
70 1352
70 1353
70 1354
70 1355
70 1356
70 1357
70 1358
70 1359
70 1360
70 1361
104 1362
104 1363
104 1364
104 1365
104 1366
104 1367
104 1368
104 1369
104 1370
104 1371
104 1372
104 1373
104 1374
104 1375
104 1376
104 1377
104 1378
104 1379
104 1380
104 1381
104 1382
104 1383
104 1384
104 1385
104 1386
104 1387
104 1388
104 1389
104 1390
104 1391
104 1392
104 1393
104 1394
104 1395
104 1396
104 1397
104 1398
104 1399
104 1400
104 1401
104 1402
104 1403
104 1404
104 1405
104 1406
104 1407
104 1408
104 1409
104 1410
104 1411
104 1412
104 1413
104 1414
104 1415
104 1416
104 1417
104 1418
104 1419
104 1420
104 1421
104 1422
104 1423
104 1424
104 1425
104 1426
104 1427
104 1428
104 1429
138 1430
138 1431
138 1432
138 1433
138 1434
138 1435
138 1436
138 1437
138 1438
138 1439
138 1440
138 1441
138 1442
138 1443
138 1444
138 1445
138 1446
138 1447
138 1448
138 1449
138 1450
138 1451
138 1452
138 1453
138 1454
138 1455
138 1456
138 1457
138 1458
138 1459
138 1460
138 1461
138 1462
138 1463
138 1464
138 1465
138 1466
138 1467
138 1468
138 1469
138 1470
138 1471
138 1472
138 1473
138 1474
138 1475
138 1476
138 1477
138 1478
138 1479
138 1480
138 1481
138 1482
138 1483
138 1484
138 1485
138 1486
138 1487
138 1488
138 1489
138 1490
138 1491
138 1492
138 1493
138 1494
138 1495
138 1496
138 1497
172 1498
172 1499
172 1500
172 1501
172 1502
172 1503
172 1504
172 1505
172 1506
172 1507
172 1508
172 1509
172 1510
172 1511
172 1512
172 1513
172 1514
172 1515
172 1516
172 1517
172 1518
172 1519
172 1520
172 1521
172 1522
172 1523
172 1524
172 1525
172 1526
172 1527
172 1528
172 1529
172 1530
172 1531
172 1532
172 1533
172 1534
172 1535
172 1536
172 1537
172 1538
172 1539
172 1540
172 1541
172 1542
172 1543
172 1544
172 1545
172 1546
172 1547
172 1548
172 1549
172 1550
172 1551
172 1552
172 1553
172 1554
172 1555
172 1556
172 1557
172 1558
172 1559
172 1560
172 1561
172 1562
172 1563
172 1564
172 1565
206 1566
206 1567
206 1568
206 1569
206 1570
206 1571
206 1572
206 1573
206 1574
206 1575
206 1576
206 1577
206 1578
206 1579
206 1580
206 1581
206 1582
206 1583
206 1584
206 1585
206 1586
206 1587
206 1588
206 1589
206 1590
206 1591
206 1592
206 1593
206 1594
206 1595
206 1596
206 1597
206 1598
206 1599
206 1600
206 1601
206 1602
206 1603
206 1604
206 1605
206 1606
206 1607
206 1608
206 1609
206 1610
206 1611
206 1612
206 1613
206 1614
206 1615
206 1616
206 1617
206 1618
206 1619
206 1620
206 1621
206 1622
206 1623
206 1624
206 1625
206 1626
206 1627
206 1628
206 1629
206 1630
206 1631
206 1632
206 1633
240 1634
240 1635
240 1636
240 1637
240 1638
240 1639
240 1640
240 1641
240 1642
240 1643
240 1644
240 1645
240 1646
240 1647
240 1648
240 1649
240 1650
240 1651
240 1652
240 1653
240 1654
240 1655
240 1656
240 1657
240 1658
240 1659
240 1660
240 1661
240 1662
240 1663
240 1664
240 1665
240 1666
240 1667
240 1668
240 1669
240 1670
240 1671
240 1672
240 1673
240 1674
240 1675
240 1676
240 1677
240 1678
240 1679
240 1680
240 1681
240 1682
240 1683
240 1684
240 1685
240 1686
240 1687
240 1688
240 1689
240 1690
240 1691
240 1692
240 1693
240 1694
240 1695
240 1696
240 1697
240 1698
240 1699
240 1700
240 1701
274 1702
274 1703
274 1704
274 1705
274 1706
274 1707
274 1708
274 1709
274 1710
274 1711
274 1712
274 1713
274 1714
274 1715
274 1716
274 1717
274 1718
274 1719
274 1720
274 1721
274 1722
274 1723
274 1724
274 1725
274 1726
274 1727
274 1728
274 1729
274 1730
274 1731
274 1732
274 1733
274 1734
274 1735
274 1736
274 1737
274 1738
274 1739
274 1740
274 1741
274 1742
274 1743
274 1744
274 1745
274 1746
274 1747
274 1748
274 1749
274 1750
274 1751
274 1752
274 1753
274 1754
274 1755
274 1756
274 1757
274 1758
274 1759
274 1760
274 1761
274 1762
274 1763
274 1764
274 1765
274 1766
274 1767
274 1768
274 1769
308 1770
308 1771
308 1772
308 1773
308 1774
308 1775
308 1776
308 1777
308 1778
308 1779
308 1780
308 1781
308 1782
308 1783
308 1784
308 1785
308 1786
308 1787
308 1788
308 1789
308 1790
308 1791
308 1792
308 1793
308 1794
308 1795
308 1796
308 1797
308 1798
308 1799
308 1800
308 1801
308 1802
308 1803
308 1804
308 1805
308 1806
308 1807
308 1808
308 1809
308 1810
308 1811
308 1812
308 1813
308 1814
308 1815
308 1816
308 1817
308 1818
308 1819
308 1820
308 1821
308 1822
308 1823
308 1824
308 1825
308 1826
308 1827
308 1828
308 1829
308 1830
308 1831
308 1832
308 1833
308 1834
308 1835
308 1836
308 1837
342 1838
342 1839
342 1840
342 1841
342 1842
342 1843
342 1844
342 1845
342 1846
342 1847
342 1848
342 1849
342 1850
342 1851
342 1852
342 1853
342 1854
342 1855
342 1856
342 1857
342 1858
342 1859
342 1860
342 1861
342 1862
342 1863
342 1864
342 1865
342 1866
342 1867
342 1868
342 1869
342 1870
342 1871
342 1872
342 1873
342 1874
342 1875
342 1876
342 1877
342 1878
342 1879
342 1880
342 1881
342 1882
342 1883
342 1884
342 1885
342 1886
342 1887
342 1888
342 1889
342 1890
342 1891
342 1892
342 1893
342 1894
342 1895
342 1896
342 1897
342 1898
342 1899
342 1900
342 1901
342 1902
342 1903
342 1904
342 1905
376 1906
376 1907
376 1908
376 1909
376 1910
376 1911
376 1912
376 1913
376 1914
376 1915
376 1916
376 1917
376 1918
376 1919
376 1920
376 1921
376 1922
376 1923
376 1924
376 1925
376 1926
376 1927
376 1928
376 1929
376 1930
376 1931
376 1932
376 1933
376 1934
376 1935
376 1936
376 1937
376 1938
376 1939
376 1940
376 1941
376 1942
376 1943
376 1944
376 1945
376 1946
376 1947
376 1948
376 1949
376 1950
376 1951
376 1952
376 1953
376 1954
376 1955
376 1956
376 1957
376 1958
376 1959
376 1960
376 1961
376 1962
376 1963
376 1964
376 1965
376 1966
376 1967
376 1968
376 1969
376 1970
376 1971
376 1972
376 1973
410 1974
410 1975
410 1976
410 1977
410 1978
410 1979
410 1980
410 1981
410 1982
410 1983
410 1984
410 1985
410 1986
410 1987
410 1988
410 1989
410 1990
410 1991
410 1992
410 1993
410 1994
410 1995
410 1996
410 1997
410 1998
410 1999
410 2000
410 2001
410 2002
410 2003
410 2004
410 2005
410 2006
410 2007
410 2008
410 2009
410 2010
410 2011
410 2012
410 2013
410 2014
410 2015
410 2016
410 2017
410 2018
410 2019
410 2020
410 2021
410 2022
410 2023
410 2024
410 2025
410 2026
410 2027
410 2028
410 2029
410 2030
410 2031
410 2032
410 2033
410 2034
410 2035
410 2036
410 2037
410 2038
410 2039
410 2040
410 2041
444 2042
444 2043
444 2044
444 2045
444 2046
444 2047
444 2048
444 2049
444 2050
444 2051
444 2052
444 2053
444 2054
444 2055
444 2056
444 2057
444 2058
444 2059
444 2060
444 2061
444 2062
444 2063
444 2064
444 2065
444 2066
444 2067
444 2068
444 2069
444 2070
444 2071
444 2072
444 2073
444 2074
444 2075
444 2076
444 2077
444 2078
444 2079
444 2080
444 2081
444 2082
444 2083
444 2084
444 2085
444 2086
444 2087
444 2088
444 2089
444 2090
444 2091
444 2092
444 2093
444 2094
444 2095
444 2096
444 2097
444 2098
444 2099
444 2100
444 2101
444 2102
444 2103
444 2104
444 2105
444 2106
444 2107
444 2108
444 2109
478 2110
478 2111
478 2112
478 2113
478 2114
478 2115
478 2116
478 2117
478 2118
478 2119
478 2120
478 2121
478 2122
478 2123
478 2124
478 2125
478 2126
478 2127
478 2128
478 2129
478 2130
478 2131
478 2132
478 2133
478 2134
478 2135
478 2136
478 2137
478 2138
478 2139
478 2140
478 2141
478 2142
478 2143
478 2144
478 2145
478 2146
478 2147
478 2148
478 2149
478 2150
478 2151
478 2152
478 2153
478 2154
478 2155
478 2156
478 2157
478 2158
478 2159
478 2160
478 2161
478 2162
478 2163
478 2164
478 2165
478 2166
478 2167
478 2168
478 2169
478 2170
478 2171
478 2172
478 2173
478 2174
478 2175
478 2176
478 2177
512 2178
512 2179
512 2180
512 2181
512 2182
512 2183
512 2184
512 2185
512 2186
512 2187
512 2188
512 2189
512 2190
512 2191
512 2192
512 2193
512 2194
512 2195
512 2196
512 2197
512 2198
512 2199
512 2200
512 2201
512 2202
512 2203
512 2204
512 2205
512 2206
512 2207
512 2208
512 2209
512 2210
512 2211
512 2212
512 2213
512 2214
512 2215
512 2216
512 2217
512 2218
512 2219
512 2220
512 2221
512 2222
512 2223
512 2224
512 2225
512 2226
512 2227
512 2228
512 2229
512 2230
512 2231
512 2232
512 2233
512 2234
512 2235
512 2236
512 2237
512 2238
512 2239
512 2240
512 2241
512 2242
512 2243
512 2244
512 2245
546 2246
546 2247
546 2248
546 2249
546 2250
546 2251
546 2252
546 2253
546 2254
546 2255
546 2256
546 2257
546 2258
546 2259
546 2260
546 2261
546 2262
546 2263
546 2264
546 2265
546 2266
546 2267
546 2268
546 2269
546 2270
546 2271
546 2272
546 2273
546 2274
546 2275
546 2276
546 2277
546 2278
546 2279
546 2280
546 2281
546 2282
546 2283
546 2284
546 2285
546 2286
546 2287
546 2288
546 2289
546 2290
546 2291
546 2292
546 2293
546 2294
546 2295
546 2296
546 2297
546 2298
546 2299
546 2300
546 2301
546 2302
546 2303
546 2304
546 2305
546 2306
546 2307
546 2308
546 2309
546 2310
546 2311
546 2312
546 2313
580 2314
580 2315
580 2316
580 2317
580 2318
580 2319
580 2320
580 2321
580 2322
580 2323
580 2324
580 2325
580 2326
580 2327
580 2328
580 2329
580 2330
580 2331
580 2332
580 2333
580 2334
580 2335
580 2336
580 2337
580 2338
580 2339
580 2340
580 2341
580 2342
580 2343
580 2344
580 2345
580 2346
580 2347
580 2348
580 2349
580 2350
580 2351
580 2352
580 2353
580 2354
580 2355
580 2356
580 2357
580 2358
580 2359
580 2360
580 2361
580 2362
580 2363
580 2364
580 2365
580 2366
580 2367
580 2368
580 2369
580 2370
580 2371
580 2372
580 2373
580 2374
580 2375
580 2376
580 2377
580 2378
580 2379
580 2380
580 2381
614 2382
614 2383
614 2384
614 2385
614 2386
614 2387
614 2388
614 2389
614 2390
614 2391
614 2392
614 2393
614 2394
614 2395
614 2396
614 2397
614 2398
614 2399
614 2400
614 2401
614 2402
614 2403
614 2404
614 2405
614 2406
614 2407
614 2408
614 2409
614 2410
614 2411
614 2412
614 2413
614 2414
614 2415
614 2416
614 2417
614 2418
614 2419
614 2420
614 2421
614 2422
614 2423
614 2424
614 2425
614 2426
614 2427
614 2428
614 2429
614 2430
614 2431
614 2432
614 2433
614 2434
614 2435
614 2436
614 2437
614 2438
614 2439
614 2440
614 2441
614 2442
614 2443
614 2444
614 2445
614 2446
614 2447
614 2448
614 2449
648 2450
648 2451
648 2452
648 2453
648 2454
648 2455
648 2456
648 2457
648 2458
648 2459
648 2460
648 2461
648 2462
648 2463
648 2464
648 2465
648 2466
648 2467
648 2468
648 2469
648 2470
648 2471
648 2472
648 2473
648 2474
648 2475
648 2476
648 2477
648 2478
648 2479
648 2480
648 2481
648 2482
648 2483
648 2484
648 2485
648 2486
648 2487
648 2488
648 2489
648 2490
648 2491
648 2492
648 2493
648 2494
648 2495
648 2496
648 2497
648 2498
648 2499
648 2500
648 2501
648 2502
648 2503
648 2504
648 2505
648 2506
648 2507
648 2508
648 2509
648 2510
648 2511
648 2512
648 2513
648 2514
648 2515
648 2516
648 2517
682 2518
682 2519
682 2520
682 2521
682 2522
682 2523
682 2524
682 2525
682 2526
682 2527
682 2528
682 2529
682 2530
682 2531
682 2532
682 2533
682 2534
682 2535
682 2536
682 2537
682 2538
682 2539
682 2540
682 2541
682 2542
682 2543
682 2544
682 2545
682 2546
682 2547
682 2548
682 2549
682 2550
682 2551
682 2552
682 2553
682 2554
682 2555
682 2556
682 2557
682 2558
682 2559
682 2560
682 2561
682 2562
682 2563
682 2564
682 2565
682 2566
682 2567
682 2568
682 2569
682 2570
682 2571
682 2572
682 2573
682 2574
682 2575
682 2576
682 2577
682 2578
682 2579
682 2580
682 2581
682 2582
682 2583
682 2584
682 2585
716 2586
716 2587
716 2588
716 2589
716 2590
716 2591
716 2592
716 2593
716 2594
716 2595
716 2596
716 2597
716 2598
716 2599
716 2600
716 2601
716 2602
716 2603
716 2604
716 2605
716 2606
716 2607
716 2608
716 2609
716 2610
716 2611
716 2612
716 2613
716 2614
716 2615
716 2616
716 2617
716 2618
716 2619
716 2620
716 2621
716 2622
716 2623
716 2624
716 2625
716 2626
716 2627
716 2628
716 2629
716 2630
716 2631
716 2632
716 2633
716 2634
716 2635
716 2636
716 2637
716 2638
716 2639
716 2640
716 2641
716 2642
716 2643
716 2644
716 2645
716 2646
716 2647
716 2648
716 2649
716 2650
716 2651
716 2652
716 2653
750 2654
750 2655
750 2656
750 2657
750 2658
750 2659
750 2660
750 2661
750 2662
750 2663
750 2664
750 2665
750 2666
750 2667
750 2668
750 2669
750 2670
750 2671
750 2672
750 2673
750 2674
750 2675
750 2676
750 2677
750 2678
750 2679
750 2680
750 2681
750 2682
750 2683
750 2684
750 2685
750 2686
750 2687
750 2688
750 2689
750 2690
750 2691
750 2692
750 2693
750 2694
750 2695
750 2696
750 2697
750 2698
750 2699
750 2700
750 2701
750 2702
750 2703
750 2704
750 2705
750 2706
750 2707
750 2708
750 2709
750 2710
750 2711
750 2712
750 2713
750 2714
750 2715
750 2716
750 2717
750 2718
750 2719
750 2720
750 2721
784 2722
784 2723
784 2724
784 2725
784 2726
784 2727
784 2728
784 2729
784 2730
784 2731
784 2732
784 2733
784 2734
784 2735
784 2736
784 2737
784 2738
784 2739
784 2740
784 2741
784 2742
784 2743
784 2744
784 2745
784 2746
784 2747
784 2748
784 2749
784 2750
784 2751
784 2752
784 2753
784 2754
784 2755
784 2756
784 2757
784 2758
784 2759
784 2760
784 2761
784 2762
784 2763
784 2764
784 2765
784 2766
784 2767
784 2768
784 2769
784 2770
784 2771
784 2772
784 2773
784 2774
784 2775
784 2776
784 2777
784 2778
784 2779
784 2780
784 2781
784 2782
784 2783
784 2784
784 2785
784 2786
784 2787
784 2788
784 2789
818 2790
818 2791
818 2792
818 2793
818 2794
818 2795
818 2796
818 2797
818 2798
818 2799
818 2800
818 2801
818 2802
818 2803
818 2804
818 2805
818 2806
818 2807
818 2808
818 2809
818 2810
818 2811
818 2812
818 2813
818 2814
818 2815
818 2816
818 2817
818 2818
818 2819
818 2820
818 2821
818 2822
818 2823
818 2824
818 2825
818 2826
818 2827
818 2828
818 2829
818 2830
818 2831
818 2832
818 2833
818 2834
818 2835
818 2836
818 2837
818 2838
818 2839
818 2840
818 2841
818 2842
818 2843
818 2844
818 2845
818 2846
818 2847
818 2848
818 2849
818 2850
818 2851
818 2852
818 2853
818 2854
818 2855
818 2856
818 2857
852 2858
852 2859
852 2860
852 2861
852 2862
852 2863
852 2864
852 2865
852 2866
852 2867
852 2868
852 2869
852 2870
852 2871
852 2872
852 2873
852 2874
852 2875
852 2876
852 2877
852 2878
852 2879
852 2880
852 2881
852 2882
852 2883
852 2884
852 2885
852 2886
852 2887
852 2888
852 2889
852 2890
852 2891
852 2892
852 2893
852 2894
852 2895
852 2896
852 2897
852 2898
852 2899
852 2900
852 2901
852 2902
852 2903
852 2904
852 2905
852 2906
852 2907
852 2908
852 2909
852 2910
852 2911
852 2912
852 2913
852 2914
852 2915
852 2916
852 2917
852 2918
852 2919
852 2920
852 2921
852 2922
852 2923
852 2924
852 2925
886 2926
886 2927
886 2928
886 2929
886 2930
886 2931
886 2932
886 2933
886 2934
886 2935
886 2936
886 2937
886 2938
886 2939
886 2940
886 2941
886 2942
886 2943
886 2944
886 2945
886 2946
886 2947
886 2948
886 2949
886 2950
886 2951
886 2952
886 2953
886 2954
886 2955
886 2956
886 2957
886 2958
886 2959
886 2960
886 2961
886 2962
886 2963
886 2964
886 2965
886 2966
886 2967
886 2968
886 2969
886 2970
886 2971
886 2972
886 2973
886 2974
886 2975
886 2976
886 2977
886 2978
886 2979
886 2980
886 2981
886 2982
886 2983
886 2984
886 2985
886 2986
886 2987
886 2988
886 2989
886 2990
886 2991
886 2992
886 2993
920 2994
920 2995
920 2996
920 2997
920 2998
920 2999
920 3000
920 3001
920 3002
920 3003
920 3004
920 3005
920 3006
920 3007
920 3008
920 3009
920 3010
920 3011
920 3012
920 3013
920 3014
920 3015
920 3016
920 3017
920 3018
920 3019
920 3020
920 3021
920 3022
920 3023
920 3024
920 3025
920 3026
920 3027
920 3028
920 3029
920 3030
920 3031
920 3032
920 3033
920 3034
920 3035
920 3036
920 3037
920 3038
920 3039
920 3040
920 3041
920 3042
920 3043
920 3044
920 3045
920 3046
920 3047
920 3048
920 3049
920 3050
920 3051
920 3052
920 3053
920 3054
920 3055
920 3056
920 3057
920 3058
920 3059
920 3060
920 3061
954 3062
954 3063
954 3064
954 3065
954 3066
954 3067
954 3068
954 3069
954 3070
954 3071
954 3072
954 3073
954 3074
954 3075
954 3076
954 3077
954 3078
954 3079
954 3080
954 3081
954 3082
954 3083
954 3084
954 3085
954 3086
954 3087
954 3088
954 3089
954 3090
954 3091
954 3092
954 3093
954 3094
954 3095
954 3096
954 3097
954 3098
954 3099
954 3100
954 3101
954 3102
954 3103
954 3104
954 3105
954 3106
954 3107
954 3108
954 3109
954 3110
954 3111
954 3112
954 3113
954 3114
954 3115
954 3116
954 3117
954 3118
954 3119
954 3120
954 3121
954 3122
954 3123
954 3124
954 3125
954 3126
954 3127
954 3128
954 3129
988 3130
988 3131
988 3132
988 3133
988 3134
988 3135
988 3136
988 3137
988 3138
988 3139
988 3140
988 3141
988 3142
988 3143
988 3144
988 3145
988 3146
988 3147
988 3148
988 3149
988 3150
988 3151
988 3152
988 3153
988 3154
988 3155
988 3156
988 3157
988 3158
988 3159
988 3160
988 3161
988 3162
988 3163
988 3164
988 3165
988 3166
988 3167
988 3168
988 3169
988 3170
988 3171
988 3172
988 3173
988 3174
988 3175
988 3176
988 3177
988 3178
988 3179
988 3180
988 3181
988 3182
988 3183
988 3184
988 3185
988 3186
988 3187
988 3188
988 3189
988 3190
988 3191
988 3192
988 3193
988 3194
988 3195
988 3196
988 3197
1022 3198
1022 3199
1022 3200
1022 3201
1022 3202
1022 3203
1022 3204
1022 3205
1022 3206
1022 3207
1022 3208
1022 3209
1022 3210
1022 3211
1022 3212
1022 3213
1022 3214
1022 3215
1022 3216
1022 3217
1022 3218
1022 3219
1022 3220
1022 3221
1022 3222
1022 3223
1022 3224
1022 3225
1022 3226
1022 3227
1022 3228
1022 3229
1022 3230
1022 3231
1022 3232
1022 3233
1022 3234
1022 3235
1022 3236
1022 3237
1022 3238
1022 3239
1022 3240
1022 3241
1022 3242
1022 3243
1022 3244
1022 3245
1022 3246
1022 3247
1022 3248
1022 3249
1022 3250
1022 3251
1022 3252
1022 3253
1022 3254
1022 3255
1022 3256
1022 3257
1022 3258
1022 3259
1022 3260
1022 3261
1022 3262
1022 3263
1022 3264
1022 3265
1056 3266
1056 3267
1056 3268
1056 3269
1056 3270
1056 3271
1056 3272
1056 3273
1056 3274
1056 3275
1056 3276
1056 3277
1056 3278
1056 3279
1056 3280
1056 3281
1056 3282
1056 3283
1056 3284
1056 3285
1056 3286
1056 3287
1056 3288
1056 3289
1056 3290
1056 3291
1056 3292
1056 3293
1056 3294
1056 3295
1056 3296
1056 3297
1056 3298
1056 3299
1056 3300
1056 3301
1056 3302
1056 3303
1056 3304
1056 3305
1056 3306
1056 3307
1056 3308
1056 3309
1056 3310
1056 3311
1056 3312
1056 3313
1056 3314
1056 3315
1056 3316
1056 3317
1056 3318
1056 3319
1056 3320
1056 3321
1056 3322
1056 3323
1056 3324
1056 3325
1056 3326
1056 3327
1056 3328
1056 3329
1056 3330
1056 3331
1056 3332
1056 3333
1090 3334
1090 3335
1090 3336
1090 3337
1090 3338
1090 3339
1090 3340
1090 3341
1090 3342
1090 3343
1090 3344
1090 3345
1090 3346
1090 3347
1090 3348
1090 3349
1090 3350
1090 3351
1090 3352
1090 3353
1090 3354
1090 3355
1090 3356
1090 3357
1090 3358
1090 3359
1090 3360
1090 3361
1090 3362
1090 3363
1090 3364
1090 3365
1090 3366
1090 3367
1090 3368
1090 3369
1090 3370
1090 3371
1090 3372
1090 3373
1090 3374
1090 3375
1090 3376
1090 3377
1090 3378
1090 3379
1090 3380
1090 3381
1090 3382
1090 3383
1090 3384
1090 3385
1090 3386
1090 3387
1090 3388
1090 3389
1090 3390
1090 3391
1090 3392
1090 3393
1090 3394
1090 3395
1090 3396
1090 3397
1090 3398
1090 3399
1090 3400
1090 3401
1124 3402
1124 3403
1124 3404
1124 3405
1124 3406
1124 3407
1124 3408
1124 3409
1124 3410
1124 3411
1124 3412
1124 3413
1124 3414
1124 3415
1124 3416
1124 3417
1124 3418
1124 3419
1124 3420
1124 3421
1124 3422
1124 3423
1124 3424
1124 3425
1124 3426
1124 3427
1124 3428
1124 3429
1124 3430
1124 3431
1124 3432
1124 3433
1124 3434
1124 3435
1124 3436
1124 3437
1124 3438
1124 3439
1124 3440
1124 3441
1124 3442
1124 3443
1124 3444
1124 3445
1124 3446
1124 3447
1124 3448
1124 3449
1124 3450
1124 3451
1124 3452
1124 3453
1124 3454
1124 3455
1124 3456
1124 3457
1124 3458
1124 3459
1124 3460
1124 3461
1124 3462
1124 3463
1124 3464
1124 3465
1124 3466
1124 3467
1124 3468
1124 3469
1158 3470
1158 3471
1158 3472
1158 3473
1158 3474
1158 3475
1158 3476
1158 3477
1158 3478
1158 3479
1158 3480
1158 3481
1158 3482
1158 3483
1158 3484
1158 3485
1158 3486
1158 3487
1158 3488
1158 3489
1158 3490
1158 3491
1158 3492
1158 3493
1158 3494
1158 3495
1158 3496
1158 3497
1158 3498
1158 3499
1158 3500
1158 3501
1158 3502
1158 3503
1158 3504
1158 3505
1158 3506
1158 3507
1158 3508
1158 3509
1158 3510
1158 3511
1158 3512
1158 3513
1158 3514
1158 3515
1158 3516
1158 3517
1158 3518
1158 3519
1158 3520
1158 3521
1158 3522
1158 3523
1158 3524
1158 3525
1158 3526
1158 3527
1158 3528
1158 3529
1158 3530
1158 3531
1158 3532
1158 3533
1158 3534
1158 3535
1158 3536
1158 3537
1192 3538
1192 3539
1192 3540
1192 3541
1192 3542
1192 3543
1192 3544
1192 3545
1192 3546
1192 3547
1192 3548
1192 3549
1192 3550
1192 3551
1192 3552
1192 3553
1192 3554
1192 3555
1192 3556
1192 3557
1192 3558
1192 3559
1192 3560
1192 3561
1192 3562
1192 3563
1192 3564
1192 3565
1192 3566
1192 3567
1192 3568
1192 3569
1192 3570
1192 3571
1192 3572
1192 3573
1192 3574
1192 3575
1192 3576
1192 3577
1192 3578
1192 3579
1192 3580
1192 3581
1192 3582
1192 3583
1192 3584
1192 3585
1192 3586
1192 3587
1192 3588
1192 3589
1192 3590
1192 3591
1192 3592
1192 3593
1192 3594
1192 3595
1192 3596
1192 3597
1192 3598
1192 3599
1192 3600
1192 3601
1192 3602
1192 3603
1192 3604
1192 3605
