8008 10608
1 2
1 3
1 4
1 5
1 6
1 7
1 8
1 9
1 10
1 11
1 12
1 13
1 14
1 15
1 16
1 17
1 18
1 19
1 20
1 21
1 22
1 23
1 24
1 25
1 26
1 27
1 28
1 29
1 30
1 31
1 32
1 33
1 34
1 35
1 36
1 37
1 38
1 39
1 40
1 41
1 42
1 43
1 44
1 45
1 46
1 47
1 48
1 49
1 50
1 51
1 52
2 1
2 3
2 4
2 5
2 6
2 7
2 8
2 9
2 10
2 11
2 12
2 13
2 14
2 15
2 16
2 17
2 18
2 19
2 20
2 21
2 22
2 23
2 24
2 25
2 26
2 27
2 28
2 29
2 30
2 31
2 32
2 33
2 34
2 35
2 36
2 37
2 38
2 39
2 40
2 41
2 42
2 43
2 44
2 45
2 46
2 47
2 48
2 49
2 50
2 51
2 52
3 1
3 2
3 4
3 5
3 6
3 7
3 8
3 9
3 10
3 11
3 12
3 13
3 14
3 15
3 16
3 17
3 18
3 19
3 20
3 21
3 22
3 23
3 24
3 25
3 26
3 27
3 28
3 29
3 30
3 31
3 32
3 33
3 34
3 35
3 36
3 37
3 38
3 39
3 40
3 41
3 42
3 43
3 44
3 45
3 46
3 47
3 48
3 49
3 50
3 51
3 52
4 1
4 2
4 3
4 5
4 6
4 7
4 8
4 9
4 10
4 11
4 12
4 13
4 14
4 15
4 16
4 17
4 18
4 19
4 20
4 21
4 22
4 23
4 24
4 25
4 26
4 27
4 28
4 29
4 30
4 31
4 32
4 33
4 34
4 35
4 36
4 37
4 38
4 39
4 40
4 41
4 42
4 43
4 44
4 45
4 46
4 47
4 48
4 49
4 50
4 51
4 52
5 1
5 2
5 3
5 4
5 6
5 7
5 8
5 9
5 10
5 11
5 12
5 13
5 14
5 15
5 16
5 17
5 18
5 19
5 20
5 21
5 22
5 23
5 24
5 25
5 26
5 27
5 28
5 29
5 30
5 31
5 32
5 33
5 34
5 35
5 36
5 37
5 38
5 39
5 40
5 41
5 42
5 43
5 44
5 45
5 46
5 47
5 48
5 49
5 50
5 51
5 52
6 1
6 2
6 3
6 4
6 5
6 7
6 8
6 9
6 10
6 11
6 12
6 13
6 14
6 15
6 16
6 17
6 18
6 19
6 20
6 21
6 22
6 23
6 24
6 25
6 26
6 27
6 28
6 29
6 30
6 31
6 32
6 33
6 34
6 35
6 36
6 37
6 38
6 39
6 40
6 41
6 42
6 43
6 44
6 45
6 46
6 47
6 48
6 49
6 50
6 51
6 52
7 1
7 2
7 3
7 4
7 5
7 6
7 8
7 9
7 10
7 11
7 12
7 13
7 14
7 15
7 16
7 17
7 18
7 19
7 20
7 21
7 22
7 23
7 24
7 25
7 26
7 27
7 28
7 29
7 30
7 31
7 32
7 33
7 34
7 35
7 36
7 37
7 38
7 39
7 40
7 41
7 42
7 43
7 44
7 45
7 46
7 47
7 48
7 49
7 50
7 51
7 52
8 1
8 2
8 3
8 4
8 5
8 6
8 7
8 9
8 10
8 11
8 12
8 13
8 14
8 15
8 16
8 17
8 18
8 19
8 20
8 21
8 22
8 23
8 24
8 25
8 26
8 27
8 28
8 29
8 30
8 31
8 32
8 33
8 34
8 35
8 36
8 37
8 38
8 39
8 40
8 41
8 42
8 43
8 44
8 45
8 46
8 47
8 48
8 49
8 50
8 51
8 52
9 1
9 2
9 3
9 4
9 5
9 6
9 7
9 8
9 10
9 11
9 12
9 13
9 14
9 15
9 16
9 17
9 18
9 19
9 20
9 21
9 22
9 23
9 24
9 25
9 26
9 27
9 28
9 29
9 30
9 31
9 32
9 33
9 34
9 35
9 36
9 37
9 38
9 39
9 40
9 41
9 42
9 43
9 44
9 45
9 46
9 47
9 48
9 49
9 50
9 51
9 52
10 1
10 2
10 3
10 4
10 5
10 6
10 7
10 8
10 9
10 11
10 12
10 13
10 14
10 15
10 16
10 17
10 18
10 19
10 20
10 21
10 22
10 23
10 24
10 25
10 26
10 27
10 28
10 29
10 30
10 31
10 32
10 33
10 34
10 35
10 36
10 37
10 38
10 39
10 40
10 41
10 42
10 43
10 44
10 45
10 46
10 47
10 48
10 49
10 50
10 51
10 52
11 1
11 2
11 3
11 4
11 5
11 6
11 7
11 8
11 9
11 10
11 12
11 13
11 14
11 15
11 16
11 17
11 18
11 19
11 20
11 21
11 22
11 23
11 24
11 25
11 26
11 27
11 28
11 29
11 30
11 31
11 32
11 33
11 34
11 35
11 36
11 37
11 38
11 39
11 40
11 41
11 42
11 43
11 44
11 45
11 46
11 47
11 48
11 49
11 50
11 51
11 52
12 1
12 2
12 3
12 4
12 5
12 6
12 7
12 8
12 9
12 10
12 11
12 13
12 14
12 15
12 16
12 17
12 18
12 19
12 20
12 21
12 22
12 23
12 24
12 25
12 26
12 27
12 28
12 29
12 30
12 31
12 32
12 33
12 34
12 35
12 36
12 37
12 38
12 39
12 40
12 41
12 42
12 43
12 44
12 45
12 46
12 47
12 48
12 49
12 50
12 51
12 52
13 1
13 2
13 3
13 4
13 5
13 6
13 7
13 8
13 9
13 10
13 11
13 12
13 14
13 15
13 16
13 17
13 18
13 19
13 20
13 21
13 22
13 23
13 24
13 25
13 26
13 27
13 28
13 29
13 30
13 31
13 32
13 33
13 34
13 35
13 36
13 37
13 38
13 39
13 40
13 41
13 42
13 43
13 44
13 45
13 46
13 47
13 48
13 49
13 50
13 51
13 52
14 1
14 2
14 3
14 4
14 5
14 6
14 7
14 8
14 9
14 10
14 11
14 12
14 13
14 15
14 16
14 17
14 18
14 19
14 20
14 21
14 22
14 23
14 24
14 25
14 26
14 27
14 28
14 29
14 30
14 31
14 32
14 33
14 34
14 35
14 36
14 37
14 38
14 39
14 40
14 41
14 42
14 43
14 44
14 45
14 46
14 47
14 48
14 49
14 50
14 51
14 52
15 1
15 2
15 3
15 4
15 5
15 6
15 7
15 8
15 9
15 10
15 11
15 12
15 13
15 14
15 16
15 17
15 18
15 19
15 20
15 21
15 22
15 23
15 24
15 25
15 26
15 27
15 28
15 29
15 30
15 31
15 32
15 33
15 34
15 35
15 36
15 37
15 38
15 39
15 40
15 41
15 42
15 43
15 44
15 45
15 46
15 47
15 48
15 49
15 50
15 51
15 52
16 1
16 2
16 3
16 4
16 5
16 6
16 7
16 8
16 9
16 10
16 11
16 12
16 13
16 14
16 15
16 17
16 18
16 19
16 20
16 21
16 22
16 23
16 24
16 25
16 26
16 27
16 28
16 29
16 30
16 31
16 32
16 33
16 34
16 35
16 36
16 37
16 38
16 39
16 40
16 41
16 42
16 43
16 44
16 45
16 46
16 47
16 48
16 49
16 50
16 51
16 52
17 1
17 2
17 3
17 4
17 5
17 6
17 7
17 8
17 9
17 10
17 11
17 12
17 13
17 14
17 15
17 16
17 18
17 19
17 20
17 21
17 22
17 23
17 24
17 25
17 26
17 27
17 28
17 29
17 30
17 31
17 32
17 33
17 34
17 35
17 36
17 37
17 38
17 39
17 40
17 41
17 42
17 43
17 44
17 45
17 46
17 47
17 48
17 49
17 50
17 51
17 52
18 1
18 2
18 3
18 4
18 5
18 6
18 7
18 8
18 9
18 10
18 11
18 12
18 13
18 14
18 15
18 16
18 17
18 19
18 20
18 21
18 22
18 23
18 24
18 25
18 26
18 27
18 28
18 29
18 30
18 31
18 32
18 33
18 34
18 35
18 36
18 37
18 38
18 39
18 40
18 41
18 42
18 43
18 44
18 45
18 46
18 47
18 48
18 49
18 50
18 51
18 52
19 1
19 2
19 3
19 4
19 5
19 6
19 7
19 8
19 9
19 10
19 11
19 12
19 13
19 14
19 15
19 16
19 17
19 18
19 20
19 21
19 22
19 23
19 24
19 25
19 26
19 27
19 28
19 29
19 30
19 31
19 32
19 33
19 34
19 35
19 36
19 37
19 38
19 39
19 40
19 41
19 42
19 43
19 44
19 45
19 46
19 47
19 48
19 49
19 50
19 51
19 52
20 1
20 2
20 3
20 4
20 5
20 6
20 7
20 8
20 9
20 10
20 11
20 12
20 13
20 14
20 15
20 16
20 17
20 18
20 19
20 21
20 22
20 23
20 24
20 25
20 26
20 27
20 28
20 29
20 30
20 31
20 32
20 33
20 34
20 35
20 36
20 37
20 38
20 39
20 40
20 41
20 42
20 43
20 44
20 45
20 46
20 47
20 48
20 49
20 50
20 51
20 52
21 1
21 2
21 3
21 4
21 5
21 6
21 7
21 8
21 9
21 10
21 11
21 12
21 13
21 14
21 15
21 16
21 17
21 18
21 19
21 20
21 22
21 23
21 24
21 25
21 26
21 27
21 28
21 29
21 30
21 31
21 32
21 33
21 34
21 35
21 36
21 37
21 38
21 39
21 40
21 41
21 42
21 43
21 44
21 45
21 46
21 47
21 48
21 49
21 50
21 51
21 52
22 1
22 2
22 3
22 4
22 5
22 6
22 7
22 8
22 9
22 10
22 11
22 12
22 13
22 14
22 15
22 16
22 17
22 18
22 19
22 20
22 21
22 23
22 24
22 25
22 26
22 27
22 28
22 29
22 30
22 31
22 32
22 33
22 34
22 35
22 36
22 37
22 38
22 39
22 40
22 41
22 42
22 43
22 44
22 45
22 46
22 47
22 48
22 49
22 50
22 51
22 52
23 1
23 2
23 3
23 4
23 5
23 6
23 7
23 8
23 9
23 10
23 11
23 12
23 13
23 14
23 15
23 16
23 17
23 18
23 19
23 20
23 21
23 22
23 24
23 25
23 26
23 27
23 28
23 29
23 30
23 31
23 32
23 33
23 34
23 35
23 36
23 37
23 38
23 39
23 40
23 41
23 42
23 43
23 44
23 45
23 46
23 47
23 48
23 49
23 50
23 51
23 52
24 1
24 2
24 3
24 4
24 5
24 6
24 7
24 8
24 9
24 10
24 11
24 12
24 13
24 14
24 15
24 16
24 17
24 18
24 19
24 20
24 21
24 22
24 23
24 25
24 26
24 27
24 28
24 29
24 30
24 31
24 32
24 33
24 34
24 35
24 36
24 37
24 38
24 39
24 40
24 41
24 42
24 43
24 44
24 45
24 46
24 47
24 48
24 49
24 50
24 51
24 52
25 1
25 2
25 3
25 4
25 5
25 6
25 7
25 8
25 9
25 10
25 11
25 12
25 13
25 14
25 15
25 16
25 17
25 18
25 19
25 20
25 21
25 22
25 23
25 24
25 26
25 27
25 28
25 29
25 30
25 31
25 32
25 33
25 34
25 35
25 36
25 37
25 38
25 39
25 40
25 41
25 42
25 43
25 44
25 45
25 46
25 47
25 48
25 49
25 50
25 51
25 52
26 1
26 2
26 3
26 4
26 5
26 6
26 7
26 8
26 9
26 10
26 11
26 12
26 13
26 14
26 15
26 16
26 17
26 18
26 19
26 20
26 21
26 22
26 23
26 24
26 25
26 27
26 28
26 29
26 30
26 31
26 32
26 33
26 34
26 35
26 36
26 37
26 38
26 39
26 40
26 41
26 42
26 43
26 44
26 45
26 46
26 47
26 48
26 49
26 50
26 51
26 52
27 1
27 2
27 3
27 4
27 5
27 6
27 7
27 8
27 9
27 10
27 11
27 12
27 13
27 14
27 15
27 16
27 17
27 18
27 19
27 20
27 21
27 22
27 23
27 24
27 25
27 26
27 28
27 29
27 30
27 31
27 32
27 33
27 34
27 35
27 36
27 37
27 38
27 39
27 40
27 41
27 42
27 43
27 44
27 45
27 46
27 47
27 48
27 49
27 50
27 51
27 52
28 1
28 2
28 3
28 4
28 5
28 6
28 7
28 8
28 9
28 10
28 11
28 12
28 13
28 14
28 15
28 16
28 17
28 18
28 19
28 20
28 21
28 22
28 23
28 24
28 25
28 26
28 27
28 29
28 30
28 31
28 32
28 33
28 34
28 35
28 36
28 37
28 38
28 39
28 40
28 41
28 42
28 43
28 44
28 45
28 46
28 47
28 48
28 49
28 50
28 51
28 52
29 1
29 2
29 3
29 4
29 5
29 6
29 7
29 8
29 9
29 10
29 11
29 12
29 13
29 14
29 15
29 16
29 17
29 18
29 19
29 20
29 21
29 22
29 23
29 24
29 25
29 26
29 27
29 28
29 30
29 31
29 32
29 33
29 34
29 35
29 36
29 37
29 38
29 39
29 40
29 41
29 42
29 43
29 44
29 45
29 46
29 47
29 48
29 49
29 50
29 51
29 52
30 1
30 2
30 3
30 4
30 5
30 6
30 7
30 8
30 9
30 10
30 11
30 12
30 13
30 14
30 15
30 16
30 17
30 18
30 19
30 20
30 21
30 22
30 23
30 24
30 25
30 26
30 27
30 28
30 29
30 31
30 32
30 33
30 34
30 35
30 36
30 37
30 38
30 39
30 40
30 41
30 42
30 43
30 44
30 45
30 46
30 47
30 48
30 49
30 50
30 51
30 52
31 1
31 2
31 3
31 4
31 5
31 6
31 7
31 8
31 9
31 10
31 11
31 12
31 13
31 14
31 15
31 16
31 17
31 18
31 19
31 20
31 21
31 22
31 23
31 24
31 25
31 26
31 27
31 28
31 29
31 30
31 32
31 33
31 34
31 35
31 36
31 37
31 38
31 39
31 40
31 41
31 42
31 43
31 44
31 45
31 46
31 47
31 48
31 49
31 50
31 51
31 52
32 1
32 2
32 3
32 4
32 5
32 6
32 7
32 8
32 9
32 10
32 11
32 12
32 13
32 14
32 15
32 16
32 17
32 18
32 19
32 20
32 21
32 22
32 23
32 24
32 25
32 26
32 27
32 28
32 29
32 30
32 31
32 33
32 34
32 35
32 36
32 37
32 38
32 39
32 40
32 41
32 42
32 43
32 44
32 45
32 46
32 47
32 48
32 49
32 50
32 51
32 52
33 1
33 2
33 3
33 4
33 5
33 6
33 7
33 8
33 9
33 10
33 11
33 12
33 13
33 14
33 15
33 16
33 17
33 18
33 19
33 20
33 21
33 22
33 23
33 24
33 25
33 26
33 27
33 28
33 29
33 30
33 31
33 32
33 34
33 35
33 36
33 37
33 38
33 39
33 40
33 41
33 42
33 43
33 44
33 45
33 46
33 47
33 48
33 49
33 50
33 51
33 52
34 1
34 2
34 3
34 4
34 5
34 6
34 7
34 8
34 9
34 10
34 11
34 12
34 13
34 14
34 15
34 16
34 17
34 18
34 19
34 20
34 21
34 22
34 23
34 24
34 25
34 26
34 27
34 28
34 29
34 30
34 31
34 32
34 33
34 35
34 36
34 37
34 38
34 39
34 40
34 41
34 42
34 43
34 44
34 45
34 46
34 47
34 48
34 49
34 50
34 51
34 52
35 1
35 2
35 3
35 4
35 5
35 6
35 7
35 8
35 9
35 10
35 11
35 12
35 13
35 14
35 15
35 16
35 17
35 18
35 19
35 20
35 21
35 22
35 23
35 24
35 25
35 26
35 27
35 28
35 29
35 30
35 31
35 32
35 33
35 34
35 36
35 37
35 38
35 39
35 40
35 41
35 42
35 43
35 44
35 45
35 46
35 47
35 48
35 49
35 50
35 51
35 52
36 1
36 2
36 3
36 4
36 5
36 6
36 7
36 8
36 9
36 10
36 11
36 12
36 13
36 14
36 15
36 16
36 17
36 18
36 19
36 20
36 21
36 22
36 23
36 24
36 25
36 26
36 27
36 28
36 29
36 30
36 31
36 32
36 33
36 34
36 35
36 37
36 38
36 39
36 40
36 41
36 42
36 43
36 44
36 45
36 46
36 47
36 48
36 49
36 50
36 51
36 52
37 1
37 2
37 3
37 4
37 5
37 6
37 7
37 8
37 9
37 10
37 11
37 12
37 13
37 14
37 15
37 16
37 17
37 18
37 19
37 20
37 21
37 22
37 23
37 24
37 25
37 26
37 27
37 28
37 29
37 30
37 31
37 32
37 33
37 34
37 35
37 36
37 38
37 39
37 40
37 41
37 42
37 43
37 44
37 45
37 46
37 47
37 48
37 49
37 50
37 51
37 52
38 1
38 2
38 3
38 4
38 5
38 6
38 7
38 8
38 9
38 10
38 11
38 12
38 13
38 14
38 15
38 16
38 17
38 18
38 19
38 20
38 21
38 22
38 23
38 24
38 25
38 26
38 27
38 28
38 29
38 30
38 31
38 32
38 33
38 34
38 35
38 36
38 37
38 39
38 40
38 41
38 42
38 43
38 44
38 45
38 46
38 47
38 48
38 49
38 50
38 51
38 52
39 1
39 2
39 3
39 4
39 5
39 6
39 7
39 8
39 9
39 10
39 11
39 12
39 13
39 14
39 15
39 16
39 17
39 18
39 19
39 20
39 21
39 22
39 23
39 24
39 25
39 26
39 27
39 28
39 29
39 30
39 31
39 32
39 33
39 34
39 35
39 36
39 37
39 38
39 40
39 41
39 42
39 43
39 44
39 45
39 46
39 47
39 48
39 49
39 50
39 51
39 52
40 1
40 2
40 3
40 4
40 5
40 6
40 7
40 8
40 9
40 10
40 11
40 12
40 13
40 14
40 15
40 16
40 17
40 18
40 19
40 20
40 21
40 22
40 23
40 24
40 25
40 26
40 27
40 28
40 29
40 30
40 31
40 32
40 33
40 34
40 35
40 36
40 37
40 38
40 39
40 41
40 42
40 43
40 44
40 45
40 46
40 47
40 48
40 49
40 50
40 51
40 52
41 1
41 2
41 3
41 4
41 5
41 6
41 7
41 8
41 9
41 10
41 11
41 12
41 13
41 14
41 15
41 16
41 17
41 18
41 19
41 20
41 21
41 22
41 23
41 24
41 25
41 26
41 27
41 28
41 29
41 30
41 31
41 32
41 33
41 34
41 35
41 36
41 37
41 38
41 39
41 40
41 42
41 43
41 44
41 45
41 46
41 47
41 48
41 49
41 50
41 51
41 52
42 1
42 2
42 3
42 4
42 5
42 6
42 7
42 8
42 9
42 10
42 11
42 12
42 13
42 14
42 15
42 16
42 17
42 18
42 19
42 20
42 21
42 22
42 23
42 24
42 25
42 26
42 27
42 28
42 29
42 30
42 31
42 32
42 33
42 34
42 35
42 36
42 37
42 38
42 39
42 40
42 41
42 43
42 44
42 45
42 46
42 47
42 48
42 49
42 50
42 51
42 52
43 1
43 2
43 3
43 4
43 5
43 6
43 7
43 8
43 9
43 10
43 11
43 12
43 13
43 14
43 15
43 16
43 17
43 18
43 19
43 20
43 21
43 22
43 23
43 24
43 25
43 26
43 27
43 28
43 29
43 30
43 31
43 32
43 33
43 34
43 35
43 36
43 37
43 38
43 39
43 40
43 41
43 42
43 44
43 45
43 46
43 47
43 48
43 49
43 50
43 51
43 52
44 1
44 2
44 3
44 4
44 5
44 6
44 7
44 8
44 9
44 10
44 11
44 12
44 13
44 14
44 15
44 16
44 17
44 18
44 19
44 20
44 21
44 22
44 23
44 24
44 25
44 26
44 27
44 28
44 29
44 30
44 31
44 32
44 33
44 34
44 35
44 36
44 37
44 38
44 39
44 40
44 41
44 42
44 43
44 45
44 46
44 47
44 48
44 49
44 50
44 51
44 52
45 1
45 2
45 3
45 4
45 5
45 6
45 7
45 8
45 9
45 10
45 11
45 12
45 13
45 14
45 15
45 16
45 17
45 18
45 19
45 20
45 21
45 22
45 23
45 24
45 25
45 26
45 27
45 28
45 29
45 30
45 31
45 32
45 33
45 34
45 35
45 36
45 37
45 38
45 39
45 40
45 41
45 42
45 43
45 44
45 46
45 47
45 48
45 49
45 50
45 51
45 52
46 1
46 2
46 3
46 4
46 5
46 6
46 7
46 8
46 9
46 10
46 11
46 12
46 13
46 14
46 15
46 16
46 17
46 18
46 19
46 20
46 21
46 22
46 23
46 24
46 25
46 26
46 27
46 28
46 29
46 30
46 31
46 32
46 33
46 34
46 35
46 36
46 37
46 38
46 39
46 40
46 41
46 42
46 43
46 44
46 45
46 47
46 48
46 49
46 50
46 51
46 52
47 1
47 2
47 3
47 4
47 5
47 6
47 7
47 8
47 9
47 10
47 11
47 12
47 13
47 14
47 15
47 16
47 17
47 18
47 19
47 20
47 21
47 22
47 23
47 24
47 25
47 26
47 27
47 28
47 29
47 30
47 31
47 32
47 33
47 34
47 35
47 36
47 37
47 38
47 39
47 40
47 41
47 42
47 43
47 44
47 45
47 46
47 48
47 49
47 50
47 51
47 52
48 1
48 2
48 3
48 4
48 5
48 6
48 7
48 8
48 9
48 10
48 11
48 12
48 13
48 14
48 15
48 16
48 17
48 18
48 19
48 20
48 21
48 22
48 23
48 24
48 25
48 26
48 27
48 28
48 29
48 30
48 31
48 32
48 33
48 34
48 35
48 36
48 37
48 38
48 39
48 40
48 41
48 42
48 43
48 44
48 45
48 46
48 47
48 49
48 50
48 51
48 52
49 1
49 2
49 3
49 4
49 5
49 6
49 7
49 8
49 9
49 10
49 11
49 12
49 13
49 14
49 15
49 16
49 17
49 18
49 19
49 20
49 21
49 22
49 23
49 24
49 25
49 26
49 27
49 28
49 29
49 30
49 31
49 32
49 33
49 34
49 35
49 36
49 37
49 38
49 39
49 40
49 41
49 42
49 43
49 44
49 45
49 46
49 47
49 48
49 50
49 51
49 52
50 1
50 2
50 3
50 4
50 5
50 6
50 7
50 8
50 9
50 10
50 11
50 12
50 13
50 14
50 15
50 16
50 17
50 18
50 19
50 20
50 21
50 22
50 23
50 24
50 25
50 26
50 27
50 28
50 29
50 30
50 31
50 32
50 33
50 34
50 35
50 36
50 37
50 38
50 39
50 40
50 41
50 42
50 43
50 44
50 45
50 46
50 47
50 48
50 49
50 51
50 52
51 1
51 2
51 3
51 4
51 5
51 6
51 7
51 8
51 9
51 10
51 11
51 12
51 13
51 14
51 15
51 16
51 17
51 18
51 19
51 20
51 21
51 22
51 23
51 24
51 25
51 26
51 27
51 28
51 29
51 30
51 31
51 32
51 33
51 34
51 35
51 36
51 37
51 38
51 39
51 40
51 41
51 42
51 43
51 44
51 45
51 46
51 47
51 48
51 49
51 50
51 52
52 1
52 2
52 3
52 4
52 5
52 6
52 7
52 8
52 9
52 10
52 11
52 12
52 13
52 14
52 15
52 16
52 17
52 18
52 19
52 20
52 21
52 22
52 23
52 24
52 25
52 26
52 27
52 28
52 29
52 30
52 31
52 32
52 33
52 34
52 35
52 36
52 37
52 38
52 39
52 40
52 41
52 42
52 43
52 44
52 45
52 46
52 47
52 48
52 49
52 50
52 51
1 53
1 54
1 55
1 56
1 57
1 58
1 59
1 60
1 61
1 62
1 63
1 64
1 65
1 66
1 67
1 68
1 69
1 70
1 71
1 72
1 73
1 74
1 75
1 76
1 77
1 78
1 79
1 80
1 81
1 82
1 83
1 84
1 85
1 86
1 87
1 88
1 89
1 90
1 91
1 92
1 93
1 94
1 95
1 96
1 97
1 98
1 99
1 100
1 101
1 102
1 103
2 104
2 105
2 106
2 107
2 108
2 109
2 110
2 111
2 112
2 113
2 114
2 115
2 116
2 117
2 118
2 119
2 120
2 121
2 122
2 123
2 124
2 125
2 126
2 127
2 128
2 129
2 130
2 131
2 132
2 133
2 134
2 135
2 136
2 137
2 138
2 139
2 140
2 141
2 142
2 143
2 144
2 145
2 146
2 147
2 148
2 149
2 150
2 151
2 152
2 153
2 154
3 155
3 156
3 157
3 158
3 159
3 160
3 161
3 162
3 163
3 164
3 165
3 166
3 167
3 168
3 169
3 170
3 171
3 172
3 173
3 174
3 175
3 176
3 177
3 178
3 179
3 180
3 181
3 182
3 183
3 184
3 185
3 186
3 187
3 188
3 189
3 190
3 191
3 192
3 193
3 194
3 195
3 196
3 197
3 198
3 199
3 200
3 201
3 202
3 203
3 204
3 205
4 206
4 207
4 208
4 209
4 210
4 211
4 212
4 213
4 214
4 215
4 216
4 217
4 218
4 219
4 220
4 221
4 222
4 223
4 224
4 225
4 226
4 227
4 228
4 229
4 230
4 231
4 232
4 233
4 234
4 235
4 236
4 237
4 238
4 239
4 240
4 241
4 242
4 243
4 244
4 245
4 246
4 247
4 248
4 249
4 250
4 251
4 252
4 253
4 254
4 255
4 256
5 257
5 258
5 259
5 260
5 261
5 262
5 263
5 264
5 265
5 266
5 267
5 268
5 269
5 270
5 271
5 272
5 273
5 274
5 275
5 276
5 277
5 278
5 279
5 280
5 281
5 282
5 283
5 284
5 285
5 286
5 287
5 288
5 289
5 290
5 291
5 292
5 293
5 294
5 295
5 296
5 297
5 298
5 299
5 300
5 301
5 302
5 303
5 304
5 305
5 306
5 307
6 308
6 309
6 310
6 311
6 312
6 313
6 314
6 315
6 316
6 317
6 318
6 319
6 320
6 321
6 322
6 323
6 324
6 325
6 326
6 327
6 328
6 329
6 330
6 331
6 332
6 333
6 334
6 335
6 336
6 337
6 338
6 339
6 340
6 341
6 342
6 343
6 344
6 345
6 346
6 347
6 348
6 349
6 350
6 351
6 352
6 353
6 354
6 355
6 356
6 357
6 358
7 359
7 360
7 361
7 362
7 363
7 364
7 365
7 366
7 367
7 368
7 369
7 370
7 371
7 372
7 373
7 374
7 375
7 376
7 377
7 378
7 379
7 380
7 381
7 382
7 383
7 384
7 385
7 386
7 387
7 388
7 389
7 390
7 391
7 392
7 393
7 394
7 395
7 396
7 397
7 398
7 399
7 400
7 401
7 402
7 403
7 404
7 405
7 406
7 407
7 408
7 409
8 410
8 411
8 412
8 413
8 414
8 415
8 416
8 417
8 418
8 419
8 420
8 421
8 422
8 423
8 424
8 425
8 426
8 427
8 428
8 429
8 430
8 431
8 432
8 433
8 434
8 435
8 436
8 437
8 438
8 439
8 440
8 441
8 442
8 443
8 444
8 445
8 446
8 447
8 448
8 449
8 450
8 451
8 452
8 453
8 454
8 455
8 456
8 457
8 458
8 459
8 460
9 461
9 462
9 463
9 464
9 465
9 466
9 467
9 468
9 469
9 470
9 471
9 472
9 473
9 474
9 475
9 476
9 477
9 478
9 479
9 480
9 481
9 482
9 483
9 484
9 485
9 486
9 487
9 488
9 489
9 490
9 491
9 492
9 493
9 494
9 495
9 496
9 497
9 498
9 499
9 500
9 501
9 502
9 503
9 504
9 505
9 506
9 507
9 508
9 509
9 510
9 511
10 512
10 513
10 514
10 515
10 516
10 517
10 518
10 519
10 520
10 521
10 522
10 523
10 524
10 525
10 526
10 527
10 528
10 529
10 530
10 531
10 532
10 533
10 534
10 535
10 536
10 537
10 538
10 539
10 540
10 541
10 542
10 543
10 544
10 545
10 546
10 547
10 548
10 549
10 550
10 551
10 552
10 553
10 554
10 555
10 556
10 557
10 558
10 559
10 560
10 561
10 562
11 563
11 564
11 565
11 566
11 567
11 568
11 569
11 570
11 571
11 572
11 573
11 574
11 575
11 576
11 577
11 578
11 579
11 580
11 581
11 582
11 583
11 584
11 585
11 586
11 587
11 588
11 589
11 590
11 591
11 592
11 593
11 594
11 595
11 596
11 597
11 598
11 599
11 600
11 601
11 602
11 603
11 604
11 605
11 606
11 607
11 608
11 609
11 610
11 611
11 612
11 613
12 614
12 615
12 616
12 617
12 618
12 619
12 620
12 621
12 622
12 623
12 624
12 625
12 626
12 627
12 628
12 629
12 630
12 631
12 632
12 633
12 634
12 635
12 636
12 637
12 638
12 639
12 640
12 641
12 642
12 643
12 644
12 645
12 646
12 647
12 648
12 649
12 650
12 651
12 652
12 653
12 654
12 655
12 656
12 657
12 658
12 659
12 660
12 661
12 662
12 663
12 664
13 665
13 666
13 667
13 668
13 669
13 670
13 671
13 672
13 673
13 674
13 675
13 676
13 677
13 678
13 679
13 680
13 681
13 682
13 683
13 684
13 685
13 686
13 687
13 688
13 689
13 690
13 691
13 692
13 693
13 694
13 695
13 696
13 697
13 698
13 699
13 700
13 701
13 702
13 703
13 704
13 705
13 706
13 707
13 708
13 709
13 710
13 711
13 712
13 713
13 714
13 715
14 716
14 717
14 718
14 719
14 720
14 721
14 722
14 723
14 724
14 725
14 726
14 727
14 728
14 729
14 730
14 731
14 732
14 733
14 734
14 735
14 736
14 737
14 738
14 739
14 740
14 741
14 742
14 743
14 744
14 745
14 746
14 747
14 748
14 749
14 750
14 751
14 752
14 753
14 754
14 755
14 756
14 757
14 758
14 759
14 760
14 761
14 762
14 763
14 764
14 765
14 766
15 767
15 768
15 769
15 770
15 771
15 772
15 773
15 774
15 775
15 776
15 777
15 778
15 779
15 780
15 781
15 782
15 783
15 784
15 785
15 786
15 787
15 788
15 789
15 790
15 791
15 792
15 793
15 794
15 795
15 796
15 797
15 798
15 799
15 800
15 801
15 802
15 803
15 804
15 805
15 806
15 807
15 808
15 809
15 810
15 811
15 812
15 813
15 814
15 815
15 816
15 817
16 818
16 819
16 820
16 821
16 822
16 823
16 824
16 825
16 826
16 827
16 828
16 829
16 830
16 831
16 832
16 833
16 834
16 835
16 836
16 837
16 838
16 839
16 840
16 841
16 842
16 843
16 844
16 845
16 846
16 847
16 848
16 849
16 850
16 851
16 852
16 853
16 854
16 855
16 856
16 857
16 858
16 859
16 860
16 861
16 862
16 863
16 864
16 865
16 866
16 867
16 868
17 869
17 870
17 871
17 872
17 873
17 874
17 875
17 876
17 877
17 878
17 879
17 880
17 881
17 882
17 883
17 884
17 885
17 886
17 887
17 888
17 889
17 890
17 891
17 892
17 893
17 894
17 895
17 896
17 897
17 898
17 899
17 900
17 901
17 902
17 903
17 904
17 905
17 906
17 907
17 908
17 909
17 910
17 911
17 912
17 913
17 914
17 915
17 916
17 917
17 918
17 919
18 920
18 921
18 922
18 923
18 924
18 925
18 926
18 927
18 928
18 929
18 930
18 931
18 932
18 933
18 934
18 935
18 936
18 937
18 938
18 939
18 940
18 941
18 942
18 943
18 944
18 945
18 946
18 947
18 948
18 949
18 950
18 951
18 952
18 953
18 954
18 955
18 956
18 957
18 958
18 959
18 960
18 961
18 962
18 963
18 964
18 965
18 966
18 967
18 968
18 969
18 970
19 971
19 972
19 973
19 974
19 975
19 976
19 977
19 978
19 979
19 980
19 981
19 982
19 983
19 984
19 985
19 986
19 987
19 988
19 989
19 990
19 991
19 992
19 993
19 994
19 995
19 996
19 997
19 998
19 999
19 1000
19 1001
19 1002
19 1003
19 1004
19 1005
19 1006
19 1007
19 1008
19 1009
19 1010
19 1011
19 1012
19 1013
19 1014
19 1015
19 1016
19 1017
19 1018
19 1019
19 1020
19 1021
20 1022
20 1023
20 1024
20 1025
20 1026
20 1027
20 1028
20 1029
20 1030
20 1031
20 1032
20 1033
20 1034
20 1035
20 1036
20 1037
20 1038
20 1039
20 1040
20 1041
20 1042
20 1043
20 1044
20 1045
20 1046
20 1047
20 1048
20 1049
20 1050
20 1051
20 1052
20 1053
20 1054
20 1055
20 1056
20 1057
20 1058
20 1059
20 1060
20 1061
20 1062
20 1063
20 1064
20 1065
20 1066
20 1067
20 1068
20 1069
20 1070
20 1071
20 1072
21 1073
21 1074
21 1075
21 1076
21 1077
21 1078
21 1079
21 1080
21 1081
21 1082
21 1083
21 1084
21 1085
21 1086
21 1087
21 1088
21 1089
21 1090
21 1091
21 1092
21 1093
21 1094
21 1095
21 1096
21 1097
21 1098
21 1099
21 1100
21 1101
21 1102
21 1103
21 1104
21 1105
21 1106
21 1107
21 1108
21 1109
21 1110
21 1111
21 1112
21 1113
21 1114
21 1115
21 1116
21 1117
21 1118
21 1119
21 1120
21 1121
21 1122
21 1123
22 1124
22 1125
22 1126
22 1127
22 1128
22 1129
22 1130
22 1131
22 1132
22 1133
22 1134
22 1135
22 1136
22 1137
22 1138
22 1139
22 1140
22 1141
22 1142
22 1143
22 1144
22 1145
22 1146
22 1147
22 1148
22 1149
22 1150
22 1151
22 1152
22 1153
22 1154
22 1155
22 1156
22 1157
22 1158
22 1159
22 1160
22 1161
22 1162
22 1163
22 1164
22 1165
22 1166
22 1167
22 1168
22 1169
22 1170
22 1171
22 1172
22 1173
22 1174
23 1175
23 1176
23 1177
23 1178
23 1179
23 1180
23 1181
23 1182
23 1183
23 1184
23 1185
23 1186
23 1187
23 1188
23 1189
23 1190
23 1191
23 1192
23 1193
23 1194
23 1195
23 1196
23 1197
23 1198
23 1199
23 1200
23 1201
23 1202
23 1203
23 1204
23 1205
23 1206
23 1207
23 1208
23 1209
23 1210
23 1211
23 1212
23 1213
23 1214
23 1215
23 1216
23 1217
23 1218
23 1219
23 1220
23 1221
23 1222
23 1223
23 1224
23 1225
24 1226
24 1227
24 1228
24 1229
24 1230
24 1231
24 1232
24 1233
24 1234
24 1235
24 1236
24 1237
24 1238
24 1239
24 1240
24 1241
24 1242
24 1243
24 1244
24 1245
24 1246
24 1247
24 1248
24 1249
24 1250
24 1251
24 1252
24 1253
24 1254
24 1255
24 1256
24 1257
24 1258
24 1259
24 1260
24 1261
24 1262
24 1263
24 1264
24 1265
24 1266
24 1267
24 1268
24 1269
24 1270
24 1271
24 1272
24 1273
24 1274
24 1275
24 1276
25 1277
25 1278
25 1279
25 1280
25 1281
25 1282
25 1283
25 1284
25 1285
25 1286
25 1287
25 1288
25 1289
25 1290
25 1291
25 1292
25 1293
25 1294
25 1295
25 1296
25 1297
25 1298
25 1299
25 1300
25 1301
25 1302
25 1303
25 1304
25 1305
25 1306
25 1307
25 1308
25 1309
25 1310
25 1311
25 1312
25 1313
25 1314
25 1315
25 1316
25 1317
25 1318
25 1319
25 1320
25 1321
25 1322
25 1323
25 1324
25 1325
25 1326
25 1327
26 1328
26 1329
26 1330
26 1331
26 1332
26 1333
26 1334
26 1335
26 1336
26 1337
26 1338
26 1339
26 1340
26 1341
26 1342
26 1343
26 1344
26 1345
26 1346
26 1347
26 1348
26 1349
26 1350
26 1351
26 1352
26 1353
26 1354
26 1355
26 1356
26 1357
26 1358
26 1359
26 1360
26 1361
26 1362
26 1363
26 1364
26 1365
26 1366
26 1367
26 1368
26 1369
26 1370
26 1371
26 1372
26 1373
26 1374
26 1375
26 1376
26 1377
26 1378
27 1379
27 1380
27 1381
27 1382
27 1383
27 1384
27 1385
27 1386
27 1387
27 1388
27 1389
27 1390
27 1391
27 1392
27 1393
27 1394
27 1395
27 1396
27 1397
27 1398
27 1399
27 1400
27 1401
27 1402
27 1403
27 1404
27 1405
27 1406
27 1407
27 1408
27 1409
27 1410
27 1411
27 1412
27 1413
27 1414
27 1415
27 1416
27 1417
27 1418
27 1419
27 1420
27 1421
27 1422
27 1423
27 1424
27 1425
27 1426
27 1427
27 1428
27 1429
28 1430
28 1431
28 1432
28 1433
28 1434
28 1435
28 1436
28 1437
28 1438
28 1439
28 1440
28 1441
28 1442
28 1443
28 1444
28 1445
28 1446
28 1447
28 1448
28 1449
28 1450
28 1451
28 1452
28 1453
28 1454
28 1455
28 1456
28 1457
28 1458
28 1459
28 1460
28 1461
28 1462
28 1463
28 1464
28 1465
28 1466
28 1467
28 1468
28 1469
28 1470
28 1471
28 1472
28 1473
28 1474
28 1475
28 1476
28 1477
28 1478
28 1479
28 1480
29 1481
29 1482
29 1483
29 1484
29 1485
29 1486
29 1487
29 1488
29 1489
29 1490
29 1491
29 1492
29 1493
29 1494
29 1495
29 1496
29 1497
29 1498
29 1499
29 1500
29 1501
29 1502
29 1503
29 1504
29 1505
29 1506
29 1507
29 1508
29 1509
29 1510
29 1511
29 1512
29 1513
29 1514
29 1515
29 1516
29 1517
29 1518
29 1519
29 1520
29 1521
29 1522
29 1523
29 1524
29 1525
29 1526
29 1527
29 1528
29 1529
29 1530
29 1531
30 1532
30 1533
30 1534
30 1535
30 1536
30 1537
30 1538
30 1539
30 1540
30 1541
30 1542
30 1543
30 1544
30 1545
30 1546
30 1547
30 1548
30 1549
30 1550
30 1551
30 1552
30 1553
30 1554
30 1555
30 1556
30 1557
30 1558
30 1559
30 1560
30 1561
30 1562
30 1563
30 1564
30 1565
30 1566
30 1567
30 1568
30 1569
30 1570
30 1571
30 1572
30 1573
30 1574
30 1575
30 1576
30 1577
30 1578
30 1579
30 1580
30 1581
30 1582
31 1583
31 1584
31 1585
31 1586
31 1587
31 1588
31 1589
31 1590
31 1591
31 1592
31 1593
31 1594
31 1595
31 1596
31 1597
31 1598
31 1599
31 1600
31 1601
31 1602
31 1603
31 1604
31 1605
31 1606
31 1607
31 1608
31 1609
31 1610
31 1611
31 1612
31 1613
31 1614
31 1615
31 1616
31 1617
31 1618
31 1619
31 1620
31 1621
31 1622
31 1623
31 1624
31 1625
31 1626
31 1627
31 1628
31 1629
31 1630
31 1631
31 1632
31 1633
32 1634
32 1635
32 1636
32 1637
32 1638
32 1639
32 1640
32 1641
32 1642
32 1643
32 1644
32 1645
32 1646
32 1647
32 1648
32 1649
32 1650
32 1651
32 1652
32 1653
32 1654
32 1655
32 1656
32 1657
32 1658
32 1659
32 1660
32 1661
32 1662
32 1663
32 1664
32 1665
32 1666
32 1667
32 1668
32 1669
32 1670
32 1671
32 1672
32 1673
32 1674
32 1675
32 1676
32 1677
32 1678
32 1679
32 1680
32 1681
32 1682
32 1683
32 1684
33 1685
33 1686
33 1687
33 1688
33 1689
33 1690
33 1691
33 1692
33 1693
33 1694
33 1695
33 1696
33 1697
33 1698
33 1699
33 1700
33 1701
33 1702
33 1703
33 1704
33 1705
33 1706
33 1707
33 1708
33 1709
33 1710
33 1711
33 1712
33 1713
33 1714
33 1715
33 1716
33 1717
33 1718
33 1719
33 1720
33 1721
33 1722
33 1723
33 1724
33 1725
33 1726
33 1727
33 1728
33 1729
33 1730
33 1731
33 1732
33 1733
33 1734
33 1735
34 1736
34 1737
34 1738
34 1739
34 1740
34 1741
34 1742
34 1743
34 1744
34 1745
34 1746
34 1747
34 1748
34 1749
34 1750
34 1751
34 1752
34 1753
34 1754
34 1755
34 1756
34 1757
34 1758
34 1759
34 1760
34 1761
34 1762
34 1763
34 1764
34 1765
34 1766
34 1767
34 1768
34 1769
34 1770
34 1771
34 1772
34 1773
34 1774
34 1775
34 1776
34 1777
34 1778
34 1779
34 1780
34 1781
34 1782
34 1783
34 1784
34 1785
34 1786
35 1787
35 1788
35 1789
35 1790
35 1791
35 1792
35 1793
35 1794
35 1795
35 1796
35 1797
35 1798
35 1799
35 1800
35 1801
35 1802
35 1803
35 1804
35 1805
35 1806
35 1807
35 1808
35 1809
35 1810
35 1811
35 1812
35 1813
35 1814
35 1815
35 1816
35 1817
35 1818
35 1819
35 1820
35 1821
35 1822
35 1823
35 1824
35 1825
35 1826
35 1827
35 1828
35 1829
35 1830
35 1831
35 1832
35 1833
35 1834
35 1835
35 1836
35 1837
36 1838
36 1839
36 1840
36 1841
36 1842
36 1843
36 1844
36 1845
36 1846
36 1847
36 1848
36 1849
36 1850
36 1851
36 1852
36 1853
36 1854
36 1855
36 1856
36 1857
36 1858
36 1859
36 1860
36 1861
36 1862
36 1863
36 1864
36 1865
36 1866
36 1867
36 1868
36 1869
36 1870
36 1871
36 1872
36 1873
36 1874
36 1875
36 1876
36 1877
36 1878
36 1879
36 1880
36 1881
36 1882
36 1883
36 1884
36 1885
36 1886
36 1887
36 1888
37 1889
37 1890
37 1891
37 1892
37 1893
37 1894
37 1895
37 1896
37 1897
37 1898
37 1899
37 1900
37 1901
37 1902
37 1903
37 1904
37 1905
37 1906
37 1907
37 1908
37 1909
37 1910
37 1911
37 1912
37 1913
37 1914
37 1915
37 1916
37 1917
37 1918
37 1919
37 1920
37 1921
37 1922
37 1923
37 1924
37 1925
37 1926
37 1927
37 1928
37 1929
37 1930
37 1931
37 1932
37 1933
37 1934
37 1935
37 1936
37 1937
37 1938
37 1939
38 1940
38 1941
38 1942
38 1943
38 1944
38 1945
38 1946
38 1947
38 1948
38 1949
38 1950
38 1951
38 1952
38 1953
38 1954
38 1955
38 1956
38 1957
38 1958
38 1959
38 1960
38 1961
38 1962
38 1963
38 1964
38 1965
38 1966
38 1967
38 1968
38 1969
38 1970
38 1971
38 1972
38 1973
38 1974
38 1975
38 1976
38 1977
38 1978
38 1979
38 1980
38 1981
38 1982
38 1983
38 1984
38 1985
38 1986
38 1987
38 1988
38 1989
38 1990
39 1991
39 1992
39 1993
39 1994
39 1995
39 1996
39 1997
39 1998
39 1999
39 2000
39 2001
39 2002
39 2003
39 2004
39 2005
39 2006
39 2007
39 2008
39 2009
39 2010
39 2011
39 2012
39 2013
39 2014
39 2015
39 2016
39 2017
39 2018
39 2019
39 2020
39 2021
39 2022
39 2023
39 2024
39 2025
39 2026
39 2027
39 2028
39 2029
39 2030
39 2031
39 2032
39 2033
39 2034
39 2035
39 2036
39 2037
39 2038
39 2039
39 2040
39 2041
40 2042
40 2043
40 2044
40 2045
40 2046
40 2047
40 2048
40 2049
40 2050
40 2051
40 2052
40 2053
40 2054
40 2055
40 2056
40 2057
40 2058
40 2059
40 2060
40 2061
40 2062
40 2063
40 2064
40 2065
40 2066
40 2067
40 2068
40 2069
40 2070
40 2071
40 2072
40 2073
40 2074
40 2075
40 2076
40 2077
40 2078
40 2079
40 2080
40 2081
40 2082
40 2083
40 2084
40 2085
40 2086
40 2087
40 2088
40 2089
40 2090
40 2091
40 2092
41 2093
41 2094
41 2095
41 2096
41 2097
41 2098
41 2099
41 2100
41 2101
41 2102
41 2103
41 2104
41 2105
41 2106
41 2107
41 2108
41 2109
41 2110
41 2111
41 2112
41 2113
41 2114
41 2115
41 2116
41 2117
41 2118
41 2119
41 2120
41 2121
41 2122
41 2123
41 2124
41 2125
41 2126
41 2127
41 2128
41 2129
41 2130
41 2131
41 2132
41 2133
41 2134
41 2135
41 2136
41 2137
41 2138
41 2139
41 2140
41 2141
41 2142
41 2143
42 2144
42 2145
42 2146
42 2147
42 2148
42 2149
42 2150
42 2151
42 2152
42 2153
42 2154
42 2155
42 2156
42 2157
42 2158
42 2159
42 2160
42 2161
42 2162
42 2163
42 2164
42 2165
42 2166
42 2167
42 2168
42 2169
42 2170
42 2171
42 2172
42 2173
42 2174
42 2175
42 2176
42 2177
42 2178
42 2179
42 2180
42 2181
42 2182
42 2183
42 2184
42 2185
42 2186
42 2187
42 2188
42 2189
42 2190
42 2191
42 2192
42 2193
42 2194
43 2195
43 2196
43 2197
43 2198
43 2199
43 2200
43 2201
43 2202
43 2203
43 2204
43 2205
43 2206
43 2207
43 2208
43 2209
43 2210
43 2211
43 2212
43 2213
43 2214
43 2215
43 2216
43 2217
43 2218
43 2219
43 2220
43 2221
43 2222
43 2223
43 2224
43 2225
43 2226
43 2227
43 2228
43 2229
43 2230
43 2231
43 2232
43 2233
43 2234
43 2235
43 2236
43 2237
43 2238
43 2239
43 2240
43 2241
43 2242
43 2243
43 2244
43 2245
44 2246
44 2247
44 2248
44 2249
44 2250
44 2251
44 2252
44 2253
44 2254
44 2255
44 2256
44 2257
44 2258
44 2259
44 2260
44 2261
44 2262
44 2263
44 2264
44 2265
44 2266
44 2267
44 2268
44 2269
44 2270
44 2271
44 2272
44 2273
44 2274
44 2275
44 2276
44 2277
44 2278
44 2279
44 2280
44 2281
44 2282
44 2283
44 2284
44 2285
44 2286
44 2287
44 2288
44 2289
44 2290
44 2291
44 2292
44 2293
44 2294
44 2295
44 2296
45 2297
45 2298
45 2299
45 2300
45 2301
45 2302
45 2303
45 2304
45 2305
45 2306
45 2307
45 2308
45 2309
45 2310
45 2311
45 2312
45 2313
45 2314
45 2315
45 2316
45 2317
45 2318
45 2319
45 2320
45 2321
45 2322
45 2323
45 2324
45 2325
45 2326
45 2327
45 2328
45 2329
45 2330
45 2331
45 2332
45 2333
45 2334
45 2335
45 2336
45 2337
45 2338
45 2339
45 2340
45 2341
45 2342
45 2343
45 2344
45 2345
45 2346
45 2347
46 2348
46 2349
46 2350
46 2351
46 2352
46 2353
46 2354
46 2355
46 2356
46 2357
46 2358
46 2359
46 2360
46 2361
46 2362
46 2363
46 2364
46 2365
46 2366
46 2367
46 2368
46 2369
46 2370
46 2371
46 2372
46 2373
46 2374
46 2375
46 2376
46 2377
46 2378
46 2379
46 2380
46 2381
46 2382
46 2383
46 2384
46 2385
46 2386
46 2387
46 2388
46 2389
46 2390
46 2391
46 2392
46 2393
46 2394
46 2395
46 2396
46 2397
46 2398
47 2399
47 2400
47 2401
47 2402
47 2403
47 2404
47 2405
47 2406
47 2407
47 2408
47 2409
47 2410
47 2411
47 2412
47 2413
47 2414
47 2415
47 2416
47 2417
47 2418
47 2419
47 2420
47 2421
47 2422
47 2423
47 2424
47 2425
47 2426
47 2427
47 2428
47 2429
47 2430
47 2431
47 2432
47 2433
47 2434
47 2435
47 2436
47 2437
47 2438
47 2439
47 2440
47 2441
47 2442
47 2443
47 2444
47 2445
47 2446
47 2447
47 2448
47 2449
48 2450
48 2451
48 2452
48 2453
48 2454
48 2455
48 2456
48 2457
48 2458
48 2459
48 2460
48 2461
48 2462
48 2463
48 2464
48 2465
48 2466
48 2467
48 2468
48 2469
48 2470
48 2471
48 2472
48 2473
48 2474
48 2475
48 2476
48 2477
48 2478
48 2479
48 2480
48 2481
48 2482
48 2483
48 2484
48 2485
48 2486
48 2487
48 2488
48 2489
48 2490
48 2491
48 2492
48 2493
48 2494
48 2495
48 2496
48 2497
48 2498
48 2499
48 2500
49 2501
49 2502
49 2503
49 2504
49 2505
49 2506
49 2507
49 2508
49 2509
49 2510
49 2511
49 2512
49 2513
49 2514
49 2515
49 2516
49 2517
49 2518
49 2519
49 2520
49 2521
49 2522
49 2523
49 2524
49 2525
49 2526
49 2527
49 2528
49 2529
49 2530
49 2531
49 2532
49 2533
49 2534
49 2535
49 2536
49 2537
49 2538
49 2539
49 2540
49 2541
49 2542
49 2543
49 2544
49 2545
49 2546
49 2547
49 2548
49 2549
49 2550
49 2551
50 2552
50 2553
50 2554
50 2555
50 2556
50 2557
50 2558
50 2559
50 2560
50 2561
50 2562
50 2563
50 2564
50 2565
50 2566
50 2567
50 2568
50 2569
50 2570
50 2571
50 2572
50 2573
50 2574
50 2575
50 2576
50 2577
50 2578
50 2579
50 2580
50 2581
50 2582
50 2583
50 2584
50 2585
50 2586
50 2587
50 2588
50 2589
50 2590
50 2591
50 2592
50 2593
50 2594
50 2595
50 2596
50 2597
50 2598
50 2599
50 2600
50 2601
50 2602
51 2603
51 2604
51 2605
51 2606
51 2607
51 2608
51 2609
51 2610
51 2611
51 2612
51 2613
51 2614
51 2615
51 2616
51 2617
51 2618
51 2619
51 2620
51 2621
51 2622
51 2623
51 2624
51 2625
51 2626
51 2627
51 2628
51 2629
51 2630
51 2631
51 2632
51 2633
51 2634
51 2635
51 2636
51 2637
51 2638
51 2639
51 2640
51 2641
51 2642
51 2643
51 2644
51 2645
51 2646
51 2647
51 2648
51 2649
51 2650
51 2651
51 2652
51 2653
52 2654
52 2655
52 2656
52 2657
52 2658
52 2659
52 2660
52 2661
52 2662
52 2663
52 2664
52 2665
52 2666
52 2667
52 2668
52 2669
52 2670
52 2671
52 2672
52 2673
52 2674
52 2675
52 2676
52 2677
52 2678
52 2679
52 2680
52 2681
52 2682
52 2683
52 2684
52 2685
52 2686
52 2687
52 2688
52 2689
52 2690
52 2691
52 2692
52 2693
52 2694
52 2695
52 2696
52 2697
52 2698
52 2699
52 2700
52 2701
52 2702
52 2703
52 2704
53 2705
53 2706
53 2707
53 2708
53 2709
53 2710
53 2711
53 2712
53 2713
53 2714
53 2715
53 2716
53 2717
53 2718
53 2719
53 2720
53 2721
53 2722
53 2723
53 2724
53 2725
53 2726
53 2727
53 2728
53 2729
53 2730
53 2731
53 2732
53 2733
53 2734
53 2735
53 2736
53 2737
53 2738
53 2739
53 2740
53 2741
53 2742
53 2743
53 2744
53 2745
53 2746
53 2747
53 2748
53 2749
53 2750
53 2751
53 2752
53 2753
53 2754
53 2755
53 2756
53 2757
53 2758
53 2759
53 2760
53 2761
53 2762
53 2763
53 2764
53 2765
53 2766
53 2767
53 2768
53 2769
53 2770
53 2771
53 2772
53 2773
53 2774
53 2775
53 2776
53 2777
53 2778
53 2779
53 2780
53 2781
53 2782
53 2783
53 2784
53 2785
53 2786
53 2787
53 2788
53 2789
53 2790
53 2791
53 2792
53 2793
53 2794
53 2795
53 2796
53 2797
53 2798
53 2799
53 2800
53 2801
53 2802
53 2803
53 2804
53 2805
53 2806
104 2807
104 2808
104 2809
104 2810
104 2811
104 2812
104 2813
104 2814
104 2815
104 2816
104 2817
104 2818
104 2819
104 2820
104 2821
104 2822
104 2823
104 2824
104 2825
104 2826
104 2827
104 2828
104 2829
104 2830
104 2831
104 2832
104 2833
104 2834
104 2835
104 2836
104 2837
104 2838
104 2839
104 2840
104 2841
104 2842
104 2843
104 2844
104 2845
104 2846
104 2847
104 2848
104 2849
104 2850
104 2851
104 2852
104 2853
104 2854
104 2855
104 2856
104 2857
104 2858
104 2859
104 2860
104 2861
104 2862
104 2863
104 2864
104 2865
104 2866
104 2867
104 2868
104 2869
104 2870
104 2871
104 2872
104 2873
104 2874
104 2875
104 2876
104 2877
104 2878
104 2879
104 2880
104 2881
104 2882
104 2883
104 2884
104 2885
104 2886
104 2887
104 2888
104 2889
104 2890
104 2891
104 2892
104 2893
104 2894
104 2895
104 2896
104 2897
104 2898
104 2899
104 2900
104 2901
104 2902
104 2903
104 2904
104 2905
104 2906
104 2907
104 2908
155 2909
155 2910
155 2911
155 2912
155 2913
155 2914
155 2915
155 2916
155 2917
155 2918
155 2919
155 2920
155 2921
155 2922
155 2923
155 2924
155 2925
155 2926
155 2927
155 2928
155 2929
155 2930
155 2931
155 2932
155 2933
155 2934
155 2935
155 2936
155 2937
155 2938
155 2939
155 2940
155 2941
155 2942
155 2943
155 2944
155 2945
155 2946
155 2947
155 2948
155 2949
155 2950
155 2951
155 2952
155 2953
155 2954
155 2955
155 2956
155 2957
155 2958
155 2959
155 2960
155 2961
155 2962
155 2963
155 2964
155 2965
155 2966
155 2967
155 2968
155 2969
155 2970
155 2971
155 2972
155 2973
155 2974
155 2975
155 2976
155 2977
155 2978
155 2979
155 2980
155 2981
155 2982
155 2983
155 2984
155 2985
155 2986
155 2987
155 2988
155 2989
155 2990
155 2991
155 2992
155 2993
155 2994
155 2995
155 2996
155 2997
155 2998
155 2999
155 3000
155 3001
155 3002
155 3003
155 3004
155 3005
155 3006
155 3007
155 3008
155 3009
155 3010
206 3011
206 3012
206 3013
206 3014
206 3015
206 3016
206 3017
206 3018
206 3019
206 3020
206 3021
206 3022
206 3023
206 3024
206 3025
206 3026
206 3027
206 3028
206 3029
206 3030
206 3031
206 3032
206 3033
206 3034
206 3035
206 3036
206 3037
206 3038
206 3039
206 3040
206 3041
206 3042
206 3043
206 3044
206 3045
206 3046
206 3047
206 3048
206 3049
206 3050
206 3051
206 3052
206 3053
206 3054
206 3055
206 3056
206 3057
206 3058
206 3059
206 3060
206 3061
206 3062
206 3063
206 3064
206 3065
206 3066
206 3067
206 3068
206 3069
206 3070
206 3071
206 3072
206 3073
206 3074
206 3075
206 3076
206 3077
206 3078
206 3079
206 3080
206 3081
206 3082
206 3083
206 3084
206 3085
206 3086
206 3087
206 3088
206 3089
206 3090
206 3091
206 3092
206 3093
206 3094
206 3095
206 3096
206 3097
206 3098
206 3099
206 3100
206 3101
206 3102
206 3103
206 3104
206 3105
206 3106
206 3107
206 3108
206 3109
206 3110
206 3111
206 3112
257 3113
257 3114
257 3115
257 3116
257 3117
257 3118
257 3119
257 3120
257 3121
257 3122
257 3123
257 3124
257 3125
257 3126
257 3127
257 3128
257 3129
257 3130
257 3131
257 3132
257 3133
257 3134
257 3135
257 3136
257 3137
257 3138
257 3139
257 3140
257 3141
257 3142
257 3143
257 3144
257 3145
257 3146
257 3147
257 3148
257 3149
257 3150
257 3151
257 3152
257 3153
257 3154
257 3155
257 3156
257 3157
257 3158
257 3159
257 3160
257 3161
257 3162
257 3163
257 3164
257 3165
257 3166
257 3167
257 3168
257 3169
257 3170
257 3171
257 3172
257 3173
257 3174
257 3175
257 3176
257 3177
257 3178
257 3179
257 3180
257 3181
257 3182
257 3183
257 3184
257 3185
257 3186
257 3187
257 3188
257 3189
257 3190
257 3191
257 3192
257 3193
257 3194
257 3195
257 3196
257 3197
257 3198
257 3199
257 3200
257 3201
257 3202
257 3203
257 3204
257 3205
257 3206
257 3207
257 3208
257 3209
257 3210
257 3211
257 3212
257 3213
257 3214
308 3215
308 3216
308 3217
308 3218
308 3219
308 3220
308 3221
308 3222
308 3223
308 3224
308 3225
308 3226
308 3227
308 3228
308 3229
308 3230
308 3231
308 3232
308 3233
308 3234
308 3235
308 3236
308 3237
308 3238
308 3239
308 3240
308 3241
308 3242
308 3243
308 3244
308 3245
308 3246
308 3247
308 3248
308 3249
308 3250
308 3251
308 3252
308 3253
308 3254
308 3255
308 3256
308 3257
308 3258
308 3259
308 3260
308 3261
308 3262
308 3263
308 3264
308 3265
308 3266
308 3267
308 3268
308 3269
308 3270
308 3271
308 3272
308 3273
308 3274
308 3275
308 3276
308 3277
308 3278
308 3279
308 3280
308 3281
308 3282
308 3283
308 3284
308 3285
308 3286
308 3287
308 3288
308 3289
308 3290
308 3291
308 3292
308 3293
308 3294
308 3295
308 3296
308 3297
308 3298
308 3299
308 3300
308 3301
308 3302
308 3303
308 3304
308 3305
308 3306
308 3307
308 3308
308 3309
308 3310
308 3311
308 3312
308 3313
308 3314
308 3315
308 3316
359 3317
359 3318
359 3319
359 3320
359 3321
359 3322
359 3323
359 3324
359 3325
359 3326
359 3327
359 3328
359 3329
359 3330
359 3331
359 3332
359 3333
359 3334
359 3335
359 3336
359 3337
359 3338
359 3339
359 3340
359 3341
359 3342
359 3343
359 3344
359 3345
359 3346
359 3347
359 3348
359 3349
359 3350
359 3351
359 3352
359 3353
359 3354
359 3355
359 3356
359 3357
359 3358
359 3359
359 3360
359 3361
359 3362
359 3363
359 3364
359 3365
359 3366
359 3367
359 3368
359 3369
359 3370
359 3371
359 3372
359 3373
359 3374
359 3375
359 3376
359 3377
359 3378
359 3379
359 3380
359 3381
359 3382
359 3383
359 3384
359 3385
359 3386
359 3387
359 3388
359 3389
359 3390
359 3391
359 3392
359 3393
359 3394
359 3395
359 3396
359 3397
359 3398
359 3399
359 3400
359 3401
359 3402
359 3403
359 3404
359 3405
359 3406
359 3407
359 3408
359 3409
359 3410
359 3411
359 3412
359 3413
359 3414
359 3415
359 3416
359 3417
359 3418
410 3419
410 3420
410 3421
410 3422
410 3423
410 3424
410 3425
410 3426
410 3427
410 3428
410 3429
410 3430
410 3431
410 3432
410 3433
410 3434
410 3435
410 3436
410 3437
410 3438
410 3439
410 3440
410 3441
410 3442
410 3443
410 3444
410 3445
410 3446
410 3447
410 3448
410 3449
410 3450
410 3451
410 3452
410 3453
410 3454
410 3455
410 3456
410 3457
410 3458
410 3459
410 3460
410 3461
410 3462
410 3463
410 3464
410 3465
410 3466
410 3467
410 3468
410 3469
410 3470
410 3471
410 3472
410 3473
410 3474
410 3475
410 3476
410 3477
410 3478
410 3479
410 3480
410 3481
410 3482
410 3483
410 3484
410 3485
410 3486
410 3487
410 3488
410 3489
410 3490
410 3491
410 3492
410 3493
410 3494
410 3495
410 3496
410 3497
410 3498
410 3499
410 3500
410 3501
410 3502
410 3503
410 3504
410 3505
410 3506
410 3507
410 3508
410 3509
410 3510
410 3511
410 3512
410 3513
410 3514
410 3515
410 3516
410 3517
410 3518
410 3519
410 3520
461 3521
461 3522
461 3523
461 3524
461 3525
461 3526
461 3527
461 3528
461 3529
461 3530
461 3531
461 3532
461 3533
461 3534
461 3535
461 3536
461 3537
461 3538
461 3539
461 3540
461 3541
461 3542
461 3543
461 3544
461 3545
461 3546
461 3547
461 3548
461 3549
461 3550
461 3551
461 3552
461 3553
461 3554
461 3555
461 3556
461 3557
461 3558
461 3559
461 3560
461 3561
461 3562
461 3563
461 3564
461 3565
461 3566
461 3567
461 3568
461 3569
461 3570
461 3571
461 3572
461 3573
461 3574
461 3575
461 3576
461 3577
461 3578
461 3579
461 3580
461 3581
461 3582
461 3583
461 3584
461 3585
461 3586
461 3587
461 3588
461 3589
461 3590
461 3591
461 3592
461 3593
461 3594
461 3595
461 3596
461 3597
461 3598
461 3599
461 3600
461 3601
461 3602
461 3603
461 3604
461 3605
461 3606
461 3607
461 3608
461 3609
461 3610
461 3611
461 3612
461 3613
461 3614
461 3615
461 3616
461 3617
461 3618
461 3619
461 3620
461 3621
461 3622
512 3623
512 3624
512 3625
512 3626
512 3627
512 3628
512 3629
512 3630
512 3631
512 3632
512 3633
512 3634
512 3635
512 3636
512 3637
512 3638
512 3639
512 3640
512 3641
512 3642
512 3643
512 3644
512 3645
512 3646
512 3647
512 3648
512 3649
512 3650
512 3651
512 3652
512 3653
512 3654
512 3655
512 3656
512 3657
512 3658
512 3659
512 3660
512 3661
512 3662
512 3663
512 3664
512 3665
512 3666
512 3667
512 3668
512 3669
512 3670
512 3671
512 3672
512 3673
512 3674
512 3675
512 3676
512 3677
512 3678
512 3679
512 3680
512 3681
512 3682
512 3683
512 3684
512 3685
512 3686
512 3687
512 3688
512 3689
512 3690
512 3691
512 3692
512 3693
512 3694
512 3695
512 3696
512 3697
512 3698
512 3699
512 3700
512 3701
512 3702
512 3703
512 3704
512 3705
512 3706
512 3707
512 3708
512 3709
512 3710
512 3711
512 3712
512 3713
512 3714
512 3715
512 3716
512 3717
512 3718
512 3719
512 3720
512 3721
512 3722
512 3723
512 3724
563 3725
563 3726
563 3727
563 3728
563 3729
563 3730
563 3731
563 3732
563 3733
563 3734
563 3735
563 3736
563 3737
563 3738
563 3739
563 3740
563 3741
563 3742
563 3743
563 3744
563 3745
563 3746
563 3747
563 3748
563 3749
563 3750
563 3751
563 3752
563 3753
563 3754
563 3755
563 3756
563 3757
563 3758
563 3759
563 3760
563 3761
563 3762
563 3763
563 3764
563 3765
563 3766
563 3767
563 3768
563 3769
563 3770
563 3771
563 3772
563 3773
563 3774
563 3775
563 3776
563 3777
563 3778
563 3779
563 3780
563 3781
563 3782
563 3783
563 3784
563 3785
563 3786
563 3787
563 3788
563 3789
563 3790
563 3791
563 3792
563 3793
563 3794
563 3795
563 3796
563 3797
563 3798
563 3799
563 3800
563 3801
563 3802
563 3803
563 3804
563 3805
563 3806
563 3807
563 3808
563 3809
563 3810
563 3811
563 3812
563 3813
563 3814
563 3815
563 3816
563 3817
563 3818
563 3819
563 3820
563 3821
563 3822
563 3823
563 3824
563 3825
563 3826
614 3827
614 3828
614 3829
614 3830
614 3831
614 3832
614 3833
614 3834
614 3835
614 3836
614 3837
614 3838
614 3839
614 3840
614 3841
614 3842
614 3843
614 3844
614 3845
614 3846
614 3847
614 3848
614 3849
614 3850
614 3851
614 3852
614 3853
614 3854
614 3855
614 3856
614 3857
614 3858
614 3859
614 3860
614 3861
614 3862
614 3863
614 3864
614 3865
614 3866
614 3867
614 3868
614 3869
614 3870
614 3871
614 3872
614 3873
614 3874
614 3875
614 3876
614 3877
614 3878
614 3879
614 3880
614 3881
614 3882
614 3883
614 3884
614 3885
614 3886
614 3887
614 3888
614 3889
614 3890
614 3891
614 3892
614 3893
614 3894
614 3895
614 3896
614 3897
614 3898
614 3899
614 3900
614 3901
614 3902
614 3903
614 3904
614 3905
614 3906
614 3907
614 3908
614 3909
614 3910
614 3911
614 3912
614 3913
614 3914
614 3915
614 3916
614 3917
614 3918
614 3919
614 3920
614 3921
614 3922
614 3923
614 3924
614 3925
614 3926
614 3927
614 3928
665 3929
665 3930
665 3931
665 3932
665 3933
665 3934
665 3935
665 3936
665 3937
665 3938
665 3939
665 3940
665 3941
665 3942
665 3943
665 3944
665 3945
665 3946
665 3947
665 3948
665 3949
665 3950
665 3951
665 3952
665 3953
665 3954
665 3955
665 3956
665 3957
665 3958
665 3959
665 3960
665 3961
665 3962
665 3963
665 3964
665 3965
665 3966
665 3967
665 3968
665 3969
665 3970
665 3971
665 3972
665 3973
665 3974
665 3975
665 3976
665 3977
665 3978
665 3979
665 3980
665 3981
665 3982
665 3983
665 3984
665 3985
665 3986
665 3987
665 3988
665 3989
665 3990
665 3991
665 3992
665 3993
665 3994
665 3995
665 3996
665 3997
665 3998
665 3999
665 4000
665 4001
665 4002
665 4003
665 4004
665 4005
665 4006
665 4007
665 4008
665 4009
665 4010
665 4011
665 4012
665 4013
665 4014
665 4015
665 4016
665 4017
665 4018
665 4019
665 4020
665 4021
665 4022
665 4023
665 4024
665 4025
665 4026
665 4027
665 4028
665 4029
665 4030
716 4031
716 4032
716 4033
716 4034
716 4035
716 4036
716 4037
716 4038
716 4039
716 4040
716 4041
716 4042
716 4043
716 4044
716 4045
716 4046
716 4047
716 4048
716 4049
716 4050
716 4051
716 4052
716 4053
716 4054
716 4055
716 4056
716 4057
716 4058
716 4059
716 4060
716 4061
716 4062
716 4063
716 4064
716 4065
716 4066
716 4067
716 4068
716 4069
716 4070
716 4071
716 4072
716 4073
716 4074
716 4075
716 4076
716 4077
716 4078
716 4079
716 4080
716 4081
716 4082
716 4083
716 4084
716 4085
716 4086
716 4087
716 4088
716 4089
716 4090
716 4091
716 4092
716 4093
716 4094
716 4095
716 4096
716 4097
716 4098
716 4099
716 4100
716 4101
716 4102
716 4103
716 4104
716 4105
716 4106
716 4107
716 4108
716 4109
716 4110
716 4111
716 4112
716 4113
716 4114
716 4115
716 4116
716 4117
716 4118
716 4119
716 4120
716 4121
716 4122
716 4123
716 4124
716 4125
716 4126
716 4127
716 4128
716 4129
716 4130
716 4131
716 4132
767 4133
767 4134
767 4135
767 4136
767 4137
767 4138
767 4139
767 4140
767 4141
767 4142
767 4143
767 4144
767 4145
767 4146
767 4147
767 4148
767 4149
767 4150
767 4151
767 4152
767 4153
767 4154
767 4155
767 4156
767 4157
767 4158
767 4159
767 4160
767 4161
767 4162
767 4163
767 4164
767 4165
767 4166
767 4167
767 4168
767 4169
767 4170
767 4171
767 4172
767 4173
767 4174
767 4175
767 4176
767 4177
767 4178
767 4179
767 4180
767 4181
767 4182
767 4183
767 4184
767 4185
767 4186
767 4187
767 4188
767 4189
767 4190
767 4191
767 4192
767 4193
767 4194
767 4195
767 4196
767 4197
767 4198
767 4199
767 4200
767 4201
767 4202
767 4203
767 4204
767 4205
767 4206
767 4207
767 4208
767 4209
767 4210
767 4211
767 4212
767 4213
767 4214
767 4215
767 4216
767 4217
767 4218
767 4219
767 4220
767 4221
767 4222
767 4223
767 4224
767 4225
767 4226
767 4227
767 4228
767 4229
767 4230
767 4231
767 4232
767 4233
767 4234
818 4235
818 4236
818 4237
818 4238
818 4239
818 4240
818 4241
818 4242
818 4243
818 4244
818 4245
818 4246
818 4247
818 4248
818 4249
818 4250
818 4251
818 4252
818 4253
818 4254
818 4255
818 4256
818 4257
818 4258
818 4259
818 4260
818 4261
818 4262
818 4263
818 4264
818 4265
818 4266
818 4267
818 4268
818 4269
818 4270
818 4271
818 4272
818 4273
818 4274
818 4275
818 4276
818 4277
818 4278
818 4279
818 4280
818 4281
818 4282
818 4283
818 4284
818 4285
818 4286
818 4287
818 4288
818 4289
818 4290
818 4291
818 4292
818 4293
818 4294
818 4295
818 4296
818 4297
818 4298
818 4299
818 4300
818 4301
818 4302
818 4303
818 4304
818 4305
818 4306
818 4307
818 4308
818 4309
818 4310
818 4311
818 4312
818 4313
818 4314
818 4315
818 4316
818 4317
818 4318
818 4319
818 4320
818 4321
818 4322
818 4323
818 4324
818 4325
818 4326
818 4327
818 4328
818 4329
818 4330
818 4331
818 4332
818 4333
818 4334
818 4335
818 4336
869 4337
869 4338
869 4339
869 4340
869 4341
869 4342
869 4343
869 4344
869 4345
869 4346
869 4347
869 4348
869 4349
869 4350
869 4351
869 4352
869 4353
869 4354
869 4355
869 4356
869 4357
869 4358
869 4359
869 4360
869 4361
869 4362
869 4363
869 4364
869 4365
869 4366
869 4367
869 4368
869 4369
869 4370
869 4371
869 4372
869 4373
869 4374
869 4375
869 4376
869 4377
869 4378
869 4379
869 4380
869 4381
869 4382
869 4383
869 4384
869 4385
869 4386
869 4387
869 4388
869 4389
869 4390
869 4391
869 4392
869 4393
869 4394
869 4395
869 4396
869 4397
869 4398
869 4399
869 4400
869 4401
869 4402
869 4403
869 4404
869 4405
869 4406
869 4407
869 4408
869 4409
869 4410
869 4411
869 4412
869 4413
869 4414
869 4415
869 4416
869 4417
869 4418
869 4419
869 4420
869 4421
869 4422
869 4423
869 4424
869 4425
869 4426
869 4427
869 4428
869 4429
869 4430
869 4431
869 4432
869 4433
869 4434
869 4435
869 4436
869 4437
869 4438
920 4439
920 4440
920 4441
920 4442
920 4443
920 4444
920 4445
920 4446
920 4447
920 4448
920 4449
920 4450
920 4451
920 4452
920 4453
920 4454
920 4455
920 4456
920 4457
920 4458
920 4459
920 4460
920 4461
920 4462
920 4463
920 4464
920 4465
920 4466
920 4467
920 4468
920 4469
920 4470
920 4471
920 4472
920 4473
920 4474
920 4475
920 4476
920 4477
920 4478
920 4479
920 4480
920 4481
920 4482
920 4483
920 4484
920 4485
920 4486
920 4487
920 4488
920 4489
920 4490
920 4491
920 4492
920 4493
920 4494
920 4495
920 4496
920 4497
920 4498
920 4499
920 4500
920 4501
920 4502
920 4503
920 4504
920 4505
920 4506
920 4507
920 4508
920 4509
920 4510
920 4511
920 4512
920 4513
920 4514
920 4515
920 4516
920 4517
920 4518
920 4519
920 4520
920 4521
920 4522
920 4523
920 4524
920 4525
920 4526
920 4527
920 4528
920 4529
920 4530
920 4531
920 4532
920 4533
920 4534
920 4535
920 4536
920 4537
920 4538
920 4539
920 4540
971 4541
971 4542
971 4543
971 4544
971 4545
971 4546
971 4547
971 4548
971 4549
971 4550
971 4551
971 4552
971 4553
971 4554
971 4555
971 4556
971 4557
971 4558
971 4559
971 4560
971 4561
971 4562
971 4563
971 4564
971 4565
971 4566
971 4567
971 4568
971 4569
971 4570
971 4571
971 4572
971 4573
971 4574
971 4575
971 4576
971 4577
971 4578
971 4579
971 4580
971 4581
971 4582
971 4583
971 4584
971 4585
971 4586
971 4587
971 4588
971 4589
971 4590
971 4591
971 4592
971 4593
971 4594
971 4595
971 4596
971 4597
971 4598
971 4599
971 4600
971 4601
971 4602
971 4603
971 4604
971 4605
971 4606
971 4607
971 4608
971 4609
971 4610
971 4611
971 4612
971 4613
971 4614
971 4615
971 4616
971 4617
971 4618
971 4619
971 4620
971 4621
971 4622
971 4623
971 4624
971 4625
971 4626
971 4627
971 4628
971 4629
971 4630
971 4631
971 4632
971 4633
971 4634
971 4635
971 4636
971 4637
971 4638
971 4639
971 4640
971 4641
971 4642
1022 4643
1022 4644
1022 4645
1022 4646
1022 4647
1022 4648
1022 4649
1022 4650
1022 4651
1022 4652
1022 4653
1022 4654
1022 4655
1022 4656
1022 4657
1022 4658
1022 4659
1022 4660
1022 4661
1022 4662
1022 4663
1022 4664
1022 4665
1022 4666
1022 4667
1022 4668
1022 4669
1022 4670
1022 4671
1022 4672
1022 4673
1022 4674
1022 4675
1022 4676
1022 4677
1022 4678
1022 4679
1022 4680
1022 4681
1022 4682
1022 4683
1022 4684
1022 4685
1022 4686
1022 4687
1022 4688
1022 4689
1022 4690
1022 4691
1022 4692
1022 4693
1022 4694
1022 4695
1022 4696
1022 4697
1022 4698
1022 4699
1022 4700
1022 4701
1022 4702
1022 4703
1022 4704
1022 4705
1022 4706
1022 4707
1022 4708
1022 4709
1022 4710
1022 4711
1022 4712
1022 4713
1022 4714
1022 4715
1022 4716
1022 4717
1022 4718
1022 4719
1022 4720
1022 4721
1022 4722
1022 4723
1022 4724
1022 4725
1022 4726
1022 4727
1022 4728
1022 4729
1022 4730
1022 4731
1022 4732
1022 4733
1022 4734
1022 4735
1022 4736
1022 4737
1022 4738
1022 4739
1022 4740
1022 4741
1022 4742
1022 4743
1022 4744
1073 4745
1073 4746
1073 4747
1073 4748
1073 4749
1073 4750
1073 4751
1073 4752
1073 4753
1073 4754
1073 4755
1073 4756
1073 4757
1073 4758
1073 4759
1073 4760
1073 4761
1073 4762
1073 4763
1073 4764
1073 4765
1073 4766
1073 4767
1073 4768
1073 4769
1073 4770
1073 4771
1073 4772
1073 4773
1073 4774
1073 4775
1073 4776
1073 4777
1073 4778
1073 4779
1073 4780
1073 4781
1073 4782
1073 4783
1073 4784
1073 4785
1073 4786
1073 4787
1073 4788
1073 4789
1073 4790
1073 4791
1073 4792
1073 4793
1073 4794
1073 4795
1073 4796
1073 4797
1073 4798
1073 4799
1073 4800
1073 4801
1073 4802
1073 4803
1073 4804
1073 4805
1073 4806
1073 4807
1073 4808
1073 4809
1073 4810
1073 4811
1073 4812
1073 4813
1073 4814
1073 4815
1073 4816
1073 4817
1073 4818
1073 4819
1073 4820
1073 4821
1073 4822
1073 4823
1073 4824
1073 4825
1073 4826
1073 4827
1073 4828
1073 4829
1073 4830
1073 4831
1073 4832
1073 4833
1073 4834
1073 4835
1073 4836
1073 4837
1073 4838
1073 4839
1073 4840
1073 4841
1073 4842
1073 4843
1073 4844
1073 4845
1073 4846
1124 4847
1124 4848
1124 4849
1124 4850
1124 4851
1124 4852
1124 4853
1124 4854
1124 4855
1124 4856
1124 4857
1124 4858
1124 4859
1124 4860
1124 4861
1124 4862
1124 4863
1124 4864
1124 4865
1124 4866
1124 4867
1124 4868
1124 4869
1124 4870
1124 4871
1124 4872
1124 4873
1124 4874
1124 4875
1124 4876
1124 4877
1124 4878
1124 4879
1124 4880
1124 4881
1124 4882
1124 4883
1124 4884
1124 4885
1124 4886
1124 4887
1124 4888
1124 4889
1124 4890
1124 4891
1124 4892
1124 4893
1124 4894
1124 4895
1124 4896
1124 4897
1124 4898
1124 4899
1124 4900
1124 4901
1124 4902
1124 4903
1124 4904
1124 4905
1124 4906
1124 4907
1124 4908
1124 4909
1124 4910
1124 4911
1124 4912
1124 4913
1124 4914
1124 4915
1124 4916
1124 4917
1124 4918
1124 4919
1124 4920
1124 4921
1124 4922
1124 4923
1124 4924
1124 4925
1124 4926
1124 4927
1124 4928
1124 4929
1124 4930
1124 4931
1124 4932
1124 4933
1124 4934
1124 4935
1124 4936
1124 4937
1124 4938
1124 4939
1124 4940
1124 4941
1124 4942
1124 4943
1124 4944
1124 4945
1124 4946
1124 4947
1124 4948
1175 4949
1175 4950
1175 4951
1175 4952
1175 4953
1175 4954
1175 4955
1175 4956
1175 4957
1175 4958
1175 4959
1175 4960
1175 4961
1175 4962
1175 4963
1175 4964
1175 4965
1175 4966
1175 4967
1175 4968
1175 4969
1175 4970
1175 4971
1175 4972
1175 4973
1175 4974
1175 4975
1175 4976
1175 4977
1175 4978
1175 4979
1175 4980
1175 4981
1175 4982
1175 4983
1175 4984
1175 4985
1175 4986
1175 4987
1175 4988
1175 4989
1175 4990
1175 4991
1175 4992
1175 4993
1175 4994
1175 4995
1175 4996
1175 4997
1175 4998
1175 4999
1175 5000
1175 5001
1175 5002
1175 5003
1175 5004
1175 5005
1175 5006
1175 5007
1175 5008
1175 5009
1175 5010
1175 5011
1175 5012
1175 5013
1175 5014
1175 5015
1175 5016
1175 5017
1175 5018
1175 5019
1175 5020
1175 5021
1175 5022
1175 5023
1175 5024
1175 5025
1175 5026
1175 5027
1175 5028
1175 5029
1175 5030
1175 5031
1175 5032
1175 5033
1175 5034
1175 5035
1175 5036
1175 5037
1175 5038
1175 5039
1175 5040
1175 5041
1175 5042
1175 5043
1175 5044
1175 5045
1175 5046
1175 5047
1175 5048
1175 5049
1175 5050
1226 5051
1226 5052
1226 5053
1226 5054
1226 5055
1226 5056
1226 5057
1226 5058
1226 5059
1226 5060
1226 5061
1226 5062
1226 5063
1226 5064
1226 5065
1226 5066
1226 5067
1226 5068
1226 5069
1226 5070
1226 5071
1226 5072
1226 5073
1226 5074
1226 5075
1226 5076
1226 5077
1226 5078
1226 5079
1226 5080
1226 5081
1226 5082
1226 5083
1226 5084
1226 5085
1226 5086
1226 5087
1226 5088
1226 5089
1226 5090
1226 5091
1226 5092
1226 5093
1226 5094
1226 5095
1226 5096
1226 5097
1226 5098
1226 5099
1226 5100
1226 5101
1226 5102
1226 5103
1226 5104
1226 5105
1226 5106
1226 5107
1226 5108
1226 5109
1226 5110
1226 5111
1226 5112
1226 5113
1226 5114
1226 5115
1226 5116
1226 5117
1226 5118
1226 5119
1226 5120
1226 5121
1226 5122
1226 5123
1226 5124
1226 5125
1226 5126
1226 5127
1226 5128
1226 5129
1226 5130
1226 5131
1226 5132
1226 5133
1226 5134
1226 5135
1226 5136
1226 5137
1226 5138
1226 5139
1226 5140
1226 5141
1226 5142
1226 5143
1226 5144
1226 5145
1226 5146
1226 5147
1226 5148
1226 5149
1226 5150
1226 5151
1226 5152
1277 5153
1277 5154
1277 5155
1277 5156
1277 5157
1277 5158
1277 5159
1277 5160
1277 5161
1277 5162
1277 5163
1277 5164
1277 5165
1277 5166
1277 5167
1277 5168
1277 5169
1277 5170
1277 5171
1277 5172
1277 5173
1277 5174
1277 5175
1277 5176
1277 5177
1277 5178
1277 5179
1277 5180
1277 5181
1277 5182
1277 5183
1277 5184
1277 5185
1277 5186
1277 5187
1277 5188
1277 5189
1277 5190
1277 5191
1277 5192
1277 5193
1277 5194
1277 5195
1277 5196
1277 5197
1277 5198
1277 5199
1277 5200
1277 5201
1277 5202
1277 5203
1277 5204
1277 5205
1277 5206
1277 5207
1277 5208
1277 5209
1277 5210
1277 5211
1277 5212
1277 5213
1277 5214
1277 5215
1277 5216
1277 5217
1277 5218
1277 5219
1277 5220
1277 5221
1277 5222
1277 5223
1277 5224
1277 5225
1277 5226
1277 5227
1277 5228
1277 5229
1277 5230
1277 5231
1277 5232
1277 5233
1277 5234
1277 5235
1277 5236
1277 5237
1277 5238
1277 5239
1277 5240
1277 5241
1277 5242
1277 5243
1277 5244
1277 5245
1277 5246
1277 5247
1277 5248
1277 5249
1277 5250
1277 5251
1277 5252
1277 5253
1277 5254
1328 5255
1328 5256
1328 5257
1328 5258
1328 5259
1328 5260
1328 5261
1328 5262
1328 5263
1328 5264
1328 5265
1328 5266
1328 5267
1328 5268
1328 5269
1328 5270
1328 5271
1328 5272
1328 5273
1328 5274
1328 5275
1328 5276
1328 5277
1328 5278
1328 5279
1328 5280
1328 5281
1328 5282
1328 5283
1328 5284
1328 5285
1328 5286
1328 5287
1328 5288
1328 5289
1328 5290
1328 5291
1328 5292
1328 5293
1328 5294
1328 5295
1328 5296
1328 5297
1328 5298
1328 5299
1328 5300
1328 5301
1328 5302
1328 5303
1328 5304
1328 5305
1328 5306
1328 5307
1328 5308
1328 5309
1328 5310
1328 5311
1328 5312
1328 5313
1328 5314
1328 5315
1328 5316
1328 5317
1328 5318
1328 5319
1328 5320
1328 5321
1328 5322
1328 5323
1328 5324
1328 5325
1328 5326
1328 5327
1328 5328
1328 5329
1328 5330
1328 5331
1328 5332
1328 5333
1328 5334
1328 5335
1328 5336
1328 5337
1328 5338
1328 5339
1328 5340
1328 5341
1328 5342
1328 5343
1328 5344
1328 5345
1328 5346
1328 5347
1328 5348
1328 5349
1328 5350
1328 5351
1328 5352
1328 5353
1328 5354
1328 5355
1328 5356
1379 5357
1379 5358
1379 5359
1379 5360
1379 5361
1379 5362
1379 5363
1379 5364
1379 5365
1379 5366
1379 5367
1379 5368
1379 5369
1379 5370
1379 5371
1379 5372
1379 5373
1379 5374
1379 5375
1379 5376
1379 5377
1379 5378
1379 5379
1379 5380
1379 5381
1379 5382
1379 5383
1379 5384
1379 5385
1379 5386
1379 5387
1379 5388
1379 5389
1379 5390
1379 5391
1379 5392
1379 5393
1379 5394
1379 5395
1379 5396
1379 5397
1379 5398
1379 5399
1379 5400
1379 5401
1379 5402
1379 5403
1379 5404
1379 5405
1379 5406
1379 5407
1379 5408
1379 5409
1379 5410
1379 5411
1379 5412
1379 5413
1379 5414
1379 5415
1379 5416
1379 5417
1379 5418
1379 5419
1379 5420
1379 5421
1379 5422
1379 5423
1379 5424
1379 5425
1379 5426
1379 5427
1379 5428
1379 5429
1379 5430
1379 5431
1379 5432
1379 5433
1379 5434
1379 5435
1379 5436
1379 5437
1379 5438
1379 5439
1379 5440
1379 5441
1379 5442
1379 5443
1379 5444
1379 5445
1379 5446
1379 5447
1379 5448
1379 5449
1379 5450
1379 5451
1379 5452
1379 5453
1379 5454
1379 5455
1379 5456
1379 5457
1379 5458
1430 5459
1430 5460
1430 5461
1430 5462
1430 5463
1430 5464
1430 5465
1430 5466
1430 5467
1430 5468
1430 5469
1430 5470
1430 5471
1430 5472
1430 5473
1430 5474
1430 5475
1430 5476
1430 5477
1430 5478
1430 5479
1430 5480
1430 5481
1430 5482
1430 5483
1430 5484
1430 5485
1430 5486
1430 5487
1430 5488
1430 5489
1430 5490
1430 5491
1430 5492
1430 5493
1430 5494
1430 5495
1430 5496
1430 5497
1430 5498
1430 5499
1430 5500
1430 5501
1430 5502
1430 5503
1430 5504
1430 5505
1430 5506
1430 5507
1430 5508
1430 5509
1430 5510
1430 5511
1430 5512
1430 5513
1430 5514
1430 5515
1430 5516
1430 5517
1430 5518
1430 5519
1430 5520
1430 5521
1430 5522
1430 5523
1430 5524
1430 5525
1430 5526
1430 5527
1430 5528
1430 5529
1430 5530
1430 5531
1430 5532
1430 5533
1430 5534
1430 5535
1430 5536
1430 5537
1430 5538
1430 5539
1430 5540
1430 5541
1430 5542
1430 5543
1430 5544
1430 5545
1430 5546
1430 5547
1430 5548
1430 5549
1430 5550
1430 5551
1430 5552
1430 5553
1430 5554
1430 5555
1430 5556
1430 5557
1430 5558
1430 5559
1430 5560
1481 5561
1481 5562
1481 5563
1481 5564
1481 5565
1481 5566
1481 5567
1481 5568
1481 5569
1481 5570
1481 5571
1481 5572
1481 5573
1481 5574
1481 5575
1481 5576
1481 5577
1481 5578
1481 5579
1481 5580
1481 5581
1481 5582
1481 5583
1481 5584
1481 5585
1481 5586
1481 5587
1481 5588
1481 5589
1481 5590
1481 5591
1481 5592
1481 5593
1481 5594
1481 5595
1481 5596
1481 5597
1481 5598
1481 5599
1481 5600
1481 5601
1481 5602
1481 5603
1481 5604
1481 5605
1481 5606
1481 5607
1481 5608
1481 5609
1481 5610
1481 5611
1481 5612
1481 5613
1481 5614
1481 5615
1481 5616
1481 5617
1481 5618
1481 5619
1481 5620
1481 5621
1481 5622
1481 5623
1481 5624
1481 5625
1481 5626
1481 5627
1481 5628
1481 5629
1481 5630
1481 5631
1481 5632
1481 5633
1481 5634
1481 5635
1481 5636
1481 5637
1481 5638
1481 5639
1481 5640
1481 5641
1481 5642
1481 5643
1481 5644
1481 5645
1481 5646
1481 5647
1481 5648
1481 5649
1481 5650
1481 5651
1481 5652
1481 5653
1481 5654
1481 5655
1481 5656
1481 5657
1481 5658
1481 5659
1481 5660
1481 5661
1481 5662
1532 5663
1532 5664
1532 5665
1532 5666
1532 5667
1532 5668
1532 5669
1532 5670
1532 5671
1532 5672
1532 5673
1532 5674
1532 5675
1532 5676
1532 5677
1532 5678
1532 5679
1532 5680
1532 5681
1532 5682
1532 5683
1532 5684
1532 5685
1532 5686
1532 5687
1532 5688
1532 5689
1532 5690
1532 5691
1532 5692
1532 5693
1532 5694
1532 5695
1532 5696
1532 5697
1532 5698
1532 5699
1532 5700
1532 5701
1532 5702
1532 5703
1532 5704
1532 5705
1532 5706
1532 5707
1532 5708
1532 5709
1532 5710
1532 5711
1532 5712
1532 5713
1532 5714
1532 5715
1532 5716
1532 5717
1532 5718
1532 5719
1532 5720
1532 5721
1532 5722
1532 5723
1532 5724
1532 5725
1532 5726
1532 5727
1532 5728
1532 5729
1532 5730
1532 5731
1532 5732
1532 5733
1532 5734
1532 5735
1532 5736
1532 5737
1532 5738
1532 5739
1532 5740
1532 5741
1532 5742
1532 5743
1532 5744
1532 5745
1532 5746
1532 5747
1532 5748
1532 5749
1532 5750
1532 5751
1532 5752
1532 5753
1532 5754
1532 5755
1532 5756
1532 5757
1532 5758
1532 5759
1532 5760
1532 5761
1532 5762
1532 5763
1532 5764
1583 5765
1583 5766
1583 5767
1583 5768
1583 5769
1583 5770
1583 5771
1583 5772
1583 5773
1583 5774
1583 5775
1583 5776
1583 5777
1583 5778
1583 5779
1583 5780
1583 5781
1583 5782
1583 5783
1583 5784
1583 5785
1583 5786
1583 5787
1583 5788
1583 5789
1583 5790
1583 5791
1583 5792
1583 5793
1583 5794
1583 5795
1583 5796
1583 5797
1583 5798
1583 5799
1583 5800
1583 5801
1583 5802
1583 5803
1583 5804
1583 5805
1583 5806
1583 5807
1583 5808
1583 5809
1583 5810
1583 5811
1583 5812
1583 5813
1583 5814
1583 5815
1583 5816
1583 5817
1583 5818
1583 5819
1583 5820
1583 5821
1583 5822
1583 5823
1583 5824
1583 5825
1583 5826
1583 5827
1583 5828
1583 5829
1583 5830
1583 5831
1583 5832
1583 5833
1583 5834
1583 5835
1583 5836
1583 5837
1583 5838
1583 5839
1583 5840
1583 5841
1583 5842
1583 5843
1583 5844
1583 5845
1583 5846
1583 5847
1583 5848
1583 5849
1583 5850
1583 5851
1583 5852
1583 5853
1583 5854
1583 5855
1583 5856
1583 5857
1583 5858
1583 5859
1583 5860
1583 5861
1583 5862
1583 5863
1583 5864
1583 5865
1583 5866
1634 5867
1634 5868
1634 5869
1634 5870
1634 5871
1634 5872
1634 5873
1634 5874
1634 5875
1634 5876
1634 5877
1634 5878
1634 5879
1634 5880
1634 5881
1634 5882
1634 5883
1634 5884
1634 5885
1634 5886
1634 5887
1634 5888
1634 5889
1634 5890
1634 5891
1634 5892
1634 5893
1634 5894
1634 5895
1634 5896
1634 5897
1634 5898
1634 5899
1634 5900
1634 5901
1634 5902
1634 5903
1634 5904
1634 5905
1634 5906
1634 5907
1634 5908
1634 5909
1634 5910
1634 5911
1634 5912
1634 5913
1634 5914
1634 5915
1634 5916
1634 5917
1634 5918
1634 5919
1634 5920
1634 5921
1634 5922
1634 5923
1634 5924
1634 5925
1634 5926
1634 5927
1634 5928
1634 5929
1634 5930
1634 5931
1634 5932
1634 5933
1634 5934
1634 5935
1634 5936
1634 5937
1634 5938
1634 5939
1634 5940
1634 5941
1634 5942
1634 5943
1634 5944
1634 5945
1634 5946
1634 5947
1634 5948
1634 5949
1634 5950
1634 5951
1634 5952
1634 5953
1634 5954
1634 5955
1634 5956
1634 5957
1634 5958
1634 5959
1634 5960
1634 5961
1634 5962
1634 5963
1634 5964
1634 5965
1634 5966
1634 5967
1634 5968
1685 5969
1685 5970
1685 5971
1685 5972
1685 5973
1685 5974
1685 5975
1685 5976
1685 5977
1685 5978
1685 5979
1685 5980
1685 5981
1685 5982
1685 5983
1685 5984
1685 5985
1685 5986
1685 5987
1685 5988
1685 5989
1685 5990
1685 5991
1685 5992
1685 5993
1685 5994
1685 5995
1685 5996
1685 5997
1685 5998
1685 5999
1685 6000
1685 6001
1685 6002
1685 6003
1685 6004
1685 6005
1685 6006
1685 6007
1685 6008
1685 6009
1685 6010
1685 6011
1685 6012
1685 6013
1685 6014
1685 6015
1685 6016
1685 6017
1685 6018
1685 6019
1685 6020
1685 6021
1685 6022
1685 6023
1685 6024
1685 6025
1685 6026
1685 6027
1685 6028
1685 6029
1685 6030
1685 6031
1685 6032
1685 6033
1685 6034
1685 6035
1685 6036
1685 6037
1685 6038
1685 6039
1685 6040
1685 6041
1685 6042
1685 6043
1685 6044
1685 6045
1685 6046
1685 6047
1685 6048
1685 6049
1685 6050
1685 6051
1685 6052
1685 6053
1685 6054
1685 6055
1685 6056
1685 6057
1685 6058
1685 6059
1685 6060
1685 6061
1685 6062
1685 6063
1685 6064
1685 6065
1685 6066
1685 6067
1685 6068
1685 6069
1685 6070
1736 6071
1736 6072
1736 6073
1736 6074
1736 6075
1736 6076
1736 6077
1736 6078
1736 6079
1736 6080
1736 6081
1736 6082
1736 6083
1736 6084
1736 6085
1736 6086
1736 6087
1736 6088
1736 6089
1736 6090
1736 6091
1736 6092
1736 6093
1736 6094
1736 6095
1736 6096
1736 6097
1736 6098
1736 6099
1736 6100
1736 6101
1736 6102
1736 6103
1736 6104
1736 6105
1736 6106
1736 6107
1736 6108
1736 6109
1736 6110
1736 6111
1736 6112
1736 6113
1736 6114
1736 6115
1736 6116
1736 6117
1736 6118
1736 6119
1736 6120
1736 6121
1736 6122
1736 6123
1736 6124
1736 6125
1736 6126
1736 6127
1736 6128
1736 6129
1736 6130
1736 6131
1736 6132
1736 6133
1736 6134
1736 6135
1736 6136
1736 6137
1736 6138
1736 6139
1736 6140
1736 6141
1736 6142
1736 6143
1736 6144
1736 6145
1736 6146
1736 6147
1736 6148
1736 6149
1736 6150
1736 6151
1736 6152
1736 6153
1736 6154
1736 6155
1736 6156
1736 6157
1736 6158
1736 6159
1736 6160
1736 6161
1736 6162
1736 6163
1736 6164
1736 6165
1736 6166
1736 6167
1736 6168
1736 6169
1736 6170
1736 6171
1736 6172
1787 6173
1787 6174
1787 6175
1787 6176
1787 6177
1787 6178
1787 6179
1787 6180
1787 6181
1787 6182
1787 6183
1787 6184
1787 6185
1787 6186
1787 6187
1787 6188
1787 6189
1787 6190
1787 6191
1787 6192
1787 6193
1787 6194
1787 6195
1787 6196
1787 6197
1787 6198
1787 6199
1787 6200
1787 6201
1787 6202
1787 6203
1787 6204
1787 6205
1787 6206
1787 6207
1787 6208
1787 6209
1787 6210
1787 6211
1787 6212
1787 6213
1787 6214
1787 6215
1787 6216
1787 6217
1787 6218
1787 6219
1787 6220
1787 6221
1787 6222
1787 6223
1787 6224
1787 6225
1787 6226
1787 6227
1787 6228
1787 6229
1787 6230
1787 6231
1787 6232
1787 6233
1787 6234
1787 6235
1787 6236
1787 6237
1787 6238
1787 6239
1787 6240
1787 6241
1787 6242
1787 6243
1787 6244
1787 6245
1787 6246
1787 6247
1787 6248
1787 6249
1787 6250
1787 6251
1787 6252
1787 6253
1787 6254
1787 6255
1787 6256
1787 6257
1787 6258
1787 6259
1787 6260
1787 6261
1787 6262
1787 6263
1787 6264
1787 6265
1787 6266
1787 6267
1787 6268
1787 6269
1787 6270
1787 6271
1787 6272
1787 6273
1787 6274
1838 6275
1838 6276
1838 6277
1838 6278
1838 6279
1838 6280
1838 6281
1838 6282
1838 6283
1838 6284
1838 6285
1838 6286
1838 6287
1838 6288
1838 6289
1838 6290
1838 6291
1838 6292
1838 6293
1838 6294
1838 6295
1838 6296
1838 6297
1838 6298
1838 6299
1838 6300
1838 6301
1838 6302
1838 6303
1838 6304
1838 6305
1838 6306
1838 6307
1838 6308
1838 6309
1838 6310
1838 6311
1838 6312
1838 6313
1838 6314
1838 6315
1838 6316
1838 6317
1838 6318
1838 6319
1838 6320
1838 6321
1838 6322
1838 6323
1838 6324
1838 6325
1838 6326
1838 6327
1838 6328
1838 6329
1838 6330
1838 6331
1838 6332
1838 6333
1838 6334
1838 6335
1838 6336
1838 6337
1838 6338
1838 6339
1838 6340
1838 6341
1838 6342
1838 6343
1838 6344
1838 6345
1838 6346
1838 6347
1838 6348
1838 6349
1838 6350
1838 6351
1838 6352
1838 6353
1838 6354
1838 6355
1838 6356
1838 6357
1838 6358
1838 6359
1838 6360
1838 6361
1838 6362
1838 6363
1838 6364
1838 6365
1838 6366
1838 6367
1838 6368
1838 6369
1838 6370
1838 6371
1838 6372
1838 6373
1838 6374
1838 6375
1838 6376
1889 6377
1889 6378
1889 6379
1889 6380
1889 6381
1889 6382
1889 6383
1889 6384
1889 6385
1889 6386
1889 6387
1889 6388
1889 6389
1889 6390
1889 6391
1889 6392
1889 6393
1889 6394
1889 6395
1889 6396
1889 6397
1889 6398
1889 6399
1889 6400
1889 6401
1889 6402
1889 6403
1889 6404
1889 6405
1889 6406
1889 6407
1889 6408
1889 6409
1889 6410
1889 6411
1889 6412
1889 6413
1889 6414
1889 6415
1889 6416
1889 6417
1889 6418
1889 6419
1889 6420
1889 6421
1889 6422
1889 6423
1889 6424
1889 6425
1889 6426
1889 6427
1889 6428
1889 6429
1889 6430
1889 6431
1889 6432
1889 6433
1889 6434
1889 6435
1889 6436
1889 6437
1889 6438
1889 6439
1889 6440
1889 6441
1889 6442
1889 6443
1889 6444
1889 6445
1889 6446
1889 6447
1889 6448
1889 6449
1889 6450
1889 6451
1889 6452
1889 6453
1889 6454
1889 6455
1889 6456
1889 6457
1889 6458
1889 6459
1889 6460
1889 6461
1889 6462
1889 6463
1889 6464
1889 6465
1889 6466
1889 6467
1889 6468
1889 6469
1889 6470
1889 6471
1889 6472
1889 6473
1889 6474
1889 6475
1889 6476
1889 6477
1889 6478
1940 6479
1940 6480
1940 6481
1940 6482
1940 6483
1940 6484
1940 6485
1940 6486
1940 6487
1940 6488
1940 6489
1940 6490
1940 6491
1940 6492
1940 6493
1940 6494
1940 6495
1940 6496
1940 6497
1940 6498
1940 6499
1940 6500
1940 6501
1940 6502
1940 6503
1940 6504
1940 6505
1940 6506
1940 6507
1940 6508
1940 6509
1940 6510
1940 6511
1940 6512
1940 6513
1940 6514
1940 6515
1940 6516
1940 6517
1940 6518
1940 6519
1940 6520
1940 6521
1940 6522
1940 6523
1940 6524
1940 6525
1940 6526
1940 6527
1940 6528
1940 6529
1940 6530
1940 6531
1940 6532
1940 6533
1940 6534
1940 6535
1940 6536
1940 6537
1940 6538
1940 6539
1940 6540
1940 6541
1940 6542
1940 6543
1940 6544
1940 6545
1940 6546
1940 6547
1940 6548
1940 6549
1940 6550
1940 6551
1940 6552
1940 6553
1940 6554
1940 6555
1940 6556
1940 6557
1940 6558
1940 6559
1940 6560
1940 6561
1940 6562
1940 6563
1940 6564
1940 6565
1940 6566
1940 6567
1940 6568
1940 6569
1940 6570
1940 6571
1940 6572
1940 6573
1940 6574
1940 6575
1940 6576
1940 6577
1940 6578
1940 6579
1940 6580
1991 6581
1991 6582
1991 6583
1991 6584
1991 6585
1991 6586
1991 6587
1991 6588
1991 6589
1991 6590
1991 6591
1991 6592
1991 6593
1991 6594
1991 6595
1991 6596
1991 6597
1991 6598
1991 6599
1991 6600
1991 6601
1991 6602
1991 6603
1991 6604
1991 6605
1991 6606
1991 6607
1991 6608
1991 6609
1991 6610
1991 6611
1991 6612
1991 6613
1991 6614
1991 6615
1991 6616
1991 6617
1991 6618
1991 6619
1991 6620
1991 6621
1991 6622
1991 6623
1991 6624
1991 6625
1991 6626
1991 6627
1991 6628
1991 6629
1991 6630
1991 6631
1991 6632
1991 6633
1991 6634
1991 6635
1991 6636
1991 6637
1991 6638
1991 6639
1991 6640
1991 6641
1991 6642
1991 6643
1991 6644
1991 6645
1991 6646
1991 6647
1991 6648
1991 6649
1991 6650
1991 6651
1991 6652
1991 6653
1991 6654
1991 6655
1991 6656
1991 6657
1991 6658
1991 6659
1991 6660
1991 6661
1991 6662
1991 6663
1991 6664
1991 6665
1991 6666
1991 6667
1991 6668
1991 6669
1991 6670
1991 6671
1991 6672
1991 6673
1991 6674
1991 6675
1991 6676
1991 6677
1991 6678
1991 6679
1991 6680
1991 6681
1991 6682
2042 6683
2042 6684
2042 6685
2042 6686
2042 6687
2042 6688
2042 6689
2042 6690
2042 6691
2042 6692
2042 6693
2042 6694
2042 6695
2042 6696
2042 6697
2042 6698
2042 6699
2042 6700
2042 6701
2042 6702
2042 6703
2042 6704
2042 6705
2042 6706
2042 6707
2042 6708
2042 6709
2042 6710
2042 6711
2042 6712
2042 6713
2042 6714
2042 6715
2042 6716
2042 6717
2042 6718
2042 6719
2042 6720
2042 6721
2042 6722
2042 6723
2042 6724
2042 6725
2042 6726
2042 6727
2042 6728
2042 6729
2042 6730
2042 6731
2042 6732
2042 6733
2042 6734
2042 6735
2042 6736
2042 6737
2042 6738
2042 6739
2042 6740
2042 6741
2042 6742
2042 6743
2042 6744
2042 6745
2042 6746
2042 6747
2042 6748
2042 6749
2042 6750
2042 6751
2042 6752
2042 6753
2042 6754
2042 6755
2042 6756
2042 6757
2042 6758
2042 6759
2042 6760
2042 6761
2042 6762
2042 6763
2042 6764
2042 6765
2042 6766
2042 6767
2042 6768
2042 6769
2042 6770
2042 6771
2042 6772
2042 6773
2042 6774
2042 6775
2042 6776
2042 6777
2042 6778
2042 6779
2042 6780
2042 6781
2042 6782
2042 6783
2042 6784
2093 6785
2093 6786
2093 6787
2093 6788
2093 6789
2093 6790
2093 6791
2093 6792
2093 6793
2093 6794
2093 6795
2093 6796
2093 6797
2093 6798
2093 6799
2093 6800
2093 6801
2093 6802
2093 6803
2093 6804
2093 6805
2093 6806
2093 6807
2093 6808
2093 6809
2093 6810
2093 6811
2093 6812
2093 6813
2093 6814
2093 6815
2093 6816
2093 6817
2093 6818
2093 6819
2093 6820
2093 6821
2093 6822
2093 6823
2093 6824
2093 6825
2093 6826
2093 6827
2093 6828
2093 6829
2093 6830
2093 6831
2093 6832
2093 6833
2093 6834
2093 6835
2093 6836
2093 6837
2093 6838
2093 6839
2093 6840
2093 6841
2093 6842
2093 6843
2093 6844
2093 6845
2093 6846
2093 6847
2093 6848
2093 6849
2093 6850
2093 6851
2093 6852
2093 6853
2093 6854
2093 6855
2093 6856
2093 6857
2093 6858
2093 6859
2093 6860
2093 6861
2093 6862
2093 6863
2093 6864
2093 6865
2093 6866
2093 6867
2093 6868
2093 6869
2093 6870
2093 6871
2093 6872
2093 6873
2093 6874
2093 6875
2093 6876
2093 6877
2093 6878
2093 6879
2093 6880
2093 6881
2093 6882
2093 6883
2093 6884
2093 6885
2093 6886
2144 6887
2144 6888
2144 6889
2144 6890
2144 6891
2144 6892
2144 6893
2144 6894
2144 6895
2144 6896
2144 6897
2144 6898
2144 6899
2144 6900
2144 6901
2144 6902
2144 6903
2144 6904
2144 6905
2144 6906
2144 6907
2144 6908
2144 6909
2144 6910
2144 6911
2144 6912
2144 6913
2144 6914
2144 6915
2144 6916
2144 6917
2144 6918
2144 6919
2144 6920
2144 6921
2144 6922
2144 6923
2144 6924
2144 6925
2144 6926
2144 6927
2144 6928
2144 6929
2144 6930
2144 6931
2144 6932
2144 6933
2144 6934
2144 6935
2144 6936
2144 6937
2144 6938
2144 6939
2144 6940
2144 6941
2144 6942
2144 6943
2144 6944
2144 6945
2144 6946
2144 6947
2144 6948
2144 6949
2144 6950
2144 6951
2144 6952
2144 6953
2144 6954
2144 6955
2144 6956
2144 6957
2144 6958
2144 6959
2144 6960
2144 6961
2144 6962
2144 6963
2144 6964
2144 6965
2144 6966
2144 6967
2144 6968
2144 6969
2144 6970
2144 6971
2144 6972
2144 6973
2144 6974
2144 6975
2144 6976
2144 6977
2144 6978
2144 6979
2144 6980
2144 6981
2144 6982
2144 6983
2144 6984
2144 6985
2144 6986
2144 6987
2144 6988
2195 6989
2195 6990
2195 6991
2195 6992
2195 6993
2195 6994
2195 6995
2195 6996
2195 6997
2195 6998
2195 6999
2195 7000
2195 7001
2195 7002
2195 7003
2195 7004
2195 7005
2195 7006
2195 7007
2195 7008
2195 7009
2195 7010
2195 7011
2195 7012
2195 7013
2195 7014
2195 7015
2195 7016
2195 7017
2195 7018
2195 7019
2195 7020
2195 7021
2195 7022
2195 7023
2195 7024
2195 7025
2195 7026
2195 7027
2195 7028
2195 7029
2195 7030
2195 7031
2195 7032
2195 7033
2195 7034
2195 7035
2195 7036
2195 7037
2195 7038
2195 7039
2195 7040
2195 7041
2195 7042
2195 7043
2195 7044
2195 7045
2195 7046
2195 7047
2195 7048
2195 7049
2195 7050
2195 7051
2195 7052
2195 7053
2195 7054
2195 7055
2195 7056
2195 7057
2195 7058
2195 7059
2195 7060
2195 7061
2195 7062
2195 7063
2195 7064
2195 7065
2195 7066
2195 7067
2195 7068
2195 7069
2195 7070
2195 7071
2195 7072
2195 7073
2195 7074
2195 7075
2195 7076
2195 7077
2195 7078
2195 7079
2195 7080
2195 7081
2195 7082
2195 7083
2195 7084
2195 7085
2195 7086
2195 7087
2195 7088
2195 7089
2195 7090
2246 7091
2246 7092
2246 7093
2246 7094
2246 7095
2246 7096
2246 7097
2246 7098
2246 7099
2246 7100
2246 7101
2246 7102
2246 7103
2246 7104
2246 7105
2246 7106
2246 7107
2246 7108
2246 7109
2246 7110
2246 7111
2246 7112
2246 7113
2246 7114
2246 7115
2246 7116
2246 7117
2246 7118
2246 7119
2246 7120
2246 7121
2246 7122
2246 7123
2246 7124
2246 7125
2246 7126
2246 7127
2246 7128
2246 7129
2246 7130
2246 7131
2246 7132
2246 7133
2246 7134
2246 7135
2246 7136
2246 7137
2246 7138
2246 7139
2246 7140
2246 7141
2246 7142
2246 7143
2246 7144
2246 7145
2246 7146
2246 7147
2246 7148
2246 7149
2246 7150
2246 7151
2246 7152
2246 7153
2246 7154
2246 7155
2246 7156
2246 7157
2246 7158
2246 7159
2246 7160
2246 7161
2246 7162
2246 7163
2246 7164
2246 7165
2246 7166
2246 7167
2246 7168
2246 7169
2246 7170
2246 7171
2246 7172
2246 7173
2246 7174
2246 7175
2246 7176
2246 7177
2246 7178
2246 7179
2246 7180
2246 7181
2246 7182
2246 7183
2246 7184
2246 7185
2246 7186
2246 7187
2246 7188
2246 7189
2246 7190
2246 7191
2246 7192
2297 7193
2297 7194
2297 7195
2297 7196
2297 7197
2297 7198
2297 7199
2297 7200
2297 7201
2297 7202
2297 7203
2297 7204
2297 7205
2297 7206
2297 7207
2297 7208
2297 7209
2297 7210
2297 7211
2297 7212
2297 7213
2297 7214
2297 7215
2297 7216
2297 7217
2297 7218
2297 7219
2297 7220
2297 7221
2297 7222
2297 7223
2297 7224
2297 7225
2297 7226
2297 7227
2297 7228
2297 7229
2297 7230
2297 7231
2297 7232
2297 7233
2297 7234
2297 7235
2297 7236
2297 7237
2297 7238
2297 7239
2297 7240
2297 7241
2297 7242
2297 7243
2297 7244
2297 7245
2297 7246
2297 7247
2297 7248
2297 7249
2297 7250
2297 7251
2297 7252
2297 7253
2297 7254
2297 7255
2297 7256
2297 7257
2297 7258
2297 7259
2297 7260
2297 7261
2297 7262
2297 7263
2297 7264
2297 7265
2297 7266
2297 7267
2297 7268
2297 7269
2297 7270
2297 7271
2297 7272
2297 7273
2297 7274
2297 7275
2297 7276
2297 7277
2297 7278
2297 7279
2297 7280
2297 7281
2297 7282
2297 7283
2297 7284
2297 7285
2297 7286
2297 7287
2297 7288
2297 7289
2297 7290
2297 7291
2297 7292
2297 7293
2297 7294
2348 7295
2348 7296
2348 7297
2348 7298
2348 7299
2348 7300
2348 7301
2348 7302
2348 7303
2348 7304
2348 7305
2348 7306
2348 7307
2348 7308
2348 7309
2348 7310
2348 7311
2348 7312
2348 7313
2348 7314
2348 7315
2348 7316
2348 7317
2348 7318
2348 7319
2348 7320
2348 7321
2348 7322
2348 7323
2348 7324
2348 7325
2348 7326
2348 7327
2348 7328
2348 7329
2348 7330
2348 7331
2348 7332
2348 7333
2348 7334
2348 7335
2348 7336
2348 7337
2348 7338
2348 7339
2348 7340
2348 7341
2348 7342
2348 7343
2348 7344
2348 7345
2348 7346
2348 7347
2348 7348
2348 7349
2348 7350
2348 7351
2348 7352
2348 7353
2348 7354
2348 7355
2348 7356
2348 7357
2348 7358
2348 7359
2348 7360
2348 7361
2348 7362
2348 7363
2348 7364
2348 7365
2348 7366
2348 7367
2348 7368
2348 7369
2348 7370
2348 7371
2348 7372
2348 7373
2348 7374
2348 7375
2348 7376
2348 7377
2348 7378
2348 7379
2348 7380
2348 7381
2348 7382
2348 7383
2348 7384
2348 7385
2348 7386
2348 7387
2348 7388
2348 7389
2348 7390
2348 7391
2348 7392
2348 7393
2348 7394
2348 7395
2348 7396
2399 7397
2399 7398
2399 7399
2399 7400
2399 7401
2399 7402
2399 7403
2399 7404
2399 7405
2399 7406
2399 7407
2399 7408
2399 7409
2399 7410
2399 7411
2399 7412
2399 7413
2399 7414
2399 7415
2399 7416
2399 7417
2399 7418
2399 7419
2399 7420
2399 7421
2399 7422
2399 7423
2399 7424
2399 7425
2399 7426
2399 7427
2399 7428
2399 7429
2399 7430
2399 7431
2399 7432
2399 7433
2399 7434
2399 7435
2399 7436
2399 7437
2399 7438
2399 7439
2399 7440
2399 7441
2399 7442
2399 7443
2399 7444
2399 7445
2399 7446
2399 7447
2399 7448
2399 7449
2399 7450
2399 7451
2399 7452
2399 7453
2399 7454
2399 7455
2399 7456
2399 7457
2399 7458
2399 7459
2399 7460
2399 7461
2399 7462
2399 7463
2399 7464
2399 7465
2399 7466
2399 7467
2399 7468
2399 7469
2399 7470
2399 7471
2399 7472
2399 7473
2399 7474
2399 7475
2399 7476
2399 7477
2399 7478
2399 7479
2399 7480
2399 7481
2399 7482
2399 7483
2399 7484
2399 7485
2399 7486
2399 7487
2399 7488
2399 7489
2399 7490
2399 7491
2399 7492
2399 7493
2399 7494
2399 7495
2399 7496
2399 7497
2399 7498
2450 7499
2450 7500
2450 7501
2450 7502
2450 7503
2450 7504
2450 7505
2450 7506
2450 7507
2450 7508
2450 7509
2450 7510
2450 7511
2450 7512
2450 7513
2450 7514
2450 7515
2450 7516
2450 7517
2450 7518
2450 7519
2450 7520
2450 7521
2450 7522
2450 7523
2450 7524
2450 7525
2450 7526
2450 7527
2450 7528
2450 7529
2450 7530
2450 7531
2450 7532
2450 7533
2450 7534
2450 7535
2450 7536
2450 7537
2450 7538
2450 7539
2450 7540
2450 7541
2450 7542
2450 7543
2450 7544
2450 7545
2450 7546
2450 7547
2450 7548
2450 7549
2450 7550
2450 7551
2450 7552
2450 7553
2450 7554
2450 7555
2450 7556
2450 7557
2450 7558
2450 7559
2450 7560
2450 7561
2450 7562
2450 7563
2450 7564
2450 7565
2450 7566
2450 7567
2450 7568
2450 7569
2450 7570
2450 7571
2450 7572
2450 7573
2450 7574
2450 7575
2450 7576
2450 7577
2450 7578
2450 7579
2450 7580
2450 7581
2450 7582
2450 7583
2450 7584
2450 7585
2450 7586
2450 7587
2450 7588
2450 7589
2450 7590
2450 7591
2450 7592
2450 7593
2450 7594
2450 7595
2450 7596
2450 7597
2450 7598
2450 7599
2450 7600
2501 7601
2501 7602
2501 7603
2501 7604
2501 7605
2501 7606
2501 7607
2501 7608
2501 7609
2501 7610
2501 7611
2501 7612
2501 7613
2501 7614
2501 7615
2501 7616
2501 7617
2501 7618
2501 7619
2501 7620
2501 7621
2501 7622
2501 7623
2501 7624
2501 7625
2501 7626
2501 7627
2501 7628
2501 7629
2501 7630
2501 7631
2501 7632
2501 7633
2501 7634
2501 7635
2501 7636
2501 7637
2501 7638
2501 7639
2501 7640
2501 7641
2501 7642
2501 7643
2501 7644
2501 7645
2501 7646
2501 7647
2501 7648
2501 7649
2501 7650
2501 7651
2501 7652
2501 7653
2501 7654
2501 7655
2501 7656
2501 7657
2501 7658
2501 7659
2501 7660
2501 7661
2501 7662
2501 7663
2501 7664
2501 7665
2501 7666
2501 7667
2501 7668
2501 7669
2501 7670
2501 7671
2501 7672
2501 7673
2501 7674
2501 7675
2501 7676
2501 7677
2501 7678
2501 7679
2501 7680
2501 7681
2501 7682
2501 7683
2501 7684
2501 7685
2501 7686
2501 7687
2501 7688
2501 7689
2501 7690
2501 7691
2501 7692
2501 7693
2501 7694
2501 7695
2501 7696
2501 7697
2501 7698
2501 7699
2501 7700
2501 7701
2501 7702
2552 7703
2552 7704
2552 7705
2552 7706
2552 7707
2552 7708
2552 7709
2552 7710
2552 7711
2552 7712
2552 7713
2552 7714
2552 7715
2552 7716
2552 7717
2552 7718
2552 7719
2552 7720
2552 7721
2552 7722
2552 7723
2552 7724
2552 7725
2552 7726
2552 7727
2552 7728
2552 7729
2552 7730
2552 7731
2552 7732
2552 7733
2552 7734
2552 7735
2552 7736
2552 7737
2552 7738
2552 7739
2552 7740
2552 7741
2552 7742
2552 7743
2552 7744
2552 7745
2552 7746
2552 7747
2552 7748
2552 7749
2552 7750
2552 7751
2552 7752
2552 7753
2552 7754
2552 7755
2552 7756
2552 7757
2552 7758
2552 7759
2552 7760
2552 7761
2552 7762
2552 7763
2552 7764
2552 7765
2552 7766
2552 7767
2552 7768
2552 7769
2552 7770
2552 7771
2552 7772
2552 7773
2552 7774
2552 7775
2552 7776
2552 7777
2552 7778
2552 7779
2552 7780
2552 7781
2552 7782
2552 7783
2552 7784
2552 7785
2552 7786
2552 7787
2552 7788
2552 7789
2552 7790
2552 7791
2552 7792
2552 7793
2552 7794
2552 7795
2552 7796
2552 7797
2552 7798
2552 7799
2552 7800
2552 7801
2552 7802
2552 7803
2552 7804
2603 7805
2603 7806
2603 7807
2603 7808
2603 7809
2603 7810
2603 7811
2603 7812
2603 7813
2603 7814
2603 7815
2603 7816
2603 7817
2603 7818
2603 7819
2603 7820
2603 7821
2603 7822
2603 7823
2603 7824
2603 7825
2603 7826
2603 7827
2603 7828
2603 7829
2603 7830
2603 7831
2603 7832
2603 7833
2603 7834
2603 7835
2603 7836
2603 7837
2603 7838
2603 7839
2603 7840
2603 7841
2603 7842
2603 7843
2603 7844
2603 7845
2603 7846
2603 7847
2603 7848
2603 7849
2603 7850
2603 7851
2603 7852
2603 7853
2603 7854
2603 7855
2603 7856
2603 7857
2603 7858
2603 7859
2603 7860
2603 7861
2603 7862
2603 7863
2603 7864
2603 7865
2603 7866
2603 7867
2603 7868
2603 7869
2603 7870
2603 7871
2603 7872
2603 7873
2603 7874
2603 7875
2603 7876
2603 7877
2603 7878
2603 7879
2603 7880
2603 7881
2603 7882
2603 7883
2603 7884
2603 7885
2603 7886
2603 7887
2603 7888
2603 7889
2603 7890
2603 7891
2603 7892
2603 7893
2603 7894
2603 7895
2603 7896
2603 7897
2603 7898
2603 7899
2603 7900
2603 7901
2603 7902
2603 7903
2603 7904
2603 7905
2603 7906
2654 7907
2654 7908
2654 7909
2654 7910
2654 7911
2654 7912
2654 7913
2654 7914
2654 7915
2654 7916
2654 7917
2654 7918
2654 7919
2654 7920
2654 7921
2654 7922
2654 7923
2654 7924
2654 7925
2654 7926
2654 7927
2654 7928
2654 7929
2654 7930
2654 7931
2654 7932
2654 7933
2654 7934
2654 7935
2654 7936
2654 7937
2654 7938
2654 7939
2654 7940
2654 7941
2654 7942
2654 7943
2654 7944
2654 7945
2654 7946
2654 7947
2654 7948
2654 7949
2654 7950
2654 7951
2654 7952
2654 7953
2654 7954
2654 7955
2654 7956
2654 7957
2654 7958
2654 7959
2654 7960
2654 7961
2654 7962
2654 7963
2654 7964
2654 7965
2654 7966
2654 7967
2654 7968
2654 7969
2654 7970
2654 7971
2654 7972
2654 7973
2654 7974
2654 7975
2654 7976
2654 7977
2654 7978
2654 7979
2654 7980
2654 7981
2654 7982
2654 7983
2654 7984
2654 7985
2654 7986
2654 7987
2654 7988
2654 7989
2654 7990
2654 7991
2654 7992
2654 7993
2654 7994
2654 7995
2654 7996
2654 7997
2654 7998
2654 7999
2654 8000
2654 8001
2654 8002
2654 8003
2654 8004
2654 8005
2654 8006
2654 8007
2654 8008
