1680 2208
1 2
1 3
1 4
1 5
1 6
1 7
1 8
1 9
1 10
1 11
1 12
1 13
1 14
1 15
1 16
1 17
1 18
1 19
1 20
1 21
1 22
1 23
1 24
2 1
2 3
2 4
2 5
2 6
2 7
2 8
2 9
2 10
2 11
2 12
2 13
2 14
2 15
2 16
2 17
2 18
2 19
2 20
2 21
2 22
2 23
2 24
3 1
3 2
3 4
3 5
3 6
3 7
3 8
3 9
3 10
3 11
3 12
3 13
3 14
3 15
3 16
3 17
3 18
3 19
3 20
3 21
3 22
3 23
3 24
4 1
4 2
4 3
4 5
4 6
4 7
4 8
4 9
4 10
4 11
4 12
4 13
4 14
4 15
4 16
4 17
4 18
4 19
4 20
4 21
4 22
4 23
4 24
5 1
5 2
5 3
5 4
5 6
5 7
5 8
5 9
5 10
5 11
5 12
5 13
5 14
5 15
5 16
5 17
5 18
5 19
5 20
5 21
5 22
5 23
5 24
6 1
6 2
6 3
6 4
6 5
6 7
6 8
6 9
6 10
6 11
6 12
6 13
6 14
6 15
6 16
6 17
6 18
6 19
6 20
6 21
6 22
6 23
6 24
7 1
7 2
7 3
7 4
7 5
7 6
7 8
7 9
7 10
7 11
7 12
7 13
7 14
7 15
7 16
7 17
7 18
7 19
7 20
7 21
7 22
7 23
7 24
8 1
8 2
8 3
8 4
8 5
8 6
8 7
8 9
8 10
8 11
8 12
8 13
8 14
8 15
8 16
8 17
8 18
8 19
8 20
8 21
8 22
8 23
8 24
9 1
9 2
9 3
9 4
9 5
9 6
9 7
9 8
9 10
9 11
9 12
9 13
9 14
9 15
9 16
9 17
9 18
9 19
9 20
9 21
9 22
9 23
9 24
10 1
10 2
10 3
10 4
10 5
10 6
10 7
10 8
10 9
10 11
10 12
10 13
10 14
10 15
10 16
10 17
10 18
10 19
10 20
10 21
10 22
10 23
10 24
11 1
11 2
11 3
11 4
11 5
11 6
11 7
11 8
11 9
11 10
11 12
11 13
11 14
11 15
11 16
11 17
11 18
11 19
11 20
11 21
11 22
11 23
11 24
12 1
12 2
12 3
12 4
12 5
12 6
12 7
12 8
12 9
12 10
12 11
12 13
12 14
12 15
12 16
12 17
12 18
12 19
12 20
12 21
12 22
12 23
12 24
13 1
13 2
13 3
13 4
13 5
13 6
13 7
13 8
13 9
13 10
13 11
13 12
13 14
13 15
13 16
13 17
13 18
13 19
13 20
13 21
13 22
13 23
13 24
14 1
14 2
14 3
14 4
14 5
14 6
14 7
14 8
14 9
14 10
14 11
14 12
14 13
14 15
14 16
14 17
14 18
14 19
14 20
14 21
14 22
14 23
14 24
15 1
15 2
15 3
15 4
15 5
15 6
15 7
15 8
15 9
15 10
15 11
15 12
15 13
15 14
15 16
15 17
15 18
15 19
15 20
15 21
15 22
15 23
15 24
16 1
16 2
16 3
16 4
16 5
16 6
16 7
16 8
16 9
16 10
16 11
16 12
16 13
16 14
16 15
16 17
16 18
16 19
16 20
16 21
16 22
16 23
16 24
17 1
17 2
17 3
17 4
17 5
17 6
17 7
17 8
17 9
17 10
17 11
17 12
17 13
17 14
17 15
17 16
17 18
17 19
17 20
17 21
17 22
17 23
17 24
18 1
18 2
18 3
18 4
18 5
18 6
18 7
18 8
18 9
18 10
18 11
18 12
18 13
18 14
18 15
18 16
18 17
18 19
18 20
18 21
18 22
18 23
18 24
19 1
19 2
19 3
19 4
19 5
19 6
19 7
19 8
19 9
19 10
19 11
19 12
19 13
19 14
19 15
19 16
19 17
19 18
19 20
19 21
19 22
19 23
19 24
20 1
20 2
20 3
20 4
20 5
20 6
20 7
20 8
20 9
20 10
20 11
20 12
20 13
20 14
20 15
20 16
20 17
20 18
20 19
20 21
20 22
20 23
20 24
21 1
21 2
21 3
21 4
21 5
21 6
21 7
21 8
21 9
21 10
21 11
21 12
21 13
21 14
21 15
21 16
21 17
21 18
21 19
21 20
21 22
21 23
21 24
22 1
22 2
22 3
22 4
22 5
22 6
22 7
22 8
22 9
22 10
22 11
22 12
22 13
22 14
22 15
22 16
22 17
22 18
22 19
22 20
22 21
22 23
22 24
23 1
23 2
23 3
23 4
23 5
23 6
23 7
23 8
23 9
23 10
23 11
23 12
23 13
23 14
23 15
23 16
23 17
23 18
23 19
23 20
23 21
23 22
23 24
24 1
24 2
24 3
24 4
24 5
24 6
24 7
24 8
24 9
24 10
24 11
24 12
24 13
24 14
24 15
24 16
24 17
24 18
24 19
24 20
24 21
24 22
24 23
1 25
1 26
1 27
1 28
1 29
1 30
1 31
1 32
1 33
1 34
1 35
1 36
1 37
1 38
1 39
1 40
1 41
1 42
1 43
1 44
1 45
1 46
1 47
2 48
2 49
2 50
2 51
2 52
2 53
2 54
2 55
2 56
2 57
2 58
2 59
2 60
2 61
2 62
2 63
2 64
2 65
2 66
2 67
2 68
2 69
2 70
3 71
3 72
3 73
3 74
3 75
3 76
3 77
3 78
3 79
3 80
3 81
3 82
3 83
3 84
3 85
3 86
3 87
3 88
3 89
3 90
3 91
3 92
3 93
4 94
4 95
4 96
4 97
4 98
4 99
4 100
4 101
4 102
4 103
4 104
4 105
4 106
4 107
4 108
4 109
4 110
4 111
4 112
4 113
4 114
4 115
4 116
5 117
5 118
5 119
5 120
5 121
5 122
5 123
5 124
5 125
5 126
5 127
5 128
5 129
5 130
5 131
5 132
5 133
5 134
5 135
5 136
5 137
5 138
5 139
6 140
6 141
6 142
6 143
6 144
6 145
6 146
6 147
6 148
6 149
6 150
6 151
6 152
6 153
6 154
6 155
6 156
6 157
6 158
6 159
6 160
6 161
6 162
7 163
7 164
7 165
7 166
7 167
7 168
7 169
7 170
7 171
7 172
7 173
7 174
7 175
7 176
7 177
7 178
7 179
7 180
7 181
7 182
7 183
7 184
7 185
8 186
8 187
8 188
8 189
8 190
8 191
8 192
8 193
8 194
8 195
8 196
8 197
8 198
8 199
8 200
8 201
8 202
8 203
8 204
8 205
8 206
8 207
8 208
9 209
9 210
9 211
9 212
9 213
9 214
9 215
9 216
9 217
9 218
9 219
9 220
9 221
9 222
9 223
9 224
9 225
9 226
9 227
9 228
9 229
9 230
9 231
10 232
10 233
10 234
10 235
10 236
10 237
10 238
10 239
10 240
10 241
10 242
10 243
10 244
10 245
10 246
10 247
10 248
10 249
10 250
10 251
10 252
10 253
10 254
11 255
11 256
11 257
11 258
11 259
11 260
11 261
11 262
11 263
11 264
11 265
11 266
11 267
11 268
11 269
11 270
11 271
11 272
11 273
11 274
11 275
11 276
11 277
12 278
12 279
12 280
12 281
12 282
12 283
12 284
12 285
12 286
12 287
12 288
12 289
12 290
12 291
12 292
12 293
12 294
12 295
12 296
12 297
12 298
12 299
12 300
13 301
13 302
13 303
13 304
13 305
13 306
13 307
13 308
13 309
13 310
13 311
13 312
13 313
13 314
13 315
13 316
13 317
13 318
13 319
13 320
13 321
13 322
13 323
14 324
14 325
14 326
14 327
14 328
14 329
14 330
14 331
14 332
14 333
14 334
14 335
14 336
14 337
14 338
14 339
14 340
14 341
14 342
14 343
14 344
14 345
14 346
15 347
15 348
15 349
15 350
15 351
15 352
15 353
15 354
15 355
15 356
15 357
15 358
15 359
15 360
15 361
15 362
15 363
15 364
15 365
15 366
15 367
15 368
15 369
16 370
16 371
16 372
16 373
16 374
16 375
16 376
16 377
16 378
16 379
16 380
16 381
16 382
16 383
16 384
16 385
16 386
16 387
16 388
16 389
16 390
16 391
16 392
17 393
17 394
17 395
17 396
17 397
17 398
17 399
17 400
17 401
17 402
17 403
17 404
17 405
17 406
17 407
17 408
17 409
17 410
17 411
17 412
17 413
17 414
17 415
18 416
18 417
18 418
18 419
18 420
18 421
18 422
18 423
18 424
18 425
18 426
18 427
18 428
18 429
18 430
18 431
18 432
18 433
18 434
18 435
18 436
18 437
18 438
19 439
19 440
19 441
19 442
19 443
19 444
19 445
19 446
19 447
19 448
19 449
19 450
19 451
19 452
19 453
19 454
19 455
19 456
19 457
19 458
19 459
19 460
19 461
20 462
20 463
20 464
20 465
20 466
20 467
20 468
20 469
20 470
20 471
20 472
20 473
20 474
20 475
20 476
20 477
20 478
20 479
20 480
20 481
20 482
20 483
20 484
21 485
21 486
21 487
21 488
21 489
21 490
21 491
21 492
21 493
21 494
21 495
21 496
21 497
21 498
21 499
21 500
21 501
21 502
21 503
21 504
21 505
21 506
21 507
22 508
22 509
22 510
22 511
22 512
22 513
22 514
22 515
22 516
22 517
22 518
22 519
22 520
22 521
22 522
22 523
22 524
22 525
22 526
22 527
22 528
22 529
22 530
23 531
23 532
23 533
23 534
23 535
23 536
23 537
23 538
23 539
23 540
23 541
23 542
23 543
23 544
23 545
23 546
23 547
23 548
23 549
23 550
23 551
23 552
23 553
24 554
24 555
24 556
24 557
24 558
24 559
24 560
24 561
24 562
24 563
24 564
24 565
24 566
24 567
24 568
24 569
24 570
24 571
24 572
24 573
24 574
24 575
24 576
25 577
25 578
25 579
25 580
25 581
25 582
25 583
25 584
25 585
25 586
25 587
25 588
25 589
25 590
25 591
25 592
25 593
25 594
25 595
25 596
25 597
25 598
25 599
25 600
25 601
25 602
25 603
25 604
25 605
25 606
25 607
25 608
25 609
25 610
25 611
25 612
25 613
25 614
25 615
25 616
25 617
25 618
25 619
25 620
25 621
25 622
48 623
48 624
48 625
48 626
48 627
48 628
48 629
48 630
48 631
48 632
48 633
48 634
48 635
48 636
48 637
48 638
48 639
48 640
48 641
48 642
48 643
48 644
48 645
48 646
48 647
48 648
48 649
48 650
48 651
48 652
48 653
48 654
48 655
48 656
48 657
48 658
48 659
48 660
48 661
48 662
48 663
48 664
48 665
48 666
48 667
48 668
71 669
71 670
71 671
71 672
71 673
71 674
71 675
71 676
71 677
71 678
71 679
71 680
71 681
71 682
71 683
71 684
71 685
71 686
71 687
71 688
71 689
71 690
71 691
71 692
71 693
71 694
71 695
71 696
71 697
71 698
71 699
71 700
71 701
71 702
71 703
71 704
71 705
71 706
71 707
71 708
71 709
71 710
71 711
71 712
71 713
71 714
94 715
94 716
94 717
94 718
94 719
94 720
94 721
94 722
94 723
94 724
94 725
94 726
94 727
94 728
94 729
94 730
94 731
94 732
94 733
94 734
94 735
94 736
94 737
94 738
94 739
94 740
94 741
94 742
94 743
94 744
94 745
94 746
94 747
94 748
94 749
94 750
94 751
94 752
94 753
94 754
94 755
94 756
94 757
94 758
94 759
94 760
117 761
117 762
117 763
117 764
117 765
117 766
117 767
117 768
117 769
117 770
117 771
117 772
117 773
117 774
117 775
117 776
117 777
117 778
117 779
117 780
117 781
117 782
117 783
117 784
117 785
117 786
117 787
117 788
117 789
117 790
117 791
117 792
117 793
117 794
117 795
117 796
117 797
117 798
117 799
117 800
117 801
117 802
117 803
117 804
117 805
117 806
140 807
140 808
140 809
140 810
140 811
140 812
140 813
140 814
140 815
140 816
140 817
140 818
140 819
140 820
140 821
140 822
140 823
140 824
140 825
140 826
140 827
140 828
140 829
140 830
140 831
140 832
140 833
140 834
140 835
140 836
140 837
140 838
140 839
140 840
140 841
140 842
140 843
140 844
140 845
140 846
140 847
140 848
140 849
140 850
140 851
140 852
163 853
163 854
163 855
163 856
163 857
163 858
163 859
163 860
163 861
163 862
163 863
163 864
163 865
163 866
163 867
163 868
163 869
163 870
163 871
163 872
163 873
163 874
163 875
163 876
163 877
163 878
163 879
163 880
163 881
163 882
163 883
163 884
163 885
163 886
163 887
163 888
163 889
163 890
163 891
163 892
163 893
163 894
163 895
163 896
163 897
163 898
186 899
186 900
186 901
186 902
186 903
186 904
186 905
186 906
186 907
186 908
186 909
186 910
186 911
186 912
186 913
186 914
186 915
186 916
186 917
186 918
186 919
186 920
186 921
186 922
186 923
186 924
186 925
186 926
186 927
186 928
186 929
186 930
186 931
186 932
186 933
186 934
186 935
186 936
186 937
186 938
186 939
186 940
186 941
186 942
186 943
186 944
209 945
209 946
209 947
209 948
209 949
209 950
209 951
209 952
209 953
209 954
209 955
209 956
209 957
209 958
209 959
209 960
209 961
209 962
209 963
209 964
209 965
209 966
209 967
209 968
209 969
209 970
209 971
209 972
209 973
209 974
209 975
209 976
209 977
209 978
209 979
209 980
209 981
209 982
209 983
209 984
209 985
209 986
209 987
209 988
209 989
209 990
232 991
232 992
232 993
232 994
232 995
232 996
232 997
232 998
232 999
232 1000
232 1001
232 1002
232 1003
232 1004
232 1005
232 1006
232 1007
232 1008
232 1009
232 1010
232 1011
232 1012
232 1013
232 1014
232 1015
232 1016
232 1017
232 1018
232 1019
232 1020
232 1021
232 1022
232 1023
232 1024
232 1025
232 1026
232 1027
232 1028
232 1029
232 1030
232 1031
232 1032
232 1033
232 1034
232 1035
232 1036
255 1037
255 1038
255 1039
255 1040
255 1041
255 1042
255 1043
255 1044
255 1045
255 1046
255 1047
255 1048
255 1049
255 1050
255 1051
255 1052
255 1053
255 1054
255 1055
255 1056
255 1057
255 1058
255 1059
255 1060
255 1061
255 1062
255 1063
255 1064
255 1065
255 1066
255 1067
255 1068
255 1069
255 1070
255 1071
255 1072
255 1073
255 1074
255 1075
255 1076
255 1077
255 1078
255 1079
255 1080
255 1081
255 1082
278 1083
278 1084
278 1085
278 1086
278 1087
278 1088
278 1089
278 1090
278 1091
278 1092
278 1093
278 1094
278 1095
278 1096
278 1097
278 1098
278 1099
278 1100
278 1101
278 1102
278 1103
278 1104
278 1105
278 1106
278 1107
278 1108
278 1109
278 1110
278 1111
278 1112
278 1113
278 1114
278 1115
278 1116
278 1117
278 1118
278 1119
278 1120
278 1121
278 1122
278 1123
278 1124
278 1125
278 1126
278 1127
278 1128
301 1129
301 1130
301 1131
301 1132
301 1133
301 1134
301 1135
301 1136
301 1137
301 1138
301 1139
301 1140
301 1141
301 1142
301 1143
301 1144
301 1145
301 1146
301 1147
301 1148
301 1149
301 1150
301 1151
301 1152
301 1153
301 1154
301 1155
301 1156
301 1157
301 1158
301 1159
301 1160
301 1161
301 1162
301 1163
301 1164
301 1165
301 1166
301 1167
301 1168
301 1169
301 1170
301 1171
301 1172
301 1173
301 1174
324 1175
324 1176
324 1177
324 1178
324 1179
324 1180
324 1181
324 1182
324 1183
324 1184
324 1185
324 1186
324 1187
324 1188
324 1189
324 1190
324 1191
324 1192
324 1193
324 1194
324 1195
324 1196
324 1197
324 1198
324 1199
324 1200
324 1201
324 1202
324 1203
324 1204
324 1205
324 1206
324 1207
324 1208
324 1209
324 1210
324 1211
324 1212
324 1213
324 1214
324 1215
324 1216
324 1217
324 1218
324 1219
324 1220
347 1221
347 1222
347 1223
347 1224
347 1225
347 1226
347 1227
347 1228
347 1229
347 1230
347 1231
347 1232
347 1233
347 1234
347 1235
347 1236
347 1237
347 1238
347 1239
347 1240
347 1241
347 1242
347 1243
347 1244
347 1245
347 1246
347 1247
347 1248
347 1249
347 1250
347 1251
347 1252
347 1253
347 1254
347 1255
347 1256
347 1257
347 1258
347 1259
347 1260
347 1261
347 1262
347 1263
347 1264
347 1265
347 1266
370 1267
370 1268
370 1269
370 1270
370 1271
370 1272
370 1273
370 1274
370 1275
370 1276
370 1277
370 1278
370 1279
370 1280
370 1281
370 1282
370 1283
370 1284
370 1285
370 1286
370 1287
370 1288
370 1289
370 1290
370 1291
370 1292
370 1293
370 1294
370 1295
370 1296
370 1297
370 1298
370 1299
370 1300
370 1301
370 1302
370 1303
370 1304
370 1305
370 1306
370 1307
370 1308
370 1309
370 1310
370 1311
370 1312
393 1313
393 1314
393 1315
393 1316
393 1317
393 1318
393 1319
393 1320
393 1321
393 1322
393 1323
393 1324
393 1325
393 1326
393 1327
393 1328
393 1329
393 1330
393 1331
393 1332
393 1333
393 1334
393 1335
393 1336
393 1337
393 1338
393 1339
393 1340
393 1341
393 1342
393 1343
393 1344
393 1345
393 1346
393 1347
393 1348
393 1349
393 1350
393 1351
393 1352
393 1353
393 1354
393 1355
393 1356
393 1357
393 1358
416 1359
416 1360
416 1361
416 1362
416 1363
416 1364
416 1365
416 1366
416 1367
416 1368
416 1369
416 1370
416 1371
416 1372
416 1373
416 1374
416 1375
416 1376
416 1377
416 1378
416 1379
416 1380
416 1381
416 1382
416 1383
416 1384
416 1385
416 1386
416 1387
416 1388
416 1389
416 1390
416 1391
416 1392
416 1393
416 1394
416 1395
416 1396
416 1397
416 1398
416 1399
416 1400
416 1401
416 1402
416 1403
416 1404
439 1405
439 1406
439 1407
439 1408
439 1409
439 1410
439 1411
439 1412
439 1413
439 1414
439 1415
439 1416
439 1417
439 1418
439 1419
439 1420
439 1421
439 1422
439 1423
439 1424
439 1425
439 1426
439 1427
439 1428
439 1429
439 1430
439 1431
439 1432
439 1433
439 1434
439 1435
439 1436
439 1437
439 1438
439 1439
439 1440
439 1441
439 1442
439 1443
439 1444
439 1445
439 1446
439 1447
439 1448
439 1449
439 1450
462 1451
462 1452
462 1453
462 1454
462 1455
462 1456
462 1457
462 1458
462 1459
462 1460
462 1461
462 1462
462 1463
462 1464
462 1465
462 1466
462 1467
462 1468
462 1469
462 1470
462 1471
462 1472
462 1473
462 1474
462 1475
462 1476
462 1477
462 1478
462 1479
462 1480
462 1481
462 1482
462 1483
462 1484
462 1485
462 1486
462 1487
462 1488
462 1489
462 1490
462 1491
462 1492
462 1493
462 1494
462 1495
462 1496
485 1497
485 1498
485 1499
485 1500
485 1501
485 1502
485 1503
485 1504
485 1505
485 1506
485 1507
485 1508
485 1509
485 1510
485 1511
485 1512
485 1513
485 1514
485 1515
485 1516
485 1517
485 1518
485 1519
485 1520
485 1521
485 1522
485 1523
485 1524
485 1525
485 1526
485 1527
485 1528
485 1529
485 1530
485 1531
485 1532
485 1533
485 1534
485 1535
485 1536
485 1537
485 1538
485 1539
485 1540
485 1541
485 1542
508 1543
508 1544
508 1545
508 1546
508 1547
508 1548
508 1549
508 1550
508 1551
508 1552
508 1553
508 1554
508 1555
508 1556
508 1557
508 1558
508 1559
508 1560
508 1561
508 1562
508 1563
508 1564
508 1565
508 1566
508 1567
508 1568
508 1569
508 1570
508 1571
508 1572
508 1573
508 1574
508 1575
508 1576
508 1577
508 1578
508 1579
508 1580
508 1581
508 1582
508 1583
508 1584
508 1585
508 1586
508 1587
508 1588
531 1589
531 1590
531 1591
531 1592
531 1593
531 1594
531 1595
531 1596
531 1597
531 1598
531 1599
531 1600
531 1601
531 1602
531 1603
531 1604
531 1605
531 1606
531 1607
531 1608
531 1609
531 1610
531 1611
531 1612
531 1613
531 1614
531 1615
531 1616
531 1617
531 1618
531 1619
531 1620
531 1621
531 1622
531 1623
531 1624
531 1625
531 1626
531 1627
531 1628
531 1629
531 1630
531 1631
531 1632
531 1633
531 1634
554 1635
554 1636
554 1637
554 1638
554 1639
554 1640
554 1641
554 1642
554 1643
554 1644
554 1645
554 1646
554 1647
554 1648
554 1649
554 1650
554 1651
554 1652
554 1653
554 1654
554 1655
554 1656
554 1657
554 1658
554 1659
554 1660
554 1661
554 1662
554 1663
554 1664
554 1665
554 1666
554 1667
554 1668
554 1669
554 1670
554 1671
554 1672
554 1673
554 1674
554 1675
554 1676
554 1677
554 1678
554 1679
554 1680
