4256 5624
1 2
1 3
1 4
1 5
1 6
1 7
1 8
1 9
1 10
1 11
1 12
1 13
1 14
1 15
1 16
1 17
1 18
1 19
1 20
1 21
1 22
1 23
1 24
1 25
1 26
1 27
1 28
1 29
1 30
1 31
1 32
1 33
1 34
1 35
1 36
1 37
1 38
2 1
2 3
2 4
2 5
2 6
2 7
2 8
2 9
2 10
2 11
2 12
2 13
2 14
2 15
2 16
2 17
2 18
2 19
2 20
2 21
2 22
2 23
2 24
2 25
2 26
2 27
2 28
2 29
2 30
2 31
2 32
2 33
2 34
2 35
2 36
2 37
2 38
3 1
3 2
3 4
3 5
3 6
3 7
3 8
3 9
3 10
3 11
3 12
3 13
3 14
3 15
3 16
3 17
3 18
3 19
3 20
3 21
3 22
3 23
3 24
3 25
3 26
3 27
3 28
3 29
3 30
3 31
3 32
3 33
3 34
3 35
3 36
3 37
3 38
4 1
4 2
4 3
4 5
4 6
4 7
4 8
4 9
4 10
4 11
4 12
4 13
4 14
4 15
4 16
4 17
4 18
4 19
4 20
4 21
4 22
4 23
4 24
4 25
4 26
4 27
4 28
4 29
4 30
4 31
4 32
4 33
4 34
4 35
4 36
4 37
4 38
5 1
5 2
5 3
5 4
5 6
5 7
5 8
5 9
5 10
5 11
5 12
5 13
5 14
5 15
5 16
5 17
5 18
5 19
5 20
5 21
5 22
5 23
5 24
5 25
5 26
5 27
5 28
5 29
5 30
5 31
5 32
5 33
5 34
5 35
5 36
5 37
5 38
6 1
6 2
6 3
6 4
6 5
6 7
6 8
6 9
6 10
6 11
6 12
6 13
6 14
6 15
6 16
6 17
6 18
6 19
6 20
6 21
6 22
6 23
6 24
6 25
6 26
6 27
6 28
6 29
6 30
6 31
6 32
6 33
6 34
6 35
6 36
6 37
6 38
7 1
7 2
7 3
7 4
7 5
7 6
7 8
7 9
7 10
7 11
7 12
7 13
7 14
7 15
7 16
7 17
7 18
7 19
7 20
7 21
7 22
7 23
7 24
7 25
7 26
7 27
7 28
7 29
7 30
7 31
7 32
7 33
7 34
7 35
7 36
7 37
7 38
8 1
8 2
8 3
8 4
8 5
8 6
8 7
8 9
8 10
8 11
8 12
8 13
8 14
8 15
8 16
8 17
8 18
8 19
8 20
8 21
8 22
8 23
8 24
8 25
8 26
8 27
8 28
8 29
8 30
8 31
8 32
8 33
8 34
8 35
8 36
8 37
8 38
9 1
9 2
9 3
9 4
9 5
9 6
9 7
9 8
9 10
9 11
9 12
9 13
9 14
9 15
9 16
9 17
9 18
9 19
9 20
9 21
9 22
9 23
9 24
9 25
9 26
9 27
9 28
9 29
9 30
9 31
9 32
9 33
9 34
9 35
9 36
9 37
9 38
10 1
10 2
10 3
10 4
10 5
10 6
10 7
10 8
10 9
10 11
10 12
10 13
10 14
10 15
10 16
10 17
10 18
10 19
10 20
10 21
10 22
10 23
10 24
10 25
10 26
10 27
10 28
10 29
10 30
10 31
10 32
10 33
10 34
10 35
10 36
10 37
10 38
11 1
11 2
11 3
11 4
11 5
11 6
11 7
11 8
11 9
11 10
11 12
11 13
11 14
11 15
11 16
11 17
11 18
11 19
11 20
11 21
11 22
11 23
11 24
11 25
11 26
11 27
11 28
11 29
11 30
11 31
11 32
11 33
11 34
11 35
11 36
11 37
11 38
12 1
12 2
12 3
12 4
12 5
12 6
12 7
12 8
12 9
12 10
12 11
12 13
12 14
12 15
12 16
12 17
12 18
12 19
12 20
12 21
12 22
12 23
12 24
12 25
12 26
12 27
12 28
12 29
12 30
12 31
12 32
12 33
12 34
12 35
12 36
12 37
12 38
13 1
13 2
13 3
13 4
13 5
13 6
13 7
13 8
13 9
13 10
13 11
13 12
13 14
13 15
13 16
13 17
13 18
13 19
13 20
13 21
13 22
13 23
13 24
13 25
13 26
13 27
13 28
13 29
13 30
13 31
13 32
13 33
13 34
13 35
13 36
13 37
13 38
14 1
14 2
14 3
14 4
14 5
14 6
14 7
14 8
14 9
14 10
14 11
14 12
14 13
14 15
14 16
14 17
14 18
14 19
14 20
14 21
14 22
14 23
14 24
14 25
14 26
14 27
14 28
14 29
14 30
14 31
14 32
14 33
14 34
14 35
14 36
14 37
14 38
15 1
15 2
15 3
15 4
15 5
15 6
15 7
15 8
15 9
15 10
15 11
15 12
15 13
15 14
15 16
15 17
15 18
15 19
15 20
15 21
15 22
15 23
15 24
15 25
15 26
15 27
15 28
15 29
15 30
15 31
15 32
15 33
15 34
15 35
15 36
15 37
15 38
16 1
16 2
16 3
16 4
16 5
16 6
16 7
16 8
16 9
16 10
16 11
16 12
16 13
16 14
16 15
16 17
16 18
16 19
16 20
16 21
16 22
16 23
16 24
16 25
16 26
16 27
16 28
16 29
16 30
16 31
16 32
16 33
16 34
16 35
16 36
16 37
16 38
17 1
17 2
17 3
17 4
17 5
17 6
17 7
17 8
17 9
17 10
17 11
17 12
17 13
17 14
17 15
17 16
17 18
17 19
17 20
17 21
17 22
17 23
17 24
17 25
17 26
17 27
17 28
17 29
17 30
17 31
17 32
17 33
17 34
17 35
17 36
17 37
17 38
18 1
18 2
18 3
18 4
18 5
18 6
18 7
18 8
18 9
18 10
18 11
18 12
18 13
18 14
18 15
18 16
18 17
18 19
18 20
18 21
18 22
18 23
18 24
18 25
18 26
18 27
18 28
18 29
18 30
18 31
18 32
18 33
18 34
18 35
18 36
18 37
18 38
19 1
19 2
19 3
19 4
19 5
19 6
19 7
19 8
19 9
19 10
19 11
19 12
19 13
19 14
19 15
19 16
19 17
19 18
19 20
19 21
19 22
19 23
19 24
19 25
19 26
19 27
19 28
19 29
19 30
19 31
19 32
19 33
19 34
19 35
19 36
19 37
19 38
20 1
20 2
20 3
20 4
20 5
20 6
20 7
20 8
20 9
20 10
20 11
20 12
20 13
20 14
20 15
20 16
20 17
20 18
20 19
20 21
20 22
20 23
20 24
20 25
20 26
20 27
20 28
20 29
20 30
20 31
20 32
20 33
20 34
20 35
20 36
20 37
20 38
21 1
21 2
21 3
21 4
21 5
21 6
21 7
21 8
21 9
21 10
21 11
21 12
21 13
21 14
21 15
21 16
21 17
21 18
21 19
21 20
21 22
21 23
21 24
21 25
21 26
21 27
21 28
21 29
21 30
21 31
21 32
21 33
21 34
21 35
21 36
21 37
21 38
22 1
22 2
22 3
22 4
22 5
22 6
22 7
22 8
22 9
22 10
22 11
22 12
22 13
22 14
22 15
22 16
22 17
22 18
22 19
22 20
22 21
22 23
22 24
22 25
22 26
22 27
22 28
22 29
22 30
22 31
22 32
22 33
22 34
22 35
22 36
22 37
22 38
23 1
23 2
23 3
23 4
23 5
23 6
23 7
23 8
23 9
23 10
23 11
23 12
23 13
23 14
23 15
23 16
23 17
23 18
23 19
23 20
23 21
23 22
23 24
23 25
23 26
23 27
23 28
23 29
23 30
23 31
23 32
23 33
23 34
23 35
23 36
23 37
23 38
24 1
24 2
24 3
24 4
24 5
24 6
24 7
24 8
24 9
24 10
24 11
24 12
24 13
24 14
24 15
24 16
24 17
24 18
24 19
24 20
24 21
24 22
24 23
24 25
24 26
24 27
24 28
24 29
24 30
24 31
24 32
24 33
24 34
24 35
24 36
24 37
24 38
25 1
25 2
25 3
25 4
25 5
25 6
25 7
25 8
25 9
25 10
25 11
25 12
25 13
25 14
25 15
25 16
25 17
25 18
25 19
25 20
25 21
25 22
25 23
25 24
25 26
25 27
25 28
25 29
25 30
25 31
25 32
25 33
25 34
25 35
25 36
25 37
25 38
26 1
26 2
26 3
26 4
26 5
26 6
26 7
26 8
26 9
26 10
26 11
26 12
26 13
26 14
26 15
26 16
26 17
26 18
26 19
26 20
26 21
26 22
26 23
26 24
26 25
26 27
26 28
26 29
26 30
26 31
26 32
26 33
26 34
26 35
26 36
26 37
26 38
27 1
27 2
27 3
27 4
27 5
27 6
27 7
27 8
27 9
27 10
27 11
27 12
27 13
27 14
27 15
27 16
27 17
27 18
27 19
27 20
27 21
27 22
27 23
27 24
27 25
27 26
27 28
27 29
27 30
27 31
27 32
27 33
27 34
27 35
27 36
27 37
27 38
28 1
28 2
28 3
28 4
28 5
28 6
28 7
28 8
28 9
28 10
28 11
28 12
28 13
28 14
28 15
28 16
28 17
28 18
28 19
28 20
28 21
28 22
28 23
28 24
28 25
28 26
28 27
28 29
28 30
28 31
28 32
28 33
28 34
28 35
28 36
28 37
28 38
29 1
29 2
29 3
29 4
29 5
29 6
29 7
29 8
29 9
29 10
29 11
29 12
29 13
29 14
29 15
29 16
29 17
29 18
29 19
29 20
29 21
29 22
29 23
29 24
29 25
29 26
29 27
29 28
29 30
29 31
29 32
29 33
29 34
29 35
29 36
29 37
29 38
30 1
30 2
30 3
30 4
30 5
30 6
30 7
30 8
30 9
30 10
30 11
30 12
30 13
30 14
30 15
30 16
30 17
30 18
30 19
30 20
30 21
30 22
30 23
30 24
30 25
30 26
30 27
30 28
30 29
30 31
30 32
30 33
30 34
30 35
30 36
30 37
30 38
31 1
31 2
31 3
31 4
31 5
31 6
31 7
31 8
31 9
31 10
31 11
31 12
31 13
31 14
31 15
31 16
31 17
31 18
31 19
31 20
31 21
31 22
31 23
31 24
31 25
31 26
31 27
31 28
31 29
31 30
31 32
31 33
31 34
31 35
31 36
31 37
31 38
32 1
32 2
32 3
32 4
32 5
32 6
32 7
32 8
32 9
32 10
32 11
32 12
32 13
32 14
32 15
32 16
32 17
32 18
32 19
32 20
32 21
32 22
32 23
32 24
32 25
32 26
32 27
32 28
32 29
32 30
32 31
32 33
32 34
32 35
32 36
32 37
32 38
33 1
33 2
33 3
33 4
33 5
33 6
33 7
33 8
33 9
33 10
33 11
33 12
33 13
33 14
33 15
33 16
33 17
33 18
33 19
33 20
33 21
33 22
33 23
33 24
33 25
33 26
33 27
33 28
33 29
33 30
33 31
33 32
33 34
33 35
33 36
33 37
33 38
34 1
34 2
34 3
34 4
34 5
34 6
34 7
34 8
34 9
34 10
34 11
34 12
34 13
34 14
34 15
34 16
34 17
34 18
34 19
34 20
34 21
34 22
34 23
34 24
34 25
34 26
34 27
34 28
34 29
34 30
34 31
34 32
34 33
34 35
34 36
34 37
34 38
35 1
35 2
35 3
35 4
35 5
35 6
35 7
35 8
35 9
35 10
35 11
35 12
35 13
35 14
35 15
35 16
35 17
35 18
35 19
35 20
35 21
35 22
35 23
35 24
35 25
35 26
35 27
35 28
35 29
35 30
35 31
35 32
35 33
35 34
35 36
35 37
35 38
36 1
36 2
36 3
36 4
36 5
36 6
36 7
36 8
36 9
36 10
36 11
36 12
36 13
36 14
36 15
36 16
36 17
36 18
36 19
36 20
36 21
36 22
36 23
36 24
36 25
36 26
36 27
36 28
36 29
36 30
36 31
36 32
36 33
36 34
36 35
36 37
36 38
37 1
37 2
37 3
37 4
37 5
37 6
37 7
37 8
37 9
37 10
37 11
37 12
37 13
37 14
37 15
37 16
37 17
37 18
37 19
37 20
37 21
37 22
37 23
37 24
37 25
37 26
37 27
37 28
37 29
37 30
37 31
37 32
37 33
37 34
37 35
37 36
37 38
38 1
38 2
38 3
38 4
38 5
38 6
38 7
38 8
38 9
38 10
38 11
38 12
38 13
38 14
38 15
38 16
38 17
38 18
38 19
38 20
38 21
38 22
38 23
38 24
38 25
38 26
38 27
38 28
38 29
38 30
38 31
38 32
38 33
38 34
38 35
38 36
38 37
1 39
1 40
1 41
1 42
1 43
1 44
1 45
1 46
1 47
1 48
1 49
1 50
1 51
1 52
1 53
1 54
1 55
1 56
1 57
1 58
1 59
1 60
1 61
1 62
1 63
1 64
1 65
1 66
1 67
1 68
1 69
1 70
1 71
1 72
1 73
1 74
1 75
2 76
2 77
2 78
2 79
2 80
2 81
2 82
2 83
2 84
2 85
2 86
2 87
2 88
2 89
2 90
2 91
2 92
2 93
2 94
2 95
2 96
2 97
2 98
2 99
2 100
2 101
2 102
2 103
2 104
2 105
2 106
2 107
2 108
2 109
2 110
2 111
2 112
3 113
3 114
3 115
3 116
3 117
3 118
3 119
3 120
3 121
3 122
3 123
3 124
3 125
3 126
3 127
3 128
3 129
3 130
3 131
3 132
3 133
3 134
3 135
3 136
3 137
3 138
3 139
3 140
3 141
3 142
3 143
3 144
3 145
3 146
3 147
3 148
3 149
4 150
4 151
4 152
4 153
4 154
4 155
4 156
4 157
4 158
4 159
4 160
4 161
4 162
4 163
4 164
4 165
4 166
4 167
4 168
4 169
4 170
4 171
4 172
4 173
4 174
4 175
4 176
4 177
4 178
4 179
4 180
4 181
4 182
4 183
4 184
4 185
4 186
5 187
5 188
5 189
5 190
5 191
5 192
5 193
5 194
5 195
5 196
5 197
5 198
5 199
5 200
5 201
5 202
5 203
5 204
5 205
5 206
5 207
5 208
5 209
5 210
5 211
5 212
5 213
5 214
5 215
5 216
5 217
5 218
5 219
5 220
5 221
5 222
5 223
6 224
6 225
6 226
6 227
6 228
6 229
6 230
6 231
6 232
6 233
6 234
6 235
6 236
6 237
6 238
6 239
6 240
6 241
6 242
6 243
6 244
6 245
6 246
6 247
6 248
6 249
6 250
6 251
6 252
6 253
6 254
6 255
6 256
6 257
6 258
6 259
6 260
7 261
7 262
7 263
7 264
7 265
7 266
7 267
7 268
7 269
7 270
7 271
7 272
7 273
7 274
7 275
7 276
7 277
7 278
7 279
7 280
7 281
7 282
7 283
7 284
7 285
7 286
7 287
7 288
7 289
7 290
7 291
7 292
7 293
7 294
7 295
7 296
7 297
8 298
8 299
8 300
8 301
8 302
8 303
8 304
8 305
8 306
8 307
8 308
8 309
8 310
8 311
8 312
8 313
8 314
8 315
8 316
8 317
8 318
8 319
8 320
8 321
8 322
8 323
8 324
8 325
8 326
8 327
8 328
8 329
8 330
8 331
8 332
8 333
8 334
9 335
9 336
9 337
9 338
9 339
9 340
9 341
9 342
9 343
9 344
9 345
9 346
9 347
9 348
9 349
9 350
9 351
9 352
9 353
9 354
9 355
9 356
9 357
9 358
9 359
9 360
9 361
9 362
9 363
9 364
9 365
9 366
9 367
9 368
9 369
9 370
9 371
10 372
10 373
10 374
10 375
10 376
10 377
10 378
10 379
10 380
10 381
10 382
10 383
10 384
10 385
10 386
10 387
10 388
10 389
10 390
10 391
10 392
10 393
10 394
10 395
10 396
10 397
10 398
10 399
10 400
10 401
10 402
10 403
10 404
10 405
10 406
10 407
10 408
11 409
11 410
11 411
11 412
11 413
11 414
11 415
11 416
11 417
11 418
11 419
11 420
11 421
11 422
11 423
11 424
11 425
11 426
11 427
11 428
11 429
11 430
11 431
11 432
11 433
11 434
11 435
11 436
11 437
11 438
11 439
11 440
11 441
11 442
11 443
11 444
11 445
12 446
12 447
12 448
12 449
12 450
12 451
12 452
12 453
12 454
12 455
12 456
12 457
12 458
12 459
12 460
12 461
12 462
12 463
12 464
12 465
12 466
12 467
12 468
12 469
12 470
12 471
12 472
12 473
12 474
12 475
12 476
12 477
12 478
12 479
12 480
12 481
12 482
13 483
13 484
13 485
13 486
13 487
13 488
13 489
13 490
13 491
13 492
13 493
13 494
13 495
13 496
13 497
13 498
13 499
13 500
13 501
13 502
13 503
13 504
13 505
13 506
13 507
13 508
13 509
13 510
13 511
13 512
13 513
13 514
13 515
13 516
13 517
13 518
13 519
14 520
14 521
14 522
14 523
14 524
14 525
14 526
14 527
14 528
14 529
14 530
14 531
14 532
14 533
14 534
14 535
14 536
14 537
14 538
14 539
14 540
14 541
14 542
14 543
14 544
14 545
14 546
14 547
14 548
14 549
14 550
14 551
14 552
14 553
14 554
14 555
14 556
15 557
15 558
15 559
15 560
15 561
15 562
15 563
15 564
15 565
15 566
15 567
15 568
15 569
15 570
15 571
15 572
15 573
15 574
15 575
15 576
15 577
15 578
15 579
15 580
15 581
15 582
15 583
15 584
15 585
15 586
15 587
15 588
15 589
15 590
15 591
15 592
15 593
16 594
16 595
16 596
16 597
16 598
16 599
16 600
16 601
16 602
16 603
16 604
16 605
16 606
16 607
16 608
16 609
16 610
16 611
16 612
16 613
16 614
16 615
16 616
16 617
16 618
16 619
16 620
16 621
16 622
16 623
16 624
16 625
16 626
16 627
16 628
16 629
16 630
17 631
17 632
17 633
17 634
17 635
17 636
17 637
17 638
17 639
17 640
17 641
17 642
17 643
17 644
17 645
17 646
17 647
17 648
17 649
17 650
17 651
17 652
17 653
17 654
17 655
17 656
17 657
17 658
17 659
17 660
17 661
17 662
17 663
17 664
17 665
17 666
17 667
18 668
18 669
18 670
18 671
18 672
18 673
18 674
18 675
18 676
18 677
18 678
18 679
18 680
18 681
18 682
18 683
18 684
18 685
18 686
18 687
18 688
18 689
18 690
18 691
18 692
18 693
18 694
18 695
18 696
18 697
18 698
18 699
18 700
18 701
18 702
18 703
18 704
19 705
19 706
19 707
19 708
19 709
19 710
19 711
19 712
19 713
19 714
19 715
19 716
19 717
19 718
19 719
19 720
19 721
19 722
19 723
19 724
19 725
19 726
19 727
19 728
19 729
19 730
19 731
19 732
19 733
19 734
19 735
19 736
19 737
19 738
19 739
19 740
19 741
20 742
20 743
20 744
20 745
20 746
20 747
20 748
20 749
20 750
20 751
20 752
20 753
20 754
20 755
20 756
20 757
20 758
20 759
20 760
20 761
20 762
20 763
20 764
20 765
20 766
20 767
20 768
20 769
20 770
20 771
20 772
20 773
20 774
20 775
20 776
20 777
20 778
21 779
21 780
21 781
21 782
21 783
21 784
21 785
21 786
21 787
21 788
21 789
21 790
21 791
21 792
21 793
21 794
21 795
21 796
21 797
21 798
21 799
21 800
21 801
21 802
21 803
21 804
21 805
21 806
21 807
21 808
21 809
21 810
21 811
21 812
21 813
21 814
21 815
22 816
22 817
22 818
22 819
22 820
22 821
22 822
22 823
22 824
22 825
22 826
22 827
22 828
22 829
22 830
22 831
22 832
22 833
22 834
22 835
22 836
22 837
22 838
22 839
22 840
22 841
22 842
22 843
22 844
22 845
22 846
22 847
22 848
22 849
22 850
22 851
22 852
23 853
23 854
23 855
23 856
23 857
23 858
23 859
23 860
23 861
23 862
23 863
23 864
23 865
23 866
23 867
23 868
23 869
23 870
23 871
23 872
23 873
23 874
23 875
23 876
23 877
23 878
23 879
23 880
23 881
23 882
23 883
23 884
23 885
23 886
23 887
23 888
23 889
24 890
24 891
24 892
24 893
24 894
24 895
24 896
24 897
24 898
24 899
24 900
24 901
24 902
24 903
24 904
24 905
24 906
24 907
24 908
24 909
24 910
24 911
24 912
24 913
24 914
24 915
24 916
24 917
24 918
24 919
24 920
24 921
24 922
24 923
24 924
24 925
24 926
25 927
25 928
25 929
25 930
25 931
25 932
25 933
25 934
25 935
25 936
25 937
25 938
25 939
25 940
25 941
25 942
25 943
25 944
25 945
25 946
25 947
25 948
25 949
25 950
25 951
25 952
25 953
25 954
25 955
25 956
25 957
25 958
25 959
25 960
25 961
25 962
25 963
26 964
26 965
26 966
26 967
26 968
26 969
26 970
26 971
26 972
26 973
26 974
26 975
26 976
26 977
26 978
26 979
26 980
26 981
26 982
26 983
26 984
26 985
26 986
26 987
26 988
26 989
26 990
26 991
26 992
26 993
26 994
26 995
26 996
26 997
26 998
26 999
26 1000
27 1001
27 1002
27 1003
27 1004
27 1005
27 1006
27 1007
27 1008
27 1009
27 1010
27 1011
27 1012
27 1013
27 1014
27 1015
27 1016
27 1017
27 1018
27 1019
27 1020
27 1021
27 1022
27 1023
27 1024
27 1025
27 1026
27 1027
27 1028
27 1029
27 1030
27 1031
27 1032
27 1033
27 1034
27 1035
27 1036
27 1037
28 1038
28 1039
28 1040
28 1041
28 1042
28 1043
28 1044
28 1045
28 1046
28 1047
28 1048
28 1049
28 1050
28 1051
28 1052
28 1053
28 1054
28 1055
28 1056
28 1057
28 1058
28 1059
28 1060
28 1061
28 1062
28 1063
28 1064
28 1065
28 1066
28 1067
28 1068
28 1069
28 1070
28 1071
28 1072
28 1073
28 1074
29 1075
29 1076
29 1077
29 1078
29 1079
29 1080
29 1081
29 1082
29 1083
29 1084
29 1085
29 1086
29 1087
29 1088
29 1089
29 1090
29 1091
29 1092
29 1093
29 1094
29 1095
29 1096
29 1097
29 1098
29 1099
29 1100
29 1101
29 1102
29 1103
29 1104
29 1105
29 1106
29 1107
29 1108
29 1109
29 1110
29 1111
30 1112
30 1113
30 1114
30 1115
30 1116
30 1117
30 1118
30 1119
30 1120
30 1121
30 1122
30 1123
30 1124
30 1125
30 1126
30 1127
30 1128
30 1129
30 1130
30 1131
30 1132
30 1133
30 1134
30 1135
30 1136
30 1137
30 1138
30 1139
30 1140
30 1141
30 1142
30 1143
30 1144
30 1145
30 1146
30 1147
30 1148
31 1149
31 1150
31 1151
31 1152
31 1153
31 1154
31 1155
31 1156
31 1157
31 1158
31 1159
31 1160
31 1161
31 1162
31 1163
31 1164
31 1165
31 1166
31 1167
31 1168
31 1169
31 1170
31 1171
31 1172
31 1173
31 1174
31 1175
31 1176
31 1177
31 1178
31 1179
31 1180
31 1181
31 1182
31 1183
31 1184
31 1185
32 1186
32 1187
32 1188
32 1189
32 1190
32 1191
32 1192
32 1193
32 1194
32 1195
32 1196
32 1197
32 1198
32 1199
32 1200
32 1201
32 1202
32 1203
32 1204
32 1205
32 1206
32 1207
32 1208
32 1209
32 1210
32 1211
32 1212
32 1213
32 1214
32 1215
32 1216
32 1217
32 1218
32 1219
32 1220
32 1221
32 1222
33 1223
33 1224
33 1225
33 1226
33 1227
33 1228
33 1229
33 1230
33 1231
33 1232
33 1233
33 1234
33 1235
33 1236
33 1237
33 1238
33 1239
33 1240
33 1241
33 1242
33 1243
33 1244
33 1245
33 1246
33 1247
33 1248
33 1249
33 1250
33 1251
33 1252
33 1253
33 1254
33 1255
33 1256
33 1257
33 1258
33 1259
34 1260
34 1261
34 1262
34 1263
34 1264
34 1265
34 1266
34 1267
34 1268
34 1269
34 1270
34 1271
34 1272
34 1273
34 1274
34 1275
34 1276
34 1277
34 1278
34 1279
34 1280
34 1281
34 1282
34 1283
34 1284
34 1285
34 1286
34 1287
34 1288
34 1289
34 1290
34 1291
34 1292
34 1293
34 1294
34 1295
34 1296
35 1297
35 1298
35 1299
35 1300
35 1301
35 1302
35 1303
35 1304
35 1305
35 1306
35 1307
35 1308
35 1309
35 1310
35 1311
35 1312
35 1313
35 1314
35 1315
35 1316
35 1317
35 1318
35 1319
35 1320
35 1321
35 1322
35 1323
35 1324
35 1325
35 1326
35 1327
35 1328
35 1329
35 1330
35 1331
35 1332
35 1333
36 1334
36 1335
36 1336
36 1337
36 1338
36 1339
36 1340
36 1341
36 1342
36 1343
36 1344
36 1345
36 1346
36 1347
36 1348
36 1349
36 1350
36 1351
36 1352
36 1353
36 1354
36 1355
36 1356
36 1357
36 1358
36 1359
36 1360
36 1361
36 1362
36 1363
36 1364
36 1365
36 1366
36 1367
36 1368
36 1369
36 1370
37 1371
37 1372
37 1373
37 1374
37 1375
37 1376
37 1377
37 1378
37 1379
37 1380
37 1381
37 1382
37 1383
37 1384
37 1385
37 1386
37 1387
37 1388
37 1389
37 1390
37 1391
37 1392
37 1393
37 1394
37 1395
37 1396
37 1397
37 1398
37 1399
37 1400
37 1401
37 1402
37 1403
37 1404
37 1405
37 1406
37 1407
38 1408
38 1409
38 1410
38 1411
38 1412
38 1413
38 1414
38 1415
38 1416
38 1417
38 1418
38 1419
38 1420
38 1421
38 1422
38 1423
38 1424
38 1425
38 1426
38 1427
38 1428
38 1429
38 1430
38 1431
38 1432
38 1433
38 1434
38 1435
38 1436
38 1437
38 1438
38 1439
38 1440
38 1441
38 1442
38 1443
38 1444
39 1445
39 1446
39 1447
39 1448
39 1449
39 1450
39 1451
39 1452
39 1453
39 1454
39 1455
39 1456
39 1457
39 1458
39 1459
39 1460
39 1461
39 1462
39 1463
39 1464
39 1465
39 1466
39 1467
39 1468
39 1469
39 1470
39 1471
39 1472
39 1473
39 1474
39 1475
39 1476
39 1477
39 1478
39 1479
39 1480
39 1481
39 1482
39 1483
39 1484
39 1485
39 1486
39 1487
39 1488
39 1489
39 1490
39 1491
39 1492
39 1493
39 1494
39 1495
39 1496
39 1497
39 1498
39 1499
39 1500
39 1501
39 1502
39 1503
39 1504
39 1505
39 1506
39 1507
39 1508
39 1509
39 1510
39 1511
39 1512
39 1513
39 1514
39 1515
39 1516
39 1517
39 1518
76 1519
76 1520
76 1521
76 1522
76 1523
76 1524
76 1525
76 1526
76 1527
76 1528
76 1529
76 1530
76 1531
76 1532
76 1533
76 1534
76 1535
76 1536
76 1537
76 1538
76 1539
76 1540
76 1541
76 1542
76 1543
76 1544
76 1545
76 1546
76 1547
76 1548
76 1549
76 1550
76 1551
76 1552
76 1553
76 1554
76 1555
76 1556
76 1557
76 1558
76 1559
76 1560
76 1561
76 1562
76 1563
76 1564
76 1565
76 1566
76 1567
76 1568
76 1569
76 1570
76 1571
76 1572
76 1573
76 1574
76 1575
76 1576
76 1577
76 1578
76 1579
76 1580
76 1581
76 1582
76 1583
76 1584
76 1585
76 1586
76 1587
76 1588
76 1589
76 1590
76 1591
76 1592
113 1593
113 1594
113 1595
113 1596
113 1597
113 1598
113 1599
113 1600
113 1601
113 1602
113 1603
113 1604
113 1605
113 1606
113 1607
113 1608
113 1609
113 1610
113 1611
113 1612
113 1613
113 1614
113 1615
113 1616
113 1617
113 1618
113 1619
113 1620
113 1621
113 1622
113 1623
113 1624
113 1625
113 1626
113 1627
113 1628
113 1629
113 1630
113 1631
113 1632
113 1633
113 1634
113 1635
113 1636
113 1637
113 1638
113 1639
113 1640
113 1641
113 1642
113 1643
113 1644
113 1645
113 1646
113 1647
113 1648
113 1649
113 1650
113 1651
113 1652
113 1653
113 1654
113 1655
113 1656
113 1657
113 1658
113 1659
113 1660
113 1661
113 1662
113 1663
113 1664
113 1665
113 1666
150 1667
150 1668
150 1669
150 1670
150 1671
150 1672
150 1673
150 1674
150 1675
150 1676
150 1677
150 1678
150 1679
150 1680
150 1681
150 1682
150 1683
150 1684
150 1685
150 1686
150 1687
150 1688
150 1689
150 1690
150 1691
150 1692
150 1693
150 1694
150 1695
150 1696
150 1697
150 1698
150 1699
150 1700
150 1701
150 1702
150 1703
150 1704
150 1705
150 1706
150 1707
150 1708
150 1709
150 1710
150 1711
150 1712
150 1713
150 1714
150 1715
150 1716
150 1717
150 1718
150 1719
150 1720
150 1721
150 1722
150 1723
150 1724
150 1725
150 1726
150 1727
150 1728
150 1729
150 1730
150 1731
150 1732
150 1733
150 1734
150 1735
150 1736
150 1737
150 1738
150 1739
150 1740
187 1741
187 1742
187 1743
187 1744
187 1745
187 1746
187 1747
187 1748
187 1749
187 1750
187 1751
187 1752
187 1753
187 1754
187 1755
187 1756
187 1757
187 1758
187 1759
187 1760
187 1761
187 1762
187 1763
187 1764
187 1765
187 1766
187 1767
187 1768
187 1769
187 1770
187 1771
187 1772
187 1773
187 1774
187 1775
187 1776
187 1777
187 1778
187 1779
187 1780
187 1781
187 1782
187 1783
187 1784
187 1785
187 1786
187 1787
187 1788
187 1789
187 1790
187 1791
187 1792
187 1793
187 1794
187 1795
187 1796
187 1797
187 1798
187 1799
187 1800
187 1801
187 1802
187 1803
187 1804
187 1805
187 1806
187 1807
187 1808
187 1809
187 1810
187 1811
187 1812
187 1813
187 1814
224 1815
224 1816
224 1817
224 1818
224 1819
224 1820
224 1821
224 1822
224 1823
224 1824
224 1825
224 1826
224 1827
224 1828
224 1829
224 1830
224 1831
224 1832
224 1833
224 1834
224 1835
224 1836
224 1837
224 1838
224 1839
224 1840
224 1841
224 1842
224 1843
224 1844
224 1845
224 1846
224 1847
224 1848
224 1849
224 1850
224 1851
224 1852
224 1853
224 1854
224 1855
224 1856
224 1857
224 1858
224 1859
224 1860
224 1861
224 1862
224 1863
224 1864
224 1865
224 1866
224 1867
224 1868
224 1869
224 1870
224 1871
224 1872
224 1873
224 1874
224 1875
224 1876
224 1877
224 1878
224 1879
224 1880
224 1881
224 1882
224 1883
224 1884
224 1885
224 1886
224 1887
224 1888
261 1889
261 1890
261 1891
261 1892
261 1893
261 1894
261 1895
261 1896
261 1897
261 1898
261 1899
261 1900
261 1901
261 1902
261 1903
261 1904
261 1905
261 1906
261 1907
261 1908
261 1909
261 1910
261 1911
261 1912
261 1913
261 1914
261 1915
261 1916
261 1917
261 1918
261 1919
261 1920
261 1921
261 1922
261 1923
261 1924
261 1925
261 1926
261 1927
261 1928
261 1929
261 1930
261 1931
261 1932
261 1933
261 1934
261 1935
261 1936
261 1937
261 1938
261 1939
261 1940
261 1941
261 1942
261 1943
261 1944
261 1945
261 1946
261 1947
261 1948
261 1949
261 1950
261 1951
261 1952
261 1953
261 1954
261 1955
261 1956
261 1957
261 1958
261 1959
261 1960
261 1961
261 1962
298 1963
298 1964
298 1965
298 1966
298 1967
298 1968
298 1969
298 1970
298 1971
298 1972
298 1973
298 1974
298 1975
298 1976
298 1977
298 1978
298 1979
298 1980
298 1981
298 1982
298 1983
298 1984
298 1985
298 1986
298 1987
298 1988
298 1989
298 1990
298 1991
298 1992
298 1993
298 1994
298 1995
298 1996
298 1997
298 1998
298 1999
298 2000
298 2001
298 2002
298 2003
298 2004
298 2005
298 2006
298 2007
298 2008
298 2009
298 2010
298 2011
298 2012
298 2013
298 2014
298 2015
298 2016
298 2017
298 2018
298 2019
298 2020
298 2021
298 2022
298 2023
298 2024
298 2025
298 2026
298 2027
298 2028
298 2029
298 2030
298 2031
298 2032
298 2033
298 2034
298 2035
298 2036
335 2037
335 2038
335 2039
335 2040
335 2041
335 2042
335 2043
335 2044
335 2045
335 2046
335 2047
335 2048
335 2049
335 2050
335 2051
335 2052
335 2053
335 2054
335 2055
335 2056
335 2057
335 2058
335 2059
335 2060
335 2061
335 2062
335 2063
335 2064
335 2065
335 2066
335 2067
335 2068
335 2069
335 2070
335 2071
335 2072
335 2073
335 2074
335 2075
335 2076
335 2077
335 2078
335 2079
335 2080
335 2081
335 2082
335 2083
335 2084
335 2085
335 2086
335 2087
335 2088
335 2089
335 2090
335 2091
335 2092
335 2093
335 2094
335 2095
335 2096
335 2097
335 2098
335 2099
335 2100
335 2101
335 2102
335 2103
335 2104
335 2105
335 2106
335 2107
335 2108
335 2109
335 2110
372 2111
372 2112
372 2113
372 2114
372 2115
372 2116
372 2117
372 2118
372 2119
372 2120
372 2121
372 2122
372 2123
372 2124
372 2125
372 2126
372 2127
372 2128
372 2129
372 2130
372 2131
372 2132
372 2133
372 2134
372 2135
372 2136
372 2137
372 2138
372 2139
372 2140
372 2141
372 2142
372 2143
372 2144
372 2145
372 2146
372 2147
372 2148
372 2149
372 2150
372 2151
372 2152
372 2153
372 2154
372 2155
372 2156
372 2157
372 2158
372 2159
372 2160
372 2161
372 2162
372 2163
372 2164
372 2165
372 2166
372 2167
372 2168
372 2169
372 2170
372 2171
372 2172
372 2173
372 2174
372 2175
372 2176
372 2177
372 2178
372 2179
372 2180
372 2181
372 2182
372 2183
372 2184
409 2185
409 2186
409 2187
409 2188
409 2189
409 2190
409 2191
409 2192
409 2193
409 2194
409 2195
409 2196
409 2197
409 2198
409 2199
409 2200
409 2201
409 2202
409 2203
409 2204
409 2205
409 2206
409 2207
409 2208
409 2209
409 2210
409 2211
409 2212
409 2213
409 2214
409 2215
409 2216
409 2217
409 2218
409 2219
409 2220
409 2221
409 2222
409 2223
409 2224
409 2225
409 2226
409 2227
409 2228
409 2229
409 2230
409 2231
409 2232
409 2233
409 2234
409 2235
409 2236
409 2237
409 2238
409 2239
409 2240
409 2241
409 2242
409 2243
409 2244
409 2245
409 2246
409 2247
409 2248
409 2249
409 2250
409 2251
409 2252
409 2253
409 2254
409 2255
409 2256
409 2257
409 2258
446 2259
446 2260
446 2261
446 2262
446 2263
446 2264
446 2265
446 2266
446 2267
446 2268
446 2269
446 2270
446 2271
446 2272
446 2273
446 2274
446 2275
446 2276
446 2277
446 2278
446 2279
446 2280
446 2281
446 2282
446 2283
446 2284
446 2285
446 2286
446 2287
446 2288
446 2289
446 2290
446 2291
446 2292
446 2293
446 2294
446 2295
446 2296
446 2297
446 2298
446 2299
446 2300
446 2301
446 2302
446 2303
446 2304
446 2305
446 2306
446 2307
446 2308
446 2309
446 2310
446 2311
446 2312
446 2313
446 2314
446 2315
446 2316
446 2317
446 2318
446 2319
446 2320
446 2321
446 2322
446 2323
446 2324
446 2325
446 2326
446 2327
446 2328
446 2329
446 2330
446 2331
446 2332
483 2333
483 2334
483 2335
483 2336
483 2337
483 2338
483 2339
483 2340
483 2341
483 2342
483 2343
483 2344
483 2345
483 2346
483 2347
483 2348
483 2349
483 2350
483 2351
483 2352
483 2353
483 2354
483 2355
483 2356
483 2357
483 2358
483 2359
483 2360
483 2361
483 2362
483 2363
483 2364
483 2365
483 2366
483 2367
483 2368
483 2369
483 2370
483 2371
483 2372
483 2373
483 2374
483 2375
483 2376
483 2377
483 2378
483 2379
483 2380
483 2381
483 2382
483 2383
483 2384
483 2385
483 2386
483 2387
483 2388
483 2389
483 2390
483 2391
483 2392
483 2393
483 2394
483 2395
483 2396
483 2397
483 2398
483 2399
483 2400
483 2401
483 2402
483 2403
483 2404
483 2405
483 2406
520 2407
520 2408
520 2409
520 2410
520 2411
520 2412
520 2413
520 2414
520 2415
520 2416
520 2417
520 2418
520 2419
520 2420
520 2421
520 2422
520 2423
520 2424
520 2425
520 2426
520 2427
520 2428
520 2429
520 2430
520 2431
520 2432
520 2433
520 2434
520 2435
520 2436
520 2437
520 2438
520 2439
520 2440
520 2441
520 2442
520 2443
520 2444
520 2445
520 2446
520 2447
520 2448
520 2449
520 2450
520 2451
520 2452
520 2453
520 2454
520 2455
520 2456
520 2457
520 2458
520 2459
520 2460
520 2461
520 2462
520 2463
520 2464
520 2465
520 2466
520 2467
520 2468
520 2469
520 2470
520 2471
520 2472
520 2473
520 2474
520 2475
520 2476
520 2477
520 2478
520 2479
520 2480
557 2481
557 2482
557 2483
557 2484
557 2485
557 2486
557 2487
557 2488
557 2489
557 2490
557 2491
557 2492
557 2493
557 2494
557 2495
557 2496
557 2497
557 2498
557 2499
557 2500
557 2501
557 2502
557 2503
557 2504
557 2505
557 2506
557 2507
557 2508
557 2509
557 2510
557 2511
557 2512
557 2513
557 2514
557 2515
557 2516
557 2517
557 2518
557 2519
557 2520
557 2521
557 2522
557 2523
557 2524
557 2525
557 2526
557 2527
557 2528
557 2529
557 2530
557 2531
557 2532
557 2533
557 2534
557 2535
557 2536
557 2537
557 2538
557 2539
557 2540
557 2541
557 2542
557 2543
557 2544
557 2545
557 2546
557 2547
557 2548
557 2549
557 2550
557 2551
557 2552
557 2553
557 2554
594 2555
594 2556
594 2557
594 2558
594 2559
594 2560
594 2561
594 2562
594 2563
594 2564
594 2565
594 2566
594 2567
594 2568
594 2569
594 2570
594 2571
594 2572
594 2573
594 2574
594 2575
594 2576
594 2577
594 2578
594 2579
594 2580
594 2581
594 2582
594 2583
594 2584
594 2585
594 2586
594 2587
594 2588
594 2589
594 2590
594 2591
594 2592
594 2593
594 2594
594 2595
594 2596
594 2597
594 2598
594 2599
594 2600
594 2601
594 2602
594 2603
594 2604
594 2605
594 2606
594 2607
594 2608
594 2609
594 2610
594 2611
594 2612
594 2613
594 2614
594 2615
594 2616
594 2617
594 2618
594 2619
594 2620
594 2621
594 2622
594 2623
594 2624
594 2625
594 2626
594 2627
594 2628
631 2629
631 2630
631 2631
631 2632
631 2633
631 2634
631 2635
631 2636
631 2637
631 2638
631 2639
631 2640
631 2641
631 2642
631 2643
631 2644
631 2645
631 2646
631 2647
631 2648
631 2649
631 2650
631 2651
631 2652
631 2653
631 2654
631 2655
631 2656
631 2657
631 2658
631 2659
631 2660
631 2661
631 2662
631 2663
631 2664
631 2665
631 2666
631 2667
631 2668
631 2669
631 2670
631 2671
631 2672
631 2673
631 2674
631 2675
631 2676
631 2677
631 2678
631 2679
631 2680
631 2681
631 2682
631 2683
631 2684
631 2685
631 2686
631 2687
631 2688
631 2689
631 2690
631 2691
631 2692
631 2693
631 2694
631 2695
631 2696
631 2697
631 2698
631 2699
631 2700
631 2701
631 2702
668 2703
668 2704
668 2705
668 2706
668 2707
668 2708
668 2709
668 2710
668 2711
668 2712
668 2713
668 2714
668 2715
668 2716
668 2717
668 2718
668 2719
668 2720
668 2721
668 2722
668 2723
668 2724
668 2725
668 2726
668 2727
668 2728
668 2729
668 2730
668 2731
668 2732
668 2733
668 2734
668 2735
668 2736
668 2737
668 2738
668 2739
668 2740
668 2741
668 2742
668 2743
668 2744
668 2745
668 2746
668 2747
668 2748
668 2749
668 2750
668 2751
668 2752
668 2753
668 2754
668 2755
668 2756
668 2757
668 2758
668 2759
668 2760
668 2761
668 2762
668 2763
668 2764
668 2765
668 2766
668 2767
668 2768
668 2769
668 2770
668 2771
668 2772
668 2773
668 2774
668 2775
668 2776
705 2777
705 2778
705 2779
705 2780
705 2781
705 2782
705 2783
705 2784
705 2785
705 2786
705 2787
705 2788
705 2789
705 2790
705 2791
705 2792
705 2793
705 2794
705 2795
705 2796
705 2797
705 2798
705 2799
705 2800
705 2801
705 2802
705 2803
705 2804
705 2805
705 2806
705 2807
705 2808
705 2809
705 2810
705 2811
705 2812
705 2813
705 2814
705 2815
705 2816
705 2817
705 2818
705 2819
705 2820
705 2821
705 2822
705 2823
705 2824
705 2825
705 2826
705 2827
705 2828
705 2829
705 2830
705 2831
705 2832
705 2833
705 2834
705 2835
705 2836
705 2837
705 2838
705 2839
705 2840
705 2841
705 2842
705 2843
705 2844
705 2845
705 2846
705 2847
705 2848
705 2849
705 2850
742 2851
742 2852
742 2853
742 2854
742 2855
742 2856
742 2857
742 2858
742 2859
742 2860
742 2861
742 2862
742 2863
742 2864
742 2865
742 2866
742 2867
742 2868
742 2869
742 2870
742 2871
742 2872
742 2873
742 2874
742 2875
742 2876
742 2877
742 2878
742 2879
742 2880
742 2881
742 2882
742 2883
742 2884
742 2885
742 2886
742 2887
742 2888
742 2889
742 2890
742 2891
742 2892
742 2893
742 2894
742 2895
742 2896
742 2897
742 2898
742 2899
742 2900
742 2901
742 2902
742 2903
742 2904
742 2905
742 2906
742 2907
742 2908
742 2909
742 2910
742 2911
742 2912
742 2913
742 2914
742 2915
742 2916
742 2917
742 2918
742 2919
742 2920
742 2921
742 2922
742 2923
742 2924
779 2925
779 2926
779 2927
779 2928
779 2929
779 2930
779 2931
779 2932
779 2933
779 2934
779 2935
779 2936
779 2937
779 2938
779 2939
779 2940
779 2941
779 2942
779 2943
779 2944
779 2945
779 2946
779 2947
779 2948
779 2949
779 2950
779 2951
779 2952
779 2953
779 2954
779 2955
779 2956
779 2957
779 2958
779 2959
779 2960
779 2961
779 2962
779 2963
779 2964
779 2965
779 2966
779 2967
779 2968
779 2969
779 2970
779 2971
779 2972
779 2973
779 2974
779 2975
779 2976
779 2977
779 2978
779 2979
779 2980
779 2981
779 2982
779 2983
779 2984
779 2985
779 2986
779 2987
779 2988
779 2989
779 2990
779 2991
779 2992
779 2993
779 2994
779 2995
779 2996
779 2997
779 2998
816 2999
816 3000
816 3001
816 3002
816 3003
816 3004
816 3005
816 3006
816 3007
816 3008
816 3009
816 3010
816 3011
816 3012
816 3013
816 3014
816 3015
816 3016
816 3017
816 3018
816 3019
816 3020
816 3021
816 3022
816 3023
816 3024
816 3025
816 3026
816 3027
816 3028
816 3029
816 3030
816 3031
816 3032
816 3033
816 3034
816 3035
816 3036
816 3037
816 3038
816 3039
816 3040
816 3041
816 3042
816 3043
816 3044
816 3045
816 3046
816 3047
816 3048
816 3049
816 3050
816 3051
816 3052
816 3053
816 3054
816 3055
816 3056
816 3057
816 3058
816 3059
816 3060
816 3061
816 3062
816 3063
816 3064
816 3065
816 3066
816 3067
816 3068
816 3069
816 3070
816 3071
816 3072
853 3073
853 3074
853 3075
853 3076
853 3077
853 3078
853 3079
853 3080
853 3081
853 3082
853 3083
853 3084
853 3085
853 3086
853 3087
853 3088
853 3089
853 3090
853 3091
853 3092
853 3093
853 3094
853 3095
853 3096
853 3097
853 3098
853 3099
853 3100
853 3101
853 3102
853 3103
853 3104
853 3105
853 3106
853 3107
853 3108
853 3109
853 3110
853 3111
853 3112
853 3113
853 3114
853 3115
853 3116
853 3117
853 3118
853 3119
853 3120
853 3121
853 3122
853 3123
853 3124
853 3125
853 3126
853 3127
853 3128
853 3129
853 3130
853 3131
853 3132
853 3133
853 3134
853 3135
853 3136
853 3137
853 3138
853 3139
853 3140
853 3141
853 3142
853 3143
853 3144
853 3145
853 3146
890 3147
890 3148
890 3149
890 3150
890 3151
890 3152
890 3153
890 3154
890 3155
890 3156
890 3157
890 3158
890 3159
890 3160
890 3161
890 3162
890 3163
890 3164
890 3165
890 3166
890 3167
890 3168
890 3169
890 3170
890 3171
890 3172
890 3173
890 3174
890 3175
890 3176
890 3177
890 3178
890 3179
890 3180
890 3181
890 3182
890 3183
890 3184
890 3185
890 3186
890 3187
890 3188
890 3189
890 3190
890 3191
890 3192
890 3193
890 3194
890 3195
890 3196
890 3197
890 3198
890 3199
890 3200
890 3201
890 3202
890 3203
890 3204
890 3205
890 3206
890 3207
890 3208
890 3209
890 3210
890 3211
890 3212
890 3213
890 3214
890 3215
890 3216
890 3217
890 3218
890 3219
890 3220
927 3221
927 3222
927 3223
927 3224
927 3225
927 3226
927 3227
927 3228
927 3229
927 3230
927 3231
927 3232
927 3233
927 3234
927 3235
927 3236
927 3237
927 3238
927 3239
927 3240
927 3241
927 3242
927 3243
927 3244
927 3245
927 3246
927 3247
927 3248
927 3249
927 3250
927 3251
927 3252
927 3253
927 3254
927 3255
927 3256
927 3257
927 3258
927 3259
927 3260
927 3261
927 3262
927 3263
927 3264
927 3265
927 3266
927 3267
927 3268
927 3269
927 3270
927 3271
927 3272
927 3273
927 3274
927 3275
927 3276
927 3277
927 3278
927 3279
927 3280
927 3281
927 3282
927 3283
927 3284
927 3285
927 3286
927 3287
927 3288
927 3289
927 3290
927 3291
927 3292
927 3293
927 3294
964 3295
964 3296
964 3297
964 3298
964 3299
964 3300
964 3301
964 3302
964 3303
964 3304
964 3305
964 3306
964 3307
964 3308
964 3309
964 3310
964 3311
964 3312
964 3313
964 3314
964 3315
964 3316
964 3317
964 3318
964 3319
964 3320
964 3321
964 3322
964 3323
964 3324
964 3325
964 3326
964 3327
964 3328
964 3329
964 3330
964 3331
964 3332
964 3333
964 3334
964 3335
964 3336
964 3337
964 3338
964 3339
964 3340
964 3341
964 3342
964 3343
964 3344
964 3345
964 3346
964 3347
964 3348
964 3349
964 3350
964 3351
964 3352
964 3353
964 3354
964 3355
964 3356
964 3357
964 3358
964 3359
964 3360
964 3361
964 3362
964 3363
964 3364
964 3365
964 3366
964 3367
964 3368
1001 3369
1001 3370
1001 3371
1001 3372
1001 3373
1001 3374
1001 3375
1001 3376
1001 3377
1001 3378
1001 3379
1001 3380
1001 3381
1001 3382
1001 3383
1001 3384
1001 3385
1001 3386
1001 3387
1001 3388
1001 3389
1001 3390
1001 3391
1001 3392
1001 3393
1001 3394
1001 3395
1001 3396
1001 3397
1001 3398
1001 3399
1001 3400
1001 3401
1001 3402
1001 3403
1001 3404
1001 3405
1001 3406
1001 3407
1001 3408
1001 3409
1001 3410
1001 3411
1001 3412
1001 3413
1001 3414
1001 3415
1001 3416
1001 3417
1001 3418
1001 3419
1001 3420
1001 3421
1001 3422
1001 3423
1001 3424
1001 3425
1001 3426
1001 3427
1001 3428
1001 3429
1001 3430
1001 3431
1001 3432
1001 3433
1001 3434
1001 3435
1001 3436
1001 3437
1001 3438
1001 3439
1001 3440
1001 3441
1001 3442
1038 3443
1038 3444
1038 3445
1038 3446
1038 3447
1038 3448
1038 3449
1038 3450
1038 3451
1038 3452
1038 3453
1038 3454
1038 3455
1038 3456
1038 3457
1038 3458
1038 3459
1038 3460
1038 3461
1038 3462
1038 3463
1038 3464
1038 3465
1038 3466
1038 3467
1038 3468
1038 3469
1038 3470
1038 3471
1038 3472
1038 3473
1038 3474
1038 3475
1038 3476
1038 3477
1038 3478
1038 3479
1038 3480
1038 3481
1038 3482
1038 3483
1038 3484
1038 3485
1038 3486
1038 3487
1038 3488
1038 3489
1038 3490
1038 3491
1038 3492
1038 3493
1038 3494
1038 3495
1038 3496
1038 3497
1038 3498
1038 3499
1038 3500
1038 3501
1038 3502
1038 3503
1038 3504
1038 3505
1038 3506
1038 3507
1038 3508
1038 3509
1038 3510
1038 3511
1038 3512
1038 3513
1038 3514
1038 3515
1038 3516
1075 3517
1075 3518
1075 3519
1075 3520
1075 3521
1075 3522
1075 3523
1075 3524
1075 3525
1075 3526
1075 3527
1075 3528
1075 3529
1075 3530
1075 3531
1075 3532
1075 3533
1075 3534
1075 3535
1075 3536
1075 3537
1075 3538
1075 3539
1075 3540
1075 3541
1075 3542
1075 3543
1075 3544
1075 3545
1075 3546
1075 3547
1075 3548
1075 3549
1075 3550
1075 3551
1075 3552
1075 3553
1075 3554
1075 3555
1075 3556
1075 3557
1075 3558
1075 3559
1075 3560
1075 3561
1075 3562
1075 3563
1075 3564
1075 3565
1075 3566
1075 3567
1075 3568
1075 3569
1075 3570
1075 3571
1075 3572
1075 3573
1075 3574
1075 3575
1075 3576
1075 3577
1075 3578
1075 3579
1075 3580
1075 3581
1075 3582
1075 3583
1075 3584
1075 3585
1075 3586
1075 3587
1075 3588
1075 3589
1075 3590
1112 3591
1112 3592
1112 3593
1112 3594
1112 3595
1112 3596
1112 3597
1112 3598
1112 3599
1112 3600
1112 3601
1112 3602
1112 3603
1112 3604
1112 3605
1112 3606
1112 3607
1112 3608
1112 3609
1112 3610
1112 3611
1112 3612
1112 3613
1112 3614
1112 3615
1112 3616
1112 3617
1112 3618
1112 3619
1112 3620
1112 3621
1112 3622
1112 3623
1112 3624
1112 3625
1112 3626
1112 3627
1112 3628
1112 3629
1112 3630
1112 3631
1112 3632
1112 3633
1112 3634
1112 3635
1112 3636
1112 3637
1112 3638
1112 3639
1112 3640
1112 3641
1112 3642
1112 3643
1112 3644
1112 3645
1112 3646
1112 3647
1112 3648
1112 3649
1112 3650
1112 3651
1112 3652
1112 3653
1112 3654
1112 3655
1112 3656
1112 3657
1112 3658
1112 3659
1112 3660
1112 3661
1112 3662
1112 3663
1112 3664
1149 3665
1149 3666
1149 3667
1149 3668
1149 3669
1149 3670
1149 3671
1149 3672
1149 3673
1149 3674
1149 3675
1149 3676
1149 3677
1149 3678
1149 3679
1149 3680
1149 3681
1149 3682
1149 3683
1149 3684
1149 3685
1149 3686
1149 3687
1149 3688
1149 3689
1149 3690
1149 3691
1149 3692
1149 3693
1149 3694
1149 3695
1149 3696
1149 3697
1149 3698
1149 3699
1149 3700
1149 3701
1149 3702
1149 3703
1149 3704
1149 3705
1149 3706
1149 3707
1149 3708
1149 3709
1149 3710
1149 3711
1149 3712
1149 3713
1149 3714
1149 3715
1149 3716
1149 3717
1149 3718
1149 3719
1149 3720
1149 3721
1149 3722
1149 3723
1149 3724
1149 3725
1149 3726
1149 3727
1149 3728
1149 3729
1149 3730
1149 3731
1149 3732
1149 3733
1149 3734
1149 3735
1149 3736
1149 3737
1149 3738
1186 3739
1186 3740
1186 3741
1186 3742
1186 3743
1186 3744
1186 3745
1186 3746
1186 3747
1186 3748
1186 3749
1186 3750
1186 3751
1186 3752
1186 3753
1186 3754
1186 3755
1186 3756
1186 3757
1186 3758
1186 3759
1186 3760
1186 3761
1186 3762
1186 3763
1186 3764
1186 3765
1186 3766
1186 3767
1186 3768
1186 3769
1186 3770
1186 3771
1186 3772
1186 3773
1186 3774
1186 3775
1186 3776
1186 3777
1186 3778
1186 3779
1186 3780
1186 3781
1186 3782
1186 3783
1186 3784
1186 3785
1186 3786
1186 3787
1186 3788
1186 3789
1186 3790
1186 3791
1186 3792
1186 3793
1186 3794
1186 3795
1186 3796
1186 3797
1186 3798
1186 3799
1186 3800
1186 3801
1186 3802
1186 3803
1186 3804
1186 3805
1186 3806
1186 3807
1186 3808
1186 3809
1186 3810
1186 3811
1186 3812
1223 3813
1223 3814
1223 3815
1223 3816
1223 3817
1223 3818
1223 3819
1223 3820
1223 3821
1223 3822
1223 3823
1223 3824
1223 3825
1223 3826
1223 3827
1223 3828
1223 3829
1223 3830
1223 3831
1223 3832
1223 3833
1223 3834
1223 3835
1223 3836
1223 3837
1223 3838
1223 3839
1223 3840
1223 3841
1223 3842
1223 3843
1223 3844
1223 3845
1223 3846
1223 3847
1223 3848
1223 3849
1223 3850
1223 3851
1223 3852
1223 3853
1223 3854
1223 3855
1223 3856
1223 3857
1223 3858
1223 3859
1223 3860
1223 3861
1223 3862
1223 3863
1223 3864
1223 3865
1223 3866
1223 3867
1223 3868
1223 3869
1223 3870
1223 3871
1223 3872
1223 3873
1223 3874
1223 3875
1223 3876
1223 3877
1223 3878
1223 3879
1223 3880
1223 3881
1223 3882
1223 3883
1223 3884
1223 3885
1223 3886
1260 3887
1260 3888
1260 3889
1260 3890
1260 3891
1260 3892
1260 3893
1260 3894
1260 3895
1260 3896
1260 3897
1260 3898
1260 3899
1260 3900
1260 3901
1260 3902
1260 3903
1260 3904
1260 3905
1260 3906
1260 3907
1260 3908
1260 3909
1260 3910
1260 3911
1260 3912
1260 3913
1260 3914
1260 3915
1260 3916
1260 3917
1260 3918
1260 3919
1260 3920
1260 3921
1260 3922
1260 3923
1260 3924
1260 3925
1260 3926
1260 3927
1260 3928
1260 3929
1260 3930
1260 3931
1260 3932
1260 3933
1260 3934
1260 3935
1260 3936
1260 3937
1260 3938
1260 3939
1260 3940
1260 3941
1260 3942
1260 3943
1260 3944
1260 3945
1260 3946
1260 3947
1260 3948
1260 3949
1260 3950
1260 3951
1260 3952
1260 3953
1260 3954
1260 3955
1260 3956
1260 3957
1260 3958
1260 3959
1260 3960
1297 3961
1297 3962
1297 3963
1297 3964
1297 3965
1297 3966
1297 3967
1297 3968
1297 3969
1297 3970
1297 3971
1297 3972
1297 3973
1297 3974
1297 3975
1297 3976
1297 3977
1297 3978
1297 3979
1297 3980
1297 3981
1297 3982
1297 3983
1297 3984
1297 3985
1297 3986
1297 3987
1297 3988
1297 3989
1297 3990
1297 3991
1297 3992
1297 3993
1297 3994
1297 3995
1297 3996
1297 3997
1297 3998
1297 3999
1297 4000
1297 4001
1297 4002
1297 4003
1297 4004
1297 4005
1297 4006
1297 4007
1297 4008
1297 4009
1297 4010
1297 4011
1297 4012
1297 4013
1297 4014
1297 4015
1297 4016
1297 4017
1297 4018
1297 4019
1297 4020
1297 4021
1297 4022
1297 4023
1297 4024
1297 4025
1297 4026
1297 4027
1297 4028
1297 4029
1297 4030
1297 4031
1297 4032
1297 4033
1297 4034
1334 4035
1334 4036
1334 4037
1334 4038
1334 4039
1334 4040
1334 4041
1334 4042
1334 4043
1334 4044
1334 4045
1334 4046
1334 4047
1334 4048
1334 4049
1334 4050
1334 4051
1334 4052
1334 4053
1334 4054
1334 4055
1334 4056
1334 4057
1334 4058
1334 4059
1334 4060
1334 4061
1334 4062
1334 4063
1334 4064
1334 4065
1334 4066
1334 4067
1334 4068
1334 4069
1334 4070
1334 4071
1334 4072
1334 4073
1334 4074
1334 4075
1334 4076
1334 4077
1334 4078
1334 4079
1334 4080
1334 4081
1334 4082
1334 4083
1334 4084
1334 4085
1334 4086
1334 4087
1334 4088
1334 4089
1334 4090
1334 4091
1334 4092
1334 4093
1334 4094
1334 4095
1334 4096
1334 4097
1334 4098
1334 4099
1334 4100
1334 4101
1334 4102
1334 4103
1334 4104
1334 4105
1334 4106
1334 4107
1334 4108
1371 4109
1371 4110
1371 4111
1371 4112
1371 4113
1371 4114
1371 4115
1371 4116
1371 4117
1371 4118
1371 4119
1371 4120
1371 4121
1371 4122
1371 4123
1371 4124
1371 4125
1371 4126
1371 4127
1371 4128
1371 4129
1371 4130
1371 4131
1371 4132
1371 4133
1371 4134
1371 4135
1371 4136
1371 4137
1371 4138
1371 4139
1371 4140
1371 4141
1371 4142
1371 4143
1371 4144
1371 4145
1371 4146
1371 4147
1371 4148
1371 4149
1371 4150
1371 4151
1371 4152
1371 4153
1371 4154
1371 4155
1371 4156
1371 4157
1371 4158
1371 4159
1371 4160
1371 4161
1371 4162
1371 4163
1371 4164
1371 4165
1371 4166
1371 4167
1371 4168
1371 4169
1371 4170
1371 4171
1371 4172
1371 4173
1371 4174
1371 4175
1371 4176
1371 4177
1371 4178
1371 4179
1371 4180
1371 4181
1371 4182
1408 4183
1408 4184
1408 4185
1408 4186
1408 4187
1408 4188
1408 4189
1408 4190
1408 4191
1408 4192
1408 4193
1408 4194
1408 4195
1408 4196
1408 4197
1408 4198
1408 4199
1408 4200
1408 4201
1408 4202
1408 4203
1408 4204
1408 4205
1408 4206
1408 4207
1408 4208
1408 4209
1408 4210
1408 4211
1408 4212
1408 4213
1408 4214
1408 4215
1408 4216
1408 4217
1408 4218
1408 4219
1408 4220
1408 4221
1408 4222
1408 4223
1408 4224
1408 4225
1408 4226
1408 4227
1408 4228
1408 4229
1408 4230
1408 4231
1408 4232
1408 4233
1408 4234
1408 4235
1408 4236
1408 4237
1408 4238
1408 4239
1408 4240
1408 4241
1408 4242
1408 4243
1408 4244
1408 4245
1408 4246
1408 4247
1408 4248
1408 4249
1408 4250
1408 4251
1408 4252
1408 4253
1408 4254
1408 4255
1408 4256
