1541 2024
1 2
1 3
1 4
1 5
1 6
1 7
1 8
1 9
1 10
1 11
1 12
1 13
1 14
1 15
1 16
1 17
1 18
1 19
1 20
1 21
1 22
1 23
2 1
2 3
2 4
2 5
2 6
2 7
2 8
2 9
2 10
2 11
2 12
2 13
2 14
2 15
2 16
2 17
2 18
2 19
2 20
2 21
2 22
2 23
3 1
3 2
3 4
3 5
3 6
3 7
3 8
3 9
3 10
3 11
3 12
3 13
3 14
3 15
3 16
3 17
3 18
3 19
3 20
3 21
3 22
3 23
4 1
4 2
4 3
4 5
4 6
4 7
4 8
4 9
4 10
4 11
4 12
4 13
4 14
4 15
4 16
4 17
4 18
4 19
4 20
4 21
4 22
4 23
5 1
5 2
5 3
5 4
5 6
5 7
5 8
5 9
5 10
5 11
5 12
5 13
5 14
5 15
5 16
5 17
5 18
5 19
5 20
5 21
5 22
5 23
6 1
6 2
6 3
6 4
6 5
6 7
6 8
6 9
6 10
6 11
6 12
6 13
6 14
6 15
6 16
6 17
6 18
6 19
6 20
6 21
6 22
6 23
7 1
7 2
7 3
7 4
7 5
7 6
7 8
7 9
7 10
7 11
7 12
7 13
7 14
7 15
7 16
7 17
7 18
7 19
7 20
7 21
7 22
7 23
8 1
8 2
8 3
8 4
8 5
8 6
8 7
8 9
8 10
8 11
8 12
8 13
8 14
8 15
8 16
8 17
8 18
8 19
8 20
8 21
8 22
8 23
9 1
9 2
9 3
9 4
9 5
9 6
9 7
9 8
9 10
9 11
9 12
9 13
9 14
9 15
9 16
9 17
9 18
9 19
9 20
9 21
9 22
9 23
10 1
10 2
10 3
10 4
10 5
10 6
10 7
10 8
10 9
10 11
10 12
10 13
10 14
10 15
10 16
10 17
10 18
10 19
10 20
10 21
10 22
10 23
11 1
11 2
11 3
11 4
11 5
11 6
11 7
11 8
11 9
11 10
11 12
11 13
11 14
11 15
11 16
11 17
11 18
11 19
11 20
11 21
11 22
11 23
12 1
12 2
12 3
12 4
12 5
12 6
12 7
12 8
12 9
12 10
12 11
12 13
12 14
12 15
12 16
12 17
12 18
12 19
12 20
12 21
12 22
12 23
13 1
13 2
13 3
13 4
13 5
13 6
13 7
13 8
13 9
13 10
13 11
13 12
13 14
13 15
13 16
13 17
13 18
13 19
13 20
13 21
13 22
13 23
14 1
14 2
14 3
14 4
14 5
14 6
14 7
14 8
14 9
14 10
14 11
14 12
14 13
14 15
14 16
14 17
14 18
14 19
14 20
14 21
14 22
14 23
15 1
15 2
15 3
15 4
15 5
15 6
15 7
15 8
15 9
15 10
15 11
15 12
15 13
15 14
15 16
15 17
15 18
15 19
15 20
15 21
15 22
15 23
16 1
16 2
16 3
16 4
16 5
16 6
16 7
16 8
16 9
16 10
16 11
16 12
16 13
16 14
16 15
16 17
16 18
16 19
16 20
16 21
16 22
16 23
17 1
17 2
17 3
17 4
17 5
17 6
17 7
17 8
17 9
17 10
17 11
17 12
17 13
17 14
17 15
17 16
17 18
17 19
17 20
17 21
17 22
17 23
18 1
18 2
18 3
18 4
18 5
18 6
18 7
18 8
18 9
18 10
18 11
18 12
18 13
18 14
18 15
18 16
18 17
18 19
18 20
18 21
18 22
18 23
19 1
19 2
19 3
19 4
19 5
19 6
19 7
19 8
19 9
19 10
19 11
19 12
19 13
19 14
19 15
19 16
19 17
19 18
19 20
19 21
19 22
19 23
20 1
20 2
20 3
20 4
20 5
20 6
20 7
20 8
20 9
20 10
20 11
20 12
20 13
20 14
20 15
20 16
20 17
20 18
20 19
20 21
20 22
20 23
21 1
21 2
21 3
21 4
21 5
21 6
21 7
21 8
21 9
21 10
21 11
21 12
21 13
21 14
21 15
21 16
21 17
21 18
21 19
21 20
21 22
21 23
22 1
22 2
22 3
22 4
22 5
22 6
22 7
22 8
22 9
22 10
22 11
22 12
22 13
22 14
22 15
22 16
22 17
22 18
22 19
22 20
22 21
22 23
23 1
23 2
23 3
23 4
23 5
23 6
23 7
23 8
23 9
23 10
23 11
23 12
23 13
23 14
23 15
23 16
23 17
23 18
23 19
23 20
23 21
23 22
1 24
1 25
1 26
1 27
1 28
1 29
1 30
1 31
1 32
1 33
1 34
1 35
1 36
1 37
1 38
1 39
1 40
1 41
1 42
1 43
1 44
1 45
2 46
2 47
2 48
2 49
2 50
2 51
2 52
2 53
2 54
2 55
2 56
2 57
2 58
2 59
2 60
2 61
2 62
2 63
2 64
2 65
2 66
2 67
3 68
3 69
3 70
3 71
3 72
3 73
3 74
3 75
3 76
3 77
3 78
3 79
3 80
3 81
3 82
3 83
3 84
3 85
3 86
3 87
3 88
3 89
4 90
4 91
4 92
4 93
4 94
4 95
4 96
4 97
4 98
4 99
4 100
4 101
4 102
4 103
4 104
4 105
4 106
4 107
4 108
4 109
4 110
4 111
5 112
5 113
5 114
5 115
5 116
5 117
5 118
5 119
5 120
5 121
5 122
5 123
5 124
5 125
5 126
5 127
5 128
5 129
5 130
5 131
5 132
5 133
6 134
6 135
6 136
6 137
6 138
6 139
6 140
6 141
6 142
6 143
6 144
6 145
6 146
6 147
6 148
6 149
6 150
6 151
6 152
6 153
6 154
6 155
7 156
7 157
7 158
7 159
7 160
7 161
7 162
7 163
7 164
7 165
7 166
7 167
7 168
7 169
7 170
7 171
7 172
7 173
7 174
7 175
7 176
7 177
8 178
8 179
8 180
8 181
8 182
8 183
8 184
8 185
8 186
8 187
8 188
8 189
8 190
8 191
8 192
8 193
8 194
8 195
8 196
8 197
8 198
8 199
9 200
9 201
9 202
9 203
9 204
9 205
9 206
9 207
9 208
9 209
9 210
9 211
9 212
9 213
9 214
9 215
9 216
9 217
9 218
9 219
9 220
9 221
10 222
10 223
10 224
10 225
10 226
10 227
10 228
10 229
10 230
10 231
10 232
10 233
10 234
10 235
10 236
10 237
10 238
10 239
10 240
10 241
10 242
10 243
11 244
11 245
11 246
11 247
11 248
11 249
11 250
11 251
11 252
11 253
11 254
11 255
11 256
11 257
11 258
11 259
11 260
11 261
11 262
11 263
11 264
11 265
12 266
12 267
12 268
12 269
12 270
12 271
12 272
12 273
12 274
12 275
12 276
12 277
12 278
12 279
12 280
12 281
12 282
12 283
12 284
12 285
12 286
12 287
13 288
13 289
13 290
13 291
13 292
13 293
13 294
13 295
13 296
13 297
13 298
13 299
13 300
13 301
13 302
13 303
13 304
13 305
13 306
13 307
13 308
13 309
14 310
14 311
14 312
14 313
14 314
14 315
14 316
14 317
14 318
14 319
14 320
14 321
14 322
14 323
14 324
14 325
14 326
14 327
14 328
14 329
14 330
14 331
15 332
15 333
15 334
15 335
15 336
15 337
15 338
15 339
15 340
15 341
15 342
15 343
15 344
15 345
15 346
15 347
15 348
15 349
15 350
15 351
15 352
15 353
16 354
16 355
16 356
16 357
16 358
16 359
16 360
16 361
16 362
16 363
16 364
16 365
16 366
16 367
16 368
16 369
16 370
16 371
16 372
16 373
16 374
16 375
17 376
17 377
17 378
17 379
17 380
17 381
17 382
17 383
17 384
17 385
17 386
17 387
17 388
17 389
17 390
17 391
17 392
17 393
17 394
17 395
17 396
17 397
18 398
18 399
18 400
18 401
18 402
18 403
18 404
18 405
18 406
18 407
18 408
18 409
18 410
18 411
18 412
18 413
18 414
18 415
18 416
18 417
18 418
18 419
19 420
19 421
19 422
19 423
19 424
19 425
19 426
19 427
19 428
19 429
19 430
19 431
19 432
19 433
19 434
19 435
19 436
19 437
19 438
19 439
19 440
19 441
20 442
20 443
20 444
20 445
20 446
20 447
20 448
20 449
20 450
20 451
20 452
20 453
20 454
20 455
20 456
20 457
20 458
20 459
20 460
20 461
20 462
20 463
21 464
21 465
21 466
21 467
21 468
21 469
21 470
21 471
21 472
21 473
21 474
21 475
21 476
21 477
21 478
21 479
21 480
21 481
21 482
21 483
21 484
21 485
22 486
22 487
22 488
22 489
22 490
22 491
22 492
22 493
22 494
22 495
22 496
22 497
22 498
22 499
22 500
22 501
22 502
22 503
22 504
22 505
22 506
22 507
23 508
23 509
23 510
23 511
23 512
23 513
23 514
23 515
23 516
23 517
23 518
23 519
23 520
23 521
23 522
23 523
23 524
23 525
23 526
23 527
23 528
23 529
24 530
24 531
24 532
24 533
24 534
24 535
24 536
24 537
24 538
24 539
24 540
24 541
24 542
24 543
24 544
24 545
24 546
24 547
24 548
24 549
24 550
24 551
24 552
24 553
24 554
24 555
24 556
24 557
24 558
24 559
24 560
24 561
24 562
24 563
24 564
24 565
24 566
24 567
24 568
24 569
24 570
24 571
24 572
24 573
46 574
46 575
46 576
46 577
46 578
46 579
46 580
46 581
46 582
46 583
46 584
46 585
46 586
46 587
46 588
46 589
46 590
46 591
46 592
46 593
46 594
46 595
46 596
46 597
46 598
46 599
46 600
46 601
46 602
46 603
46 604
46 605
46 606
46 607
46 608
46 609
46 610
46 611
46 612
46 613
46 614
46 615
46 616
46 617
68 618
68 619
68 620
68 621
68 622
68 623
68 624
68 625
68 626
68 627
68 628
68 629
68 630
68 631
68 632
68 633
68 634
68 635
68 636
68 637
68 638
68 639
68 640
68 641
68 642
68 643
68 644
68 645
68 646
68 647
68 648
68 649
68 650
68 651
68 652
68 653
68 654
68 655
68 656
68 657
68 658
68 659
68 660
68 661
90 662
90 663
90 664
90 665
90 666
90 667
90 668
90 669
90 670
90 671
90 672
90 673
90 674
90 675
90 676
90 677
90 678
90 679
90 680
90 681
90 682
90 683
90 684
90 685
90 686
90 687
90 688
90 689
90 690
90 691
90 692
90 693
90 694
90 695
90 696
90 697
90 698
90 699
90 700
90 701
90 702
90 703
90 704
90 705
112 706
112 707
112 708
112 709
112 710
112 711
112 712
112 713
112 714
112 715
112 716
112 717
112 718
112 719
112 720
112 721
112 722
112 723
112 724
112 725
112 726
112 727
112 728
112 729
112 730
112 731
112 732
112 733
112 734
112 735
112 736
112 737
112 738
112 739
112 740
112 741
112 742
112 743
112 744
112 745
112 746
112 747
112 748
112 749
134 750
134 751
134 752
134 753
134 754
134 755
134 756
134 757
134 758
134 759
134 760
134 761
134 762
134 763
134 764
134 765
134 766
134 767
134 768
134 769
134 770
134 771
134 772
134 773
134 774
134 775
134 776
134 777
134 778
134 779
134 780
134 781
134 782
134 783
134 784
134 785
134 786
134 787
134 788
134 789
134 790
134 791
134 792
134 793
156 794
156 795
156 796
156 797
156 798
156 799
156 800
156 801
156 802
156 803
156 804
156 805
156 806
156 807
156 808
156 809
156 810
156 811
156 812
156 813
156 814
156 815
156 816
156 817
156 818
156 819
156 820
156 821
156 822
156 823
156 824
156 825
156 826
156 827
156 828
156 829
156 830
156 831
156 832
156 833
156 834
156 835
156 836
156 837
178 838
178 839
178 840
178 841
178 842
178 843
178 844
178 845
178 846
178 847
178 848
178 849
178 850
178 851
178 852
178 853
178 854
178 855
178 856
178 857
178 858
178 859
178 860
178 861
178 862
178 863
178 864
178 865
178 866
178 867
178 868
178 869
178 870
178 871
178 872
178 873
178 874
178 875
178 876
178 877
178 878
178 879
178 880
178 881
200 882
200 883
200 884
200 885
200 886
200 887
200 888
200 889
200 890
200 891
200 892
200 893
200 894
200 895
200 896
200 897
200 898
200 899
200 900
200 901
200 902
200 903
200 904
200 905
200 906
200 907
200 908
200 909
200 910
200 911
200 912
200 913
200 914
200 915
200 916
200 917
200 918
200 919
200 920
200 921
200 922
200 923
200 924
200 925
222 926
222 927
222 928
222 929
222 930
222 931
222 932
222 933
222 934
222 935
222 936
222 937
222 938
222 939
222 940
222 941
222 942
222 943
222 944
222 945
222 946
222 947
222 948
222 949
222 950
222 951
222 952
222 953
222 954
222 955
222 956
222 957
222 958
222 959
222 960
222 961
222 962
222 963
222 964
222 965
222 966
222 967
222 968
222 969
244 970
244 971
244 972
244 973
244 974
244 975
244 976
244 977
244 978
244 979
244 980
244 981
244 982
244 983
244 984
244 985
244 986
244 987
244 988
244 989
244 990
244 991
244 992
244 993
244 994
244 995
244 996
244 997
244 998
244 999
244 1000
244 1001
244 1002
244 1003
244 1004
244 1005
244 1006
244 1007
244 1008
244 1009
244 1010
244 1011
244 1012
244 1013
266 1014
266 1015
266 1016
266 1017
266 1018
266 1019
266 1020
266 1021
266 1022
266 1023
266 1024
266 1025
266 1026
266 1027
266 1028
266 1029
266 1030
266 1031
266 1032
266 1033
266 1034
266 1035
266 1036
266 1037
266 1038
266 1039
266 1040
266 1041
266 1042
266 1043
266 1044
266 1045
266 1046
266 1047
266 1048
266 1049
266 1050
266 1051
266 1052
266 1053
266 1054
266 1055
266 1056
266 1057
288 1058
288 1059
288 1060
288 1061
288 1062
288 1063
288 1064
288 1065
288 1066
288 1067
288 1068
288 1069
288 1070
288 1071
288 1072
288 1073
288 1074
288 1075
288 1076
288 1077
288 1078
288 1079
288 1080
288 1081
288 1082
288 1083
288 1084
288 1085
288 1086
288 1087
288 1088
288 1089
288 1090
288 1091
288 1092
288 1093
288 1094
288 1095
288 1096
288 1097
288 1098
288 1099
288 1100
288 1101
310 1102
310 1103
310 1104
310 1105
310 1106
310 1107
310 1108
310 1109
310 1110
310 1111
310 1112
310 1113
310 1114
310 1115
310 1116
310 1117
310 1118
310 1119
310 1120
310 1121
310 1122
310 1123
310 1124
310 1125
310 1126
310 1127
310 1128
310 1129
310 1130
310 1131
310 1132
310 1133
310 1134
310 1135
310 1136
310 1137
310 1138
310 1139
310 1140
310 1141
310 1142
310 1143
310 1144
310 1145
332 1146
332 1147
332 1148
332 1149
332 1150
332 1151
332 1152
332 1153
332 1154
332 1155
332 1156
332 1157
332 1158
332 1159
332 1160
332 1161
332 1162
332 1163
332 1164
332 1165
332 1166
332 1167
332 1168
332 1169
332 1170
332 1171
332 1172
332 1173
332 1174
332 1175
332 1176
332 1177
332 1178
332 1179
332 1180
332 1181
332 1182
332 1183
332 1184
332 1185
332 1186
332 1187
332 1188
332 1189
354 1190
354 1191
354 1192
354 1193
354 1194
354 1195
354 1196
354 1197
354 1198
354 1199
354 1200
354 1201
354 1202
354 1203
354 1204
354 1205
354 1206
354 1207
354 1208
354 1209
354 1210
354 1211
354 1212
354 1213
354 1214
354 1215
354 1216
354 1217
354 1218
354 1219
354 1220
354 1221
354 1222
354 1223
354 1224
354 1225
354 1226
354 1227
354 1228
354 1229
354 1230
354 1231
354 1232
354 1233
376 1234
376 1235
376 1236
376 1237
376 1238
376 1239
376 1240
376 1241
376 1242
376 1243
376 1244
376 1245
376 1246
376 1247
376 1248
376 1249
376 1250
376 1251
376 1252
376 1253
376 1254
376 1255
376 1256
376 1257
376 1258
376 1259
376 1260
376 1261
376 1262
376 1263
376 1264
376 1265
376 1266
376 1267
376 1268
376 1269
376 1270
376 1271
376 1272
376 1273
376 1274
376 1275
376 1276
376 1277
398 1278
398 1279
398 1280
398 1281
398 1282
398 1283
398 1284
398 1285
398 1286
398 1287
398 1288
398 1289
398 1290
398 1291
398 1292
398 1293
398 1294
398 1295
398 1296
398 1297
398 1298
398 1299
398 1300
398 1301
398 1302
398 1303
398 1304
398 1305
398 1306
398 1307
398 1308
398 1309
398 1310
398 1311
398 1312
398 1313
398 1314
398 1315
398 1316
398 1317
398 1318
398 1319
398 1320
398 1321
420 1322
420 1323
420 1324
420 1325
420 1326
420 1327
420 1328
420 1329
420 1330
420 1331
420 1332
420 1333
420 1334
420 1335
420 1336
420 1337
420 1338
420 1339
420 1340
420 1341
420 1342
420 1343
420 1344
420 1345
420 1346
420 1347
420 1348
420 1349
420 1350
420 1351
420 1352
420 1353
420 1354
420 1355
420 1356
420 1357
420 1358
420 1359
420 1360
420 1361
420 1362
420 1363
420 1364
420 1365
442 1366
442 1367
442 1368
442 1369
442 1370
442 1371
442 1372
442 1373
442 1374
442 1375
442 1376
442 1377
442 1378
442 1379
442 1380
442 1381
442 1382
442 1383
442 1384
442 1385
442 1386
442 1387
442 1388
442 1389
442 1390
442 1391
442 1392
442 1393
442 1394
442 1395
442 1396
442 1397
442 1398
442 1399
442 1400
442 1401
442 1402
442 1403
442 1404
442 1405
442 1406
442 1407
442 1408
442 1409
464 1410
464 1411
464 1412
464 1413
464 1414
464 1415
464 1416
464 1417
464 1418
464 1419
464 1420
464 1421
464 1422
464 1423
464 1424
464 1425
464 1426
464 1427
464 1428
464 1429
464 1430
464 1431
464 1432
464 1433
464 1434
464 1435
464 1436
464 1437
464 1438
464 1439
464 1440
464 1441
464 1442
464 1443
464 1444
464 1445
464 1446
464 1447
464 1448
464 1449
464 1450
464 1451
464 1452
464 1453
486 1454
486 1455
486 1456
486 1457
486 1458
486 1459
486 1460
486 1461
486 1462
486 1463
486 1464
486 1465
486 1466
486 1467
486 1468
486 1469
486 1470
486 1471
486 1472
486 1473
486 1474
486 1475
486 1476
486 1477
486 1478
486 1479
486 1480
486 1481
486 1482
486 1483
486 1484
486 1485
486 1486
486 1487
486 1488
486 1489
486 1490
486 1491
486 1492
486 1493
486 1494
486 1495
486 1496
486 1497
508 1498
508 1499
508 1500
508 1501
508 1502
508 1503
508 1504
508 1505
508 1506
508 1507
508 1508
508 1509
508 1510
508 1511
508 1512
508 1513
508 1514
508 1515
508 1516
508 1517
508 1518
508 1519
508 1520
508 1521
508 1522
508 1523
508 1524
508 1525
508 1526
508 1527
508 1528
508 1529
508 1530
508 1531
508 1532
508 1533
508 1534
508 1535
508 1536
508 1537
508 1538
508 1539
508 1540
508 1541
