2133 2808
1 2
1 3
1 4
1 5
1 6
1 7
1 8
1 9
1 10
1 11
1 12
1 13
1 14
1 15
1 16
1 17
1 18
1 19
1 20
1 21
1 22
1 23
1 24
1 25
1 26
1 27
2 1
2 3
2 4
2 5
2 6
2 7
2 8
2 9
2 10
2 11
2 12
2 13
2 14
2 15
2 16
2 17
2 18
2 19
2 20
2 21
2 22
2 23
2 24
2 25
2 26
2 27
3 1
3 2
3 4
3 5
3 6
3 7
3 8
3 9
3 10
3 11
3 12
3 13
3 14
3 15
3 16
3 17
3 18
3 19
3 20
3 21
3 22
3 23
3 24
3 25
3 26
3 27
4 1
4 2
4 3
4 5
4 6
4 7
4 8
4 9
4 10
4 11
4 12
4 13
4 14
4 15
4 16
4 17
4 18
4 19
4 20
4 21
4 22
4 23
4 24
4 25
4 26
4 27
5 1
5 2
5 3
5 4
5 6
5 7
5 8
5 9
5 10
5 11
5 12
5 13
5 14
5 15
5 16
5 17
5 18
5 19
5 20
5 21
5 22
5 23
5 24
5 25
5 26
5 27
6 1
6 2
6 3
6 4
6 5
6 7
6 8
6 9
6 10
6 11
6 12
6 13
6 14
6 15
6 16
6 17
6 18
6 19
6 20
6 21
6 22
6 23
6 24
6 25
6 26
6 27
7 1
7 2
7 3
7 4
7 5
7 6
7 8
7 9
7 10
7 11
7 12
7 13
7 14
7 15
7 16
7 17
7 18
7 19
7 20
7 21
7 22
7 23
7 24
7 25
7 26
7 27
8 1
8 2
8 3
8 4
8 5
8 6
8 7
8 9
8 10
8 11
8 12
8 13
8 14
8 15
8 16
8 17
8 18
8 19
8 20
8 21
8 22
8 23
8 24
8 25
8 26
8 27
9 1
9 2
9 3
9 4
9 5
9 6
9 7
9 8
9 10
9 11
9 12
9 13
9 14
9 15
9 16
9 17
9 18
9 19
9 20
9 21
9 22
9 23
9 24
9 25
9 26
9 27
10 1
10 2
10 3
10 4
10 5
10 6
10 7
10 8
10 9
10 11
10 12
10 13
10 14
10 15
10 16
10 17
10 18
10 19
10 20
10 21
10 22
10 23
10 24
10 25
10 26
10 27
11 1
11 2
11 3
11 4
11 5
11 6
11 7
11 8
11 9
11 10
11 12
11 13
11 14
11 15
11 16
11 17
11 18
11 19
11 20
11 21
11 22
11 23
11 24
11 25
11 26
11 27
12 1
12 2
12 3
12 4
12 5
12 6
12 7
12 8
12 9
12 10
12 11
12 13
12 14
12 15
12 16
12 17
12 18
12 19
12 20
12 21
12 22
12 23
12 24
12 25
12 26
12 27
13 1
13 2
13 3
13 4
13 5
13 6
13 7
13 8
13 9
13 10
13 11
13 12
13 14
13 15
13 16
13 17
13 18
13 19
13 20
13 21
13 22
13 23
13 24
13 25
13 26
13 27
14 1
14 2
14 3
14 4
14 5
14 6
14 7
14 8
14 9
14 10
14 11
14 12
14 13
14 15
14 16
14 17
14 18
14 19
14 20
14 21
14 22
14 23
14 24
14 25
14 26
14 27
15 1
15 2
15 3
15 4
15 5
15 6
15 7
15 8
15 9
15 10
15 11
15 12
15 13
15 14
15 16
15 17
15 18
15 19
15 20
15 21
15 22
15 23
15 24
15 25
15 26
15 27
16 1
16 2
16 3
16 4
16 5
16 6
16 7
16 8
16 9
16 10
16 11
16 12
16 13
16 14
16 15
16 17
16 18
16 19
16 20
16 21
16 22
16 23
16 24
16 25
16 26
16 27
17 1
17 2
17 3
17 4
17 5
17 6
17 7
17 8
17 9
17 10
17 11
17 12
17 13
17 14
17 15
17 16
17 18
17 19
17 20
17 21
17 22
17 23
17 24
17 25
17 26
17 27
18 1
18 2
18 3
18 4
18 5
18 6
18 7
18 8
18 9
18 10
18 11
18 12
18 13
18 14
18 15
18 16
18 17
18 19
18 20
18 21
18 22
18 23
18 24
18 25
18 26
18 27
19 1
19 2
19 3
19 4
19 5
19 6
19 7
19 8
19 9
19 10
19 11
19 12
19 13
19 14
19 15
19 16
19 17
19 18
19 20
19 21
19 22
19 23
19 24
19 25
19 26
19 27
20 1
20 2
20 3
20 4
20 5
20 6
20 7
20 8
20 9
20 10
20 11
20 12
20 13
20 14
20 15
20 16
20 17
20 18
20 19
20 21
20 22
20 23
20 24
20 25
20 26
20 27
21 1
21 2
21 3
21 4
21 5
21 6
21 7
21 8
21 9
21 10
21 11
21 12
21 13
21 14
21 15
21 16
21 17
21 18
21 19
21 20
21 22
21 23
21 24
21 25
21 26
21 27
22 1
22 2
22 3
22 4
22 5
22 6
22 7
22 8
22 9
22 10
22 11
22 12
22 13
22 14
22 15
22 16
22 17
22 18
22 19
22 20
22 21
22 23
22 24
22 25
22 26
22 27
23 1
23 2
23 3
23 4
23 5
23 6
23 7
23 8
23 9
23 10
23 11
23 12
23 13
23 14
23 15
23 16
23 17
23 18
23 19
23 20
23 21
23 22
23 24
23 25
23 26
23 27
24 1
24 2
24 3
24 4
24 5
24 6
24 7
24 8
24 9
24 10
24 11
24 12
24 13
24 14
24 15
24 16
24 17
24 18
24 19
24 20
24 21
24 22
24 23
24 25
24 26
24 27
25 1
25 2
25 3
25 4
25 5
25 6
25 7
25 8
25 9
25 10
25 11
25 12
25 13
25 14
25 15
25 16
25 17
25 18
25 19
25 20
25 21
25 22
25 23
25 24
25 26
25 27
26 1
26 2
26 3
26 4
26 5
26 6
26 7
26 8
26 9
26 10
26 11
26 12
26 13
26 14
26 15
26 16
26 17
26 18
26 19
26 20
26 21
26 22
26 23
26 24
26 25
26 27
27 1
27 2
27 3
27 4
27 5
27 6
27 7
27 8
27 9
27 10
27 11
27 12
27 13
27 14
27 15
27 16
27 17
27 18
27 19
27 20
27 21
27 22
27 23
27 24
27 25
27 26
1 28
1 29
1 30
1 31
1 32
1 33
1 34
1 35
1 36
1 37
1 38
1 39
1 40
1 41
1 42
1 43
1 44
1 45
1 46
1 47
1 48
1 49
1 50
1 51
1 52
1 53
2 54
2 55
2 56
2 57
2 58
2 59
2 60
2 61
2 62
2 63
2 64
2 65
2 66
2 67
2 68
2 69
2 70
2 71
2 72
2 73
2 74
2 75
2 76
2 77
2 78
2 79
3 80
3 81
3 82
3 83
3 84
3 85
3 86
3 87
3 88
3 89
3 90
3 91
3 92
3 93
3 94
3 95
3 96
3 97
3 98
3 99
3 100
3 101
3 102
3 103
3 104
3 105
4 106
4 107
4 108
4 109
4 110
4 111
4 112
4 113
4 114
4 115
4 116
4 117
4 118
4 119
4 120
4 121
4 122
4 123
4 124
4 125
4 126
4 127
4 128
4 129
4 130
4 131
5 132
5 133
5 134
5 135
5 136
5 137
5 138
5 139
5 140
5 141
5 142
5 143
5 144
5 145
5 146
5 147
5 148
5 149
5 150
5 151
5 152
5 153
5 154
5 155
5 156
5 157
6 158
6 159
6 160
6 161
6 162
6 163
6 164
6 165
6 166
6 167
6 168
6 169
6 170
6 171
6 172
6 173
6 174
6 175
6 176
6 177
6 178
6 179
6 180
6 181
6 182
6 183
7 184
7 185
7 186
7 187
7 188
7 189
7 190
7 191
7 192
7 193
7 194
7 195
7 196
7 197
7 198
7 199
7 200
7 201
7 202
7 203
7 204
7 205
7 206
7 207
7 208
7 209
8 210
8 211
8 212
8 213
8 214
8 215
8 216
8 217
8 218
8 219
8 220
8 221
8 222
8 223
8 224
8 225
8 226
8 227
8 228
8 229
8 230
8 231
8 232
8 233
8 234
8 235
9 236
9 237
9 238
9 239
9 240
9 241
9 242
9 243
9 244
9 245
9 246
9 247
9 248
9 249
9 250
9 251
9 252
9 253
9 254
9 255
9 256
9 257
9 258
9 259
9 260
9 261
10 262
10 263
10 264
10 265
10 266
10 267
10 268
10 269
10 270
10 271
10 272
10 273
10 274
10 275
10 276
10 277
10 278
10 279
10 280
10 281
10 282
10 283
10 284
10 285
10 286
10 287
11 288
11 289
11 290
11 291
11 292
11 293
11 294
11 295
11 296
11 297
11 298
11 299
11 300
11 301
11 302
11 303
11 304
11 305
11 306
11 307
11 308
11 309
11 310
11 311
11 312
11 313
12 314
12 315
12 316
12 317
12 318
12 319
12 320
12 321
12 322
12 323
12 324
12 325
12 326
12 327
12 328
12 329
12 330
12 331
12 332
12 333
12 334
12 335
12 336
12 337
12 338
12 339
13 340
13 341
13 342
13 343
13 344
13 345
13 346
13 347
13 348
13 349
13 350
13 351
13 352
13 353
13 354
13 355
13 356
13 357
13 358
13 359
13 360
13 361
13 362
13 363
13 364
13 365
14 366
14 367
14 368
14 369
14 370
14 371
14 372
14 373
14 374
14 375
14 376
14 377
14 378
14 379
14 380
14 381
14 382
14 383
14 384
14 385
14 386
14 387
14 388
14 389
14 390
14 391
15 392
15 393
15 394
15 395
15 396
15 397
15 398
15 399
15 400
15 401
15 402
15 403
15 404
15 405
15 406
15 407
15 408
15 409
15 410
15 411
15 412
15 413
15 414
15 415
15 416
15 417
16 418
16 419
16 420
16 421
16 422
16 423
16 424
16 425
16 426
16 427
16 428
16 429
16 430
16 431
16 432
16 433
16 434
16 435
16 436
16 437
16 438
16 439
16 440
16 441
16 442
16 443
17 444
17 445
17 446
17 447
17 448
17 449
17 450
17 451
17 452
17 453
17 454
17 455
17 456
17 457
17 458
17 459
17 460
17 461
17 462
17 463
17 464
17 465
17 466
17 467
17 468
17 469
18 470
18 471
18 472
18 473
18 474
18 475
18 476
18 477
18 478
18 479
18 480
18 481
18 482
18 483
18 484
18 485
18 486
18 487
18 488
18 489
18 490
18 491
18 492
18 493
18 494
18 495
19 496
19 497
19 498
19 499
19 500
19 501
19 502
19 503
19 504
19 505
19 506
19 507
19 508
19 509
19 510
19 511
19 512
19 513
19 514
19 515
19 516
19 517
19 518
19 519
19 520
19 521
20 522
20 523
20 524
20 525
20 526
20 527
20 528
20 529
20 530
20 531
20 532
20 533
20 534
20 535
20 536
20 537
20 538
20 539
20 540
20 541
20 542
20 543
20 544
20 545
20 546
20 547
21 548
21 549
21 550
21 551
21 552
21 553
21 554
21 555
21 556
21 557
21 558
21 559
21 560
21 561
21 562
21 563
21 564
21 565
21 566
21 567
21 568
21 569
21 570
21 571
21 572
21 573
22 574
22 575
22 576
22 577
22 578
22 579
22 580
22 581
22 582
22 583
22 584
22 585
22 586
22 587
22 588
22 589
22 590
22 591
22 592
22 593
22 594
22 595
22 596
22 597
22 598
22 599
23 600
23 601
23 602
23 603
23 604
23 605
23 606
23 607
23 608
23 609
23 610
23 611
23 612
23 613
23 614
23 615
23 616
23 617
23 618
23 619
23 620
23 621
23 622
23 623
23 624
23 625
24 626
24 627
24 628
24 629
24 630
24 631
24 632
24 633
24 634
24 635
24 636
24 637
24 638
24 639
24 640
24 641
24 642
24 643
24 644
24 645
24 646
24 647
24 648
24 649
24 650
24 651
25 652
25 653
25 654
25 655
25 656
25 657
25 658
25 659
25 660
25 661
25 662
25 663
25 664
25 665
25 666
25 667
25 668
25 669
25 670
25 671
25 672
25 673
25 674
25 675
25 676
25 677
26 678
26 679
26 680
26 681
26 682
26 683
26 684
26 685
26 686
26 687
26 688
26 689
26 690
26 691
26 692
26 693
26 694
26 695
26 696
26 697
26 698
26 699
26 700
26 701
26 702
26 703
27 704
27 705
27 706
27 707
27 708
27 709
27 710
27 711
27 712
27 713
27 714
27 715
27 716
27 717
27 718
27 719
27 720
27 721
27 722
27 723
27 724
27 725
27 726
27 727
27 728
27 729
28 730
28 731
28 732
28 733
28 734
28 735
28 736
28 737
28 738
28 739
28 740
28 741
28 742
28 743
28 744
28 745
28 746
28 747
28 748
28 749
28 750
28 751
28 752
28 753
28 754
28 755
28 756
28 757
28 758
28 759
28 760
28 761
28 762
28 763
28 764
28 765
28 766
28 767
28 768
28 769
28 770
28 771
28 772
28 773
28 774
28 775
28 776
28 777
28 778
28 779
28 780
28 781
54 782
54 783
54 784
54 785
54 786
54 787
54 788
54 789
54 790
54 791
54 792
54 793
54 794
54 795
54 796
54 797
54 798
54 799
54 800
54 801
54 802
54 803
54 804
54 805
54 806
54 807
54 808
54 809
54 810
54 811
54 812
54 813
54 814
54 815
54 816
54 817
54 818
54 819
54 820
54 821
54 822
54 823
54 824
54 825
54 826
54 827
54 828
54 829
54 830
54 831
54 832
54 833
80 834
80 835
80 836
80 837
80 838
80 839
80 840
80 841
80 842
80 843
80 844
80 845
80 846
80 847
80 848
80 849
80 850
80 851
80 852
80 853
80 854
80 855
80 856
80 857
80 858
80 859
80 860
80 861
80 862
80 863
80 864
80 865
80 866
80 867
80 868
80 869
80 870
80 871
80 872
80 873
80 874
80 875
80 876
80 877
80 878
80 879
80 880
80 881
80 882
80 883
80 884
80 885
106 886
106 887
106 888
106 889
106 890
106 891
106 892
106 893
106 894
106 895
106 896
106 897
106 898
106 899
106 900
106 901
106 902
106 903
106 904
106 905
106 906
106 907
106 908
106 909
106 910
106 911
106 912
106 913
106 914
106 915
106 916
106 917
106 918
106 919
106 920
106 921
106 922
106 923
106 924
106 925
106 926
106 927
106 928
106 929
106 930
106 931
106 932
106 933
106 934
106 935
106 936
106 937
132 938
132 939
132 940
132 941
132 942
132 943
132 944
132 945
132 946
132 947
132 948
132 949
132 950
132 951
132 952
132 953
132 954
132 955
132 956
132 957
132 958
132 959
132 960
132 961
132 962
132 963
132 964
132 965
132 966
132 967
132 968
132 969
132 970
132 971
132 972
132 973
132 974
132 975
132 976
132 977
132 978
132 979
132 980
132 981
132 982
132 983
132 984
132 985
132 986
132 987
132 988
132 989
158 990
158 991
158 992
158 993
158 994
158 995
158 996
158 997
158 998
158 999
158 1000
158 1001
158 1002
158 1003
158 1004
158 1005
158 1006
158 1007
158 1008
158 1009
158 1010
158 1011
158 1012
158 1013
158 1014
158 1015
158 1016
158 1017
158 1018
158 1019
158 1020
158 1021
158 1022
158 1023
158 1024
158 1025
158 1026
158 1027
158 1028
158 1029
158 1030
158 1031
158 1032
158 1033
158 1034
158 1035
158 1036
158 1037
158 1038
158 1039
158 1040
158 1041
184 1042
184 1043
184 1044
184 1045
184 1046
184 1047
184 1048
184 1049
184 1050
184 1051
184 1052
184 1053
184 1054
184 1055
184 1056
184 1057
184 1058
184 1059
184 1060
184 1061
184 1062
184 1063
184 1064
184 1065
184 1066
184 1067
184 1068
184 1069
184 1070
184 1071
184 1072
184 1073
184 1074
184 1075
184 1076
184 1077
184 1078
184 1079
184 1080
184 1081
184 1082
184 1083
184 1084
184 1085
184 1086
184 1087
184 1088
184 1089
184 1090
184 1091
184 1092
184 1093
210 1094
210 1095
210 1096
210 1097
210 1098
210 1099
210 1100
210 1101
210 1102
210 1103
210 1104
210 1105
210 1106
210 1107
210 1108
210 1109
210 1110
210 1111
210 1112
210 1113
210 1114
210 1115
210 1116
210 1117
210 1118
210 1119
210 1120
210 1121
210 1122
210 1123
210 1124
210 1125
210 1126
210 1127
210 1128
210 1129
210 1130
210 1131
210 1132
210 1133
210 1134
210 1135
210 1136
210 1137
210 1138
210 1139
210 1140
210 1141
210 1142
210 1143
210 1144
210 1145
236 1146
236 1147
236 1148
236 1149
236 1150
236 1151
236 1152
236 1153
236 1154
236 1155
236 1156
236 1157
236 1158
236 1159
236 1160
236 1161
236 1162
236 1163
236 1164
236 1165
236 1166
236 1167
236 1168
236 1169
236 1170
236 1171
236 1172
236 1173
236 1174
236 1175
236 1176
236 1177
236 1178
236 1179
236 1180
236 1181
236 1182
236 1183
236 1184
236 1185
236 1186
236 1187
236 1188
236 1189
236 1190
236 1191
236 1192
236 1193
236 1194
236 1195
236 1196
236 1197
262 1198
262 1199
262 1200
262 1201
262 1202
262 1203
262 1204
262 1205
262 1206
262 1207
262 1208
262 1209
262 1210
262 1211
262 1212
262 1213
262 1214
262 1215
262 1216
262 1217
262 1218
262 1219
262 1220
262 1221
262 1222
262 1223
262 1224
262 1225
262 1226
262 1227
262 1228
262 1229
262 1230
262 1231
262 1232
262 1233
262 1234
262 1235
262 1236
262 1237
262 1238
262 1239
262 1240
262 1241
262 1242
262 1243
262 1244
262 1245
262 1246
262 1247
262 1248
262 1249
288 1250
288 1251
288 1252
288 1253
288 1254
288 1255
288 1256
288 1257
288 1258
288 1259
288 1260
288 1261
288 1262
288 1263
288 1264
288 1265
288 1266
288 1267
288 1268
288 1269
288 1270
288 1271
288 1272
288 1273
288 1274
288 1275
288 1276
288 1277
288 1278
288 1279
288 1280
288 1281
288 1282
288 1283
288 1284
288 1285
288 1286
288 1287
288 1288
288 1289
288 1290
288 1291
288 1292
288 1293
288 1294
288 1295
288 1296
288 1297
288 1298
288 1299
288 1300
288 1301
314 1302
314 1303
314 1304
314 1305
314 1306
314 1307
314 1308
314 1309
314 1310
314 1311
314 1312
314 1313
314 1314
314 1315
314 1316
314 1317
314 1318
314 1319
314 1320
314 1321
314 1322
314 1323
314 1324
314 1325
314 1326
314 1327
314 1328
314 1329
314 1330
314 1331
314 1332
314 1333
314 1334
314 1335
314 1336
314 1337
314 1338
314 1339
314 1340
314 1341
314 1342
314 1343
314 1344
314 1345
314 1346
314 1347
314 1348
314 1349
314 1350
314 1351
314 1352
314 1353
340 1354
340 1355
340 1356
340 1357
340 1358
340 1359
340 1360
340 1361
340 1362
340 1363
340 1364
340 1365
340 1366
340 1367
340 1368
340 1369
340 1370
340 1371
340 1372
340 1373
340 1374
340 1375
340 1376
340 1377
340 1378
340 1379
340 1380
340 1381
340 1382
340 1383
340 1384
340 1385
340 1386
340 1387
340 1388
340 1389
340 1390
340 1391
340 1392
340 1393
340 1394
340 1395
340 1396
340 1397
340 1398
340 1399
340 1400
340 1401
340 1402
340 1403
340 1404
340 1405
366 1406
366 1407
366 1408
366 1409
366 1410
366 1411
366 1412
366 1413
366 1414
366 1415
366 1416
366 1417
366 1418
366 1419
366 1420
366 1421
366 1422
366 1423
366 1424
366 1425
366 1426
366 1427
366 1428
366 1429
366 1430
366 1431
366 1432
366 1433
366 1434
366 1435
366 1436
366 1437
366 1438
366 1439
366 1440
366 1441
366 1442
366 1443
366 1444
366 1445
366 1446
366 1447
366 1448
366 1449
366 1450
366 1451
366 1452
366 1453
366 1454
366 1455
366 1456
366 1457
392 1458
392 1459
392 1460
392 1461
392 1462
392 1463
392 1464
392 1465
392 1466
392 1467
392 1468
392 1469
392 1470
392 1471
392 1472
392 1473
392 1474
392 1475
392 1476
392 1477
392 1478
392 1479
392 1480
392 1481
392 1482
392 1483
392 1484
392 1485
392 1486
392 1487
392 1488
392 1489
392 1490
392 1491
392 1492
392 1493
392 1494
392 1495
392 1496
392 1497
392 1498
392 1499
392 1500
392 1501
392 1502
392 1503
392 1504
392 1505
392 1506
392 1507
392 1508
392 1509
418 1510
418 1511
418 1512
418 1513
418 1514
418 1515
418 1516
418 1517
418 1518
418 1519
418 1520
418 1521
418 1522
418 1523
418 1524
418 1525
418 1526
418 1527
418 1528
418 1529
418 1530
418 1531
418 1532
418 1533
418 1534
418 1535
418 1536
418 1537
418 1538
418 1539
418 1540
418 1541
418 1542
418 1543
418 1544
418 1545
418 1546
418 1547
418 1548
418 1549
418 1550
418 1551
418 1552
418 1553
418 1554
418 1555
418 1556
418 1557
418 1558
418 1559
418 1560
418 1561
444 1562
444 1563
444 1564
444 1565
444 1566
444 1567
444 1568
444 1569
444 1570
444 1571
444 1572
444 1573
444 1574
444 1575
444 1576
444 1577
444 1578
444 1579
444 1580
444 1581
444 1582
444 1583
444 1584
444 1585
444 1586
444 1587
444 1588
444 1589
444 1590
444 1591
444 1592
444 1593
444 1594
444 1595
444 1596
444 1597
444 1598
444 1599
444 1600
444 1601
444 1602
444 1603
444 1604
444 1605
444 1606
444 1607
444 1608
444 1609
444 1610
444 1611
444 1612
444 1613
470 1614
470 1615
470 1616
470 1617
470 1618
470 1619
470 1620
470 1621
470 1622
470 1623
470 1624
470 1625
470 1626
470 1627
470 1628
470 1629
470 1630
470 1631
470 1632
470 1633
470 1634
470 1635
470 1636
470 1637
470 1638
470 1639
470 1640
470 1641
470 1642
470 1643
470 1644
470 1645
470 1646
470 1647
470 1648
470 1649
470 1650
470 1651
470 1652
470 1653
470 1654
470 1655
470 1656
470 1657
470 1658
470 1659
470 1660
470 1661
470 1662
470 1663
470 1664
470 1665
496 1666
496 1667
496 1668
496 1669
496 1670
496 1671
496 1672
496 1673
496 1674
496 1675
496 1676
496 1677
496 1678
496 1679
496 1680
496 1681
496 1682
496 1683
496 1684
496 1685
496 1686
496 1687
496 1688
496 1689
496 1690
496 1691
496 1692
496 1693
496 1694
496 1695
496 1696
496 1697
496 1698
496 1699
496 1700
496 1701
496 1702
496 1703
496 1704
496 1705
496 1706
496 1707
496 1708
496 1709
496 1710
496 1711
496 1712
496 1713
496 1714
496 1715
496 1716
496 1717
522 1718
522 1719
522 1720
522 1721
522 1722
522 1723
522 1724
522 1725
522 1726
522 1727
522 1728
522 1729
522 1730
522 1731
522 1732
522 1733
522 1734
522 1735
522 1736
522 1737
522 1738
522 1739
522 1740
522 1741
522 1742
522 1743
522 1744
522 1745
522 1746
522 1747
522 1748
522 1749
522 1750
522 1751
522 1752
522 1753
522 1754
522 1755
522 1756
522 1757
522 1758
522 1759
522 1760
522 1761
522 1762
522 1763
522 1764
522 1765
522 1766
522 1767
522 1768
522 1769
548 1770
548 1771
548 1772
548 1773
548 1774
548 1775
548 1776
548 1777
548 1778
548 1779
548 1780
548 1781
548 1782
548 1783
548 1784
548 1785
548 1786
548 1787
548 1788
548 1789
548 1790
548 1791
548 1792
548 1793
548 1794
548 1795
548 1796
548 1797
548 1798
548 1799
548 1800
548 1801
548 1802
548 1803
548 1804
548 1805
548 1806
548 1807
548 1808
548 1809
548 1810
548 1811
548 1812
548 1813
548 1814
548 1815
548 1816
548 1817
548 1818
548 1819
548 1820
548 1821
574 1822
574 1823
574 1824
574 1825
574 1826
574 1827
574 1828
574 1829
574 1830
574 1831
574 1832
574 1833
574 1834
574 1835
574 1836
574 1837
574 1838
574 1839
574 1840
574 1841
574 1842
574 1843
574 1844
574 1845
574 1846
574 1847
574 1848
574 1849
574 1850
574 1851
574 1852
574 1853
574 1854
574 1855
574 1856
574 1857
574 1858
574 1859
574 1860
574 1861
574 1862
574 1863
574 1864
574 1865
574 1866
574 1867
574 1868
574 1869
574 1870
574 1871
574 1872
574 1873
600 1874
600 1875
600 1876
600 1877
600 1878
600 1879
600 1880
600 1881
600 1882
600 1883
600 1884
600 1885
600 1886
600 1887
600 1888
600 1889
600 1890
600 1891
600 1892
600 1893
600 1894
600 1895
600 1896
600 1897
600 1898
600 1899
600 1900
600 1901
600 1902
600 1903
600 1904
600 1905
600 1906
600 1907
600 1908
600 1909
600 1910
600 1911
600 1912
600 1913
600 1914
600 1915
600 1916
600 1917
600 1918
600 1919
600 1920
600 1921
600 1922
600 1923
600 1924
600 1925
626 1926
626 1927
626 1928
626 1929
626 1930
626 1931
626 1932
626 1933
626 1934
626 1935
626 1936
626 1937
626 1938
626 1939
626 1940
626 1941
626 1942
626 1943
626 1944
626 1945
626 1946
626 1947
626 1948
626 1949
626 1950
626 1951
626 1952
626 1953
626 1954
626 1955
626 1956
626 1957
626 1958
626 1959
626 1960
626 1961
626 1962
626 1963
626 1964
626 1965
626 1966
626 1967
626 1968
626 1969
626 1970
626 1971
626 1972
626 1973
626 1974
626 1975
626 1976
626 1977
652 1978
652 1979
652 1980
652 1981
652 1982
652 1983
652 1984
652 1985
652 1986
652 1987
652 1988
652 1989
652 1990
652 1991
652 1992
652 1993
652 1994
652 1995
652 1996
652 1997
652 1998
652 1999
652 2000
652 2001
652 2002
652 2003
652 2004
652 2005
652 2006
652 2007
652 2008
652 2009
652 2010
652 2011
652 2012
652 2013
652 2014
652 2015
652 2016
652 2017
652 2018
652 2019
652 2020
652 2021
652 2022
652 2023
652 2024
652 2025
652 2026
652 2027
652 2028
652 2029
678 2030
678 2031
678 2032
678 2033
678 2034
678 2035
678 2036
678 2037
678 2038
678 2039
678 2040
678 2041
678 2042
678 2043
678 2044
678 2045
678 2046
678 2047
678 2048
678 2049
678 2050
678 2051
678 2052
678 2053
678 2054
678 2055
678 2056
678 2057
678 2058
678 2059
678 2060
678 2061
678 2062
678 2063
678 2064
678 2065
678 2066
678 2067
678 2068
678 2069
678 2070
678 2071
678 2072
678 2073
678 2074
678 2075
678 2076
678 2077
678 2078
678 2079
678 2080
678 2081
704 2082
704 2083
704 2084
704 2085
704 2086
704 2087
704 2088
704 2089
704 2090
704 2091
704 2092
704 2093
704 2094
704 2095
704 2096
704 2097
704 2098
704 2099
704 2100
704 2101
704 2102
704 2103
704 2104
704 2105
704 2106
704 2107
704 2108
704 2109
704 2110
704 2111
704 2112
704 2113
704 2114
704 2115
704 2116
704 2117
704 2118
704 2119
704 2120
704 2121
704 2122
704 2123
704 2124
704 2125
704 2126
704 2127
704 2128
704 2129
704 2130
704 2131
704 2132
704 2133
