408 528
1 2
1 3
1 4
1 5
1 6
1 7
1 8
1 9
1 10
1 11
1 12
2 1
2 3
2 4
2 5
2 6
2 7
2 8
2 9
2 10
2 11
2 12
3 1
3 2
3 4
3 5
3 6
3 7
3 8
3 9
3 10
3 11
3 12
4 1
4 2
4 3
4 5
4 6
4 7
4 8
4 9
4 10
4 11
4 12
5 1
5 2
5 3
5 4
5 6
5 7
5 8
5 9
5 10
5 11
5 12
6 1
6 2
6 3
6 4
6 5
6 7
6 8
6 9
6 10
6 11
6 12
7 1
7 2
7 3
7 4
7 5
7 6
7 8
7 9
7 10
7 11
7 12
8 1
8 2
8 3
8 4
8 5
8 6
8 7
8 9
8 10
8 11
8 12
9 1
9 2
9 3
9 4
9 5
9 6
9 7
9 8
9 10
9 11
9 12
10 1
10 2
10 3
10 4
10 5
10 6
10 7
10 8
10 9
10 11
10 12
11 1
11 2
11 3
11 4
11 5
11 6
11 7
11 8
11 9
11 10
11 12
12 1
12 2
12 3
12 4
12 5
12 6
12 7
12 8
12 9
12 10
12 11
1 13
1 14
1 15
1 16
1 17
1 18
1 19
1 20
1 21
1 22
1 23
2 24
2 25
2 26
2 27
2 28
2 29
2 30
2 31
2 32
2 33
2 34
3 35
3 36
3 37
3 38
3 39
3 40
3 41
3 42
3 43
3 44
3 45
4 46
4 47
4 48
4 49
4 50
4 51
4 52
4 53
4 54
4 55
4 56
5 57
5 58
5 59
5 60
5 61
5 62
5 63
5 64
5 65
5 66
5 67
6 68
6 69
6 70
6 71
6 72
6 73
6 74
6 75
6 76
6 77
6 78
7 79
7 80
7 81
7 82
7 83
7 84
7 85
7 86
7 87
7 88
7 89
8 90
8 91
8 92
8 93
8 94
8 95
8 96
8 97
8 98
8 99
8 100
9 101
9 102
9 103
9 104
9 105
9 106
9 107
9 108
9 109
9 110
9 111
10 112
10 113
10 114
10 115
10 116
10 117
10 118
10 119
10 120
10 121
10 122
11 123
11 124
11 125
11 126
11 127
11 128
11 129
11 130
11 131
11 132
11 133
12 134
12 135
12 136
12 137
12 138
12 139
12 140
12 141
12 142
12 143
12 144
13 145
13 146
13 147
13 148
13 149
13 150
13 151
13 152
13 153
13 154
13 155
13 156
13 157
13 158
13 159
13 160
13 161
13 162
13 163
13 164
13 165
13 166
24 167
24 168
24 169
24 170
24 171
24 172
24 173
24 174
24 175
24 176
24 177
24 178
24 179
24 180
24 181
24 182
24 183
24 184
24 185
24 186
24 187
24 188
35 189
35 190
35 191
35 192
35 193
35 194
35 195
35 196
35 197
35 198
35 199
35 200
35 201
35 202
35 203
35 204
35 205
35 206
35 207
35 208
35 209
35 210
46 211
46 212
46 213
46 214
46 215
46 216
46 217
46 218
46 219
46 220
46 221
46 222
46 223
46 224
46 225
46 226
46 227
46 228
46 229
46 230
46 231
46 232
57 233
57 234
57 235
57 236
57 237
57 238
57 239
57 240
57 241
57 242
57 243
57 244
57 245
57 246
57 247
57 248
57 249
57 250
57 251
57 252
57 253
57 254
68 255
68 256
68 257
68 258
68 259
68 260
68 261
68 262
68 263
68 264
68 265
68 266
68 267
68 268
68 269
68 270
68 271
68 272
68 273
68 274
68 275
68 276
79 277
79 278
79 279
79 280
79 281
79 282
79 283
79 284
79 285
79 286
79 287
79 288
79 289
79 290
79 291
79 292
79 293
79 294
79 295
79 296
79 297
79 298
90 299
90 300
90 301
90 302
90 303
90 304
90 305
90 306
90 307
90 308
90 309
90 310
90 311
90 312
90 313
90 314
90 315
90 316
90 317
90 318
90 319
90 320
101 321
101 322
101 323
101 324
101 325
101 326
101 327
101 328
101 329
101 330
101 331
101 332
101 333
101 334
101 335
101 336
101 337
101 338
101 339
101 340
101 341
101 342
112 343
112 344
112 345
112 346
112 347
112 348
112 349
112 350
112 351
112 352
112 353
112 354
112 355
112 356
112 357
112 358
112 359
112 360
112 361
112 362
112 363
112 364
123 365
123 366
123 367
123 368
123 369
123 370
123 371
123 372
123 373
123 374
123 375
123 376
123 377
123 378
123 379
123 380
123 381
123 382
123 383
123 384
123 385
123 386
134 387
134 388
134 389
134 390
134 391
134 392
134 393
134 394
134 395
134 396
134 397
134 398
134 399
134 400
134 401
134 402
134 403
134 404
134 405
134 406
134 407
134 408
