4033 5328
1 2
1 3
1 4
1 5
1 6
1 7
1 8
1 9
1 10
1 11
1 12
1 13
1 14
1 15
1 16
1 17
1 18
1 19
1 20
1 21
1 22
1 23
1 24
1 25
1 26
1 27
1 28
1 29
1 30
1 31
1 32
1 33
1 34
1 35
1 36
1 37
2 1
2 3
2 4
2 5
2 6
2 7
2 8
2 9
2 10
2 11
2 12
2 13
2 14
2 15
2 16
2 17
2 18
2 19
2 20
2 21
2 22
2 23
2 24
2 25
2 26
2 27
2 28
2 29
2 30
2 31
2 32
2 33
2 34
2 35
2 36
2 37
3 1
3 2
3 4
3 5
3 6
3 7
3 8
3 9
3 10
3 11
3 12
3 13
3 14
3 15
3 16
3 17
3 18
3 19
3 20
3 21
3 22
3 23
3 24
3 25
3 26
3 27
3 28
3 29
3 30
3 31
3 32
3 33
3 34
3 35
3 36
3 37
4 1
4 2
4 3
4 5
4 6
4 7
4 8
4 9
4 10
4 11
4 12
4 13
4 14
4 15
4 16
4 17
4 18
4 19
4 20
4 21
4 22
4 23
4 24
4 25
4 26
4 27
4 28
4 29
4 30
4 31
4 32
4 33
4 34
4 35
4 36
4 37
5 1
5 2
5 3
5 4
5 6
5 7
5 8
5 9
5 10
5 11
5 12
5 13
5 14
5 15
5 16
5 17
5 18
5 19
5 20
5 21
5 22
5 23
5 24
5 25
5 26
5 27
5 28
5 29
5 30
5 31
5 32
5 33
5 34
5 35
5 36
5 37
6 1
6 2
6 3
6 4
6 5
6 7
6 8
6 9
6 10
6 11
6 12
6 13
6 14
6 15
6 16
6 17
6 18
6 19
6 20
6 21
6 22
6 23
6 24
6 25
6 26
6 27
6 28
6 29
6 30
6 31
6 32
6 33
6 34
6 35
6 36
6 37
7 1
7 2
7 3
7 4
7 5
7 6
7 8
7 9
7 10
7 11
7 12
7 13
7 14
7 15
7 16
7 17
7 18
7 19
7 20
7 21
7 22
7 23
7 24
7 25
7 26
7 27
7 28
7 29
7 30
7 31
7 32
7 33
7 34
7 35
7 36
7 37
8 1
8 2
8 3
8 4
8 5
8 6
8 7
8 9
8 10
8 11
8 12
8 13
8 14
8 15
8 16
8 17
8 18
8 19
8 20
8 21
8 22
8 23
8 24
8 25
8 26
8 27
8 28
8 29
8 30
8 31
8 32
8 33
8 34
8 35
8 36
8 37
9 1
9 2
9 3
9 4
9 5
9 6
9 7
9 8
9 10
9 11
9 12
9 13
9 14
9 15
9 16
9 17
9 18
9 19
9 20
9 21
9 22
9 23
9 24
9 25
9 26
9 27
9 28
9 29
9 30
9 31
9 32
9 33
9 34
9 35
9 36
9 37
10 1
10 2
10 3
10 4
10 5
10 6
10 7
10 8
10 9
10 11
10 12
10 13
10 14
10 15
10 16
10 17
10 18
10 19
10 20
10 21
10 22
10 23
10 24
10 25
10 26
10 27
10 28
10 29
10 30
10 31
10 32
10 33
10 34
10 35
10 36
10 37
11 1
11 2
11 3
11 4
11 5
11 6
11 7
11 8
11 9
11 10
11 12
11 13
11 14
11 15
11 16
11 17
11 18
11 19
11 20
11 21
11 22
11 23
11 24
11 25
11 26
11 27
11 28
11 29
11 30
11 31
11 32
11 33
11 34
11 35
11 36
11 37
12 1
12 2
12 3
12 4
12 5
12 6
12 7
12 8
12 9
12 10
12 11
12 13
12 14
12 15
12 16
12 17
12 18
12 19
12 20
12 21
12 22
12 23
12 24
12 25
12 26
12 27
12 28
12 29
12 30
12 31
12 32
12 33
12 34
12 35
12 36
12 37
13 1
13 2
13 3
13 4
13 5
13 6
13 7
13 8
13 9
13 10
13 11
13 12
13 14
13 15
13 16
13 17
13 18
13 19
13 20
13 21
13 22
13 23
13 24
13 25
13 26
13 27
13 28
13 29
13 30
13 31
13 32
13 33
13 34
13 35
13 36
13 37
14 1
14 2
14 3
14 4
14 5
14 6
14 7
14 8
14 9
14 10
14 11
14 12
14 13
14 15
14 16
14 17
14 18
14 19
14 20
14 21
14 22
14 23
14 24
14 25
14 26
14 27
14 28
14 29
14 30
14 31
14 32
14 33
14 34
14 35
14 36
14 37
15 1
15 2
15 3
15 4
15 5
15 6
15 7
15 8
15 9
15 10
15 11
15 12
15 13
15 14
15 16
15 17
15 18
15 19
15 20
15 21
15 22
15 23
15 24
15 25
15 26
15 27
15 28
15 29
15 30
15 31
15 32
15 33
15 34
15 35
15 36
15 37
16 1
16 2
16 3
16 4
16 5
16 6
16 7
16 8
16 9
16 10
16 11
16 12
16 13
16 14
16 15
16 17
16 18
16 19
16 20
16 21
16 22
16 23
16 24
16 25
16 26
16 27
16 28
16 29
16 30
16 31
16 32
16 33
16 34
16 35
16 36
16 37
17 1
17 2
17 3
17 4
17 5
17 6
17 7
17 8
17 9
17 10
17 11
17 12
17 13
17 14
17 15
17 16
17 18
17 19
17 20
17 21
17 22
17 23
17 24
17 25
17 26
17 27
17 28
17 29
17 30
17 31
17 32
17 33
17 34
17 35
17 36
17 37
18 1
18 2
18 3
18 4
18 5
18 6
18 7
18 8
18 9
18 10
18 11
18 12
18 13
18 14
18 15
18 16
18 17
18 19
18 20
18 21
18 22
18 23
18 24
18 25
18 26
18 27
18 28
18 29
18 30
18 31
18 32
18 33
18 34
18 35
18 36
18 37
19 1
19 2
19 3
19 4
19 5
19 6
19 7
19 8
19 9
19 10
19 11
19 12
19 13
19 14
19 15
19 16
19 17
19 18
19 20
19 21
19 22
19 23
19 24
19 25
19 26
19 27
19 28
19 29
19 30
19 31
19 32
19 33
19 34
19 35
19 36
19 37
20 1
20 2
20 3
20 4
20 5
20 6
20 7
20 8
20 9
20 10
20 11
20 12
20 13
20 14
20 15
20 16
20 17
20 18
20 19
20 21
20 22
20 23
20 24
20 25
20 26
20 27
20 28
20 29
20 30
20 31
20 32
20 33
20 34
20 35
20 36
20 37
21 1
21 2
21 3
21 4
21 5
21 6
21 7
21 8
21 9
21 10
21 11
21 12
21 13
21 14
21 15
21 16
21 17
21 18
21 19
21 20
21 22
21 23
21 24
21 25
21 26
21 27
21 28
21 29
21 30
21 31
21 32
21 33
21 34
21 35
21 36
21 37
22 1
22 2
22 3
22 4
22 5
22 6
22 7
22 8
22 9
22 10
22 11
22 12
22 13
22 14
22 15
22 16
22 17
22 18
22 19
22 20
22 21
22 23
22 24
22 25
22 26
22 27
22 28
22 29
22 30
22 31
22 32
22 33
22 34
22 35
22 36
22 37
23 1
23 2
23 3
23 4
23 5
23 6
23 7
23 8
23 9
23 10
23 11
23 12
23 13
23 14
23 15
23 16
23 17
23 18
23 19
23 20
23 21
23 22
23 24
23 25
23 26
23 27
23 28
23 29
23 30
23 31
23 32
23 33
23 34
23 35
23 36
23 37
24 1
24 2
24 3
24 4
24 5
24 6
24 7
24 8
24 9
24 10
24 11
24 12
24 13
24 14
24 15
24 16
24 17
24 18
24 19
24 20
24 21
24 22
24 23
24 25
24 26
24 27
24 28
24 29
24 30
24 31
24 32
24 33
24 34
24 35
24 36
24 37
25 1
25 2
25 3
25 4
25 5
25 6
25 7
25 8
25 9
25 10
25 11
25 12
25 13
25 14
25 15
25 16
25 17
25 18
25 19
25 20
25 21
25 22
25 23
25 24
25 26
25 27
25 28
25 29
25 30
25 31
25 32
25 33
25 34
25 35
25 36
25 37
26 1
26 2
26 3
26 4
26 5
26 6
26 7
26 8
26 9
26 10
26 11
26 12
26 13
26 14
26 15
26 16
26 17
26 18
26 19
26 20
26 21
26 22
26 23
26 24
26 25
26 27
26 28
26 29
26 30
26 31
26 32
26 33
26 34
26 35
26 36
26 37
27 1
27 2
27 3
27 4
27 5
27 6
27 7
27 8
27 9
27 10
27 11
27 12
27 13
27 14
27 15
27 16
27 17
27 18
27 19
27 20
27 21
27 22
27 23
27 24
27 25
27 26
27 28
27 29
27 30
27 31
27 32
27 33
27 34
27 35
27 36
27 37
28 1
28 2
28 3
28 4
28 5
28 6
28 7
28 8
28 9
28 10
28 11
28 12
28 13
28 14
28 15
28 16
28 17
28 18
28 19
28 20
28 21
28 22
28 23
28 24
28 25
28 26
28 27
28 29
28 30
28 31
28 32
28 33
28 34
28 35
28 36
28 37
29 1
29 2
29 3
29 4
29 5
29 6
29 7
29 8
29 9
29 10
29 11
29 12
29 13
29 14
29 15
29 16
29 17
29 18
29 19
29 20
29 21
29 22
29 23
29 24
29 25
29 26
29 27
29 28
29 30
29 31
29 32
29 33
29 34
29 35
29 36
29 37
30 1
30 2
30 3
30 4
30 5
30 6
30 7
30 8
30 9
30 10
30 11
30 12
30 13
30 14
30 15
30 16
30 17
30 18
30 19
30 20
30 21
30 22
30 23
30 24
30 25
30 26
30 27
30 28
30 29
30 31
30 32
30 33
30 34
30 35
30 36
30 37
31 1
31 2
31 3
31 4
31 5
31 6
31 7
31 8
31 9
31 10
31 11
31 12
31 13
31 14
31 15
31 16
31 17
31 18
31 19
31 20
31 21
31 22
31 23
31 24
31 25
31 26
31 27
31 28
31 29
31 30
31 32
31 33
31 34
31 35
31 36
31 37
32 1
32 2
32 3
32 4
32 5
32 6
32 7
32 8
32 9
32 10
32 11
32 12
32 13
32 14
32 15
32 16
32 17
32 18
32 19
32 20
32 21
32 22
32 23
32 24
32 25
32 26
32 27
32 28
32 29
32 30
32 31
32 33
32 34
32 35
32 36
32 37
33 1
33 2
33 3
33 4
33 5
33 6
33 7
33 8
33 9
33 10
33 11
33 12
33 13
33 14
33 15
33 16
33 17
33 18
33 19
33 20
33 21
33 22
33 23
33 24
33 25
33 26
33 27
33 28
33 29
33 30
33 31
33 32
33 34
33 35
33 36
33 37
34 1
34 2
34 3
34 4
34 5
34 6
34 7
34 8
34 9
34 10
34 11
34 12
34 13
34 14
34 15
34 16
34 17
34 18
34 19
34 20
34 21
34 22
34 23
34 24
34 25
34 26
34 27
34 28
34 29
34 30
34 31
34 32
34 33
34 35
34 36
34 37
35 1
35 2
35 3
35 4
35 5
35 6
35 7
35 8
35 9
35 10
35 11
35 12
35 13
35 14
35 15
35 16
35 17
35 18
35 19
35 20
35 21
35 22
35 23
35 24
35 25
35 26
35 27
35 28
35 29
35 30
35 31
35 32
35 33
35 34
35 36
35 37
36 1
36 2
36 3
36 4
36 5
36 6
36 7
36 8
36 9
36 10
36 11
36 12
36 13
36 14
36 15
36 16
36 17
36 18
36 19
36 20
36 21
36 22
36 23
36 24
36 25
36 26
36 27
36 28
36 29
36 30
36 31
36 32
36 33
36 34
36 35
36 37
37 1
37 2
37 3
37 4
37 5
37 6
37 7
37 8
37 9
37 10
37 11
37 12
37 13
37 14
37 15
37 16
37 17
37 18
37 19
37 20
37 21
37 22
37 23
37 24
37 25
37 26
37 27
37 28
37 29
37 30
37 31
37 32
37 33
37 34
37 35
37 36
1 38
1 39
1 40
1 41
1 42
1 43
1 44
1 45
1 46
1 47
1 48
1 49
1 50
1 51
1 52
1 53
1 54
1 55
1 56
1 57
1 58
1 59
1 60
1 61
1 62
1 63
1 64
1 65
1 66
1 67
1 68
1 69
1 70
1 71
1 72
1 73
2 74
2 75
2 76
2 77
2 78
2 79
2 80
2 81
2 82
2 83
2 84
2 85
2 86
2 87
2 88
2 89
2 90
2 91
2 92
2 93
2 94
2 95
2 96
2 97
2 98
2 99
2 100
2 101
2 102
2 103
2 104
2 105
2 106
2 107
2 108
2 109
3 110
3 111
3 112
3 113
3 114
3 115
3 116
3 117
3 118
3 119
3 120
3 121
3 122
3 123
3 124
3 125
3 126
3 127
3 128
3 129
3 130
3 131
3 132
3 133
3 134
3 135
3 136
3 137
3 138
3 139
3 140
3 141
3 142
3 143
3 144
3 145
4 146
4 147
4 148
4 149
4 150
4 151
4 152
4 153
4 154
4 155
4 156
4 157
4 158
4 159
4 160
4 161
4 162
4 163
4 164
4 165
4 166
4 167
4 168
4 169
4 170
4 171
4 172
4 173
4 174
4 175
4 176
4 177
4 178
4 179
4 180
4 181
5 182
5 183
5 184
5 185
5 186
5 187
5 188
5 189
5 190
5 191
5 192
5 193
5 194
5 195
5 196
5 197
5 198
5 199
5 200
5 201
5 202
5 203
5 204
5 205
5 206
5 207
5 208
5 209
5 210
5 211
5 212
5 213
5 214
5 215
5 216
5 217
6 218
6 219
6 220
6 221
6 222
6 223
6 224
6 225
6 226
6 227
6 228
6 229
6 230
6 231
6 232
6 233
6 234
6 235
6 236
6 237
6 238
6 239
6 240
6 241
6 242
6 243
6 244
6 245
6 246
6 247
6 248
6 249
6 250
6 251
6 252
6 253
7 254
7 255
7 256
7 257
7 258
7 259
7 260
7 261
7 262
7 263
7 264
7 265
7 266
7 267
7 268
7 269
7 270
7 271
7 272
7 273
7 274
7 275
7 276
7 277
7 278
7 279
7 280
7 281
7 282
7 283
7 284
7 285
7 286
7 287
7 288
7 289
8 290
8 291
8 292
8 293
8 294
8 295
8 296
8 297
8 298
8 299
8 300
8 301
8 302
8 303
8 304
8 305
8 306
8 307
8 308
8 309
8 310
8 311
8 312
8 313
8 314
8 315
8 316
8 317
8 318
8 319
8 320
8 321
8 322
8 323
8 324
8 325
9 326
9 327
9 328
9 329
9 330
9 331
9 332
9 333
9 334
9 335
9 336
9 337
9 338
9 339
9 340
9 341
9 342
9 343
9 344
9 345
9 346
9 347
9 348
9 349
9 350
9 351
9 352
9 353
9 354
9 355
9 356
9 357
9 358
9 359
9 360
9 361
10 362
10 363
10 364
10 365
10 366
10 367
10 368
10 369
10 370
10 371
10 372
10 373
10 374
10 375
10 376
10 377
10 378
10 379
10 380
10 381
10 382
10 383
10 384
10 385
10 386
10 387
10 388
10 389
10 390
10 391
10 392
10 393
10 394
10 395
10 396
10 397
11 398
11 399
11 400
11 401
11 402
11 403
11 404
11 405
11 406
11 407
11 408
11 409
11 410
11 411
11 412
11 413
11 414
11 415
11 416
11 417
11 418
11 419
11 420
11 421
11 422
11 423
11 424
11 425
11 426
11 427
11 428
11 429
11 430
11 431
11 432
11 433
12 434
12 435
12 436
12 437
12 438
12 439
12 440
12 441
12 442
12 443
12 444
12 445
12 446
12 447
12 448
12 449
12 450
12 451
12 452
12 453
12 454
12 455
12 456
12 457
12 458
12 459
12 460
12 461
12 462
12 463
12 464
12 465
12 466
12 467
12 468
12 469
13 470
13 471
13 472
13 473
13 474
13 475
13 476
13 477
13 478
13 479
13 480
13 481
13 482
13 483
13 484
13 485
13 486
13 487
13 488
13 489
13 490
13 491
13 492
13 493
13 494
13 495
13 496
13 497
13 498
13 499
13 500
13 501
13 502
13 503
13 504
13 505
14 506
14 507
14 508
14 509
14 510
14 511
14 512
14 513
14 514
14 515
14 516
14 517
14 518
14 519
14 520
14 521
14 522
14 523
14 524
14 525
14 526
14 527
14 528
14 529
14 530
14 531
14 532
14 533
14 534
14 535
14 536
14 537
14 538
14 539
14 540
14 541
15 542
15 543
15 544
15 545
15 546
15 547
15 548
15 549
15 550
15 551
15 552
15 553
15 554
15 555
15 556
15 557
15 558
15 559
15 560
15 561
15 562
15 563
15 564
15 565
15 566
15 567
15 568
15 569
15 570
15 571
15 572
15 573
15 574
15 575
15 576
15 577
16 578
16 579
16 580
16 581
16 582
16 583
16 584
16 585
16 586
16 587
16 588
16 589
16 590
16 591
16 592
16 593
16 594
16 595
16 596
16 597
16 598
16 599
16 600
16 601
16 602
16 603
16 604
16 605
16 606
16 607
16 608
16 609
16 610
16 611
16 612
16 613
17 614
17 615
17 616
17 617
17 618
17 619
17 620
17 621
17 622
17 623
17 624
17 625
17 626
17 627
17 628
17 629
17 630
17 631
17 632
17 633
17 634
17 635
17 636
17 637
17 638
17 639
17 640
17 641
17 642
17 643
17 644
17 645
17 646
17 647
17 648
17 649
18 650
18 651
18 652
18 653
18 654
18 655
18 656
18 657
18 658
18 659
18 660
18 661
18 662
18 663
18 664
18 665
18 666
18 667
18 668
18 669
18 670
18 671
18 672
18 673
18 674
18 675
18 676
18 677
18 678
18 679
18 680
18 681
18 682
18 683
18 684
18 685
19 686
19 687
19 688
19 689
19 690
19 691
19 692
19 693
19 694
19 695
19 696
19 697
19 698
19 699
19 700
19 701
19 702
19 703
19 704
19 705
19 706
19 707
19 708
19 709
19 710
19 711
19 712
19 713
19 714
19 715
19 716
19 717
19 718
19 719
19 720
19 721
20 722
20 723
20 724
20 725
20 726
20 727
20 728
20 729
20 730
20 731
20 732
20 733
20 734
20 735
20 736
20 737
20 738
20 739
20 740
20 741
20 742
20 743
20 744
20 745
20 746
20 747
20 748
20 749
20 750
20 751
20 752
20 753
20 754
20 755
20 756
20 757
21 758
21 759
21 760
21 761
21 762
21 763
21 764
21 765
21 766
21 767
21 768
21 769
21 770
21 771
21 772
21 773
21 774
21 775
21 776
21 777
21 778
21 779
21 780
21 781
21 782
21 783
21 784
21 785
21 786
21 787
21 788
21 789
21 790
21 791
21 792
21 793
22 794
22 795
22 796
22 797
22 798
22 799
22 800
22 801
22 802
22 803
22 804
22 805
22 806
22 807
22 808
22 809
22 810
22 811
22 812
22 813
22 814
22 815
22 816
22 817
22 818
22 819
22 820
22 821
22 822
22 823
22 824
22 825
22 826
22 827
22 828
22 829
23 830
23 831
23 832
23 833
23 834
23 835
23 836
23 837
23 838
23 839
23 840
23 841
23 842
23 843
23 844
23 845
23 846
23 847
23 848
23 849
23 850
23 851
23 852
23 853
23 854
23 855
23 856
23 857
23 858
23 859
23 860
23 861
23 862
23 863
23 864
23 865
24 866
24 867
24 868
24 869
24 870
24 871
24 872
24 873
24 874
24 875
24 876
24 877
24 878
24 879
24 880
24 881
24 882
24 883
24 884
24 885
24 886
24 887
24 888
24 889
24 890
24 891
24 892
24 893
24 894
24 895
24 896
24 897
24 898
24 899
24 900
24 901
25 902
25 903
25 904
25 905
25 906
25 907
25 908
25 909
25 910
25 911
25 912
25 913
25 914
25 915
25 916
25 917
25 918
25 919
25 920
25 921
25 922
25 923
25 924
25 925
25 926
25 927
25 928
25 929
25 930
25 931
25 932
25 933
25 934
25 935
25 936
25 937
26 938
26 939
26 940
26 941
26 942
26 943
26 944
26 945
26 946
26 947
26 948
26 949
26 950
26 951
26 952
26 953
26 954
26 955
26 956
26 957
26 958
26 959
26 960
26 961
26 962
26 963
26 964
26 965
26 966
26 967
26 968
26 969
26 970
26 971
26 972
26 973
27 974
27 975
27 976
27 977
27 978
27 979
27 980
27 981
27 982
27 983
27 984
27 985
27 986
27 987
27 988
27 989
27 990
27 991
27 992
27 993
27 994
27 995
27 996
27 997
27 998
27 999
27 1000
27 1001
27 1002
27 1003
27 1004
27 1005
27 1006
27 1007
27 1008
27 1009
28 1010
28 1011
28 1012
28 1013
28 1014
28 1015
28 1016
28 1017
28 1018
28 1019
28 1020
28 1021
28 1022
28 1023
28 1024
28 1025
28 1026
28 1027
28 1028
28 1029
28 1030
28 1031
28 1032
28 1033
28 1034
28 1035
28 1036
28 1037
28 1038
28 1039
28 1040
28 1041
28 1042
28 1043
28 1044
28 1045
29 1046
29 1047
29 1048
29 1049
29 1050
29 1051
29 1052
29 1053
29 1054
29 1055
29 1056
29 1057
29 1058
29 1059
29 1060
29 1061
29 1062
29 1063
29 1064
29 1065
29 1066
29 1067
29 1068
29 1069
29 1070
29 1071
29 1072
29 1073
29 1074
29 1075
29 1076
29 1077
29 1078
29 1079
29 1080
29 1081
30 1082
30 1083
30 1084
30 1085
30 1086
30 1087
30 1088
30 1089
30 1090
30 1091
30 1092
30 1093
30 1094
30 1095
30 1096
30 1097
30 1098
30 1099
30 1100
30 1101
30 1102
30 1103
30 1104
30 1105
30 1106
30 1107
30 1108
30 1109
30 1110
30 1111
30 1112
30 1113
30 1114
30 1115
30 1116
30 1117
31 1118
31 1119
31 1120
31 1121
31 1122
31 1123
31 1124
31 1125
31 1126
31 1127
31 1128
31 1129
31 1130
31 1131
31 1132
31 1133
31 1134
31 1135
31 1136
31 1137
31 1138
31 1139
31 1140
31 1141
31 1142
31 1143
31 1144
31 1145
31 1146
31 1147
31 1148
31 1149
31 1150
31 1151
31 1152
31 1153
32 1154
32 1155
32 1156
32 1157
32 1158
32 1159
32 1160
32 1161
32 1162
32 1163
32 1164
32 1165
32 1166
32 1167
32 1168
32 1169
32 1170
32 1171
32 1172
32 1173
32 1174
32 1175
32 1176
32 1177
32 1178
32 1179
32 1180
32 1181
32 1182
32 1183
32 1184
32 1185
32 1186
32 1187
32 1188
32 1189
33 1190
33 1191
33 1192
33 1193
33 1194
33 1195
33 1196
33 1197
33 1198
33 1199
33 1200
33 1201
33 1202
33 1203
33 1204
33 1205
33 1206
33 1207
33 1208
33 1209
33 1210
33 1211
33 1212
33 1213
33 1214
33 1215
33 1216
33 1217
33 1218
33 1219
33 1220
33 1221
33 1222
33 1223
33 1224
33 1225
34 1226
34 1227
34 1228
34 1229
34 1230
34 1231
34 1232
34 1233
34 1234
34 1235
34 1236
34 1237
34 1238
34 1239
34 1240
34 1241
34 1242
34 1243
34 1244
34 1245
34 1246
34 1247
34 1248
34 1249
34 1250
34 1251
34 1252
34 1253
34 1254
34 1255
34 1256
34 1257
34 1258
34 1259
34 1260
34 1261
35 1262
35 1263
35 1264
35 1265
35 1266
35 1267
35 1268
35 1269
35 1270
35 1271
35 1272
35 1273
35 1274
35 1275
35 1276
35 1277
35 1278
35 1279
35 1280
35 1281
35 1282
35 1283
35 1284
35 1285
35 1286
35 1287
35 1288
35 1289
35 1290
35 1291
35 1292
35 1293
35 1294
35 1295
35 1296
35 1297
36 1298
36 1299
36 1300
36 1301
36 1302
36 1303
36 1304
36 1305
36 1306
36 1307
36 1308
36 1309
36 1310
36 1311
36 1312
36 1313
36 1314
36 1315
36 1316
36 1317
36 1318
36 1319
36 1320
36 1321
36 1322
36 1323
36 1324
36 1325
36 1326
36 1327
36 1328
36 1329
36 1330
36 1331
36 1332
36 1333
37 1334
37 1335
37 1336
37 1337
37 1338
37 1339
37 1340
37 1341
37 1342
37 1343
37 1344
37 1345
37 1346
37 1347
37 1348
37 1349
37 1350
37 1351
37 1352
37 1353
37 1354
37 1355
37 1356
37 1357
37 1358
37 1359
37 1360
37 1361
37 1362
37 1363
37 1364
37 1365
37 1366
37 1367
37 1368
37 1369
38 1370
38 1371
38 1372
38 1373
38 1374
38 1375
38 1376
38 1377
38 1378
38 1379
38 1380
38 1381
38 1382
38 1383
38 1384
38 1385
38 1386
38 1387
38 1388
38 1389
38 1390
38 1391
38 1392
38 1393
38 1394
38 1395
38 1396
38 1397
38 1398
38 1399
38 1400
38 1401
38 1402
38 1403
38 1404
38 1405
38 1406
38 1407
38 1408
38 1409
38 1410
38 1411
38 1412
38 1413
38 1414
38 1415
38 1416
38 1417
38 1418
38 1419
38 1420
38 1421
38 1422
38 1423
38 1424
38 1425
38 1426
38 1427
38 1428
38 1429
38 1430
38 1431
38 1432
38 1433
38 1434
38 1435
38 1436
38 1437
38 1438
38 1439
38 1440
38 1441
74 1442
74 1443
74 1444
74 1445
74 1446
74 1447
74 1448
74 1449
74 1450
74 1451
74 1452
74 1453
74 1454
74 1455
74 1456
74 1457
74 1458
74 1459
74 1460
74 1461
74 1462
74 1463
74 1464
74 1465
74 1466
74 1467
74 1468
74 1469
74 1470
74 1471
74 1472
74 1473
74 1474
74 1475
74 1476
74 1477
74 1478
74 1479
74 1480
74 1481
74 1482
74 1483
74 1484
74 1485
74 1486
74 1487
74 1488
74 1489
74 1490
74 1491
74 1492
74 1493
74 1494
74 1495
74 1496
74 1497
74 1498
74 1499
74 1500
74 1501
74 1502
74 1503
74 1504
74 1505
74 1506
74 1507
74 1508
74 1509
74 1510
74 1511
74 1512
74 1513
110 1514
110 1515
110 1516
110 1517
110 1518
110 1519
110 1520
110 1521
110 1522
110 1523
110 1524
110 1525
110 1526
110 1527
110 1528
110 1529
110 1530
110 1531
110 1532
110 1533
110 1534
110 1535
110 1536
110 1537
110 1538
110 1539
110 1540
110 1541
110 1542
110 1543
110 1544
110 1545
110 1546
110 1547
110 1548
110 1549
110 1550
110 1551
110 1552
110 1553
110 1554
110 1555
110 1556
110 1557
110 1558
110 1559
110 1560
110 1561
110 1562
110 1563
110 1564
110 1565
110 1566
110 1567
110 1568
110 1569
110 1570
110 1571
110 1572
110 1573
110 1574
110 1575
110 1576
110 1577
110 1578
110 1579
110 1580
110 1581
110 1582
110 1583
110 1584
110 1585
146 1586
146 1587
146 1588
146 1589
146 1590
146 1591
146 1592
146 1593
146 1594
146 1595
146 1596
146 1597
146 1598
146 1599
146 1600
146 1601
146 1602
146 1603
146 1604
146 1605
146 1606
146 1607
146 1608
146 1609
146 1610
146 1611
146 1612
146 1613
146 1614
146 1615
146 1616
146 1617
146 1618
146 1619
146 1620
146 1621
146 1622
146 1623
146 1624
146 1625
146 1626
146 1627
146 1628
146 1629
146 1630
146 1631
146 1632
146 1633
146 1634
146 1635
146 1636
146 1637
146 1638
146 1639
146 1640
146 1641
146 1642
146 1643
146 1644
146 1645
146 1646
146 1647
146 1648
146 1649
146 1650
146 1651
146 1652
146 1653
146 1654
146 1655
146 1656
146 1657
182 1658
182 1659
182 1660
182 1661
182 1662
182 1663
182 1664
182 1665
182 1666
182 1667
182 1668
182 1669
182 1670
182 1671
182 1672
182 1673
182 1674
182 1675
182 1676
182 1677
182 1678
182 1679
182 1680
182 1681
182 1682
182 1683
182 1684
182 1685
182 1686
182 1687
182 1688
182 1689
182 1690
182 1691
182 1692
182 1693
182 1694
182 1695
182 1696
182 1697
182 1698
182 1699
182 1700
182 1701
182 1702
182 1703
182 1704
182 1705
182 1706
182 1707
182 1708
182 1709
182 1710
182 1711
182 1712
182 1713
182 1714
182 1715
182 1716
182 1717
182 1718
182 1719
182 1720
182 1721
182 1722
182 1723
182 1724
182 1725
182 1726
182 1727
182 1728
182 1729
218 1730
218 1731
218 1732
218 1733
218 1734
218 1735
218 1736
218 1737
218 1738
218 1739
218 1740
218 1741
218 1742
218 1743
218 1744
218 1745
218 1746
218 1747
218 1748
218 1749
218 1750
218 1751
218 1752
218 1753
218 1754
218 1755
218 1756
218 1757
218 1758
218 1759
218 1760
218 1761
218 1762
218 1763
218 1764
218 1765
218 1766
218 1767
218 1768
218 1769
218 1770
218 1771
218 1772
218 1773
218 1774
218 1775
218 1776
218 1777
218 1778
218 1779
218 1780
218 1781
218 1782
218 1783
218 1784
218 1785
218 1786
218 1787
218 1788
218 1789
218 1790
218 1791
218 1792
218 1793
218 1794
218 1795
218 1796
218 1797
218 1798
218 1799
218 1800
218 1801
254 1802
254 1803
254 1804
254 1805
254 1806
254 1807
254 1808
254 1809
254 1810
254 1811
254 1812
254 1813
254 1814
254 1815
254 1816
254 1817
254 1818
254 1819
254 1820
254 1821
254 1822
254 1823
254 1824
254 1825
254 1826
254 1827
254 1828
254 1829
254 1830
254 1831
254 1832
254 1833
254 1834
254 1835
254 1836
254 1837
254 1838
254 1839
254 1840
254 1841
254 1842
254 1843
254 1844
254 1845
254 1846
254 1847
254 1848
254 1849
254 1850
254 1851
254 1852
254 1853
254 1854
254 1855
254 1856
254 1857
254 1858
254 1859
254 1860
254 1861
254 1862
254 1863
254 1864
254 1865
254 1866
254 1867
254 1868
254 1869
254 1870
254 1871
254 1872
254 1873
290 1874
290 1875
290 1876
290 1877
290 1878
290 1879
290 1880
290 1881
290 1882
290 1883
290 1884
290 1885
290 1886
290 1887
290 1888
290 1889
290 1890
290 1891
290 1892
290 1893
290 1894
290 1895
290 1896
290 1897
290 1898
290 1899
290 1900
290 1901
290 1902
290 1903
290 1904
290 1905
290 1906
290 1907
290 1908
290 1909
290 1910
290 1911
290 1912
290 1913
290 1914
290 1915
290 1916
290 1917
290 1918
290 1919
290 1920
290 1921
290 1922
290 1923
290 1924
290 1925
290 1926
290 1927
290 1928
290 1929
290 1930
290 1931
290 1932
290 1933
290 1934
290 1935
290 1936
290 1937
290 1938
290 1939
290 1940
290 1941
290 1942
290 1943
290 1944
290 1945
326 1946
326 1947
326 1948
326 1949
326 1950
326 1951
326 1952
326 1953
326 1954
326 1955
326 1956
326 1957
326 1958
326 1959
326 1960
326 1961
326 1962
326 1963
326 1964
326 1965
326 1966
326 1967
326 1968
326 1969
326 1970
326 1971
326 1972
326 1973
326 1974
326 1975
326 1976
326 1977
326 1978
326 1979
326 1980
326 1981
326 1982
326 1983
326 1984
326 1985
326 1986
326 1987
326 1988
326 1989
326 1990
326 1991
326 1992
326 1993
326 1994
326 1995
326 1996
326 1997
326 1998
326 1999
326 2000
326 2001
326 2002
326 2003
326 2004
326 2005
326 2006
326 2007
326 2008
326 2009
326 2010
326 2011
326 2012
326 2013
326 2014
326 2015
326 2016
326 2017
362 2018
362 2019
362 2020
362 2021
362 2022
362 2023
362 2024
362 2025
362 2026
362 2027
362 2028
362 2029
362 2030
362 2031
362 2032
362 2033
362 2034
362 2035
362 2036
362 2037
362 2038
362 2039
362 2040
362 2041
362 2042
362 2043
362 2044
362 2045
362 2046
362 2047
362 2048
362 2049
362 2050
362 2051
362 2052
362 2053
362 2054
362 2055
362 2056
362 2057
362 2058
362 2059
362 2060
362 2061
362 2062
362 2063
362 2064
362 2065
362 2066
362 2067
362 2068
362 2069
362 2070
362 2071
362 2072
362 2073
362 2074
362 2075
362 2076
362 2077
362 2078
362 2079
362 2080
362 2081
362 2082
362 2083
362 2084
362 2085
362 2086
362 2087
362 2088
362 2089
398 2090
398 2091
398 2092
398 2093
398 2094
398 2095
398 2096
398 2097
398 2098
398 2099
398 2100
398 2101
398 2102
398 2103
398 2104
398 2105
398 2106
398 2107
398 2108
398 2109
398 2110
398 2111
398 2112
398 2113
398 2114
398 2115
398 2116
398 2117
398 2118
398 2119
398 2120
398 2121
398 2122
398 2123
398 2124
398 2125
398 2126
398 2127
398 2128
398 2129
398 2130
398 2131
398 2132
398 2133
398 2134
398 2135
398 2136
398 2137
398 2138
398 2139
398 2140
398 2141
398 2142
398 2143
398 2144
398 2145
398 2146
398 2147
398 2148
398 2149
398 2150
398 2151
398 2152
398 2153
398 2154
398 2155
398 2156
398 2157
398 2158
398 2159
398 2160
398 2161
434 2162
434 2163
434 2164
434 2165
434 2166
434 2167
434 2168
434 2169
434 2170
434 2171
434 2172
434 2173
434 2174
434 2175
434 2176
434 2177
434 2178
434 2179
434 2180
434 2181
434 2182
434 2183
434 2184
434 2185
434 2186
434 2187
434 2188
434 2189
434 2190
434 2191
434 2192
434 2193
434 2194
434 2195
434 2196
434 2197
434 2198
434 2199
434 2200
434 2201
434 2202
434 2203
434 2204
434 2205
434 2206
434 2207
434 2208
434 2209
434 2210
434 2211
434 2212
434 2213
434 2214
434 2215
434 2216
434 2217
434 2218
434 2219
434 2220
434 2221
434 2222
434 2223
434 2224
434 2225
434 2226
434 2227
434 2228
434 2229
434 2230
434 2231
434 2232
434 2233
470 2234
470 2235
470 2236
470 2237
470 2238
470 2239
470 2240
470 2241
470 2242
470 2243
470 2244
470 2245
470 2246
470 2247
470 2248
470 2249
470 2250
470 2251
470 2252
470 2253
470 2254
470 2255
470 2256
470 2257
470 2258
470 2259
470 2260
470 2261
470 2262
470 2263
470 2264
470 2265
470 2266
470 2267
470 2268
470 2269
470 2270
470 2271
470 2272
470 2273
470 2274
470 2275
470 2276
470 2277
470 2278
470 2279
470 2280
470 2281
470 2282
470 2283
470 2284
470 2285
470 2286
470 2287
470 2288
470 2289
470 2290
470 2291
470 2292
470 2293
470 2294
470 2295
470 2296
470 2297
470 2298
470 2299
470 2300
470 2301
470 2302
470 2303
470 2304
470 2305
506 2306
506 2307
506 2308
506 2309
506 2310
506 2311
506 2312
506 2313
506 2314
506 2315
506 2316
506 2317
506 2318
506 2319
506 2320
506 2321
506 2322
506 2323
506 2324
506 2325
506 2326
506 2327
506 2328
506 2329
506 2330
506 2331
506 2332
506 2333
506 2334
506 2335
506 2336
506 2337
506 2338
506 2339
506 2340
506 2341
506 2342
506 2343
506 2344
506 2345
506 2346
506 2347
506 2348
506 2349
506 2350
506 2351
506 2352
506 2353
506 2354
506 2355
506 2356
506 2357
506 2358
506 2359
506 2360
506 2361
506 2362
506 2363
506 2364
506 2365
506 2366
506 2367
506 2368
506 2369
506 2370
506 2371
506 2372
506 2373
506 2374
506 2375
506 2376
506 2377
542 2378
542 2379
542 2380
542 2381
542 2382
542 2383
542 2384
542 2385
542 2386
542 2387
542 2388
542 2389
542 2390
542 2391
542 2392
542 2393
542 2394
542 2395
542 2396
542 2397
542 2398
542 2399
542 2400
542 2401
542 2402
542 2403
542 2404
542 2405
542 2406
542 2407
542 2408
542 2409
542 2410
542 2411
542 2412
542 2413
542 2414
542 2415
542 2416
542 2417
542 2418
542 2419
542 2420
542 2421
542 2422
542 2423
542 2424
542 2425
542 2426
542 2427
542 2428
542 2429
542 2430
542 2431
542 2432
542 2433
542 2434
542 2435
542 2436
542 2437
542 2438
542 2439
542 2440
542 2441
542 2442
542 2443
542 2444
542 2445
542 2446
542 2447
542 2448
542 2449
578 2450
578 2451
578 2452
578 2453
578 2454
578 2455
578 2456
578 2457
578 2458
578 2459
578 2460
578 2461
578 2462
578 2463
578 2464
578 2465
578 2466
578 2467
578 2468
578 2469
578 2470
578 2471
578 2472
578 2473
578 2474
578 2475
578 2476
578 2477
578 2478
578 2479
578 2480
578 2481
578 2482
578 2483
578 2484
578 2485
578 2486
578 2487
578 2488
578 2489
578 2490
578 2491
578 2492
578 2493
578 2494
578 2495
578 2496
578 2497
578 2498
578 2499
578 2500
578 2501
578 2502
578 2503
578 2504
578 2505
578 2506
578 2507
578 2508
578 2509
578 2510
578 2511
578 2512
578 2513
578 2514
578 2515
578 2516
578 2517
578 2518
578 2519
578 2520
578 2521
614 2522
614 2523
614 2524
614 2525
614 2526
614 2527
614 2528
614 2529
614 2530
614 2531
614 2532
614 2533
614 2534
614 2535
614 2536
614 2537
614 2538
614 2539
614 2540
614 2541
614 2542
614 2543
614 2544
614 2545
614 2546
614 2547
614 2548
614 2549
614 2550
614 2551
614 2552
614 2553
614 2554
614 2555
614 2556
614 2557
614 2558
614 2559
614 2560
614 2561
614 2562
614 2563
614 2564
614 2565
614 2566
614 2567
614 2568
614 2569
614 2570
614 2571
614 2572
614 2573
614 2574
614 2575
614 2576
614 2577
614 2578
614 2579
614 2580
614 2581
614 2582
614 2583
614 2584
614 2585
614 2586
614 2587
614 2588
614 2589
614 2590
614 2591
614 2592
614 2593
650 2594
650 2595
650 2596
650 2597
650 2598
650 2599
650 2600
650 2601
650 2602
650 2603
650 2604
650 2605
650 2606
650 2607
650 2608
650 2609
650 2610
650 2611
650 2612
650 2613
650 2614
650 2615
650 2616
650 2617
650 2618
650 2619
650 2620
650 2621
650 2622
650 2623
650 2624
650 2625
650 2626
650 2627
650 2628
650 2629
650 2630
650 2631
650 2632
650 2633
650 2634
650 2635
650 2636
650 2637
650 2638
650 2639
650 2640
650 2641
650 2642
650 2643
650 2644
650 2645
650 2646
650 2647
650 2648
650 2649
650 2650
650 2651
650 2652
650 2653
650 2654
650 2655
650 2656
650 2657
650 2658
650 2659
650 2660
650 2661
650 2662
650 2663
650 2664
650 2665
686 2666
686 2667
686 2668
686 2669
686 2670
686 2671
686 2672
686 2673
686 2674
686 2675
686 2676
686 2677
686 2678
686 2679
686 2680
686 2681
686 2682
686 2683
686 2684
686 2685
686 2686
686 2687
686 2688
686 2689
686 2690
686 2691
686 2692
686 2693
686 2694
686 2695
686 2696
686 2697
686 2698
686 2699
686 2700
686 2701
686 2702
686 2703
686 2704
686 2705
686 2706
686 2707
686 2708
686 2709
686 2710
686 2711
686 2712
686 2713
686 2714
686 2715
686 2716
686 2717
686 2718
686 2719
686 2720
686 2721
686 2722
686 2723
686 2724
686 2725
686 2726
686 2727
686 2728
686 2729
686 2730
686 2731
686 2732
686 2733
686 2734
686 2735
686 2736
686 2737
722 2738
722 2739
722 2740
722 2741
722 2742
722 2743
722 2744
722 2745
722 2746
722 2747
722 2748
722 2749
722 2750
722 2751
722 2752
722 2753
722 2754
722 2755
722 2756
722 2757
722 2758
722 2759
722 2760
722 2761
722 2762
722 2763
722 2764
722 2765
722 2766
722 2767
722 2768
722 2769
722 2770
722 2771
722 2772
722 2773
722 2774
722 2775
722 2776
722 2777
722 2778
722 2779
722 2780
722 2781
722 2782
722 2783
722 2784
722 2785
722 2786
722 2787
722 2788
722 2789
722 2790
722 2791
722 2792
722 2793
722 2794
722 2795
722 2796
722 2797
722 2798
722 2799
722 2800
722 2801
722 2802
722 2803
722 2804
722 2805
722 2806
722 2807
722 2808
722 2809
758 2810
758 2811
758 2812
758 2813
758 2814
758 2815
758 2816
758 2817
758 2818
758 2819
758 2820
758 2821
758 2822
758 2823
758 2824
758 2825
758 2826
758 2827
758 2828
758 2829
758 2830
758 2831
758 2832
758 2833
758 2834
758 2835
758 2836
758 2837
758 2838
758 2839
758 2840
758 2841
758 2842
758 2843
758 2844
758 2845
758 2846
758 2847
758 2848
758 2849
758 2850
758 2851
758 2852
758 2853
758 2854
758 2855
758 2856
758 2857
758 2858
758 2859
758 2860
758 2861
758 2862
758 2863
758 2864
758 2865
758 2866
758 2867
758 2868
758 2869
758 2870
758 2871
758 2872
758 2873
758 2874
758 2875
758 2876
758 2877
758 2878
758 2879
758 2880
758 2881
794 2882
794 2883
794 2884
794 2885
794 2886
794 2887
794 2888
794 2889
794 2890
794 2891
794 2892
794 2893
794 2894
794 2895
794 2896
794 2897
794 2898
794 2899
794 2900
794 2901
794 2902
794 2903
794 2904
794 2905
794 2906
794 2907
794 2908
794 2909
794 2910
794 2911
794 2912
794 2913
794 2914
794 2915
794 2916
794 2917
794 2918
794 2919
794 2920
794 2921
794 2922
794 2923
794 2924
794 2925
794 2926
794 2927
794 2928
794 2929
794 2930
794 2931
794 2932
794 2933
794 2934
794 2935
794 2936
794 2937
794 2938
794 2939
794 2940
794 2941
794 2942
794 2943
794 2944
794 2945
794 2946
794 2947
794 2948
794 2949
794 2950
794 2951
794 2952
794 2953
830 2954
830 2955
830 2956
830 2957
830 2958
830 2959
830 2960
830 2961
830 2962
830 2963
830 2964
830 2965
830 2966
830 2967
830 2968
830 2969
830 2970
830 2971
830 2972
830 2973
830 2974
830 2975
830 2976
830 2977
830 2978
830 2979
830 2980
830 2981
830 2982
830 2983
830 2984
830 2985
830 2986
830 2987
830 2988
830 2989
830 2990
830 2991
830 2992
830 2993
830 2994
830 2995
830 2996
830 2997
830 2998
830 2999
830 3000
830 3001
830 3002
830 3003
830 3004
830 3005
830 3006
830 3007
830 3008
830 3009
830 3010
830 3011
830 3012
830 3013
830 3014
830 3015
830 3016
830 3017
830 3018
830 3019
830 3020
830 3021
830 3022
830 3023
830 3024
830 3025
866 3026
866 3027
866 3028
866 3029
866 3030
866 3031
866 3032
866 3033
866 3034
866 3035
866 3036
866 3037
866 3038
866 3039
866 3040
866 3041
866 3042
866 3043
866 3044
866 3045
866 3046
866 3047
866 3048
866 3049
866 3050
866 3051
866 3052
866 3053
866 3054
866 3055
866 3056
866 3057
866 3058
866 3059
866 3060
866 3061
866 3062
866 3063
866 3064
866 3065
866 3066
866 3067
866 3068
866 3069
866 3070
866 3071
866 3072
866 3073
866 3074
866 3075
866 3076
866 3077
866 3078
866 3079
866 3080
866 3081
866 3082
866 3083
866 3084
866 3085
866 3086
866 3087
866 3088
866 3089
866 3090
866 3091
866 3092
866 3093
866 3094
866 3095
866 3096
866 3097
902 3098
902 3099
902 3100
902 3101
902 3102
902 3103
902 3104
902 3105
902 3106
902 3107
902 3108
902 3109
902 3110
902 3111
902 3112
902 3113
902 3114
902 3115
902 3116
902 3117
902 3118
902 3119
902 3120
902 3121
902 3122
902 3123
902 3124
902 3125
902 3126
902 3127
902 3128
902 3129
902 3130
902 3131
902 3132
902 3133
902 3134
902 3135
902 3136
902 3137
902 3138
902 3139
902 3140
902 3141
902 3142
902 3143
902 3144
902 3145
902 3146
902 3147
902 3148
902 3149
902 3150
902 3151
902 3152
902 3153
902 3154
902 3155
902 3156
902 3157
902 3158
902 3159
902 3160
902 3161
902 3162
902 3163
902 3164
902 3165
902 3166
902 3167
902 3168
902 3169
938 3170
938 3171
938 3172
938 3173
938 3174
938 3175
938 3176
938 3177
938 3178
938 3179
938 3180
938 3181
938 3182
938 3183
938 3184
938 3185
938 3186
938 3187
938 3188
938 3189
938 3190
938 3191
938 3192
938 3193
938 3194
938 3195
938 3196
938 3197
938 3198
938 3199
938 3200
938 3201
938 3202
938 3203
938 3204
938 3205
938 3206
938 3207
938 3208
938 3209
938 3210
938 3211
938 3212
938 3213
938 3214
938 3215
938 3216
938 3217
938 3218
938 3219
938 3220
938 3221
938 3222
938 3223
938 3224
938 3225
938 3226
938 3227
938 3228
938 3229
938 3230
938 3231
938 3232
938 3233
938 3234
938 3235
938 3236
938 3237
938 3238
938 3239
938 3240
938 3241
974 3242
974 3243
974 3244
974 3245
974 3246
974 3247
974 3248
974 3249
974 3250
974 3251
974 3252
974 3253
974 3254
974 3255
974 3256
974 3257
974 3258
974 3259
974 3260
974 3261
974 3262
974 3263
974 3264
974 3265
974 3266
974 3267
974 3268
974 3269
974 3270
974 3271
974 3272
974 3273
974 3274
974 3275
974 3276
974 3277
974 3278
974 3279
974 3280
974 3281
974 3282
974 3283
974 3284
974 3285
974 3286
974 3287
974 3288
974 3289
974 3290
974 3291
974 3292
974 3293
974 3294
974 3295
974 3296
974 3297
974 3298
974 3299
974 3300
974 3301
974 3302
974 3303
974 3304
974 3305
974 3306
974 3307
974 3308
974 3309
974 3310
974 3311
974 3312
974 3313
1010 3314
1010 3315
1010 3316
1010 3317
1010 3318
1010 3319
1010 3320
1010 3321
1010 3322
1010 3323
1010 3324
1010 3325
1010 3326
1010 3327
1010 3328
1010 3329
1010 3330
1010 3331
1010 3332
1010 3333
1010 3334
1010 3335
1010 3336
1010 3337
1010 3338
1010 3339
1010 3340
1010 3341
1010 3342
1010 3343
1010 3344
1010 3345
1010 3346
1010 3347
1010 3348
1010 3349
1010 3350
1010 3351
1010 3352
1010 3353
1010 3354
1010 3355
1010 3356
1010 3357
1010 3358
1010 3359
1010 3360
1010 3361
1010 3362
1010 3363
1010 3364
1010 3365
1010 3366
1010 3367
1010 3368
1010 3369
1010 3370
1010 3371
1010 3372
1010 3373
1010 3374
1010 3375
1010 3376
1010 3377
1010 3378
1010 3379
1010 3380
1010 3381
1010 3382
1010 3383
1010 3384
1010 3385
1046 3386
1046 3387
1046 3388
1046 3389
1046 3390
1046 3391
1046 3392
1046 3393
1046 3394
1046 3395
1046 3396
1046 3397
1046 3398
1046 3399
1046 3400
1046 3401
1046 3402
1046 3403
1046 3404
1046 3405
1046 3406
1046 3407
1046 3408
1046 3409
1046 3410
1046 3411
1046 3412
1046 3413
1046 3414
1046 3415
1046 3416
1046 3417
1046 3418
1046 3419
1046 3420
1046 3421
1046 3422
1046 3423
1046 3424
1046 3425
1046 3426
1046 3427
1046 3428
1046 3429
1046 3430
1046 3431
1046 3432
1046 3433
1046 3434
1046 3435
1046 3436
1046 3437
1046 3438
1046 3439
1046 3440
1046 3441
1046 3442
1046 3443
1046 3444
1046 3445
1046 3446
1046 3447
1046 3448
1046 3449
1046 3450
1046 3451
1046 3452
1046 3453
1046 3454
1046 3455
1046 3456
1046 3457
1082 3458
1082 3459
1082 3460
1082 3461
1082 3462
1082 3463
1082 3464
1082 3465
1082 3466
1082 3467
1082 3468
1082 3469
1082 3470
1082 3471
1082 3472
1082 3473
1082 3474
1082 3475
1082 3476
1082 3477
1082 3478
1082 3479
1082 3480
1082 3481
1082 3482
1082 3483
1082 3484
1082 3485
1082 3486
1082 3487
1082 3488
1082 3489
1082 3490
1082 3491
1082 3492
1082 3493
1082 3494
1082 3495
1082 3496
1082 3497
1082 3498
1082 3499
1082 3500
1082 3501
1082 3502
1082 3503
1082 3504
1082 3505
1082 3506
1082 3507
1082 3508
1082 3509
1082 3510
1082 3511
1082 3512
1082 3513
1082 3514
1082 3515
1082 3516
1082 3517
1082 3518
1082 3519
1082 3520
1082 3521
1082 3522
1082 3523
1082 3524
1082 3525
1082 3526
1082 3527
1082 3528
1082 3529
1118 3530
1118 3531
1118 3532
1118 3533
1118 3534
1118 3535
1118 3536
1118 3537
1118 3538
1118 3539
1118 3540
1118 3541
1118 3542
1118 3543
1118 3544
1118 3545
1118 3546
1118 3547
1118 3548
1118 3549
1118 3550
1118 3551
1118 3552
1118 3553
1118 3554
1118 3555
1118 3556
1118 3557
1118 3558
1118 3559
1118 3560
1118 3561
1118 3562
1118 3563
1118 3564
1118 3565
1118 3566
1118 3567
1118 3568
1118 3569
1118 3570
1118 3571
1118 3572
1118 3573
1118 3574
1118 3575
1118 3576
1118 3577
1118 3578
1118 3579
1118 3580
1118 3581
1118 3582
1118 3583
1118 3584
1118 3585
1118 3586
1118 3587
1118 3588
1118 3589
1118 3590
1118 3591
1118 3592
1118 3593
1118 3594
1118 3595
1118 3596
1118 3597
1118 3598
1118 3599
1118 3600
1118 3601
1154 3602
1154 3603
1154 3604
1154 3605
1154 3606
1154 3607
1154 3608
1154 3609
1154 3610
1154 3611
1154 3612
1154 3613
1154 3614
1154 3615
1154 3616
1154 3617
1154 3618
1154 3619
1154 3620
1154 3621
1154 3622
1154 3623
1154 3624
1154 3625
1154 3626
1154 3627
1154 3628
1154 3629
1154 3630
1154 3631
1154 3632
1154 3633
1154 3634
1154 3635
1154 3636
1154 3637
1154 3638
1154 3639
1154 3640
1154 3641
1154 3642
1154 3643
1154 3644
1154 3645
1154 3646
1154 3647
1154 3648
1154 3649
1154 3650
1154 3651
1154 3652
1154 3653
1154 3654
1154 3655
1154 3656
1154 3657
1154 3658
1154 3659
1154 3660
1154 3661
1154 3662
1154 3663
1154 3664
1154 3665
1154 3666
1154 3667
1154 3668
1154 3669
1154 3670
1154 3671
1154 3672
1154 3673
1190 3674
1190 3675
1190 3676
1190 3677
1190 3678
1190 3679
1190 3680
1190 3681
1190 3682
1190 3683
1190 3684
1190 3685
1190 3686
1190 3687
1190 3688
1190 3689
1190 3690
1190 3691
1190 3692
1190 3693
1190 3694
1190 3695
1190 3696
1190 3697
1190 3698
1190 3699
1190 3700
1190 3701
1190 3702
1190 3703
1190 3704
1190 3705
1190 3706
1190 3707
1190 3708
1190 3709
1190 3710
1190 3711
1190 3712
1190 3713
1190 3714
1190 3715
1190 3716
1190 3717
1190 3718
1190 3719
1190 3720
1190 3721
1190 3722
1190 3723
1190 3724
1190 3725
1190 3726
1190 3727
1190 3728
1190 3729
1190 3730
1190 3731
1190 3732
1190 3733
1190 3734
1190 3735
1190 3736
1190 3737
1190 3738
1190 3739
1190 3740
1190 3741
1190 3742
1190 3743
1190 3744
1190 3745
1226 3746
1226 3747
1226 3748
1226 3749
1226 3750
1226 3751
1226 3752
1226 3753
1226 3754
1226 3755
1226 3756
1226 3757
1226 3758
1226 3759
1226 3760
1226 3761
1226 3762
1226 3763
1226 3764
1226 3765
1226 3766
1226 3767
1226 3768
1226 3769
1226 3770
1226 3771
1226 3772
1226 3773
1226 3774
1226 3775
1226 3776
1226 3777
1226 3778
1226 3779
1226 3780
1226 3781
1226 3782
1226 3783
1226 3784
1226 3785
1226 3786
1226 3787
1226 3788
1226 3789
1226 3790
1226 3791
1226 3792
1226 3793
1226 3794
1226 3795
1226 3796
1226 3797
1226 3798
1226 3799
1226 3800
1226 3801
1226 3802
1226 3803
1226 3804
1226 3805
1226 3806
1226 3807
1226 3808
1226 3809
1226 3810
1226 3811
1226 3812
1226 3813
1226 3814
1226 3815
1226 3816
1226 3817
1262 3818
1262 3819
1262 3820
1262 3821
1262 3822
1262 3823
1262 3824
1262 3825
1262 3826
1262 3827
1262 3828
1262 3829
1262 3830
1262 3831
1262 3832
1262 3833
1262 3834
1262 3835
1262 3836
1262 3837
1262 3838
1262 3839
1262 3840
1262 3841
1262 3842
1262 3843
1262 3844
1262 3845
1262 3846
1262 3847
1262 3848
1262 3849
1262 3850
1262 3851
1262 3852
1262 3853
1262 3854
1262 3855
1262 3856
1262 3857
1262 3858
1262 3859
1262 3860
1262 3861
1262 3862
1262 3863
1262 3864
1262 3865
1262 3866
1262 3867
1262 3868
1262 3869
1262 3870
1262 3871
1262 3872
1262 3873
1262 3874
1262 3875
1262 3876
1262 3877
1262 3878
1262 3879
1262 3880
1262 3881
1262 3882
1262 3883
1262 3884
1262 3885
1262 3886
1262 3887
1262 3888
1262 3889
1298 3890
1298 3891
1298 3892
1298 3893
1298 3894
1298 3895
1298 3896
1298 3897
1298 3898
1298 3899
1298 3900
1298 3901
1298 3902
1298 3903
1298 3904
1298 3905
1298 3906
1298 3907
1298 3908
1298 3909
1298 3910
1298 3911
1298 3912
1298 3913
1298 3914
1298 3915
1298 3916
1298 3917
1298 3918
1298 3919
1298 3920
1298 3921
1298 3922
1298 3923
1298 3924
1298 3925
1298 3926
1298 3927
1298 3928
1298 3929
1298 3930
1298 3931
1298 3932
1298 3933
1298 3934
1298 3935
1298 3936
1298 3937
1298 3938
1298 3939
1298 3940
1298 3941
1298 3942
1298 3943
1298 3944
1298 3945
1298 3946
1298 3947
1298 3948
1298 3949
1298 3950
1298 3951
1298 3952
1298 3953
1298 3954
1298 3955
1298 3956
1298 3957
1298 3958
1298 3959
1298 3960
1298 3961
1334 3962
1334 3963
1334 3964
1334 3965
1334 3966
1334 3967
1334 3968
1334 3969
1334 3970
1334 3971
1334 3972
1334 3973
1334 3974
1334 3975
1334 3976
1334 3977
1334 3978
1334 3979
1334 3980
1334 3981
1334 3982
1334 3983
1334 3984
1334 3985
1334 3986
1334 3987
1334 3988
1334 3989
1334 3990
1334 3991
1334 3992
1334 3993
1334 3994
1334 3995
1334 3996
1334 3997
1334 3998
1334 3999
1334 4000
1334 4001
1334 4002
1334 4003
1334 4004
1334 4005
1334 4006
1334 4007
1334 4008
1334 4009
1334 4010
1334 4011
1334 4012
1334 4013
1334 4014
1334 4015
1334 4016
1334 4017
1334 4018
1334 4019
1334 4020
1334 4021
1334 4022
1334 4023
1334 4024
1334 4025
1334 4026
1334 4027
1334 4028
1334 4029
1334 4030
1334 4031
1334 4032
1334 4033
