3008 3968
1 2
1 3
1 4
1 5
1 6
1 7
1 8
1 9
1 10
1 11
1 12
1 13
1 14
1 15
1 16
1 17
1 18
1 19
1 20
1 21
1 22
1 23
1 24
1 25
1 26
1 27
1 28
1 29
1 30
1 31
1 32
2 1
2 3
2 4
2 5
2 6
2 7
2 8
2 9
2 10
2 11
2 12
2 13
2 14
2 15
2 16
2 17
2 18
2 19
2 20
2 21
2 22
2 23
2 24
2 25
2 26
2 27
2 28
2 29
2 30
2 31
2 32
3 1
3 2
3 4
3 5
3 6
3 7
3 8
3 9
3 10
3 11
3 12
3 13
3 14
3 15
3 16
3 17
3 18
3 19
3 20
3 21
3 22
3 23
3 24
3 25
3 26
3 27
3 28
3 29
3 30
3 31
3 32
4 1
4 2
4 3
4 5
4 6
4 7
4 8
4 9
4 10
4 11
4 12
4 13
4 14
4 15
4 16
4 17
4 18
4 19
4 20
4 21
4 22
4 23
4 24
4 25
4 26
4 27
4 28
4 29
4 30
4 31
4 32
5 1
5 2
5 3
5 4
5 6
5 7
5 8
5 9
5 10
5 11
5 12
5 13
5 14
5 15
5 16
5 17
5 18
5 19
5 20
5 21
5 22
5 23
5 24
5 25
5 26
5 27
5 28
5 29
5 30
5 31
5 32
6 1
6 2
6 3
6 4
6 5
6 7
6 8
6 9
6 10
6 11
6 12
6 13
6 14
6 15
6 16
6 17
6 18
6 19
6 20
6 21
6 22
6 23
6 24
6 25
6 26
6 27
6 28
6 29
6 30
6 31
6 32
7 1
7 2
7 3
7 4
7 5
7 6
7 8
7 9
7 10
7 11
7 12
7 13
7 14
7 15
7 16
7 17
7 18
7 19
7 20
7 21
7 22
7 23
7 24
7 25
7 26
7 27
7 28
7 29
7 30
7 31
7 32
8 1
8 2
8 3
8 4
8 5
8 6
8 7
8 9
8 10
8 11
8 12
8 13
8 14
8 15
8 16
8 17
8 18
8 19
8 20
8 21
8 22
8 23
8 24
8 25
8 26
8 27
8 28
8 29
8 30
8 31
8 32
9 1
9 2
9 3
9 4
9 5
9 6
9 7
9 8
9 10
9 11
9 12
9 13
9 14
9 15
9 16
9 17
9 18
9 19
9 20
9 21
9 22
9 23
9 24
9 25
9 26
9 27
9 28
9 29
9 30
9 31
9 32
10 1
10 2
10 3
10 4
10 5
10 6
10 7
10 8
10 9
10 11
10 12
10 13
10 14
10 15
10 16
10 17
10 18
10 19
10 20
10 21
10 22
10 23
10 24
10 25
10 26
10 27
10 28
10 29
10 30
10 31
10 32
11 1
11 2
11 3
11 4
11 5
11 6
11 7
11 8
11 9
11 10
11 12
11 13
11 14
11 15
11 16
11 17
11 18
11 19
11 20
11 21
11 22
11 23
11 24
11 25
11 26
11 27
11 28
11 29
11 30
11 31
11 32
12 1
12 2
12 3
12 4
12 5
12 6
12 7
12 8
12 9
12 10
12 11
12 13
12 14
12 15
12 16
12 17
12 18
12 19
12 20
12 21
12 22
12 23
12 24
12 25
12 26
12 27
12 28
12 29
12 30
12 31
12 32
13 1
13 2
13 3
13 4
13 5
13 6
13 7
13 8
13 9
13 10
13 11
13 12
13 14
13 15
13 16
13 17
13 18
13 19
13 20
13 21
13 22
13 23
13 24
13 25
13 26
13 27
13 28
13 29
13 30
13 31
13 32
14 1
14 2
14 3
14 4
14 5
14 6
14 7
14 8
14 9
14 10
14 11
14 12
14 13
14 15
14 16
14 17
14 18
14 19
14 20
14 21
14 22
14 23
14 24
14 25
14 26
14 27
14 28
14 29
14 30
14 31
14 32
15 1
15 2
15 3
15 4
15 5
15 6
15 7
15 8
15 9
15 10
15 11
15 12
15 13
15 14
15 16
15 17
15 18
15 19
15 20
15 21
15 22
15 23
15 24
15 25
15 26
15 27
15 28
15 29
15 30
15 31
15 32
16 1
16 2
16 3
16 4
16 5
16 6
16 7
16 8
16 9
16 10
16 11
16 12
16 13
16 14
16 15
16 17
16 18
16 19
16 20
16 21
16 22
16 23
16 24
16 25
16 26
16 27
16 28
16 29
16 30
16 31
16 32
17 1
17 2
17 3
17 4
17 5
17 6
17 7
17 8
17 9
17 10
17 11
17 12
17 13
17 14
17 15
17 16
17 18
17 19
17 20
17 21
17 22
17 23
17 24
17 25
17 26
17 27
17 28
17 29
17 30
17 31
17 32
18 1
18 2
18 3
18 4
18 5
18 6
18 7
18 8
18 9
18 10
18 11
18 12
18 13
18 14
18 15
18 16
18 17
18 19
18 20
18 21
18 22
18 23
18 24
18 25
18 26
18 27
18 28
18 29
18 30
18 31
18 32
19 1
19 2
19 3
19 4
19 5
19 6
19 7
19 8
19 9
19 10
19 11
19 12
19 13
19 14
19 15
19 16
19 17
19 18
19 20
19 21
19 22
19 23
19 24
19 25
19 26
19 27
19 28
19 29
19 30
19 31
19 32
20 1
20 2
20 3
20 4
20 5
20 6
20 7
20 8
20 9
20 10
20 11
20 12
20 13
20 14
20 15
20 16
20 17
20 18
20 19
20 21
20 22
20 23
20 24
20 25
20 26
20 27
20 28
20 29
20 30
20 31
20 32
21 1
21 2
21 3
21 4
21 5
21 6
21 7
21 8
21 9
21 10
21 11
21 12
21 13
21 14
21 15
21 16
21 17
21 18
21 19
21 20
21 22
21 23
21 24
21 25
21 26
21 27
21 28
21 29
21 30
21 31
21 32
22 1
22 2
22 3
22 4
22 5
22 6
22 7
22 8
22 9
22 10
22 11
22 12
22 13
22 14
22 15
22 16
22 17
22 18
22 19
22 20
22 21
22 23
22 24
22 25
22 26
22 27
22 28
22 29
22 30
22 31
22 32
23 1
23 2
23 3
23 4
23 5
23 6
23 7
23 8
23 9
23 10
23 11
23 12
23 13
23 14
23 15
23 16
23 17
23 18
23 19
23 20
23 21
23 22
23 24
23 25
23 26
23 27
23 28
23 29
23 30
23 31
23 32
24 1
24 2
24 3
24 4
24 5
24 6
24 7
24 8
24 9
24 10
24 11
24 12
24 13
24 14
24 15
24 16
24 17
24 18
24 19
24 20
24 21
24 22
24 23
24 25
24 26
24 27
24 28
24 29
24 30
24 31
24 32
25 1
25 2
25 3
25 4
25 5
25 6
25 7
25 8
25 9
25 10
25 11
25 12
25 13
25 14
25 15
25 16
25 17
25 18
25 19
25 20
25 21
25 22
25 23
25 24
25 26
25 27
25 28
25 29
25 30
25 31
25 32
26 1
26 2
26 3
26 4
26 5
26 6
26 7
26 8
26 9
26 10
26 11
26 12
26 13
26 14
26 15
26 16
26 17
26 18
26 19
26 20
26 21
26 22
26 23
26 24
26 25
26 27
26 28
26 29
26 30
26 31
26 32
27 1
27 2
27 3
27 4
27 5
27 6
27 7
27 8
27 9
27 10
27 11
27 12
27 13
27 14
27 15
27 16
27 17
27 18
27 19
27 20
27 21
27 22
27 23
27 24
27 25
27 26
27 28
27 29
27 30
27 31
27 32
28 1
28 2
28 3
28 4
28 5
28 6
28 7
28 8
28 9
28 10
28 11
28 12
28 13
28 14
28 15
28 16
28 17
28 18
28 19
28 20
28 21
28 22
28 23
28 24
28 25
28 26
28 27
28 29
28 30
28 31
28 32
29 1
29 2
29 3
29 4
29 5
29 6
29 7
29 8
29 9
29 10
29 11
29 12
29 13
29 14
29 15
29 16
29 17
29 18
29 19
29 20
29 21
29 22
29 23
29 24
29 25
29 26
29 27
29 28
29 30
29 31
29 32
30 1
30 2
30 3
30 4
30 5
30 6
30 7
30 8
30 9
30 10
30 11
30 12
30 13
30 14
30 15
30 16
30 17
30 18
30 19
30 20
30 21
30 22
30 23
30 24
30 25
30 26
30 27
30 28
30 29
30 31
30 32
31 1
31 2
31 3
31 4
31 5
31 6
31 7
31 8
31 9
31 10
31 11
31 12
31 13
31 14
31 15
31 16
31 17
31 18
31 19
31 20
31 21
31 22
31 23
31 24
31 25
31 26
31 27
31 28
31 29
31 30
31 32
32 1
32 2
32 3
32 4
32 5
32 6
32 7
32 8
32 9
32 10
32 11
32 12
32 13
32 14
32 15
32 16
32 17
32 18
32 19
32 20
32 21
32 22
32 23
32 24
32 25
32 26
32 27
32 28
32 29
32 30
32 31
1 33
1 34
1 35
1 36
1 37
1 38
1 39
1 40
1 41
1 42
1 43
1 44
1 45
1 46
1 47
1 48
1 49
1 50
1 51
1 52
1 53
1 54
1 55
1 56
1 57
1 58
1 59
1 60
1 61
1 62
1 63
2 64
2 65
2 66
2 67
2 68
2 69
2 70
2 71
2 72
2 73
2 74
2 75
2 76
2 77
2 78
2 79
2 80
2 81
2 82
2 83
2 84
2 85
2 86
2 87
2 88
2 89
2 90
2 91
2 92
2 93
2 94
3 95
3 96
3 97
3 98
3 99
3 100
3 101
3 102
3 103
3 104
3 105
3 106
3 107
3 108
3 109
3 110
3 111
3 112
3 113
3 114
3 115
3 116
3 117
3 118
3 119
3 120
3 121
3 122
3 123
3 124
3 125
4 126
4 127
4 128
4 129
4 130
4 131
4 132
4 133
4 134
4 135
4 136
4 137
4 138
4 139
4 140
4 141
4 142
4 143
4 144
4 145
4 146
4 147
4 148
4 149
4 150
4 151
4 152
4 153
4 154
4 155
4 156
5 157
5 158
5 159
5 160
5 161
5 162
5 163
5 164
5 165
5 166
5 167
5 168
5 169
5 170
5 171
5 172
5 173
5 174
5 175
5 176
5 177
5 178
5 179
5 180
5 181
5 182
5 183
5 184
5 185
5 186
5 187
6 188
6 189
6 190
6 191
6 192
6 193
6 194
6 195
6 196
6 197
6 198
6 199
6 200
6 201
6 202
6 203
6 204
6 205
6 206
6 207
6 208
6 209
6 210
6 211
6 212
6 213
6 214
6 215
6 216
6 217
6 218
7 219
7 220
7 221
7 222
7 223
7 224
7 225
7 226
7 227
7 228
7 229
7 230
7 231
7 232
7 233
7 234
7 235
7 236
7 237
7 238
7 239
7 240
7 241
7 242
7 243
7 244
7 245
7 246
7 247
7 248
7 249
8 250
8 251
8 252
8 253
8 254
8 255
8 256
8 257
8 258
8 259
8 260
8 261
8 262
8 263
8 264
8 265
8 266
8 267
8 268
8 269
8 270
8 271
8 272
8 273
8 274
8 275
8 276
8 277
8 278
8 279
8 280
9 281
9 282
9 283
9 284
9 285
9 286
9 287
9 288
9 289
9 290
9 291
9 292
9 293
9 294
9 295
9 296
9 297
9 298
9 299
9 300
9 301
9 302
9 303
9 304
9 305
9 306
9 307
9 308
9 309
9 310
9 311
10 312
10 313
10 314
10 315
10 316
10 317
10 318
10 319
10 320
10 321
10 322
10 323
10 324
10 325
10 326
10 327
10 328
10 329
10 330
10 331
10 332
10 333
10 334
10 335
10 336
10 337
10 338
10 339
10 340
10 341
10 342
11 343
11 344
11 345
11 346
11 347
11 348
11 349
11 350
11 351
11 352
11 353
11 354
11 355
11 356
11 357
11 358
11 359
11 360
11 361
11 362
11 363
11 364
11 365
11 366
11 367
11 368
11 369
11 370
11 371
11 372
11 373
12 374
12 375
12 376
12 377
12 378
12 379
12 380
12 381
12 382
12 383
12 384
12 385
12 386
12 387
12 388
12 389
12 390
12 391
12 392
12 393
12 394
12 395
12 396
12 397
12 398
12 399
12 400
12 401
12 402
12 403
12 404
13 405
13 406
13 407
13 408
13 409
13 410
13 411
13 412
13 413
13 414
13 415
13 416
13 417
13 418
13 419
13 420
13 421
13 422
13 423
13 424
13 425
13 426
13 427
13 428
13 429
13 430
13 431
13 432
13 433
13 434
13 435
14 436
14 437
14 438
14 439
14 440
14 441
14 442
14 443
14 444
14 445
14 446
14 447
14 448
14 449
14 450
14 451
14 452
14 453
14 454
14 455
14 456
14 457
14 458
14 459
14 460
14 461
14 462
14 463
14 464
14 465
14 466
15 467
15 468
15 469
15 470
15 471
15 472
15 473
15 474
15 475
15 476
15 477
15 478
15 479
15 480
15 481
15 482
15 483
15 484
15 485
15 486
15 487
15 488
15 489
15 490
15 491
15 492
15 493
15 494
15 495
15 496
15 497
16 498
16 499
16 500
16 501
16 502
16 503
16 504
16 505
16 506
16 507
16 508
16 509
16 510
16 511
16 512
16 513
16 514
16 515
16 516
16 517
16 518
16 519
16 520
16 521
16 522
16 523
16 524
16 525
16 526
16 527
16 528
17 529
17 530
17 531
17 532
17 533
17 534
17 535
17 536
17 537
17 538
17 539
17 540
17 541
17 542
17 543
17 544
17 545
17 546
17 547
17 548
17 549
17 550
17 551
17 552
17 553
17 554
17 555
17 556
17 557
17 558
17 559
18 560
18 561
18 562
18 563
18 564
18 565
18 566
18 567
18 568
18 569
18 570
18 571
18 572
18 573
18 574
18 575
18 576
18 577
18 578
18 579
18 580
18 581
18 582
18 583
18 584
18 585
18 586
18 587
18 588
18 589
18 590
19 591
19 592
19 593
19 594
19 595
19 596
19 597
19 598
19 599
19 600
19 601
19 602
19 603
19 604
19 605
19 606
19 607
19 608
19 609
19 610
19 611
19 612
19 613
19 614
19 615
19 616
19 617
19 618
19 619
19 620
19 621
20 622
20 623
20 624
20 625
20 626
20 627
20 628
20 629
20 630
20 631
20 632
20 633
20 634
20 635
20 636
20 637
20 638
20 639
20 640
20 641
20 642
20 643
20 644
20 645
20 646
20 647
20 648
20 649
20 650
20 651
20 652
21 653
21 654
21 655
21 656
21 657
21 658
21 659
21 660
21 661
21 662
21 663
21 664
21 665
21 666
21 667
21 668
21 669
21 670
21 671
21 672
21 673
21 674
21 675
21 676
21 677
21 678
21 679
21 680
21 681
21 682
21 683
22 684
22 685
22 686
22 687
22 688
22 689
22 690
22 691
22 692
22 693
22 694
22 695
22 696
22 697
22 698
22 699
22 700
22 701
22 702
22 703
22 704
22 705
22 706
22 707
22 708
22 709
22 710
22 711
22 712
22 713
22 714
23 715
23 716
23 717
23 718
23 719
23 720
23 721
23 722
23 723
23 724
23 725
23 726
23 727
23 728
23 729
23 730
23 731
23 732
23 733
23 734
23 735
23 736
23 737
23 738
23 739
23 740
23 741
23 742
23 743
23 744
23 745
24 746
24 747
24 748
24 749
24 750
24 751
24 752
24 753
24 754
24 755
24 756
24 757
24 758
24 759
24 760
24 761
24 762
24 763
24 764
24 765
24 766
24 767
24 768
24 769
24 770
24 771
24 772
24 773
24 774
24 775
24 776
25 777
25 778
25 779
25 780
25 781
25 782
25 783
25 784
25 785
25 786
25 787
25 788
25 789
25 790
25 791
25 792
25 793
25 794
25 795
25 796
25 797
25 798
25 799
25 800
25 801
25 802
25 803
25 804
25 805
25 806
25 807
26 808
26 809
26 810
26 811
26 812
26 813
26 814
26 815
26 816
26 817
26 818
26 819
26 820
26 821
26 822
26 823
26 824
26 825
26 826
26 827
26 828
26 829
26 830
26 831
26 832
26 833
26 834
26 835
26 836
26 837
26 838
27 839
27 840
27 841
27 842
27 843
27 844
27 845
27 846
27 847
27 848
27 849
27 850
27 851
27 852
27 853
27 854
27 855
27 856
27 857
27 858
27 859
27 860
27 861
27 862
27 863
27 864
27 865
27 866
27 867
27 868
27 869
28 870
28 871
28 872
28 873
28 874
28 875
28 876
28 877
28 878
28 879
28 880
28 881
28 882
28 883
28 884
28 885
28 886
28 887
28 888
28 889
28 890
28 891
28 892
28 893
28 894
28 895
28 896
28 897
28 898
28 899
28 900
29 901
29 902
29 903
29 904
29 905
29 906
29 907
29 908
29 909
29 910
29 911
29 912
29 913
29 914
29 915
29 916
29 917
29 918
29 919
29 920
29 921
29 922
29 923
29 924
29 925
29 926
29 927
29 928
29 929
29 930
29 931
30 932
30 933
30 934
30 935
30 936
30 937
30 938
30 939
30 940
30 941
30 942
30 943
30 944
30 945
30 946
30 947
30 948
30 949
30 950
30 951
30 952
30 953
30 954
30 955
30 956
30 957
30 958
30 959
30 960
30 961
30 962
31 963
31 964
31 965
31 966
31 967
31 968
31 969
31 970
31 971
31 972
31 973
31 974
31 975
31 976
31 977
31 978
31 979
31 980
31 981
31 982
31 983
31 984
31 985
31 986
31 987
31 988
31 989
31 990
31 991
31 992
31 993
32 994
32 995
32 996
32 997
32 998
32 999
32 1000
32 1001
32 1002
32 1003
32 1004
32 1005
32 1006
32 1007
32 1008
32 1009
32 1010
32 1011
32 1012
32 1013
32 1014
32 1015
32 1016
32 1017
32 1018
32 1019
32 1020
32 1021
32 1022
32 1023
32 1024
33 1025
33 1026
33 1027
33 1028
33 1029
33 1030
33 1031
33 1032
33 1033
33 1034
33 1035
33 1036
33 1037
33 1038
33 1039
33 1040
33 1041
33 1042
33 1043
33 1044
33 1045
33 1046
33 1047
33 1048
33 1049
33 1050
33 1051
33 1052
33 1053
33 1054
33 1055
33 1056
33 1057
33 1058
33 1059
33 1060
33 1061
33 1062
33 1063
33 1064
33 1065
33 1066
33 1067
33 1068
33 1069
33 1070
33 1071
33 1072
33 1073
33 1074
33 1075
33 1076
33 1077
33 1078
33 1079
33 1080
33 1081
33 1082
33 1083
33 1084
33 1085
33 1086
64 1087
64 1088
64 1089
64 1090
64 1091
64 1092
64 1093
64 1094
64 1095
64 1096
64 1097
64 1098
64 1099
64 1100
64 1101
64 1102
64 1103
64 1104
64 1105
64 1106
64 1107
64 1108
64 1109
64 1110
64 1111
64 1112
64 1113
64 1114
64 1115
64 1116
64 1117
64 1118
64 1119
64 1120
64 1121
64 1122
64 1123
64 1124
64 1125
64 1126
64 1127
64 1128
64 1129
64 1130
64 1131
64 1132
64 1133
64 1134
64 1135
64 1136
64 1137
64 1138
64 1139
64 1140
64 1141
64 1142
64 1143
64 1144
64 1145
64 1146
64 1147
64 1148
95 1149
95 1150
95 1151
95 1152
95 1153
95 1154
95 1155
95 1156
95 1157
95 1158
95 1159
95 1160
95 1161
95 1162
95 1163
95 1164
95 1165
95 1166
95 1167
95 1168
95 1169
95 1170
95 1171
95 1172
95 1173
95 1174
95 1175
95 1176
95 1177
95 1178
95 1179
95 1180
95 1181
95 1182
95 1183
95 1184
95 1185
95 1186
95 1187
95 1188
95 1189
95 1190
95 1191
95 1192
95 1193
95 1194
95 1195
95 1196
95 1197
95 1198
95 1199
95 1200
95 1201
95 1202
95 1203
95 1204
95 1205
95 1206
95 1207
95 1208
95 1209
95 1210
126 1211
126 1212
126 1213
126 1214
126 1215
126 1216
126 1217
126 1218
126 1219
126 1220
126 1221
126 1222
126 1223
126 1224
126 1225
126 1226
126 1227
126 1228
126 1229
126 1230
126 1231
126 1232
126 1233
126 1234
126 1235
126 1236
126 1237
126 1238
126 1239
126 1240
126 1241
126 1242
126 1243
126 1244
126 1245
126 1246
126 1247
126 1248
126 1249
126 1250
126 1251
126 1252
126 1253
126 1254
126 1255
126 1256
126 1257
126 1258
126 1259
126 1260
126 1261
126 1262
126 1263
126 1264
126 1265
126 1266
126 1267
126 1268
126 1269
126 1270
126 1271
126 1272
157 1273
157 1274
157 1275
157 1276
157 1277
157 1278
157 1279
157 1280
157 1281
157 1282
157 1283
157 1284
157 1285
157 1286
157 1287
157 1288
157 1289
157 1290
157 1291
157 1292
157 1293
157 1294
157 1295
157 1296
157 1297
157 1298
157 1299
157 1300
157 1301
157 1302
157 1303
157 1304
157 1305
157 1306
157 1307
157 1308
157 1309
157 1310
157 1311
157 1312
157 1313
157 1314
157 1315
157 1316
157 1317
157 1318
157 1319
157 1320
157 1321
157 1322
157 1323
157 1324
157 1325
157 1326
157 1327
157 1328
157 1329
157 1330
157 1331
157 1332
157 1333
157 1334
188 1335
188 1336
188 1337
188 1338
188 1339
188 1340
188 1341
188 1342
188 1343
188 1344
188 1345
188 1346
188 1347
188 1348
188 1349
188 1350
188 1351
188 1352
188 1353
188 1354
188 1355
188 1356
188 1357
188 1358
188 1359
188 1360
188 1361
188 1362
188 1363
188 1364
188 1365
188 1366
188 1367
188 1368
188 1369
188 1370
188 1371
188 1372
188 1373
188 1374
188 1375
188 1376
188 1377
188 1378
188 1379
188 1380
188 1381
188 1382
188 1383
188 1384
188 1385
188 1386
188 1387
188 1388
188 1389
188 1390
188 1391
188 1392
188 1393
188 1394
188 1395
188 1396
219 1397
219 1398
219 1399
219 1400
219 1401
219 1402
219 1403
219 1404
219 1405
219 1406
219 1407
219 1408
219 1409
219 1410
219 1411
219 1412
219 1413
219 1414
219 1415
219 1416
219 1417
219 1418
219 1419
219 1420
219 1421
219 1422
219 1423
219 1424
219 1425
219 1426
219 1427
219 1428
219 1429
219 1430
219 1431
219 1432
219 1433
219 1434
219 1435
219 1436
219 1437
219 1438
219 1439
219 1440
219 1441
219 1442
219 1443
219 1444
219 1445
219 1446
219 1447
219 1448
219 1449
219 1450
219 1451
219 1452
219 1453
219 1454
219 1455
219 1456
219 1457
219 1458
250 1459
250 1460
250 1461
250 1462
250 1463
250 1464
250 1465
250 1466
250 1467
250 1468
250 1469
250 1470
250 1471
250 1472
250 1473
250 1474
250 1475
250 1476
250 1477
250 1478
250 1479
250 1480
250 1481
250 1482
250 1483
250 1484
250 1485
250 1486
250 1487
250 1488
250 1489
250 1490
250 1491
250 1492
250 1493
250 1494
250 1495
250 1496
250 1497
250 1498
250 1499
250 1500
250 1501
250 1502
250 1503
250 1504
250 1505
250 1506
250 1507
250 1508
250 1509
250 1510
250 1511
250 1512
250 1513
250 1514
250 1515
250 1516
250 1517
250 1518
250 1519
250 1520
281 1521
281 1522
281 1523
281 1524
281 1525
281 1526
281 1527
281 1528
281 1529
281 1530
281 1531
281 1532
281 1533
281 1534
281 1535
281 1536
281 1537
281 1538
281 1539
281 1540
281 1541
281 1542
281 1543
281 1544
281 1545
281 1546
281 1547
281 1548
281 1549
281 1550
281 1551
281 1552
281 1553
281 1554
281 1555
281 1556
281 1557
281 1558
281 1559
281 1560
281 1561
281 1562
281 1563
281 1564
281 1565
281 1566
281 1567
281 1568
281 1569
281 1570
281 1571
281 1572
281 1573
281 1574
281 1575
281 1576
281 1577
281 1578
281 1579
281 1580
281 1581
281 1582
312 1583
312 1584
312 1585
312 1586
312 1587
312 1588
312 1589
312 1590
312 1591
312 1592
312 1593
312 1594
312 1595
312 1596
312 1597
312 1598
312 1599
312 1600
312 1601
312 1602
312 1603
312 1604
312 1605
312 1606
312 1607
312 1608
312 1609
312 1610
312 1611
312 1612
312 1613
312 1614
312 1615
312 1616
312 1617
312 1618
312 1619
312 1620
312 1621
312 1622
312 1623
312 1624
312 1625
312 1626
312 1627
312 1628
312 1629
312 1630
312 1631
312 1632
312 1633
312 1634
312 1635
312 1636
312 1637
312 1638
312 1639
312 1640
312 1641
312 1642
312 1643
312 1644
343 1645
343 1646
343 1647
343 1648
343 1649
343 1650
343 1651
343 1652
343 1653
343 1654
343 1655
343 1656
343 1657
343 1658
343 1659
343 1660
343 1661
343 1662
343 1663
343 1664
343 1665
343 1666
343 1667
343 1668
343 1669
343 1670
343 1671
343 1672
343 1673
343 1674
343 1675
343 1676
343 1677
343 1678
343 1679
343 1680
343 1681
343 1682
343 1683
343 1684
343 1685
343 1686
343 1687
343 1688
343 1689
343 1690
343 1691
343 1692
343 1693
343 1694
343 1695
343 1696
343 1697
343 1698
343 1699
343 1700
343 1701
343 1702
343 1703
343 1704
343 1705
343 1706
374 1707
374 1708
374 1709
374 1710
374 1711
374 1712
374 1713
374 1714
374 1715
374 1716
374 1717
374 1718
374 1719
374 1720
374 1721
374 1722
374 1723
374 1724
374 1725
374 1726
374 1727
374 1728
374 1729
374 1730
374 1731
374 1732
374 1733
374 1734
374 1735
374 1736
374 1737
374 1738
374 1739
374 1740
374 1741
374 1742
374 1743
374 1744
374 1745
374 1746
374 1747
374 1748
374 1749
374 1750
374 1751
374 1752
374 1753
374 1754
374 1755
374 1756
374 1757
374 1758
374 1759
374 1760
374 1761
374 1762
374 1763
374 1764
374 1765
374 1766
374 1767
374 1768
405 1769
405 1770
405 1771
405 1772
405 1773
405 1774
405 1775
405 1776
405 1777
405 1778
405 1779
405 1780
405 1781
405 1782
405 1783
405 1784
405 1785
405 1786
405 1787
405 1788
405 1789
405 1790
405 1791
405 1792
405 1793
405 1794
405 1795
405 1796
405 1797
405 1798
405 1799
405 1800
405 1801
405 1802
405 1803
405 1804
405 1805
405 1806
405 1807
405 1808
405 1809
405 1810
405 1811
405 1812
405 1813
405 1814
405 1815
405 1816
405 1817
405 1818
405 1819
405 1820
405 1821
405 1822
405 1823
405 1824
405 1825
405 1826
405 1827
405 1828
405 1829
405 1830
436 1831
436 1832
436 1833
436 1834
436 1835
436 1836
436 1837
436 1838
436 1839
436 1840
436 1841
436 1842
436 1843
436 1844
436 1845
436 1846
436 1847
436 1848
436 1849
436 1850
436 1851
436 1852
436 1853
436 1854
436 1855
436 1856
436 1857
436 1858
436 1859
436 1860
436 1861
436 1862
436 1863
436 1864
436 1865
436 1866
436 1867
436 1868
436 1869
436 1870
436 1871
436 1872
436 1873
436 1874
436 1875
436 1876
436 1877
436 1878
436 1879
436 1880
436 1881
436 1882
436 1883
436 1884
436 1885
436 1886
436 1887
436 1888
436 1889
436 1890
436 1891
436 1892
467 1893
467 1894
467 1895
467 1896
467 1897
467 1898
467 1899
467 1900
467 1901
467 1902
467 1903
467 1904
467 1905
467 1906
467 1907
467 1908
467 1909
467 1910
467 1911
467 1912
467 1913
467 1914
467 1915
467 1916
467 1917
467 1918
467 1919
467 1920
467 1921
467 1922
467 1923
467 1924
467 1925
467 1926
467 1927
467 1928
467 1929
467 1930
467 1931
467 1932
467 1933
467 1934
467 1935
467 1936
467 1937
467 1938
467 1939
467 1940
467 1941
467 1942
467 1943
467 1944
467 1945
467 1946
467 1947
467 1948
467 1949
467 1950
467 1951
467 1952
467 1953
467 1954
498 1955
498 1956
498 1957
498 1958
498 1959
498 1960
498 1961
498 1962
498 1963
498 1964
498 1965
498 1966
498 1967
498 1968
498 1969
498 1970
498 1971
498 1972
498 1973
498 1974
498 1975
498 1976
498 1977
498 1978
498 1979
498 1980
498 1981
498 1982
498 1983
498 1984
498 1985
498 1986
498 1987
498 1988
498 1989
498 1990
498 1991
498 1992
498 1993
498 1994
498 1995
498 1996
498 1997
498 1998
498 1999
498 2000
498 2001
498 2002
498 2003
498 2004
498 2005
498 2006
498 2007
498 2008
498 2009
498 2010
498 2011
498 2012
498 2013
498 2014
498 2015
498 2016
529 2017
529 2018
529 2019
529 2020
529 2021
529 2022
529 2023
529 2024
529 2025
529 2026
529 2027
529 2028
529 2029
529 2030
529 2031
529 2032
529 2033
529 2034
529 2035
529 2036
529 2037
529 2038
529 2039
529 2040
529 2041
529 2042
529 2043
529 2044
529 2045
529 2046
529 2047
529 2048
529 2049
529 2050
529 2051
529 2052
529 2053
529 2054
529 2055
529 2056
529 2057
529 2058
529 2059
529 2060
529 2061
529 2062
529 2063
529 2064
529 2065
529 2066
529 2067
529 2068
529 2069
529 2070
529 2071
529 2072
529 2073
529 2074
529 2075
529 2076
529 2077
529 2078
560 2079
560 2080
560 2081
560 2082
560 2083
560 2084
560 2085
560 2086
560 2087
560 2088
560 2089
560 2090
560 2091
560 2092
560 2093
560 2094
560 2095
560 2096
560 2097
560 2098
560 2099
560 2100
560 2101
560 2102
560 2103
560 2104
560 2105
560 2106
560 2107
560 2108
560 2109
560 2110
560 2111
560 2112
560 2113
560 2114
560 2115
560 2116
560 2117
560 2118
560 2119
560 2120
560 2121
560 2122
560 2123
560 2124
560 2125
560 2126
560 2127
560 2128
560 2129
560 2130
560 2131
560 2132
560 2133
560 2134
560 2135
560 2136
560 2137
560 2138
560 2139
560 2140
591 2141
591 2142
591 2143
591 2144
591 2145
591 2146
591 2147
591 2148
591 2149
591 2150
591 2151
591 2152
591 2153
591 2154
591 2155
591 2156
591 2157
591 2158
591 2159
591 2160
591 2161
591 2162
591 2163
591 2164
591 2165
591 2166
591 2167
591 2168
591 2169
591 2170
591 2171
591 2172
591 2173
591 2174
591 2175
591 2176
591 2177
591 2178
591 2179
591 2180
591 2181
591 2182
591 2183
591 2184
591 2185
591 2186
591 2187
591 2188
591 2189
591 2190
591 2191
591 2192
591 2193
591 2194
591 2195
591 2196
591 2197
591 2198
591 2199
591 2200
591 2201
591 2202
622 2203
622 2204
622 2205
622 2206
622 2207
622 2208
622 2209
622 2210
622 2211
622 2212
622 2213
622 2214
622 2215
622 2216
622 2217
622 2218
622 2219
622 2220
622 2221
622 2222
622 2223
622 2224
622 2225
622 2226
622 2227
622 2228
622 2229
622 2230
622 2231
622 2232
622 2233
622 2234
622 2235
622 2236
622 2237
622 2238
622 2239
622 2240
622 2241
622 2242
622 2243
622 2244
622 2245
622 2246
622 2247
622 2248
622 2249
622 2250
622 2251
622 2252
622 2253
622 2254
622 2255
622 2256
622 2257
622 2258
622 2259
622 2260
622 2261
622 2262
622 2263
622 2264
653 2265
653 2266
653 2267
653 2268
653 2269
653 2270
653 2271
653 2272
653 2273
653 2274
653 2275
653 2276
653 2277
653 2278
653 2279
653 2280
653 2281
653 2282
653 2283
653 2284
653 2285
653 2286
653 2287
653 2288
653 2289
653 2290
653 2291
653 2292
653 2293
653 2294
653 2295
653 2296
653 2297
653 2298
653 2299
653 2300
653 2301
653 2302
653 2303
653 2304
653 2305
653 2306
653 2307
653 2308
653 2309
653 2310
653 2311
653 2312
653 2313
653 2314
653 2315
653 2316
653 2317
653 2318
653 2319
653 2320
653 2321
653 2322
653 2323
653 2324
653 2325
653 2326
684 2327
684 2328
684 2329
684 2330
684 2331
684 2332
684 2333
684 2334
684 2335
684 2336
684 2337
684 2338
684 2339
684 2340
684 2341
684 2342
684 2343
684 2344
684 2345
684 2346
684 2347
684 2348
684 2349
684 2350
684 2351
684 2352
684 2353
684 2354
684 2355
684 2356
684 2357
684 2358
684 2359
684 2360
684 2361
684 2362
684 2363
684 2364
684 2365
684 2366
684 2367
684 2368
684 2369
684 2370
684 2371
684 2372
684 2373
684 2374
684 2375
684 2376
684 2377
684 2378
684 2379
684 2380
684 2381
684 2382
684 2383
684 2384
684 2385
684 2386
684 2387
684 2388
715 2389
715 2390
715 2391
715 2392
715 2393
715 2394
715 2395
715 2396
715 2397
715 2398
715 2399
715 2400
715 2401
715 2402
715 2403
715 2404
715 2405
715 2406
715 2407
715 2408
715 2409
715 2410
715 2411
715 2412
715 2413
715 2414
715 2415
715 2416
715 2417
715 2418
715 2419
715 2420
715 2421
715 2422
715 2423
715 2424
715 2425
715 2426
715 2427
715 2428
715 2429
715 2430
715 2431
715 2432
715 2433
715 2434
715 2435
715 2436
715 2437
715 2438
715 2439
715 2440
715 2441
715 2442
715 2443
715 2444
715 2445
715 2446
715 2447
715 2448
715 2449
715 2450
746 2451
746 2452
746 2453
746 2454
746 2455
746 2456
746 2457
746 2458
746 2459
746 2460
746 2461
746 2462
746 2463
746 2464
746 2465
746 2466
746 2467
746 2468
746 2469
746 2470
746 2471
746 2472
746 2473
746 2474
746 2475
746 2476
746 2477
746 2478
746 2479
746 2480
746 2481
746 2482
746 2483
746 2484
746 2485
746 2486
746 2487
746 2488
746 2489
746 2490
746 2491
746 2492
746 2493
746 2494
746 2495
746 2496
746 2497
746 2498
746 2499
746 2500
746 2501
746 2502
746 2503
746 2504
746 2505
746 2506
746 2507
746 2508
746 2509
746 2510
746 2511
746 2512
777 2513
777 2514
777 2515
777 2516
777 2517
777 2518
777 2519
777 2520
777 2521
777 2522
777 2523
777 2524
777 2525
777 2526
777 2527
777 2528
777 2529
777 2530
777 2531
777 2532
777 2533
777 2534
777 2535
777 2536
777 2537
777 2538
777 2539
777 2540
777 2541
777 2542
777 2543
777 2544
777 2545
777 2546
777 2547
777 2548
777 2549
777 2550
777 2551
777 2552
777 2553
777 2554
777 2555
777 2556
777 2557
777 2558
777 2559
777 2560
777 2561
777 2562
777 2563
777 2564
777 2565
777 2566
777 2567
777 2568
777 2569
777 2570
777 2571
777 2572
777 2573
777 2574
808 2575
808 2576
808 2577
808 2578
808 2579
808 2580
808 2581
808 2582
808 2583
808 2584
808 2585
808 2586
808 2587
808 2588
808 2589
808 2590
808 2591
808 2592
808 2593
808 2594
808 2595
808 2596
808 2597
808 2598
808 2599
808 2600
808 2601
808 2602
808 2603
808 2604
808 2605
808 2606
808 2607
808 2608
808 2609
808 2610
808 2611
808 2612
808 2613
808 2614
808 2615
808 2616
808 2617
808 2618
808 2619
808 2620
808 2621
808 2622
808 2623
808 2624
808 2625
808 2626
808 2627
808 2628
808 2629
808 2630
808 2631
808 2632
808 2633
808 2634
808 2635
808 2636
839 2637
839 2638
839 2639
839 2640
839 2641
839 2642
839 2643
839 2644
839 2645
839 2646
839 2647
839 2648
839 2649
839 2650
839 2651
839 2652
839 2653
839 2654
839 2655
839 2656
839 2657
839 2658
839 2659
839 2660
839 2661
839 2662
839 2663
839 2664
839 2665
839 2666
839 2667
839 2668
839 2669
839 2670
839 2671
839 2672
839 2673
839 2674
839 2675
839 2676
839 2677
839 2678
839 2679
839 2680
839 2681
839 2682
839 2683
839 2684
839 2685
839 2686
839 2687
839 2688
839 2689
839 2690
839 2691
839 2692
839 2693
839 2694
839 2695
839 2696
839 2697
839 2698
870 2699
870 2700
870 2701
870 2702
870 2703
870 2704
870 2705
870 2706
870 2707
870 2708
870 2709
870 2710
870 2711
870 2712
870 2713
870 2714
870 2715
870 2716
870 2717
870 2718
870 2719
870 2720
870 2721
870 2722
870 2723
870 2724
870 2725
870 2726
870 2727
870 2728
870 2729
870 2730
870 2731
870 2732
870 2733
870 2734
870 2735
870 2736
870 2737
870 2738
870 2739
870 2740
870 2741
870 2742
870 2743
870 2744
870 2745
870 2746
870 2747
870 2748
870 2749
870 2750
870 2751
870 2752
870 2753
870 2754
870 2755
870 2756
870 2757
870 2758
870 2759
870 2760
901 2761
901 2762
901 2763
901 2764
901 2765
901 2766
901 2767
901 2768
901 2769
901 2770
901 2771
901 2772
901 2773
901 2774
901 2775
901 2776
901 2777
901 2778
901 2779
901 2780
901 2781
901 2782
901 2783
901 2784
901 2785
901 2786
901 2787
901 2788
901 2789
901 2790
901 2791
901 2792
901 2793
901 2794
901 2795
901 2796
901 2797
901 2798
901 2799
901 2800
901 2801
901 2802
901 2803
901 2804
901 2805
901 2806
901 2807
901 2808
901 2809
901 2810
901 2811
901 2812
901 2813
901 2814
901 2815
901 2816
901 2817
901 2818
901 2819
901 2820
901 2821
901 2822
932 2823
932 2824
932 2825
932 2826
932 2827
932 2828
932 2829
932 2830
932 2831
932 2832
932 2833
932 2834
932 2835
932 2836
932 2837
932 2838
932 2839
932 2840
932 2841
932 2842
932 2843
932 2844
932 2845
932 2846
932 2847
932 2848
932 2849
932 2850
932 2851
932 2852
932 2853
932 2854
932 2855
932 2856
932 2857
932 2858
932 2859
932 2860
932 2861
932 2862
932 2863
932 2864
932 2865
932 2866
932 2867
932 2868
932 2869
932 2870
932 2871
932 2872
932 2873
932 2874
932 2875
932 2876
932 2877
932 2878
932 2879
932 2880
932 2881
932 2882
932 2883
932 2884
963 2885
963 2886
963 2887
963 2888
963 2889
963 2890
963 2891
963 2892
963 2893
963 2894
963 2895
963 2896
963 2897
963 2898
963 2899
963 2900
963 2901
963 2902
963 2903
963 2904
963 2905
963 2906
963 2907
963 2908
963 2909
963 2910
963 2911
963 2912
963 2913
963 2914
963 2915
963 2916
963 2917
963 2918
963 2919
963 2920
963 2921
963 2922
963 2923
963 2924
963 2925
963 2926
963 2927
963 2928
963 2929
963 2930
963 2931
963 2932
963 2933
963 2934
963 2935
963 2936
963 2937
963 2938
963 2939
963 2940
963 2941
963 2942
963 2943
963 2944
963 2945
963 2946
994 2947
994 2948
994 2949
994 2950
994 2951
994 2952
994 2953
994 2954
994 2955
994 2956
994 2957
994 2958
994 2959
994 2960
994 2961
994 2962
994 2963
994 2964
994 2965
994 2966
994 2967
994 2968
994 2969
994 2970
994 2971
994 2972
994 2973
994 2974
994 2975
994 2976
994 2977
994 2978
994 2979
994 2980
994 2981
994 2982
994 2983
994 2984
994 2985
994 2986
994 2987
994 2988
994 2989
994 2990
994 2991
994 2992
994 2993
994 2994
994 2995
994 2996
994 2997
994 2998
994 2999
994 3000
994 3001
994 3002
994 3003
994 3004
994 3005
994 3006
994 3007
994 3008
