3201 4224
1 2
1 3
1 4
1 5
1 6
1 7
1 8
1 9
1 10
1 11
1 12
1 13
1 14
1 15
1 16
1 17
1 18
1 19
1 20
1 21
1 22
1 23
1 24
1 25
1 26
1 27
1 28
1 29
1 30
1 31
1 32
1 33
2 1
2 3
2 4
2 5
2 6
2 7
2 8
2 9
2 10
2 11
2 12
2 13
2 14
2 15
2 16
2 17
2 18
2 19
2 20
2 21
2 22
2 23
2 24
2 25
2 26
2 27
2 28
2 29
2 30
2 31
2 32
2 33
3 1
3 2
3 4
3 5
3 6
3 7
3 8
3 9
3 10
3 11
3 12
3 13
3 14
3 15
3 16
3 17
3 18
3 19
3 20
3 21
3 22
3 23
3 24
3 25
3 26
3 27
3 28
3 29
3 30
3 31
3 32
3 33
4 1
4 2
4 3
4 5
4 6
4 7
4 8
4 9
4 10
4 11
4 12
4 13
4 14
4 15
4 16
4 17
4 18
4 19
4 20
4 21
4 22
4 23
4 24
4 25
4 26
4 27
4 28
4 29
4 30
4 31
4 32
4 33
5 1
5 2
5 3
5 4
5 6
5 7
5 8
5 9
5 10
5 11
5 12
5 13
5 14
5 15
5 16
5 17
5 18
5 19
5 20
5 21
5 22
5 23
5 24
5 25
5 26
5 27
5 28
5 29
5 30
5 31
5 32
5 33
6 1
6 2
6 3
6 4
6 5
6 7
6 8
6 9
6 10
6 11
6 12
6 13
6 14
6 15
6 16
6 17
6 18
6 19
6 20
6 21
6 22
6 23
6 24
6 25
6 26
6 27
6 28
6 29
6 30
6 31
6 32
6 33
7 1
7 2
7 3
7 4
7 5
7 6
7 8
7 9
7 10
7 11
7 12
7 13
7 14
7 15
7 16
7 17
7 18
7 19
7 20
7 21
7 22
7 23
7 24
7 25
7 26
7 27
7 28
7 29
7 30
7 31
7 32
7 33
8 1
8 2
8 3
8 4
8 5
8 6
8 7
8 9
8 10
8 11
8 12
8 13
8 14
8 15
8 16
8 17
8 18
8 19
8 20
8 21
8 22
8 23
8 24
8 25
8 26
8 27
8 28
8 29
8 30
8 31
8 32
8 33
9 1
9 2
9 3
9 4
9 5
9 6
9 7
9 8
9 10
9 11
9 12
9 13
9 14
9 15
9 16
9 17
9 18
9 19
9 20
9 21
9 22
9 23
9 24
9 25
9 26
9 27
9 28
9 29
9 30
9 31
9 32
9 33
10 1
10 2
10 3
10 4
10 5
10 6
10 7
10 8
10 9
10 11
10 12
10 13
10 14
10 15
10 16
10 17
10 18
10 19
10 20
10 21
10 22
10 23
10 24
10 25
10 26
10 27
10 28
10 29
10 30
10 31
10 32
10 33
11 1
11 2
11 3
11 4
11 5
11 6
11 7
11 8
11 9
11 10
11 12
11 13
11 14
11 15
11 16
11 17
11 18
11 19
11 20
11 21
11 22
11 23
11 24
11 25
11 26
11 27
11 28
11 29
11 30
11 31
11 32
11 33
12 1
12 2
12 3
12 4
12 5
12 6
12 7
12 8
12 9
12 10
12 11
12 13
12 14
12 15
12 16
12 17
12 18
12 19
12 20
12 21
12 22
12 23
12 24
12 25
12 26
12 27
12 28
12 29
12 30
12 31
12 32
12 33
13 1
13 2
13 3
13 4
13 5
13 6
13 7
13 8
13 9
13 10
13 11
13 12
13 14
13 15
13 16
13 17
13 18
13 19
13 20
13 21
13 22
13 23
13 24
13 25
13 26
13 27
13 28
13 29
13 30
13 31
13 32
13 33
14 1
14 2
14 3
14 4
14 5
14 6
14 7
14 8
14 9
14 10
14 11
14 12
14 13
14 15
14 16
14 17
14 18
14 19
14 20
14 21
14 22
14 23
14 24
14 25
14 26
14 27
14 28
14 29
14 30
14 31
14 32
14 33
15 1
15 2
15 3
15 4
15 5
15 6
15 7
15 8
15 9
15 10
15 11
15 12
15 13
15 14
15 16
15 17
15 18
15 19
15 20
15 21
15 22
15 23
15 24
15 25
15 26
15 27
15 28
15 29
15 30
15 31
15 32
15 33
16 1
16 2
16 3
16 4
16 5
16 6
16 7
16 8
16 9
16 10
16 11
16 12
16 13
16 14
16 15
16 17
16 18
16 19
16 20
16 21
16 22
16 23
16 24
16 25
16 26
16 27
16 28
16 29
16 30
16 31
16 32
16 33
17 1
17 2
17 3
17 4
17 5
17 6
17 7
17 8
17 9
17 10
17 11
17 12
17 13
17 14
17 15
17 16
17 18
17 19
17 20
17 21
17 22
17 23
17 24
17 25
17 26
17 27
17 28
17 29
17 30
17 31
17 32
17 33
18 1
18 2
18 3
18 4
18 5
18 6
18 7
18 8
18 9
18 10
18 11
18 12
18 13
18 14
18 15
18 16
18 17
18 19
18 20
18 21
18 22
18 23
18 24
18 25
18 26
18 27
18 28
18 29
18 30
18 31
18 32
18 33
19 1
19 2
19 3
19 4
19 5
19 6
19 7
19 8
19 9
19 10
19 11
19 12
19 13
19 14
19 15
19 16
19 17
19 18
19 20
19 21
19 22
19 23
19 24
19 25
19 26
19 27
19 28
19 29
19 30
19 31
19 32
19 33
20 1
20 2
20 3
20 4
20 5
20 6
20 7
20 8
20 9
20 10
20 11
20 12
20 13
20 14
20 15
20 16
20 17
20 18
20 19
20 21
20 22
20 23
20 24
20 25
20 26
20 27
20 28
20 29
20 30
20 31
20 32
20 33
21 1
21 2
21 3
21 4
21 5
21 6
21 7
21 8
21 9
21 10
21 11
21 12
21 13
21 14
21 15
21 16
21 17
21 18
21 19
21 20
21 22
21 23
21 24
21 25
21 26
21 27
21 28
21 29
21 30
21 31
21 32
21 33
22 1
22 2
22 3
22 4
22 5
22 6
22 7
22 8
22 9
22 10
22 11
22 12
22 13
22 14
22 15
22 16
22 17
22 18
22 19
22 20
22 21
22 23
22 24
22 25
22 26
22 27
22 28
22 29
22 30
22 31
22 32
22 33
23 1
23 2
23 3
23 4
23 5
23 6
23 7
23 8
23 9
23 10
23 11
23 12
23 13
23 14
23 15
23 16
23 17
23 18
23 19
23 20
23 21
23 22
23 24
23 25
23 26
23 27
23 28
23 29
23 30
23 31
23 32
23 33
24 1
24 2
24 3
24 4
24 5
24 6
24 7
24 8
24 9
24 10
24 11
24 12
24 13
24 14
24 15
24 16
24 17
24 18
24 19
24 20
24 21
24 22
24 23
24 25
24 26
24 27
24 28
24 29
24 30
24 31
24 32
24 33
25 1
25 2
25 3
25 4
25 5
25 6
25 7
25 8
25 9
25 10
25 11
25 12
25 13
25 14
25 15
25 16
25 17
25 18
25 19
25 20
25 21
25 22
25 23
25 24
25 26
25 27
25 28
25 29
25 30
25 31
25 32
25 33
26 1
26 2
26 3
26 4
26 5
26 6
26 7
26 8
26 9
26 10
26 11
26 12
26 13
26 14
26 15
26 16
26 17
26 18
26 19
26 20
26 21
26 22
26 23
26 24
26 25
26 27
26 28
26 29
26 30
26 31
26 32
26 33
27 1
27 2
27 3
27 4
27 5
27 6
27 7
27 8
27 9
27 10
27 11
27 12
27 13
27 14
27 15
27 16
27 17
27 18
27 19
27 20
27 21
27 22
27 23
27 24
27 25
27 26
27 28
27 29
27 30
27 31
27 32
27 33
28 1
28 2
28 3
28 4
28 5
28 6
28 7
28 8
28 9
28 10
28 11
28 12
28 13
28 14
28 15
28 16
28 17
28 18
28 19
28 20
28 21
28 22
28 23
28 24
28 25
28 26
28 27
28 29
28 30
28 31
28 32
28 33
29 1
29 2
29 3
29 4
29 5
29 6
29 7
29 8
29 9
29 10
29 11
29 12
29 13
29 14
29 15
29 16
29 17
29 18
29 19
29 20
29 21
29 22
29 23
29 24
29 25
29 26
29 27
29 28
29 30
29 31
29 32
29 33
30 1
30 2
30 3
30 4
30 5
30 6
30 7
30 8
30 9
30 10
30 11
30 12
30 13
30 14
30 15
30 16
30 17
30 18
30 19
30 20
30 21
30 22
30 23
30 24
30 25
30 26
30 27
30 28
30 29
30 31
30 32
30 33
31 1
31 2
31 3
31 4
31 5
31 6
31 7
31 8
31 9
31 10
31 11
31 12
31 13
31 14
31 15
31 16
31 17
31 18
31 19
31 20
31 21
31 22
31 23
31 24
31 25
31 26
31 27
31 28
31 29
31 30
31 32
31 33
32 1
32 2
32 3
32 4
32 5
32 6
32 7
32 8
32 9
32 10
32 11
32 12
32 13
32 14
32 15
32 16
32 17
32 18
32 19
32 20
32 21
32 22
32 23
32 24
32 25
32 26
32 27
32 28
32 29
32 30
32 31
32 33
33 1
33 2
33 3
33 4
33 5
33 6
33 7
33 8
33 9
33 10
33 11
33 12
33 13
33 14
33 15
33 16
33 17
33 18
33 19
33 20
33 21
33 22
33 23
33 24
33 25
33 26
33 27
33 28
33 29
33 30
33 31
33 32
1 34
1 35
1 36
1 37
1 38
1 39
1 40
1 41
1 42
1 43
1 44
1 45
1 46
1 47
1 48
1 49
1 50
1 51
1 52
1 53
1 54
1 55
1 56
1 57
1 58
1 59
1 60
1 61
1 62
1 63
1 64
1 65
2 66
2 67
2 68
2 69
2 70
2 71
2 72
2 73
2 74
2 75
2 76
2 77
2 78
2 79
2 80
2 81
2 82
2 83
2 84
2 85
2 86
2 87
2 88
2 89
2 90
2 91
2 92
2 93
2 94
2 95
2 96
2 97
3 98
3 99
3 100
3 101
3 102
3 103
3 104
3 105
3 106
3 107
3 108
3 109
3 110
3 111
3 112
3 113
3 114
3 115
3 116
3 117
3 118
3 119
3 120
3 121
3 122
3 123
3 124
3 125
3 126
3 127
3 128
3 129
4 130
4 131
4 132
4 133
4 134
4 135
4 136
4 137
4 138
4 139
4 140
4 141
4 142
4 143
4 144
4 145
4 146
4 147
4 148
4 149
4 150
4 151
4 152
4 153
4 154
4 155
4 156
4 157
4 158
4 159
4 160
4 161
5 162
5 163
5 164
5 165
5 166
5 167
5 168
5 169
5 170
5 171
5 172
5 173
5 174
5 175
5 176
5 177
5 178
5 179
5 180
5 181
5 182
5 183
5 184
5 185
5 186
5 187
5 188
5 189
5 190
5 191
5 192
5 193
6 194
6 195
6 196
6 197
6 198
6 199
6 200
6 201
6 202
6 203
6 204
6 205
6 206
6 207
6 208
6 209
6 210
6 211
6 212
6 213
6 214
6 215
6 216
6 217
6 218
6 219
6 220
6 221
6 222
6 223
6 224
6 225
7 226
7 227
7 228
7 229
7 230
7 231
7 232
7 233
7 234
7 235
7 236
7 237
7 238
7 239
7 240
7 241
7 242
7 243
7 244
7 245
7 246
7 247
7 248
7 249
7 250
7 251
7 252
7 253
7 254
7 255
7 256
7 257
8 258
8 259
8 260
8 261
8 262
8 263
8 264
8 265
8 266
8 267
8 268
8 269
8 270
8 271
8 272
8 273
8 274
8 275
8 276
8 277
8 278
8 279
8 280
8 281
8 282
8 283
8 284
8 285
8 286
8 287
8 288
8 289
9 290
9 291
9 292
9 293
9 294
9 295
9 296
9 297
9 298
9 299
9 300
9 301
9 302
9 303
9 304
9 305
9 306
9 307
9 308
9 309
9 310
9 311
9 312
9 313
9 314
9 315
9 316
9 317
9 318
9 319
9 320
9 321
10 322
10 323
10 324
10 325
10 326
10 327
10 328
10 329
10 330
10 331
10 332
10 333
10 334
10 335
10 336
10 337
10 338
10 339
10 340
10 341
10 342
10 343
10 344
10 345
10 346
10 347
10 348
10 349
10 350
10 351
10 352
10 353
11 354
11 355
11 356
11 357
11 358
11 359
11 360
11 361
11 362
11 363
11 364
11 365
11 366
11 367
11 368
11 369
11 370
11 371
11 372
11 373
11 374
11 375
11 376
11 377
11 378
11 379
11 380
11 381
11 382
11 383
11 384
11 385
12 386
12 387
12 388
12 389
12 390
12 391
12 392
12 393
12 394
12 395
12 396
12 397
12 398
12 399
12 400
12 401
12 402
12 403
12 404
12 405
12 406
12 407
12 408
12 409
12 410
12 411
12 412
12 413
12 414
12 415
12 416
12 417
13 418
13 419
13 420
13 421
13 422
13 423
13 424
13 425
13 426
13 427
13 428
13 429
13 430
13 431
13 432
13 433
13 434
13 435
13 436
13 437
13 438
13 439
13 440
13 441
13 442
13 443
13 444
13 445
13 446
13 447
13 448
13 449
14 450
14 451
14 452
14 453
14 454
14 455
14 456
14 457
14 458
14 459
14 460
14 461
14 462
14 463
14 464
14 465
14 466
14 467
14 468
14 469
14 470
14 471
14 472
14 473
14 474
14 475
14 476
14 477
14 478
14 479
14 480
14 481
15 482
15 483
15 484
15 485
15 486
15 487
15 488
15 489
15 490
15 491
15 492
15 493
15 494
15 495
15 496
15 497
15 498
15 499
15 500
15 501
15 502
15 503
15 504
15 505
15 506
15 507
15 508
15 509
15 510
15 511
15 512
15 513
16 514
16 515
16 516
16 517
16 518
16 519
16 520
16 521
16 522
16 523
16 524
16 525
16 526
16 527
16 528
16 529
16 530
16 531
16 532
16 533
16 534
16 535
16 536
16 537
16 538
16 539
16 540
16 541
16 542
16 543
16 544
16 545
17 546
17 547
17 548
17 549
17 550
17 551
17 552
17 553
17 554
17 555
17 556
17 557
17 558
17 559
17 560
17 561
17 562
17 563
17 564
17 565
17 566
17 567
17 568
17 569
17 570
17 571
17 572
17 573
17 574
17 575
17 576
17 577
18 578
18 579
18 580
18 581
18 582
18 583
18 584
18 585
18 586
18 587
18 588
18 589
18 590
18 591
18 592
18 593
18 594
18 595
18 596
18 597
18 598
18 599
18 600
18 601
18 602
18 603
18 604
18 605
18 606
18 607
18 608
18 609
19 610
19 611
19 612
19 613
19 614
19 615
19 616
19 617
19 618
19 619
19 620
19 621
19 622
19 623
19 624
19 625
19 626
19 627
19 628
19 629
19 630
19 631
19 632
19 633
19 634
19 635
19 636
19 637
19 638
19 639
19 640
19 641
20 642
20 643
20 644
20 645
20 646
20 647
20 648
20 649
20 650
20 651
20 652
20 653
20 654
20 655
20 656
20 657
20 658
20 659
20 660
20 661
20 662
20 663
20 664
20 665
20 666
20 667
20 668
20 669
20 670
20 671
20 672
20 673
21 674
21 675
21 676
21 677
21 678
21 679
21 680
21 681
21 682
21 683
21 684
21 685
21 686
21 687
21 688
21 689
21 690
21 691
21 692
21 693
21 694
21 695
21 696
21 697
21 698
21 699
21 700
21 701
21 702
21 703
21 704
21 705
22 706
22 707
22 708
22 709
22 710
22 711
22 712
22 713
22 714
22 715
22 716
22 717
22 718
22 719
22 720
22 721
22 722
22 723
22 724
22 725
22 726
22 727
22 728
22 729
22 730
22 731
22 732
22 733
22 734
22 735
22 736
22 737
23 738
23 739
23 740
23 741
23 742
23 743
23 744
23 745
23 746
23 747
23 748
23 749
23 750
23 751
23 752
23 753
23 754
23 755
23 756
23 757
23 758
23 759
23 760
23 761
23 762
23 763
23 764
23 765
23 766
23 767
23 768
23 769
24 770
24 771
24 772
24 773
24 774
24 775
24 776
24 777
24 778
24 779
24 780
24 781
24 782
24 783
24 784
24 785
24 786
24 787
24 788
24 789
24 790
24 791
24 792
24 793
24 794
24 795
24 796
24 797
24 798
24 799
24 800
24 801
25 802
25 803
25 804
25 805
25 806
25 807
25 808
25 809
25 810
25 811
25 812
25 813
25 814
25 815
25 816
25 817
25 818
25 819
25 820
25 821
25 822
25 823
25 824
25 825
25 826
25 827
25 828
25 829
25 830
25 831
25 832
25 833
26 834
26 835
26 836
26 837
26 838
26 839
26 840
26 841
26 842
26 843
26 844
26 845
26 846
26 847
26 848
26 849
26 850
26 851
26 852
26 853
26 854
26 855
26 856
26 857
26 858
26 859
26 860
26 861
26 862
26 863
26 864
26 865
27 866
27 867
27 868
27 869
27 870
27 871
27 872
27 873
27 874
27 875
27 876
27 877
27 878
27 879
27 880
27 881
27 882
27 883
27 884
27 885
27 886
27 887
27 888
27 889
27 890
27 891
27 892
27 893
27 894
27 895
27 896
27 897
28 898
28 899
28 900
28 901
28 902
28 903
28 904
28 905
28 906
28 907
28 908
28 909
28 910
28 911
28 912
28 913
28 914
28 915
28 916
28 917
28 918
28 919
28 920
28 921
28 922
28 923
28 924
28 925
28 926
28 927
28 928
28 929
29 930
29 931
29 932
29 933
29 934
29 935
29 936
29 937
29 938
29 939
29 940
29 941
29 942
29 943
29 944
29 945
29 946
29 947
29 948
29 949
29 950
29 951
29 952
29 953
29 954
29 955
29 956
29 957
29 958
29 959
29 960
29 961
30 962
30 963
30 964
30 965
30 966
30 967
30 968
30 969
30 970
30 971
30 972
30 973
30 974
30 975
30 976
30 977
30 978
30 979
30 980
30 981
30 982
30 983
30 984
30 985
30 986
30 987
30 988
30 989
30 990
30 991
30 992
30 993
31 994
31 995
31 996
31 997
31 998
31 999
31 1000
31 1001
31 1002
31 1003
31 1004
31 1005
31 1006
31 1007
31 1008
31 1009
31 1010
31 1011
31 1012
31 1013
31 1014
31 1015
31 1016
31 1017
31 1018
31 1019
31 1020
31 1021
31 1022
31 1023
31 1024
31 1025
32 1026
32 1027
32 1028
32 1029
32 1030
32 1031
32 1032
32 1033
32 1034
32 1035
32 1036
32 1037
32 1038
32 1039
32 1040
32 1041
32 1042
32 1043
32 1044
32 1045
32 1046
32 1047
32 1048
32 1049
32 1050
32 1051
32 1052
32 1053
32 1054
32 1055
32 1056
32 1057
33 1058
33 1059
33 1060
33 1061
33 1062
33 1063
33 1064
33 1065
33 1066
33 1067
33 1068
33 1069
33 1070
33 1071
33 1072
33 1073
33 1074
33 1075
33 1076
33 1077
33 1078
33 1079
33 1080
33 1081
33 1082
33 1083
33 1084
33 1085
33 1086
33 1087
33 1088
33 1089
34 1090
34 1091
34 1092
34 1093
34 1094
34 1095
34 1096
34 1097
34 1098
34 1099
34 1100
34 1101
34 1102
34 1103
34 1104
34 1105
34 1106
34 1107
34 1108
34 1109
34 1110
34 1111
34 1112
34 1113
34 1114
34 1115
34 1116
34 1117
34 1118
34 1119
34 1120
34 1121
34 1122
34 1123
34 1124
34 1125
34 1126
34 1127
34 1128
34 1129
34 1130
34 1131
34 1132
34 1133
34 1134
34 1135
34 1136
34 1137
34 1138
34 1139
34 1140
34 1141
34 1142
34 1143
34 1144
34 1145
34 1146
34 1147
34 1148
34 1149
34 1150
34 1151
34 1152
34 1153
66 1154
66 1155
66 1156
66 1157
66 1158
66 1159
66 1160
66 1161
66 1162
66 1163
66 1164
66 1165
66 1166
66 1167
66 1168
66 1169
66 1170
66 1171
66 1172
66 1173
66 1174
66 1175
66 1176
66 1177
66 1178
66 1179
66 1180
66 1181
66 1182
66 1183
66 1184
66 1185
66 1186
66 1187
66 1188
66 1189
66 1190
66 1191
66 1192
66 1193
66 1194
66 1195
66 1196
66 1197
66 1198
66 1199
66 1200
66 1201
66 1202
66 1203
66 1204
66 1205
66 1206
66 1207
66 1208
66 1209
66 1210
66 1211
66 1212
66 1213
66 1214
66 1215
66 1216
66 1217
98 1218
98 1219
98 1220
98 1221
98 1222
98 1223
98 1224
98 1225
98 1226
98 1227
98 1228
98 1229
98 1230
98 1231
98 1232
98 1233
98 1234
98 1235
98 1236
98 1237
98 1238
98 1239
98 1240
98 1241
98 1242
98 1243
98 1244
98 1245
98 1246
98 1247
98 1248
98 1249
98 1250
98 1251
98 1252
98 1253
98 1254
98 1255
98 1256
98 1257
98 1258
98 1259
98 1260
98 1261
98 1262
98 1263
98 1264
98 1265
98 1266
98 1267
98 1268
98 1269
98 1270
98 1271
98 1272
98 1273
98 1274
98 1275
98 1276
98 1277
98 1278
98 1279
98 1280
98 1281
130 1282
130 1283
130 1284
130 1285
130 1286
130 1287
130 1288
130 1289
130 1290
130 1291
130 1292
130 1293
130 1294
130 1295
130 1296
130 1297
130 1298
130 1299
130 1300
130 1301
130 1302
130 1303
130 1304
130 1305
130 1306
130 1307
130 1308
130 1309
130 1310
130 1311
130 1312
130 1313
130 1314
130 1315
130 1316
130 1317
130 1318
130 1319
130 1320
130 1321
130 1322
130 1323
130 1324
130 1325
130 1326
130 1327
130 1328
130 1329
130 1330
130 1331
130 1332
130 1333
130 1334
130 1335
130 1336
130 1337
130 1338
130 1339
130 1340
130 1341
130 1342
130 1343
130 1344
130 1345
162 1346
162 1347
162 1348
162 1349
162 1350
162 1351
162 1352
162 1353
162 1354
162 1355
162 1356
162 1357
162 1358
162 1359
162 1360
162 1361
162 1362
162 1363
162 1364
162 1365
162 1366
162 1367
162 1368
162 1369
162 1370
162 1371
162 1372
162 1373
162 1374
162 1375
162 1376
162 1377
162 1378
162 1379
162 1380
162 1381
162 1382
162 1383
162 1384
162 1385
162 1386
162 1387
162 1388
162 1389
162 1390
162 1391
162 1392
162 1393
162 1394
162 1395
162 1396
162 1397
162 1398
162 1399
162 1400
162 1401
162 1402
162 1403
162 1404
162 1405
162 1406
162 1407
162 1408
162 1409
194 1410
194 1411
194 1412
194 1413
194 1414
194 1415
194 1416
194 1417
194 1418
194 1419
194 1420
194 1421
194 1422
194 1423
194 1424
194 1425
194 1426
194 1427
194 1428
194 1429
194 1430
194 1431
194 1432
194 1433
194 1434
194 1435
194 1436
194 1437
194 1438
194 1439
194 1440
194 1441
194 1442
194 1443
194 1444
194 1445
194 1446
194 1447
194 1448
194 1449
194 1450
194 1451
194 1452
194 1453
194 1454
194 1455
194 1456
194 1457
194 1458
194 1459
194 1460
194 1461
194 1462
194 1463
194 1464
194 1465
194 1466
194 1467
194 1468
194 1469
194 1470
194 1471
194 1472
194 1473
226 1474
226 1475
226 1476
226 1477
226 1478
226 1479
226 1480
226 1481
226 1482
226 1483
226 1484
226 1485
226 1486
226 1487
226 1488
226 1489
226 1490
226 1491
226 1492
226 1493
226 1494
226 1495
226 1496
226 1497
226 1498
226 1499
226 1500
226 1501
226 1502
226 1503
226 1504
226 1505
226 1506
226 1507
226 1508
226 1509
226 1510
226 1511
226 1512
226 1513
226 1514
226 1515
226 1516
226 1517
226 1518
226 1519
226 1520
226 1521
226 1522
226 1523
226 1524
226 1525
226 1526
226 1527
226 1528
226 1529
226 1530
226 1531
226 1532
226 1533
226 1534
226 1535
226 1536
226 1537
258 1538
258 1539
258 1540
258 1541
258 1542
258 1543
258 1544
258 1545
258 1546
258 1547
258 1548
258 1549
258 1550
258 1551
258 1552
258 1553
258 1554
258 1555
258 1556
258 1557
258 1558
258 1559
258 1560
258 1561
258 1562
258 1563
258 1564
258 1565
258 1566
258 1567
258 1568
258 1569
258 1570
258 1571
258 1572
258 1573
258 1574
258 1575
258 1576
258 1577
258 1578
258 1579
258 1580
258 1581
258 1582
258 1583
258 1584
258 1585
258 1586
258 1587
258 1588
258 1589
258 1590
258 1591
258 1592
258 1593
258 1594
258 1595
258 1596
258 1597
258 1598
258 1599
258 1600
258 1601
290 1602
290 1603
290 1604
290 1605
290 1606
290 1607
290 1608
290 1609
290 1610
290 1611
290 1612
290 1613
290 1614
290 1615
290 1616
290 1617
290 1618
290 1619
290 1620
290 1621
290 1622
290 1623
290 1624
290 1625
290 1626
290 1627
290 1628
290 1629
290 1630
290 1631
290 1632
290 1633
290 1634
290 1635
290 1636
290 1637
290 1638
290 1639
290 1640
290 1641
290 1642
290 1643
290 1644
290 1645
290 1646
290 1647
290 1648
290 1649
290 1650
290 1651
290 1652
290 1653
290 1654
290 1655
290 1656
290 1657
290 1658
290 1659
290 1660
290 1661
290 1662
290 1663
290 1664
290 1665
322 1666
322 1667
322 1668
322 1669
322 1670
322 1671
322 1672
322 1673
322 1674
322 1675
322 1676
322 1677
322 1678
322 1679
322 1680
322 1681
322 1682
322 1683
322 1684
322 1685
322 1686
322 1687
322 1688
322 1689
322 1690
322 1691
322 1692
322 1693
322 1694
322 1695
322 1696
322 1697
322 1698
322 1699
322 1700
322 1701
322 1702
322 1703
322 1704
322 1705
322 1706
322 1707
322 1708
322 1709
322 1710
322 1711
322 1712
322 1713
322 1714
322 1715
322 1716
322 1717
322 1718
322 1719
322 1720
322 1721
322 1722
322 1723
322 1724
322 1725
322 1726
322 1727
322 1728
322 1729
354 1730
354 1731
354 1732
354 1733
354 1734
354 1735
354 1736
354 1737
354 1738
354 1739
354 1740
354 1741
354 1742
354 1743
354 1744
354 1745
354 1746
354 1747
354 1748
354 1749
354 1750
354 1751
354 1752
354 1753
354 1754
354 1755
354 1756
354 1757
354 1758
354 1759
354 1760
354 1761
354 1762
354 1763
354 1764
354 1765
354 1766
354 1767
354 1768
354 1769
354 1770
354 1771
354 1772
354 1773
354 1774
354 1775
354 1776
354 1777
354 1778
354 1779
354 1780
354 1781
354 1782
354 1783
354 1784
354 1785
354 1786
354 1787
354 1788
354 1789
354 1790
354 1791
354 1792
354 1793
386 1794
386 1795
386 1796
386 1797
386 1798
386 1799
386 1800
386 1801
386 1802
386 1803
386 1804
386 1805
386 1806
386 1807
386 1808
386 1809
386 1810
386 1811
386 1812
386 1813
386 1814
386 1815
386 1816
386 1817
386 1818
386 1819
386 1820
386 1821
386 1822
386 1823
386 1824
386 1825
386 1826
386 1827
386 1828
386 1829
386 1830
386 1831
386 1832
386 1833
386 1834
386 1835
386 1836
386 1837
386 1838
386 1839
386 1840
386 1841
386 1842
386 1843
386 1844
386 1845
386 1846
386 1847
386 1848
386 1849
386 1850
386 1851
386 1852
386 1853
386 1854
386 1855
386 1856
386 1857
418 1858
418 1859
418 1860
418 1861
418 1862
418 1863
418 1864
418 1865
418 1866
418 1867
418 1868
418 1869
418 1870
418 1871
418 1872
418 1873
418 1874
418 1875
418 1876
418 1877
418 1878
418 1879
418 1880
418 1881
418 1882
418 1883
418 1884
418 1885
418 1886
418 1887
418 1888
418 1889
418 1890
418 1891
418 1892
418 1893
418 1894
418 1895
418 1896
418 1897
418 1898
418 1899
418 1900
418 1901
418 1902
418 1903
418 1904
418 1905
418 1906
418 1907
418 1908
418 1909
418 1910
418 1911
418 1912
418 1913
418 1914
418 1915
418 1916
418 1917
418 1918
418 1919
418 1920
418 1921
450 1922
450 1923
450 1924
450 1925
450 1926
450 1927
450 1928
450 1929
450 1930
450 1931
450 1932
450 1933
450 1934
450 1935
450 1936
450 1937
450 1938
450 1939
450 1940
450 1941
450 1942
450 1943
450 1944
450 1945
450 1946
450 1947
450 1948
450 1949
450 1950
450 1951
450 1952
450 1953
450 1954
450 1955
450 1956
450 1957
450 1958
450 1959
450 1960
450 1961
450 1962
450 1963
450 1964
450 1965
450 1966
450 1967
450 1968
450 1969
450 1970
450 1971
450 1972
450 1973
450 1974
450 1975
450 1976
450 1977
450 1978
450 1979
450 1980
450 1981
450 1982
450 1983
450 1984
450 1985
482 1986
482 1987
482 1988
482 1989
482 1990
482 1991
482 1992
482 1993
482 1994
482 1995
482 1996
482 1997
482 1998
482 1999
482 2000
482 2001
482 2002
482 2003
482 2004
482 2005
482 2006
482 2007
482 2008
482 2009
482 2010
482 2011
482 2012
482 2013
482 2014
482 2015
482 2016
482 2017
482 2018
482 2019
482 2020
482 2021
482 2022
482 2023
482 2024
482 2025
482 2026
482 2027
482 2028
482 2029
482 2030
482 2031
482 2032
482 2033
482 2034
482 2035
482 2036
482 2037
482 2038
482 2039
482 2040
482 2041
482 2042
482 2043
482 2044
482 2045
482 2046
482 2047
482 2048
482 2049
514 2050
514 2051
514 2052
514 2053
514 2054
514 2055
514 2056
514 2057
514 2058
514 2059
514 2060
514 2061
514 2062
514 2063
514 2064
514 2065
514 2066
514 2067
514 2068
514 2069
514 2070
514 2071
514 2072
514 2073
514 2074
514 2075
514 2076
514 2077
514 2078
514 2079
514 2080
514 2081
514 2082
514 2083
514 2084
514 2085
514 2086
514 2087
514 2088
514 2089
514 2090
514 2091
514 2092
514 2093
514 2094
514 2095
514 2096
514 2097
514 2098
514 2099
514 2100
514 2101
514 2102
514 2103
514 2104
514 2105
514 2106
514 2107
514 2108
514 2109
514 2110
514 2111
514 2112
514 2113
546 2114
546 2115
546 2116
546 2117
546 2118
546 2119
546 2120
546 2121
546 2122
546 2123
546 2124
546 2125
546 2126
546 2127
546 2128
546 2129
546 2130
546 2131
546 2132
546 2133
546 2134
546 2135
546 2136
546 2137
546 2138
546 2139
546 2140
546 2141
546 2142
546 2143
546 2144
546 2145
546 2146
546 2147
546 2148
546 2149
546 2150
546 2151
546 2152
546 2153
546 2154
546 2155
546 2156
546 2157
546 2158
546 2159
546 2160
546 2161
546 2162
546 2163
546 2164
546 2165
546 2166
546 2167
546 2168
546 2169
546 2170
546 2171
546 2172
546 2173
546 2174
546 2175
546 2176
546 2177
578 2178
578 2179
578 2180
578 2181
578 2182
578 2183
578 2184
578 2185
578 2186
578 2187
578 2188
578 2189
578 2190
578 2191
578 2192
578 2193
578 2194
578 2195
578 2196
578 2197
578 2198
578 2199
578 2200
578 2201
578 2202
578 2203
578 2204
578 2205
578 2206
578 2207
578 2208
578 2209
578 2210
578 2211
578 2212
578 2213
578 2214
578 2215
578 2216
578 2217
578 2218
578 2219
578 2220
578 2221
578 2222
578 2223
578 2224
578 2225
578 2226
578 2227
578 2228
578 2229
578 2230
578 2231
578 2232
578 2233
578 2234
578 2235
578 2236
578 2237
578 2238
578 2239
578 2240
578 2241
610 2242
610 2243
610 2244
610 2245
610 2246
610 2247
610 2248
610 2249
610 2250
610 2251
610 2252
610 2253
610 2254
610 2255
610 2256
610 2257
610 2258
610 2259
610 2260
610 2261
610 2262
610 2263
610 2264
610 2265
610 2266
610 2267
610 2268
610 2269
610 2270
610 2271
610 2272
610 2273
610 2274
610 2275
610 2276
610 2277
610 2278
610 2279
610 2280
610 2281
610 2282
610 2283
610 2284
610 2285
610 2286
610 2287
610 2288
610 2289
610 2290
610 2291
610 2292
610 2293
610 2294
610 2295
610 2296
610 2297
610 2298
610 2299
610 2300
610 2301
610 2302
610 2303
610 2304
610 2305
642 2306
642 2307
642 2308
642 2309
642 2310
642 2311
642 2312
642 2313
642 2314
642 2315
642 2316
642 2317
642 2318
642 2319
642 2320
642 2321
642 2322
642 2323
642 2324
642 2325
642 2326
642 2327
642 2328
642 2329
642 2330
642 2331
642 2332
642 2333
642 2334
642 2335
642 2336
642 2337
642 2338
642 2339
642 2340
642 2341
642 2342
642 2343
642 2344
642 2345
642 2346
642 2347
642 2348
642 2349
642 2350
642 2351
642 2352
642 2353
642 2354
642 2355
642 2356
642 2357
642 2358
642 2359
642 2360
642 2361
642 2362
642 2363
642 2364
642 2365
642 2366
642 2367
642 2368
642 2369
674 2370
674 2371
674 2372
674 2373
674 2374
674 2375
674 2376
674 2377
674 2378
674 2379
674 2380
674 2381
674 2382
674 2383
674 2384
674 2385
674 2386
674 2387
674 2388
674 2389
674 2390
674 2391
674 2392
674 2393
674 2394
674 2395
674 2396
674 2397
674 2398
674 2399
674 2400
674 2401
674 2402
674 2403
674 2404
674 2405
674 2406
674 2407
674 2408
674 2409
674 2410
674 2411
674 2412
674 2413
674 2414
674 2415
674 2416
674 2417
674 2418
674 2419
674 2420
674 2421
674 2422
674 2423
674 2424
674 2425
674 2426
674 2427
674 2428
674 2429
674 2430
674 2431
674 2432
674 2433
706 2434
706 2435
706 2436
706 2437
706 2438
706 2439
706 2440
706 2441
706 2442
706 2443
706 2444
706 2445
706 2446
706 2447
706 2448
706 2449
706 2450
706 2451
706 2452
706 2453
706 2454
706 2455
706 2456
706 2457
706 2458
706 2459
706 2460
706 2461
706 2462
706 2463
706 2464
706 2465
706 2466
706 2467
706 2468
706 2469
706 2470
706 2471
706 2472
706 2473
706 2474
706 2475
706 2476
706 2477
706 2478
706 2479
706 2480
706 2481
706 2482
706 2483
706 2484
706 2485
706 2486
706 2487
706 2488
706 2489
706 2490
706 2491
706 2492
706 2493
706 2494
706 2495
706 2496
706 2497
738 2498
738 2499
738 2500
738 2501
738 2502
738 2503
738 2504
738 2505
738 2506
738 2507
738 2508
738 2509
738 2510
738 2511
738 2512
738 2513
738 2514
738 2515
738 2516
738 2517
738 2518
738 2519
738 2520
738 2521
738 2522
738 2523
738 2524
738 2525
738 2526
738 2527
738 2528
738 2529
738 2530
738 2531
738 2532
738 2533
738 2534
738 2535
738 2536
738 2537
738 2538
738 2539
738 2540
738 2541
738 2542
738 2543
738 2544
738 2545
738 2546
738 2547
738 2548
738 2549
738 2550
738 2551
738 2552
738 2553
738 2554
738 2555
738 2556
738 2557
738 2558
738 2559
738 2560
738 2561
770 2562
770 2563
770 2564
770 2565
770 2566
770 2567
770 2568
770 2569
770 2570
770 2571
770 2572
770 2573
770 2574
770 2575
770 2576
770 2577
770 2578
770 2579
770 2580
770 2581
770 2582
770 2583
770 2584
770 2585
770 2586
770 2587
770 2588
770 2589
770 2590
770 2591
770 2592
770 2593
770 2594
770 2595
770 2596
770 2597
770 2598
770 2599
770 2600
770 2601
770 2602
770 2603
770 2604
770 2605
770 2606
770 2607
770 2608
770 2609
770 2610
770 2611
770 2612
770 2613
770 2614
770 2615
770 2616
770 2617
770 2618
770 2619
770 2620
770 2621
770 2622
770 2623
770 2624
770 2625
802 2626
802 2627
802 2628
802 2629
802 2630
802 2631
802 2632
802 2633
802 2634
802 2635
802 2636
802 2637
802 2638
802 2639
802 2640
802 2641
802 2642
802 2643
802 2644
802 2645
802 2646
802 2647
802 2648
802 2649
802 2650
802 2651
802 2652
802 2653
802 2654
802 2655
802 2656
802 2657
802 2658
802 2659
802 2660
802 2661
802 2662
802 2663
802 2664
802 2665
802 2666
802 2667
802 2668
802 2669
802 2670
802 2671
802 2672
802 2673
802 2674
802 2675
802 2676
802 2677
802 2678
802 2679
802 2680
802 2681
802 2682
802 2683
802 2684
802 2685
802 2686
802 2687
802 2688
802 2689
834 2690
834 2691
834 2692
834 2693
834 2694
834 2695
834 2696
834 2697
834 2698
834 2699
834 2700
834 2701
834 2702
834 2703
834 2704
834 2705
834 2706
834 2707
834 2708
834 2709
834 2710
834 2711
834 2712
834 2713
834 2714
834 2715
834 2716
834 2717
834 2718
834 2719
834 2720
834 2721
834 2722
834 2723
834 2724
834 2725
834 2726
834 2727
834 2728
834 2729
834 2730
834 2731
834 2732
834 2733
834 2734
834 2735
834 2736
834 2737
834 2738
834 2739
834 2740
834 2741
834 2742
834 2743
834 2744
834 2745
834 2746
834 2747
834 2748
834 2749
834 2750
834 2751
834 2752
834 2753
866 2754
866 2755
866 2756
866 2757
866 2758
866 2759
866 2760
866 2761
866 2762
866 2763
866 2764
866 2765
866 2766
866 2767
866 2768
866 2769
866 2770
866 2771
866 2772
866 2773
866 2774
866 2775
866 2776
866 2777
866 2778
866 2779
866 2780
866 2781
866 2782
866 2783
866 2784
866 2785
866 2786
866 2787
866 2788
866 2789
866 2790
866 2791
866 2792
866 2793
866 2794
866 2795
866 2796
866 2797
866 2798
866 2799
866 2800
866 2801
866 2802
866 2803
866 2804
866 2805
866 2806
866 2807
866 2808
866 2809
866 2810
866 2811
866 2812
866 2813
866 2814
866 2815
866 2816
866 2817
898 2818
898 2819
898 2820
898 2821
898 2822
898 2823
898 2824
898 2825
898 2826
898 2827
898 2828
898 2829
898 2830
898 2831
898 2832
898 2833
898 2834
898 2835
898 2836
898 2837
898 2838
898 2839
898 2840
898 2841
898 2842
898 2843
898 2844
898 2845
898 2846
898 2847
898 2848
898 2849
898 2850
898 2851
898 2852
898 2853
898 2854
898 2855
898 2856
898 2857
898 2858
898 2859
898 2860
898 2861
898 2862
898 2863
898 2864
898 2865
898 2866
898 2867
898 2868
898 2869
898 2870
898 2871
898 2872
898 2873
898 2874
898 2875
898 2876
898 2877
898 2878
898 2879
898 2880
898 2881
930 2882
930 2883
930 2884
930 2885
930 2886
930 2887
930 2888
930 2889
930 2890
930 2891
930 2892
930 2893
930 2894
930 2895
930 2896
930 2897
930 2898
930 2899
930 2900
930 2901
930 2902
930 2903
930 2904
930 2905
930 2906
930 2907
930 2908
930 2909
930 2910
930 2911
930 2912
930 2913
930 2914
930 2915
930 2916
930 2917
930 2918
930 2919
930 2920
930 2921
930 2922
930 2923
930 2924
930 2925
930 2926
930 2927
930 2928
930 2929
930 2930
930 2931
930 2932
930 2933
930 2934
930 2935
930 2936
930 2937
930 2938
930 2939
930 2940
930 2941
930 2942
930 2943
930 2944
930 2945
962 2946
962 2947
962 2948
962 2949
962 2950
962 2951
962 2952
962 2953
962 2954
962 2955
962 2956
962 2957
962 2958
962 2959
962 2960
962 2961
962 2962
962 2963
962 2964
962 2965
962 2966
962 2967
962 2968
962 2969
962 2970
962 2971
962 2972
962 2973
962 2974
962 2975
962 2976
962 2977
962 2978
962 2979
962 2980
962 2981
962 2982
962 2983
962 2984
962 2985
962 2986
962 2987
962 2988
962 2989
962 2990
962 2991
962 2992
962 2993
962 2994
962 2995
962 2996
962 2997
962 2998
962 2999
962 3000
962 3001
962 3002
962 3003
962 3004
962 3005
962 3006
962 3007
962 3008
962 3009
994 3010
994 3011
994 3012
994 3013
994 3014
994 3015
994 3016
994 3017
994 3018
994 3019
994 3020
994 3021
994 3022
994 3023
994 3024
994 3025
994 3026
994 3027
994 3028
994 3029
994 3030
994 3031
994 3032
994 3033
994 3034
994 3035
994 3036
994 3037
994 3038
994 3039
994 3040
994 3041
994 3042
994 3043
994 3044
994 3045
994 3046
994 3047
994 3048
994 3049
994 3050
994 3051
994 3052
994 3053
994 3054
994 3055
994 3056
994 3057
994 3058
994 3059
994 3060
994 3061
994 3062
994 3063
994 3064
994 3065
994 3066
994 3067
994 3068
994 3069
994 3070
994 3071
994 3072
994 3073
1026 3074
1026 3075
1026 3076
1026 3077
1026 3078
1026 3079
1026 3080
1026 3081
1026 3082
1026 3083
1026 3084
1026 3085
1026 3086
1026 3087
1026 3088
1026 3089
1026 3090
1026 3091
1026 3092
1026 3093
1026 3094
1026 3095
1026 3096
1026 3097
1026 3098
1026 3099
1026 3100
1026 3101
1026 3102
1026 3103
1026 3104
1026 3105
1026 3106
1026 3107
1026 3108
1026 3109
1026 3110
1026 3111
1026 3112
1026 3113
1026 3114
1026 3115
1026 3116
1026 3117
1026 3118
1026 3119
1026 3120
1026 3121
1026 3122
1026 3123
1026 3124
1026 3125
1026 3126
1026 3127
1026 3128
1026 3129
1026 3130
1026 3131
1026 3132
1026 3133
1026 3134
1026 3135
1026 3136
1026 3137
1058 3138
1058 3139
1058 3140
1058 3141
1058 3142
1058 3143
1058 3144
1058 3145
1058 3146
1058 3147
1058 3148
1058 3149
1058 3150
1058 3151
1058 3152
1058 3153
1058 3154
1058 3155
1058 3156
1058 3157
1058 3158
1058 3159
1058 3160
1058 3161
1058 3162
1058 3163
1058 3164
1058 3165
1058 3166
1058 3167
1058 3168
1058 3169
1058 3170
1058 3171
1058 3172
1058 3173
1058 3174
1058 3175
1058 3176
1058 3177
1058 3178
1058 3179
1058 3180
1058 3181
1058 3182
1058 3183
1058 3184
1058 3185
1058 3186
1058 3187
1058 3188
1058 3189
1058 3190
1058 3191
1058 3192
1058 3193
1058 3194
1058 3195
1058 3196
1058 3197
1058 3198
1058 3199
1058 3200
1058 3201
