5985 7920
1 2
1 3
1 4
1 5
1 6
1 7
1 8
1 9
1 10
1 11
1 12
1 13
1 14
1 15
1 16
1 17
1 18
1 19
1 20
1 21
1 22
1 23
1 24
1 25
1 26
1 27
1 28
1 29
1 30
1 31
1 32
1 33
1 34
1 35
1 36
1 37
1 38
1 39
1 40
1 41
1 42
1 43
1 44
1 45
2 1
2 3
2 4
2 5
2 6
2 7
2 8
2 9
2 10
2 11
2 12
2 13
2 14
2 15
2 16
2 17
2 18
2 19
2 20
2 21
2 22
2 23
2 24
2 25
2 26
2 27
2 28
2 29
2 30
2 31
2 32
2 33
2 34
2 35
2 36
2 37
2 38
2 39
2 40
2 41
2 42
2 43
2 44
2 45
3 1
3 2
3 4
3 5
3 6
3 7
3 8
3 9
3 10
3 11
3 12
3 13
3 14
3 15
3 16
3 17
3 18
3 19
3 20
3 21
3 22
3 23
3 24
3 25
3 26
3 27
3 28
3 29
3 30
3 31
3 32
3 33
3 34
3 35
3 36
3 37
3 38
3 39
3 40
3 41
3 42
3 43
3 44
3 45
4 1
4 2
4 3
4 5
4 6
4 7
4 8
4 9
4 10
4 11
4 12
4 13
4 14
4 15
4 16
4 17
4 18
4 19
4 20
4 21
4 22
4 23
4 24
4 25
4 26
4 27
4 28
4 29
4 30
4 31
4 32
4 33
4 34
4 35
4 36
4 37
4 38
4 39
4 40
4 41
4 42
4 43
4 44
4 45
5 1
5 2
5 3
5 4
5 6
5 7
5 8
5 9
5 10
5 11
5 12
5 13
5 14
5 15
5 16
5 17
5 18
5 19
5 20
5 21
5 22
5 23
5 24
5 25
5 26
5 27
5 28
5 29
5 30
5 31
5 32
5 33
5 34
5 35
5 36
5 37
5 38
5 39
5 40
5 41
5 42
5 43
5 44
5 45
6 1
6 2
6 3
6 4
6 5
6 7
6 8
6 9
6 10
6 11
6 12
6 13
6 14
6 15
6 16
6 17
6 18
6 19
6 20
6 21
6 22
6 23
6 24
6 25
6 26
6 27
6 28
6 29
6 30
6 31
6 32
6 33
6 34
6 35
6 36
6 37
6 38
6 39
6 40
6 41
6 42
6 43
6 44
6 45
7 1
7 2
7 3
7 4
7 5
7 6
7 8
7 9
7 10
7 11
7 12
7 13
7 14
7 15
7 16
7 17
7 18
7 19
7 20
7 21
7 22
7 23
7 24
7 25
7 26
7 27
7 28
7 29
7 30
7 31
7 32
7 33
7 34
7 35
7 36
7 37
7 38
7 39
7 40
7 41
7 42
7 43
7 44
7 45
8 1
8 2
8 3
8 4
8 5
8 6
8 7
8 9
8 10
8 11
8 12
8 13
8 14
8 15
8 16
8 17
8 18
8 19
8 20
8 21
8 22
8 23
8 24
8 25
8 26
8 27
8 28
8 29
8 30
8 31
8 32
8 33
8 34
8 35
8 36
8 37
8 38
8 39
8 40
8 41
8 42
8 43
8 44
8 45
9 1
9 2
9 3
9 4
9 5
9 6
9 7
9 8
9 10
9 11
9 12
9 13
9 14
9 15
9 16
9 17
9 18
9 19
9 20
9 21
9 22
9 23
9 24
9 25
9 26
9 27
9 28
9 29
9 30
9 31
9 32
9 33
9 34
9 35
9 36
9 37
9 38
9 39
9 40
9 41
9 42
9 43
9 44
9 45
10 1
10 2
10 3
10 4
10 5
10 6
10 7
10 8
10 9
10 11
10 12
10 13
10 14
10 15
10 16
10 17
10 18
10 19
10 20
10 21
10 22
10 23
10 24
10 25
10 26
10 27
10 28
10 29
10 30
10 31
10 32
10 33
10 34
10 35
10 36
10 37
10 38
10 39
10 40
10 41
10 42
10 43
10 44
10 45
11 1
11 2
11 3
11 4
11 5
11 6
11 7
11 8
11 9
11 10
11 12
11 13
11 14
11 15
11 16
11 17
11 18
11 19
11 20
11 21
11 22
11 23
11 24
11 25
11 26
11 27
11 28
11 29
11 30
11 31
11 32
11 33
11 34
11 35
11 36
11 37
11 38
11 39
11 40
11 41
11 42
11 43
11 44
11 45
12 1
12 2
12 3
12 4
12 5
12 6
12 7
12 8
12 9
12 10
12 11
12 13
12 14
12 15
12 16
12 17
12 18
12 19
12 20
12 21
12 22
12 23
12 24
12 25
12 26
12 27
12 28
12 29
12 30
12 31
12 32
12 33
12 34
12 35
12 36
12 37
12 38
12 39
12 40
12 41
12 42
12 43
12 44
12 45
13 1
13 2
13 3
13 4
13 5
13 6
13 7
13 8
13 9
13 10
13 11
13 12
13 14
13 15
13 16
13 17
13 18
13 19
13 20
13 21
13 22
13 23
13 24
13 25
13 26
13 27
13 28
13 29
13 30
13 31
13 32
13 33
13 34
13 35
13 36
13 37
13 38
13 39
13 40
13 41
13 42
13 43
13 44
13 45
14 1
14 2
14 3
14 4
14 5
14 6
14 7
14 8
14 9
14 10
14 11
14 12
14 13
14 15
14 16
14 17
14 18
14 19
14 20
14 21
14 22
14 23
14 24
14 25
14 26
14 27
14 28
14 29
14 30
14 31
14 32
14 33
14 34
14 35
14 36
14 37
14 38
14 39
14 40
14 41
14 42
14 43
14 44
14 45
15 1
15 2
15 3
15 4
15 5
15 6
15 7
15 8
15 9
15 10
15 11
15 12
15 13
15 14
15 16
15 17
15 18
15 19
15 20
15 21
15 22
15 23
15 24
15 25
15 26
15 27
15 28
15 29
15 30
15 31
15 32
15 33
15 34
15 35
15 36
15 37
15 38
15 39
15 40
15 41
15 42
15 43
15 44
15 45
16 1
16 2
16 3
16 4
16 5
16 6
16 7
16 8
16 9
16 10
16 11
16 12
16 13
16 14
16 15
16 17
16 18
16 19
16 20
16 21
16 22
16 23
16 24
16 25
16 26
16 27
16 28
16 29
16 30
16 31
16 32
16 33
16 34
16 35
16 36
16 37
16 38
16 39
16 40
16 41
16 42
16 43
16 44
16 45
17 1
17 2
17 3
17 4
17 5
17 6
17 7
17 8
17 9
17 10
17 11
17 12
17 13
17 14
17 15
17 16
17 18
17 19
17 20
17 21
17 22
17 23
17 24
17 25
17 26
17 27
17 28
17 29
17 30
17 31
17 32
17 33
17 34
17 35
17 36
17 37
17 38
17 39
17 40
17 41
17 42
17 43
17 44
17 45
18 1
18 2
18 3
18 4
18 5
18 6
18 7
18 8
18 9
18 10
18 11
18 12
18 13
18 14
18 15
18 16
18 17
18 19
18 20
18 21
18 22
18 23
18 24
18 25
18 26
18 27
18 28
18 29
18 30
18 31
18 32
18 33
18 34
18 35
18 36
18 37
18 38
18 39
18 40
18 41
18 42
18 43
18 44
18 45
19 1
19 2
19 3
19 4
19 5
19 6
19 7
19 8
19 9
19 10
19 11
19 12
19 13
19 14
19 15
19 16
19 17
19 18
19 20
19 21
19 22
19 23
19 24
19 25
19 26
19 27
19 28
19 29
19 30
19 31
19 32
19 33
19 34
19 35
19 36
19 37
19 38
19 39
19 40
19 41
19 42
19 43
19 44
19 45
20 1
20 2
20 3
20 4
20 5
20 6
20 7
20 8
20 9
20 10
20 11
20 12
20 13
20 14
20 15
20 16
20 17
20 18
20 19
20 21
20 22
20 23
20 24
20 25
20 26
20 27
20 28
20 29
20 30
20 31
20 32
20 33
20 34
20 35
20 36
20 37
20 38
20 39
20 40
20 41
20 42
20 43
20 44
20 45
21 1
21 2
21 3
21 4
21 5
21 6
21 7
21 8
21 9
21 10
21 11
21 12
21 13
21 14
21 15
21 16
21 17
21 18
21 19
21 20
21 22
21 23
21 24
21 25
21 26
21 27
21 28
21 29
21 30
21 31
21 32
21 33
21 34
21 35
21 36
21 37
21 38
21 39
21 40
21 41
21 42
21 43
21 44
21 45
22 1
22 2
22 3
22 4
22 5
22 6
22 7
22 8
22 9
22 10
22 11
22 12
22 13
22 14
22 15
22 16
22 17
22 18
22 19
22 20
22 21
22 23
22 24
22 25
22 26
22 27
22 28
22 29
22 30
22 31
22 32
22 33
22 34
22 35
22 36
22 37
22 38
22 39
22 40
22 41
22 42
22 43
22 44
22 45
23 1
23 2
23 3
23 4
23 5
23 6
23 7
23 8
23 9
23 10
23 11
23 12
23 13
23 14
23 15
23 16
23 17
23 18
23 19
23 20
23 21
23 22
23 24
23 25
23 26
23 27
23 28
23 29
23 30
23 31
23 32
23 33
23 34
23 35
23 36
23 37
23 38
23 39
23 40
23 41
23 42
23 43
23 44
23 45
24 1
24 2
24 3
24 4
24 5
24 6
24 7
24 8
24 9
24 10
24 11
24 12
24 13
24 14
24 15
24 16
24 17
24 18
24 19
24 20
24 21
24 22
24 23
24 25
24 26
24 27
24 28
24 29
24 30
24 31
24 32
24 33
24 34
24 35
24 36
24 37
24 38
24 39
24 40
24 41
24 42
24 43
24 44
24 45
25 1
25 2
25 3
25 4
25 5
25 6
25 7
25 8
25 9
25 10
25 11
25 12
25 13
25 14
25 15
25 16
25 17
25 18
25 19
25 20
25 21
25 22
25 23
25 24
25 26
25 27
25 28
25 29
25 30
25 31
25 32
25 33
25 34
25 35
25 36
25 37
25 38
25 39
25 40
25 41
25 42
25 43
25 44
25 45
26 1
26 2
26 3
26 4
26 5
26 6
26 7
26 8
26 9
26 10
26 11
26 12
26 13
26 14
26 15
26 16
26 17
26 18
26 19
26 20
26 21
26 22
26 23
26 24
26 25
26 27
26 28
26 29
26 30
26 31
26 32
26 33
26 34
26 35
26 36
26 37
26 38
26 39
26 40
26 41
26 42
26 43
26 44
26 45
27 1
27 2
27 3
27 4
27 5
27 6
27 7
27 8
27 9
27 10
27 11
27 12
27 13
27 14
27 15
27 16
27 17
27 18
27 19
27 20
27 21
27 22
27 23
27 24
27 25
27 26
27 28
27 29
27 30
27 31
27 32
27 33
27 34
27 35
27 36
27 37
27 38
27 39
27 40
27 41
27 42
27 43
27 44
27 45
28 1
28 2
28 3
28 4
28 5
28 6
28 7
28 8
28 9
28 10
28 11
28 12
28 13
28 14
28 15
28 16
28 17
28 18
28 19
28 20
28 21
28 22
28 23
28 24
28 25
28 26
28 27
28 29
28 30
28 31
28 32
28 33
28 34
28 35
28 36
28 37
28 38
28 39
28 40
28 41
28 42
28 43
28 44
28 45
29 1
29 2
29 3
29 4
29 5
29 6
29 7
29 8
29 9
29 10
29 11
29 12
29 13
29 14
29 15
29 16
29 17
29 18
29 19
29 20
29 21
29 22
29 23
29 24
29 25
29 26
29 27
29 28
29 30
29 31
29 32
29 33
29 34
29 35
29 36
29 37
29 38
29 39
29 40
29 41
29 42
29 43
29 44
29 45
30 1
30 2
30 3
30 4
30 5
30 6
30 7
30 8
30 9
30 10
30 11
30 12
30 13
30 14
30 15
30 16
30 17
30 18
30 19
30 20
30 21
30 22
30 23
30 24
30 25
30 26
30 27
30 28
30 29
30 31
30 32
30 33
30 34
30 35
30 36
30 37
30 38
30 39
30 40
30 41
30 42
30 43
30 44
30 45
31 1
31 2
31 3
31 4
31 5
31 6
31 7
31 8
31 9
31 10
31 11
31 12
31 13
31 14
31 15
31 16
31 17
31 18
31 19
31 20
31 21
31 22
31 23
31 24
31 25
31 26
31 27
31 28
31 29
31 30
31 32
31 33
31 34
31 35
31 36
31 37
31 38
31 39
31 40
31 41
31 42
31 43
31 44
31 45
32 1
32 2
32 3
32 4
32 5
32 6
32 7
32 8
32 9
32 10
32 11
32 12
32 13
32 14
32 15
32 16
32 17
32 18
32 19
32 20
32 21
32 22
32 23
32 24
32 25
32 26
32 27
32 28
32 29
32 30
32 31
32 33
32 34
32 35
32 36
32 37
32 38
32 39
32 40
32 41
32 42
32 43
32 44
32 45
33 1
33 2
33 3
33 4
33 5
33 6
33 7
33 8
33 9
33 10
33 11
33 12
33 13
33 14
33 15
33 16
33 17
33 18
33 19
33 20
33 21
33 22
33 23
33 24
33 25
33 26
33 27
33 28
33 29
33 30
33 31
33 32
33 34
33 35
33 36
33 37
33 38
33 39
33 40
33 41
33 42
33 43
33 44
33 45
34 1
34 2
34 3
34 4
34 5
34 6
34 7
34 8
34 9
34 10
34 11
34 12
34 13
34 14
34 15
34 16
34 17
34 18
34 19
34 20
34 21
34 22
34 23
34 24
34 25
34 26
34 27
34 28
34 29
34 30
34 31
34 32
34 33
34 35
34 36
34 37
34 38
34 39
34 40
34 41
34 42
34 43
34 44
34 45
35 1
35 2
35 3
35 4
35 5
35 6
35 7
35 8
35 9
35 10
35 11
35 12
35 13
35 14
35 15
35 16
35 17
35 18
35 19
35 20
35 21
35 22
35 23
35 24
35 25
35 26
35 27
35 28
35 29
35 30
35 31
35 32
35 33
35 34
35 36
35 37
35 38
35 39
35 40
35 41
35 42
35 43
35 44
35 45
36 1
36 2
36 3
36 4
36 5
36 6
36 7
36 8
36 9
36 10
36 11
36 12
36 13
36 14
36 15
36 16
36 17
36 18
36 19
36 20
36 21
36 22
36 23
36 24
36 25
36 26
36 27
36 28
36 29
36 30
36 31
36 32
36 33
36 34
36 35
36 37
36 38
36 39
36 40
36 41
36 42
36 43
36 44
36 45
37 1
37 2
37 3
37 4
37 5
37 6
37 7
37 8
37 9
37 10
37 11
37 12
37 13
37 14
37 15
37 16
37 17
37 18
37 19
37 20
37 21
37 22
37 23
37 24
37 25
37 26
37 27
37 28
37 29
37 30
37 31
37 32
37 33
37 34
37 35
37 36
37 38
37 39
37 40
37 41
37 42
37 43
37 44
37 45
38 1
38 2
38 3
38 4
38 5
38 6
38 7
38 8
38 9
38 10
38 11
38 12
38 13
38 14
38 15
38 16
38 17
38 18
38 19
38 20
38 21
38 22
38 23
38 24
38 25
38 26
38 27
38 28
38 29
38 30
38 31
38 32
38 33
38 34
38 35
38 36
38 37
38 39
38 40
38 41
38 42
38 43
38 44
38 45
39 1
39 2
39 3
39 4
39 5
39 6
39 7
39 8
39 9
39 10
39 11
39 12
39 13
39 14
39 15
39 16
39 17
39 18
39 19
39 20
39 21
39 22
39 23
39 24
39 25
39 26
39 27
39 28
39 29
39 30
39 31
39 32
39 33
39 34
39 35
39 36
39 37
39 38
39 40
39 41
39 42
39 43
39 44
39 45
40 1
40 2
40 3
40 4
40 5
40 6
40 7
40 8
40 9
40 10
40 11
40 12
40 13
40 14
40 15
40 16
40 17
40 18
40 19
40 20
40 21
40 22
40 23
40 24
40 25
40 26
40 27
40 28
40 29
40 30
40 31
40 32
40 33
40 34
40 35
40 36
40 37
40 38
40 39
40 41
40 42
40 43
40 44
40 45
41 1
41 2
41 3
41 4
41 5
41 6
41 7
41 8
41 9
41 10
41 11
41 12
41 13
41 14
41 15
41 16
41 17
41 18
41 19
41 20
41 21
41 22
41 23
41 24
41 25
41 26
41 27
41 28
41 29
41 30
41 31
41 32
41 33
41 34
41 35
41 36
41 37
41 38
41 39
41 40
41 42
41 43
41 44
41 45
42 1
42 2
42 3
42 4
42 5
42 6
42 7
42 8
42 9
42 10
42 11
42 12
42 13
42 14
42 15
42 16
42 17
42 18
42 19
42 20
42 21
42 22
42 23
42 24
42 25
42 26
42 27
42 28
42 29
42 30
42 31
42 32
42 33
42 34
42 35
42 36
42 37
42 38
42 39
42 40
42 41
42 43
42 44
42 45
43 1
43 2
43 3
43 4
43 5
43 6
43 7
43 8
43 9
43 10
43 11
43 12
43 13
43 14
43 15
43 16
43 17
43 18
43 19
43 20
43 21
43 22
43 23
43 24
43 25
43 26
43 27
43 28
43 29
43 30
43 31
43 32
43 33
43 34
43 35
43 36
43 37
43 38
43 39
43 40
43 41
43 42
43 44
43 45
44 1
44 2
44 3
44 4
44 5
44 6
44 7
44 8
44 9
44 10
44 11
44 12
44 13
44 14
44 15
44 16
44 17
44 18
44 19
44 20
44 21
44 22
44 23
44 24
44 25
44 26
44 27
44 28
44 29
44 30
44 31
44 32
44 33
44 34
44 35
44 36
44 37
44 38
44 39
44 40
44 41
44 42
44 43
44 45
45 1
45 2
45 3
45 4
45 5
45 6
45 7
45 8
45 9
45 10
45 11
45 12
45 13
45 14
45 15
45 16
45 17
45 18
45 19
45 20
45 21
45 22
45 23
45 24
45 25
45 26
45 27
45 28
45 29
45 30
45 31
45 32
45 33
45 34
45 35
45 36
45 37
45 38
45 39
45 40
45 41
45 42
45 43
45 44
1 46
1 47
1 48
1 49
1 50
1 51
1 52
1 53
1 54
1 55
1 56
1 57
1 58
1 59
1 60
1 61
1 62
1 63
1 64
1 65
1 66
1 67
1 68
1 69
1 70
1 71
1 72
1 73
1 74
1 75
1 76
1 77
1 78
1 79
1 80
1 81
1 82
1 83
1 84
1 85
1 86
1 87
1 88
1 89
2 90
2 91
2 92
2 93
2 94
2 95
2 96
2 97
2 98
2 99
2 100
2 101
2 102
2 103
2 104
2 105
2 106
2 107
2 108
2 109
2 110
2 111
2 112
2 113
2 114
2 115
2 116
2 117
2 118
2 119
2 120
2 121
2 122
2 123
2 124
2 125
2 126
2 127
2 128
2 129
2 130
2 131
2 132
2 133
3 134
3 135
3 136
3 137
3 138
3 139
3 140
3 141
3 142
3 143
3 144
3 145
3 146
3 147
3 148
3 149
3 150
3 151
3 152
3 153
3 154
3 155
3 156
3 157
3 158
3 159
3 160
3 161
3 162
3 163
3 164
3 165
3 166
3 167
3 168
3 169
3 170
3 171
3 172
3 173
3 174
3 175
3 176
3 177
4 178
4 179
4 180
4 181
4 182
4 183
4 184
4 185
4 186
4 187
4 188
4 189
4 190
4 191
4 192
4 193
4 194
4 195
4 196
4 197
4 198
4 199
4 200
4 201
4 202
4 203
4 204
4 205
4 206
4 207
4 208
4 209
4 210
4 211
4 212
4 213
4 214
4 215
4 216
4 217
4 218
4 219
4 220
4 221
5 222
5 223
5 224
5 225
5 226
5 227
5 228
5 229
5 230
5 231
5 232
5 233
5 234
5 235
5 236
5 237
5 238
5 239
5 240
5 241
5 242
5 243
5 244
5 245
5 246
5 247
5 248
5 249
5 250
5 251
5 252
5 253
5 254
5 255
5 256
5 257
5 258
5 259
5 260
5 261
5 262
5 263
5 264
5 265
6 266
6 267
6 268
6 269
6 270
6 271
6 272
6 273
6 274
6 275
6 276
6 277
6 278
6 279
6 280
6 281
6 282
6 283
6 284
6 285
6 286
6 287
6 288
6 289
6 290
6 291
6 292
6 293
6 294
6 295
6 296
6 297
6 298
6 299
6 300
6 301
6 302
6 303
6 304
6 305
6 306
6 307
6 308
6 309
7 310
7 311
7 312
7 313
7 314
7 315
7 316
7 317
7 318
7 319
7 320
7 321
7 322
7 323
7 324
7 325
7 326
7 327
7 328
7 329
7 330
7 331
7 332
7 333
7 334
7 335
7 336
7 337
7 338
7 339
7 340
7 341
7 342
7 343
7 344
7 345
7 346
7 347
7 348
7 349
7 350
7 351
7 352
7 353
8 354
8 355
8 356
8 357
8 358
8 359
8 360
8 361
8 362
8 363
8 364
8 365
8 366
8 367
8 368
8 369
8 370
8 371
8 372
8 373
8 374
8 375
8 376
8 377
8 378
8 379
8 380
8 381
8 382
8 383
8 384
8 385
8 386
8 387
8 388
8 389
8 390
8 391
8 392
8 393
8 394
8 395
8 396
8 397
9 398
9 399
9 400
9 401
9 402
9 403
9 404
9 405
9 406
9 407
9 408
9 409
9 410
9 411
9 412
9 413
9 414
9 415
9 416
9 417
9 418
9 419
9 420
9 421
9 422
9 423
9 424
9 425
9 426
9 427
9 428
9 429
9 430
9 431
9 432
9 433
9 434
9 435
9 436
9 437
9 438
9 439
9 440
9 441
10 442
10 443
10 444
10 445
10 446
10 447
10 448
10 449
10 450
10 451
10 452
10 453
10 454
10 455
10 456
10 457
10 458
10 459
10 460
10 461
10 462
10 463
10 464
10 465
10 466
10 467
10 468
10 469
10 470
10 471
10 472
10 473
10 474
10 475
10 476
10 477
10 478
10 479
10 480
10 481
10 482
10 483
10 484
10 485
11 486
11 487
11 488
11 489
11 490
11 491
11 492
11 493
11 494
11 495
11 496
11 497
11 498
11 499
11 500
11 501
11 502
11 503
11 504
11 505
11 506
11 507
11 508
11 509
11 510
11 511
11 512
11 513
11 514
11 515
11 516
11 517
11 518
11 519
11 520
11 521
11 522
11 523
11 524
11 525
11 526
11 527
11 528
11 529
12 530
12 531
12 532
12 533
12 534
12 535
12 536
12 537
12 538
12 539
12 540
12 541
12 542
12 543
12 544
12 545
12 546
12 547
12 548
12 549
12 550
12 551
12 552
12 553
12 554
12 555
12 556
12 557
12 558
12 559
12 560
12 561
12 562
12 563
12 564
12 565
12 566
12 567
12 568
12 569
12 570
12 571
12 572
12 573
13 574
13 575
13 576
13 577
13 578
13 579
13 580
13 581
13 582
13 583
13 584
13 585
13 586
13 587
13 588
13 589
13 590
13 591
13 592
13 593
13 594
13 595
13 596
13 597
13 598
13 599
13 600
13 601
13 602
13 603
13 604
13 605
13 606
13 607
13 608
13 609
13 610
13 611
13 612
13 613
13 614
13 615
13 616
13 617
14 618
14 619
14 620
14 621
14 622
14 623
14 624
14 625
14 626
14 627
14 628
14 629
14 630
14 631
14 632
14 633
14 634
14 635
14 636
14 637
14 638
14 639
14 640
14 641
14 642
14 643
14 644
14 645
14 646
14 647
14 648
14 649
14 650
14 651
14 652
14 653
14 654
14 655
14 656
14 657
14 658
14 659
14 660
14 661
15 662
15 663
15 664
15 665
15 666
15 667
15 668
15 669
15 670
15 671
15 672
15 673
15 674
15 675
15 676
15 677
15 678
15 679
15 680
15 681
15 682
15 683
15 684
15 685
15 686
15 687
15 688
15 689
15 690
15 691
15 692
15 693
15 694
15 695
15 696
15 697
15 698
15 699
15 700
15 701
15 702
15 703
15 704
15 705
16 706
16 707
16 708
16 709
16 710
16 711
16 712
16 713
16 714
16 715
16 716
16 717
16 718
16 719
16 720
16 721
16 722
16 723
16 724
16 725
16 726
16 727
16 728
16 729
16 730
16 731
16 732
16 733
16 734
16 735
16 736
16 737
16 738
16 739
16 740
16 741
16 742
16 743
16 744
16 745
16 746
16 747
16 748
16 749
17 750
17 751
17 752
17 753
17 754
17 755
17 756
17 757
17 758
17 759
17 760
17 761
17 762
17 763
17 764
17 765
17 766
17 767
17 768
17 769
17 770
17 771
17 772
17 773
17 774
17 775
17 776
17 777
17 778
17 779
17 780
17 781
17 782
17 783
17 784
17 785
17 786
17 787
17 788
17 789
17 790
17 791
17 792
17 793
18 794
18 795
18 796
18 797
18 798
18 799
18 800
18 801
18 802
18 803
18 804
18 805
18 806
18 807
18 808
18 809
18 810
18 811
18 812
18 813
18 814
18 815
18 816
18 817
18 818
18 819
18 820
18 821
18 822
18 823
18 824
18 825
18 826
18 827
18 828
18 829
18 830
18 831
18 832
18 833
18 834
18 835
18 836
18 837
19 838
19 839
19 840
19 841
19 842
19 843
19 844
19 845
19 846
19 847
19 848
19 849
19 850
19 851
19 852
19 853
19 854
19 855
19 856
19 857
19 858
19 859
19 860
19 861
19 862
19 863
19 864
19 865
19 866
19 867
19 868
19 869
19 870
19 871
19 872
19 873
19 874
19 875
19 876
19 877
19 878
19 879
19 880
19 881
20 882
20 883
20 884
20 885
20 886
20 887
20 888
20 889
20 890
20 891
20 892
20 893
20 894
20 895
20 896
20 897
20 898
20 899
20 900
20 901
20 902
20 903
20 904
20 905
20 906
20 907
20 908
20 909
20 910
20 911
20 912
20 913
20 914
20 915
20 916
20 917
20 918
20 919
20 920
20 921
20 922
20 923
20 924
20 925
21 926
21 927
21 928
21 929
21 930
21 931
21 932
21 933
21 934
21 935
21 936
21 937
21 938
21 939
21 940
21 941
21 942
21 943
21 944
21 945
21 946
21 947
21 948
21 949
21 950
21 951
21 952
21 953
21 954
21 955
21 956
21 957
21 958
21 959
21 960
21 961
21 962
21 963
21 964
21 965
21 966
21 967
21 968
21 969
22 970
22 971
22 972
22 973
22 974
22 975
22 976
22 977
22 978
22 979
22 980
22 981
22 982
22 983
22 984
22 985
22 986
22 987
22 988
22 989
22 990
22 991
22 992
22 993
22 994
22 995
22 996
22 997
22 998
22 999
22 1000
22 1001
22 1002
22 1003
22 1004
22 1005
22 1006
22 1007
22 1008
22 1009
22 1010
22 1011
22 1012
22 1013
23 1014
23 1015
23 1016
23 1017
23 1018
23 1019
23 1020
23 1021
23 1022
23 1023
23 1024
23 1025
23 1026
23 1027
23 1028
23 1029
23 1030
23 1031
23 1032
23 1033
23 1034
23 1035
23 1036
23 1037
23 1038
23 1039
23 1040
23 1041
23 1042
23 1043
23 1044
23 1045
23 1046
23 1047
23 1048
23 1049
23 1050
23 1051
23 1052
23 1053
23 1054
23 1055
23 1056
23 1057
24 1058
24 1059
24 1060
24 1061
24 1062
24 1063
24 1064
24 1065
24 1066
24 1067
24 1068
24 1069
24 1070
24 1071
24 1072
24 1073
24 1074
24 1075
24 1076
24 1077
24 1078
24 1079
24 1080
24 1081
24 1082
24 1083
24 1084
24 1085
24 1086
24 1087
24 1088
24 1089
24 1090
24 1091
24 1092
24 1093
24 1094
24 1095
24 1096
24 1097
24 1098
24 1099
24 1100
24 1101
25 1102
25 1103
25 1104
25 1105
25 1106
25 1107
25 1108
25 1109
25 1110
25 1111
25 1112
25 1113
25 1114
25 1115
25 1116
25 1117
25 1118
25 1119
25 1120
25 1121
25 1122
25 1123
25 1124
25 1125
25 1126
25 1127
25 1128
25 1129
25 1130
25 1131
25 1132
25 1133
25 1134
25 1135
25 1136
25 1137
25 1138
25 1139
25 1140
25 1141
25 1142
25 1143
25 1144
25 1145
26 1146
26 1147
26 1148
26 1149
26 1150
26 1151
26 1152
26 1153
26 1154
26 1155
26 1156
26 1157
26 1158
26 1159
26 1160
26 1161
26 1162
26 1163
26 1164
26 1165
26 1166
26 1167
26 1168
26 1169
26 1170
26 1171
26 1172
26 1173
26 1174
26 1175
26 1176
26 1177
26 1178
26 1179
26 1180
26 1181
26 1182
26 1183
26 1184
26 1185
26 1186
26 1187
26 1188
26 1189
27 1190
27 1191
27 1192
27 1193
27 1194
27 1195
27 1196
27 1197
27 1198
27 1199
27 1200
27 1201
27 1202
27 1203
27 1204
27 1205
27 1206
27 1207
27 1208
27 1209
27 1210
27 1211
27 1212
27 1213
27 1214
27 1215
27 1216
27 1217
27 1218
27 1219
27 1220
27 1221
27 1222
27 1223
27 1224
27 1225
27 1226
27 1227
27 1228
27 1229
27 1230
27 1231
27 1232
27 1233
28 1234
28 1235
28 1236
28 1237
28 1238
28 1239
28 1240
28 1241
28 1242
28 1243
28 1244
28 1245
28 1246
28 1247
28 1248
28 1249
28 1250
28 1251
28 1252
28 1253
28 1254
28 1255
28 1256
28 1257
28 1258
28 1259
28 1260
28 1261
28 1262
28 1263
28 1264
28 1265
28 1266
28 1267
28 1268
28 1269
28 1270
28 1271
28 1272
28 1273
28 1274
28 1275
28 1276
28 1277
29 1278
29 1279
29 1280
29 1281
29 1282
29 1283
29 1284
29 1285
29 1286
29 1287
29 1288
29 1289
29 1290
29 1291
29 1292
29 1293
29 1294
29 1295
29 1296
29 1297
29 1298
29 1299
29 1300
29 1301
29 1302
29 1303
29 1304
29 1305
29 1306
29 1307
29 1308
29 1309
29 1310
29 1311
29 1312
29 1313
29 1314
29 1315
29 1316
29 1317
29 1318
29 1319
29 1320
29 1321
30 1322
30 1323
30 1324
30 1325
30 1326
30 1327
30 1328
30 1329
30 1330
30 1331
30 1332
30 1333
30 1334
30 1335
30 1336
30 1337
30 1338
30 1339
30 1340
30 1341
30 1342
30 1343
30 1344
30 1345
30 1346
30 1347
30 1348
30 1349
30 1350
30 1351
30 1352
30 1353
30 1354
30 1355
30 1356
30 1357
30 1358
30 1359
30 1360
30 1361
30 1362
30 1363
30 1364
30 1365
31 1366
31 1367
31 1368
31 1369
31 1370
31 1371
31 1372
31 1373
31 1374
31 1375
31 1376
31 1377
31 1378
31 1379
31 1380
31 1381
31 1382
31 1383
31 1384
31 1385
31 1386
31 1387
31 1388
31 1389
31 1390
31 1391
31 1392
31 1393
31 1394
31 1395
31 1396
31 1397
31 1398
31 1399
31 1400
31 1401
31 1402
31 1403
31 1404
31 1405
31 1406
31 1407
31 1408
31 1409
32 1410
32 1411
32 1412
32 1413
32 1414
32 1415
32 1416
32 1417
32 1418
32 1419
32 1420
32 1421
32 1422
32 1423
32 1424
32 1425
32 1426
32 1427
32 1428
32 1429
32 1430
32 1431
32 1432
32 1433
32 1434
32 1435
32 1436
32 1437
32 1438
32 1439
32 1440
32 1441
32 1442
32 1443
32 1444
32 1445
32 1446
32 1447
32 1448
32 1449
32 1450
32 1451
32 1452
32 1453
33 1454
33 1455
33 1456
33 1457
33 1458
33 1459
33 1460
33 1461
33 1462
33 1463
33 1464
33 1465
33 1466
33 1467
33 1468
33 1469
33 1470
33 1471
33 1472
33 1473
33 1474
33 1475
33 1476
33 1477
33 1478
33 1479
33 1480
33 1481
33 1482
33 1483
33 1484
33 1485
33 1486
33 1487
33 1488
33 1489
33 1490
33 1491
33 1492
33 1493
33 1494
33 1495
33 1496
33 1497
34 1498
34 1499
34 1500
34 1501
34 1502
34 1503
34 1504
34 1505
34 1506
34 1507
34 1508
34 1509
34 1510
34 1511
34 1512
34 1513
34 1514
34 1515
34 1516
34 1517
34 1518
34 1519
34 1520
34 1521
34 1522
34 1523
34 1524
34 1525
34 1526
34 1527
34 1528
34 1529
34 1530
34 1531
34 1532
34 1533
34 1534
34 1535
34 1536
34 1537
34 1538
34 1539
34 1540
34 1541
35 1542
35 1543
35 1544
35 1545
35 1546
35 1547
35 1548
35 1549
35 1550
35 1551
35 1552
35 1553
35 1554
35 1555
35 1556
35 1557
35 1558
35 1559
35 1560
35 1561
35 1562
35 1563
35 1564
35 1565
35 1566
35 1567
35 1568
35 1569
35 1570
35 1571
35 1572
35 1573
35 1574
35 1575
35 1576
35 1577
35 1578
35 1579
35 1580
35 1581
35 1582
35 1583
35 1584
35 1585
36 1586
36 1587
36 1588
36 1589
36 1590
36 1591
36 1592
36 1593
36 1594
36 1595
36 1596
36 1597
36 1598
36 1599
36 1600
36 1601
36 1602
36 1603
36 1604
36 1605
36 1606
36 1607
36 1608
36 1609
36 1610
36 1611
36 1612
36 1613
36 1614
36 1615
36 1616
36 1617
36 1618
36 1619
36 1620
36 1621
36 1622
36 1623
36 1624
36 1625
36 1626
36 1627
36 1628
36 1629
37 1630
37 1631
37 1632
37 1633
37 1634
37 1635
37 1636
37 1637
37 1638
37 1639
37 1640
37 1641
37 1642
37 1643
37 1644
37 1645
37 1646
37 1647
37 1648
37 1649
37 1650
37 1651
37 1652
37 1653
37 1654
37 1655
37 1656
37 1657
37 1658
37 1659
37 1660
37 1661
37 1662
37 1663
37 1664
37 1665
37 1666
37 1667
37 1668
37 1669
37 1670
37 1671
37 1672
37 1673
38 1674
38 1675
38 1676
38 1677
38 1678
38 1679
38 1680
38 1681
38 1682
38 1683
38 1684
38 1685
38 1686
38 1687
38 1688
38 1689
38 1690
38 1691
38 1692
38 1693
38 1694
38 1695
38 1696
38 1697
38 1698
38 1699
38 1700
38 1701
38 1702
38 1703
38 1704
38 1705
38 1706
38 1707
38 1708
38 1709
38 1710
38 1711
38 1712
38 1713
38 1714
38 1715
38 1716
38 1717
39 1718
39 1719
39 1720
39 1721
39 1722
39 1723
39 1724
39 1725
39 1726
39 1727
39 1728
39 1729
39 1730
39 1731
39 1732
39 1733
39 1734
39 1735
39 1736
39 1737
39 1738
39 1739
39 1740
39 1741
39 1742
39 1743
39 1744
39 1745
39 1746
39 1747
39 1748
39 1749
39 1750
39 1751
39 1752
39 1753
39 1754
39 1755
39 1756
39 1757
39 1758
39 1759
39 1760
39 1761
40 1762
40 1763
40 1764
40 1765
40 1766
40 1767
40 1768
40 1769
40 1770
40 1771
40 1772
40 1773
40 1774
40 1775
40 1776
40 1777
40 1778
40 1779
40 1780
40 1781
40 1782
40 1783
40 1784
40 1785
40 1786
40 1787
40 1788
40 1789
40 1790
40 1791
40 1792
40 1793
40 1794
40 1795
40 1796
40 1797
40 1798
40 1799
40 1800
40 1801
40 1802
40 1803
40 1804
40 1805
41 1806
41 1807
41 1808
41 1809
41 1810
41 1811
41 1812
41 1813
41 1814
41 1815
41 1816
41 1817
41 1818
41 1819
41 1820
41 1821
41 1822
41 1823
41 1824
41 1825
41 1826
41 1827
41 1828
41 1829
41 1830
41 1831
41 1832
41 1833
41 1834
41 1835
41 1836
41 1837
41 1838
41 1839
41 1840
41 1841
41 1842
41 1843
41 1844
41 1845
41 1846
41 1847
41 1848
41 1849
42 1850
42 1851
42 1852
42 1853
42 1854
42 1855
42 1856
42 1857
42 1858
42 1859
42 1860
42 1861
42 1862
42 1863
42 1864
42 1865
42 1866
42 1867
42 1868
42 1869
42 1870
42 1871
42 1872
42 1873
42 1874
42 1875
42 1876
42 1877
42 1878
42 1879
42 1880
42 1881
42 1882
42 1883
42 1884
42 1885
42 1886
42 1887
42 1888
42 1889
42 1890
42 1891
42 1892
42 1893
43 1894
43 1895
43 1896
43 1897
43 1898
43 1899
43 1900
43 1901
43 1902
43 1903
43 1904
43 1905
43 1906
43 1907
43 1908
43 1909
43 1910
43 1911
43 1912
43 1913
43 1914
43 1915
43 1916
43 1917
43 1918
43 1919
43 1920
43 1921
43 1922
43 1923
43 1924
43 1925
43 1926
43 1927
43 1928
43 1929
43 1930
43 1931
43 1932
43 1933
43 1934
43 1935
43 1936
43 1937
44 1938
44 1939
44 1940
44 1941
44 1942
44 1943
44 1944
44 1945
44 1946
44 1947
44 1948
44 1949
44 1950
44 1951
44 1952
44 1953
44 1954
44 1955
44 1956
44 1957
44 1958
44 1959
44 1960
44 1961
44 1962
44 1963
44 1964
44 1965
44 1966
44 1967
44 1968
44 1969
44 1970
44 1971
44 1972
44 1973
44 1974
44 1975
44 1976
44 1977
44 1978
44 1979
44 1980
44 1981
45 1982
45 1983
45 1984
45 1985
45 1986
45 1987
45 1988
45 1989
45 1990
45 1991
45 1992
45 1993
45 1994
45 1995
45 1996
45 1997
45 1998
45 1999
45 2000
45 2001
45 2002
45 2003
45 2004
45 2005
45 2006
45 2007
45 2008
45 2009
45 2010
45 2011
45 2012
45 2013
45 2014
45 2015
45 2016
45 2017
45 2018
45 2019
45 2020
45 2021
45 2022
45 2023
45 2024
45 2025
46 2026
46 2027
46 2028
46 2029
46 2030
46 2031
46 2032
46 2033
46 2034
46 2035
46 2036
46 2037
46 2038
46 2039
46 2040
46 2041
46 2042
46 2043
46 2044
46 2045
46 2046
46 2047
46 2048
46 2049
46 2050
46 2051
46 2052
46 2053
46 2054
46 2055
46 2056
46 2057
46 2058
46 2059
46 2060
46 2061
46 2062
46 2063
46 2064
46 2065
46 2066
46 2067
46 2068
46 2069
46 2070
46 2071
46 2072
46 2073
46 2074
46 2075
46 2076
46 2077
46 2078
46 2079
46 2080
46 2081
46 2082
46 2083
46 2084
46 2085
46 2086
46 2087
46 2088
46 2089
46 2090
46 2091
46 2092
46 2093
46 2094
46 2095
46 2096
46 2097
46 2098
46 2099
46 2100
46 2101
46 2102
46 2103
46 2104
46 2105
46 2106
46 2107
46 2108
46 2109
46 2110
46 2111
46 2112
46 2113
90 2114
90 2115
90 2116
90 2117
90 2118
90 2119
90 2120
90 2121
90 2122
90 2123
90 2124
90 2125
90 2126
90 2127
90 2128
90 2129
90 2130
90 2131
90 2132
90 2133
90 2134
90 2135
90 2136
90 2137
90 2138
90 2139
90 2140
90 2141
90 2142
90 2143
90 2144
90 2145
90 2146
90 2147
90 2148
90 2149
90 2150
90 2151
90 2152
90 2153
90 2154
90 2155
90 2156
90 2157
90 2158
90 2159
90 2160
90 2161
90 2162
90 2163
90 2164
90 2165
90 2166
90 2167
90 2168
90 2169
90 2170
90 2171
90 2172
90 2173
90 2174
90 2175
90 2176
90 2177
90 2178
90 2179
90 2180
90 2181
90 2182
90 2183
90 2184
90 2185
90 2186
90 2187
90 2188
90 2189
90 2190
90 2191
90 2192
90 2193
90 2194
90 2195
90 2196
90 2197
90 2198
90 2199
90 2200
90 2201
134 2202
134 2203
134 2204
134 2205
134 2206
134 2207
134 2208
134 2209
134 2210
134 2211
134 2212
134 2213
134 2214
134 2215
134 2216
134 2217
134 2218
134 2219
134 2220
134 2221
134 2222
134 2223
134 2224
134 2225
134 2226
134 2227
134 2228
134 2229
134 2230
134 2231
134 2232
134 2233
134 2234
134 2235
134 2236
134 2237
134 2238
134 2239
134 2240
134 2241
134 2242
134 2243
134 2244
134 2245
134 2246
134 2247
134 2248
134 2249
134 2250
134 2251
134 2252
134 2253
134 2254
134 2255
134 2256
134 2257
134 2258
134 2259
134 2260
134 2261
134 2262
134 2263
134 2264
134 2265
134 2266
134 2267
134 2268
134 2269
134 2270
134 2271
134 2272
134 2273
134 2274
134 2275
134 2276
134 2277
134 2278
134 2279
134 2280
134 2281
134 2282
134 2283
134 2284
134 2285
134 2286
134 2287
134 2288
134 2289
178 2290
178 2291
178 2292
178 2293
178 2294
178 2295
178 2296
178 2297
178 2298
178 2299
178 2300
178 2301
178 2302
178 2303
178 2304
178 2305
178 2306
178 2307
178 2308
178 2309
178 2310
178 2311
178 2312
178 2313
178 2314
178 2315
178 2316
178 2317
178 2318
178 2319
178 2320
178 2321
178 2322
178 2323
178 2324
178 2325
178 2326
178 2327
178 2328
178 2329
178 2330
178 2331
178 2332
178 2333
178 2334
178 2335
178 2336
178 2337
178 2338
178 2339
178 2340
178 2341
178 2342
178 2343
178 2344
178 2345
178 2346
178 2347
178 2348
178 2349
178 2350
178 2351
178 2352
178 2353
178 2354
178 2355
178 2356
178 2357
178 2358
178 2359
178 2360
178 2361
178 2362
178 2363
178 2364
178 2365
178 2366
178 2367
178 2368
178 2369
178 2370
178 2371
178 2372
178 2373
178 2374
178 2375
178 2376
178 2377
222 2378
222 2379
222 2380
222 2381
222 2382
222 2383
222 2384
222 2385
222 2386
222 2387
222 2388
222 2389
222 2390
222 2391
222 2392
222 2393
222 2394
222 2395
222 2396
222 2397
222 2398
222 2399
222 2400
222 2401
222 2402
222 2403
222 2404
222 2405
222 2406
222 2407
222 2408
222 2409
222 2410
222 2411
222 2412
222 2413
222 2414
222 2415
222 2416
222 2417
222 2418
222 2419
222 2420
222 2421
222 2422
222 2423
222 2424
222 2425
222 2426
222 2427
222 2428
222 2429
222 2430
222 2431
222 2432
222 2433
222 2434
222 2435
222 2436
222 2437
222 2438
222 2439
222 2440
222 2441
222 2442
222 2443
222 2444
222 2445
222 2446
222 2447
222 2448
222 2449
222 2450
222 2451
222 2452
222 2453
222 2454
222 2455
222 2456
222 2457
222 2458
222 2459
222 2460
222 2461
222 2462
222 2463
222 2464
222 2465
266 2466
266 2467
266 2468
266 2469
266 2470
266 2471
266 2472
266 2473
266 2474
266 2475
266 2476
266 2477
266 2478
266 2479
266 2480
266 2481
266 2482
266 2483
266 2484
266 2485
266 2486
266 2487
266 2488
266 2489
266 2490
266 2491
266 2492
266 2493
266 2494
266 2495
266 2496
266 2497
266 2498
266 2499
266 2500
266 2501
266 2502
266 2503
266 2504
266 2505
266 2506
266 2507
266 2508
266 2509
266 2510
266 2511
266 2512
266 2513
266 2514
266 2515
266 2516
266 2517
266 2518
266 2519
266 2520
266 2521
266 2522
266 2523
266 2524
266 2525
266 2526
266 2527
266 2528
266 2529
266 2530
266 2531
266 2532
266 2533
266 2534
266 2535
266 2536
266 2537
266 2538
266 2539
266 2540
266 2541
266 2542
266 2543
266 2544
266 2545
266 2546
266 2547
266 2548
266 2549
266 2550
266 2551
266 2552
266 2553
310 2554
310 2555
310 2556
310 2557
310 2558
310 2559
310 2560
310 2561
310 2562
310 2563
310 2564
310 2565
310 2566
310 2567
310 2568
310 2569
310 2570
310 2571
310 2572
310 2573
310 2574
310 2575
310 2576
310 2577
310 2578
310 2579
310 2580
310 2581
310 2582
310 2583
310 2584
310 2585
310 2586
310 2587
310 2588
310 2589
310 2590
310 2591
310 2592
310 2593
310 2594
310 2595
310 2596
310 2597
310 2598
310 2599
310 2600
310 2601
310 2602
310 2603
310 2604
310 2605
310 2606
310 2607
310 2608
310 2609
310 2610
310 2611
310 2612
310 2613
310 2614
310 2615
310 2616
310 2617
310 2618
310 2619
310 2620
310 2621
310 2622
310 2623
310 2624
310 2625
310 2626
310 2627
310 2628
310 2629
310 2630
310 2631
310 2632
310 2633
310 2634
310 2635
310 2636
310 2637
310 2638
310 2639
310 2640
310 2641
354 2642
354 2643
354 2644
354 2645
354 2646
354 2647
354 2648
354 2649
354 2650
354 2651
354 2652
354 2653
354 2654
354 2655
354 2656
354 2657
354 2658
354 2659
354 2660
354 2661
354 2662
354 2663
354 2664
354 2665
354 2666
354 2667
354 2668
354 2669
354 2670
354 2671
354 2672
354 2673
354 2674
354 2675
354 2676
354 2677
354 2678
354 2679
354 2680
354 2681
354 2682
354 2683
354 2684
354 2685
354 2686
354 2687
354 2688
354 2689
354 2690
354 2691
354 2692
354 2693
354 2694
354 2695
354 2696
354 2697
354 2698
354 2699
354 2700
354 2701
354 2702
354 2703
354 2704
354 2705
354 2706
354 2707
354 2708
354 2709
354 2710
354 2711
354 2712
354 2713
354 2714
354 2715
354 2716
354 2717
354 2718
354 2719
354 2720
354 2721
354 2722
354 2723
354 2724
354 2725
354 2726
354 2727
354 2728
354 2729
398 2730
398 2731
398 2732
398 2733
398 2734
398 2735
398 2736
398 2737
398 2738
398 2739
398 2740
398 2741
398 2742
398 2743
398 2744
398 2745
398 2746
398 2747
398 2748
398 2749
398 2750
398 2751
398 2752
398 2753
398 2754
398 2755
398 2756
398 2757
398 2758
398 2759
398 2760
398 2761
398 2762
398 2763
398 2764
398 2765
398 2766
398 2767
398 2768
398 2769
398 2770
398 2771
398 2772
398 2773
398 2774
398 2775
398 2776
398 2777
398 2778
398 2779
398 2780
398 2781
398 2782
398 2783
398 2784
398 2785
398 2786
398 2787
398 2788
398 2789
398 2790
398 2791
398 2792
398 2793
398 2794
398 2795
398 2796
398 2797
398 2798
398 2799
398 2800
398 2801
398 2802
398 2803
398 2804
398 2805
398 2806
398 2807
398 2808
398 2809
398 2810
398 2811
398 2812
398 2813
398 2814
398 2815
398 2816
398 2817
442 2818
442 2819
442 2820
442 2821
442 2822
442 2823
442 2824
442 2825
442 2826
442 2827
442 2828
442 2829
442 2830
442 2831
442 2832
442 2833
442 2834
442 2835
442 2836
442 2837
442 2838
442 2839
442 2840
442 2841
442 2842
442 2843
442 2844
442 2845
442 2846
442 2847
442 2848
442 2849
442 2850
442 2851
442 2852
442 2853
442 2854
442 2855
442 2856
442 2857
442 2858
442 2859
442 2860
442 2861
442 2862
442 2863
442 2864
442 2865
442 2866
442 2867
442 2868
442 2869
442 2870
442 2871
442 2872
442 2873
442 2874
442 2875
442 2876
442 2877
442 2878
442 2879
442 2880
442 2881
442 2882
442 2883
442 2884
442 2885
442 2886
442 2887
442 2888
442 2889
442 2890
442 2891
442 2892
442 2893
442 2894
442 2895
442 2896
442 2897
442 2898
442 2899
442 2900
442 2901
442 2902
442 2903
442 2904
442 2905
486 2906
486 2907
486 2908
486 2909
486 2910
486 2911
486 2912
486 2913
486 2914
486 2915
486 2916
486 2917
486 2918
486 2919
486 2920
486 2921
486 2922
486 2923
486 2924
486 2925
486 2926
486 2927
486 2928
486 2929
486 2930
486 2931
486 2932
486 2933
486 2934
486 2935
486 2936
486 2937
486 2938
486 2939
486 2940
486 2941
486 2942
486 2943
486 2944
486 2945
486 2946
486 2947
486 2948
486 2949
486 2950
486 2951
486 2952
486 2953
486 2954
486 2955
486 2956
486 2957
486 2958
486 2959
486 2960
486 2961
486 2962
486 2963
486 2964
486 2965
486 2966
486 2967
486 2968
486 2969
486 2970
486 2971
486 2972
486 2973
486 2974
486 2975
486 2976
486 2977
486 2978
486 2979
486 2980
486 2981
486 2982
486 2983
486 2984
486 2985
486 2986
486 2987
486 2988
486 2989
486 2990
486 2991
486 2992
486 2993
530 2994
530 2995
530 2996
530 2997
530 2998
530 2999
530 3000
530 3001
530 3002
530 3003
530 3004
530 3005
530 3006
530 3007
530 3008
530 3009
530 3010
530 3011
530 3012
530 3013
530 3014
530 3015
530 3016
530 3017
530 3018
530 3019
530 3020
530 3021
530 3022
530 3023
530 3024
530 3025
530 3026
530 3027
530 3028
530 3029
530 3030
530 3031
530 3032
530 3033
530 3034
530 3035
530 3036
530 3037
530 3038
530 3039
530 3040
530 3041
530 3042
530 3043
530 3044
530 3045
530 3046
530 3047
530 3048
530 3049
530 3050
530 3051
530 3052
530 3053
530 3054
530 3055
530 3056
530 3057
530 3058
530 3059
530 3060
530 3061
530 3062
530 3063
530 3064
530 3065
530 3066
530 3067
530 3068
530 3069
530 3070
530 3071
530 3072
530 3073
530 3074
530 3075
530 3076
530 3077
530 3078
530 3079
530 3080
530 3081
574 3082
574 3083
574 3084
574 3085
574 3086
574 3087
574 3088
574 3089
574 3090
574 3091
574 3092
574 3093
574 3094
574 3095
574 3096
574 3097
574 3098
574 3099
574 3100
574 3101
574 3102
574 3103
574 3104
574 3105
574 3106
574 3107
574 3108
574 3109
574 3110
574 3111
574 3112
574 3113
574 3114
574 3115
574 3116
574 3117
574 3118
574 3119
574 3120
574 3121
574 3122
574 3123
574 3124
574 3125
574 3126
574 3127
574 3128
574 3129
574 3130
574 3131
574 3132
574 3133
574 3134
574 3135
574 3136
574 3137
574 3138
574 3139
574 3140
574 3141
574 3142
574 3143
574 3144
574 3145
574 3146
574 3147
574 3148
574 3149
574 3150
574 3151
574 3152
574 3153
574 3154
574 3155
574 3156
574 3157
574 3158
574 3159
574 3160
574 3161
574 3162
574 3163
574 3164
574 3165
574 3166
574 3167
574 3168
574 3169
618 3170
618 3171
618 3172
618 3173
618 3174
618 3175
618 3176
618 3177
618 3178
618 3179
618 3180
618 3181
618 3182
618 3183
618 3184
618 3185
618 3186
618 3187
618 3188
618 3189
618 3190
618 3191
618 3192
618 3193
618 3194
618 3195
618 3196
618 3197
618 3198
618 3199
618 3200
618 3201
618 3202
618 3203
618 3204
618 3205
618 3206
618 3207
618 3208
618 3209
618 3210
618 3211
618 3212
618 3213
618 3214
618 3215
618 3216
618 3217
618 3218
618 3219
618 3220
618 3221
618 3222
618 3223
618 3224
618 3225
618 3226
618 3227
618 3228
618 3229
618 3230
618 3231
618 3232
618 3233
618 3234
618 3235
618 3236
618 3237
618 3238
618 3239
618 3240
618 3241
618 3242
618 3243
618 3244
618 3245
618 3246
618 3247
618 3248
618 3249
618 3250
618 3251
618 3252
618 3253
618 3254
618 3255
618 3256
618 3257
662 3258
662 3259
662 3260
662 3261
662 3262
662 3263
662 3264
662 3265
662 3266
662 3267
662 3268
662 3269
662 3270
662 3271
662 3272
662 3273
662 3274
662 3275
662 3276
662 3277
662 3278
662 3279
662 3280
662 3281
662 3282
662 3283
662 3284
662 3285
662 3286
662 3287
662 3288
662 3289
662 3290
662 3291
662 3292
662 3293
662 3294
662 3295
662 3296
662 3297
662 3298
662 3299
662 3300
662 3301
662 3302
662 3303
662 3304
662 3305
662 3306
662 3307
662 3308
662 3309
662 3310
662 3311
662 3312
662 3313
662 3314
662 3315
662 3316
662 3317
662 3318
662 3319
662 3320
662 3321
662 3322
662 3323
662 3324
662 3325
662 3326
662 3327
662 3328
662 3329
662 3330
662 3331
662 3332
662 3333
662 3334
662 3335
662 3336
662 3337
662 3338
662 3339
662 3340
662 3341
662 3342
662 3343
662 3344
662 3345
706 3346
706 3347
706 3348
706 3349
706 3350
706 3351
706 3352
706 3353
706 3354
706 3355
706 3356
706 3357
706 3358
706 3359
706 3360
706 3361
706 3362
706 3363
706 3364
706 3365
706 3366
706 3367
706 3368
706 3369
706 3370
706 3371
706 3372
706 3373
706 3374
706 3375
706 3376
706 3377
706 3378
706 3379
706 3380
706 3381
706 3382
706 3383
706 3384
706 3385
706 3386
706 3387
706 3388
706 3389
706 3390
706 3391
706 3392
706 3393
706 3394
706 3395
706 3396
706 3397
706 3398
706 3399
706 3400
706 3401
706 3402
706 3403
706 3404
706 3405
706 3406
706 3407
706 3408
706 3409
706 3410
706 3411
706 3412
706 3413
706 3414
706 3415
706 3416
706 3417
706 3418
706 3419
706 3420
706 3421
706 3422
706 3423
706 3424
706 3425
706 3426
706 3427
706 3428
706 3429
706 3430
706 3431
706 3432
706 3433
750 3434
750 3435
750 3436
750 3437
750 3438
750 3439
750 3440
750 3441
750 3442
750 3443
750 3444
750 3445
750 3446
750 3447
750 3448
750 3449
750 3450
750 3451
750 3452
750 3453
750 3454
750 3455
750 3456
750 3457
750 3458
750 3459
750 3460
750 3461
750 3462
750 3463
750 3464
750 3465
750 3466
750 3467
750 3468
750 3469
750 3470
750 3471
750 3472
750 3473
750 3474
750 3475
750 3476
750 3477
750 3478
750 3479
750 3480
750 3481
750 3482
750 3483
750 3484
750 3485
750 3486
750 3487
750 3488
750 3489
750 3490
750 3491
750 3492
750 3493
750 3494
750 3495
750 3496
750 3497
750 3498
750 3499
750 3500
750 3501
750 3502
750 3503
750 3504
750 3505
750 3506
750 3507
750 3508
750 3509
750 3510
750 3511
750 3512
750 3513
750 3514
750 3515
750 3516
750 3517
750 3518
750 3519
750 3520
750 3521
794 3522
794 3523
794 3524
794 3525
794 3526
794 3527
794 3528
794 3529
794 3530
794 3531
794 3532
794 3533
794 3534
794 3535
794 3536
794 3537
794 3538
794 3539
794 3540
794 3541
794 3542
794 3543
794 3544
794 3545
794 3546
794 3547
794 3548
794 3549
794 3550
794 3551
794 3552
794 3553
794 3554
794 3555
794 3556
794 3557
794 3558
794 3559
794 3560
794 3561
794 3562
794 3563
794 3564
794 3565
794 3566
794 3567
794 3568
794 3569
794 3570
794 3571
794 3572
794 3573
794 3574
794 3575
794 3576
794 3577
794 3578
794 3579
794 3580
794 3581
794 3582
794 3583
794 3584
794 3585
794 3586
794 3587
794 3588
794 3589
794 3590
794 3591
794 3592
794 3593
794 3594
794 3595
794 3596
794 3597
794 3598
794 3599
794 3600
794 3601
794 3602
794 3603
794 3604
794 3605
794 3606
794 3607
794 3608
794 3609
838 3610
838 3611
838 3612
838 3613
838 3614
838 3615
838 3616
838 3617
838 3618
838 3619
838 3620
838 3621
838 3622
838 3623
838 3624
838 3625
838 3626
838 3627
838 3628
838 3629
838 3630
838 3631
838 3632
838 3633
838 3634
838 3635
838 3636
838 3637
838 3638
838 3639
838 3640
838 3641
838 3642
838 3643
838 3644
838 3645
838 3646
838 3647
838 3648
838 3649
838 3650
838 3651
838 3652
838 3653
838 3654
838 3655
838 3656
838 3657
838 3658
838 3659
838 3660
838 3661
838 3662
838 3663
838 3664
838 3665
838 3666
838 3667
838 3668
838 3669
838 3670
838 3671
838 3672
838 3673
838 3674
838 3675
838 3676
838 3677
838 3678
838 3679
838 3680
838 3681
838 3682
838 3683
838 3684
838 3685
838 3686
838 3687
838 3688
838 3689
838 3690
838 3691
838 3692
838 3693
838 3694
838 3695
838 3696
838 3697
882 3698
882 3699
882 3700
882 3701
882 3702
882 3703
882 3704
882 3705
882 3706
882 3707
882 3708
882 3709
882 3710
882 3711
882 3712
882 3713
882 3714
882 3715
882 3716
882 3717
882 3718
882 3719
882 3720
882 3721
882 3722
882 3723
882 3724
882 3725
882 3726
882 3727
882 3728
882 3729
882 3730
882 3731
882 3732
882 3733
882 3734
882 3735
882 3736
882 3737
882 3738
882 3739
882 3740
882 3741
882 3742
882 3743
882 3744
882 3745
882 3746
882 3747
882 3748
882 3749
882 3750
882 3751
882 3752
882 3753
882 3754
882 3755
882 3756
882 3757
882 3758
882 3759
882 3760
882 3761
882 3762
882 3763
882 3764
882 3765
882 3766
882 3767
882 3768
882 3769
882 3770
882 3771
882 3772
882 3773
882 3774
882 3775
882 3776
882 3777
882 3778
882 3779
882 3780
882 3781
882 3782
882 3783
882 3784
882 3785
926 3786
926 3787
926 3788
926 3789
926 3790
926 3791
926 3792
926 3793
926 3794
926 3795
926 3796
926 3797
926 3798
926 3799
926 3800
926 3801
926 3802
926 3803
926 3804
926 3805
926 3806
926 3807
926 3808
926 3809
926 3810
926 3811
926 3812
926 3813
926 3814
926 3815
926 3816
926 3817
926 3818
926 3819
926 3820
926 3821
926 3822
926 3823
926 3824
926 3825
926 3826
926 3827
926 3828
926 3829
926 3830
926 3831
926 3832
926 3833
926 3834
926 3835
926 3836
926 3837
926 3838
926 3839
926 3840
926 3841
926 3842
926 3843
926 3844
926 3845
926 3846
926 3847
926 3848
926 3849
926 3850
926 3851
926 3852
926 3853
926 3854
926 3855
926 3856
926 3857
926 3858
926 3859
926 3860
926 3861
926 3862
926 3863
926 3864
926 3865
926 3866
926 3867
926 3868
926 3869
926 3870
926 3871
926 3872
926 3873
970 3874
970 3875
970 3876
970 3877
970 3878
970 3879
970 3880
970 3881
970 3882
970 3883
970 3884
970 3885
970 3886
970 3887
970 3888
970 3889
970 3890
970 3891
970 3892
970 3893
970 3894
970 3895
970 3896
970 3897
970 3898
970 3899
970 3900
970 3901
970 3902
970 3903
970 3904
970 3905
970 3906
970 3907
970 3908
970 3909
970 3910
970 3911
970 3912
970 3913
970 3914
970 3915
970 3916
970 3917
970 3918
970 3919
970 3920
970 3921
970 3922
970 3923
970 3924
970 3925
970 3926
970 3927
970 3928
970 3929
970 3930
970 3931
970 3932
970 3933
970 3934
970 3935
970 3936
970 3937
970 3938
970 3939
970 3940
970 3941
970 3942
970 3943
970 3944
970 3945
970 3946
970 3947
970 3948
970 3949
970 3950
970 3951
970 3952
970 3953
970 3954
970 3955
970 3956
970 3957
970 3958
970 3959
970 3960
970 3961
1014 3962
1014 3963
1014 3964
1014 3965
1014 3966
1014 3967
1014 3968
1014 3969
1014 3970
1014 3971
1014 3972
1014 3973
1014 3974
1014 3975
1014 3976
1014 3977
1014 3978
1014 3979
1014 3980
1014 3981
1014 3982
1014 3983
1014 3984
1014 3985
1014 3986
1014 3987
1014 3988
1014 3989
1014 3990
1014 3991
1014 3992
1014 3993
1014 3994
1014 3995
1014 3996
1014 3997
1014 3998
1014 3999
1014 4000
1014 4001
1014 4002
1014 4003
1014 4004
1014 4005
1014 4006
1014 4007
1014 4008
1014 4009
1014 4010
1014 4011
1014 4012
1014 4013
1014 4014
1014 4015
1014 4016
1014 4017
1014 4018
1014 4019
1014 4020
1014 4021
1014 4022
1014 4023
1014 4024
1014 4025
1014 4026
1014 4027
1014 4028
1014 4029
1014 4030
1014 4031
1014 4032
1014 4033
1014 4034
1014 4035
1014 4036
1014 4037
1014 4038
1014 4039
1014 4040
1014 4041
1014 4042
1014 4043
1014 4044
1014 4045
1014 4046
1014 4047
1014 4048
1014 4049
1058 4050
1058 4051
1058 4052
1058 4053
1058 4054
1058 4055
1058 4056
1058 4057
1058 4058
1058 4059
1058 4060
1058 4061
1058 4062
1058 4063
1058 4064
1058 4065
1058 4066
1058 4067
1058 4068
1058 4069
1058 4070
1058 4071
1058 4072
1058 4073
1058 4074
1058 4075
1058 4076
1058 4077
1058 4078
1058 4079
1058 4080
1058 4081
1058 4082
1058 4083
1058 4084
1058 4085
1058 4086
1058 4087
1058 4088
1058 4089
1058 4090
1058 4091
1058 4092
1058 4093
1058 4094
1058 4095
1058 4096
1058 4097
1058 4098
1058 4099
1058 4100
1058 4101
1058 4102
1058 4103
1058 4104
1058 4105
1058 4106
1058 4107
1058 4108
1058 4109
1058 4110
1058 4111
1058 4112
1058 4113
1058 4114
1058 4115
1058 4116
1058 4117
1058 4118
1058 4119
1058 4120
1058 4121
1058 4122
1058 4123
1058 4124
1058 4125
1058 4126
1058 4127
1058 4128
1058 4129
1058 4130
1058 4131
1058 4132
1058 4133
1058 4134
1058 4135
1058 4136
1058 4137
1102 4138
1102 4139
1102 4140
1102 4141
1102 4142
1102 4143
1102 4144
1102 4145
1102 4146
1102 4147
1102 4148
1102 4149
1102 4150
1102 4151
1102 4152
1102 4153
1102 4154
1102 4155
1102 4156
1102 4157
1102 4158
1102 4159
1102 4160
1102 4161
1102 4162
1102 4163
1102 4164
1102 4165
1102 4166
1102 4167
1102 4168
1102 4169
1102 4170
1102 4171
1102 4172
1102 4173
1102 4174
1102 4175
1102 4176
1102 4177
1102 4178
1102 4179
1102 4180
1102 4181
1102 4182
1102 4183
1102 4184
1102 4185
1102 4186
1102 4187
1102 4188
1102 4189
1102 4190
1102 4191
1102 4192
1102 4193
1102 4194
1102 4195
1102 4196
1102 4197
1102 4198
1102 4199
1102 4200
1102 4201
1102 4202
1102 4203
1102 4204
1102 4205
1102 4206
1102 4207
1102 4208
1102 4209
1102 4210
1102 4211
1102 4212
1102 4213
1102 4214
1102 4215
1102 4216
1102 4217
1102 4218
1102 4219
1102 4220
1102 4221
1102 4222
1102 4223
1102 4224
1102 4225
1146 4226
1146 4227
1146 4228
1146 4229
1146 4230
1146 4231
1146 4232
1146 4233
1146 4234
1146 4235
1146 4236
1146 4237
1146 4238
1146 4239
1146 4240
1146 4241
1146 4242
1146 4243
1146 4244
1146 4245
1146 4246
1146 4247
1146 4248
1146 4249
1146 4250
1146 4251
1146 4252
1146 4253
1146 4254
1146 4255
1146 4256
1146 4257
1146 4258
1146 4259
1146 4260
1146 4261
1146 4262
1146 4263
1146 4264
1146 4265
1146 4266
1146 4267
1146 4268
1146 4269
1146 4270
1146 4271
1146 4272
1146 4273
1146 4274
1146 4275
1146 4276
1146 4277
1146 4278
1146 4279
1146 4280
1146 4281
1146 4282
1146 4283
1146 4284
1146 4285
1146 4286
1146 4287
1146 4288
1146 4289
1146 4290
1146 4291
1146 4292
1146 4293
1146 4294
1146 4295
1146 4296
1146 4297
1146 4298
1146 4299
1146 4300
1146 4301
1146 4302
1146 4303
1146 4304
1146 4305
1146 4306
1146 4307
1146 4308
1146 4309
1146 4310
1146 4311
1146 4312
1146 4313
1190 4314
1190 4315
1190 4316
1190 4317
1190 4318
1190 4319
1190 4320
1190 4321
1190 4322
1190 4323
1190 4324
1190 4325
1190 4326
1190 4327
1190 4328
1190 4329
1190 4330
1190 4331
1190 4332
1190 4333
1190 4334
1190 4335
1190 4336
1190 4337
1190 4338
1190 4339
1190 4340
1190 4341
1190 4342
1190 4343
1190 4344
1190 4345
1190 4346
1190 4347
1190 4348
1190 4349
1190 4350
1190 4351
1190 4352
1190 4353
1190 4354
1190 4355
1190 4356
1190 4357
1190 4358
1190 4359
1190 4360
1190 4361
1190 4362
1190 4363
1190 4364
1190 4365
1190 4366
1190 4367
1190 4368
1190 4369
1190 4370
1190 4371
1190 4372
1190 4373
1190 4374
1190 4375
1190 4376
1190 4377
1190 4378
1190 4379
1190 4380
1190 4381
1190 4382
1190 4383
1190 4384
1190 4385
1190 4386
1190 4387
1190 4388
1190 4389
1190 4390
1190 4391
1190 4392
1190 4393
1190 4394
1190 4395
1190 4396
1190 4397
1190 4398
1190 4399
1190 4400
1190 4401
1234 4402
1234 4403
1234 4404
1234 4405
1234 4406
1234 4407
1234 4408
1234 4409
1234 4410
1234 4411
1234 4412
1234 4413
1234 4414
1234 4415
1234 4416
1234 4417
1234 4418
1234 4419
1234 4420
1234 4421
1234 4422
1234 4423
1234 4424
1234 4425
1234 4426
1234 4427
1234 4428
1234 4429
1234 4430
1234 4431
1234 4432
1234 4433
1234 4434
1234 4435
1234 4436
1234 4437
1234 4438
1234 4439
1234 4440
1234 4441
1234 4442
1234 4443
1234 4444
1234 4445
1234 4446
1234 4447
1234 4448
1234 4449
1234 4450
1234 4451
1234 4452
1234 4453
1234 4454
1234 4455
1234 4456
1234 4457
1234 4458
1234 4459
1234 4460
1234 4461
1234 4462
1234 4463
1234 4464
1234 4465
1234 4466
1234 4467
1234 4468
1234 4469
1234 4470
1234 4471
1234 4472
1234 4473
1234 4474
1234 4475
1234 4476
1234 4477
1234 4478
1234 4479
1234 4480
1234 4481
1234 4482
1234 4483
1234 4484
1234 4485
1234 4486
1234 4487
1234 4488
1234 4489
1278 4490
1278 4491
1278 4492
1278 4493
1278 4494
1278 4495
1278 4496
1278 4497
1278 4498
1278 4499
1278 4500
1278 4501
1278 4502
1278 4503
1278 4504
1278 4505
1278 4506
1278 4507
1278 4508
1278 4509
1278 4510
1278 4511
1278 4512
1278 4513
1278 4514
1278 4515
1278 4516
1278 4517
1278 4518
1278 4519
1278 4520
1278 4521
1278 4522
1278 4523
1278 4524
1278 4525
1278 4526
1278 4527
1278 4528
1278 4529
1278 4530
1278 4531
1278 4532
1278 4533
1278 4534
1278 4535
1278 4536
1278 4537
1278 4538
1278 4539
1278 4540
1278 4541
1278 4542
1278 4543
1278 4544
1278 4545
1278 4546
1278 4547
1278 4548
1278 4549
1278 4550
1278 4551
1278 4552
1278 4553
1278 4554
1278 4555
1278 4556
1278 4557
1278 4558
1278 4559
1278 4560
1278 4561
1278 4562
1278 4563
1278 4564
1278 4565
1278 4566
1278 4567
1278 4568
1278 4569
1278 4570
1278 4571
1278 4572
1278 4573
1278 4574
1278 4575
1278 4576
1278 4577
1322 4578
1322 4579
1322 4580
1322 4581
1322 4582
1322 4583
1322 4584
1322 4585
1322 4586
1322 4587
1322 4588
1322 4589
1322 4590
1322 4591
1322 4592
1322 4593
1322 4594
1322 4595
1322 4596
1322 4597
1322 4598
1322 4599
1322 4600
1322 4601
1322 4602
1322 4603
1322 4604
1322 4605
1322 4606
1322 4607
1322 4608
1322 4609
1322 4610
1322 4611
1322 4612
1322 4613
1322 4614
1322 4615
1322 4616
1322 4617
1322 4618
1322 4619
1322 4620
1322 4621
1322 4622
1322 4623
1322 4624
1322 4625
1322 4626
1322 4627
1322 4628
1322 4629
1322 4630
1322 4631
1322 4632
1322 4633
1322 4634
1322 4635
1322 4636
1322 4637
1322 4638
1322 4639
1322 4640
1322 4641
1322 4642
1322 4643
1322 4644
1322 4645
1322 4646
1322 4647
1322 4648
1322 4649
1322 4650
1322 4651
1322 4652
1322 4653
1322 4654
1322 4655
1322 4656
1322 4657
1322 4658
1322 4659
1322 4660
1322 4661
1322 4662
1322 4663
1322 4664
1322 4665
1366 4666
1366 4667
1366 4668
1366 4669
1366 4670
1366 4671
1366 4672
1366 4673
1366 4674
1366 4675
1366 4676
1366 4677
1366 4678
1366 4679
1366 4680
1366 4681
1366 4682
1366 4683
1366 4684
1366 4685
1366 4686
1366 4687
1366 4688
1366 4689
1366 4690
1366 4691
1366 4692
1366 4693
1366 4694
1366 4695
1366 4696
1366 4697
1366 4698
1366 4699
1366 4700
1366 4701
1366 4702
1366 4703
1366 4704
1366 4705
1366 4706
1366 4707
1366 4708
1366 4709
1366 4710
1366 4711
1366 4712
1366 4713
1366 4714
1366 4715
1366 4716
1366 4717
1366 4718
1366 4719
1366 4720
1366 4721
1366 4722
1366 4723
1366 4724
1366 4725
1366 4726
1366 4727
1366 4728
1366 4729
1366 4730
1366 4731
1366 4732
1366 4733
1366 4734
1366 4735
1366 4736
1366 4737
1366 4738
1366 4739
1366 4740
1366 4741
1366 4742
1366 4743
1366 4744
1366 4745
1366 4746
1366 4747
1366 4748
1366 4749
1366 4750
1366 4751
1366 4752
1366 4753
1410 4754
1410 4755
1410 4756
1410 4757
1410 4758
1410 4759
1410 4760
1410 4761
1410 4762
1410 4763
1410 4764
1410 4765
1410 4766
1410 4767
1410 4768
1410 4769
1410 4770
1410 4771
1410 4772
1410 4773
1410 4774
1410 4775
1410 4776
1410 4777
1410 4778
1410 4779
1410 4780
1410 4781
1410 4782
1410 4783
1410 4784
1410 4785
1410 4786
1410 4787
1410 4788
1410 4789
1410 4790
1410 4791
1410 4792
1410 4793
1410 4794
1410 4795
1410 4796
1410 4797
1410 4798
1410 4799
1410 4800
1410 4801
1410 4802
1410 4803
1410 4804
1410 4805
1410 4806
1410 4807
1410 4808
1410 4809
1410 4810
1410 4811
1410 4812
1410 4813
1410 4814
1410 4815
1410 4816
1410 4817
1410 4818
1410 4819
1410 4820
1410 4821
1410 4822
1410 4823
1410 4824
1410 4825
1410 4826
1410 4827
1410 4828
1410 4829
1410 4830
1410 4831
1410 4832
1410 4833
1410 4834
1410 4835
1410 4836
1410 4837
1410 4838
1410 4839
1410 4840
1410 4841
1454 4842
1454 4843
1454 4844
1454 4845
1454 4846
1454 4847
1454 4848
1454 4849
1454 4850
1454 4851
1454 4852
1454 4853
1454 4854
1454 4855
1454 4856
1454 4857
1454 4858
1454 4859
1454 4860
1454 4861
1454 4862
1454 4863
1454 4864
1454 4865
1454 4866
1454 4867
1454 4868
1454 4869
1454 4870
1454 4871
1454 4872
1454 4873
1454 4874
1454 4875
1454 4876
1454 4877
1454 4878
1454 4879
1454 4880
1454 4881
1454 4882
1454 4883
1454 4884
1454 4885
1454 4886
1454 4887
1454 4888
1454 4889
1454 4890
1454 4891
1454 4892
1454 4893
1454 4894
1454 4895
1454 4896
1454 4897
1454 4898
1454 4899
1454 4900
1454 4901
1454 4902
1454 4903
1454 4904
1454 4905
1454 4906
1454 4907
1454 4908
1454 4909
1454 4910
1454 4911
1454 4912
1454 4913
1454 4914
1454 4915
1454 4916
1454 4917
1454 4918
1454 4919
1454 4920
1454 4921
1454 4922
1454 4923
1454 4924
1454 4925
1454 4926
1454 4927
1454 4928
1454 4929
1498 4930
1498 4931
1498 4932
1498 4933
1498 4934
1498 4935
1498 4936
1498 4937
1498 4938
1498 4939
1498 4940
1498 4941
1498 4942
1498 4943
1498 4944
1498 4945
1498 4946
1498 4947
1498 4948
1498 4949
1498 4950
1498 4951
1498 4952
1498 4953
1498 4954
1498 4955
1498 4956
1498 4957
1498 4958
1498 4959
1498 4960
1498 4961
1498 4962
1498 4963
1498 4964
1498 4965
1498 4966
1498 4967
1498 4968
1498 4969
1498 4970
1498 4971
1498 4972
1498 4973
1498 4974
1498 4975
1498 4976
1498 4977
1498 4978
1498 4979
1498 4980
1498 4981
1498 4982
1498 4983
1498 4984
1498 4985
1498 4986
1498 4987
1498 4988
1498 4989
1498 4990
1498 4991
1498 4992
1498 4993
1498 4994
1498 4995
1498 4996
1498 4997
1498 4998
1498 4999
1498 5000
1498 5001
1498 5002
1498 5003
1498 5004
1498 5005
1498 5006
1498 5007
1498 5008
1498 5009
1498 5010
1498 5011
1498 5012
1498 5013
1498 5014
1498 5015
1498 5016
1498 5017
1542 5018
1542 5019
1542 5020
1542 5021
1542 5022
1542 5023
1542 5024
1542 5025
1542 5026
1542 5027
1542 5028
1542 5029
1542 5030
1542 5031
1542 5032
1542 5033
1542 5034
1542 5035
1542 5036
1542 5037
1542 5038
1542 5039
1542 5040
1542 5041
1542 5042
1542 5043
1542 5044
1542 5045
1542 5046
1542 5047
1542 5048
1542 5049
1542 5050
1542 5051
1542 5052
1542 5053
1542 5054
1542 5055
1542 5056
1542 5057
1542 5058
1542 5059
1542 5060
1542 5061
1542 5062
1542 5063
1542 5064
1542 5065
1542 5066
1542 5067
1542 5068
1542 5069
1542 5070
1542 5071
1542 5072
1542 5073
1542 5074
1542 5075
1542 5076
1542 5077
1542 5078
1542 5079
1542 5080
1542 5081
1542 5082
1542 5083
1542 5084
1542 5085
1542 5086
1542 5087
1542 5088
1542 5089
1542 5090
1542 5091
1542 5092
1542 5093
1542 5094
1542 5095
1542 5096
1542 5097
1542 5098
1542 5099
1542 5100
1542 5101
1542 5102
1542 5103
1542 5104
1542 5105
1586 5106
1586 5107
1586 5108
1586 5109
1586 5110
1586 5111
1586 5112
1586 5113
1586 5114
1586 5115
1586 5116
1586 5117
1586 5118
1586 5119
1586 5120
1586 5121
1586 5122
1586 5123
1586 5124
1586 5125
1586 5126
1586 5127
1586 5128
1586 5129
1586 5130
1586 5131
1586 5132
1586 5133
1586 5134
1586 5135
1586 5136
1586 5137
1586 5138
1586 5139
1586 5140
1586 5141
1586 5142
1586 5143
1586 5144
1586 5145
1586 5146
1586 5147
1586 5148
1586 5149
1586 5150
1586 5151
1586 5152
1586 5153
1586 5154
1586 5155
1586 5156
1586 5157
1586 5158
1586 5159
1586 5160
1586 5161
1586 5162
1586 5163
1586 5164
1586 5165
1586 5166
1586 5167
1586 5168
1586 5169
1586 5170
1586 5171
1586 5172
1586 5173
1586 5174
1586 5175
1586 5176
1586 5177
1586 5178
1586 5179
1586 5180
1586 5181
1586 5182
1586 5183
1586 5184
1586 5185
1586 5186
1586 5187
1586 5188
1586 5189
1586 5190
1586 5191
1586 5192
1586 5193
1630 5194
1630 5195
1630 5196
1630 5197
1630 5198
1630 5199
1630 5200
1630 5201
1630 5202
1630 5203
1630 5204
1630 5205
1630 5206
1630 5207
1630 5208
1630 5209
1630 5210
1630 5211
1630 5212
1630 5213
1630 5214
1630 5215
1630 5216
1630 5217
1630 5218
1630 5219
1630 5220
1630 5221
1630 5222
1630 5223
1630 5224
1630 5225
1630 5226
1630 5227
1630 5228
1630 5229
1630 5230
1630 5231
1630 5232
1630 5233
1630 5234
1630 5235
1630 5236
1630 5237
1630 5238
1630 5239
1630 5240
1630 5241
1630 5242
1630 5243
1630 5244
1630 5245
1630 5246
1630 5247
1630 5248
1630 5249
1630 5250
1630 5251
1630 5252
1630 5253
1630 5254
1630 5255
1630 5256
1630 5257
1630 5258
1630 5259
1630 5260
1630 5261
1630 5262
1630 5263
1630 5264
1630 5265
1630 5266
1630 5267
1630 5268
1630 5269
1630 5270
1630 5271
1630 5272
1630 5273
1630 5274
1630 5275
1630 5276
1630 5277
1630 5278
1630 5279
1630 5280
1630 5281
1674 5282
1674 5283
1674 5284
1674 5285
1674 5286
1674 5287
1674 5288
1674 5289
1674 5290
1674 5291
1674 5292
1674 5293
1674 5294
1674 5295
1674 5296
1674 5297
1674 5298
1674 5299
1674 5300
1674 5301
1674 5302
1674 5303
1674 5304
1674 5305
1674 5306
1674 5307
1674 5308
1674 5309
1674 5310
1674 5311
1674 5312
1674 5313
1674 5314
1674 5315
1674 5316
1674 5317
1674 5318
1674 5319
1674 5320
1674 5321
1674 5322
1674 5323
1674 5324
1674 5325
1674 5326
1674 5327
1674 5328
1674 5329
1674 5330
1674 5331
1674 5332
1674 5333
1674 5334
1674 5335
1674 5336
1674 5337
1674 5338
1674 5339
1674 5340
1674 5341
1674 5342
1674 5343
1674 5344
1674 5345
1674 5346
1674 5347
1674 5348
1674 5349
1674 5350
1674 5351
1674 5352
1674 5353
1674 5354
1674 5355
1674 5356
1674 5357
1674 5358
1674 5359
1674 5360
1674 5361
1674 5362
1674 5363
1674 5364
1674 5365
1674 5366
1674 5367
1674 5368
1674 5369
1718 5370
1718 5371
1718 5372
1718 5373
1718 5374
1718 5375
1718 5376
1718 5377
1718 5378
1718 5379
1718 5380
1718 5381
1718 5382
1718 5383
1718 5384
1718 5385
1718 5386
1718 5387
1718 5388
1718 5389
1718 5390
1718 5391
1718 5392
1718 5393
1718 5394
1718 5395
1718 5396
1718 5397
1718 5398
1718 5399
1718 5400
1718 5401
1718 5402
1718 5403
1718 5404
1718 5405
1718 5406
1718 5407
1718 5408
1718 5409
1718 5410
1718 5411
1718 5412
1718 5413
1718 5414
1718 5415
1718 5416
1718 5417
1718 5418
1718 5419
1718 5420
1718 5421
1718 5422
1718 5423
1718 5424
1718 5425
1718 5426
1718 5427
1718 5428
1718 5429
1718 5430
1718 5431
1718 5432
1718 5433
1718 5434
1718 5435
1718 5436
1718 5437
1718 5438
1718 5439
1718 5440
1718 5441
1718 5442
1718 5443
1718 5444
1718 5445
1718 5446
1718 5447
1718 5448
1718 5449
1718 5450
1718 5451
1718 5452
1718 5453
1718 5454
1718 5455
1718 5456
1718 5457
1762 5458
1762 5459
1762 5460
1762 5461
1762 5462
1762 5463
1762 5464
1762 5465
1762 5466
1762 5467
1762 5468
1762 5469
1762 5470
1762 5471
1762 5472
1762 5473
1762 5474
1762 5475
1762 5476
1762 5477
1762 5478
1762 5479
1762 5480
1762 5481
1762 5482
1762 5483
1762 5484
1762 5485
1762 5486
1762 5487
1762 5488
1762 5489
1762 5490
1762 5491
1762 5492
1762 5493
1762 5494
1762 5495
1762 5496
1762 5497
1762 5498
1762 5499
1762 5500
1762 5501
1762 5502
1762 5503
1762 5504
1762 5505
1762 5506
1762 5507
1762 5508
1762 5509
1762 5510
1762 5511
1762 5512
1762 5513
1762 5514
1762 5515
1762 5516
1762 5517
1762 5518
1762 5519
1762 5520
1762 5521
1762 5522
1762 5523
1762 5524
1762 5525
1762 5526
1762 5527
1762 5528
1762 5529
1762 5530
1762 5531
1762 5532
1762 5533
1762 5534
1762 5535
1762 5536
1762 5537
1762 5538
1762 5539
1762 5540
1762 5541
1762 5542
1762 5543
1762 5544
1762 5545
1806 5546
1806 5547
1806 5548
1806 5549
1806 5550
1806 5551
1806 5552
1806 5553
1806 5554
1806 5555
1806 5556
1806 5557
1806 5558
1806 5559
1806 5560
1806 5561
1806 5562
1806 5563
1806 5564
1806 5565
1806 5566
1806 5567
1806 5568
1806 5569
1806 5570
1806 5571
1806 5572
1806 5573
1806 5574
1806 5575
1806 5576
1806 5577
1806 5578
1806 5579
1806 5580
1806 5581
1806 5582
1806 5583
1806 5584
1806 5585
1806 5586
1806 5587
1806 5588
1806 5589
1806 5590
1806 5591
1806 5592
1806 5593
1806 5594
1806 5595
1806 5596
1806 5597
1806 5598
1806 5599
1806 5600
1806 5601
1806 5602
1806 5603
1806 5604
1806 5605
1806 5606
1806 5607
1806 5608
1806 5609
1806 5610
1806 5611
1806 5612
1806 5613
1806 5614
1806 5615
1806 5616
1806 5617
1806 5618
1806 5619
1806 5620
1806 5621
1806 5622
1806 5623
1806 5624
1806 5625
1806 5626
1806 5627
1806 5628
1806 5629
1806 5630
1806 5631
1806 5632
1806 5633
1850 5634
1850 5635
1850 5636
1850 5637
1850 5638
1850 5639
1850 5640
1850 5641
1850 5642
1850 5643
1850 5644
1850 5645
1850 5646
1850 5647
1850 5648
1850 5649
1850 5650
1850 5651
1850 5652
1850 5653
1850 5654
1850 5655
1850 5656
1850 5657
1850 5658
1850 5659
1850 5660
1850 5661
1850 5662
1850 5663
1850 5664
1850 5665
1850 5666
1850 5667
1850 5668
1850 5669
1850 5670
1850 5671
1850 5672
1850 5673
1850 5674
1850 5675
1850 5676
1850 5677
1850 5678
1850 5679
1850 5680
1850 5681
1850 5682
1850 5683
1850 5684
1850 5685
1850 5686
1850 5687
1850 5688
1850 5689
1850 5690
1850 5691
1850 5692
1850 5693
1850 5694
1850 5695
1850 5696
1850 5697
1850 5698
1850 5699
1850 5700
1850 5701
1850 5702
1850 5703
1850 5704
1850 5705
1850 5706
1850 5707
1850 5708
1850 5709
1850 5710
1850 5711
1850 5712
1850 5713
1850 5714
1850 5715
1850 5716
1850 5717
1850 5718
1850 5719
1850 5720
1850 5721
1894 5722
1894 5723
1894 5724
1894 5725
1894 5726
1894 5727
1894 5728
1894 5729
1894 5730
1894 5731
1894 5732
1894 5733
1894 5734
1894 5735
1894 5736
1894 5737
1894 5738
1894 5739
1894 5740
1894 5741
1894 5742
1894 5743
1894 5744
1894 5745
1894 5746
1894 5747
1894 5748
1894 5749
1894 5750
1894 5751
1894 5752
1894 5753
1894 5754
1894 5755
1894 5756
1894 5757
1894 5758
1894 5759
1894 5760
1894 5761
1894 5762
1894 5763
1894 5764
1894 5765
1894 5766
1894 5767
1894 5768
1894 5769
1894 5770
1894 5771
1894 5772
1894 5773
1894 5774
1894 5775
1894 5776
1894 5777
1894 5778
1894 5779
1894 5780
1894 5781
1894 5782
1894 5783
1894 5784
1894 5785
1894 5786
1894 5787
1894 5788
1894 5789
1894 5790
1894 5791
1894 5792
1894 5793
1894 5794
1894 5795
1894 5796
1894 5797
1894 5798
1894 5799
1894 5800
1894 5801
1894 5802
1894 5803
1894 5804
1894 5805
1894 5806
1894 5807
1894 5808
1894 5809
1938 5810
1938 5811
1938 5812
1938 5813
1938 5814
1938 5815
1938 5816
1938 5817
1938 5818
1938 5819
1938 5820
1938 5821
1938 5822
1938 5823
1938 5824
1938 5825
1938 5826
1938 5827
1938 5828
1938 5829
1938 5830
1938 5831
1938 5832
1938 5833
1938 5834
1938 5835
1938 5836
1938 5837
1938 5838
1938 5839
1938 5840
1938 5841
1938 5842
1938 5843
1938 5844
1938 5845
1938 5846
1938 5847
1938 5848
1938 5849
1938 5850
1938 5851
1938 5852
1938 5853
1938 5854
1938 5855
1938 5856
1938 5857
1938 5858
1938 5859
1938 5860
1938 5861
1938 5862
1938 5863
1938 5864
1938 5865
1938 5866
1938 5867
1938 5868
1938 5869
1938 5870
1938 5871
1938 5872
1938 5873
1938 5874
1938 5875
1938 5876
1938 5877
1938 5878
1938 5879
1938 5880
1938 5881
1938 5882
1938 5883
1938 5884
1938 5885
1938 5886
1938 5887
1938 5888
1938 5889
1938 5890
1938 5891
1938 5892
1938 5893
1938 5894
1938 5895
1938 5896
1938 5897
1982 5898
1982 5899
1982 5900
1982 5901
1982 5902
1982 5903
1982 5904
1982 5905
1982 5906
1982 5907
1982 5908
1982 5909
1982 5910
1982 5911
1982 5912
1982 5913
1982 5914
1982 5915
1982 5916
1982 5917
1982 5918
1982 5919
1982 5920
1982 5921
1982 5922
1982 5923
1982 5924
1982 5925
1982 5926
1982 5927
1982 5928
1982 5929
1982 5930
1982 5931
1982 5932
1982 5933
1982 5934
1982 5935
1982 5936
1982 5937
1982 5938
1982 5939
1982 5940
1982 5941
1982 5942
1982 5943
1982 5944
1982 5945
1982 5946
1982 5947
1982 5948
1982 5949
1982 5950
1982 5951
1982 5952
1982 5953
1982 5954
1982 5955
1982 5956
1982 5957
1982 5958
1982 5959
1982 5960
1982 5961
1982 5962
1982 5963
1982 5964
1982 5965
1982 5966
1982 5967
1982 5968
1982 5969
1982 5970
1982 5971
1982 5972
1982 5973
1982 5974
1982 5975
1982 5976
1982 5977
1982 5978
1982 5979
1982 5980
1982 5981
1982 5982
1982 5983
1982 5984
1982 5985
