.323 .480 .752 3673 915 1252 
.289 .486 .730 3417 674 1242 
.367 .493 .764 3494 724 1266 
.354 .489 .705 3534 740 1306 
.362 .480 .770 3443 705 1136 
.312 .447 .747 3421 767 1393 
.285 .483 .718 3662 679 1422 
.344 .470 .731 3347 602 1236 
.339 .512 .664 3579 804 1433 
.334 .508 .743 3545 717 1338 
.368 .496 .738 3539 706 1440 
.303 .488 .709 3530 807 1474 
.300 .468 .717 3464 751 1197 
.338 .485 .785 3642 643 1315 
.325 .469 .702 3280 800 1343 
.329 .469 .772 3333 600 1478 
.327 .458 .762 3856 696 1196 
.348 .477 .746 3717 752 1360 
.347 .513 .678 3533 683 1327 
.338 .474 .714 3406 663 1368 
.330 .511 .728 3673 745 1305 
.353 .466 .743 3762 744 1210 
.353 .464 .731 3471 669 1333 
.349 .490 .742 3786 561 1198 
.335 .501 .745 3381 1053 1262 
.320 .491 .740 3444 751 1191 
.297 .489 .748 3260 701 1403 
