.332 .478 .756 3523 653 1214 
.332 .457 .726 3240 987 1330 
.383 .482 .751 3326 691 1247 
.323 .471 .743 3681 696 1178 
.372 .466 .756 3286 814 1418 
.357 .442 .753 3288 646 1182 
.323 .433 .772 3197 664 1311 
.312 .473 .745 3382 678 1198 
.272 .429 .710 3761 621 1369 
.343 .490 .771 3337 686 1298 
.390 .485 .764 3222 645 1168 
.358 .461 .723 3316 625 1323 
.351 .517 .679 3550 734 1256 
.355 .481 .739 3447 665 1226 
.354 .469 .767 3271 733 1383 
.347 .478 .743 3492 639 1138 
.331 .458 .744 3481 777 1180 
.335 .471 .772 3412 634 1247 
.323 .447 .726 3381 649 1258 
.300 .463 .737 3419 729 1354 
.356 .492 .749 3443 756 1236 
.309 .479 .737 3608 585 1383 
.351 .455 .687 3398 596 1271 
.350 .488 .688 3622 516 1318 
.396 .497 .721 3156 804 1145 
.343 .453 .718 3336 769 1371 
.372 .504 .773 3367 648 1260 
.362 .473 .739 3394 614 1405 
.339 .470 .691 3462 689 1156 
