.363 .502 .781 3278 680 1251 
.333 .470 .777 3485 584 1261 
.369 .497 .753 3128 705 1191 
.351 .468 .737 3500 499 1010 
.348 .456 .779 3620 594 1223 
.356 .461 .751 3618 579 1163 
.384 .508 .795 3354 704 1110 
.358 .481 .726 3726 615 1305 
.321 .483 .670 3721 687 1193 
.380 .496 .753 3715 642 1247 
.358 .529 .712 3717 621 1323 
.357 .477 .779 3665 550 1237 
.352 .525 .730 3526 703 1136 
.381 .478 .757 3365 611 1239 
.353 .487 .741 3476 631 1124 
.364 .558 .760 3024 732 1212 
.353 .464 .747 3370 541 1238 
.341 .478 .778 3668 718 1142 
.373 .479 .769 3419 647 1129 
.372 .482 .761 3307 631 1063 
.361 .512 .806 3668 678 1256 
.353 .474 .763 3448 630 1222 
.312 .477 .710 3505 765 1384 
.372 .503 .758 3529 688 1258 
.372 .481 .815 3808 454 1125 
.333 .479 .759 3646 587 1249 
.397 .517 .785 3548 604 1180 
.372 .475 .782 3487 577 1159 
.344 .474 .747 3381 570 1200 
.380 .485 .731 3459 668 1204 
