.360 .497 .759 3420 592 980 
.348 .523 .746 3165 701 1219 
.346 .482 .751 3348 632 1290 
.330 .474 .754 3652 531 1175 
.381 .520 .720 3483 564 1137 
.372 .491 .816 3420 624 1059 
.359 .500 .772 3394 683 1136 
.314 .474 .728 3295 596 1100 
.375 .499 .782 3150 761 1204 
.351 .481 .772 3442 583 1188 
.348 .479 .775 3403 585 1232 
.332 .490 .730 3429 532 1285 
.341 .492 .765 3635 612 1096 
.337 .492 .733 3566 645 1248 
.346 .489 .752 3428 605 1079 
.356 .464 .755 3525 580 1085 
.341 .471 .746 3518 597 1333 
.318 .454 .780 3255 573 1182 
.363 .495 .778 3302 625 1103 
.346 .504 .782 3313 586 1148 
.340 .490 .805 3567 654 1227 
.375 .521 .724 3546 512 1155 
.343 .491 .756 3362 667 1192 
.412 .520 .770 3526 479 1210 
.354 .490 .790 3296 523 1012 
.349 .483 .726 3495 564 1226 
.358 .508 .740 3508 516 1116 
.371 .512 .764 3313 469 1100 
.364 .519 .741 3460 675 1246 
.353 .471 .762 3424 493 1219 
