.352 .494 .779 3222 497 1118 
.365 .513 .770 3181 676 1195 
.327 .480 .756 3292 524 1192 
.361 .489 .743 3621 592 1161 
.342 .461 .745 3305 544 1166 
.365 .516 .777 3398 557 1145 
.388 .506 .765 3443 605 1157 
.376 .479 .737 3167 595 1067 
.392 .484 .761 3325 737 1198 
.367 .486 .801 3511 581 1110 
.354 .471 .782 3571 584 1262 
.338 .493 .707 3456 585 1343 
.352 .494 .779 3605 602 1073 
.334 .492 .750 3361 771 1145 
.370 .515 .769 3456 544 1142 
.342 .454 .757 3342 617 1103 
.376 .459 .768 3641 592 1398 
.343 .464 .759 3349 458 1152 
.360 .482 .765 3292 624 1069 
.368 .496 .809 3317 625 1123 
.347 .495 .823 3507 654 1156 
.366 .507 .692 3543 548 1224 
.355 .485 .770 3428 621 1063 
.377 .505 .759 3299 545 1169 
.345 .477 .804 3226 660 1070 
.335 .475 .734 3597 608 1324 
.397 .503 .767 3432 602 1101 
.316 .494 .755 3306 581 1206 
.346 .493 .771 3236 629 1175 
.332 .465 .745 3387 665 1258 
