.371 .501 .715 3351 664 1219 
.358 .494 .776 3187 667 1181 
.357 .484 .731 3507 599 1206 
.335 .448 .750 3306 591 1153 
.353 .456 .773 3540 588 1171 
.346 .460 .756 3363 647 1149 
.372 .489 .793 3437 648 1144 
.343 .516 .701 3693 762 1253 
.356 .474 .699 3454 574 1241 
.403 .475 .790 3686 567 1236 
.366 .511 .754 3561 679 1348 
.347 .465 .746 3714 580 1227 
.358 .522 .711 3413 784 1197 
.355 .503 .692 3674 576 1232 
.345 .463 .773 3504 703 1144 
.396 .536 .754 3166 710 1143 
.360 .457 .736 3605 685 1156 
.305 .477 .742 3446 700 1214 
.363 .473 .776 3414 520 1193 
.376 .487 .759 3326 672 988 
.377 .514 .828 3579 679 1253 
.329 .482 .755 3502 528 1191 
.360 .466 .729 3389 609 1070 
.330 .473 .744 3413 659 1278 
.353 .486 .776 3348 538 1203 
.363 .474 .769 3328 671 1199 
.376 .519 .791 3387 695 1206 
.343 .480 .788 3297 595 1124 
.366 .477 .764 3446 690 1210 
.365 .455 .733 3539 598 1238 
