.277 .483 .800 3688 817 1310 
.252 .504 .783 3621 639 1336 
.312 .470 .767 3338 705 1318 
.328 .509 .786 3471 722 1327 
.359 .513 .747 3508 791 1323 
.310 .486 .789 3445 579 1233 
.337 .480 .787 3719 811 1225 
.300 .505 .769 3700 522 1336 
.308 .481 .799 3884 831 1488 
.314 .487 .755 3765 789 1569 
.328 .503 .789 3562 563 1547 
.231 .483 .723 3540 815 1666 
.340 .518 .802 3706 724 1344 
.326 .458 .702 3520 744 1728 
.316 .488 .821 3405 821 1305 
.329 .473 .731 3623 773 1449 
.337 .513 .752 3587 900 1572 
.316 .503 .787 3499 689 1214 
.349 .508 .791 3714 693 1279 
.335 .487 .740 3765 828 1435 
.373 .468 .770 3595 624 1370 
.215 .479 .698 3476 961 1712 
.379 .488 .746 3635 864 1403 
.300 .494 .770 3657 720 1532 
.214 .472 .772 3608 694 1291 
