.350 .512 .783 3451 747 1226 
.335 .483 .788 3683 752 1127 
.352 .481 .757 3477 627 1212 
.362 .479 .790 3603 595 1030 
.371 .464 .787 3796 495 1141 
.362 .514 .748 3650 551 1114 
.344 .495 .794 3532 560 1047 
.338 .482 .766 3659 609 1202 
.345 .480 .668 3798 573 1110 
.416 .528 .763 3788 689 1245 
.347 .514 .694 3531 821 1307 
.351 .486 .764 3626 742 1219 
.364 .513 .692 3448 709 1063 
.317 .454 .781 3523 593 1124 
.331 .471 .783 3413 724 1090 
.336 .508 .744 3618 553 1155 
.345 .495 .747 3417 672 1247 
.338 .496 .792 3408 656 1231 
.360 .482 .776 3494 633 1102 
.346 .471 .805 3638 467 1099 
.349 .524 .782 3987 603 1305 
.350 .492 .757 3552 673 1155 
.339 .476 .694 3382 680 1343 
.348 .472 .751 3676 632 1410 
.370 .490 .754 3730 562 1200 
.359 .500 .725 3628 733 1326 
.375 .515 .803 3601 677 1071 
.370 .483 .777 3560 636 1073 
.355 .488 .744 3545 631 1224 
.358 .501 .730 3431 708 1186 
