.366 .490 .737 3282 603 1048 
.397 .510 .765 3455 621 1280 
.366 .479 .740 3252 580 1279 
.381 .474 .796 3451 615 1192 
.393 .495 .757 3460 593 1045 
.350 .498 .819 3504 591 1043 
.371 .499 .760 3412 710 1257 
.349 .475 .751 3397 493 973 
.373 .480 .791 3445 638 1201 
.375 .480 .805 3524 548 1158 
.378 .480 .807 3585 573 1189 
.354 .467 .736 3267 572 1221 
.361 .505 .770 3602 718 1103 
.360 .474 .756 3184 615 1252 
.357 .489 .754 3239 651 1026 
.363 .467 .780 3340 609 1154 
.353 .467 .769 3417 512 1165 
.376 .473 .779 3265 559 1075 
.364 .487 .807 3255 593 1029 
.360 .486 .784 3456 610 1174 
.346 .463 .786 3496 608 1330 
.381 .495 .715 3547 570 1142 
.318 .486 .745 3375 658 1157 
.383 .537 .744 3420 589 1288 
.383 .490 .765 3420 550 1055 
.368 .472 .798 3206 569 1266 
.386 .492 .761 3366 474 963 
.372 .478 .824 3315 523 1098 
.349 .500 .771 3363 719 1210 
.330 .476 .767 3286 619 1146 
