.354 .458 .765 3400 667 1275 
.359 .450 .764 3461 793 1114 
.348 .456 .745 3564 653 1150 
.346 .447 .722 3283 633 1252 
.377 .461 .772 3451 572 1196 
.378 .488 .806 3486 581 992 
.329 .446 .744 3427 613 1205 
.376 .475 .756 3176 648 1193 
.322 .447 .722 3827 650 1378 
.335 .455 .741 3436 537 1156 
.339 .470 .772 3498 658 1249 
.356 .464 .739 3557 510 1214 
.354 .489 .699 3629 625 1040 
.307 .462 .708 3397 646 1344 
.347 .454 .724 3446 547 1217 
.375 .490 .748 3398 596 1157 
.378 .476 .798 3621 524 1097 
.338 .469 .735 3554 716 1189 
.353 .453 .787 3334 558 1192 
.373 .471 .754 3382 665 1119 
.299 .453 .779 3626 705 1256 
.327 .469 .767 3502 668 1205 
.354 .474 .763 3529 702 1172 
.367 .486 .751 3715 741 1128 
.362 .480 .742 3473 625 1180 
.378 .490 .755 3301 698 1124 
.349 .451 .739 3450 688 1174 
.333 .468 .763 3458 749 1353 
.388 .448 .765 3448 570 1068 
