.323 .480 .752 1250 2423 1252 1625 
.289 .486 .730 1037 2380 1242 1849 
.367 .493 .764 1019 2475 1266 1747 
.354 .489 .705 1143 2391 1306 1750 
.362 .480 .770 1090 2353 1136 1701 
.312 .447 .747 1271 2150 1393 2007 
.285 .483 .718 1105 2557 1422 1926 
.344 .470 .731 1027 2320 1236 1935 
.339 .512 .664 1183 2396 1433 1789 
.334 .508 .743 926 2619 1338 1646 
.368 .496 .738 1130 2409 1440 1974 
.303 .488 .709 1120 2410 1474 1769 
.300 .468 .717 1260 2204 1197 1877 
.338 .485 .785 1235 2407 1315 2024 
.325 .469 .702 1126 2154 1343 1821 
.329 .469 .772 990 2343 1478 2016 
.327 .458 .762 1300 2556 1196 1693 
.348 .477 .746 1175 2542 1360 2001 
.347 .513 .678 1177 2356 1327 1713 
.338 .474 .714 1012 2394 1368 1488 
.330 .511 .728 1220 2453 1305 1639 
.353 .466 .743 1302 2460 1210 1827 
.353 .464 .731 1122 2349 1333 1979 
.349 .490 .742 1189 2597 1198 1662 
.335 .501 .745 1148 2233 1262 1914 
.320 .491 .740 1059 2385 1191 1988 
.297 .489 .748 1071 2189 1403 1715 
