.370 .482 .740 652 2066 921 1178 
.367 .483 .778 509 2051 979 1315 
.295 .439 .746 677 1894 957 1249 
.375 .471 .722 915 2165 923 1139 
.346 .446 .716 841 1949 1017 1317 
.339 .482 .771 665 2157 926 1226 
.332 .522 .735 738 2105 1015 1297 
.346 .457 .752 775 1882 1033 1293 
.388 .480 .770 640 1947 915 1410 
.359 .477 .782 769 2014 955 1347 
.368 .455 .782 826 2070 925 1430 
.357 .490 .680 800 1943 879 1399 
.326 .491 .756 799 2251 997 1109 
.326 .470 .759 831 1944 955 1316 
.359 .496 .775 686 2060 1002 1282 
.345 .471 .774 820 1983 929 1273 
.332 .469 .771 797 2089 1001 1212 
.342 .457 .777 783 1879 995 1268 
.333 .472 .757 724 1991 1024 1324 
.336 .487 .741 743 2012 1056 1391 
.358 .509 .806 726 2157 1079 1352 
.375 .475 .660 742 2060 984 1168 
.362 .466 .742 704 2144 738 1157 
.343 .494 .757 717 2035 928 1233 
.346 .477 .796 735 1949 935 1251 
.316 .471 .736 882 1947 952 1287 
.393 .507 .748 683 2153 895 1143 
.340 .467 .770 697 2074 1001 1532 
.323 .480 .754 861 2055 936 1441 
.320 .470 .727 775 1975 1008 1405 
