.354 .458 .765 955 2445 1275 1702 
.359 .450 .764 891 2570 1114 1776 
.348 .456 .745 1059 2505 1150 1747 
.346 .447 .722 924 2359 1252 1834 
.377 .461 .772 968 2483 1196 1752 
.378 .488 .806 918 2568 992 1842 
.329 .446 .744 1117 2310 1205 1873 
.376 .475 .756 810 2366 1193 1695 
.322 .447 .722 1334 2493 1378 1884 
.335 .455 .741 1025 2411 1156 1476 
.339 .470 .772 930 2568 1249 1876 
.356 .464 .739 1083 2474 1214 1624 
.354 .489 .699 1022 2607 1040 1823 
.307 .462 .708 984 2413 1344 1571 
.347 .454 .724 902 2544 1217 1846 
.375 .490 .748 841 2557 1157 1788 
.378 .476 .798 1059 2562 1097 1739 
.338 .469 .735 1039 2515 1189 1734 
.353 .453 .787 876 2458 1192 1800 
.373 .471 .754 942 2440 1119 1700 
.299 .453 .779 1092 2534 1256 1645 
.327 .469 .767 1072 2430 1205 1785 
.354 .474 .763 1085 2444 1172 1613 
.367 .486 .751 1013 2702 1128 1560 
.362 .480 .742 907 2566 1180 1575 
.378 .490 .755 968 2333 1124 1732 
.349 .451 .739 1114 2336 1174 1771 
.333 .468 .763 1109 2349 1353 1971 
.388 .448 .765 1055 2393 1068 1763 
