.366 .490 .737 870 2412 1048 1610 
.397 .510 .765 869 2586 1280 1897 
.366 .479 .740 886 2366 1279 1754 
.381 .474 .796 970 2481 1192 1709 
.393 .495 .757 886 2574 1045 1663 
.350 .498 .819 909 2595 1043 1600 
.371 .499 .760 905 2507 1257 1874 
.349 .475 .751 949 2448 973 1712 
.373 .480 .791 953 2492 1201 1842 
.375 .480 .805 862 2662 1158 1553 
.378 .480 .807 924 2661 1189 1895 
.354 .467 .736 890 2377 1221 1650 
.361 .505 .770 1015 2587 1103 1698 
.360 .474 .756 847 2337 1252 1777 
.357 .489 .754 828 2411 1026 1696 
.363 .467 .780 973 2367 1154 1986 
.353 .467 .769 975 2442 1165 1785 
.376 .473 .779 850 2415 1075 1838 
.364 .487 .807 802 2453 1029 1665 
.360 .486 .784 911 2545 1174 1672 
.346 .463 .786 999 2497 1330 1655 
.381 .495 .715 819 2728 1142 1664 
.318 .486 .745 1039 2336 1157 1650 
.383 .537 .744 900 2520 1288 1691 
.383 .490 .765 1060 2360 1055 1671 
.368 .472 .798 840 2366 1266 1910 
.386 .492 .761 728 2638 963 1546 
.372 .478 .824 802 2513 1098 1593 
.349 .500 .771 940 2423 1210 1830 
.330 .476 .767 956 2330 1146 1679 
