.324 .482 .800 1235 2420 1231 1768 
.315 .522 .824 1088 2697 1320 1695 
.314 .477 .779 1027 2200 1290 1946 
.366 .519 .760 1148 2342 1184 1751 
.334 .486 .765 1011 2329 1281 1672 
.322 .485 .761 984 2360 1186 1840 
.283 .461 .763 1520 2530 1332 2235 
.298 .476 .763 1206 2452 1181 1869 
.337 .504 .783 1113 2306 1359 2207 
.320 .490 .741 1275 2508 1402 1874 
.332 .513 .811 1018 2376 1355 2088 
.260 .476 .702 1246 2500 1438 2043 
.304 .505 .798 1078 2440 1203 1524 
.302 .470 .715 1232 2302 1551 2080 
.341 .497 .801 1079 2162 1321 2033 
.283 .458 .735 1275 2113 1062 1864 
.275 .458 .739 1400 2348 1423 1954 
.332 .499 .770 1053 2436 1379 1764 
.358 .466 .743 1233 2429 1391 1976 
.316 .491 .790 984 2496 1230 1629 
.319 .508 .770 1132 2598 1302 1850 
.377 .501 .753 1202 2561 1309 1975 
.374 .460 .732 1027 2218 1272 2075 
.273 .497 .766 1131 2657 1445 1896 
.319 .503 .750 1222 2173 1404 1973 
.323 .504 .789 867 2474 1305 1796 
.194 .478 .729 1173 2390 1359 1927 
