.277 .483 .800 1372 2316 1310 1880 
.252 .504 .783 1179 2442 1336 1876 
.312 .470 .767 1138 2200 1318 2068 
.328 .509 .786 1018 2453 1327 1855 
.359 .513 .747 1033 2475 1323 1592 
.310 .486 .789 1048 2397 1233 1739 
.337 .480 .787 1206 2513 1225 2088 
.300 .505 .769 1154 2546 1336 1939 
.308 .481 .799 1323 2561 1488 1946 
.314 .487 .755 1211 2554 1569 2026 
.328 .503 .789 1065 2497 1547 2105 
.231 .483 .723 1156 2384 1666 1937 
.340 .518 .802 1094 2612 1344 1672 
.326 .458 .702 1309 2211 1728 2124 
.316 .488 .821 1133 2272 1305 1953 
.329 .473 .731 1204 2419 1449 1966 
.337 .513 .752 1322 2265 1572 2053 
.316 .503 .787 1143 2356 1214 1721 
.349 .508 .791 1095 2619 1279 1933 
.335 .487 .740 1384 2381 1435 2026 
.373 .468 .770 1141 2454 1370 1877 
.215 .479 .698 1295 2181 1712 2153 
.379 .488 .746 1397 2238 1403 2027 
.300 .494 .770 1050 2607 1532 1894 
.214 .472 .772 1254 2354 1291 2054 
