.317 .458 .743 1146 2570 1266 1718 
.331 .469 .745 1108 2420 1259 2223 
.339 .469 .758 884 2635 1206 1670 
.329 .432 .709 1032 2323 1557 1908 
.373 .453 .750 1010 2499 1427 2219 
.391 .468 .804 931 2444 1124 1770 
.336 .469 .724 1073 2590 1281 1962 
.359 .481 .781 917 2458 1288 2011 
.323 .437 .697 1300 2438 1302 2043 
.358 .480 .733 1008 2586 1425 1663 
.392 .478 .811 842 2612 1159 1786 
.339 .446 .746 955 2377 1325 1821 
.329 .482 .696 1117 2738 1143 1841 
.371 .481 .736 921 2619 1231 1947 
.369 .483 .786 1016 2373 1230 2020 
.346 .481 .780 1016 2471 1139 1913 
.347 .454 .784 1040 2315 1119 1913 
.375 .468 .781 802 2521 1201 1983 
.338 .468 .735 1145 2540 1443 1967 
.323 .454 .708 1147 2468 1284 1939 
.368 .477 .759 1022 2558 1368 1973 
.361 .493 .760 966 2560 1243 1865 
.322 .487 .754 1056 2635 1325 1729 
.374 .476 .746 927 2666 1233 1716 
.339 .480 .695 1042 2483 1152 1776 
.363 .447 .765 1098 2449 1137 1989 
.385 .476 .773 936 2426 1220 2013 
.361 .463 .774 1005 2324 1381 1881 
.376 .462 .743 1064 2438 1320 2149 
