.350 .512 .783 679 2772 1226 1570 
.335 .483 .788 950 2733 1127 1796 
.352 .481 .757 863 2614 1212 1476 
.362 .479 .790 734 2869 1030 1487 
.371 .464 .787 907 2889 1141 1545 
.362 .514 .748 873 2777 1114 1666 
.344 .495 .794 751 2781 1047 1595 
.338 .482 .766 941 2718 1202 1723 
.345 .480 .668 1021 2777 1110 1557 
.416 .528 .763 816 2972 1245 1701 
.347 .514 .694 930 2601 1307 1790 
.351 .486 .764 847 2779 1219 1641 
.364 .513 .692 721 2727 1063 1746 
.317 .454 .781 878 2645 1124 1662 
.331 .471 .783 916 2497 1090 1783 
.336 .508 .744 807 2811 1155 1502 
.345 .495 .747 858 2559 1247 1695 
.338 .496 .792 821 2587 1231 1696 
.360 .482 .776 782 2712 1102 1713 
.346 .471 .805 850 2788 1099 1616 
.349 .524 .782 1071 2916 1305 1691 
.350 .492 .757 843 2709 1155 1701 
.339 .476 .694 777 2605 1343 1780 
.348 .472 .751 943 2733 1410 1858 
.370 .490 .754 948 2782 1200 1782 
.359 .500 .725 868 2760 1326 1676 
.375 .515 .803 770 2831 1071 1433 
.370 .483 .777 836 2724 1073 1610 
.355 .488 .744 880 2665 1224 1655 
.358 .501 .730 743 2688 1186 1708 
