.332 .478 .756 1106 2417 1214 1671 
.332 .457 .726 1196 2044 1330 2203 
.383 .482 .751 985 2341 1247 1757 
.323 .471 .743 1243 2438 1178 1691 
.372 .466 .756 955 2331 1418 1939 
.357 .442 .753 1008 2280 1182 1643 
.323 .433 .772 1040 2157 1311 1937 
.312 .473 .745 1044 2338 1198 1805 
.272 .429 .710 1288 2473 1369 1859 
.343 .490 .771 987 2350 1298 1653 
.390 .485 .764 874 2348 1168 1859 
.358 .461 .723 1040 2276 1323 1827 
.351 .517 .679 1079 2471 1256 1859 
.355 .481 .739 1028 2419 1226 1982 
.354 .469 .767 1035 2236 1383 1915 
.347 .478 .743 1063 2429 1138 1882 
.331 .458 .744 1344 2137 1180 1917 
.335 .471 .772 978 2434 1247 1947 
.323 .447 .726 1178 2203 1258 1617 
.300 .463 .737 1125 2294 1354 1878 
.356 .492 .749 991 2452 1236 1765 
.309 .479 .737 1086 2522 1383 1859 
.351 .455 .687 1094 2304 1271 1810 
.350 .488 .688 984 2638 1318 1731 
.396 .497 .721 931 2225 1145 1812 
.343 .453 .718 1187 2149 1371 1851 
.372 .504 .773 962 2405 1260 1961 
.362 .473 .739 1081 2313 1405 1809 
.339 .470 .691 1121 2341 1156 1839 
