.313 .482 .731 1288 2498 1255 1771 
.306 .502 .808 1095 2583 1165 1686 
.317 .486 .755 1164 2367 1273 1819 
.304 .522 .744 1173 2439 1088 1693 
.357 .502 .805 1041 2450 1073 1556 
.336 .452 .750 1194 2439 1202 1867 
.301 .450 .738 1350 2352 1447 1984 
.314 .477 .743 1210 2421 1212 1646 
.333 .527 .746 1137 2376 1353 2049 
.343 .496 .738 1074 2432 1378 1769 
.354 .516 .790 1083 2564 1402 2137 
.289 .487 .720 1132 2393 1269 1873 
.267 .469 .766 1156 2196 1089 1543 
.342 .475 .790 1187 2366 1377 1819 
.369 .475 .759 1297 2172 1350 1904 
.320 .466 .743 1167 2168 1157 1866 
.334 .470 .732 1512 2392 1392 1834 
.325 .492 .734 1185 2489 1242 1905 
.324 .466 .746 1171 2329 1389 1977 
.334 .487 .775 1058 2309 1238 1582 
.381 .502 .776 1088 2558 1242 1852 
.344 .492 .754 1294 2549 1328 1983 
.353 .477 .747 1054 2354 1360 1763 
.292 .487 .736 1229 2552 1308 1799 
.317 .490 .783 1282 2257 1323 1952 
.345 .503 .788 1097 2543 1264 1746 
.272 .476 .778 1069 2345 1254 1852 
