Rk,Team,3P%,2P%,FT%,ORB,DRB,TOV,PF 
1,DenverNuggets,.343,.516,.701,1092,2601,1253,1682 
2,HoustonRockets,.366,.511,.754,909,2652,1348,1662 
3,OklahomaCityThunder,.377,.514,.828,854,2725,1253,1654 
4,SanAntonioSpurs,.376,.519,.791,666,2721,1206,1427 
5,MiamiHeat,.396,.536,.754,676,2490,1143,1533 
6,LosAngelesLakers,.355,.503,.692,942,2732,1232,1467 
7,GoldenStateWarriors,.403,.475,.790,885,2801,1236,1753 
8,DallasMavericks,.372,.489,.793,767,2670,1144,1698 
9,LosAngelesClippers,.358,.522,.711,938,2475,1197,1716 
10,SacramentoKings,.363,.474,.769,943,2385,1199,1717 
11,NewYorkKnicks,.376,.487,.759,890,2436,988,1650 
12,MilwaukeeBucks,.360,.457,.736,1068,2537,1156,1554 
13,UtahJazz,.366,.477,.764,989,2457,1210,1750 
14,AtlantaHawks,.371,.501,.715,758,2593,1219,1473 
15,PortlandTrailBlazers,.353,.486,.776,874,2474,1203,1518 
16,TorontoRaptors,.343,.480,.788,871,2426,1124,1836 
17,BrooklynNets,.357,.484,.731,1047,2460,1206,1500 
18,BostonCeltics,.358,.494,.776,654,2533,1181,1717 
19,ClevelandCavaliers,.346,.460,.756,1004,2359,1149,1737 
20,MinnesotaTimberwolves,.305,.477,.742,973,2473,1214,1509 
21,PhoenixSuns,.330,.473,.744,959,2454,1278,1688 
22,DetroitPistons,.356,.474,.699,991,2463,1241,1623 
23,IndianaPacers,.347,.465,.746,1043,2671,1227,1623 
24,NewOrleansHornets,.363,.473,.776,988,2426,1193,1673 
25,OrlandoMagic,.329,.482,.755,890,2612,1191,1591 
26,CharlotteBobcats,.335,.448,.750,917,2389,1153,1561 
27,MemphisGrizzlies,.345,.463,.773,1059,2445,1144,1660 
28,Philadelphia76ers,.360,.466,.729,896,2493,1070,1505 
29,ChicagoBulls,.353,.456,.773,1026,2514,1171,1617 
30,WashingtonWizards,.365,.455,.733,887,2652,1238,1681 
