Rk,Team,3P,2P,FT%,ORB,DRB,TOV,PF 
1,DenverNuggets,.388,.506,.765,791,2652,1157,1719 
2,NewYorkKnicks,.368,.496,.809,847,2470,1123,1743 
3,HoustonRockets,.367,.486,.801,962,2549,1110,1641 
4,PhoenixSuns,.377,.505,.759,821,2478,1169,1666 
5,OklahomaCityThunder,.347,.495,.823,903,2604,1156,1836 
6,SanAntonioSpurs,.397,.503,.767,829,2603,1101,1556 
7,GoldenStateWarriors,.392,.484,.761,955,2370,1198,1806 
8,MiamiHeat,.370,.515,.769,790,2666,1142,1674 
9,LosAngelesLakers,.352,.494,.779,989,2616,1073,1555 
10,MinnesotaTimberwolves,.376,.459,.768,1085,2556,1398,1825 
11,DallasMavericks,.365,.516,.777,780,2618,1145,1575 
12,MemphisGrizzlies,.334,.492,.750,970,2391,1145,1705 
13,IndianaPacers,.354,.471,.782,914,2657,1262,1782 
14,SacramentoKings,.335,.475,.734,1071,2526,1324,1805 
15,UtahJazz,.346,.493,.771,898,2338,1175,1865 
16,OrlandoMagic,.366,.507,.692,864,2679,1224,1640 
17,TorontoRaptors,.316,.494,.755,963,2343,1206,1807 
18,Philadelphia76ers,.355,.485,.770,850,2578,1063,1592 
19,LosAngelesClippers,.338,.493,.707,955,2501,1343,1733 
20,ChicagoBulls,.361,.489,.743,967,2654,1161,1639 
21,WashingtonWizards,.332,.465,.745,1013,2374,1258,1850 
22,DetroitPistons,.376,.479,.737,931,2236,1067,1629 
23,BostonCeltics,.365,.513,.770,639,2542,1195,1678 
24,PortlandTrailBlazers,.345,.477,.804,996,2230,1070,1585 
25,ClevelandCavaliers,.342,.461,.745,856,2449,1166,1648 
26,AtlantaHawks,.352,.494,.779,762,2460,1118,1554 
27,NewOrleansHornets,.360,.482,.765,824,2468,1069,1719 
28,NewJerseyNets,.343,.464,.759,909,2440,1152,1807 
29,CharlotteBobcats,.327,.480,.756,848,2444,1192,1637 
30,MilwaukeeBucks,.342,.454,.757,862,2480,1103,1682 
