Rk,Team,3P,2P,FT%,ORB,DRB,TOV,PF 
1,PhoenixSuns,.393,.512,.748,967,2652,1125,1563 
2,SacramentoKings,.374,.480,.787,1023,2455,1073,1685 
3,DallasMavericks,.364,.479,.789,990,2530,1102,1827 
4,MiamiHeat,.377,.513,.672,887,2639,1127,1814 
5,BostonCeltics,.349,.496,.764,909,2438,1297,2000 
6,WashingtonWizards,.343,.463,.725,1133,2374,1172,1807 
7,TorontoRaptors,.385,.463,.774,844,2444,1087,1876 
8,DenverNuggets,.340,.479,.763,967,2473,1224,1878 
9,OrlandoMagic,.349,.471,.759,1038,2544,1322,1937 
10,Philadelphia76ers,.348,.462,.789,909,2536,1274,1878 
11,SeattleSuperSonics,.365,.474,.790,1041,2311,1113,1944 
12,GoldenStateWarriors,.352,.457,.722,1069,2436,1112,1833 
13,LosAngelesLakers,.355,.467,.777,1028,2511,1176,1794 
14,NewYorkKnicks,.356,.473,.767,965,2393,1204,1942 
15,MilwaukeeBucks,.351,.467,.772,985,2405,1132,1797 
16,MinnesotaTimberwolves,.345,.483,.796,947,2580,1079,1774 
17,ClevelandCavaliers,.332,.465,.752,1117,2352,1141,1850 
18,SanAntonioSpurs,.363,.478,.724,987,2489,1126,1717 
19,LosAngelesClippers,.345,.473,.778,980,2455,1290,1819 
20,HoustonRockets,.364,.468,.781,874,2601,1135,1807 
21,ChicagoBulls,.357,.453,.750,1001,2591,1371,2028 
22,CharlotteBobcats,.363,.442,.709,1083,2335,1192,1894 
23,MemphisGrizzlies,.357,.475,.754,887,2307,1197,1910 
24,DetroitPistons,.345,.463,.739,1054,2507,1133,1638 
25,IndianaPacers,.344,.463,.792,868,2418,1173,1890 
26,UtahJazz,.328,.465,.757,1047,2243,1292,2189 
27,PortlandTrailBlazers,.362,.471,.725,970,2404,1308,1703 
28,AtlantaHawks,.312,.463,.711,1100,2335,1319,2009 
29,NewJerseyNets,.362,.444,.763,855,2387,1164,1985 
30,NewOrleansHornets,.315,.440,.766,1019,2281,1217,1883 
