Rk,Team,3P%,2P%,FT%,ORB,DRB,TOV,PF 
1,PhoenixSuns,.363,.516,.753,1141,2510,1359,1739 
2,CharlotteHornets,.326,.500,.771,1095,2508,1325,1790 
3,GoldenStateWarriors,.350,.499,.717,1219,2384,1451,2056 
4,PortlandTrailBlazers,.326,.475,.745,1226,2507,1215,1892 
5,SeattleSuperSonics,.357,.498,.761,1222,2254,1267,1971 
6,SacramentoKings,.332,.478,.762,1137,2281,1364,2085 
7,IndianaPacers,.326,.500,.766,1220,2455,1256,2045 
8,ClevelandCavaliers,.381,.511,.802,929,2496,1120,1580 
9,AtlantaHawks,.355,.486,.742,1290,2344,1339,1807 
10,LosAngelesClippers,.271,.499,.718,1183,2360,1338,1920 
11,UtahJazz,.314,.500,.766,1041,2463,1270,1965 
12,SanAntonioSpurs,.341,.507,.765,919,2542,1227,1844 
13,OrlandoMagic,.357,.505,.730,1040,2566,1429,1925 
14,DenverNuggets,.304,.471,.756,1266,2564,1413,2039 
15,ChicagoBulls,.365,.494,.733,1290,2283,1103,1804 
16,Philadelphia76ers,.351,.472,.786,1031,2431,1362,1604 
17,LosAngelesLakers,.299,.490,.756,1103,2288,1266,1778 
18,HoustonRockets,.361,.510,.758,985,2532,1295,1699 
19,BostonCeltics,.287,.498,.777,1076,2436,1174,1862 
20,MiamiHeat,.354,.473,.771,1134,2384,1287,2011 
21,NewJerseyNets,.318,.473,.767,1291,2506,1355,1892 
22,MilwaukeeBucks,.333,.494,.742,1050,2113,1363,1978 
23,WashingtonBullets,.301,.482,.748,1031,2317,1323,1795 
24,NewYorkKnicks,.320,.479,.741,1150,2660,1296,2111 
25,DetroitPistons,.322,.472,.729,1293,2315,1152,1747 
26,DallasMavericks,.338,.448,.705,1234,2265,1459,2302 
27,MinnesotaTimberwolves,.292,.483,.798,940,2204,1422,2028 
