Rk,Team,3P%,2P%,FT%,ORB,DRB,TOV,PF 
1,PhoenixSuns,.330,.511,.728,1220,2453,1305,1639 
2,GoldenStateWarriors,.339,.512,.664,1183,2396,1433,1789 
3,PortlandTrailBlazers,.353,.466,.743,1302,2460,1210,1827 
4,CharlotteHornets,.367,.493,.764,1019,2475,1266,1747 
5,SeattleSuperSonics,.335,.501,.745,1148,2233,1262,1914 
6,OrlandoMagic,.347,.513,.678,1177,2356,1327,1713 
7,MiamiHeat,.338,.485,.785,1235,2407,1315,2024 
8,NewJerseyNets,.327,.458,.762,1300,2556,1196,1693 
9,LosAngelesClippers,.303,.488,.709,1120,2410,1474,1769 
10,UtahJazz,.320,.491,.740,1059,2385,1191,1988 
11,AtlantaHawks,.323,.480,.752,1250,2423,1252,1625 
12,ClevelandCavaliers,.362,.480,.770,1090,2353,1136,1701 
13,HoustonRockets,.334,.508,.743,926,2619,1338,1646 
14,SacramentoKings,.353,.464,.731,1122,2349,1333,1979 
15,IndianaPacers,.368,.496,.738,1130,2409,1440,1974 
16,BostonCeltics,.289,.486,.730,1037,2380,1242,1849 
17,WashingtonBullets,.297,.489,.748,1071,2189,1403,1715 
18,LosAngelesLakers,.300,.468,.717,1260,2204,1197,1877 
19,DenverNuggets,.285,.483,.718,1105,2557,1422,1926 
20,SanAntonioSpurs,.349,.490,.742,1189,2597,1198,1662 
21,NewYorkKnicks,.348,.477,.746,1175,2542,1360,2001 
22,ChicagoBulls,.354,.489,.705,1143,2391,1306,1750 
23,Philadelphia76ers,.338,.474,.714,1012,2394,1368,1488 
24,DetroitPistons,.344,.470,.731,1027,2320,1236,1935 
25,MilwaukeeBucks,.325,.469,.702,1126,2154,1343,1821 
26,MinnesotaTimberwolves,.329,.469,.772,990,2343,1478,2016 
27,DallasMavericks,.312,.447,.747,1271,2150,1393,2007 
