Rk,Team,3P,2P,FT%,ORB,DRB,TOV,PF 
1,PhoenixSuns,.412,.520,.770,910,2616,1210,1713 
2,GoldenStateWarriors,.375,.499,.782,753,2397,1204,1886 
3,DenverNuggets,.359,.500,.772,889,2505,1136,1844 
4,UtahJazz,.364,.519,.741,872,2588,1246,1859 
5,TorontoRaptors,.371,.512,.764,806,2507,1100,1819 
6,OrlandoMagic,.375,.521,.724,810,2736,1155,1629 
7,MemphisGrizzlies,.337,.492,.733,1070,2496,1248,1655 
8,HoustonRockets,.351,.481,.772,971,2471,1188,1712 
9,ClevelandCavaliers,.381,.520,.720,791,2692,1137,1591 
10,NewYorkKnicks,.346,.504,.782,836,2477,1148,1638 
11,DallasMavericks,.372,.491,.816,834,2586,1059,1563 
12,LosAngelesLakers,.341,.492,.765,973,2662,1096,1592 
13,AtlantaHawks,.360,.497,.759,969,2451,980,1632 
14,OklahomaCityThunder,.340,.490,.805,960,2607,1227,1743 
15,SanAntonioSpurs,.358,.508,.740,887,2621,1116,1669 
16,IndianaPacers,.348,.479,.775,785,2618,1232,1848 
17,NewOrleansHornets,.363,.495,.778,852,2450,1103,1606 
18,SacramentoKings,.349,.483,.726,977,2518,1226,1827 
19,BostonCeltics,.348,.523,.746,716,2449,1219,1816 
20,MinnesotaTimberwolves,.341,.471,.746,962,2556,1333,1699 
21,PortlandTrailBlazers,.354,.490,.790,913,2383,1012,1715 
22,Philadelphia76ers,.343,.491,.756,941,2421,1192,1677 
23,MilwaukeeBucks,.356,.464,.755,965,2560,1085,1823 
24,ChicagoBulls,.330,.474,.754,937,2715,1175,1648 
25,MiamiHeat,.346,.489,.752,875,2553,1079,1710 
26,WashingtonWizards,.353,.471,.762,966,2458,1219,1752 
27,LosAngelesClippers,.332,.490,.730,927,2502,1285,1581 
28,CharlotteBobcats,.346,.482,.751,858,2490,1290,1597 
29,DetroitPistons,.314,.474,.728,1053,2242,1100,1822 
30,NewJerseyNets,.318,.454,.780,897,2358,1182,1643 
