Rk,Team,3P%,2P%,FT%,ORB,DRB,TOV,PF 
1,GoldenStateWarriors,.324,.503,.809,915,2385,1415,2010 
2,PhoenixSuns,.324,.511,.795,1053,2651,1275,1825 
3,DenverNuggets,.337,.475,.789,1169,2532,1136,2047 
4,PortlandTrailBlazers,.336,.484,.743,1355,2552,1356,2048 
5,OrlandoMagic,.295,.468,.756,1304,2465,1407,1975 
6,LosAngelesLakers,.367,.507,.787,1097,2460,1226,1737 
7,Philadelphia76ers,.348,.501,.788,1111,2406,1209,1697 
8,BostonCeltics,.262,.513,.832,1066,2707,1256,1717 
9,ChicagoBulls,.374,.511,.778,1075,2279,1247,1906 
10,IndianaPacers,.382,.511,.816,940,2388,1342,1972 
11,AtlantaHawks,.302,.498,.764,1273,2187,1270,1871 
12,NewYorkKnicks,.332,.501,.756,1187,2426,1412,1828 
13,WashingtonBullets,.188,.482,.764,1198,2450,1201,1929 
14,SeattleSuperSonics,.355,.491,.741,1323,2255,1336,2064 
15,UtahJazz,.359,.521,.754,953,2501,1410,2031 
16,HoustonRockets,.312,.493,.720,1217,2638,1513,1934 
17,SanAntonioSpurs,.239,.492,.745,1163,2474,1399,1854 
18,MilwaukeeBucks,.312,.490,.758,1108,2246,1315,2086 
19,DetroitPistons,.327,.490,.761,1185,2458,1233,1961 
20,LosAngelesClippers,.243,.493,.738,1056,2362,1547,1859 
21,ClevelandCavaliers,.407,.468,.744,1128,2380,1243,1666 
22,DallasMavericks,.323,.487,.767,1042,2419,1228,1733 
23,SacramentoKings,.333,.482,.771,952,2363,1239,1863 
24,MiamiHeat,.293,.468,.687,1242,2313,1557,2123 
25,CharlotteHornets,.336,.466,.756,962,2211,1226,1889 
26,NewJerseyNets,.277,.437,.746,1363,2324,1360,1952 
27,MinnesotaTimberwolves,.248,.455,.747,1196,2053,1197,1901 
