Rk,Team,3P%,2P%,FT%,ORB,DRB,TOV,PF 
1,OrlandoMagic,.370,.535,.669,1149,2457,1297,1726 
2,PhoenixSuns,.369,.515,.756,1027,2403,1167,1839 
3,SeattleSuperSonics,.376,.519,.758,1068,2337,1295,2067 
4,SanAntonioSpurs,.375,.507,.738,1029,2661,1246,1871 
5,UtahJazz,.376,.531,.781,874,2412,1289,2045 
6,GoldenStateWarriors,.341,.507,.704,1101,2371,1497,1804 
7,LosAngelesLakers,.352,.493,.735,1126,2316,1243,1933 
8,HoustonRockets,.368,.521,.749,880,2440,1322,1714 
9,DallasMavericks,.322,.463,.734,1514,2433,1345,1811 
10,PortlandTrailBlazers,.365,.469,.697,1352,2443,1212,2024 
11,BostonCeltics,.368,.480,.753,1156,2320,1305,1975 
12,ChicagoBulls,.373,.498,.726,1106,2294,1297,1962 
13,DenverNuggets,.356,.507,.738,1040,2402,1381,2063 
14,MiamiHeat,.369,.487,.736,1092,2272,1291,2000 
15,CharlotteHornets,.397,.495,.777,832,2395,1224,1685 
16,WashingtonBullets,.343,.487,.724,1044,2219,1301,1949 
17,MilwaukeeBucks,.366,.483,.712,1063,2187,1393,1858 
18,IndianaPacers,.380,.496,.751,1051,2290,1340,1939 
19,NewYorkKnicks,.368,.496,.734,929,2473,1305,2102 
20,DetroitPistons,.354,.490,.741,958,2204,1318,2151 
21,SacramentoKings,.346,.491,.711,1073,2325,1449,2040 
22,NewJerseyNets,.319,.464,.759,1213,2569,1300,1844 
23,LosAngelesClippers,.315,.468,.710,1064,2076,1334,2152 
24,AtlantaHawks,.341,.480,.724,1104,2272,1221,1804 
25,Philadelphia76ers,.379,.460,.737,1105,2230,1355,1835 
26,MinnesotaTimberwolves,.313,.475,.775,883,2090,1400,2074 
27,ClevelandCavaliers,.385,.452,.760,1045,2237,1176,1694 
