0.467375189107 0.756573121533 126.94089763 126.815078164 814.578769541 
0.472502939686 0.730021135327 103.465179929 125.195742524 862.18073999 
0.474136956522 0.746709453994 91.337917088 126.821638018 898.611678463 
0.437066043928 0.718848119162 95.5551628377 112.871244635 585.727089119 
0.4709248552 0.750371594057 97.8211533619 137.952707127 799.699924452 
0.49226411556 0.803502230106 90.1141409022 109.702483528 946.458337557 
0.476827851926 0.739886980609 99.120674893 124.684462352 830.661596575 
0.49384422592 0.751197276853 98.3521432173 152.763792234 1044.04467978 
0.447805484759 0.688353603833 99.3190437353 97.320470996 600.690539301 
0.495320020171 0.741640090772 84.4129097327 135.650075643 782.713716591 
0.503520121642 0.80844353776 80.3981246832 117.439939179 904.696857577 
0.458219385943 0.74985633088 92.8014717077 129.414057346 771.157117483 
0.469392426155 0.727516182782 122.690684171 117.780509972 971.250391315 
0.493691023701 0.750578416541 91.4011598588 119.116843167 801.646343923 
0.492943943591 0.768430118358 96.6381264165 136.509242005 988.156182322 
0.482658427531 0.779645265009 108.637678975 124.431650339 920.057472997 
0.465454715078 0.769282501261 100.584972264 115.332223903 869.387039839 
0.481251840645 0.774725516894 73.4764498235 131.062884518 905.405900151 
0.485033611744 0.714523006834 96.7160212604 121.229106555 679.939863326 
0.45958920827 0.702304437721 103.908825013 124.128391326 791.926172466 
0.490247462762 0.761351274931 90.3732895733 126.912294875 796.61075486 
0.500387866532 0.759264914055 93.0870070779 123.366986855 854.821385238 
0.48693127998 0.746149709669 99.5708154506 139.244281747 877.670133805 
0.487094535382 0.744679728028 95.5157894737 120.666079073 820.394661294 
0.490958645096 0.70140950455 117.468958544 127.260667341 958.010616785 
0.457122956214 0.768475069603 121.073297899 118.347101999 909.583852189 
0.4872949633 0.754136370539 89.782131106 120.095570742 898.683219438 
0.473002971544 0.772469100982 108.260035256 155.789171493 956.610224125 
0.48033304721 0.742820651351 86.2058571068 120.100580661 756.11285029 
