0.519722706873 0.785890978771 60.4171751298 108.031365035 770.755786395 
0.477933596918 0.758874898621 83.6949513382 96.3131589619 695.85061841 
0.512474949698 0.758915241449 49.7333501006 90.259054326 677.188531187 
0.488684300427 0.729570811354 66.8812358704 86.7350414469 765.725345391 
0.470199789273 0.771230695901 105.094526115 119.578244945 817.471075209 
0.475376602055 0.751183402182 82.4832644847 98.2198919606 733.936818134 
0.529077353638 0.787285815138 71.5821693308 111.531037265 920.075487873 
0.49669478054 0.743535361717 86.7415582443 107.755429555 744.278691844 
0.490093179635 0.683299307346 139.925476515 126.227969058 931.621315537 
0.516964346949 0.717810186586 79.4697932426 124.741452345 920.927987897 
0.528822725439 0.700573834981 86.670213839 130.527940286 921.266844866 
0.490988270981 0.767513852376 84.4289180991 126.344590495 855.803336704 
0.5389084696 0.722331342075 99.7973978636 112.259504885 916.081911608 
0.504191068257 0.748326668358 55.465668612 86.5512306521 668.336716569 
0.496215551628 0.73252734158 83.2436758394 92.1859126483 705.559808129 
0.548032546909 0.762920820967 54.1197243322 119.332813522 857.743749686 
0.47693832998 0.746458853119 67.7524647887 92.7584507042 622.159507042 
0.482294082095 0.753387056157 90.1163938555 109.72984135 881.592394863 
0.497659229413 0.768305565349 71.2556534878 85.8477461597 671.639889197 
0.511167212289 0.750395215311 73.0709644926 92.4482498111 806.980810879 
0.516059078974 0.768681882448 78.674156736 122.294738437 947.223692183 
0.486432523177 0.755694662992 62.9465296918 112.194988725 749.000701579 
0.479930798288 0.715277814153 78.4843112566 122.323545706 758.992545958 
0.514884580338 0.748494583376 91.4957983193 120.53903007 900.056241774 
0.508457164442 0.810574666331 107.440795769 122.491765298 1034.16529841 
0.479182299546 0.754360312658 77.6859304085 107.869036813 742.917397882 
0.539081856839 0.791337653134 58.4950389794 96.084843576 736.893135567 
0.501506464221 0.781766887152 85.1368510724 110.652585689 880.88629986 
0.48635160002 0.74940554067 84.360497447 114.947727617 806.321874526 
0.509454350536 0.736660583396 78.7741710297 119.891149339 891.230466218 
