0.496468351871 0.770252123357 124.907280081 123.923255814 960.343781598 
0.536849140546 0.804601769464 88.1935793731 133.041001011 1051.04737108 
0.486272727273 0.732240191388 130.93336691 133.930697557 1022.04084613 
0.500963397371 0.752709706775 88.5962588473 134.412689585 823.186299292 
0.490113692736 0.790004201468 156.129384966 141.836243989 1080.68190332 
0.482514357937 0.799059555106 118.441708797 123.378918099 1067.41061678 
0.504821890799 0.752125075834 128.406976744 155.430030334 1054.70581395 
0.47362148635 0.78701132457 77.2905965622 96.896107179 651.400303337 
0.475507621951 0.786474288618 123.023882114 127.130487805 866.025406504 
0.491645876681 0.775100735854 117.368738899 137.771733063 954.995635625 
0.451595051755 0.704030042918 103.708810906 128.642262055 716.66806362 
0.51114511487 0.794293006816 117.413127998 142.881242111 1087.7206766 
0.482808139535 0.774968250758 112.874671385 117.966936299 872.36041456 
0.47972917088 0.73083437816 93.9697674419 122.285743175 703.245753286 
0.473304519061 0.753304468569 133.683312295 159.866801313 936.211360767 
0.482454910826 0.759342074856 118.783119819 131.551268525 888.498769153 
0.493335580335 0.777794880892 78.5071971617 105.856512924 706.771667511 
0.495955651292 0.773932742017 137.318043588 147.877192093 1075.79406994 
0.480712436805 0.768774721941 117.928665319 136.8739636 885.188372093 
0.496247379349 0.747029979237 107.080012154 131.156631387 878.886413126 
0.4884187862 0.743395467137 130.039133719 139.091866029 998.568521783 
0.496919360568 0.754193707181 124.927074347 166.411875159 1043.40608982 
0.463576911469 0.758709657948 119.871277666 135.051810865 895.464285714 
