0.479339205264 0.734680030372 135.223082764 124.734244495 886.066008605 
0.482946495855 0.737507862346 101.732429038 124.753127355 873.740316503 
0.496663136662 0.763814725164 84.6782652547 111.459253656 798.679576399 
0.492488624874 0.716942517695 103.214509606 114.32917088 822.13958544 
0.486204281038 0.779481087887 101.453336691 104.278015613 805.887635356 
0.451912823112 0.733628940699 106.937100862 135.068170299 773.412975165 
0.483296937484 0.728417514553 127.123614275 147.998886358 944.011237661 
0.480812113533 0.724918094273 87.5042574759 118.963912823 812.089863153 
0.510021941355 0.666728766431 121.756420627 158.264863498 1008.99600607 
0.50629570273 0.756171941355 113.362032356 150.044034378 993.314155713 
0.497496785624 0.729570235383 101.959655783 126.55251835 781.716122501 
0.488812487361 0.711904499494 93.2429726997 131.415975733 739.22487361 
0.469449455834 0.728604100228 113.407036193 107.745634017 790.725588459 
0.485663064883 0.785048270639 126.620701843 134.29219894 937.338348902 
0.47003790916 0.699926769855 112.724130931 127.832276072 805.143719868 
0.465493816523 0.760442118601 83.4753674607 137.319766853 770.087633046 
0.460341048916 0.756668078669 130.408825013 127.983106404 926.559203227 
0.483546190838 0.740613971147 128.69486206 135.443786383 825.845102506 
0.504220983274 0.714867815509 138.570045616 154.593613786 1088.68758236 
0.482176369604 0.717157535976 94.3020954304 121.140318101 789.991719263 
0.511188987567 0.721692260848 127.321136767 128.988327836 960.028317686 
0.47754730448 0.732325335358 138.791546444 132.486054164 988.522804353 
0.469442672741 0.718659124272 91.5241710959 123.693444698 868.100632751 
0.496403033367 0.725643124368 147.088725986 123.586754297 937.862082912 
0.504640040547 0.709946477446 127.183476939 138.510035479 977.633147491 
0.4916034046 0.751813709596 116.284324653 132.016465701 940.447867058 
0.480352093377 0.746861253489 94.5563055062 126.061608729 793.225120528 
