0.489300304105 0.752701621896 123.204257476 122.35646224 881.046325393 
0.497945390605 0.722310374278 87.0945993469 112.81471992 790.224968601 
0.513549389217 0.769257687447 105.49115417 116.460351727 954.252211457 
0.514429650279 0.731969944247 122.5299037 116.023517486 976.850532184 
0.511979878971 0.74118734241 95.3598587998 100.557337368 875.198991427 
0.464862769694 0.701809433016 143.512644255 137.990416458 898.301103864 
0.48020110943 0.747450630358 112.623449319 125.44276349 844.08401412 
0.506910489158 0.746267322239 90.9055975794 143.191174987 959.608119012 
0.492892786636 0.75542627183 110.941230068 123.00516325 823.765983295 
0.511220752335 0.765401666246 86.6539257763 118.645947993 821.995960616 
0.509158390281 0.743874816502 102.856542647 128.666413566 832.97347507 
0.513142270654 0.714703294475 92.7456664977 125.395995945 801.562696401 
0.511550914634 0.736728099593 101.171392276 117.866361789 909.152591463 
0.495474671385 0.721338169869 79.1263902932 101.349949444 620.65247725 
0.498416877851 0.737751596553 111.580537253 144.68803852 949.309173847 
0.477109656218 0.776843124368 92.5609201213 126.716127401 791.458998989 
0.444416377795 0.741426525998 137.637678975 123.58824416 754.120422005 
0.514041502774 0.759624508321 92.8953101362 138.15279879 916.767070096 
0.520427751196 0.72425313523 97.2730294636 120.88552002 989.399748174 
0.475751849975 0.738741561075 85.8073492144 122.551596553 735.368525089 
0.496030067652 0.763538210975 104.351791531 114.988975194 894.005111501 
0.491018538056 0.647711529766 113.366641547 133.621803567 861.86028636 
0.48902105796 0.719824247026 97.5734244495 128.503366236 813.872690458 
0.51284570273 0.713571638018 97.7520728008 128.471638018 1043.55070779 
0.525644567404 0.759613983903 104.756690141 158.204929577 991.027665996 
0.498649167927 0.723862481089 87.3724659607 136.304942007 746.049016641 
0.5165760364 0.778951415571 92.8326592518 123.084428716 939.188119312 
0.454855432596 0.728946981891 76.0169517103 108.300503018 649.433752515 
0.522505680384 0.717980408988 94.3200201969 129.005756122 854.944963393 
