0.498909731374 0.757315205271 140.146426761 121.244196655 935.535935124 
0.500848870845 0.826474042121 111.591169754 130.544227353 1011.83740167 
0.471152315869 0.7595685143 84.0413059985 112.95803594 767.44758289 
0.510465355522 0.774509884014 120.547453354 144.346293495 1128.22269289 
0.486269416499 0.743620623742 103.106287726 113.546277666 841.426257545 
0.487915487283 0.761118962478 103.465172501 127.842810375 933.240040292 
0.476319262812 0.783785306741 103.987578894 99.1768745266 911.408937137 
0.497728452411 0.759975814188 132.771976774 141.543448624 1008.03716233 
0.489500583608 0.784980309566 87.7773661507 151.204821111 1085.18218726 
0.490190810401 0.712405907599 138.154455945 162.301186569 1012.8190356 
0.512771428571 0.805211368209 111.086066398 156.010613682 1135.9277163 
0.484890881836 0.737610151969 101.475136979 138.398480306 830.318515455 
0.507125812138 0.780629312516 125.268446235 135.303349282 1071.71941576 
0.467517891536 0.701186517993 122.963608718 150.766852509 829.572681196 
0.483421280888 0.750406908724 98.9637418053 118.535955623 826.442158346 
0.445857567363 0.727214555528 138.186955427 119.089801058 917.127020902 
0.433713219995 0.751184369449 117.474904846 117.054656179 767.18573966 
0.497903883006 0.757082198689 127.788956127 151.90630358 1006.12602118 
0.467718858874 0.753851552638 118.706538753 126.35829336 848.402322646 
0.500733754102 0.79204413027 136.588841202 138.486139864 1107.87119414 
0.515469654999 0.779598388315 99.8179299924 132.445378998 1064.36101738 
0.487735865191 0.735051156942 152.643158954 149.915392354 1078.23158954 
0.477648139711 0.753774133131 99.5044798785 121.055833966 929.234776006 
0.485538165231 0.745805930056 132.210947795 146.096198682 1020.59594526 
0.493392715398 0.733690178347 131.4786737 123.599045466 842.182918865 
0.519197478568 0.717206807867 106.972667675 155.969793243 1046.12879476 
0.477852647504 0.747479626828 111.294856278 121.341452345 917.929046899 
