282.723696802 66.6842608915 56.7444472425 169.927373458 
259.939812706 71.0985067072 36.3586433814 165.691926095 
269.095015341 70.7398521201 44.3145717016 177.23218148 
202.015852981 51.9058918564 32.5997374666 146.415459181 
217.605248577 49.1830453836 36.3320908679 128.974563038 
247.759819573 42.9407531296 35.4722517865 144.169023364 
309.533689193 88.3690200423 65.5327324 174.749672676 
235.369760251 56.1256525926 42.4570429317 146.755841654 
263.849443883 89.9495449949 36.0934782609 193.528311426 
242.689828189 56.1293396179 40.2865541534 138.499619887 
256.612826483 57.6126746305 35.98132213 171.378669771 
226.721324717 48.7944264943 35.3278473344 150.056542811 
268.000556117 67.3287664307 35.2635995956 154.936804853 
230.651653623 48.1735925271 34.2893208786 133.694572078 
170.451661708 46.2438347874 19.446366433 115.152352615 
226.661177419 49.7815379967 34.7077604875 152.327844085 
237.69653355 57.6386073383 30.7754409082 164.385921346 
212.22242953 48.2265140437 27.9466996117 148.888356613 
276.411188529 69.5356457639 32.9625366051 148.293093002 
232.198772759 48.3209938638 17.3246655266 150.517151192 
327.520954451 59.6779232597 42.0696628077 180.521055558 
270.756112302 81.3954178342 47.7806713917 169.225701885 
278.02578362 57.0722446916 50.4758847321 166.680232558 
252.225984727 48.5276828778 36.8083299839 163.478597267 
246.149513388 65.2952952448 32.6734909989 176.318541677 
248.362456923 47.5278228259 34.0854449625 130.825258463 
237.523600605 47.8764498235 35.960816944 145.705547151 
243.810246584 55.820483082 32.9717109576 142.991830972 
262.245267699 72.429738645 36.4831768587 185.681096168 
260.657406942 65.8667302959 38.3894609936 154.584970111 
