0.477575232354 0.717610349159 140.75589048 121.898015574 869.8764632 
0.500499039434 0.806233872599 105.401213347 101.585085945 867.797320526 
0.483017318859 0.758725523858 127.418025751 126.568644282 976.520979551 
0.518466414523 0.727202269289 124.682400403 118.171558245 1074.69203227 
0.505442565009 0.801834082302 111.804594799 101.195657662 916.05751073 
0.460604758289 0.751995393571 100.402277904 102.071728676 724.971602126 
0.447268402427 0.754787057634 149.477249747 149.859201213 859.355712841 
0.484228715875 0.732855055612 156.246410516 141.886248736 985.459605662 
0.523722686117 0.743235613682 113.682796781 153.928923541 1168.63551308 
0.503458400402 0.73504054326 112.964235412 149.45055332 961.445573441 
0.517657729892 0.770060185417 104.333650714 152.077173641 1060.94557755 
0.484571617127 0.723860461433 121.802069584 137.698167995 929.506942611 
0.465086333838 0.763259556228 123.331870903 108.088603127 920.978920827 
0.477887796268 0.786805799294 133.797730711 141.688401412 975.655572365 
0.482145372233 0.750488430584 127.31001006 125.879124748 847.45055332 
0.466500580661 0.727731734411 105.474274173 109.546579147 843.191618278 
0.469957077856 0.723642163802 154.426794742 144.789231547 938.407886754 
0.491038881894 0.733255552757 140.136539914 140.399748174 980.190380257 
0.467179649835 0.748230499873 93.3824410048 108.125501142 685.777264654 
0.481822272842 0.774012250063 116.358491521 137.993318147 1025.44869653 
0.515469426912 0.770497955062 112.545013885 130.672759404 1055.08507953 
0.497604325956 0.748418561368 138.51861167 142.343008048 1026.82112676 
0.48413419062 0.746979576399 109.683207262 158.578971256 1031.31765003 
0.481222851365 0.73892173913 124.551718908 117.390697674 867.753791709 
0.491320624528 0.752405741627 130.616419038 128.698514228 909.205993453 
0.497142605634 0.787319969819 114.721126761 145.329879276 1084.41539235 
0.466233694284 0.75791437925 105.73492823 119.132359607 854.252681944 
