236.86314459 67.3654701719 32.2171385238 153.559908999 
289.273575391 87.8776096823 32.0479576399 177.557740797 
248.303011896 71.5534801316 46.5580359403 173.721842572 
163.47180005 40.5835900025 24.5698560969 124.389750063 
228.976076555 60.0283555779 40.5266683455 153.059027953 
239.800311203 49.8821576763 28.7222510373 142.740819502 
159.810805352 44.8397879323 31.8843221409 124.629588488 
269.97195122 74.037245935 71.2099085366 175.252947154 
250.528412538 62.992669363 47.2887259858 178.268301314 
228.51961962 56.0923423423 43.0607107107 140.023123123 
242.175533785 59.8620447124 44.1317759357 167.7617684 
279.339661702 55.0006059076 63.7957081545 167.775208281 
264.04570273 63.0524266936 48.9722952477 174.851112235 
236.788725986 62.7883215369 56.1949949444 144.632457027 
245.787004516 53.4611640743 47.9589563472 172.795183141 
268.927807084 60.6236623964 32.0180356694 168.01250942 
288.553799546 54.3339560717 47.6288311033 166.798434739 
272.368986384 80.5845184065 48.872415532 167.858194655 
257.694471093 58.4529159303 26.9323403181 178.443574855 
233.316843167 69.9268280383 31.026172466 141.040847201 
269.443132286 69.0073998986 40.8744044602 150.745311708 
237.421684317 70.0228946041 38.2501260716 155.69667171 
265.176550681 73.3460917801 39.4815935451 157.633484619 
292.688737029 84.0616552771 39.0478359909 164.653606682 
292.371493327 59.9932007051 64.0116847142 151.253789977 
244.703832577 78.7126575895 30.9983862834 156.146999496 
242.649860795 71.1895722602 46.2018729436 175.187699317 
230.866969239 77.3785678265 47.878214826 166.967725668 
188.799036999 47.254282818 24.1995945261 138.648403447 
