254.153362507 67.8411045722 46.7324581258 211.091142297 
214.723619354 50.3086208631 33.6682426315 157.868675184 
183.145096463 70.4185088424 26.9048432476 155.148462621 
261.495905963 54.3731350781 33.2569950269 194.569648867 
263.835249622 57.9981341402 42.1165910237 161.107160867 
239.485638111 53.9392826601 45.2933749183 159.707480256 
218.431682473 64.0087811732 40.5641025641 159.680616187 
281.472922549 68.0680718031 59.7239310206 157.081585317 
255.306132742 63.1081299173 32.0602178737 179.582761751 
222.909223864 51.8075041606 24.7641333401 158.258913712 
211.014850482 50.8676127724 34.6809427268 148.306842372 
285.338383073 55.3915568348 59.1393728223 177.775387568 
279.700564118 74.4769316007 34.6848997683 194.758486955 
249.99304961 58.8286577688 53.714882901 160.186804331 
262.201012402 55.9511009871 39.0237408251 170.126600861 
257.624162764 61.983079015 26.6387168253 187.30422521 
224.868849156 48.9109544195 40.6874338957 144.409116092 
292.001012761 63.3520862872 31.3522888394 188.788839376 
222.966171867 62.301423811 26.0057558316 154.005654852 
164.686167277 41.6182329035 17.8398976469 146.705383573 
248.960464182 48.4974881945 35.3253290465 172.757309354 
269.999748807 80.3532780708 38.5222305953 169.684099472 
309.175303197 67.0556780595 49.6913400822 177.280344793 
172.797820578 40.6157627978 28.1783071465 135.136644703 
256.147604639 60.398587998 28.7361069087 162.173373676 
259.543370696 54.8904372412 46.0650812885 155.425477128 
182.311195159 62.9657085224 24.6062027231 146.810237015 
238.191101313 54.482763804 26.9204329091 183.872081371 
233.668125346 48.2663849907 51.939439666 180.382626628 
270.839023652 78.8426546977 30.1410055979 189.946391649 
