0.48650279161 0.753843569237 122.185755244 146.866606308 941.803883104 
0.500795744895 0.751103963384 62.2961975656 112.761090434 758.201689971 
0.463812349277 0.734290896302 78.9807576367 93.5946543408 669.584907556 
0.493157331592 0.735791781785 84.0780127593 120.790325011 842.793489727 
0.484759354513 0.710585930408 92.2814926878 116.09329299 916.220726172 
0.488895417275 0.760327129131 92.141958851 97.3844760803 872.049147341 
0.488508505193 0.735744794019 78.7417331527 114.607556827 814.837623564 
0.495990570795 0.704596561113 110.227057281 100.279598628 973.833450988 
0.481926215453 0.709400292516 89.6311276982 111.54191043 865.012860601 
0.471833425791 0.743486106208 68.2808512784 102.847596954 686.517020525 
0.49045119108 0.75336244298 69.3155600608 106.032184491 684.893816523 
0.482562490532 0.773903650962 88.2502651113 118.628389638 907.51825481 
0.493343910547 0.722515110305 97.3909539639 131.308703536 1026.05147577 
0.498674590783 0.710367766306 86.3481742634 105.386854697 791.472273986 
0.515575601114 0.73891592002 82.4113895216 116.491116173 856.322348772 
0.489940575112 0.728589917913 95.5257591781 125.525054137 892.733645566 
0.473063359355 0.736938050869 73.0010073029 95.8267942584 671.10596827 
0.471254152319 0.722447336439 89.8196779421 123.255823375 933.796283168 
0.463036958497 0.758509946481 79.6639402201 95.8507522973 739.861405635 
0.481087200843 0.725023832221 66.7753248708 104.170989915 618.718579098 
0.495378629559 0.742243946549 91.4718677786 114.178488898 760.817190797 
0.497578698819 0.754283496609 85.7427279578 131.48676212 1023.86435569 
0.536010674551 0.800095720156 92.8868898466 121.51989576 1050.76781598 
0.483769842879 0.699540446021 69.4659401926 89.0892042575 597.734363913 
0.494024357035 0.774278517398 83.8276348966 120.897478568 882.003883006 
0.5134413814 0.690382459861 78.1879733414 110.136120368 810.038877108 
0.499825718608 0.781367372668 74.6162884518 103.510489158 854.708724155 
0.494791762702 0.780138540936 85.4896282193 108.162290811 958.986872432 
0.46506015794 0.710920828932 101.683114531 114.167194809 745.466173734 
0.480222199808 0.73214917545 104.044833325 133.780926925 1090.1534621 
