229.340243284 87.5132792701 28.065179929 167.162290928 
209.110123085 61.6512936448 32.3612660136 174.099773926 
239.72725358 56.025589722 27.6075716091 156.405012637 
251.471059301 80.9423720223 33.0827673594 159.151951343 
237.039485628 76.1866364095 38.1293998991 174.978214826 
241.279829403 69.6703462117 31.7611138986 166.74004014 
263.766515381 53.905799294 70.364498235 183.326222895 
287.965506808 55.7384266263 31.0804336863 196.086384266 
210.306099722 67.962085548 45.3688686409 152.90012655 
246.025094673 64.2495834385 54.6741731886 156.002120677 
231.660642875 57.2519868388 35.293697798 188.055429005 
223.411910796 67.1803852002 32.3612265585 182.701469843 
242.866971545 73.6217987805 59.4290142276 169.32972561 
197.425884732 40.379322548 42.2508088979 154.032861476 
249.923821591 62.9838824126 35.0479472884 200.821033958 
223.016784631 61.268554095 44.871991911 174.142264914 
251.292087415 56.7913087164 57.3944737503 171.093092188 
286.784820978 67.3771053959 39.9286938981 183.245486636 
247.91810627 76.8817929992 42.2826995719 153.311810627 
186.068879878 56.3456664977 39.3402939686 136.403395844 
256.827261338 63.8330744174 30.5339513906 157.986619895 
256.395830193 61.578347149 42.5075609143 180.663652349 
214.496735004 58.4123513035 37.0413059985 182.118046064 
288.058695652 72.6289686552 62.0034883721 175.283367037 
263.393460765 101.268360161 40.8019114688 194.111468813 
194.319566314 73.4083711548 43.1229954614 170.596066566 
242.991860465 75.6655712841 35.3715874621 184.559807887 
183.079476861 63.5187122736 26.9067907445 150.593259557 
233.408381722 50.8155516284 45.9761676344 182.600959354 
