0.453997516472 0.762963608718 77.0398378104 104.135428282 628.167866194 
0.468008673727 0.736471255673 87.7415027736 138.037065053 929.887493696 
0.45651332998 0.754853169014 113.526257545 137.287273642 923.457142857 
0.450705162428 0.74962906069 86.9701334676 109.546612944 724.902039788 
0.460037216339 0.762637468482 92.5985375693 114.777811397 691.308270298 
0.497542773309 0.789385339202 75.1557140689 117.722416148 961.021854606 
0.469674772497 0.747267795753 97.7764408493 106.351011122 826.430738119 
0.457298161672 0.678434701587 99.9384034248 124.749937044 806.829211785 
0.426132457027 0.692044893832 114.210717897 110.280384226 748.166936299 
0.495334594049 0.747311497731 93.9108421583 129.709329299 889.481290973 
0.469303553554 0.757570920921 87.2573073073 126.021821822 893.257557558 
0.474376135796 0.698012581128 84.4252621068 121.144932601 751.509685472 
0.491711077619 0.746748254207 114.852097463 114.491836222 907.445465963 
0.464794969819 0.743481790744 90.4166498994 120.954426559 842.820422535 
0.499090899899 0.762695146613 92.9689079879 127.734024267 999.032355915 
0.481794200706 0.787242309632 104.052597075 120.785022693 916.407564297 
0.447436594019 0.741338418652 81.7118094273 105.854434871 744.079472884 
0.475790705853 0.791687415222 72.065109269 113.783772921 815.666817383 
0.487222450514 0.723252317715 107.500726635 122.410273115 878.863743423 
0.470634449761 0.732891211282 95.2645681189 123.253789977 791.773507933 
0.460952688715 0.75072688715 95.3182024741 132.556122191 885.781519818 
0.4963429727 0.748000353893 99.2758847321 124.443478261 840.984580384 
0.480715537849 0.774071812749 106.575298805 133.839143426 973.570418327 
0.498605900151 0.728249571357 98.6808875441 117.381442259 871.739939486 
0.495749608685 0.745259429437 101.267255743 127.690785155 901.031860641 
0.461312753696 0.760433575545 114.653169632 103.474367326 845.416887998 
0.496034984833 0.721480283114 90.5241152679 129.317644085 862.376592518 
0.460788624874 0.759472295248 84.7818503539 135.418200202 845.063447927 
0.462040904472 0.771377439024 67.7092479675 94.6883130081 564.973831301 
