261.457048848 79.4856492027 39.7703872437 173.995292331 
297.10911386 78.2782125726 61.1519313305 183.351325423 
185.588386771 73.1652108054 25.2583186064 174.044079778 
260.810225259 99.0472285497 46.9158694002 176.256643888 
265.926727181 62.5806354009 52.4664145234 159.401412002 
262.144004039 64.1557687453 41.2320626105 187.048321131 
196.452306133 63.200861632 32.0988849468 160.990724785 
279.991012371 53.9200201969 34.442262055 191.415248675 
230.969351174 99.8950265085 35.6224690735 191.441858117 
276.960916646 87.8207000755 40.7611684714 194.719012843 
241.350669023 66.2995203232 30.2518050997 196.710224691 
219.549305731 66.2606917445 49.5681393587 176.645291593 
283.512708018 75.5098840141 40.7949571357 155.881694402 
226.776744186 79.1899898888 34.05 197.207482305 
206.900528834 89.4996222614 29.6076555024 193.592344498 
248.830946998 88.755036423 47.9169053002 206.794272796 
229.441099344 76.3053958649 59.9251134644 180.535905194 
274.993685793 62.6559258331 52.1380606364 171.401503383 
224.483973711 56.4278058645 29.3158746208 180.574772497 
252.214741036 75.8444223108 42.3459661355 157.534760956 
247.92128738 72.7253928028 45.2887987836 172.235631019 
288.782723064 82.0749684343 42.9892676768 208.677504209 
208.031616341 58.7524993656 49.5420451662 184.116112662 
289.997680282 70.7808875441 71.3272314675 178.486031266 
195.49637827 78.8097585513 36.7690643863 180.797887324 
310.330889788 80.3597067745 56.9705257836 195.666632963 
225.74197935 55.8121883657 43.4209519013 171.25459582 
