0.489117549168 0.704612455875 139.754109934 134.780937973 969.6802824 
0.493013599596 0.769665470172 101.161779575 114.068655207 931.383973711 
0.498763452291 0.774763806631 128.597873956 148.174487472 1057.9178942 
0.495373373676 0.733251084216 135.593545134 118.370146243 1031.7913767 
0.517738023197 0.800659001513 100.459152799 115.739989914 962.446898638 
0.456602939686 0.713837506336 101.731779017 110.971515459 654.517688799 
0.472676853253 0.764416490166 140.370146243 141.339536056 927.648865356 
0.470539220861 0.717688133446 126.976298564 119.915223818 919.814980997 
0.499199447375 0.7160853052 95.5255463451 121.096860085 790.352725446 
0.515258442872 0.759324115268 114.881597573 139.756268959 969.330434783 
0.499967400658 0.7442841306 121.86853961 130.517792964 977.080131612 
0.489411259783 0.71158747791 132.636606917 152.505932845 1030.03287049 
0.489741603631 0.762859152799 114.737216339 119.722642461 876.115683308 
0.48036775806 0.778622544364 111.038290427 119.450737316 870.07908023 
0.493579624937 0.725932488596 98.271363406 128.087937152 826.908058794 
0.475197229917 0.770303298917 92.3217325611 154.495744145 946.792797784 
0.46813983822 0.759126541962 121.744944388 130.697977755 872.464105157 
0.478215955845 0.740612192674 127.663572504 138.80526844 922.427947817 
0.506872434608 0.753978169014 115.836619718 158.951257545 1007.6389839 
0.473584244857 0.776056999498 102.034872052 137.045760161 943.644555946 
0.521742017233 0.752740851495 110.822199696 124.675063355 969.755347187 
0.480542577242 0.741084752575 121.634363225 127.013011806 946.604672193 
0.481512082912 0.761041102123 94.2160262892 122.175429727 804.898685541 
0.504153261143 0.762339360363 94.2693024427 125.854092168 980.186854697 
0.504211223458 0.743851162791 127.513599596 126.428918099 905.336804853 
0.496240192356 0.772074715262 109.892938497 142.926904581 1050.33034675 
0.483618076243 0.740901943954 98.9820247412 119.191567786 804.809290583 
