0.485425132209 0.70405127172 116.009418283 128.904507681 884.237522035 
0.4932511487 0.755496541277 103.462105529 118.194799293 822.520474628 
0.514507750568 0.778973794496 97.889724817 134.268467559 978.094925524 
0.508946343923 0.726561169945 92.7283913263 116.168935956 823.408119012 
0.472670948319 0.760953988961 113.284144506 108.507074762 748.535674862 
0.464347516307 0.697802558956 150.366432514 134.074962368 848.919969895 
0.513977227227 0.745566066066 110.465065065 128.161261261 824.777727728 
0.497913988849 0.739994171313 81.4269640142 122.097212367 803.382159149 
0.51062351168 0.696619090681 75.322280834 117.655262497 693.934890731 
0.532404510897 0.745232387228 74.7491130258 121.146477446 821.853421186 
0.501667138524 0.744780687563 102.394944388 131.500202224 855.741557128 
0.469617806841 0.704018410463 106.019416499 120.413832998 795.155030181 
0.497829741271 0.739064556644 103.711831198 119.102838483 858.836975634 
0.496251603131 0.738180661449 105.969805605 122.45685433 840.265034082 
0.4990402973 0.702159267873 125.607038123 162.106178582 1006.95272525 
0.470919514661 0.770778564206 81.3491911021 125.612436805 761.289989889 
0.466780231388 0.751294919517 114.695674044 117.580784708 782.07831992 
0.509006723964 0.72700793731 94.3093023256 137.531092012 926.029979778 
0.52847471149 0.70699427998 133.946362268 139.85057702 1072.92699448 
0.472264781621 0.727036960364 105.616561474 132.819944458 854.829941934 
0.524630761473 0.759112052446 101.354715078 104.441351488 888.978870398 
0.480602689673 0.680726820604 129.907333164 104.8626237 771.691956356 
0.495211130698 0.716275396626 111.569881642 152.903701838 930.582019642 
0.516563938555 0.722095190128 102.347771342 133.149534122 1051.40926719 
0.52347917297 0.735490569844 120.002017146 144.70110943 1077.88194655 
0.534346208291 0.779628109201 78.1668351871 129.862588473 956.526339737 
0.490971291866 0.73190773105 91.4151095442 115.63777386 766.509544195 
