Rk,Tm,MP,OWS 
1,SAC,1961,4.0 
2,DET,35,-0.2 
3,CHI,701,0.0 
4,SEA,3022,9.8 
5,BOS,978,0.6 
6,HOU,2431,0.2 
7,NOK,570,0.6 
8,CHA,564,0.2 
9,TOT,1047,0.5 
9,HOU,582,0.3 
9,MIA,465,0.2 
10,MIA,638,-0.1 
11,CLE,9,0.0 
12,DEN,2941,6.8 
13,TOR,601,-1.2 
14,WAS,3384,11.0 
15,TOT,999,-0.1 
15,NYK,709,-0.4 
15,ORL,290,0.2 
16,DAL,622,-0.7 
17,TOT,1194,1.6 
17,DET,600,0.3 
17,ORL,594,1.3 
18,TOT,1713,2.1 
18,WAS,552,0.4 
18,MEM,1161,1.7 
19,ORL,385,0.0 
20,LAC,85,0.0 
Rk,Tm,MP,OWS 
21,TOT,1497,0.9 
21,BOS,269,0.0 
21,MIN,1228,0.8 
22,PHO,1592,2.6 
23,TOT,631,0.5 
23,NYK,93,-0.1 
23,PHI,538,0.6 
24,TOT,282,-0.1 
24,PHO,21,0.0 
24,TOR,261,-0.2 
25,MIA,45,-0.2 
26,SAS,1259,2.1 
27,HOU,342,0.0 
28,CHI,141,-0.1 
29,NOK,268,-0.2 
30,ATL,495,-0.2 
31,ORL,2215,1.7 
32,MEM,2839,4.6 
33,TOT,400,0.1 
33,HOU,281,0.2 
33,CHA,119,-0.1 
34,MIL,1283,2.2 
35,PHO,2959,4.7 
36,IND,21,0.1 
37,SAC,3167,6.0 
38,GSW,1000,1.6 
39,DET,2925,12.7 
40,POR,1781,3.0 
Rk,Tm,MP,OWS 
41,WAS,175,-0.1 
42,TOT,2240,-0.5 
42,BOS,1083,-0.6 
42,MIN,1157,0.1 
43,TOT,1912,0.3 
43,CHA,848,0.4 
43,HOU,1064,-0.1 
44,MIL,2348,3.1 
45,TOR,1710,3.5 
46,WAS,250,0.1 
47,UTA,1025,2.2 
48,TOR,2751,8.7 
49,SAS,2755,1.7 
50,HOU,652,-0.6 
51,DEN,1542,2.0 
52,PHI,367,-0.2 
53,LAC,3099,9.3 
54,CHA,2165,3.4 
55,UTA,1711,0.4 
56,LAL,1978,1.7 
57,NOK,2380,2.1 
58,TOT,246,-0.4 
58,SEA,31,0.0 
58,HOU,215,-0.4 
59,LAL,3277,11.6 
60,DEN,1758,1.7 
Rk,Tm,MP,OWS 
61,PHO,346,-0.3 
62,MEM,570,-1.1 
63,CHA,340,-0.6 
64,WAS,2708,3.5 
65,NYK,740,0.7 
66,NOK,1875,0.4 
67,LAL,338,-0.4 
68,GSW,162,-0.2 
69,GSW,505,-0.2 
70,TOR,1487,0.9 
71,DEN,1857,1.0 
72,MEM,402,-0.1 
73,CHA,1275,1.6 
74,MIN,589,-0.1 
75,NJN,2906,4.9 
76,LAC,2653,4.8 
77,TOT,333,0.0 
77,ORL,299,0.0 
77,DET,34,-0.1 
78,CHI,2121,1.5 
79,GSW,448,-0.3 
80,ATL,2249,4.6 
Rk,Tm,MP,OWS 
81,DAL,185,-0.1 
82,NOK,2019,1.1 
83,SEA,230,0.1 
84,UTA,1730,2.5 
85,NJN,1895,-0.9 
86,SEA,1448,2.2 
87,LAL,1535,3.0 
88,NYK,2555,3.7 
89,IND,1148,2.5 
90,NYK,1865,2.3 
91,PHI,1761,0.9 
92,DAL,1934,1.9 
93,WAS,2283,4.3 
94,DAL,1766,2.4 
95,TOT,940,0.0 
95,NYK,749,0.0 
95,TOR,191,-0.1 
96,GSW,1971,2.4 
97,DET,178,0.1 
98,TOT,17,0.0 
98,MIL,12,0.0 
98,HOU,0,0.0 
98,PHO,5,0.0 
99,TOT,3207,2.5 
99,BOS,1747,1.8 
99,MIN,1460,0.7 
100,DET,726,0.0 
Rk,Tm,MP,OWS 
101,TOT,385,0.4 
101,ATL,7,0.0 
101,DET,378,0.4 
102,CHI,2604,2.7 
103,PHO,2874,5.9 
104,BOS,234,0.3 
105,ORL,246,0.5 
106,GSW,1031,1.7 
107,DAL,1510,1.3 
108,POR,1920,1.1 
109,MIA,371,0.1 
110,ORL,1137,0.3 
111,CHI,2155,2.7 
112,SAS,2784,3.9 
113,GSW,2578,1.9 
114,MIN,265,0.0 
115,ATL,296,0.1 
116,TOT,394,0.0 
116,LAC,112,0.0 
116,DEN,282,0.0 
117,GSW,886,-0.3 
118,DEN,1579,0.8 
119,CHA,1348,0.8 
120,DET,1139,1.8 
Rk,Tm,MP,OWS 
121,TOT,1393,0.8 
121,SEA,788,1.2 
121,DEN,605,-0.4 
122,LAC,971,-0.7 
123,SEA,82,-0.3 
124,CHA,2406,0.8 
125,SAS,2038,2.0 
126,GSW,2589,3.4 
127,MIA,239,-0.1 
128,NOK,39,0.0 
129,PHO,13,0.0 
130,MIL,2557,0.4 
131,SEA,276,0.2 
132,IND,1581,2.8 
133,GSW,1824,0.3 
134,TOT,342,0.2 
134,MIN,225,0.1 
134,HOU,117,0.1 
135,TOT,2393,2.2 
135,ORL,1734,1.7 
135,NYK,659,0.4 
136,NYK,1572,2.6 
137,MIL,885,1.3 
138,PHI,5,0.0 
139,MIL,54,0.0 
140,SAC,1301,0.0 
Rk,Tm,MP,OWS 
141,MIN,2957,9.0 
142,ORL,938,0.8 
143,MEM,3135,6.6 
144,LAL,1542,0.7 
145,IND,122,-0.2 
146,SAS,1813,5.1 
147,UTA,956,-0.6 
148,LAC,22,-0.1 
149,BOS,1376,1.9 
150,CLE,2174,3.6 
151,CHI,2482,1.8 
152,TOR,1581,1.0 
153,TOT,175,-0.2 
153,HOU,38,-0.1 
153,CHI,20,0.0 
153,CLE,117,-0.1 
154,IND,1765,2.1 
155,PHO,248,-0.1 
156,LAL,135,-0.2 
157,BOS,374,0.2 
158,PHI,153,-0.2 
159,BOS,1235,-1.8 
160,DAL,1245,1.4 
Rk,Tm,MP,OWS 
161,MIN,1359,-1.0 
162,ATL,108,0.1 
163,DET,2825,5.3 
164,TOT,49,0.0 
164,CLE,46,0.0 
164,PHI,3,0.0 
165,NYK,72,-0.2 
166,UTA,1944,3.1 
167,ATL,2782,2.6 
168,CHI,824,0.2 
169,DAL,1275,2.3 
170,IND,1034,-0.4 
171,SAC,818,-0.7 
172,MIA,2491,3.9 
173,MIN,2514,0.7 
174,HOU,535,1.2 
175,WAS,516,0.3 
176,WAS,1879,2.0 
177,HOU,2310,0.5 
178,CLE,531,0.7 
179,DEN,3,-0.1 
180,ORL,613,1.1 
Rk,Tm,MP,OWS 
181,CHI,2955,4.1 
182,DEN,33,-0.2 
183,CHI,11,0.0 
184,SAS,1182,1.0 
185,PHO,1421,0.5 
186,ORL,3021,4.2 
187,DAL,1915,4.4 
188,HOU,2537,0.6 
189,MIN,800,0.3 
190,CLE,1281,0.3 
191,UTA,619,-0.6 
192,DET,353,0.0 
193,PHI,1312,1.5 
194,PHI,3086,4.9 
195,CLE,2283,5.6 
196,DAL,237,0.0 
197,PHI,3103,8.8 
198,ATL,978,0.6 
199,POR,1599,1.1 
200,MEM,1775,1.0 
Rk,Tm,MP,OWS 
201,MIL,202,0.1 
202,TOT,512,-1.3 
202,PHO,420,-1.1 
202,LAL,92,-0.2 
203,CLE,315,-0.3 
204,TOT,1027,0.3 
204,NJN,433,0.0 
204,NOK,594,0.3 
205,IND,2910,0.5 
206,NYK,406,-0.7 
207,CLE,3361,12.0 
208,TOR,2925,7.7 
209,WAS,3288,4.9 
210,MIN,2102,-0.3 
211,IND,1557,1.6 
212,BOS,1062,0.9 
213,NJN,3059,7.6 
214,WAS,1951,1.4 
215,DET,39,0.1 
216,IND,1981,2.2 
217,DEN,924,0.5 
218,MIL,81,-0.1 
219,ATL,3340,5.5 
220,TOT,524,-0.2 
220,NJN,35,-0.1 
220,NOK,489,-0.1 
Rk,Tm,MP,OWS 
221,MEM,967,-0.9 
222,CLE,2089,2.2 
223,BOS,87,0.0 
224,MEM,2437,3.0 
225,IND,1837,0.4 
226,PHO,1772,2.3 
227,CHA,2089,1.2 
228,LAC,2560,1.8 
229,MIA,665,0.7 
230,ORL,213,0.1 
231,POR,1492,0.6 
232,NJN,2975,4.5 
233,UTA,2604,3.6 
234,DEN,519,0.6 
235,CHA,2351,2.5 
236,LAC,127,-0.1 
237,PHI,2563,3.2 
238,NJN,2469,2.0 
239,MIL,1018,0.2 
240,BOS,2033,2.2 
Rk,Tm,MP,OWS 
241,TOT,28,-0.2 
241,NOK,16,-0.1 
241,HOU,12,-0.1 
242,NYK,1129,2.0 
243,TOT,458,-0.5 
243,DEN,238,-0.2 
243,POR,220,-0.3 
244,SEA,2876,8.2 
245,CHI,22,-0.1 
246,LAC,1525,-0.5 
247,HOU,107,-0.2 
248,ATL,1234,2.8 
249,NOK,135,-0.1 
250,MIN,676,-0.3 
251,LAC,943,1.9 
252,MIL,2465,-0.8 
253,NYK,2193,3.5 
254,PHO,3263,8.6 
255,SAS,181,0.2 
256,CLE,2077,1.4 
257,DAL,241,-0.1 
258,TOR,339,0.3 
259,DEN,1546,1.8 
260,SAC,1913,3.6 
Rk,Tm,MP,OWS 
261,NOK,2102,-1.7 
262,DET,159,-0.4 
263,CHA,398,-0.1 
264,MIN,1362,0.2 
265,LAC,353,-0.5 
266,DET,1733,1.9 
267,HOU,1745,1.4 
268,NJN,486,-0.2 
269,LAL,121,0.0 
270,UTA,1232,-0.2 
271,LAL,6,0.0 
272,LAL,1541,2.2 
273,GSW,118,-0.2 
274,UTA,203,0.1 
275,POR,1286,-1.6 
276,TOT,767,0.0 
276,DET,140,-0.2 
276,ORL,627,0.3 
277,DEN,2937,3.6 
278,SAC,2923,5.5 
279,MEM,2268,3.9 
280,HOU,1949,5.0 
Rk,Tm,MP,OWS 
281,LAC,2979,1.9 
282,SAS,1389,1.7 
283,TOT,343,-0.3 
283,POR,336,-0.2 
283,SAC,7,0.0 
284,SEA,583,0.1 
285,ORL,192,-0.4 
286,MIA,1302,2.1 
287,GSW,2516,3.5 
288,NJN,576,-0.1 
289,TOT,2112,0.2 
289,SEA,1085,-0.3 
289,CLE,1027,0.5 
290,HOU,955,1.3 
291,LAC,152,0.0 
292,TOT,502,-0.4 
292,NOK,405,-0.3 
292,NJN,97,-0.1 
293,PHI,237,0.3 
294,DEN,1449,1.0 
295,PHO,2796,10.3 
296,ORL,1784,3.5 
297,SAS,1515,0.9 
298,CLE,353,-0.3 
299,CHI,2239,3.3 
300,TOT,424,-0.3 
300,HOU,241,-0.2 
300,NOK,183,-0.1 
Rk,Tm,MP,OWS 
301,DAL,3089,13.5 
302,IND,1802,1.4 
303,MIA,1806,3.3 
304,SAS,490,0.2 
305,LAL,3221,5.4 
306,CHA,874,-0.2 
307,UTA,2945,6.3 
308,PHI,1069,0.5 
309,TOT,919,-1.1 
309,MIN,752,-0.8 
309,BOS,167,-0.3 
310,UTA,807,0.2 
311,ORL,355,0.4 
312,POR,1153,0.4 
313,UTA,210,-0.3 
314,ATL,2452,2.5 
315,NJN,718,0.6 
316,UTA,1376,-0.9 
317,CHI,646,-0.9 
318,LAL,2773,2.8 
319,SAS,2715,5.5 
320,TOT,1792,1.1 
320,POR,1056,0.7 
320,DEN,736,0.4 
Rk,Tm,MP,OWS 
321,NOK,2808,6.8 
322,CLE,813,-0.1 
323,MIA,2305,1.8 
324,BOS,1332,0.3 
325,TOR,3140,5.2 
326,SEA,1282,0.7 
327,CHI,228,-0.2 
328,BOS,3084,8.3 
329,GSW,1179,-0.3 
330,NJN,596,-0.8 
331,DAL,18,-0.1 
332,IND,771,0.6 
333,MIA,1914,1.8 
334,TOT,353,0.2 
334,SEA,321,0.2 
334,SAC,32,0.0 
335,DAL,429,0.3 
336,SAC,150,-0.1 
337,DET,2898,4.0 
338,LAL,279,0.0 
339,POR,1395,1.0 
340,TOT,1974,2.3 
340,SEA,1089,1.3 
340,LAC,885,1.0 
Rk,Tm,MP,OWS 
341,PHI,487,0.5 
342,POR,2545,0.4 
343,POR,1301,1.3 
344,LAC,412,0.2 
345,MIL,3130,8.8 
346,TOT,997,-0.4 
346,BOS,291,-0.4 
346,MIN,706,0.0 
347,GSW,2877,4.5 
348,NYK,1442,0.2 
349,SEA,2625,4.4 
350,MEM,88,0.1 
351,MEM,181,0.2 
352,CHA,1303,0.1 
353,NJN,1863,0.2 
354,NYK,1544,1.0 
355,TOT,1983,2.5 
355,TOR,1236,1.2 
355,NYK,747,1.3 
356,NYK,1119,-0.3 
357,LAC,1515,-0.2 
358,WAS,1010,0.6 
359,CHA,1111,-1.0 
360,DEN,3,0.0 
Rk,Tm,MP,OWS 
361,PHI,2059,0.5 
362,SAC,39,0.2 
363,SAS,113,0.0 
364,BOS,938,-0.4 
365,SAS,0,0.0 
366,CHI,149,0.1 
367,POR,212,-0.1 
368,MIA,414,0.4 
369,MIL,2538,3.3 
370,LAC,753,1.2 
371,TOT,944,0.1 
371,SAC,429,0.2 
371,POR,515,-0.1 
372,TOT,210,0.2 
372,POR,208,0.3 
372,DEN,2,0.0 
373,ATL,127,0.2 
374,NOK,989,0.4 
375,MIL,887,1.4 
376,ATL,2559,1.5 
377,CLE,2351,0.0 
378,NOK,1310,1.4 
379,CHI,1329,0.7 
380,TOR,590,0.2 
Rk,Tm,MP,OWS 
381,DAL,1525,1.2 
382,ORL,2648,1.2 
383,TOT,2601,5.2 
383,SAC,1147,1.4 
383,IND,1454,3.8 
384,WAS,116,0.0 
385,MEM,862,0.7 
386,ATL,1236,1.1 
387,PHO,50,0.0 
388,CHI,1222,0.1 
389,SEA,987,0.7 
390,HOU,1344,0.4 
391,TOT,2729,6.3 
391,MIN,1555,3.3 
391,BOS,1174,2.9 
392,GSW,144,0.3 
393,WAS,465,-0.3 
394,NYK,1210,-1.0 
395,POR,1641,0.4 
396,DAL,2798,7.4 
397,WAS,131,0.0 
398,WAS,1121,1.2 
399,TOT,150,0.0 
399,PHI,124,0.0 
399,CHI,26,0.0 
400,TOT,127,-0.1 
400,MEM,25,0.0 
400,ATL,66,0.0 
400,NJN,36,-0.1 
Rk,Tm,MP,OWS 
401,SAC,2293,2.2 
402,PHO,1411,1.3 
403,TOT,666,0.2 
403,CHI,32,-0.1 
403,PHO,634,0.2 
404,PHO,43,0.1 
405,IND,1122,-0.8 
406,MEM,732,1.5 
407,TOT,99,-0.1 
407,MIN,13,-0.1 
407,PHO,86,0.0 
408,LAL,161,0.2 
409,ORL,2615,5.8 
410,NYK,114,0.0 
411,SAS,586,0.5 
412,SAS,986,0.1 
413,DAL,1090,1.1 
414,CLE,760,1.1 
415,NJN,1234,0.0 
416,TOR,2361,2.9 
417,CHA,818,0.2 
418,NOK,406,-0.3 
419,LAL,1449,0.8 
420,MIA,2892,10.2 
Rk,Tm,MP,OWS 
421,LAL,73,-0.3 
422,MIA,2199,1.1 
423,IND,22,-0.1 
424,DET,2890,3.3 
425,CHA,1895,3.0 
426,DET,2780,4.0 
427,MIA,3,0.0 
428,LAL,1333,0.6 
429,MEM,724,-0.3 
430,TOT,1578,1.7 
430,DEN,975,0.8 
430,SEA,603,0.9 
431,PHI,2893,1.1 
432,POR,1070,0.8 
433,SAC,1684,0.7 
434,MIL,866,0.1 
435,HOU,2372,1.4 
436,NOK,2526,4.8 
437,BOS,2418,3.6 
438,UTA,212,-0.2 
439,TOT,1529,3.2 
439,LAC,657,0.6 
439,SEA,872,2.6 
440,SEA,1525,1.7 
Rk,Tm,MP,OWS 
441,TOT,348,-0.5 
441,CLE,243,-0.6 
441,SEA,105,0.1 
442,TOT,791,0.8 
442,TOR,99,0.0 
442,NOK,692,0.8 
443,TOR,10,-0.1 
444,UTA,2307,1.5 
445,TOR,352,0.0 
446,MIA,1874,3.2 
447,PHI,145,-0.2 
448,ATL,1952,2.1 
449,MIL,1531,1.5 
450,SAC,362,-0.2 
451,TOR,324,0.1 
452,NYK,1013,0.7 
453,TOT,2207,0.5 
453,IND,603,0.4 
453,SAC,1604,0.1 
454,NJN,370,-0.8 
455,MIN,135,0.1 
456,MIA,132,0.0 
457,MEM,1689,0.8 
