Rk,Tm,MP,eFG%,FT%,ORB,TOV,PTS 
1,SAC,1961,.529,.784,106,108,887 
2,DET,35,.281,0.0,1,4,9 
3,CHI,701,.492,.605,44,34,266 
4,SEA,3022,.544,.903,71,188,1955 
5,BOS,978,.491,.746,32,67,369 
6,HOU,2431,.449,.692,36,157,761 
7,NOK,570,.571,.476,61,26,161 
8,CHA,564,.481,.805,23,32,207 
9,TOT,1047,.422,.838,21,54,349 
9,HOU,582,.448,.836,12,37,216 
9,MIA,465,.388,.842,9,17,133 
10,MIA,638,.448,.722,18,24,126 
11,CLE,9,.000,0.0,1,0,0 
12,DEN,2941,.493,.808,122,218,2122 
13,TOR,601,.366,.536,43,42,121 
14,WAS,3384,.507,.820,59,297,2346 
15,TOT,999,.414,.606,78,62,264 
15,NYK,709,.421,.545,49,46,165 
15,ORL,290,.400,.700,29,16,99 
16,DAL,622,.379,.786,18,58,130 
17,TOT,1194,.454,.774,33,83,449 
17,DET,600,.369,.724,24,45,158 
17,ORL,594,.514,.810,9,38,291 
18,TOT,1713,.479,.791,23,87,678 
18,WAS,552,.474,.710,12,30,187 
18,MEM,1161,.481,.811,11,57,491 
19,ORL,385,.342,.700,18,11,71 
20,LAC,85,.467,.722,2,9,27 
21,TOT,1497,.491,.803,23,119,578 
21,BOS,269,.450,.900,4,23,99 
21,MIN,1228,.500,.778,19,96,479 
22,PHO,1592,.558,.755,31,89,744 
23,TOT,631,.511,.681,48,30,175 
23,NYK,93,.383,.750,7,6,26 
23,PHI,538,.545,.674,41,24,149 
24,TOT,282,.375,.750,9,15,87 
24,PHO,21,.429,1.000,1,1,9 
24,TOR,261,.371,.667,8,14,78 
25,MIA,45,.313,.750,2,5,13 
26,SAS,1259,.568,.661,29,52,431 
27,HOU,342,.477,.828,1,22,86 
28,CHI,141,.419,.800,7,9,39 
29,NOK,268,.400,.632,18,11,68 
30,ATL,495,.425,.623,61,38,101 
31,ORL,2215,.507,.664,145,88,649 
32,MEM,2839,.540,.707,164,90,818 
33,TOT,400,.433,.800,45,20,118 
33,HOU,281,.458,.842,38,13,82 
33,CHA,119,.375,.750,7,7,36 
34,MIL,1283,.526,.708,21,41,494 
35,PHO,2959,.563,.788,44,89,1162 
36,IND,21,.800,1.000,0,0,10 
37,SAC,3167,.501,.849,29,199,1728 
38,GSW,1000,.638,.306,124,34,258 
39,DET,2925,.509,.894,41,170,1495 
40,POR,1781,.519,.791,26,83,560 
41,WAS,175,.410,.833,12,12,65 
42,TOT,2240,.508,.757,96,194,914 
42,BOS,1083,.511,.764,36,120,485 
42,MIN,1157,.506,.747,60,74,429 
43,TOT,1912,.455,.683,55,90,622 
43,CHA,848,.453,.762,29,41,341 
43,HOU,1064,.457,.580,26,49,281 
44,MIL,2348,.533,.629,189,125,768 
45,TOR,1710,.557,.829,86,32,583 
46,WAS,250,.436,.556,19,8,46 
47,UTA,1025,.549,.723,73,69,537 
48,TOR,2751,.505,.816,204,157,1572 
49,SAS,2755,.530,.607,35,67,619 
50,HOU,652,.310,.786,31,13,88 
51,DEN,1542,.457,.874,21,83,756 
52,PHI,367,.411,.667,40,19,67 
53,LAC,3099,.527,.775,236,173,1953 
54,CHA,2165,.517,.732,181,85,982 
55,UTA,1711,.430,.745,73,99,611 
56,LAL,1978,.526,.545,182,100,536 
57,NOK,2380,.461,.827,182,90,677 
58,TOT,246,.435,.583,1,22,54 
58,SEA,31,.625,0.0,0,3,10 
58,HOU,215,.402,.583,1,19,44 
59,LAL,3277,.491,.850,71,250,2832 
60,DEN,1758,.537,.782,31,52,491 
61,PHO,346,.504,.619,21,33,141 
62,MEM,570,.358,.435,4,36,113 
63,CHA,340,.307,.941,4,25,70 
64,WAS,2708,.474,.870,114,175,1318 
65,NYK,740,.544,.753,67,62,292 
66,NOK,1875,.479,.693,51,65,685 
67,LAL,338,.402,.296,34,17,74 
68,GSW,162,.423,.625,3,14,54 
69,GSW,505,.399,.714,37,35,199 
70,TOR,1487,.434,.848,30,101,349 
71,DEN,1857,.466,.712,132,92,716 
72,MEM,402,.473,.704,11,27,124 
73,CHA,1275,.479,.821,34,48,594 
74,MIN,589,.401,.727,9,40,150 
75,NJN,2906,.471,.799,135,213,1911 
76,LAC,2653,.475,.863,40,175,1345 
77,TOT,333,.429,.743,20,18,98 
77,ORL,299,.431,.743,19,16,88 
77,DET,34,.417,0.0,1,2,10 
78,CHI,2121,.565,.503,265,123,417 
79,GSW,448,.389,1.000,20,17,92 
80,ATL,2249,.583,.766,134,101,742 
81,DAL,185,.346,.667,2,6,26 
82,NOK,2019,.425,.769,39,154,871 
83,SEA,230,.380,.792,2,14,73 
84,UTA,1730,.461,.717,134,61,415 
85,NJN,1895,.403,.512,93,61,255 
86,SEA,1448,.525,.699,143,77,493 
87,LAL,1535,.546,.832,88,61,642 
88,NYK,2555,.474,.826,36,175,1128 
89,IND,1148,.558,.882,62,48,408 
90,NYK,1865,.563,.632,145,179,979 
91,PHI,1761,.531,.705,159,107,485 
92,DAL,1934,.493,.591,273,115,469 
93,WAS,2283,.439,.845,19,89,767 
94,DAL,1766,.484,.754,81,100,634 
95,TOT,940,.432,.642,90,51,216 
95,NYK,749,.428,.738,75,43,181 
95,TOR,191,.452,.350,15,8,35 
96,GSW,1971,.448,.675,45,159,967 
97,DET,178,.375,.533,21,4,26 
98,TOT,17,.286,.667,3,1,6 
98,MIL,12,.250,0.0,2,1,2 
98,HOU,0,0.0,0.0,0,0,0 
98,PHO,5,.333,.667,1,0,4 
99,TOT,3207,.476,.797,65,213,1516 
99,BOS,1747,.492,.787,40,115,827 
99,MIN,1460,.456,.807,25,98,689 
100,DET,726,.447,.672,28,36,247 
101,TOT,385,.503,.741,14,19,182 
101,ATL,7,.000,1.000,1,0,2 
101,DET,378,.506,.720,13,19,180 
102,CHI,2604,.474,.750,127,105,1112 
103,PHO,2874,.531,.731,159,189,1080 
104,BOS,234,.478,1.000,5,18,62 
105,ORL,246,.601,.833,4,10,88 
106,GSW,1031,.524,.810,95,78,486 
107,DAL,1510,.490,.542,145,36,190 
108,POR,1920,.474,.804,30,113,935 
109,MIA,371,.420,.800,23,14,98 
110,ORL,1137,.456,.835,11,82,470 
111,CHI,2155,.493,.818,28,117,647 
112,SAS,2784,.485,.629,231,198,1485 
113,GSW,2578,.451,.778,78,120,932 
114,MIN,265,.524,.341,21,14,80 
115,ATL,296,.484,.727,18,12,70 
116,TOT,394,.393,.833,3,21,101 
116,LAC,112,.265,0.0,1,3,9 
116,DEN,282,.419,.833,2,18,92 
117,GSW,886,.459,.712,22,58,334 
118,DEN,1579,.533,.662,99,65,352 
119,CHA,1348,.508,.667,94,100,560 
120,DET,1139,.515,.800,76,39,403 
121,TOT,1393,.489,.530,171,85,377 
121,SEA,788,.509,.550,114,41,242 
121,DEN,605,.453,.505,57,44,135 
122,LAC,971,.424,.783,23,57,252 
123,SEA,82,.260,.625,3,8,18 
124,CHA,2406,.446,.725,77,182,948 
125,SAS,2038,.491,.852,31,62,780 
126,GSW,2589,.476,.833,36,156,1089 
127,MIA,239,.376,.739,7,15,84 
128,NOK,39,.559,.500,1,2,20 
129,PHO,13,.667,0.0,1,2,4 
130,MIL,2557,.438,.754,63,219,878 
131,SEA,276,.529,.767,31,26,87 
132,IND,1581,.552,.604,224,64,372 
133,GSW,1824,.507,.612,143,80,345 
134,TOT,342,.505,.700,3,8,108 
134,MIN,225,.485,.600,3,4,66 
134,HOU,117,.543,.800,0,4,42 
135,TOT,2393,.452,.787,74,214,1005 
135,ORL,1734,.449,.797,60,156,747 
135,NYK,659,.461,.761,14,58,258 
136,NYK,1572,.479,.825,138,97,802 
137,MIL,885,.553,.461,91,35,383 
138,PHI,5,0.0,0.0,0,0,0 
139,MIL,54,.500,.250,0,1,13 
140,SAC,1301,.460,.772,39,75,377 
141,MIN,2957,.529,.810,214,180,1656 
142,ORL,938,.521,.811,31,38,282 
143,MEM,3135,.504,.689,191,235,1628 
144,LAL,1542,.459,.674,82,54,448 
145,IND,122,.300,.783,0,9,45 
146,SAS,1813,.524,.778,42,121,981 
147,UTA,956,.457,.754,15,63,393 
148,LAC,22,.143,0.0,0,1,2 
149,BOS,1376,.492,.752,102,55,461 
150,CLE,2174,.513,.682,237,106,845 
151,CHI,2482,.494,.787,43,180,1349 
152,TOR,1581,.513,.812,57,92,533 
153,TOT,175,.407,.933,5,13,58 
153,HOU,38,.406,1.000,1,5,17 
153,CHI,20,.300,1.000,0,1,5 
153,CLE,117,.424,.889,4,7,36 
154,IND,1765,.494,.777,131,80,587 
155,PHO,248,.415,.875,11,7,61 
156,LAL,135,.214,.619,10,5,25 
157,BOS,374,.500,.784,10,22,167 
158,PHI,153,.500,.800,1,12,70 
159,BOS,1235,.413,.662,37,109,254 
160,DAL,1245,.480,.774,75,39,237 
161,MIN,1359,.373,.595,107,43,320 
162,ATL,108,.566,.643,1,9,52 
163,DET,2825,.512,.845,84,173,1609 
164,TOT,49,.500,.667,3,6,26 
164,CLE,46,.538,.688,3,6,25 
164,PHI,3,.000,.500,0,0,1 
165,NYK,72,.286,1.000,0,6,10 
166,UTA,1944,.485,.725,158,109,885 
167,ATL,2782,.479,.694,132,195,1411 
168,CHI,824,.495,.626,54,61,347 
169,DAL,1275,.475,.716,26,84,554 
170,IND,1034,.503,.511,84,79,385 
171,SAC,818,.410,.661,12,43,218 
172,MIA,2491,.508,.789,167,80,757 
173,MIN,2514,.470,.744,82,124,710 
174,HOU,535,.562,.644,67,12,147 
175,WAS,516,.467,.833,19,22,196 
176,WAS,1879,.514,.585,200,97,575 
177,HOU,2310,.493,.699,33,119,707 
178,CLE,531,.516,.673,60,22,127 
179,DEN,3,.000,0.0,0,2,0 
180,ORL,613,.494,.765,15,35,318 
181,CHI,2955,.477,.815,29,188,1284 
182,DEN,33,.385,.375,5,8,13 
183,CHI,11,1.000,0.0,1,0,2 
184,SAS,1182,.474,.647,71,41,321 
185,PHO,1421,.503,.805,15,76,796 
186,ORL,3021,.531,.595,288,217,1292 
187,DAL,1915,.489,.734,123,79,923 
188,HOU,2537,.459,.806,168,133,942 
189,MIN,800,.441,.923,8,40,342 
190,CLE,1281,.439,.756,26,99,558 
191,UTA,619,.379,.523,56,31,188 
192,DET,353,.425,.500,10,20,87 
193,PHI,1312,.601,.514,110,64,421 
194,PHI,3086,.541,.754,117,153,1007 
195,CLE,2283,.506,.834,245,155,1217 
196,DAL,237,.533,.500,19,16,74 
197,PHI,3103,.467,.814,44,248,2377 
198,ATL,978,.447,.727,31,23,260 
199,POR,1599,.465,.800,18,102,526 
200,MEM,1775,.469,.733,44,101,808 
201,MIL,202,.442,.857,8,13,35 
202,TOT,512,.350,.692,11,35,121 
202,PHO,420,.349,.692,11,30,99 
202,LAL,92,.355,0.0,0,5,22 
203,CLE,315,.412,.788,16,31,96 
204,TOT,1027,.473,.805,86,65,415 
204,NJN,433,.446,.792,30,28,170 
204,NOK,594,.491,.824,56,37,245 
205,IND,2910,.462,.786,48,203,1329 
206,NYK,406,.463,.625,39,51,137 
207,CLE,3361,.515,.738,75,260,2478 
208,TOR,2925,.538,.837,45,206,1604 
209,WAS,3288,.491,.731,167,137,1684 
210,MIN,2102,.435,.688,60,127,587 
211,IND,1557,.497,.910,19,116,547 
212,BOS,1062,.499,.642,97,62,464 
213,NJN,3059,.522,.812,95,174,1521 
214,WAS,1951,.470,.589,164,99,489 
215,DET,39,.800,1.000,3,4,20 
216,IND,1981,.485,.752,31,115,691 
217,DEN,924,.523,.810,19,46,354 
218,MIL,81,.412,.500,5,5,15 
219,ATL,3340,.499,.791,98,267,1653 
220,TOT,524,.453,.667,40,28,153 
220,NJN,35,.500,.250,0,4,11 
220,NOK,489,.450,.739,40,24,142 
221,MEM,967,.420,.645,20,50,281 
222,CLE,2089,.530,.640,14,55,552 
223,BOS,87,.400,.462,10,3,14 
224,MEM,2437,.497,.781,35,93,885 
225,IND,1837,.473,.763,18,107,651 
226,PHO,1772,.513,.851,44,35,699 
227,CHA,2089,.483,.727,105,74,799 
228,LAC,2560,.523,.770,187,176,932 
229,MIA,665,.506,.848,12,20,207 
230,ORL,213,.449,.783,24,15,80 
231,POR,1492,.477,.694,114,84,403 
232,NJN,2975,.481,.795,86,192,1065 
233,UTA,2604,.485,.699,161,203,1054 
234,DEN,519,.451,.704,38,16,213 
235,CHA,2351,.401,.803,35,164,871 
236,LAC,127,.333,.700,5,6,27 
237,PHI,2563,.551,.849,27,98,939 
238,NJN,2469,.508,.698,182,133,1080 
239,MIL,1018,.465,.714,26,66,317 
240,BOS,2033,.533,.680,80,65,639 
241,TOT,28,.182,.000,4,3,4 
241,NOK,16,.000,0.0,1,1,0 
241,HOU,12,.286,.000,3,2,4 
242,NYK,1129,.596,.577,109,51,345 
243,TOT,458,.458,.516,5,31,191 
243,DEN,238,.456,.385,2,11,99 
243,POR,220,.460,.611,3,20,92 
244,SEA,2876,.529,.818,111,141,1568 
245,CHI,22,.000,0.0,1,1,0 
246,LAC,1525,.428,.688,41,111,352 
247,HOU,107,.417,0.0,2,7,30 
248,ATL,1234,.529,.855,13,75,560 
249,NOK,135,.378,.867,3,8,44 
250,MIN,676,.409,.426,50,26,74 
251,LAC,943,.477,.828,28,78,570 
252,MIL,2465,.467,.535,220,166,752 
253,NYK,2193,.472,.755,25,157,977 
254,PHO,3263,.560,.809,249,125,1769 
255,SAS,181,.521,.583,12,7,81 
256,CLE,2077,.490,.748,105,90,750 
257,DAL,241,.408,.759,8,15,71 
258,TOR,339,.433,.750,2,15,102 
259,DEN,1546,.499,.712,93,72,720 
260,SAC,1913,.540,.847,58,81,778 
261,NOK,2102,.399,.682,64,113,757 
262,DET,159,.426,.333,12,11,60 
263,CHA,398,.409,.766,42,33,189 
264,MIN,1362,.513,.736,29,86,627 
265,LAC,353,.384,.571,15,19,88 
266,DET,1733,.509,.557,156,76,638 
267,HOU,1745,.442,.747,46,120,1147 
268,NJN,486,.451,.690,11,29,149 
269,LAL,121,.250,.500,3,2,7 
270,UTA,1232,.388,.797,11,76,370 
271,LAL,6,.500,0.0,0,0,2 
272,LAL,1541,.501,.716,137,83,604 
273,GSW,118,.333,1.000,0,11,16 
274,UTA,203,.401,.750,18,9,79 
275,POR,1286,.463,.534,24,99,559 
276,TOT,767,.509,.560,44,51,266 
276,DET,140,.515,.375,10,15,37 
276,ORL,627,.507,.595,34,36,229 
277,DEN,2937,.466,.738,92,256,1126 
278,SAC,2923,.514,.828,122,180,1182 
279,MEM,2268,.557,.800,42,140,1014 
280,HOU,1949,.519,.853,148,147,1271 
281,LAC,2979,.467,.839,50,145,1170 
282,SAS,1389,.504,.785,163,91,493 
283,TOT,343,.385,.714,11,12,77 
283,POR,336,.394,.667,11,12,75 
283,SAC,7,.000,1.000,0,0,2 
284,SEA,583,.435,.742,44,40,154 
285,ORL,192,.327,1.000,6,7,35 
286,MIA,1302,.597,.594,125,79,509 
287,GSW,2516,.468,.787,195,108,1035 
288,NJN,576,.472,.625,29,22,196 
289,TOT,2112,.442,.711,33,135,851 
289,SEA,1085,.416,.717,18,79,474 
289,CLE,1027,.479,.702,15,56,377 
290,HOU,955,.526,.758,100,35,169 
291,LAC,152,.415,.667,15,6,50 
292,TOT,502,.407,.682,8,24,157 
292,NOK,405,.407,.694,4,20,126 
292,NJN,97,.406,.625,4,4,31 
293,PHI,237,.500,.867,23,10,93 
294,DEN,1449,.429,.781,128,54,347 
295,PHO,2796,.583,.921,47,276,1489 
296,ORL,1784,.531,.779,39,148,905 
297,SAS,1515,.515,.600,114,53,362 
298,CLE,353,.325,.688,21,12,48 
299,CHI,2239,.517,.843,89,120,1063 
300,TOT,424,.429,.690,12,33,125 
300,HOU,241,.400,.765,9,16,65 
300,NOK,183,.468,.640,3,17,60 
301,DAL,3089,.515,.901,115,156,2151 
302,IND,1802,.474,.709,102,151,1024 
303,MIA,1806,.600,.469,172,168,1181 
304,SAS,490,.473,.556,57,28,103 
305,LAL,3221,.524,.690,181,213,1186 
306,CHA,874,.415,.656,94,53,344 
307,UTA,2945,.496,.780,211,163,1472 
308,PHI,1069,.434,.837,13,29,192 
309,TOT,919,.446,.511,50,55,238 
309,MIN,752,.446,.487,45,41,193 
309,BOS,167,.444,.625,5,14,45 
310,UTA,807,.492,.500,82,46,146 
311,ORL,355,.603,.625,31,17,75 
312,POR,1153,.459,.697,48,37,400 
313,UTA,210,.385,.667,11,13,69 
314,ATL,2452,.451,.735,264,180,911 
315,NJN,718,.458,.794,56,21,211 
316,UTA,1376,.426,.653,17,110,441 
317,CHI,646,.440,.810,8,61,274 
318,LAL,2773,.524,.694,37,147,941 
319,SAS,2715,.553,.707,38,249,1510 
320,TOT,1792,.516,.601,118,150,858 
320,POR,1056,.496,.611,73,82,514 
320,DEN,736,.545,.580,45,68,344 
321,NOK,2808,.456,.847,61,183,1258 
322,CLE,813,.493,.653,16,42,241 
323,MIA,2305,.481,.794,34,102,626 
324,BOS,1332,.515,.615,140,107,354 
325,TOR,3140,.517,.820,65,126,1374 
326,SEA,1282,.510,.627,109,60,353 
327,CHI,228,.467,.400,4,11,59 
328,BOS,3084,.509,.772,77,273,2116 
329,GSW,1179,.471,.608,58,78,481 
330,NJN,596,.396,.697,14,43,191 
331,DAL,18,.000,.500,0,2,3 
332,IND,771,.455,.763,73,26,169 
333,MIA,1914,.551,.787,33,58,483 
334,TOT,353,.521,.588,27,16,84 
334,SEA,321,.500,.588,26,14,74 
334,SAC,32,.714,0.0,1,2,10 
335,DAL,429,.457,.800,28,22,110 
336,SAC,150,.414,1.000,5,10,60 
337,DET,2898,.487,.765,104,91,1156 
338,LAL,279,.494,.875,8,24,104 
339,POR,1395,.548,.532,146,76,344 
340,TOT,1974,.515,.816,64,93,755 
340,SEA,1089,.495,.887,39,53,435 
340,LAC,885,.544,.731,25,40,320 
341,PHI,487,.454,.606,55,21,131 
342,POR,2545,.443,.714,193,165,1333 
343,POR,1301,.571,.651,89,47,270 
344,LAC,412,.542,.756,13,24,135 
345,MIL,3130,.504,.877,78,170,2028 
346,TOT,997,.403,.725,53,52,325 
346,BOS,291,.338,.625,13,15,75 
346,MIN,706,.425,.775,40,37,250 
347,GSW,2877,.509,.673,105,167,1741 
348,NYK,1442,.425,.670,65,56,451 
349,SEA,2625,.445,.877,47,162,910 
350,MEM,88,.532,1.000,0,3,35 
351,MEM,181,.455,.478,26,5,51 
352,CHA,1303,.433,.791,62,74,422 
353,NJN,1863,.485,.658,55,62,550 
354,NYK,1544,.458,.752,56,114,670 
355,TOT,1983,.466,.780,28,115,887 
355,TOR,1236,.438,.765,15,65,557 
355,NYK,747,.519,.812,13,50,330 
356,NYK,1119,.375,.781,84,80,318 
357,LAC,1515,.422,.760,38,47,317 
358,WAS,1010,.442,.500,122,38,105 
359,CHA,1111,.447,.714,18,65,474 
360,DEN,3,0.0,0.0,0,0,0 
361,PHI,2059,.445,.775,48,125,619 
362,SAC,39,.714,.000,5,0,10 
363,SAS,113,.515,.700,4,8,41 
364,BOS,938,.464,.722,27,50,205 
365,SAS,0,0.0,0.0,0,0,0 
366,CHI,149,.615,.308,8,5,36 
367,POR,212,.581,.471,14,14,44 
368,MIA,414,.483,.882,38,24,146 
369,MIL,2538,.518,.825,91,123,1002 
370,LAC,753,.543,.780,63,28,203 
371,TOT,944,.513,.482,76,45,191 
371,SAC,429,.551,.444,30,18,88 
371,POR,515,.484,.517,46,27,103 
372,TOT,210,.521,.625,3,4,80 
372,POR,208,.528,.625,3,4,80 
372,DEN,2,.000,0.0,0,0,0 
373,ATL,127,.593,.500,3,4,38 
374,NOK,989,.464,.822,19,54,423 
375,MIL,887,.475,.774,83,40,379 
376,ATL,2559,.447,.719,176,162,902 
377,CLE,2351,.410,.688,38,116,391 
378,NOK,1310,.503,.735,55,70,542 
379,CHI,1329,.483,.817,76,85,568 
380,TOR,590,.431,.719,54,30,147 
381,DAL,1525,.431,.882,32,121,715 
382,ORL,2648,.461,.744,59,123,900 
383,TOT,2601,.517,.915,79,103,1290 
383,SAC,1147,.487,.933,34,51,511 
383,IND,1454,.538,.903,45,52,779 
384,WAS,116,.427,.571,8,5,43 
385,MEM,862,.460,.855,23,55,317 
386,ATL,1236,.498,.900,12,82,589 
387,PHO,50,.333,.889,6,1,26 
388,CHI,1222,.450,.652,118,95,533 
389,SEA,987,.515,.582,94,49,301 
390,HOU,1344,.491,.651,103,91,586 
391,TOT,2729,.538,.897,77,136,1366 
391,MIN,1555,.544,.896,36,86,805 
391,BOS,1174,.528,.898,41,50,561 
392,GSW,144,.605,.167,19,2,47 
393,WAS,465,.404,.698,16,34,140 
394,NYK,1210,.468,.699,65,103,422 
395,POR,1641,.444,.743,19,115,643 
396,DAL,2798,.547,.800,31,135,1371 
397,WAS,131,.450,1.000,5,6,38 
398,WAS,1121,.533,.600,99,51,337 
399,TOT,150,.526,.571,12,7,28 
399,PHI,124,.538,.571,8,7,22 
399,CHI,26,.500,0.0,4,0,6 
400,TOT,127,.400,.750,10,8,15 
400,MEM,25,1.000,0.0,0,2,4 
400,ATL,66,.429,.750,3,4,9 
400,NJN,36,.167,0.0,7,2,2 
401,SAC,2293,.505,.676,199,135,748 
402,PHO,1411,.486,.815,102,57,455 
403,TOT,666,.519,.667,22,33,300 
403,CHI,32,.406,0.0,0,1,13 
403,PHO,634,.526,.667,22,32,287 
404,PHO,43,.520,1.000,4,2,28 
405,IND,1122,.430,.637,35,109,390 
406,MEM,732,.606,.655,78,39,257 
407,TOT,99,.365,.643,9,6,36 
407,MIN,13,.250,.500,0,2,3 
407,PHO,86,.379,.667,9,4,33 
408,LAL,161,.500,.556,11,7,45 
409,ORL,2615,.519,.861,70,130,1165 
410,NYK,114,.396,.500,3,2,22 
411,SAS,586,.506,.780,18,53,275 
412,SAS,986,.477,.683,6,57,355 
413,DAL,1090,.488,.832,54,71,472 
414,CLE,760,.527,.513,77,27,219 
415,NJN,1234,.439,.728,16,52,274 
416,TOR,2361,.500,.706,181,99,1053 
417,CHA,818,.439,.683,62,33,270 
418,NOK,406,.394,.477,33,21,73 
419,LAL,1449,.441,.885,33,50,321 
420,MIA,2892,.499,.783,107,268,2040 
421,LAL,73,.184,.750,5,1,20 
422,MIA,2199,.512,.628,103,150,1000 
423,IND,22,.000,1.000,0,2,2 
424,DET,2890,.510,.416,301,88,597 
425,CHA,1895,.550,.614,123,99,836 
426,DET,2780,.503,.743,90,85,1209 
427,MIA,3,1.000,.000,0,1,2 
428,LAL,1333,.439,.750,88,78,345 
429,MEM,724,.443,.661,43,56,278 
430,TOT,1578,.538,.676,24,136,623 
430,DEN,975,.550,.627,17,75,347 
430,SEA,603,.524,.731,7,61,276 
431,PHI,2893,.441,.756,184,182,1518 
432,POR,1070,.493,.859,29,43,404 
433,SAC,1684,.471,.679,142,126,707 
434,MIL,866,.419,.747,22,41,251 
435,HOU,2372,.491,.807,24,120,702 
436,NOK,2526,.513,.843,168,105,1262 
437,BOS,2418,.548,.851,57,133,836 
438,UTA,212,.404,.500,16,14,49 
439,TOT,1529,.571,.732,118,72,626 
439,LAC,657,.536,.644,46,32,218 
439,SEA,872,.592,.787,72,40,408 
440,SEA,1525,.460,.840,79,85,536 
441,TOT,348,.339,.610,9,24,86 
441,CLE,243,.305,.500,6,15,42 
441,SEA,105,.403,.655,3,9,44 
442,TOT,791,.517,.690,64,30,222 
442,TOR,99,.526,.833,5,5,25 
442,NOK,692,.516,.673,59,25,197 
443,TOR,10,.000,.500,0,0,1 
444,UTA,2307,.478,.704,35,145,864 
445,TOR,352,.420,.737,10,15,91 
446,MIA,1874,.531,.867,6,100,728 
447,PHI,145,.462,.615,3,13,56 
448,ATL,1952,.455,.747,122,83,672 
449,MIL,1531,.483,.850,30,105,703 
450,SAC,362,.427,.776,21,30,126 
451,TOR,324,.475,.429,44,16,62 
452,NYK,1013,.551,.645,44,61,329 
453,TOT,2207,.449,.675,75,131,984 
453,IND,603,.498,.612,26,43,310 
453,SAC,1604,.430,.717,49,88,674 
454,NJN,370,.364,.500,8,21,70 
455,MIN,135,.471,.875,3,8,62 
456,MIA,132,.500,.882,2,14,58 
457,MEM,1689,.478,.564,142,67,454 
