Rk,Tm,MP,DRB,STL,BLK,PF 
1,POR,1867,269,49,26,150 
2,CHA,201,21,9,1,29 
3,TOT,519,59,9,22,53 
3,MIA,248,28,4,11,29 
3,CHA,271,31,5,11,24 
4,SEA,3064,268,84,5,167 
5,BOS,1262,136,76,24,156 
6,TOR,2717,237,118,7,212 
7,NOH,1430,273,14,100,144 
8,POR,1239,103,36,4,89 
9,TOT,743,64,33,0,87 
9,ATL,717,60,33,0,81 
9,LAC,26,4,0,0,6 
10,TOT,1171,150,40,14,138 
10,NYK,20,0,0,0,2 
10,MIA,1151,150,40,14,136 
11,DEN,2608,285,68,30,229 
12,TOR,736,126,21,8,157 
13,WAS,3274,295,139,23,245 
14,NYK,1382,153,70,18,150 
15,TOT,988,80,45,8,92 
15,NOH,412,32,15,2,30 
15,DAL,576,48,30,6,62 
16,TOT,1448,78,44,4,143 
16,UTA,742,35,20,3,67 
16,DET,706,43,24,1,76 
17,LAL,2903,166,73,2,181 
18,ORL,663,54,23,8,83 
19,TOT,19,1,1,0,3 
19,LAC,1,0,0,0,0 
19,POR,18,1,1,0,3 
20,TOT,204,22,2,4,38 
20,NYK,191,20,2,4,31 
20,HOU,13,2,0,0,7 
21,BOS,1145,97,63,13,146 
22,PHO,1087,98,30,7,127 
23,SAC,715,84,30,7,80 
24,TOT,483,29,19,1,51 
24,HOU,314,14,14,0,35 
24,ORL,169,15,5,1,16 
25,SAS,1742,161,39,20,123 
26,TOT,1505,133,60,9,95 
26,ATL,275,17,14,2,28 
26,HOU,1230,116,46,7,67 
27,ORL,1894,343,30,81,244 
28,MEM,2516,255,91,77,201 
29,NOH,36,4,0,0,10 
30,UTA,1790,153,44,8,205 
31,IND,93,9,1,2,9 
32,NJN,1461,88,66,9,148 
33,SAC,3084,255,124,30,191 
34,GSW,384,71,12,24,87 
35,DET,2866,223,81,9,194 
36,WAS,648,53,13,0,47 
37,BOS,2130,254,33,64,229 
38,LAL,12,3,0,0,1 
39,CHA,1791,150,68,8,167 
40,TOR,1553,177,39,19,220 
41,TOT,451,78,15,28,78 
41,DAL,262,42,11,16,55 
41,MIL,189,36,4,12,23 
42,UTA,1772,316,41,24,179 
43,UTA,859,138,10,32,160 
44,TOR,3017,524,76,113,226 
45,SAS,2627,235,55,39,175 
46,HOU,604,55,23,5,61 
47,DEN,2162,106,78,12,122 
48,TOT,119,20,1,2,12 
48,ORL,55,11,1,2,4 
48,SAC,48,6,0,0,8 
48,PHI,16,3,0,0,0 
49,DAL,885,144,25,63,153 
50,HOU,24,5,0,0,4 
51,LAC,3001,474,62,169,240 
52,NYK,185,16,8,1,11 
53,CHA,2276,305,33,55,183 
54,WAS,152,18,1,6,17 
55,SAS,1238,139,39,12,83 
56,PHI,55,10,3,1,4 
57,WAS,908,134,25,15,112 
58,NOH,2817,471,74,50,233 
59,LAL,1066,72,32,1,59 
60,LAC,1945,164,82,7,106 
61,LAL,2689,297,86,53,174 
62,DEN,1522,142,75,6,169 
63,NJN,1313,156,40,4,101 
64,MEM,219,11,13,1,25 
65,LAL,2746,304,110,23,213 
66,NYK,5,0,1,0,0 
67,MIA,1203,136,18,29,104 
68,TOT,475,67,10,5,59 
68,PHO,11,1,0,0,0 
68,GSW,464,66,10,5,59 
69,DEN,2015,530,61,199,177 
70,TOT,390,65,8,7,57 
70,NJN,50,8,0,1,10 
70,DET,340,57,8,6,47 
71,MEM,1433,162,88,19,172 
72,POR,16,0,0,0,1 
73,CHA,430,47,17,2,37 
74,MIN,742,57,35,18,88 
75,TOT,2828,295,109,48,243 
75,TOR,608,38,25,15,56 
75,NJN,2220,257,84,33,187 
76,MIN,1522,132,36,14,160 
77,ORL,1525,314,55,82,170 
78,LAC,433,27,13,0,30 
79,CHI,2189,514,69,141,268 
80,GSW,951,92,17,15,95 
81,ATL,2376,287,74,35,184 
82,TOT,1525,139,80,18,106 
82,SAC,996,94,43,13,61 
82,ORL,529,45,37,5,45 
83,TOT,1866,147,109,8,184 
83,GSW,1501,121,87,6,154 
83,NOH,365,26,22,2,30 
84,SEA,65,4,2,0,2 
85,DET,50,12,0,0,6 
86,ATL,942,100,15,13,147 
87,UTA,961,107,11,6,146 
88,NJN,2542,335,71,71,322 
89,SEA,1396,220,34,50,252 
90,LAL,1087,153,23,26,139 
91,TOR,74,5,6,1,6 
92,NYK,2688,170,92,19,135 
93,IND,1827,272,48,17,154 
94,CHI,1808,222,21,58,202 
95,IND,249,19,5,4,39 
96,PHI,1785,355,46,121,241 
97,DAL,1609,318,15,80,205 
98,SEA,2026,149,51,3,78 
99,SAC,72,11,2,0,7 
100,DAL,1412,129,83,14,124 
101,CHI,1843,276,27,41,147 
102,TOT,1581,143,81,14,126 
102,NOH,593,51,31,4,52 
102,GSW,988,92,50,10,74 
103,TOT,1307,223,32,65,162 
103,GSW,577,92,13,32,79 
103,IND,730,131,19,33,83 
104,PHI,328,50,8,4,45 
105,BOS,2696,183,89,27,174 
106,ORL,49,3,2,0,14 
107,DET,459,42,22,6,44 
108,ATL,1340,102,47,3,123 
109,CHI,1663,230,48,27,98 
110,ATL,1201,116,37,18,123 
111,TOT,2090,146,76,4,201 
111,DAL,16,1,0,0,1 
111,NOH,2074,145,76,4,200 
112,NJN,61,6,2,1,5 
113,CLE,306,40,8,27,53 
114,LAL,130,14,4,1,25 
115,WAS,1054,87,43,4,98 
116,MIA,1175,185,23,22,160 
117,MIA,1184,79,39,11,120 
118,ATL,1435,165,42,24,138 
119,CHI,2177,190,82,3,205 
120,SAS,2203,530,45,174,144 
121,GSW,2570,338,79,26,198 
122,DET,472,61,7,10,60 
123,MIN,54,10,1,1,7 
124,NOH,110,13,3,4,19 
125,IND,139,11,3,4,12 
126,UTA,1428,75,45,9,156 
127,ATL,732,110,22,12,129 
128,DEN,939,140,34,41,129 
129,CHA,1649,184,32,69,199 
130,MEM,28,2,0,0,4 
131,SAC,1233,113,37,8,104 
132,SEA,1881,482,58,15,202 
133,DAL,2358,217,48,18,123 
134,GSW,2222,180,76,4,176 
135,MIL,903,146,25,13,96 
136,TOT,77,2,2,0,9 
136,GSW,73,2,2,0,9 
136,DEN,4,0,0,0,0 
137,SEA,1047,191,15,7,265 
138,IND,1594,345,46,12,186 
139,IND,56,5,2,0,7 
140,GSW,1700,264,26,159,201 
141,POR,499,44,15,4,35 
142,ORL,2978,324,112,28,273 
143,NOH,441,45,13,2,40 
144,CHI,21,2,0,0,2 
145,MIL,1783,413,47,106,224 
146,TOT,187,13,5,1,17 
146,HOU,108,11,3,0,12 
146,MIL,79,2,2,1,5 
147,NOH,146,8,4,1,15 
148,MIN,3121,861,121,112,207 
149,ORL,955,103,19,9,107 
150,MEM,1790,280,37,93,146 
151,LAL,306,40,8,2,32 
152,IND,1021,96,59,5,105 
153,MIL,284,26,14,4,37 
154,SAS,2193,254,119,27,190 
155,UTA,1660,157,46,11,155 
156,SAS,68,8,3,3,9 
157,TOT,537,49,15,0,32 
157,DET,55,7,0,0,5 
157,MIL,482,42,15,0,27 
158,CLE,2523,546,77,76,233 
159,CHI,2002,160,53,10,224 
160,LAL,1136,156,23,23,175 
161,PHI,1066,111,34,6,121 
162,CHI,667,94,43,4,78 
163,MIN,1492,325,23,118,120 
164,TOT,966,135,41,17,104 
164,BOS,218,28,9,4,23 
164,ATL,748,107,32,13,81 
165,IND,106,10,2,2,15 
166,DET,275,16,6,7,39 
167,DET,2926,221,77,13,232 
168,MIL,159,24,5,2,26 
169,UTA,297,42,7,5,55 
170,NYK,894,70,28,3,79 
171,UTA,2584,284,70,16,250 
172,ATL,2550,316,85,16,249 
173,NOH,550,50,25,5,72 
174,CHI,1271,186,24,18,188 
175,DAL,1173,74,77,19,139 
176,CLE,1128,82,27,6,68 
177,IND,760,87,16,55,134 
178,CHA,1887,185,99,14,167 
179,NJN,16,5,1,1,2 
180,MIA,2675,487,63,41,260 
181,MIN,2068,139,30,30,200 
182,WAS,1560,186,49,9,107 
183,WAS,1865,262,52,114,218 
184,DAL,1203,184,29,37,149 
185,DEN,1317,221,50,48,167 
186,ORL,2338,241,97,28,144 
187,CHI,2800,272,122,21,244 
188,MIN,1272,149,50,15,105 
189,SAS,1396,177,67,60,138 
190,TOT,891,67,44,6,65 
190,CHA,300,17,24,3,23 
190,MIL,41,3,2,0,3 
190,SAC,550,47,18,3,39 
191,NYK,532,19,8,2,40 
192,ORL,2670,536,77,136,232 
193,DAL,2446,315,116,49,211 
194,HOU,1624,220,32,5,143 
195,MIN,1729,86,27,6,121 
196,WAS,2358,308,176,18,168 
197,MEM,317,37,10,1,35 
198,UTA,873,124,25,18,96 
199,ORL,224,44,4,7,42 
200,DET,1144,85,68,13,125 
201,PHO,1046,129,4,102,131 
202,PHI,2686,375,138,48,204 
203,CLE,2615,373,53,165,313 
204,DAL,58,5,0,5,13 
205,PHI,3174,248,180,9,140 
206,ATL,809,65,39,7,140 
207,SAC,536,62,14,2,58 
208,NYK,230,20,7,1,26 
209,TOT,1987,236,35,5,153 
209,HOU,990,105,23,1,67 
209,PHO,997,131,12,4,86 
210,CLE,43,4,0,0,4 
211,PHI,1976,222,32,18,171 
212,IND,1806,206,64,14,154 
213,TOT,1798,132,33,8,104 
213,PHO,768,50,11,1,56 
213,NOH,1030,82,22,7,48 
214,SEA,1330,160,23,111,279 
215,CLE,3388,477,177,52,146 
216,TOT,1859,173,65,6,174 
216,MIL,1167,99,40,4,114 
216,HOU,692,74,25,2,60 
217,WAS,2605,359,55,16,151 
218,LAC,1656,141,84,17,107 
219,BOS,1051,193,22,55,195 
220,NJN,1355,191,33,17,109 
221,WAS,2007,222,66,35,206 
222,DET,104,6,5,1,6 
223,IND,87,5,1,0,10 
224,IND,1747,147,59,15,144 
225,DEN,1232,108,43,18,140 
226,MIN,410,70,7,13,86 
227,PHO,3240,302,79,24,167 
228,SAS,15,3,1,0,1 
229,MEM,649,58,13,11,81 
230,MIA,2576,217,44,5,121 
231,MIA,2839,367,86,38,251 
232,IND,2268,208,61,31,171 
233,IND,1330,135,31,28,123 
234,LAL,1830,291,44,24,165 
235,ORL,116,7,5,2,16 
236,LAC,1632,288,26,68,182 
237,CHA,1491,132,40,6,132 
238,ORL,356,76,8,13,86 
239,POR,523,80,20,18,80 
240,NJN,2435,394,123,9,110 
241,UTA,1349,166,67,136,101 
242,LAC,243,31,8,3,12 
243,HOU,3,0,0,0,0 
244,CHA,1944,149,131,5,192 
245,PHI,2667,339,103,33,265 
246,NJN,1965,240,32,63,280 
247,MIL,1099,129,39,13,70 
248,SEA,12,1,0,0,1 
249,MIA,739,95,32,15,78 
250,BOS,2196,399,42,99,262 
251,TOT,380,65,5,7,51 
251,PHO,119,23,1,2,20 
251,NOH,261,42,4,5,31 
252,DEN,54,6,1,0,2 
253,SEA,2697,278,75,62,158 
254,UTA,227,9,12,2,28 
255,LAC,814,67,32,11,82 
256,UTA,518,32,22,3,78 
257,TOT,2007,135,33,0,168 
257,HOU,479,40,8,0,48 
257,ATL,1528,95,25,0,120 
258,NOH,933,119,32,12,83 
259,MIN,601,65,7,14,103 
260,LAC,2436,324,70,8,191 
261,NOH,703,126,8,23,74 
262,NYK,3281,198,122,6,186 
263,PHO,3146,680,163,119,199 
264,SAS,244,38,3,11,29 
265,TOR,1645,333,57,46,136 
266,LAC,190,7,6,0,19 
267,DEN,2272,365,100,78,228 
268,SAC,455,29,16,3,35 
269,MIL,2893,227,58,27,198 
270,SAS,699,109,18,20,122 
271,TOT,906,109,25,15,144 
271,BOS,553,56,15,9,85 
271,PHO,353,53,10,6,59 
272,ATL,88,14,3,8,24 
273,DET,1797,305,46,52,204 
274,HOU,3182,413,135,52,167 
275,CLE,2651,125,56,1,177 
276,PHI,1118,152,48,17,116 
277,UTA,1382,93,63,12,138 
278,LAL,423,48,9,2,64 
279,NJN,390,31,16,2,20 
280,LAL,1870,305,14,108,237 
281,POR,1699,228,75,78,189 
282,DET,254,40,2,17,31 
283,DEN,2852,238,121,8,204 
284,ATL,9,1,1,0,2 
285,SAC,2089,382,69,68,181 
286,MEM,2278,264,54,23,197 
287,IND,2105,138,50,5,109 
288,HOU,2447,461,34,160,298 
289,TOT,2388,184,74,30,152 
289,ORL,726,52,23,9,49 
289,SAC,1662,132,51,21,103 
290,TOT,1933,339,58,86,236 
290,NYK,1519,270,53,53,172 
290,SAS,414,69,5,33,64 
291,TOT,120,27,3,6,13 
291,TOR,69,17,2,3,7 
291,NJN,24,4,0,1,2 
291,CLE,27,6,1,2,4 
292,LAC,1178,149,19,32,173 
293,TOT,702,145,8,74,82 
293,NJN,457,96,5,41,50 
293,MIA,245,49,3,33,32 
294,GSW,2375,505,53,33,190 
295,TOR,918,120,32,16,85 
296,SEA,883,83,30,11,59 
297,HOU,1212,276,16,101,135 
298,LAC,72,9,1,5,20 
299,TOT,1341,158,29,16,183 
299,HOU,204,26,1,0,30 
299,NOH,1137,132,28,16,153 
300,NOH,2017,170,36,16,190 
301,TOT,1185,141,41,24,148 
301,GSW,610,65,18,10,71 
301,DEN,575,76,23,14,77 
302,PHO,2573,192,74,6,136 
303,ORL,1612,141,78,3,199 
304,SAS,1785,275,31,117,207 
305,CLE,1832,142,50,18,144 
306,CHI,1892,317,37,34,208 
307,TOT,360,36,18,2,44 
307,NYK,321,33,17,2,42 
307,HOU,39,3,1,0,2 
308,DAL,3020,661,97,119,219 
309,IND,1530,303,25,88,173 
310,MIA,2492,507,36,171,262 
311,LAL,2320,519,42,65,211 
312,CHA,2600,520,62,125,214 
313,UTA,2304,422,32,68,227 
314,PHI,158,16,5,0,16 
315,MIN,1215,218,15,56,193 
316,SAC,556,112,7,40,88 
317,PHO,214,37,6,12,29 
318,POR,793,81,30,40,77 
319,MIL,1397,247,44,34,166 
320,HOU,942,138,33,10,119 
321,TOR,1533,108,48,13,126 
322,CHI,453,35,16,1,53 
323,TOT,144,8,5,0,16 
323,DET,110,7,3,0,13 
323,PHO,34,1,2,0,3 
324,SAS,2735,251,98,4,167 
325,POR,1957,147,106,21,164 
326,CLE,862,56,29,4,121 
327,BOS,2541,188,88,12,121 
328,WAS,529,51,18,2,39 
329,LAC,12,1,0,0,0 
330,BOS,548,123,9,37,98 
331,TOT,667,80,19,4,30 
331,MIA,206,21,6,0,6 
331,DEN,461,59,13,4,24 
332,TOR,2510,269,91,18,219 
333,CHI,841,64,29,1,67 
334,BOS,2960,461,133,39,255 
335,GSW,1340,124,46,18,139 
336,NJN,515,50,25,0,76 
337,DAL,10,2,0,0,4 
338,IND,865,120,30,24,123 
339,DEN,27,3,1,2,5 
340,MEM,1382,174,48,23,134 
341,SEA,335,48,7,3,53 
342,DET,3039,302,56,71,161 
343,WAS,428,52,16,5,44 
344,POR,1858,410,24,163,239 
345,SEA,1856,237,57,31,172 
346,UTA,128,19,0,2,32 
347,WAS,20,3,0,1,4 
348,POR,1603,300,34,17,112 
349,POR,1731,220,23,158,183 
350,LAC,928,135,13,40,130 
351,MIL,2848,240,63,8,152 
352,BOS,121,8,3,1,12 
353,CHI,132,25,3,7,35 
354,GSW,2724,299,105,32,156 
355,PHO,2839,388,96,27,197 
356,SEA,2571,149,94,23,185 
357,CHA,328,34,11,4,42 
358,TOT,1689,155,62,53,181 
358,GSW,1090,83,44,39,107 
358,NJN,599,72,18,14,74 
359,SAS,157,20,4,3,19 
360,TOT,1367,185,41,20,172 
360,NOH,882,114,19,12,103 
360,PHI,485,71,22,8,69 
361,TOR,2710,232,63,10,190 
362,TOT,1475,212,46,16,208 
362,SAS,862,132,31,9,124 
362,NYK,613,80,15,7,84 
363,LAC,1659,151,51,22,165 
364,WAS,1262,175,43,41,193 
365,TOT,968,69,20,7,74 
365,LAL,91,7,2,1,7 
365,CHA,877,62,18,6,67 
366,DEN,1026,122,44,11,130 
367,PHI,993,109,40,13,92 
368,CHA,329,86,4,17,53 
369,MIL,105,13,3,4,28 
370,NJN,1167,161,34,18,111 
371,GSW,128,20,2,3,16 
372,POR,104,12,1,5,21 
373,PHO,30,1,0,0,3 
374,LAC,2799,318,106,16,227 
375,TOT,941,173,31,49,102 
375,PHI,246,39,5,6,29 
375,SAC,695,134,26,43,73 
376,CHA,78,8,5,0,20 
377,ATL,433,33,23,5,50 
378,NOH,1859,113,55,11,135 
379,NJN,648,82,25,14,103 
380,MIL,2265,362,43,38,222 
381,ATL,2050,310,59,144,157 
382,TOT,750,50,14,7,82 
382,CHA,636,36,12,7,74 
382,MIA,114,14,2,0,8 
383,CHA,510,77,6,4,58 
384,CLE,1844,118,67,16,189 
385,UTA,906,71,26,19,116 
386,SAC,1668,219,51,18,206 
387,TOR,255,39,12,4,46 
388,MIN,2450,189,53,21,124 
389,DAL,1617,145,53,10,104 
390,ORL,1089,64,16,9,73 
391,ATL,145,19,6,5,32 
392,SAC,2534,223,79,12,157 
393,NJN,32,1,0,0,3 
394,POR,2762,254,86,2,158 
395,PHO,2889,494,77,130,278 
396,MIL,1014,92,30,1,103 
397,HOU,196,24,3,2,15 
398,NYK,73,7,2,2,16 
399,HOU,1922,258,65,7,168 
400,NYK,1509,249,27,28,224 
401,SEA,72,4,1,7,16 
402,MEM,1279,181,41,92,182 
403,MIN,2558,221,40,16,178 
404,PHO,17,2,0,0,1 
405,TOT,1336,190,27,20,180 
405,HOU,905,123,16,12,123 
405,NYK,431,67,11,8,57 
406,POR,1330,94,35,4,120 
407,DAL,2401,150,109,15,177 
408,NJN,356,29,14,1,29 
409,WAS,976,159,17,51,133 
410,TOT,117,20,4,4,13 
410,POR,112,20,4,4,12 
410,ATL,5,0,0,0,1 
411,MIN,521,58,15,13,82 
412,TOT,2167,351,67,17,227 
412,PHI,1344,202,40,6,151 
412,SAC,823,149,27,11,76 
413,NYK,2855,661,70,79,310 
414,NYK,1940,192,41,17,222 
415,IND,1301,134,81,12,112 
416,CLE,1327,196,54,50,215 
417,MEM,278,35,3,16,42 
418,TOT,220,29,8,11,33 
418,DEN,158,18,8,8,24 
418,GSW,62,11,0,3,9 
419,ORL,1757,171,41,18,140 
420,SAS,1149,67,41,10,96 
421,POR,1619,141,44,0,70 
422,TOT,1502,205,36,21,170 
422,MIL,818,110,21,11,82 
422,DAL,684,95,15,10,88 
423,CLE,863,148,41,38,122 
424,NJN,1410,90,41,1,138 
425,PHO,360,62,4,11,60 
426,TOT,705,111,25,19,105 
426,PHO,57,8,3,2,11 
426,NOH,648,103,22,17,94 
427,LAL,403,49,12,2,41 
428,MIA,2974,287,121,82,230 
429,CLE,102,2,5,0,15 
430,TOT,2955,513,89,58,217 
430,ATL,2128,371,64,32,147 
430,BOS,827,142,25,26,70 
431,WAS,134,10,3,7,25 
432,DET,2671,610,106,176,159 
433,CHA,2147,268,117,91,182 
434,DET,2687,470,65,115,236 
435,LAL,768,87,26,11,70 
436,HOU,360,33,15,0,22 
437,MEM,1808,129,83,19,184 
438,HOU,525,87,9,6,74 
439,TOT,2370,482,94,53,214 
439,SAC,1668,353,68,34,144 
439,PHI,702,129,26,19,70 
440,MEM,1489,180,85,27,165 
441,TOT,1317,141,44,5,121 
441,BOS,1125,119,39,5,105 
441,CLE,192,22,5,0,16 
442,TOT,2774,190,96,9,215 
442,NOH,934,73,35,1,65 
442,HOU,1840,117,61,8,150 
443,NOH,552,89,12,16,62 
444,BOS,507,51,21,8,69 
445,CHA,135,23,2,12,31 
446,TOT,677,65,32,11,64 
446,DEN,531,54,30,10,51 
446,GSW,146,11,2,1,13 
447,LAC,1005,165,26,24,129 
448,SEA,520,37,22,10,55 
449,SAS,278,21,14,1,26 
450,TOT,315,43,5,8,70 
450,NJN,150,24,4,5,25 
450,TOR,165,19,1,3,45 
451,TOT,1322,128,38,4,147 
451,NJN,739,67,16,2,80 
451,TOR,583,61,22,2,67 
452,CHI,71,4,2,3,9 
453,MEM,1952,103,75,5,91 
454,NYK,1211,168,55,10,155 
455,MIL,2254,194,74,11,221 
456,CLE,152,15,4,6,30 
457,TOT,1527,155,38,15,218 
457,PHI,1056,105,26,12,144 
457,SAC,471,50,12,3,74 
458,ATL,344,47,8,7,53 
459,TOR,712,139,8,39,78 
460,MIA,40,4,4,0,6 
461,IND,291,37,12,6,27 
462,MIA,27,1,4,0,2 
463,MEM,2287,436,58,69,251 
