Rk,Tm,MP,DRB,STL,BLK,PF 
1,TOR,342,47,13,15,53 
2,CHA,713,128,18,27,80 
3,ORL,2307,210,40,11,137 
4,DAL,9,1,0,0,3 
5,TOT,388,90,5,23,60 
5,HOU,213,45,3,9,41 
5,SAC,175,45,2,14,19 
6,POR,2790,495,62,91,187 
7,PHI,1669,236,24,55,180 
8,MIA,2035,177,67,15,129 
9,MEM,2109,242,119,44,211 
10,NOH,2066,446,92,51,153 
11,TOT,372,58,16,12,53 
11,MIN,161,24,7,6,26 
11,CHI,2,0,0,0,0 
11,NOH,209,34,9,6,27 
12,MIA,624,115,16,44,89 
13,TOR,1495,114,48,7,131 
14,TOT,401,54,15,5,25 
14,SAS,94,11,3,2,7 
14,HOU,307,43,12,3,18 
15,NOH,2503,328,42,31,179 
16,NYK,2482,326,52,32,205 
17,MIA,566,70,13,42,49 
18,WAS,1471,222,72,20,72 
19,MEM,970,101,24,33,126 
20,HOU,2464,681,46,87,223 
21,IND,1226,71,34,3,64 
22,TOT,734,139,22,17,107 
22,ORL,571,100,13,13,83 
22,MIL,163,39,9,4,24 
23,IND,369,75,6,12,44 
24,POR,730,122,14,5,82 
25,BOS,513,38,17,6,51 
26,MIN,1713,173,32,0,131 
27,TOR,1003,102,21,23,64 
28,GSW,2058,280,52,14,140 
29,LAC,2058,255,82,63,233 
30,TOT,159,39,5,6,24 
30,WAS,122,27,5,5,23 
30,NYK,37,12,0,1,1 
31,POR,894,109,34,9,56 
32,BOS,2239,296,44,64,188 
33,MIA,1786,128,41,55,149 
34,POR,2807,315,91,83,139 
35,MEM,1765,154,59,17,168 
36,SAS,141,20,1,6,23 
37,GSW,267,17,17,4,27 
38,WAS,1745,168,50,29,113 
39,PHO,1554,230,31,34,107 
40,DAL,549,48,19,4,54 
41,CHI,1882,127,44,6,140 
42,HOU,713,64,37,21,83 
43,GSW,495,119,15,42,101 
44,LAC,418,30,12,1,25 
45,CHA,2186,388,28,143,195 
46,SAS,851,164,37,10,112 
47,LAL,1175,111,34,6,83 
48,BRK,1555,256,86,54,163 
49,LAC,1553,147,109,55,112 
50,BRK,1408,104,28,4,108 
51,GSW,786,177,20,55,85 
52,SAS,909,104,17,19,86 
53,WAS,887,141,32,16,95 
54,CHI,2546,596,66,28,239 
55,MIA,2454,370,66,101,168 
56,BOS,1435,81,64,19,129 
57,DAL,1527,300,50,90,192 
58,DEN,2003,180,118,23,154 
59,TOT,853,98,43,6,33 
59,NYK,711,71,34,6,27 
59,OKC,142,27,9,0,6 
60,TOT,997,67,30,10,94 
60,SAC,959,66,29,7,89 
60,HOU,38,1,1,3,5 
61,BRK,912,72,34,16,93 
62,PHI,269,51,6,10,37 
63,PHO,1402,105,59,15,92 
64,LAL,3013,367,106,25,173 
65,MIN,508,56,14,7,29 
66,UTA,1137,108,35,13,114 
67,LAC,1879,182,51,11,139 
68,CHI,2134,192,78,31,97 
69,DET,1219,69,45,5,128 
70,TOT,2160,156,58,8,99 
70,TOR,1273,92,28,6,58 
70,DET,887,64,30,2,41 
71,NYK,250,56,7,14,28 
72,UTA,1111,101,58,24,119 
73,CHA,6,0,0,0,1 
74,DAL,2093,276,74,44,226 
75,CLE,503,94,25,12,45 
76,MIA,2068,152,118,12,196 
77,NYK,2164,434,42,75,188 
78,DEN,1079,173,45,12,119 
79,BRK,100,9,2,2,3 
80,LAL,1363,243,36,44,102 
81,POR,812,88,26,12,75 
82,MIA,1590,112,57,7,155 
83,TOT,384,38,12,10,85 
83,BOS,330,31,10,6,74 
83,WAS,54,7,2,4,11 
84,DAL,2372,188,100,8,139 
85,OKC,1583,210,51,30,197 
86,MEM,2757,182,174,24,171 
87,MIN,20,0,0,0,1 
88,TOT,441,54,8,7,26 
88,HOU,165,13,6,2,13 
88,CHI,276,41,2,5,13 
89,NYK,862,85,16,12,104 
90,SAC,2289,524,108,55,269 
91,LAC,2230,106,79,13,71 
92,TOT,1709,165,39,7,106 
92,WAS,1127,104,27,5,61 
92,BOS,582,61,12,2,45 
93,DAL,1353,152,63,17,128 
94,MIN,2010,266,84,38,153 
95,DAL,26,2,1,0,3 
96,DAL,25,2,0,0,7 
97,GSW,2983,255,126,12,198 
98,MIL,765,171,17,53,90 
99,MIL,1085,102,51,10,77 
100,NOH,1846,357,75,112,158 
101,TOT,1631,308,38,85,191 
101,TOR,1087,205,25,38,111 
101,MEM,544,103,13,47,80 
102,ORL,1064,191,32,21,88 
103,TOT,676,107,14,22,82 
103,DET,348,53,5,8,43 
103,MEM,328,54,9,14,39 
104,SAS,920,115,41,6,87 
105,HOU,1689,202,68,9,114 
106,CHI,2903,314,81,32,105 
107,DAL,4,0,0,0,0 
108,TOR,3013,272,76,24,173 
109,SAS,1709,188,52,27,143 
110,CHA,226,41,5,16,19 
111,MEM,82,1,1,0,8 
112,TOT,1289,104,71,3,145 
112,HOU,913,67,40,2,103 
112,SAC,376,37,31,1,42 
113,DAL,63,5,2,0,4 
114,PHO,2581,178,124,26,214 
115,DET,1243,288,59,95,144 
116,PHO,2170,166,75,8,128 
117,LAL,820,57,20,1,56 
118,SAS,2078,562,50,183,117 
119,MIL,1943,260,39,35,135 
120,OKC,3119,594,116,105,143 
121,LAL,197,31,3,1,23 
122,TOT,1661,141,45,3,81 
122,MEM,676,47,16,1,38 
122,CLE,985,94,29,2,43 
123,MIL,3076,271,169,36,164 
124,DET,407,29,16,3,46 
125,UTA,215,32,8,13,30 
126,BRK,1967,628,74,13,199 
127,SAC,2016,231,90,27,133 
128,GSW,1120,172,23,74,157 
129,DEN,2248,474,81,83,234 
130,UTA,1787,362,67,130,247 
131,NYK,2313,143,94,14,130 
132,TOR,1037,149,32,8,63 
133,TOT,575,35,19,3,55 
133,DAL,229,15,5,2,24 
133,OKC,346,20,14,1,31 
134,DEN,428,29,19,1,65 
135,UTA,2249,110,66,27,190 
136,SAC,967,52,31,3,64 
137,POR,477,79,13,11,67 
138,DEN,2309,302,64,36,130 
139,TOT,1029,83,46,38,88 
139,SAC,710,61,32,31,66 
139,HOU,319,22,14,7,22 
140,BOS,2022,455,78,62,154 
141,PHO,149,10,10,0,5 
142,MEM,2796,438,80,139,255 
143,LAL,1655,310,24,61,93 
144,TOT,2687,362,113,53,182 
144,MEM,1541,193,56,31,87 
144,TOR,1146,169,57,22,95 
145,CLE,2541,245,107,29,199 
146,MIN,644,67,16,4,47 
147,IND,2972,515,143,51,227 
148,CLE,919,55,30,4,89 
149,CHI,1459,220,27,90,166 
150,SAS,1393,171,80,13,114 
151,MIL,151,18,5,6,21 
152,CHA,1560,112,35,16,134 
153,NOH,1264,67,45,8,75 
154,PHO,1876,388,40,98,127 
155,LAL,6,0,0,0,0 
156,IND,74,6,2,1,6 
157,TOR,513,85,7,5,85 
158,SAS,2201,208,92,54,124 
159,GSW,1061,202,42,25,159 
160,IND,1080,110,19,23,64 
161,BOS,2252,263,56,68,175 
162,LAC,1188,80,29,12,96 
163,LAC,2598,476,97,50,231 
164,TOT,322,68,6,27,60 
164,MEM,87,14,1,6,15 
164,PHO,235,54,5,21,45 
165,DEN,397,63,15,8,24 
166,CHI,1088,67,24,5,93 
167,IND,200,16,7,2,23 
168,IND,1366,212,29,18,152 
169,HOU,2985,317,142,38,178 
170,ORL,1974,213,88,62,144 
171,MIA,31,4,1,1,4 
172,ORL,119,21,4,1,18 
173,ATL,1421,110,64,13,103 
174,TOT,137,22,2,3,17 
174,MIA,29,5,0,0,3 
174,NOH,108,17,2,3,14 
175,TOT,1299,214,32,44,120 
175,MIL,325,40,8,7,31 
175,ORL,974,174,24,37,89 
176,MIA,1414,307,30,15,173 
177,PHI,2233,417,24,113,233 
178,SAC,1209,186,31,18,114 
179,UTA,2104,174,58,38,125 
180,MIN,31,4,2,0,3 
181,CHA,1162,165,16,49,125 
182,CHA,2133,195,68,34,149 
183,NOH,625,69,16,5,72 
184,MIL,827,181,19,42,83 
185,IND,2269,360,39,206,279 
186,POR,2323,562,48,51,160 
187,CHA,32,2,3,0,5 
188,WAS,1659,306,55,37,171 
189,IND,2620,237,81,26,134 
190,LAC,437,43,11,7,39 
191,LAL,458,84,8,19,55 
192,CHI,1764,142,63,25,192 
193,PHI,2926,240,123,32,170 
194,PHI,142,14,3,6,7 
195,LAC,663,89,6,34,133 
196,SAC,32,7,0,1,2 
197,ATL,2756,562,78,78,163 
198,LAL,2722,694,84,186,291 
199,MIN,207,27,10,3,18 
200,MIA,51,8,0,0,9 
201,BRK,1191,239,16,33,127 
202,OKC,2486,395,28,242,213 
203,DEN,2779,341,139,52,127 
204,MIL,2012,366,68,36,185 
205,CLE,2048,182,89,21,146 
206,PHI,698,41,23,3,73 
207,GSW,2349,222,60,11,134 
208,OKC,993,145,29,13,84 
209,SAS,1075,133,37,14,89 
210,DAL,457,79,12,38,64 
211,BRK,0,1,0,0,0 
212,MIA,2877,513,129,67,110 
213,DAL,862,63,26,3,95 
214,LAL,1636,253,30,22,124 
215,UTA,2578,564,80,89,170 
216,GSW,568,79,14,7,45 
217,POR,350,34,6,6,58 
218,TOT,441,24,15,2,22 
218,GSW,291,16,9,1,18 
218,PHI,150,8,6,1,4 
219,ATL,902,77,12,10,37 
220,MIL,2897,187,125,10,155 
221,DET,892,117,38,8,90 
222,TOR,2325,384,81,110,301 
223,MIN,284,40,7,28,49 
224,MEM,102,6,4,0,5 
225,ATL,1035,190,56,14,131 
226,SAC,878,96,41,50,99 
227,BRK,2642,165,49,14,99 
228,IND,619,90,11,9,51 
229,PHO,953,102,22,18,56 
230,LAL,6,3,0,0,0 
231,TOT,1016,77,22,6,119 
231,DAL,635,57,10,5,73 
231,ATL,381,20,12,1,46 
232,ORL,803,88,19,22,55 
233,DAL,338,27,14,2,29 
234,MIA,221,22,2,6,16 
235,CLE,334,40,9,5,25 
236,OKC,280,50,5,6,23 
237,NYK,26,2,0,1,3 
238,HOU,276,37,12,19,21 
239,LAC,2010,384,48,112,192 
240,SAS,388,40,15,4,25 
241,TOT,54,6,3,0,3 
241,BOS,24,4,0,0,2 
241,BRK,30,2,3,0,1 
242,DAL,1363,275,29,52,141 
243,UTA,1078,169,28,32,116 
244,NYK,2043,273,125,25,125 
245,CHA,2025,324,54,70,164 
246,MIN,2034,260,96,62,82 
247,TOR,376,42,4,2,45 
248,DET,2365,193,58,8,157 
249,ATL,2259,270,70,37,170 
250,DEN,1817,351,44,103,246 
251,DET,224,21,5,9,32 
252,TOT,577,38,13,0,52 
252,MIL,280,14,7,0,27 
252,ORL,297,24,6,0,25 
253,OKC,147,13,2,2,13 
254,GSW,1876,303,35,31,190 
255,DEN,2513,162,107,8,135 
256,BOS,1941,159,89,21,139 
257,GSW,2907,668,67,22,246 
258,MIN,289,24,12,6,30 
259,SAS,1810,283,97,32,99 
260,POR,1206,175,11,38,168 
261,TOT,187,24,6,0,21 
261,CLE,91,8,2,0,11 
261,MEM,96,16,4,0,10 
262,MIA,792,102,21,14,67 
263,OKC,290,40,18,3,33 
264,POR,3167,215,74,19,172 
265,HOU,2640,215,134,29,205 
266,TOT,1455,127,48,31,127 
266,WAS,320,35,11,2,22 
266,CLE,1135,92,37,29,105 
267,BRK,2253,304,33,154,152 
268,NOH,2136,236,32,128,167 
269,MIN,618,188,13,9,34 
270,TOR,2020,265,94,24,218 
271,TOR,827,57,23,1,50 
272,HOU,21,1,2,0,0 
273,TOT,416,37,15,0,39 
273,WAS,141,13,6,0,10 
273,PHI,7,0,0,0,1 
273,ATL,268,24,9,0,28 
274,DET,257,20,6,2,42 
275,IND,1322,196,39,66,201 
276,DAL,2010,379,75,47,111 
277,PHO,702,38,22,4,48 
278,WAS,694,89,19,6,58 
279,NYK,431,61,16,17,64 
280,OKC,2136,147,72,8,138 
281,NOH,1219,121,26,11,104 
282,POR,2403,156,90,18,172 
283,DET,1789,274,32,95,172 
284,TOT,963,37,22,1,55 
284,OKC,391,13,10,0,19 
284,POR,572,24,12,1,36 
285,DAL,2913,255,93,23,195 
286,MIL,1326,167,42,14,82 
287,DEN,1433,223,30,157,184 
288,TOT,387,59,13,11,39 
288,TOR,230,37,5,8,26 
288,NOH,145,21,8,3,13 
288,IND,12,1,0,0,0 
289,TOT,1487,232,32,27,131 
289,ORL,685,96,10,12,65 
289,CHA,802,136,22,15,66 
290,LAL,1663,134,58,5,103 
291,BOS,36,3,2,2,7 
292,DET,475,46,15,4,53 
293,CLE,1364,150,49,17,138 
294,BOS,5,1,0,0,1 
295,DEN,2151,178,73,11,159 
296,NOH,694,70,17,12,89 
297,MIA,900,139,21,4,63 
298,DEN,26,1,1,0,3 
299,SAS,656,41,26,4,55 
300,UTA,2375,377,102,80,232 
301,CHI,693,122,21,32,97 
302,DET,2687,541,105,55,190 
303,ORL,1682,119,51,23,122 
304,LAL,683,33,21,2,58 
305,TOT,1524,197,45,20,160 
305,HOU,1154,156,27,16,120 
305,PHO,370,41,18,4,40 
306,PHO,1837,265,77,64,209 
307,TOT,383,19,13,1,43 
307,ATL,301,16,12,1,33 
307,DAL,82,3,1,0,10 
308,HOU,538,57,7,10,73 
309,PHI,542,69,17,10,43 
310,DEN,366,57,6,18,57 
311,CHA,1428,266,34,32,110 
312,UTA,52,4,1,0,4 
313,DAL,256,42,10,6,29 
314,LAL,1627,116,30,5,70 
315,SAS,1484,130,30,2,93 
316,ORL,1977,186,71,6,161 
317,ORL,1249,189,24,32,133 
318,CHI,2426,473,78,141,185 
319,NYK,1641,135,28,8,97 
320,DAL,1661,326,38,37,93 
321,PHO,1029,211,19,78,126 
322,ORL,638,144,11,26,107 
323,LAC,1616,363,69,58,214 
324,HOU,12,1,1,0,1 
325,WAS,2052,493,45,77,145 
326,OKC,104,13,4,3,13 
327,SAC,444,44,11,8,35 
328,ATL,1134,204,35,12,128 
329,TOT,507,25,18,3,42 
329,WAS,102,6,0,1,8 
329,ATL,113,6,3,0,8 
329,CHA,292,13,15,2,26 
330,TOT,655,41,13,2,46 
330,CLE,447,25,12,2,32 
330,PHI,208,16,1,0,14 
331,SAS,2174,180,54,6,92 
332,HOU,2758,325,75,32,148 
333,TOT,1775,224,31,40,138 
333,HOU,1219,148,18,27,90 
333,SAC,556,76,13,13,48 
334,LAC,2335,209,169,10,143 
335,POR,528,49,24,5,59 
336,MIN,1959,315,43,50,143 
337,OKC,1954,356,43,83,227 
338,ATL,352,79,10,9,48 
339,BOS,2575,442,84,30,210 
340,TOR,386,31,12,6,33 
341,TOT,32,5,0,0,8 
341,MIA,12,3,0,0,4 
341,MEM,20,2,0,0,4 
342,IND,55,10,0,3,5 
343,MEM,1243,89,35,6,95 
344,WAS,1278,94,33,3,73 
345,POR,510,31,26,3,61 
346,NYK,1263,102,69,2,127 
347,TOT,2631,292,48,25,86 
347,DET,1457,166,21,13,45 
347,MEM,1174,126,27,12,41 
348,MIL,68,16,1,2,10 
349,CLE,78,1,3,0,4 
350,CHI,144,18,8,4,29 
351,DEN,329,66,19,21,41 
352,BOS,198,42,8,7,38 
353,MEM,2607,544,61,31,180 
354,TOT,2379,154,38,9,117 
354,ORL,1575,110,29,5,70 
354,MIL,804,44,9,4,47 
355,PHI,936,108,40,15,57 
356,NYK,29,5,0,0,1 
357,MIN,2474,165,82,15,187 
358,NOH,1418,93,26,9,122 
359,NOH,1324,80,37,3,108 
360,CHI,2086,155,85,10,207 
361,TOT,1056,193,41,26,124 
361,SAC,809,146,25,21,95 
361,HOU,247,47,16,5,29 
362,BOS,1423,169,70,9,96 
363,TOR,1239,109,43,14,122 
364,MIN,122,11,3,0,5 
365,MIN,1691,185,137,5,143 
366,GSW,25,1,0,0,5 
367,LAL,203,25,0,10,38 
368,SAC,2278,174,51,25,143 
369,CLE,196,18,3,3,30 
370,MIL,1937,448,53,201,233 
371,PHO,2184,383,67,35,257 
372,ATL,376,71,4,2,32 
373,OKC,2229,259,103,44,177 
374,MEM,59,5,2,0,7 
375,WAS,1721,239,24,59,211 
376,CHA,1652,142,48,7,91 
377,BRK,93,14,3,1,11 
378,NYK,996,105,43,7,99 
379,MIN,1840,134,54,27,117 
380,NOH,5,0,0,0,1 
381,DET,2293,221,57,37,217 
382,WAS,924,133,38,24,124 
383,TOT,263,25,5,0,17 
383,CLE,257,25,5,0,17 
383,NOH,6,0,0,0,0 
384,HOU,1110,210,18,40,175 
385,TOT,516,49,21,9,26 
385,ORL,378,35,13,6,14 
385,MIL,138,14,8,3,12 
386,NYK,2678,361,100,24,226 
387,NOH,876,122,15,45,123 
388,ATL,2683,506,94,136,175 
389,POR,288,20,7,1,26 
390,TOT,1300,240,24,53,175 
390,MEM,579,113,10,27,86 
390,CLE,721,127,14,26,89 
391,SAS,1997,371,63,64,161 
392,BRK,544,28,7,4,31 
393,IND,2278,257,81,16,162 
394,ATL,1158,104,29,6,69 
395,MIN,1209,200,44,90,184 
396,DEN,28,1,1,0,4 
397,NYK,682,85,10,21,89 
398,DET,2171,169,51,17,127 
399,BOS,892,172,22,22,154 
400,LAC,7,2,0,0,0 
401,CHA,1507,99,47,15,136 
402,BRK,221,16,13,0,25 
403,ATL,2628,155,117,28,181 
404,CHI,392,41,9,7,47 
405,BRK,499,62,13,8,53 
406,TOT,980,71,37,11,104 
406,PHO,795,56,28,10,84 
406,TOR,185,15,9,1,20 
407,WAS,1156,94,50,17,94 
408,BOS,2124,140,66,11,110 
409,OKC,770,126,30,60,148 
410,SAC,2122,132,67,3,167 
411,NYK,392,65,10,16,52 
412,NOH,646,71,11,7,78 
413,TOT,57,11,2,2,8 
413,GSW,21,5,0,1,1 
413,CHI,36,6,2,1,7 
414,CHA,360,44,14,15,51 
415,SAC,2285,377,48,61,227 
416,GSW,2936,274,86,45,237 
417,CLE,2564,467,60,71,234 
418,SAC,1726,131,61,4,105 
419,UTA,1221,98,64,14,106 
420,ATL,963,124,15,12,66 
421,PHO,1910,218,62,19,145 
422,LAC,701,107,19,35,80 
423,ORL,189,22,7,1,11 
424,PHI,2892,461,71,17,197 
425,TOT,68,14,1,2,10 
425,GSW,63,11,1,2,10 
425,ATL,5,3,0,0,0 
426,MIL,1312,138,39,85,139 
427,TOT,1457,107,41,3,90 
427,MIL,719,61,16,2,39 
427,ORL,738,46,25,1,51 
428,TOR,1482,251,17,78,188 
429,CLE,901,223,37,14,68 
430,TOT,58,7,1,2,10 
430,BOS,18,2,1,0,1 
430,MIA,40,5,0,2,9 
431,NOH,2685,294,66,6,190 
432,WAS,601,79,15,17,107 
433,DET,1092,192,31,39,96 
434,ORL,2559,644,61,79,218 
435,MIA,2391,258,128,56,140 
436,CLE,1756,127,59,16,113 
437,CHA,2859,223,160,31,153 
438,WAS,1602,161,65,37,117 
439,BRK,2076,250,97,46,118 
440,NYK,296,72,13,15,40 
441,CLE,857,107,42,13,98 
442,TOT,489,68,13,6,37 
442,NOH,7,0,1,0,0 
442,CHA,482,68,12,6,37 
443,BRK,1521,107,66,12,123 
444,UTA,829,64,40,8,94 
445,TOT,202,6,6,0,26 
445,PHI,165,4,3,0,18 
445,LAC,37,2,3,0,8 
446,WAS,2200,241,49,17,166 
447,IND,2435,418,74,69,149 
448,OKC,2861,317,145,24,189 
449,BOS,86,9,1,6,5 
450,NYK,435,43,13,4,44 
451,BOS,830,125,32,28,125 
452,PHI,1095,73,37,18,98 
453,BRK,2842,203,75,30,194 
454,MIN,1916,334,44,37,127 
455,ATL,1119,72,44,10,55 
456,UTA,1727,208,37,38,98 
457,UTA,1418,86,46,9,105 
458,CHA,380,43,12,1,19 
459,BOS,318,40,11,2,13 
460,LAL,2530,271,122,42,198 
461,DAL,1149,175,26,76,78 
462,DAL,4,0,0,0,0 
463,PHI,1783,260,62,35,98 
464,MEM,272,15,8,4,34 
465,PHI,1411,106,36,14,84 
466,IND,693,97,15,8,62 
467,PHI,2629,389,133,55,191 
468,PHO,58,9,0,0,5 
