Rk,Tm,MP,DWS 
1,LAL,2308,2.7 
2,BOS,1151,1.0 
3,PHO,1646,1.6 
4,DEN,2778,3.2 
5,DAL,2610,2.3 
6,BOS,3018,1.9 
7,WSB,769,0.6 
8,DAL,197,0.3 
9,SAS,1984,1.5 
10,TOT,1350,1.6 
10,HOU,53,0.1 
10,POR,1297,1.6 
11,IND,1097,1.2 
12,SAC,85,0.1 
13,PHI,234,0.2 
14,NJN,2774,1.7 
15,PHO,869,0.6 
16,UTA,2804,4.1 
17,PHI,3170,3.3 
18,ATL,1227,0.8 
19,DET,298,0.5 
20,LAC,2171,3.5 
Rk,Tm,MP,DWS 
21,CLE,12,0.0 
22,SAS,1922,0.7 
23,BOS,2965,3.8 
24,NJN,1882,0.8 
25,DAL,658,0.6 
26,DAL,2580,1.6 
27,SAS,112,0.0 
28,WSB,1628,2.1 
29,WSB,1136,2.1 
30,TOT,1437,1.8 
30,MIL,5,0.0 
30,NJN,1432,1.8 
31,NJN,308,0.3 
32,MIL,2258,2.8 
33,SAS,2227,1.1 
34,DEN,133,0.2 
35,CHI,591,0.7 
36,LAC,312,0.2 
37,LAC,2660,3.8 
38,LAL,242,0.2 
39,NYK,204,0.2 
40,ATL,1483,1.8 
Rk,Tm,MP,DWS 
41,TOT,2004,2.7 
41,GSW,408,0.4 
41,HOU,1596,2.4 
42,NYK,1676,2.1 
43,WSB,1610,1.5 
44,SEA,2680,2.7 
45,PHI,2871,2.2 
46,TOT,1498,1.4 
46,NJN,657,0.8 
46,PHI,841,0.6 
47,LAC,431,0.4 
48,TOT,1513,1.4 
48,PHI,152,0.1 
48,WSB,1361,1.3 
49,NJN,1122,1.3 
50,HOU,399,0.6 
51,PHO,359,0.3 
52,LAL,1793,1.8 
53,DEN,865,1.4 
54,TOT,1739,1.9 
54,CLE,1148,1.4 
54,PHO,591,0.5 
55,CHI,2328,3.0 
56,PHO,258,0.2 
57,NYK,946,1.1 
58,MIL,2629,2.9 
59,LAC,1128,1.3 
60,CLE,1499,2.0 
Rk,Tm,MP,DWS 
61,LAC,1282,1.2 
62,DET,2144,1.9 
63,CLE,2957,3.6 
64,DAL,1480,1.1 
65,TOT,226,0.0 
65,MIL,39,0.0 
65,SAS,187,0.0 
66,PHO,1951,0.9 
67,TOT,33,0.0 
67,UTA,26,0.0 
67,DET,7,0.0 
68,SAS,2179,0.3 
69,BOS,655,0.5 
70,DAL,2523,3.3 
71,NYK,364,0.3 
72,IND,74,0.1 
73,LAC,2024,1.2 
74,POR,3060,3.9 
75,POR,2223,2.1 
76,CLE,513,0.7 
77,DET,2732,2.7 
78,DEN,1534,2.0 
79,UTA,2731,5.2 
80,SAC,414,0.0 
Rk,Tm,MP,DWS 
81,TOT,1705,1.2 
81,PHO,1377,0.8 
81,DET,328,0.4 
82,CLE,1709,2.3 
83,SEA,2790,1.6 
84,NJN,399,0.3 
85,DEN,2818,2.2 
86,DEN,656,0.7 
87,NYK,2546,4.7 
88,DAL,157,0.1 
89,GSW,1128,0.7 
90,LAC,154,0.1 
91,IND,2733,2.8 
92,TOT,2514,2.1 
92,GSW,680,0.2 
92,HOU,1834,1.9 
93,GSW,1597,0.9 
94,HOU,682,0.5 
95,POR,19,0.0 
96,GSW,2122,0.9 
97,PHO,1807,1.4 
98,TOT,893,1.0 
98,CHI,372,0.4 
98,BOS,521,0.5 
99,TOT,2961,3.0 
99,NJN,1194,1.3 
99,PHI,1767,1.8 
100,LAC,65,0.0 
Rk,Tm,MP,DWS 
101,CHI,1827,2.6 
102,IND,807,1.2 
103,LAL,2636,3.4 
104,UTA,1116,1.4 
105,NYK,2049,3.1 
106,SAS,1236,0.6 
107,LAC,313,0.4 
108,UTA,1052,1.5 
109,SAS,1017,0.9 
110,UTA,1796,2.1 
111,DEN,1334,1.6 
112,DAL,3032,3.0 
113,CLE,1830,2.7 
114,TOT,1084,0.5 
114,HOU,199,0.2 
114,GSW,885,0.3 
115,ATL,403,0.5 
116,PHI,351,0.2 
117,TOT,1505,0.9 
117,NYK,69,0.1 
117,PHI,1436,0.8 
118,TOT,190,0.1 
118,GSW,170,0.1 
118,CLE,20,0.0 
119,TOT,433,0.2 
119,BOS,81,0.0 
119,MIL,145,0.1 
119,SAC,207,0.1 
120,GSW,2188,0.6 
Rk,Tm,MP,DWS 
121,TOT,2592,2.6 
121,PHI,845,0.9 
121,NJN,1747,1.6 
122,TOT,1445,0.7 
122,MIL,983,0.6 
122,PHO,462,0.1 
123,POR,1279,1.1 
124,TOT,642,0.4 
124,MIL,35,0.0 
124,GSW,607,0.3 
125,NJN,1365,1.0 
126,PHO,2243,1.3 
127,CLE,1631,1.6 
128,UTA,42,0.0 
129,TOT,1809,1.0 
129,PHO,1557,0.6 
129,MIL,252,0.3 
130,UTA,1238,1.7 
131,NYK,3249,4.2 
132,SAC,760,0.1 
133,HOU,879,1.1 
134,SEA,723,0.7 
135,BOS,2670,1.7 
136,PHO,2177,0.5 
137,WSB,1258,1.3 
138,CLE,12,0.0 
139,TOT,1917,1.9 
139,CLE,1043,1.3 
139,PHO,874,0.6 
140,LAL,2637,3.1 
Rk,Tm,MP,DWS 
141,POR,1050,1.1 
142,DET,1935,2.1 
143,POR,1778,2.2 
144,WSB,1313,2.2 
145,POR,186,0.2 
146,CHI,3311,6.1 
147,POR,2888,3.8 
148,PHI,1593,0.8 
149,WSB,2044,1.6 
150,TOT,1063,1.3 
150,BOS,86,0.1 
150,LAC,977,1.2 
151,SAC,1999,1.3 
152,UTA,225,0.2 
153,ATL,1073,1.8 
154,MIL,1050,1.0 
155,DET,2897,5.0 
156,LAL,7,0.0 
157,HOU,2150,2.5 
158,DEN,3061,4.9 
159,ATL,2135,2.3 
160,DET,310,0.4 
Rk,Tm,MP,DWS 
161,BOS,405,0.4 
162,SEA,1812,2.8 
163,BOS,718,0.8 
164,IND,2022,1.9 
165,MIL,1766,1.7 
166,POR,1191,1.4 
167,DET,1963,3.2 
168,WSB,2655,1.5 
169,UTA,3198,6.1 
170,WSB,2692,3.4 
171,MIL,477,0.4 
172,PHO,101,0.1 
173,DEN,136,0.2 
174,LAL,706,0.6 
175,HOU,848,1.0 
176,TOT,2114,1.4 
176,PHI,601,0.5 
176,NJN,1513,1.0 
177,HOU,2689,3.2 
178,SEA,2703,2.6 
179,GSW,2039,0.3 
180,TOT,1003,0.6 
180,ATL,117,0.1 
180,SAC,886,0.5 
Rk,Tm,MP,DWS 
181,BOS,2390,2.0 
182,NJN,393,0.2 
183,SEA,1706,2.0 
184,SEA,2453,3.1 
185,PHI,581,0.3 
186,NYK,265,0.4 
187,IND,1840,1.3 
188,TOT,1070,0.8 
188,GSW,202,0.1 
188,BOS,868,0.7 
189,SAS,1501,0.2 
190,MIL,848,1.2 
191,MIL,1428,1.2 
192,TOT,50,0.1 
192,DEN,34,0.1 
192,MIL,16,0.0 
193,TOT,61,0.0 
193,SAS,51,0.0 
193,NJN,10,0.0 
194,TOT,59,0.1 
194,DET,25,0.0 
194,PHO,34,0.0 
195,GSW,2033,1.0 
196,WSB,46,0.1 
197,POR,89,0.1 
198,LAC,19,0.0 
199,SAS,328,0.1 
200,TOT,2383,2.9 
200,PHO,1477,1.6 
200,CLE,906,1.3 
Rk,Tm,MP,DWS 
201,DEN,533,0.5 
202,SAS,837,0.5 
203,TOT,336,0.4 
203,LAC,295,0.4 
203,SAC,41,0.0 
204,DET,63,0.1 
205,NYK,1589,1.5 
206,SAS,919,0.4 
207,LAC,1435,1.4 
208,NJN,52,0.1 
209,CHI,2816,4.7 
210,HOU,2825,6.3 
211,SAC,946,1.2 
212,NYK,180,0.2 
213,BOS,2312,2.6 
214,TOT,801,0.5 
214,POR,263,0.2 
214,BOS,538,0.3 
215,CHI,1888,1.5 
216,DAL,2499,3.0 
217,IND,2807,2.8 
218,HOU,1793,2.3 
219,LAC,23,0.1 
220,MIL,965,0.6 
Rk,Tm,MP,DWS 
221,SAC,1177,0.7 
222,CHI,1650,2.6 
223,SEA,1080,1.4 
224,POR,2991,3.3 
225,MIL,2484,2.7 
226,SAC,2029,1.3 
227,CLE,2626,2.2 
228,LAL,845,1.3 
229,DEN,1779,2.2 
230,HOU,980,0.9 
231,SAS,42,0.0 
232,MIL,1161,1.5 
233,ATL,2502,3.2 
234,BOS,1032,0.6 
235,SAS,2978,2.8 
236,PHI,2110,1.8 
237,DET,2147,3.6 
238,CLE,168,0.2 
239,ATL,1765,2.5 
240,UTA,201,0.3 
Rk,Tm,MP,DWS 
241,IND,16,0.0 
242,DET,1,0.0 
243,DET,2003,3.1 
244,TOT,1663,1.9 
244,HOU,705,1.0 
244,GSW,958,0.9 
245,TOT,883,0.6 
245,PHO,466,0.2 
245,CLE,417,0.4 
246,DEN,2166,3.3 
247,SEA,973,1.0 
248,DAL,1587,1.5 
249,LAL,3048,3.3 
250,TOT,455,1.1 
250,UTA,447,1.1 
250,NYK,8,0.0 
251,CHI,2212,2.0 
252,HOU,1949,1.8 
253,TOT,694,0.3 
253,BOS,370,0.2 
253,POR,324,0.2 
254,MIL,2923,3.9 
255,IND,760,0.6 
256,SAC,899,0.2 
257,SAC,2170,0.6 
258,GSW,499,0.4 
259,TOT,1549,1.1 
259,DEN,191,0.2 
259,GSW,1358,0.9 
260,LAL,421,0.6 
Rk,Tm,MP,DWS 
261,TOT,1044,1.0 
261,NYK,52,0.1 
261,CHI,992,1.0 
262,IND,2692,3.8 
263,UTA,2842,4.9 
264,MIL,271,0.3 
265,SAS,1024,-0.1 
266,DAL,2307,4.4 
267,GSW,958,0.1 
268,SAC,2653,0.3 
269,DET,2927,3.7 
270,PHO,566,0.2 
271,LAL,38,0.0 
272,SAC,1257,1.6 
273,LAL,2007,2.3 
274,TOT,593,0.3 
274,NYK,85,0.1 
274,PHI,508,0.2 
275,SAC,3072,1.9 
276,TOT,1055,1.2 
276,CHI,701,0.7 
276,SEA,354,0.5 
277,IND,2378,2.5 
278,TOT,259,0.3 
278,NYK,177,0.2 
278,LAL,82,0.1 
279,PHI,522,0.2 
280,NYK,139,0.2 
Rk,Tm,MP,DWS 
281,UTA,976,1.2 
282,NYK,1248,1.3 
283,HOU,99,0.1 
284,CHI,98,0.1 
285,UTA,1011,1.7 
286,SAC,1185,0.8 
287,LAC,1636,2.0 
288,POR,1038,0.7 
289,DEN,1755,1.9 
290,TOT,1501,1.5 
290,SEA,548,0.4 
290,CHI,953,1.1 
291,PHI,772,0.6 
292,GSW,123,0.1 
293,LAL,380,0.2 
294,CHI,114,0.2 
295,WSB,940,1.2 
296,NYK,2139,2.3 
297,NJN,91,0.1 
298,TOT,260,0.3 
298,GSW,86,0.0 
298,ATL,174,0.3 
299,NJN,156,0.2 
300,GSW,56,0.1 
Rk,Tm,MP,DWS 
301,NJN,1379,1.2 
302,ATL,1347,1.4 
303,PHI,132,0.1 
304,DAL,125,0.2 
305,TOT,2098,2.7 
305,CLE,1183,1.8 
305,PHO,915,0.9 
306,ATL,24,0.0 
307,IND,513,0.6 
308,LAC,352,0.2 
309,TOT,581,0.1 
309,CHI,2,0.0 
309,NYK,117,0.0 
309,GSW,462,0.1 
310,GSW,1221,0.7 
311,ATL,2948,2.8 
312,NYK,2703,2.3 
313,NJN,2637,2.8 
314,IND,1966,2.9 
315,CLE,2106,3.3 
316,WSB,2428,3.1 
317,SEA,1084,1.1 
318,LAC,857,0.7 
319,ATL,2091,2.5 
320,POR,54,0.0 
Rk,Tm,MP,DWS 
321,TOT,420,0.2 
321,NJN,47,0.1 
321,SAS,373,0.1 
322,PHI,1419,0.6 
323,MIL,45,0.0 
324,ATL,2412,1.3 
325,LAC,1137,1.1 
326,TOT,909,0.0 
326,SAS,830,-0.1 
326,ATL,79,0.1 
327,LAC,2534,2.0 
328,NJN,622,0.4 
329,LAL,2655,2.4 
330,DEN,7,0.0 
331,SEA,949,0.8 
