Rk,Tm,MP,DRB,STL,BLK,PF 
1,POR,934,179,25,16,132 
2,DEN,1538,92,44,4,130 
3,ORL,926,155,25,15,140 
4,WSB,2795,252,145,9,162 
5,NJN,1175,100,28,28,109 
6,DET,1582,169,51,11,171 
7,POR,1595,108,73,13,148 
8,GSW,1350,230,45,62,176 
9,DEN,2793,604,88,65,263 
10,NJN,1086,89,67,9,68 
11,ORL,2203,286,97,33,132 
12,PHI,2432,182,86,11,128 
13,SAS,1889,238,54,51,151 
14,TOT,45,4,0,0,7 
14,PHI,32,2,0,0,6 
14,CHH,13,2,0,0,1 
15,NYK,1510,103,59,9,170 
16,CHI,1875,126,46,5,88 
17,GSW,1496,144,47,23,128 
18,MIA,843,77,40,15,109 
19,ATL,2505,229,124,27,161 
20,UTA,112,24,2,2,20 
21,MIA,35,9,1,0,0 
22,BOS,1742,123,57,4,123 
23,TOT,2104,363,35,117,160 
23,UTA,327,55,5,15,31 
23,MIN,1777,308,30,102,129 
24,SAS,1,0,0,0,0 
25,PHI,2881,559,136,44,196 
26,SEA,1331,64,51,4,84 
27,CLE,1637,93,36,5,116 
28,TOT,92,12,2,2,10 
28,BOS,46,6,1,0,4 
28,GSW,46,6,1,2,6 
29,DET,363,39,6,18,56 
30,SEA,1941,383,39,118,185 
31,TOT,833,99,19,9,122 
31,CLE,831,99,19,9,121 
31,MIA,2,0,0,0,1 
32,UTA,1161,191,19,44,124 
33,BOS,1662,388,42,33,82 
34,DAL,2527,161,50,22,134 
35,DET,189,13,14,1,26 
36,NJN,2548,168,170,40,182 
37,CHH,2790,177,170,6,156 
38,PHI,1267,168,11,205,139 
39,SAC,2287,293,94,26,194 
40,ORL,1721,175,55,38,101 
41,NJN,2179,375,41,120,212 
42,CLE,1605,113,81,22,107 
43,MIN,1176,183,27,99,117 
44,MIL,1556,247,60,23,223 
45,DEN,270,26,8,2,19 
46,MIN,1082,72,66,7,82 
47,TOT,431,51,12,7,48 
47,CLE,50,4,3,0,7 
47,LAL,381,47,9,7,41 
48,BOS,883,64,33,7,74 
49,UTA,1783,289,42,34,196 
50,MIN,23,3,1,0,2 
51,SAC,535,43,35,12,68 
52,TOT,655,52,30,5,82 
52,LAC,254,19,12,1,31 
52,SEA,401,33,18,4,51 
53,POR,800,114,26,8,105 
54,TOT,290,34,19,7,31 
54,NJN,29,0,2,1,2 
54,SAS,140,16,8,3,18 
54,GSW,121,18,9,3,11 
55,HOU,1278,150,26,21,129 
56,MIA,1585,168,46,37,186 
57,PHO,356,24,16,4,58 
58,SEA,2461,462,99,55,237 
59,LAL,58,4,1,0,8 
60,LAL,1876,268,53,159,203 
61,MIN,2441,145,84,31,206 
62,SAS,1867,218,32,96,264 
63,CHI,1471,231,22,14,131 
64,ORL,2430,292,58,16,196 
65,SAC,2291,384,47,215,281 
66,PHO,725,92,16,11,52 
67,PHO,1948,315,57,37,196 
68,TOT,567,48,15,8,51 
68,CHH,545,45,14,8,47 
68,WSB,22,3,1,0,4 
69,ATL,1086,66,83,0,73 
70,SAC,817,109,32,17,70 
71,NJN,2207,415,54,98,168 
72,MIA,1976,120,73,13,151 
73,SEA,381,36,9,7,40 
74,MIL,1420,121,97,10,86 
75,DEN,115,21,5,4,10 
76,POR,344,63,4,27,57 
77,SAS,132,22,2,6,29 
78,LAC,48,6,2,0,5 
79,TOT,2207,309,82,20,193 
79,MIN,344,45,12,6,31 
79,UTA,1863,264,70,14,162 
80,ORL,741,60,45,2,94 
81,UTA,328,25,7,2,35 
82,SAS,2149,384,58,34,210 
83,CHH,2020,202,93,20,156 
84,SEA,98,10,5,1,6 
85,CLE,2643,569,65,78,190 
86,DAL,429,29,11,3,57 
87,IND,1301,252,27,74,191 
88,DAL,2149,444,26,29,202 
89,DEN,741,50,29,1,69 
90,PHI,2815,185,89,5,158 
91,ORL,905,157,41,53,139 
92,LAL,979,160,55,35,114 
93,TOT,1075,190,8,49,103 
93,DAL,994,173,8,44,86 
93,NYK,81,17,0,5,17 
94,TOT,752,50,25,9,78 
94,MIA,98,5,4,0,10 
94,BOS,654,45,21,9,68 
95,IND,509,74,10,16,123 
96,POR,2751,334,138,70,229 
97,POR,2222,346,38,37,264 
98,NJN,1902,396,38,179,275 
99,DET,3192,106,71,12,145 
100,WSB,1463,139,47,7,145 
101,UTA,2023,341,36,205,239 
102,NYK,13,1,0,0,3 
103,UTA,2283,212,81,46,236 
104,LAC,1437,147,24,33,236 
105,MIA,1840,155,99,20,138 
106,CLE,2016,213,78,22,150 
107,GSW,1677,158,68,15,159 
108,SAS,3120,296,84,29,149 
109,MIL,2191,161,57,18,151 
110,LAC,103,12,6,9,11 
111,WSB,2511,523,62,177,222 
112,WSB,1665,94,32,9,160 
113,NYK,3150,693,88,245,277 
114,NJN,175,40,2,3,22 
115,ATL,1598,105,49,17,134 
116,CLE,937,160,22,15,135 
117,IND,1737,140,56,7,134 
118,HOU,1662,116,57,21,128 
119,WSB,548,102,6,12,83 
120,BOS,1535,147,78,30,230 
121,MIN,140,18,5,4,24 
122,CHH,852,69,40,26,91 
123,BOS,2496,206,75,37,200 
124,DEN,2209,123,98,22,206 
125,TOT,549,44,36,4,54 
125,SAS,374,33,21,1,33 
125,MIN,112,7,7,3,14 
125,DAL,63,4,8,0,7 
126,GSW,612,107,31,36,101 
127,CHH,2223,403,59,69,273 
128,NJN,1037,69,41,3,98 
129,CHH,2906,237,154,46,237 
130,PHI,2771,426,51,85,176 
131,MIN,1822,153,66,30,171 
132,CHH,499,81,11,16,37 
133,HOU,2,0,0,0,0 
134,ATL,1718,159,96,21,193 
135,CHH,25,8,1,1,4 
136,LAC,2049,150,138,14,181 
137,TOT,891,55,45,2,76 
137,CHH,57,3,8,0,3 
137,PHI,834,52,37,2,73 
138,WSB,2388,275,74,27,178 
139,CHI,2859,463,100,131,196 
140,MIL,1659,128,64,13,142 
141,LAL,2902,456,91,36,141 
142,BOS,367,21,17,1,28 
143,IND,256,20,13,6,31 
144,SAS,1127,250,29,11,148 
145,LAL,394,64,7,8,75 
146,WSB,984,136,22,13,118 
147,TOT,809,60,27,3,134 
147,SAC,40,2,1,0,6 
147,CHI,769,58,26,3,128 
148,GSW,3332,229,164,13,208 
149,DAL,2252,121,101,17,150 
150,LAC,3144,327,152,72,199 
151,DEN,421,68,10,15,56 
152,PHI,3013,218,157,43,174 
153,TOT,96,7,3,0,12 
153,HOU,34,1,0,0,4 
153,DET,62,6,3,0,8 
154,MIL,386,24,15,1,50 
155,HOU,566,66,16,25,60 
156,GSW,535,55,15,13,75 
157,TOT,616,73,16,6,58 
157,SAS,36,6,2,0,6 
157,ORL,580,67,14,6,52 
158,GSW,1886,411,73,43,315 
159,DAL,1058,157,25,23,128 
160,CHI,555,17,14,1,33 
161,PHI,40,9,0,0,6 
162,TOT,1314,101,67,39,115 
162,CHI,10,0,1,0,2 
162,SAC,1304,101,66,39,113 
163,PHO,3078,301,158,31,218 
164,DAL,318,34,11,8,55 
165,MIL,2261,140,119,13,210 
166,CHH,1,0,0,0,0 
167,DAL,1280,71,33,1,79 
168,GSW,54,5,2,0,7 
169,NYK,2461,210,112,13,153 
170,HOU,378,21,17,0,39 
171,CLE,866,77,16,11,94 
172,SAC,87,18,1,5,17 
173,TOT,1235,67,61,9,89 
173,SAS,463,30,21,3,43 
173,HOU,772,37,40,6,46 
174,HOU,2202,217,72,49,234 
175,SEA,2366,174,55,11,199 
176,PHO,2899,231,116,23,180 
177,CHH,3047,576,81,51,225 
178,SAS,1350,115,41,14,93 
179,WSB,1365,212,43,92,214 
180,CHI,3102,420,182,75,201 
181,SEA,1808,401,70,124,261 
182,CLE,847,64,27,10,29 
183,POR,2553,392,114,71,254 
184,MIA,1197,200,17,32,185 
185,LAC,277,19,10,6,37 
186,WSB,59,10,3,0,7 
187,SEA,213,29,4,5,42 
188,CHI,1268,118,21,25,129 
189,ORL,1479,246,30,57,212 
190,BOS,991,202,23,14,99 
191,PHO,631,30,24,3,58 
192,SEA,239,20,2,2,26 
193,ATL,1489,199,50,67,207 
194,MIL,1848,298,54,12,218 
195,DET,2234,347,51,54,225 
196,TOT,177,34,2,1,28 
196,DEN,141,22,2,1,18 
196,IND,30,9,0,0,9 
196,MIL,6,3,0,0,1 
197,PHO,1965,376,48,201,306 
198,CHH,716,157,9,18,114 
199,NJN,307,18,11,1,39 
200,ATL,13,2,1,0,3 
201,SAC,712,52,31,3,58 
202,DAL,884,105,46,12,73 
203,CHI,1020,118,27,45,134 
204,BOS,3070,277,125,105,258 
205,DEN,1527,164,66,29,165 
206,DEN,1176,82,43,12,131 
207,GSW,293,71,5,16,61 
208,MIL,1081,184,40,71,144 
209,MIA,3063,432,139,40,248 
210,MIN,991,190,35,64,157 
211,CHH,819,55,37,9,107 
212,DEN,2304,140,154,14,242 
213,PHO,2853,335,131,43,158 
214,UTA,2922,184,56,5,126 
215,UTA,3054,684,108,51,226 
216,MIL,2511,424,74,64,136 
217,LAC,2904,335,135,122,293 
218,GSW,2117,140,116,10,237 
219,NYK,2198,357,46,20,229 
220,TOT,90,18,1,1,21 
220,SAS,9,0,0,0,2 
220,CHH,13,3,1,0,2 
220,BOS,46,7,0,1,7 
220,GSW,22,8,0,0,10 
221,HOU,2700,206,104,28,200 
222,TOT,255,13,16,2,41 
222,PHI,215,12,14,1,32 
222,LAC,40,1,2,1,9 
223,ATL,32,1,0,0,4 
224,DET,129,18,6,4,23 
225,IND,892,87,26,11,95 
226,NYK,108,20,2,0,18 
227,DAL,2106,319,48,30,180 
228,NYK,2344,284,57,24,241 
229,BOS,1398,211,11,59,112 
230,SEA,1757,173,61,47,142 
231,NYK,9,1,0,0,1 
232,SEA,1652,160,129,29,218 
233,IND,3120,236,105,26,210 
234,NJN,1714,266,48,41,200 
235,MIN,2151,315,53,39,230 
236,ATL,313,21,12,2,19 
237,DAL,782,51,32,4,97 
238,NJN,2394,295,129,81,211 
239,TOT,270,20,13,1,23 
239,CLE,54,4,1,0,3 
239,MIA,216,16,12,1,20 
240,GSW,3346,323,173,62,171 
241,UTA,478,33,30,7,52 
242,MIN,429,74,9,8,40 
243,PHO,545,100,21,16,59 
244,DEN,2716,554,43,210,273 
245,CLE,2880,457,80,243,200 
246,PHO,505,86,16,2,45 
247,CHI,9,1,0,0,2 
248,CHH,1651,108,70,14,181 
249,LAC,2009,290,53,66,145 
250,NYK,2309,444,67,15,258 
251,MIA,367,44,5,28,73 
252,HOU,2636,599,127,304,263 
253,PHI,279,20,10,2,33 
254,CLE,252,18,9,2,22 
255,GSW,2510,396,90,65,276 
256,LAL,80,7,5,4,11 
257,POR,894,65,40,4,101 
258,BOS,2285,486,68,97,172 
259,CHI,1946,75,49,9,142 
260,PHI,353,41,16,8,34 
261,SEA,2549,172,147,21,248 
262,CHI,1007,204,16,43,133 
263,LAL,2332,364,64,62,192 
264,TOT,437,25,34,3,36 
264,LAC,66,5,9,1,10 
264,CHH,371,20,25,2,26 
265,PHO,2483,347,44,116,237 
266,IND,2923,312,68,18,247 
267,GSW,169,33,5,6,35 
268,NJN,3027,161,105,11,248 
269,CLE,65,4,3,1,3 
270,SEA,2658,140,86,20,213 
271,BOS,1917,312,70,56,158 
272,CHI,3164,445,155,93,242 
273,LAC,1834,341,45,20,165 
274,MIL,26,3,2,1,5 
275,POR,2784,204,127,12,155 
276,SAS,759,73,29,19,86 
277,CLE,2138,135,94,12,113 
278,BOS,136,10,3,4,17 
279,TOT,326,35,16,8,32 
279,NYK,190,15,7,6,21 
279,DAL,136,20,9,2,11 
280,PHO,381,83,12,14,46 
281,TOT,441,32,12,3,39 
281,CHI,67,5,0,0,8 
281,MIN,374,27,12,3,31 
282,ATL,1968,299,35,48,233 
283,CHH,1257,221,49,23,159 
284,ORL,1159,102,63,17,69 
285,MIA,3007,310,90,35,170 
286,MIN,2922,210,119,25,152 
287,SAC,3095,257,92,34,231 
288,LAC,122,9,7,1,14 
289,LAC,1657,124,111,19,166 
290,MIL,1746,154,52,40,177 
291,ORL,1118,223,22,83,221 
292,MIL,2463,175,210,32,263 
293,LAL,78,12,5,0,4 
294,POR,2124,276,85,107,274 
295,SAS,2564,568,158,305,219 
296,BOS,6,0,0,0,3 
297,ATL,2220,155,105,24,178 
298,DET,3301,1007,68,70,248 
299,HOU,697,110,14,62,85 
300,SAS,718,59,25,7,73 
301,UTA,538,39,15,1,64 
302,PHI,209,31,7,4,45 
303,DET,1774,190,49,110,222 
304,WSB,108,19,3,8,14 
305,ATL,117,17,5,3,15 
306,TOT,633,69,24,10,83 
306,IND,81,8,2,1,8 
306,CLE,552,61,22,9,75 
307,MIL,726,110,19,19,98 
308,TOT,61,4,3,1,10 
308,SAC,15,1,0,1,2 
308,DEN,46,3,3,0,8 
309,SAC,400,75,6,28,67 
310,IND,2605,568,62,37,286 
311,LAL,2679,236,105,28,140 
312,ORL,608,52,20,9,49 
313,MIA,2800,627,40,121,278 
314,DET,226,27,1,10,20 
315,PHI,1399,270,38,51,205 
316,TOT,1423,154,57,22,115 
316,BOS,436,58,12,10,29 
316,MIA,987,96,45,12,86 
317,SAC,2895,485,135,132,205 
318,ORL,2377,166,74,5,188 
319,LAC,1310,206,41,98,159 
320,DAL,1707,262,62,34,259 
321,HOU,2735,143,104,7,112 
322,WSB,708,51,44,1,98 
323,HOU,800,149,21,7,121 
324,ORL,877,76,36,13,85 
325,MIA,1806,107,59,19,162 
326,LAL,820,45,39,8,91 
327,IND,1772,293,29,100,231 
328,GSW,3,1,0,0,0 
329,TOT,489,25,12,5,57 
329,CHI,18,1,0,0,2 
329,LAL,471,24,12,5,55 
330,MIN,1481,268,27,79,241 
331,NYK,2118,146,103,18,231 
332,WSB,2229,263,51,44,225 
333,UTA,3002,202,244,22,234 
334,SAS,2053,173,118,17,122 
335,WSB,12,4,0,0,1 
336,POR,17,0,1,1,2 
337,MIA,8,0,0,0,2 
338,SAS,601,41,26,9,111 
339,LAL,1602,92,66,9,148 
340,SAC,31,0,1,0,3 
341,DET,156,16,4,1,20 
342,DET,2918,179,118,15,194 
343,GSW,1,0,0,0,0 
344,IND,1299,283,52,34,207 
345,TOT,91,8,6,3,9 
345,ORL,15,1,0,0,2 
345,SAC,76,7,6,3,7 
346,UTA,6,0,0,0,1 
347,HOU,3056,577,52,37,307 
348,LAL,3070,210,168,16,231 
349,SAC,2521,334,55,79,248 
350,GSW,310,41,10,6,73 
351,SAS,415,29,21,3,39 
352,WSB,871,73,57,2,59 
353,ORL,1591,184,24,16,229 
354,HOU,345,40,6,4,40 
355,NYK,956,57,15,8,87 
356,LAC,1687,352,37,31,165 
357,DAL,9,0,0,0,3 
358,ORL,885,82,35,4,55 
359,ATL,1516,162,66,30,178 
360,BOS,110,20,0,17,22 
361,DET,1541,153,63,18,134 
362,SAC,2724,193,125,24,193 
363,MIN,2540,150,66,26,239 
364,PHO,1436,238,14,81,239 
365,POR,209,15,14,3,12 
366,DAL,1021,140,31,22,157 
367,PHI,569,51,20,1,67 
368,TOT,870,57,47,3,89 
368,ORL,90,5,4,0,13 
368,SAS,13,1,0,0,3 
368,ATL,767,51,43,3,73 
369,ATL,1601,192,52,24,77 
370,NYK,2344,132,76,17,195 
371,POR,2519,444,62,41,244 
372,DAL,2040,348,35,98,189 
373,CLE,2432,379,60,182,191 
374,PHI,646,83,20,20,110 
375,IND,565,65,20,41,99 
376,IND,2750,209,233,22,262 
377,DEN,2623,260,148,68,270 
378,CHI,690,157,13,36,122 
379,ATL,2962,840,72,54,223 
380,TOT,81,9,2,2,5 
380,HOU,17,0,0,0,1 
380,NYK,64,9,2,2,4 
381,WSB,2127,189,123,21,162 
382,IND,115,8,2,0,4 
383,DEN,1160,143,32,14,124 
384,DET,2113,151,41,33,154 
385,LAL,2108,207,76,23,89 
386,TOT,1023,59,46,4,53 
386,POR,134,9,6,0,6 
