Rk,Tm,MP,OWS 
1,HOU,63,0.1 
2,DEN,2086,4.7 
3,UTA,30,-0.2 
4,TOR,122,0.0 
5,OKC,173,0.3 
6,POR,1994,5.4 
7,PHI,624,0.4 
8,BOS,1565,2.5 
9,MEM,1525,1.7 
10,WAS,67,-0.1 
11,NOH,1477,-0.4 
12,IND,753,-0.3 
13,DEN,486,1.0 
14,TOR,461,0.1 
15,SAS,603,0.1 
16,ORL,1964,7.0 
17,NYK,1876,3.7 
18,MIA,1349,1.2 
19,MEM,211,0.1 
20,NOH,1350,0.5 
Rk,Tm,MP,OWS 
21,CHI,971,0.1 
22,CHA,1408,0.7 
23,NOH,1088,1.5 
24,IND,106,0.1 
25,DAL,18,-0.1 
26,POR,537,0.4 
27,NYK,115,0.1 
28,TOT,1382,0.5 
28,TOR,946,0.2 
28,IND,436,0.2 
29,MIN,1032,0.8 
30,TOR,1032,1.3 
31,LAL,1440,2.4 
32,GSW,9,0.0 
33,BOS,1868,1.5 
34,PHI,295,0.0 
35,MIA,1499,1.2 
36,POR,1791,3.3 
37,TOR,705,1.5 
38,MIN,1087,-0.3 
39,DAL,1151,0.5 
40,NOH,1966,1.9 
Rk,Tm,MP,OWS 
41,UTA,796,1.0 
42,GSW,9,0.0 
43,NYK,557,0.0 
44,GSW,739,0.6 
45,LAC,607,1.5 
46,CHA,1455,-0.5 
47,SAS,1363,2.2 
48,LAL,1237,0.2 
49,WAS,626,-0.8 
50,LAC,464,-0.4 
51,NJN,94,0.0 
52,MIL,364,-0.1 
53,SAS,1326,2.7 
54,WAS,1261,1.6 
55,CHI,1948,3.3 
56,MIA,2007,3.6 
57,HOU,111,0.0 
58,PHI,88,-0.2 
59,BOS,1368,0.6 
60,PHI,1732,2.5 
Rk,Tm,MP,OWS 
61,DEN,1287,1.1 
62,CHI,1635,1.0 
63,MIL,239,-0.1 
64,NJN,1648,0.5 
65,CHA,1443,2.0 
66,GSW,187,-0.1 
67,PHO,1400,0.8 
68,LAL,2232,4.2 
69,HOU,1298,2.0 
70,UTA,939,1.1 
71,LAC,1871,1.2 
72,CHI,359,0.5 
73,TOR,453,-0.6 
74,SAS,37,0.1 
75,LAL,2112,4.8 
76,DET,514,-0.7 
77,TOR,1799,3.9 
78,TOT,1352,1.1 
78,POR,894,0.3 
78,HOU,458,0.8 
79,DAL,277,-0.3 
80,TOT,348,0.3 
80,DEN,21,0.1 
80,UTA,327,0.2 
Rk,Tm,MP,OWS 
81,CHA,596,-0.7 
82,TOR,209,-0.3 
83,DAL,1542,1.0 
84,CLE,1341,0.6 
85,MIA,1825,1.5 
86,NYK,2061,5.8 
87,DEN,215,-0.3 
88,PHO,491,0.6 
89,ORL,559,-0.5 
90,MIA,1260,-1.4 
91,ATL,308,-0.2 
92,IND,1878,2.3 
93,OKC,1307,2.3 
94,MEM,2174,3.6 
95,TOT,276,-0.3 
95,LAC,121,-0.4 
95,WAS,155,0.0 
96,OKC,989,0.8 
97,SAC,1950,2.1 
98,POR,1613,1.6 
99,WAS,1753,0.3 
100,MEM,1124,1.8 
Rk,Tm,MP,OWS 
101,MIA,83,-0.2 
102,GSW,732,1.8 
103,HOU,1446,1.8 
104,ATL,83,-0.1 
105,BOS,484,-0.8 
106,NYK,595,-0.7 
107,TOR,1534,1.6 
108,ORL,1427,0.0 
109,MEM,130,0.2 
110,SAS,39,0.0 
111,DET,603,-1.3 
112,MIL,1537,0.8 
113,CHI,2129,2.3 
114,TOT,91,-0.2 
114,SAS,19,-0.1 
114,TOR,72,-0.1 
115,TOR,2206,1.1 
116,TOT,1424,-0.3 
116,CHA,1018,-0.8 
116,SAS,406,0.5 
117,SAS,14,0.0 
118,CHA,325,-0.3 
119,BOS,662,-0.2 
120,NYK,656,-1.4 
Rk,Tm,MP,OWS 
121,HOU,1752,3.6 
122,PHO,2020,4.0 
123,ORL,1226,0.4 
124,SAS,1634,3.0 
125,MIL,1445,3.5 
126,OKC,2546,8.5 
127,NOH,180,-0.1 
128,LAL,396,0.0 
129,MIN,973,0.3 
130,TOT,2120,1.6 
130,GSW,1365,1.2 
130,MIL,755,0.5 
131,PHI,16,0.0 
132,NJN,45,0.1 
133,CLE,333,0.2 
134,UTA,217,0.6 
135,WAS,343,0.2 
136,LAC,771,0.2 
137,SAC,2162,2.0 
138,TOT,102,-0.2 
138,CLE,83,-0.2 
138,LAL,19,0.0 
139,DEN,1037,3.2 
140,NJN,831,1.8 
Rk,Tm,MP,OWS 
141,UTA,1376,1.4 
142,POR,1906,0.7 
143,DEN,710,0.8 
144,IND,17,0.1 
145,NYK,1894,0.8 
146,TOT,1508,0.1 
146,LAL,1101,0.2 
146,OKC,407,-0.2 
147,TOT,416,0.0 
147,HOU,135,-0.1 
147,POR,281,0.1 
148,NOH,39,-0.1 
149,TOR,713,0.1 
150,SAS,191,0.0 
151,TOT,95,-0.1 
151,LAC,46,0.0 
151,HOU,49,-0.1 
152,IND,141,0.2 
153,LAC,1682,2.4 
154,SAC,1135,0.5 
155,PHO,1669,1.8 
156,NYK,13,-0.1 
157,NJN,793,0.4 
158,DEN,1351,2.9 
159,SAC,798,0.3 
160,BOS,1864,2.6 
Rk,Tm,MP,OWS 
161,MEM,2370,4.2 
162,LAL,2430,5.2 
163,MEM,2422,2.8 
164,CLE,1827,1.2 
165,IND,1958,2.8 
166,CLE,916,0.2 
167,CHI,1284,1.8 
168,SAS,792,3.4 
169,TOT,252,-0.1 
169,MIA,28,-0.1 
169,GSW,224,0.0 
170,LAC,425,-0.5 
171,MIL,1469,2.0 
172,DET,1398,1.0 
173,NOH,310,0.5 
174,PHO,2114,4.9 
175,LAL,419,0.0 
176,IND,2062,4.5 
177,TOR,813,0.1 
178,SAS,1522,2.5 
179,NJN,781,0.8 
180,ATL,922,1.4 
Rk,Tm,MP,OWS 
181,SAC,777,0.3 
182,LAC,2392,6.6 
183,MEM,206,0.1 
184,DEN,258,0.1 
185,CHI,697,0.5 
186,IND,1442,2.2 
187,CLE,231,0.1 
188,OKC,1946,7.5 
189,ORL,84,-0.3 
190,NYK,540,0.4 
191,DEN,1761,1.6 
192,UTA,1741,3.3 
193,CLE,456,0.1 
194,MIA,318,-0.3 
195,MIL,479,0.4 
196,MIA,1589,0.7 
197,PHI,920,1.1 
198,SAC,1039,0.1 
199,UTA,2015,3.8 
200,OKC,141,-0.2 
Rk,Tm,MP,OWS 
201,DAL,1146,1.1 
202,CHA,1831,0.8 
203,NOH,759,-0.4 
204,IND,1937,3.2 
205,TOT,1244,0.9 
205,SAC,644,-0.5 
205,POR,600,1.4 
206,CHA,423,-1.2 
207,TOT,1110,1.3 
207,DEN,826,0.5 
207,WAS,284,0.8 
208,IND,1274,2.8 
209,PHO,1378,0.6 
210,TOT,551,0.5 
210,HOU,469,0.5 
210,LAL,82,0.0 
211,ATL,1237,0.4 
212,MIL,39,-0.2 
213,PHI,2196,0.9 
214,TOT,522,-0.1 
214,CLE,362,0.0 
214,BOS,160,-0.1 
215,SAC,88,0.0 
216,ATL,348,0.8 
217,NJN,22,0.0 
218,ORL,2070,3.3 
219,UTA,991,-0.2 
220,MIA,190,-0.6 
Rk,Tm,MP,OWS 
221,TOT,334,-0.1 
221,CLE,314,0.0 
221,MEM,20,-0.1 
222,ORL,114,-0.5 
223,NJN,2162,3.6 
224,OKC,1792,3.0 
225,PHI,2209,3.1 
226,MIL,1655,4.4 
227,CLE,1558,3.4 
228,OKC,354,-0.1 
229,NOH,1530,2.9 
230,OKC,501,-0.4 
231,TOT,1212,-0.7 
231,MIL,712,-0.8 
231,SAS,500,0.1 
232,NJN,170,-0.3 
233,MIA,2326,10.0 
234,CHI,120,0.1 
235,CLE,2151,2.1 
236,UTA,2075,4.9 
237,TOT,1748,1.9 
237,SAS,1168,1.4 
237,GSW,580,0.6 
238,NYK,729,0.5 
239,GSW,893,0.4 
240,MIL,2331,3.8 
Rk,Tm,MP,OWS 
241,DET,1468,2.0 
242,DAL,203,-0.3 
243,TOR,1553,1.9 
244,TOT,124,0.1 
244,POR,5,0.0 
244,NJN,119,0.1 
245,NOH,119,-0.1 
246,TOT,175,0.0 
246,POR,93,0.1 
246,NOH,82,-0.1 
247,ATL,934,0.5 
248,BOS,298,-0.3 
249,TOR,1561,0.1 
250,ATL,2127,4.4 
251,NOH,61,0.1 
252,MIN,1469,-0.4 
253,IND,1052,1.1 
254,DAL,268,-0.1 
255,MIA,666,0.9 
256,TOT,292,0.0 
256,LAC,96,-0.1 
256,NOH,196,0.1 
257,LAC,1798,3.2 
258,NYK,108,0.3 
259,SAS,266,-0.2 
260,NOH,1372,-1.2 
Rk,Tm,MP,OWS 
261,UTA,874,0.9 
262,LAL,269,0.0 
263,CLE,59,0.0 
264,DAL,1379,0.9 
265,TOR,1057,0.5 
266,DET,2129,0.3 
267,CHI,1469,3.1 
268,DEN,792,1.7 
269,NOH,999,2.2 
270,DEN,2124,5.7 
271,HOU,1757,1.8 
272,GSW,2121,3.8 
273,MIN,243,0.0 
274,SAS,1534,3.1 
275,LAC,45,0.0 
276,MIL,555,0.9 
277,WAS,729,-0.2 
278,ORL,115,-0.1 
279,NYK,940,1.3 
280,MIL,1092,0.7 
Rk,Tm,MP,OWS 
281,NJN,136,0.3 
282,PHO,895,1.2 
283,MIN,2145,7.6 
284,HOU,1510,3.3 
285,CHI,726,1.2 
286,WAS,779,0.2 
287,DET,135,0.3 
288,CHA,881,0.5 
289,TOR,374,-0.7 
290,DAL,1139,1.7 
291,DAL,1919,1.0 
292,WAS,391,0.5 
293,LAC,940,-0.3 
294,HOU,1264,2.7 
295,WAS,697,0.6 
296,POR,2228,3.4 
297,DET,1466,0.4 
298,OKC,137,0.0 
299,MEM,1771,1.3 
300,MIL,1009,1.2 
Rk,Tm,MP,OWS 
301,TOT,1535,1.9 
301,WAS,1124,1.2 
301,DEN,411,0.7 
302,ATL,837,0.5 
303,GSW,1127,0.6 
304,LAL,718,0.6 
305,PHI,1644,2.1 
306,UTA,1145,0.7 
307,MIN,472,-0.4 
308,DEN,1809,1.9 
309,MIN,146,0.1 
310,MIA,752,0.8 
311,SAS,261,0.6 
312,UTA,2100,4.9 
313,OKC,692,0.3 
314,DET,2082,4.3 
315,CHA,123,-0.3 
316,BOS,331,-0.3 
317,GSW,118,0.0 
318,LAL,169,-0.2 
319,HOU,126,-0.3 
320,PHO,1227,0.1 
Rk,Tm,MP,OWS 
321,NJN,1636,1.7 
322,DEN,687,0.3 
323,CHA,1465,-0.4 
324,LAL,956,0.8 
325,WAS,3,0.0 
326,CHA,270,-0.1 
327,PHO,1961,5.2 
328,SAS,1206,1.6 
329,ORL,1706,2.3 
330,CHI,1945,4.9 
331,PHI,56,-0.3 
332,NYK,1020,2.9 
333,DAL,2079,5.0 
334,BOS,570,-0.1 
335,DAL,1027,-0.9 
336,NOH,781,0.8 
337,NJN,454,-0.2 
338,ORL,187,0.2 
339,SAC,500,-0.3 
340,NJN,75,0.0 
Rk,Tm,MP,OWS 
341,ATL,1640,2.3 
342,ATL,671,0.6 
343,MEM,424,-1.1 
344,CLE,1280,1.0 
345,SAS,1923,5.5 
346,HOU,1804,1.6 
347,HOU,1483,0.5 
348,LAC,2181,10.4 
349,BOS,527,-0.6 
350,MIN,1264,3.6 
351,OKC,1744,0.0 
352,NJN,920,0.1 
353,BOS,2075,3.3 
354,BOS,921,-0.2 
355,MIA,301,0.1 
356,MEM,1002,0.9 
357,IND,568,0.2 
358,PHO,517,-0.4 
359,DET,2087,1.2 
360,POR,449,-0.2 
Rk,Tm,MP,OWS 
361,ATL,755,0.5 
362,MIN,517,0.5 
363,MEM,735,1.0 
364,PHO,770,0.6 
365,ORL,1765,4.2 
366,OKC,17,0.0 
367,ORL,1591,1.2 
368,ORL,866,0.4 
369,MIN,1750,2.4 
370,GSW,1192,2.4 
371,BOS,1957,1.5 
372,CHI,1375,4.1 
373,MIN,1404,0.5 
374,GSW,1717,2.9 
375,DET,357,-0.6 
376,SAC,1250,0.3 
377,CLE,825,0.2 
378,MIL,643,-0.3 
379,CHI,122,0.0 
380,HOU,2067,1.8 
Rk,Tm,MP,OWS 
381,OKC,914,0.8 
382,MEM,237,-0.7 
383,WAS,1176,1.2 
384,TOT,1707,2.9 
384,CLE,1006,1.5 
384,LAL,701,1.4 
385,NYK,1705,-0.1 
386,PHI,39,-0.1 
387,LAC,418,0.0 
388,WAS,1431,0.1 
389,WAS,262,0.7 
390,MEM,4,0.0 
391,TOT,669,-0.4 
391,ATL,20,0.0 
391,NOH,41,-0.1 
391,CLE,608,-0.3 
392,POR,464,0.6 
393,HOU,69,0.1 
394,TOT,234,0.0 
394,GSW,63,0.0 
394,ORL,171,0.0 
395,NYK,967,1.0 
396,NOH,947,1.2 
397,NJN,46,-0.1 
398,ATL,2329,1.9 
399,POR,541,-0.6 
400,MEM,1345,0.9 
Rk,Tm,MP,OWS 
401,SAS,1121,3.0 
402,ATL,273,0.0 
403,IND,442,-0.8 
404,NJN,960,-0.3 
405,BOS,766,0.6 
406,DEN,179,0.2 
407,NYK,1543,1.8 
408,DET,1644,3.8 
409,NOH,209,0.1 
410,ATL,2183,3.0 
411,PHO,895,0.4 
412,DAL,2000,2.0 
413,TOT,139,0.1 
413,HOU,23,0.1 
413,POR,116,0.1 
414,SAC,1656,4.2 
415,POR,803,0.2 
416,NOH,630,0.7 
417,SAS,15,0.0 
418,CHA,1013,-1.5 
419,LAC,119,-0.1 
420,SAC,1657,3.1 
Rk,Tm,MP,OWS 
421,GSW,1608,1.4 
422,CLE,95,-0.2 
423,CLE,1424,0.3 
424,SAC,1780,3.7 
425,UTA,507,-0.2 
426,MIN,882,0.3 
427,TOT,279,0.2 
427,WAS,58,-0.1 
427,MIA,221,0.3 
428,ORL,1653,0.6 
429,PHI,1713,-0.6 
430,GSW,568,-0.5 
431,WAS,52,-0.1 
432,TOT,1290,0.9 
432,GSW,827,0.3 
432,MIL,463,0.5 
433,MIL,1080,0.8 
434,TOT,370,-0.2 
434,CLE,13,0.0 
434,TOR,357,-0.2 
435,CLE,785,1.2 
436,NOH,1706,1.0 
437,WAS,1078,0.7 
438,DET,180,0.1 
439,PHI,812,0.2 
440,MIA,1625,4.8 
Rk,Tm,MP,OWS 
441,ORL,469,0.1 
442,NYK,620,0.1 
443,CHA,1792,-0.2 
444,WAS,2386,1.7 
445,DET,980,-0.1 
446,TOT,2076,3.0 
446,POR,1503,2.0 
446,NJN,573,1.0 
447,TOT,364,-0.4 
447,LAL,65,0.0 
447,CLE,299,-0.5 
448,PHO,503,0.3 
449,NOH,98,-0.1 
450,CHI,1159,0.8 
451,UTA,1033,-0.6 
452,MIN,1140,0.8 
453,IND,1925,3.4 
454,DAL,1060,0.8 
455,OKC,2331,5.5 
456,CHA,1098,0.5 
457,SAC,109,0.0 
458,BOS,481,0.4 
459,DET,922,-0.2 
460,NJN,1999,3.7 
Rk,Tm,MP,OWS 
461,MIN,1418,0.6 
462,POR,149,0.2 
463,NJN,635,1.0 
464,PHI,1682,3.9 
465,ATL,1500,2.7 
466,LAC,1472,2.2 
467,CHA,747,0.3 
468,TOT,107,0.2 
468,DAL,65,0.2 
468,BOS,42,0.1 
469,NJN,514,-0.5 
470,NJN,1276,1.1 
471,TOT,550,-0.1 
471,HOU,181,-0.2 
471,SAC,369,0.2 
472,LAL,1720,0.9 
473,DAL,791,2.2 
474,GSW,186,0.5 
475,GSW,1650,2.6 
476,TOT,1729,1.4 
476,WAS,1211,1.1 
476,LAC,518,0.2 
477,TOT,375,-0.3 
477,MEM,240,-0.1 
477,PHI,135,-0.2 
