Rk,Tm,MP,DWS 
1,TOT,441,0.3 
1,DEN,417,0.3 
1,DAL,24,0.0 
2,ATL,2980,3.1 
3,WAS,1325,0.6 
4,DET,97,0.1 
5,MIA,161,0.3 
6,MIL,2525,1.3 
7,MIL,600,0.5 
8,UTA,586,0.3 
9,DEN,262,0.3 
10,POR,1860,1.5 
11,BOS,2430,3.5 
12,MEM,219,0.2 
13,NYK,1596,1.3 
14,TOT,1514,0.9 
14,CHI,961,0.6 
14,MIL,553,0.3 
15,GSW,1155,0.7 
16,NJN,196,0.2 
17,ORL,2730,2.6 
18,TOT,371,0.1 
18,TOR,96,0.1 
18,DEN,275,0.0 
19,DET,2285,1.8 
20,CHH,1319,1.6 
Rk,Tm,MP,DWS 
21,MEM,307,0.3 
22,MIN,258,0.1 
23,CHI,638,0.6 
24,SEA,1710,0.9 
25,POR,228,0.3 
26,DET,582,0.5 
27,SEA,3040,3.3 
28,DET,1985,2.5 
29,DEN,408,0.3 
30,BOS,1819,3.0 
31,MEM,3097,2.1 
32,TOT,44,0.0 
32,PHO,42,0.0 
32,DAL,2,0.0 
33,PHI,890,1.0 
34,IND,1647,1.3 
35,TOT,1747,1.4 
35,IND,954,1.0 
35,CHI,793,0.4 
36,SAC,2659,2.6 
37,MIN,2355,1.5 
38,GSW,599,0.1 
39,PHI,1426,2.4 
40,BOS,415,0.7 
Rk,Tm,MP,DWS 
41,SEA,279,0.3 
42,POR,245,0.3 
43,ATL,585,0.5 
44,SAS,1699,2.2 
45,DEN,1686,1.2 
46,PHI,29,0.0 
47,LAC,761,0.2 
48,TOR,118,0.1 
49,DAL,757,1.0 
50,LAC,3020,3.7 
51,MIN,962,0.9 
52,IND,43,0.1 
53,IND,160,0.1 
54,SAC,92,0.2 
55,PHI,67,0.1 
56,ORL,65,0.1 
57,MIA,21,0.0 
58,BOS,245,0.5 
59,WAS,817,0.8 
60,CHH,2563,3.6 
Rk,Tm,MP,DWS 
61,BOS,6,0.0 
62,HOU,403,0.2 
63,POR,520,0.5 
64,LAL,3063,3.8 
65,SAS,206,0.3 
66,DAL,885,0.6 
67,TOT,684,0.6 
67,PHO,54,0.0 
67,ORL,630,0.6 
68,MEM,1769,1.0 
69,CHH,350,0.2 
70,POR,90,0.0 
71,MIL,283,0.1 
72,NYK,1007,1.7 
73,CHH,2156,3.5 
74,DET,43,0.0 
75,MIA,1050,1.6 
76,TOR,2385,2.4 
77,MIL,2605,1.4 
78,HOU,1917,1.7 
79,CHI,1389,1.4 
80,DEN,1631,0.6 
Rk,Tm,MP,DWS 
81,TOR,1576,1.5 
82,SAC,2798,4.2 
83,TOR,2185,3.6 
84,PHI,1528,2.4 
85,SAC,153,0.2 
86,PHI,2080,3.2 
87,CLE,693,0.0 
88,HOU,365,0.1 
89,UTA,1440,1.0 
90,NJN,1407,2.0 
91,ATL,131,0.1 
92,CHI,481,0.2 
93,TOT,156,0.1 
93,LAL,27,0.0 
93,PHO,129,0.1 
94,IND,1286,1.4 
95,UTA,802,0.4 
96,PHI,501,0.6 
97,TOR,886,0.6 
98,CHI,1150,0.8 
99,DET,1912,1.6 
100,PHI,177,0.4 
Rk,Tm,MP,DWS 
101,GSW,1740,1.1 
102,SAS,2175,2.3 
103,TOR,2978,3.6 
104,CHH,3318,3.8 
105,POR,2447,3.1 
106,ATL,774,0.4 
107,WAS,1231,0.4 
108,CLE,1954,0.8 
109,ORL,633,0.8 
110,PHO,6,0.0 
111,TOT,1447,1.5 
111,PHO,877,0.8 
111,BOS,570,0.7 
112,TOT,299,0.4 
112,NJN,249,0.4 
112,TOR,50,0.1 
113,MEM,124,0.0 
114,CLE,109,0.1 
115,SAC,2420,4.2 
116,CLE,705,0.4 
117,LAC,155,0.0 
118,CHH,774,0.7 
119,SEA,1174,0.8 
120,POR,327,0.4 
Rk,Tm,MP,DWS 
121,SAS,3329,7.1 
122,NYK,609,0.4 
123,LAC,152,0.1 
124,MIA,1684,2.2 
125,DAL,299,0.4 
126,MIN,45,0.0 
127,ORL,901,1.3 
128,SAS,799,0.9 
129,DAL,2754,1.0 
130,LAL,1974,1.8 
131,CHI,1963,1.3 
132,MEM,75,0.0 
133,PHO,452,0.5 
134,BOS,39,0.1 
135,GSW,2216,2.1 
136,MIL,24,0.0 
137,IND,1786,2.7 
138,MEM,320,0.2 
139,LAC,343,0.2 
140,LAL,2289,2.8 
Rk,Tm,MP,DWS 
141,GSW,1485,1.6 
142,HOU,2343,1.2 
143,SAC,722,1.0 
144,MIN,3175,4.9 
145,TOT,183,0.3 
145,MIN,152,0.3 
145,GSW,31,0.0 
146,ORL,2406,1.7 
147,MEM,3007,2.8 
148,MIA,809,1.3 
149,PHI,36,0.0 
150,LAL,1759,2.6 
151,MEM,384,0.1 
152,MIA,1410,2.0 
153,ATL,1156,0.9 
154,NJN,50,0.1 
155,MIA,2256,3.7 
156,ORL,2210,2.0 
157,DAL,1383,1.2 
158,HOU,1896,1.4 
159,PHO,1129,1.4 
160,CHI,607,0.0 
Rk,Tm,MP,DWS 
161,MIL,1208,0.6 
162,WAS,2203,0.6 
163,MIA,98,0.2 
164,DEN,848,0.6 
165,PHO,2462,2.8 
166,TOT,1601,0.6 
166,DAL,1276,0.4 
166,DEN,325,0.2 
167,PHI,2541,3.6 
168,IND,1313,1.4 
169,NYK,1563,1.4 
170,NJN,1553,2.1 
171,SAS,92,0.2 
172,SEA,47,0.0 
173,TOT,841,0.7 
173,DAL,162,0.2 
173,DEN,679,0.5 
174,CHI,2237,0.9 
175,CHH,77,0.1 
176,WAS,1266,1.4 
177,ATL,422,0.4 
178,GSW,70,0.1 
179,ORL,512,0.5 
180,CLE,810,0.7 
Rk,Tm,MP,DWS 
181,CHI,1408,1.1 
182,LAL,2140,3.6 
183,MIA,1230,1.6 
184,NYK,2914,1.1 
185,TOT,2635,1.5 
185,DAL,1659,1.0 
185,DEN,976,0.5 
186,ORL,1854,0.9 
187,GSW,2049,1.1 
188,LAL,1616,1.7 
189,ORL,516,0.5 
190,CLE,1329,1.0 
191,PHI,2622,4.3 
192,SAC,1750,2.2 
193,ORL,144,0.1 
194,TOR,280,0.2 
195,MIA,1825,2.5 
196,TOT,495,0.4 
196,GSW,169,0.1 
196,MIN,326,0.3 
197,NYK,2367,1.7 
198,SAS,227,0.4 
199,SEA,949,1.3 
200,MIA,119,0.2 
Rk,Tm,MP,DWS 
201,PHI,41,0.0 
202,GSW,3033,0.8 
203,LAC,176,0.1 
204,NJN,1917,2.9 
205,NJN,366,0.7 
206,TOT,1352,0.2 
206,DEN,1200,0.1 
206,DAL,152,0.0 
207,ATL,1727,1.5 
208,MIL,1660,1.9 
209,TOT,1916,1.9 
209,BOS,1003,1.2 
209,PHO,913,0.7 
210,PHI,126,0.3 
211,DET,1083,0.8 
212,MIA,3156,5.0 
213,CLE,2142,1.8 
214,WAS,1920,1.9 
215,WAS,2093,2.1 
216,POR,1232,1.6 
217,POR,775,0.4 
218,NJN,3056,5.8 
219,UTA,2151,3.3 
220,NJN,2601,3.9 
Rk,Tm,MP,DWS 
221,MEM,1151,1.2 
222,NYK,429,0.4 
223,ATL,1494,1.0 
224,WAS,1441,1.6 
225,TOT,2455,2.7 
225,DEN,1668,1.8 
225,DAL,787,1.0 
226,CLE,477,0.1 
227,HOU,434,0.1 
228,UTA,542,0.3 
229,DEN,1665,0.8 
230,UTA,490,0.4 
231,SEA,2585,2.7 
232,SEA,176,0.2 
233,SEA,989,0.9 
234,MEM,1868,1.2 
235,MIN,581,0.4 
236,WAS,1458,0.8 
237,CHH,893,1.2 
238,NJN,1502,2.5 
239,MIA,159,0.2 
240,LAL,650,0.8 
Rk,Tm,MP,DWS 
241,LAC,1615,1.0 
242,CHH,1549,2.4 
243,PHO,1180,1.3 
244,UTA,3040,4.3 
245,DAL,552,0.6 
246,PHO,3187,1.7 
247,PHO,3109,5.1 
248,MIA,319,0.5 
249,NJN,118,0.1 
250,UTA,1750,2.1 
251,DAL,22,0.0 
252,NJN,2504,4.2 
253,CHH,1601,1.6 
254,MIL,3143,2.0 
255,SEA,2420,1.6 
256,MEM,1247,1.2 
257,BOS,718,0.9 
258,SAS,153,0.3 
259,DEN,1830,0.8 
260,LAL,104,0.1 
Rk,Tm,MP,DWS 
261,DEN,236,0.2 
262,ORL,2912,3.4 
263,LAC,3030,0.8 
264,PHI,784,1.2 
265,PHI,1471,2.1 
266,LAL,729,0.9 
267,TOT,1716,0.4 
267,CHI,1503,0.3 
267,IND,213,0.1 
268,CLE,1659,1.1 
269,LAC,2227,2.6 
270,CLE,3023,1.5 
271,TOT,2263,2.3 
271,CHI,1391,1.3 
271,IND,872,1.0 
272,ORL,2123,1.3 
273,IND,2889,1.9 
274,GSW,1237,0.3 
275,MIN,726,0.4 
276,HOU,3116,1.1 
277,ATL,2168,2.4 
278,CHH,76,0.2 
279,TOR,655,0.8 
280,DET,217,0.3 
Rk,Tm,MP,DWS 
281,HOU,1110,0.4 
282,ATL,1371,0.8 
283,MIA,2455,4.8 
284,GSW,1448,0.7 
285,CLE,2312,1.3 
286,TOR,473,0.4 
287,PHI,2907,5.5 
288,TOR,46,0.0 
289,CHH,1912,1.7 
290,DAL,1357,1.2 
291,DAL,2837,0.3 
292,WAS,1498,1.6 
293,MIN,2218,2.5 
294,ATL,1273,0.9 
295,DAL,724,0.3 
296,HOU,2249,0.7 
297,DAL,2891,3.1 
298,IND,2707,4.1 
299,LAL,2422,4.0 
300,CHI,1383,1.3 
Rk,Tm,MP,DWS 
301,LAC,999,0.9 
302,TOR,1378,2.9 
303,GSW,139,0.0 
304,TOT,1723,1.0 
304,CHI,1146,0.5 
304,IND,577,0.5 
305,LAC,2568,3.5 
306,UTA,1107,1.6 
307,TOT,1928,2.4 
307,ORL,160,0.2 
307,PHO,1768,2.2 
308,LAC,130,0.1 
309,SEA,221,0.3 
310,MIN,252,0.2 
311,UTA,1295,1.2 
312,TOT,790,0.8 
312,BOS,518,0.6 
312,PHO,272,0.2 
313,SAS,2267,2.9 
314,SAS,234,0.4 
315,POR,1765,1.9 
316,SEA,3301,2.5 
317,MIN,2060,1.3 
318,LAL,12,0.0 
319,MEM,48,0.0 
320,CLE,2793,0.8 
Rk,Tm,MP,DWS 
321,TOR,1988,1.7 
322,LAC,1718,0.8 
323,BOS,3302,5.6 
324,POR,1996,2.6 
325,SAC,1881,3.5 
326,MIL,426,0.3 
327,SAS,1294,1.9 
328,DEN,2238,2.2 
329,NYK,179,0.1 
330,BOS,1343,1.7 
331,SAC,89,0.1 
332,MIL,1128,1.5 
333,SEA,1230,1.5 
334,POR,238,0.3 
335,ATL,82,0.1 
336,DET,1179,1.9 
337,TOT,33,0.0 
337,CHH,2,0.0 
337,LAC,31,0.0 
338,MIL,1417,0.7 
339,ORL,714,0.9 
340,HOU,606,0.0 
Rk,Tm,MP,DWS 
341,GSW,2629,0.9 
342,TOT,67,0.0 
342,IND,4,0.0 
342,CHI,63,0.0 
343,LAC,2152,1.6 
344,LAL,709,0.8 
345,DEN,173,0.1 
346,DET,2855,3.5 
347,SAS,2303,5.1 
348,CHI,653,0.3 
349,MIL,2346,2.1 
350,NYK,10,0.0 
351,IND,168,0.2 
352,TOT,1880,2.2 
352,PHO,1254,1.4 
352,BOS,626,0.8 
353,LAC,728,0.5 
354,TOT,3153,2.1 
354,IND,1937,1.6 
354,CHI,1216,0.5 
355,SAS,1725,3.4 
356,PHI,169,0.3 
357,UTA,1998,1.6 
358,PHO,24,0.0 
359,ORL,36,0.1 
360,DEN,560,0.3 
Rk,Tm,MP,DWS 
361,NJN,290,0.4 
362,DEN,252,0.2 
363,SEA,142,0.1 
364,LAL,631,0.9 
365,WAS,343,0.2 
366,ATL,3,0.0 
367,CLE,1107,1.0 
368,TOT,47,0.0 
368,NJN,10,0.0 
368,ATL,37,0.0 
369,SAS,1141,1.9 
370,TOT,181,0.3 
370,SAC,71,0.1 
370,PHI,110,0.1 
371,MIN,1922,2.0 
372,ATL,100,0.1 
373,SAS,2211,2.4 
374,PHI,2225,2.9 
375,MEM,872,0.5 
376,NYK,248,0.3 
377,NYK,3326,1.7 
378,DET,2685,2.6 
379,UTA,929,0.5 
380,MIA,884,1.8 
Rk,Tm,MP,DWS 
381,UTA,1134,0.7 
382,TOR,93,0.1 
383,CLE,665,0.4 
384,UTA,2566,2.6 
385,SAC,2649,3.0 
386,POR,2796,1.7 
387,BOS,1643,2.0 
388,ATL,654,0.5 
389,MIA,2294,3.0 
390,IND,88,0.1 
391,GSW,1780,0.9 
392,MEM,1805,2.0 
393,MIN,3117,1.7 
394,ATL,2967,2.1 
395,WAS,618,0.9 
396,HOU,2484,1.9 
397,NYK,2771,3.4 
398,MIL,1987,1.3 
399,IND,2442,2.9 
400,HOU,1075,0.1 
Rk,Tm,MP,DWS 
401,CHH,678,1.1 
402,MIN,1140,1.1 
403,CLE,77,0.1 
404,PHO,1582,1.8 
405,SAC,1970,2.7 
406,TOT,2496,0.4 
406,DEN,1739,0.2 
406,DAL,757,0.2 
407,NJN,2465,4.3 
408,DET,6,0.0 
409,ATL,1856,1.0 
410,PHO,900,0.9 
411,BOS,3406,5.2 
412,LAL,1655,2.8 
413,DET,2921,7.2 
414,SAC,430,0.6 
415,PHO,490,0.4 
416,POR,2963,4.1 
417,NYK,1058,1.3 
418,SEA,964,0.8 
419,NYK,1728,1.9 
420,SAC,2071,3.9 
Rk,Tm,MP,DWS 
421,POR,2348,3.0 
422,CHH,2487,1.5 
423,WAS,1346,1.8 
424,DET,129,0.2 
425,WAS,2171,1.1 
426,NJN,1546,2.5 
427,TOR,2927,3.1 
428,BOS,1747,2.2 
429,MEM,2236,1.5 
430,TOR,1641,2.3 
431,ORL,1284,1.2 
432,DEN,737,0.7 
433,SEA,603,0.3 
434,HOU,1117,0.3 
435,DET,1701,1.9 
436,HOU,865,0.9 
437,MIN,516,0.7 
438,TOT,1642,2.7 
438,CHI,823,1.2 
438,IND,819,1.4 
439,MEM,1251,1.4 
