Rk,Tm,MP,DWS 
1,POR,290,0.5 
2,DEN,1505,-0.3 
3,ORL,1313,1.1 
4,DEN,2346,0.4 
5,DET,2006,2.7 
6,POR,1710,2.1 
7,WSB,587,0.6 
8,DAL,236,0.1 
9,TOT,924,0.9 
9,MIL,247,0.4 
9,NJN,18,0.0 
9,DEN,659,0.5 
10,ORL,1971,1.9 
11,PHI,2340,1.8 
12,SAS,2592,3.5 
13,ORL,877,0.7 
14,CHI,1731,1.8 
15,GSW,85,0.0 
16,MIA,266,0.4 
17,CLE,52,0.0 
18,UTA,2486,3.1 
19,LAC,26,0.0 
20,LAC,339,0.4 
Rk,Tm,MP,DWS 
21,PHI,2498,3.1 
22,SEA,750,0.4 
23,ATL,1863,0.6 
24,TOT,945,0.6 
24,PHO,263,0.4 
24,DEN,682,0.2 
25,DET,562,0.8 
26,TOT,2236,3.7 
26,LAC,1337,2.4 
26,SEA,899,1.3 
27,CLE,334,0.2 
28,BOS,2277,3.6 
29,DAL,2965,1.0 
30,DET,214,0.3 
31,NJN,2585,2.9 
32,CHH,2299,1.7 
33,PHI,1522,2.6 
34,SAC,750,0.8 
35,NJN,1916,2.2 
36,MIN,1505,1.3 
37,MIL,1912,2.6 
38,MIN,980,0.5 
39,CLE,1485,0.9 
40,BOS,1945,1.8 
Rk,Tm,MP,DWS 
41,UTA,1391,1.9 
42,TOT,294,0.2 
42,LAL,27,0.0 
42,UTA,267,0.2 
43,POR,781,1.1 
44,NJN,859,0.8 
45,HOU,63,0.1 
46,MIA,1928,1.6 
47,LAC,37,0.0 
48,SEA,2141,2.7 
49,HOU,343,0.7 
50,SAC,678,0.4 
51,LAL,380,0.7 
52,MIN,2893,1.4 
53,SAC,2527,1.8 
54,PHO,96,0.2 
55,CHI,2273,2.3 
56,ORL,1459,0.9 
57,SAC,1719,2.2 
58,PHO,730,0.7 
59,PHO,2475,3.0 
60,CHH,2100,1.0 
Rk,Tm,MP,DWS 
61,NYK,2147,2.4 
62,CLE,110,0.1 
63,MIN,320,0.1 
64,NJN,2602,3.4 
65,MIA,1355,1.2 
66,SAC,251,0.2 
67,TOT,1008,1.4 
67,NJN,489,0.6 
67,MIL,519,0.8 
68,DEN,1121,0.5 
69,POR,746,1.2 
70,MIN,3196,2.9 
71,SEA,147,0.2 
72,UTA,26,0.0 
73,SAS,2195,3.2 
74,CHH,159,0.1 
75,CHH,1515,1.2 
76,SEA,299,0.1 
77,MIL,126,0.1 
78,CLE,2946,3.6 
79,DAL,1426,0.8 
80,MIA,996,1.0 
Rk,Tm,MP,DWS 
81,TOT,1483,0.6 
81,DEN,1044,0.1 
81,POR,439,0.5 
82,PHI,124,0.1 
83,SAC,17,0.0 
84,TOT,149,0.1 
84,SAS,144,0.1 
84,IND,5,0.0 
85,LAL,2310,4.8 
86,DAL,2800,2.5 
87,MIA,2562,1.9 
88,IND,1031,0.8 
89,LAL,496,0.5 
90,POR,2852,4.5 
91,POR,2511,3.0 
92,NJN,1560,2.4 
93,DET,3046,3.1 
94,DEN,217,0.0 
95,WSB,1616,0.9 
96,UTA,2580,4.3 
97,UTA,1611,2.0 
98,DET,1903,2.0 
99,MIA,2000,2.2 
100,CLE,2766,2.4 
Rk,Tm,MP,DWS 
101,TOT,644,0.3 
101,PHI,20,0.0 
101,GSW,624,0.3 
102,SAS,3044,3.7 
103,TOT,1424,1.0 
103,SEA,800,0.6 
103,MIL,624,0.4 
104,WSB,1942,2.9 
105,WSB,1443,0.7 
106,DAL,1748,0.8 
107,NYK,3104,5.6 
108,TOT,456,-0.1 
108,PHI,13,0.0 
108,DEN,443,-0.1 
109,HOU,372,0.5 
110,ATL,1165,0.6 
111,CLE,1661,1.3 
112,IND,1929,0.6 
113,HOU,1850,2.3 
114,WSB,606,0.7 
115,SAC,475,0.5 
116,DEN,226,0.0 
117,BOS,2706,2.3 
118,LAC,1702,2.0 
119,LAC,949,1.2 
120,CHH,1552,1.5 
Rk,Tm,MP,DWS 
121,NJN,594,0.4 
122,NJN,743,0.6 
123,CHH,1944,1.6 
124,TOT,2644,2.3 
124,CHH,949,0.9 
124,PHI,1695,1.4 
125,MIN,606,0.4 
126,TOT,2196,2.0 
126,PHI,791,0.9 
126,CHH,1405,1.1 
127,MIN,20,0.0 
128,DAL,168,0.2 
129,LAC,2105,2.1 
130,NYK,107,0.2 
131,WSB,2842,3.0 
132,CHI,2641,3.8 
133,NYK,37,0.0 
134,MIL,1422,1.2 
135,LAL,2164,2.9 
136,PHI,2248,1.0 
137,SAS,1099,1.9 
138,SAS,1018,1.6 
139,UTA,1005,1.2 
140,CHH,50,0.0 
Rk,Tm,MP,DWS 
141,NJN,1178,1.3 
142,WSB,1023,0.8 
143,SAC,811,0.4 
144,GSW,3215,2.5 
145,DAL,2879,2.0 
146,LAC,1383,1.6 
147,PHI,41,0.0 
148,DET,113,0.1 
149,PHI,3110,3.3 
150,DET,392,0.5 
151,MIL,690,0.6 
152,SAC,61,0.0 
153,GSW,2024,1.2 
154,SAS,464,0.5 
155,GSW,1192,1.1 
156,NJN,91,0.1 
157,CHI,843,0.8 
158,TOT,155,0.1 
158,CHH,112,0.1 
158,PHI,43,0.0 
159,CHI,728,0.8 
160,PHO,2733,2.8 
Rk,Tm,MP,DWS 
161,MIL,2726,2.3 
162,WSB,316,0.3 
163,NYK,1595,1.5 
164,HOU,202,0.2 
165,CLE,505,0.4 
166,GSW,105,0.1 
167,TOT,959,0.9 
167,DEN,217,0.0 
167,SAS,742,0.9 
168,HOU,2279,3.0 
169,TOT,2085,1.2 
169,PHO,312,0.3 
169,SEA,1773,0.9 
170,PHO,2772,3.3 
171,LAL,2933,4.2 
172,GSW,228,0.2 
173,DET,2390,2.8 
174,WSB,1499,2.3 
175,CHI,3034,5.4 
176,SEA,2442,3.0 
177,CLE,905,0.4 
178,POR,2359,3.8 
179,MIA,1259,1.2 
180,CHH,473,0.5 
Rk,Tm,MP,DWS 
181,LAC,1004,0.8 
182,WSB,2401,1.6 
183,CHI,1198,1.4 
184,ORL,2225,2.0 
185,BOS,850,1.0 
186,PHO,792,0.6 
187,GSW,21,0.0 
188,ATL,1931,1.9 
189,MIL,157,0.1 
190,DET,2668,4.4 
191,DEN,1383,0.5 
192,PHO,1152,1.8 
193,TOT,1122,1.0 
193,SAC,378,0.3 
193,CHH,744,0.6 
194,NJN,265,0.2 
195,DEN,148,-0.1 
196,ATL,9,0.0 
197,SAC,1399,0.9 
198,SAS,99,0.1 
199,DAL,86,0.1 
200,CHI,1013,1.4 
Rk,Tm,MP,DWS 
201,BOS,2878,3.0 
202,DEN,1171,0.1 
203,DEN,860,0.1 
204,GSW,1552,1.7 
205,PHO,2,0.0 
206,MIL,1219,1.7 
207,MIA,2514,3.0 
208,DET,256,0.3 
209,PHI,2439,3.1 
210,PHO,2281,2.8 
211,UTA,2466,2.0 
212,UTA,3302,5.6 
213,ATL,1912,1.8 
214,LAC,2197,3.0 
215,GSW,987,0.7 
216,LAC,1334,1.1 
217,DEN,21,0.0 
218,SAS,161,0.3 
219,HOU,2870,3.5 
220,SAC,2145,1.3 
Rk,Tm,MP,DWS 
221,IND,1070,0.4 
222,ATL,689,0.5 
223,DAL,2561,2.3 
224,TOT,2634,3.0 
224,SEA,529,0.5 
224,PHO,2105,2.5 
225,BOS,2067,2.6 
226,SEA,2503,2.1 
227,SEA,1434,2.0 
228,ORL,13,0.0 
229,SEA,53,0.1 
230,IND,2972,0.8 
231,TOT,819,0.9 
231,DEN,279,0.2 
231,NJN,540,0.7 
232,MIN,3121,1.4 
233,GSW,257,0.2 
234,ATL,1096,0.8 
235,NJN,2553,3.4 
236,CLE,1207,1.0 
237,GSW,3315,2.4 
238,UTA,29,0.1 
239,MIN,1063,0.7 
240,NYK,825,0.8 
Rk,Tm,MP,DWS 
241,SAS,103,0.2 
242,CLE,2927,3.6 
243,DEN,125,0.0 
244,PHO,573,0.8 
245,CHH,2477,1.3 
246,LAC,2309,2.6 
247,UTA,85,0.1 
248,NYK,2739,3.6 
249,MIA,261,0.3 
250,HOU,2062,5.7 
251,IND,19,0.0 
252,PHI,800,0.6 
253,CLE,1181,0.5 
254,UTA,85,0.2 
255,BOS,2441,3.9 
256,CHI,1971,1.5 
257,PHI,444,0.3 
258,SEA,2244,2.4 
259,CHI,972,1.7 
260,LAL,2504,3.6 
Rk,Tm,MP,DWS 
261,PHO,587,0.9 
262,IND,2566,0.8 
263,GSW,834,0.6 
264,TOT,1015,0.8 
264,POR,133,0.2 
264,NJN,882,0.6 
265,TOT,2167,1.2 
265,MIL,1327,0.9 
265,SEA,840,0.3 
266,BOS,1165,1.8 
267,CHI,3014,5.4 
268,TOT,2092,2.0 
268,SEA,960,0.9 
268,LAC,1132,1.1 
269,BOS,64,0.1 
270,POR,2665,3.9 
271,SAS,1683,2.2 
272,CLE,571,0.6 
273,GSW,773,0.4 
274,NYK,1011,0.8 
275,PHO,900,1.3 
276,DEN,2325,1.1 
277,CHH,2467,2.1 
278,PHI,37,0.1 
279,ORL,1843,1.9 
280,MIA,2646,2.5 
Rk,Tm,MP,DWS 
281,MIN,3154,1.3 
282,GSW,3027,1.9 
283,ATL,2586,2.2 
284,MIL,2114,1.7 
285,MIL,2598,4.3 
286,POR,1940,3.0 
287,SAS,3095,7.6 
288,TOT,425,0.2 
288,GSW,170,0.1 
288,WSB,255,0.1 
289,ATL,674,0.5 
290,DET,2747,5.2 
291,DET,202,0.4 
292,UTA,874,0.9 
293,DET,1649,2.9 
294,SAC,348,0.5 
295,CHH,43,0.0 
296,IND,1357,0.5 
297,MIL,2228,2.6 
298,CHH,227,0.1 
299,SAS,398,0.8 
300,IND,2632,1.6 
Rk,Tm,MP,DWS 
301,LAL,2630,2.9 
302,ORL,2336,1.2 
303,MIA,2171,3.1 
304,DAL,510,0.5 
305,BOS,2772,2.7 
306,MIL,1940,2.6 
307,SAC,2978,3.6 
308,ORL,2714,1.5 
309,BOS,30,0.0 
310,LAC,2703,3.6 
311,WSB,45,0.0 
312,BOS,16,0.0 
313,HOU,2699,2.8 
314,HOU,1923,3.6 
315,BOS,389,0.2 
316,ORL,1885,1.7 
317,LAL,695,0.8 
318,IND,1690,1.1 
319,TOT,95,0.1 
319,GSW,25,0.0 
319,LAC,70,0.1 
320,SAC,2375,1.3 
Rk,Tm,MP,DWS 
321,MIN,2099,2.1 
322,NYK,1173,1.3 
323,MIL,6,0.0 
324,UTA,3103,4.7 
325,SAS,2076,3.1 
326,MIA,225,0.1 
327,DAL,171,0.3 
328,LAL,1498,1.3 
329,NJN,2955,1.8 
330,LAL,108,0.2 
331,DET,1657,2.3 
332,MIN,14,0.0 
333,MIA,1481,1.4 
334,IND,1946,1.9 
335,LAL,1077,1.4 
336,MIN,110,0.0 
337,HOU,3039,4.5 
338,SEA,2066,1.4 
339,SAC,1116,1.1 
340,GSW,1371,1.0 
Rk,Tm,MP,DWS 
341,UTA,470,0.5 
342,CHH,1289,0.7 
343,NYK,1194,1.0 
344,PHI,1407,1.2 
345,ORL,1683,1.1 
346,DAL,514,0.4 
347,CLE,1841,1.7 
348,NYK,2420,1.1 
349,LAC,1178,1.4 
350,ORL,975,0.6 
351,BOS,166,0.3 
352,MIA,116,0.1 
353,WSB,2305,2.6 
354,NYK,771,0.8 
355,ATL,2197,1.4 
356,SAC,1455,1.8 
357,MIN,824,0.6 
358,PHO,1957,3.1 
359,DAL,1901,2.3 
360,ORL,350,0.3 
Rk,Tm,MP,DWS 
361,ATL,3078,2.8 
362,NYK,668,0.8 
363,NYK,2164,1.8 
364,POR,2582,3.9 
365,DAL,1832,1.6 
366,CLE,1293,1.4 
367,PHI,508,0.4 
368,WSB,941,1.1 
369,IND,527,0.4 
370,IND,1706,1.6 
371,TOT,1896,1.0 
371,SAS,354,0.6 
371,DEN,1542,0.4 
372,CHI,337,0.5 
373,ATL,2373,2.0 
374,ATL,162,0.1 
375,HOU,607,0.6 
376,SAS,563,0.7 
377,IND,355,0.1 
378,DEN,1593,0.5 
379,HOU,1421,1.9 
380,SAC,222,0.1 
Rk,Tm,MP,DWS 
381,TOT,171,0.2 
381,HOU,125,0.2 
381,CLE,46,0.0 
382,DEN,1823,0.2 
383,WSB,2034,1.9 
384,LAL,3008,3.5 
385,TOT,164,0.2 
385,ATL,20,0.0 
385,ORL,136,0.1 
385,DAL,8,0.0 
386,BOS,39,0.0 
