Rk,Tm,MP,OWS 
1,TOT,1311,0.7 
1,MIL,159,0.0 
1,BOS,1152,0.7 
2,DEN,2710,3.0 
3,TOT,269,0.1 
3,HOU,23,-0.1 
3,WSB,246,0.2 
4,WSB,2499,3.3 
5,NJN,1164,-0.1 
6,DET,1056,1.1 
7,PHO,2163,4.5 
8,GSW,1753,1.6 
9,NYK,44,0.0 
10,NJN,2010,1.9 
11,ORL,2920,4.0 
12,PHI,1263,0.0 
13,SAS,560,-0.6 
14,NYK,1699,1.0 
15,CHI,2492,5.7 
16,TOT,1129,1.5 
16,SAC,76,0.0 
16,SEA,1053,1.4 
17,MIA,935,0.4 
18,ATL,2112,2.5 
19,UTA,306,0.0 
20,MIL,2285,-1.5 
Rk,Tm,MP,OWS 
21,BOS,97,-0.4 
22,MIN,1276,0.6 
23,DAL,175,-0.4 
24,PHO,2859,9.6 
25,SEA,1243,2.1 
26,MIL,552,-0.5 
27,CLE,497,0.1 
28,BOS,29,0.1 
29,SAS,66,-0.1 
30,TOT,754,-0.5 
30,SEA,448,0.0 
30,LAL,306,-0.5 
31,CHH,857,0.3 
32,UTA,1712,0.3 
33,NYK,1434,0.9 
34,LAL,109,-0.1 
35,MIN,642,0.0 
36,CHI,13,0.0 
37,ATL,2820,4.4 
38,CHH,2833,3.6 
39,PHI,855,-0.9 
40,DAL,1578,-1.2 
Rk,Tm,MP,OWS 
41,SAC,1764,0.6 
42,ORL,1761,0.9 
43,NJN,2092,0.9 
44,CLE,1622,1.9 
45,ATL,107,0.0 
46,MIL,2075,1.9 
47,DEN,571,-0.4 
48,HOU,1516,2.9 
49,NJN,1186,0.9 
50,BOS,2254,3.6 
51,UTA,1551,-0.1 
52,SAC,1726,0.2 
53,POR,1396,1.5 
54,GSW,1287,1.0 
55,HOU,1356,1.9 
56,MIA,451,-0.3 
57,WSB,35,0.0 
58,SEA,2156,2.9 
59,DAL,885,0.4 
60,LAL,1551,0.8 
Rk,Tm,MP,OWS 
61,NYK,1062,0.7 
62,SAS,1947,3.2 
63,CHI,1253,0.1 
64,ORL,262,-0.1 
65,SAC,1211,1.5 
66,PHO,1607,4.3 
67,PHO,1723,2.6 
68,WSB,1300,1.5 
69,NJN,510,0.6 
70,SAC,834,0.3 
71,LAL,332,-0.3 
72,NJN,2759,4.4 
73,MIA,2232,4.3 
74,SAC,467,0.6 
75,LAC,422,0.3 
76,LAL,645,-0.7 
77,UTA,2555,3.8 
78,TOT,105,0.2 
78,ORL,102,0.2 
78,WSB,3,0.0 
79,TOT,104,-0.1 
79,CHI,34,0.0 
79,GSW,70,0.0 
80,UTA,243,0.1 
Rk,Tm,MP,OWS 
81,SAS,76,0.0 
82,DAL,166,0.2 
83,CHH,2094,1.7 
84,SAS,1573,0.5 
85,CLE,2691,8.8 
86,IND,2264,4.0 
87,NYK,815,0.0 
88,DAL,2462,-0.6 
89,PHI,1598,0.8 
90,MIL,1931,1.5 
91,SAS,1526,2.2 
92,ORL,240,-0.1 
93,LAL,2525,1.5 
94,UTA,94,0.0 
95,BOS,1932,1.5 
96,IND,239,-0.2 
97,POR,1671,3.4 
98,POR,1762,0.2 
99,NJN,1398,-0.3 
100,DET,3094,7.8 
Rk,Tm,MP,OWS 
101,PHO,1320,2.1 
102,GSW,78,-0.2 
103,UTA,1104,0.4 
104,MIL,2729,3.7 
105,LAL,617,0.0 
106,MIA,1134,1.4 
107,CLE,2559,3.0 
108,POR,1757,3.0 
109,SAS,2604,3.9 
110,SAS,2731,4.1 
111,DEN,2749,4.1 
112,WSB,1701,2.1 
113,CHI,31,-0.2 
114,NYK,3003,2.6 
115,ATL,1736,2.1 
116,CLE,1461,1.8 
117,IND,1503,1.9 
118,HOU,867,0.1 
119,TOT,298,-0.1 
119,WSB,93,-0.1 
119,ATL,205,0.0 
120,BOS,1082,0.7 
Rk,Tm,MP,OWS 
121,BOS,2541,4.5 
122,HOU,1004,0.7 
123,GSW,1248,1.8 
124,CHH,1475,1.6 
125,MIA,554,0.6 
126,NJN,380,-0.4 
127,CHH,2430,1.1 
128,PHI,1742,1.2 
129,TOT,848,0.1 
129,MIN,71,-0.2 
129,DET,777,0.3 
130,CHH,251,0.3 
131,ATL,1508,0.7 
132,LAC,1624,-0.1 
133,PHI,996,-0.2 
134,WSB,2667,3.6 
135,CHI,2745,5.4 
136,GSW,1025,0.9 
137,LAL,2819,6.1 
138,ORL,626,0.4 
139,IND,81,0.0 
140,TOT,329,0.0 
140,SAS,202,0.1 
140,CHH,127,-0.1 
Rk,Tm,MP,OWS 
141,WSB,2795,-1.6 
142,CLE,215,-0.1 
143,TOT,713,0.1 
143,CHH,142,0.0 
143,DEN,571,0.1 
144,GSW,2609,5.9 
145,DAL,2108,2.9 
146,LAC,2970,2.3 
147,DEN,670,0.6 
148,PHI,2977,6.7 
149,ATL,719,0.8 
150,HOU,1800,2.1 
151,SAC,1425,1.5 
152,GSW,591,-0.4 
153,GSW,2070,2.6 
154,DAL,1267,-1.3 
155,NJN,10,0.0 
156,PHI,2860,4.5 
157,HOU,2330,0.4 
158,GSW,1274,0.5 
159,DAL,1295,-0.2 
160,UTA,260,-0.3 
Rk,Tm,MP,OWS 
161,UTA,2034,0.0 
162,WSB,45,0.0 
163,DAL,1769,1.8 
164,LAC,350,0.1 
165,DAL,938,-1.8 
166,LAC,3117,5.3 
167,TOT,88,0.1 
167,SAC,79,0.1 
167,UTA,9,0.0 
168,GSW,136,0.5 
169,SAS,2030,3.3 
170,WSB,1287,0.6 
171,POR,356,-0.4 
172,SEA,1869,3.4 
173,PHO,1122,0.3 
174,PHO,1643,3.5 
175,CHH,3323,7.1 
176,WSB,1206,0.3 
177,CHI,3067,12.0 
178,PHI,106,-0.3 
179,ATL,1549,1.9 
180,SEA,2582,4.0 
Rk,Tm,MP,OWS 
181,PHO,167,-0.1 
182,TOT,481,0.2 
182,CLE,41,0.1 
182,ORL,440,0.1 
183,POR,1719,0.6 
184,MIA,415,0.4 
185,NYK,55,-0.1 
186,SAC,15,0.0 
187,NJN,430,0.7 
188,SEA,12,0.0 
189,CHI,1059,0.9 
190,ORL,640,-0.2 
191,BOS,1129,0.2 
192,PHO,888,-0.4 
193,BOS,41,0.0 
194,ATL,1975,0.8 
195,UTA,1362,1.1 
196,MIN,2823,2.2 
197,DET,1933,3.3 
198,CLE,149,0.2 
199,PHI,1861,-0.2 
200,NJN,33,-0.1 
Rk,Tm,MP,OWS 
201,TOT,635,0.8 
201,UTA,5,0.0 
201,DAL,630,0.8 
202,SAC,881,1.7 
203,BOS,3144,5.4 
204,DEN,1585,0.2 
205,DEN,752,0.4 
206,GSW,174,-0.3 
207,MIL,1766,1.4 
208,MIA,2728,3.6 
209,MIN,1045,-1.1 
210,CHH,324,0.0 
211,SAS,267,0.0 
212,WSB,674,0.1 
213,DEN,1141,-0.8 
214,NJN,1077,0.8 
215,PHO,3199,6.6 
216,UTA,2558,2.4 
217,UTA,3099,10.4 
218,MIL,104,0.0 
219,LAC,2761,4.7 
220,GSW,836,2.3 
Rk,Tm,MP,OWS 
221,NYK,2482,2.7 
222,MIN,520,0.5 
223,HOU,2251,1.4 
224,MIL,1503,1.1 
225,ATL,787,0.1 
226,MIN,1536,0.2 
227,IND,1500,0.4 
228,CHI,1019,0.1 
229,BOS,2215,1.9 
230,BOS,1656,1.2 
231,SEA,2439,3.6 
232,SEA,1977,1.9 
233,PHO,1069,-0.4 
234,IND,2954,9.6 
235,DET,2183,1.7 
236,MIA,1383,1.3 
237,IND,1402,2.1 
238,DAL,510,0.5 
239,NJN,2302,3.6 
240,DET,102,-0.1 
Rk,Tm,MP,OWS 
241,CHH,2644,4.8 
242,GSW,1902,3.6 
243,MIL,2437,4.0 
244,POR,495,0.1 
245,PHO,336,0.0 
246,DEN,3029,3.3 
247,CLE,2753,6.3 
248,TOT,308,0.1 
248,GSW,229,0.1 
248,CHI,79,0.0 
249,DET,311,-0.4 
250,CHH,1471,3.1 
251,LAC,2477,2.7 
252,ORL,3071,4.5 
253,TOT,17,0.1 
253,NJN,10,0.0 
253,MIL,7,0.1 
254,NYK,2230,2.2 
255,TOT,29,0.0 
255,MIL,26,-0.1 
255,WSB,3,0.0 
256,HOU,3242,7.9 
257,SAS,39,0.0 
258,WSB,990,0.1 
259,GSW,1201,1.3 
260,DEN,1579,1.4 
Rk,Tm,MP,OWS 
261,SEA,307,0.2 
262,DAL,124,-0.1 
263,BOS,2146,3.4 
264,CHI,1030,1.1 
265,PHI,154,-0.1 
266,SEA,2548,4.2 
267,LAL,1656,1.7 
268,CHI,998,1.0 
269,TOT,2351,4.3 
269,LAL,1589,2.5 
269,SEA,762,1.8 
270,PHI,2104,0.7 
271,MIN,2985,-1.1 
272,NJN,2660,5.8 
273,CLE,139,-0.3 
274,SEA,2218,5.4 
275,BOS,151,0.1 
276,CHI,3123,3.8 
277,DEN,737,-0.5 
278,DET,1299,1.1 
279,POR,2883,5.7 
280,GSW,268,-0.1 
Rk,Tm,MP,OWS 
281,WSB,859,-1.4 
282,CLE,2380,7.4 
283,MIL,37,-0.1 
284,TOT,822,0.6 
284,PHO,41,-0.1 
284,SAC,781,0.7 
285,TOT,248,0.1 
285,MIN,8,0.0 
285,DET,240,0.2 
286,ATL,283,-0.2 
287,TOT,1887,1.1 
287,CHH,295,0.1 
287,SAS,1592,1.0 
288,MIA,3082,3.8 
289,IND,2396,2.5 
290,SAC,1728,2.2 
291,NYK,1886,2.4 
292,MIL,1488,3.0 
293,LAC,1816,0.8 
294,TOT,2006,1.0 
294,MIL,1065,0.4 
294,DET,941,0.6 
295,POR,2575,2.5 
296,SAS,3211,6.7 
297,WSB,33,0.0 
298,NJN,1585,-0.2 
299,DET,2410,1.4 
300,HOU,247,-0.3 
Rk,Tm,MP,OWS 
301,DAL,2087,0.8 
302,ORL,1636,3.5 
303,POR,95,-0.4 
304,DET,55,-0.1 
305,MIA,1422,0.9 
306,ATL,120,-0.2 
307,CLE,1189,0.6 
308,MIL,1124,0.3 
309,SEA,166,0.4 
310,NJN,35,0.0 
311,IND,3098,7.6 
312,LAL,1677,2.4 
313,ORL,1759,1.2 
314,IND,672,-0.4 
315,MIA,2456,3.2 
316,MIN,533,-0.1 
317,PHI,568,0.2 
318,MIA,1603,0.4 
319,SAC,2502,1.6 
320,ORL,3086,5.6 
Rk,Tm,MP,OWS 
321,NYK,2172,2.3 
322,MIN,1266,0.7 
323,DAL,1524,-1.6 
324,HOU,2422,6.0 
325,WSB,1546,0.1 
326,SAS,833,0.0 
327,POR,68,-0.1 
328,MIA,1610,2.3 
329,LAL,752,0.8 
330,IND,2072,1.1 
331,TOT,422,0.3 
331,ATL,15,-0.1 
331,GSW,407,0.4 
332,LAC,280,-0.2 
333,MIN,1296,0.1 
334,GSW,2741,2.2 
335,NYK,2477,3.3 
336,GSW,6,0.0 
337,WSB,1823,1.8 
338,DEN,865,0.8 
339,TOT,76,-0.1 
339,PHO,35,0.0 
339,LAC,1,0.0 
339,MIL,25,0.0 
339,ATL,15,0.0 
340,UTA,2863,7.2 
Rk,Tm,MP,OWS 
341,POR,2474,4.1 
342,MIL,339,1.1 
343,DAL,138,-0.4 
344,HOU,25,-0.1 
345,DET,2922,1.4 
346,IND,730,0.1 
347,HOU,2357,3.2 
348,LAL,2893,4.8 
349,SAC,2283,2.5 
350,ORL,1838,0.8 
351,CHI,909,2.2 
352,ORL,1479,1.8 
353,LAC,494,0.8 
354,LAC,1653,2.0 
355,MIN,89,0.1 
356,TOT,511,-0.4 
356,DET,144,-0.5 
356,CHI,367,0.1 
357,LAC,28,-0.1 
358,PHI,2654,1.1 
359,BOS,51,0.1 
360,SAC,2335,2.5 
Rk,Tm,MP,OWS 
361,DEN,149,-0.3 
362,MIN,3104,3.8 
363,PHO,1558,1.2 
364,DAL,1433,0.0 
365,TOT,995,0.0 
365,ATL,354,-0.1 
365,DAL,641,0.1 
366,ATL,2647,9.1 
367,PHI,192,0.3 
368,CLE,2079,1.4 
369,POR,2498,2.3 
370,CHI,242,0.1 
371,NYK,571,-0.3 
372,CLE,2055,1.7 
373,NJN,139,0.0 
374,LAC,1638,-0.2 
375,IND,844,1.8 
376,TOT,179,0.0 
376,CHH,18,0.0 
376,ORL,10,0.0 
376,BOS,151,0.0 
377,MIN,2661,5.8 
378,DEN,2722,2.4 
379,CHI,1369,1.4 
380,SAC,1673,0.4 
Rk,Tm,MP,OWS 
381,ATL,2878,3.0 
382,HOU,340,0.0 
383,CHH,1471,1.3 
384,TOT,165,0.1 
384,BOS,9,-0.1 
384,POR,156,0.2 
385,SAS,598,0.5 
386,LAC,174,-0.1 
387,TOT,1555,1.5 
387,DET,1477,1.4 
387,MIL,78,0.1 
388,LAL,2359,1.4 
389,ORL,10,0.0 
