Rk,Tm,MP,DRB,STL,BLK,PF 
1,TOT,1311,211,25,26,189 
1,MIL,159,25,6,4,24 
1,BOS,1152,186,19,22,165 
2,DEN,2710,174,84,8,179 
3,TOT,269,41,3,6,34 
3,HOU,23,4,0,0,2 
3,WSB,246,37,3,6,32 
4,WSB,2499,188,100,4,146 
5,NJN,1164,87,23,11,125 
6,DET,1056,109,16,7,101 
7,PHO,2163,165,69,8,175 
8,GSW,1753,288,34,53,218 
9,NYK,44,8,3,1,14 
10,NJN,2010,175,96,11,140 
11,ORL,2920,355,128,56,200 
12,PHI,1263,122,31,5,75 
13,SAS,560,50,14,6,52 
14,NYK,1699,128,113,12,141 
15,CHI,2492,122,66,6,169 
16,TOT,1129,99,40,19,135 
16,SAC,76,4,2,1,11 
16,SEA,1053,95,38,18,124 
17,MIA,935,124,31,29,141 
18,ATL,2112,146,91,18,141 
19,UTA,306,41,8,14,60 
20,MIL,2285,332,57,73,237 
21,BOS,97,6,2,0,11 
22,MIN,1276,162,20,47,88 
23,DAL,175,27,8,3,28 
24,PHO,2859,691,119,74,196 
25,SEA,1243,89,63,3,78 
26,MIL,552,33,35,3,57 
27,CLE,497,25,9,5,39 
28,BOS,29,4,1,0,2 
29,SAS,66,9,0,1,15 
30,TOT,754,158,31,48,134 
30,SEA,448,86,17,35,73 
30,LAL,306,72,14,13,61 
31,CHH,857,51,30,0,110 
32,UTA,1712,276,45,43,201 
33,NYK,1434,79,22,10,129 
34,LAL,109,13,4,2,14 
35,MIN,642,50,16,5,61 
36,CHI,13,1,2,0,1 
37,ATL,2820,191,203,23,156 
38,CHH,2833,247,161,5,179 
39,PHI,855,149,14,119,87 
40,DAL,1578,144,75,18,223 
41,SAC,1764,267,86,17,183 
42,ORL,1761,158,54,14,131 
43,NJN,2092,398,32,128,226 
44,CLE,1622,142,79,27,122 
45,ATL,107,18,2,3,12 
46,MIL,2075,285,80,44,235 
47,DEN,571,59,10,2,46 
48,HOU,1516,77,79,3,136 
49,NJN,1186,144,20,24,112 
50,BOS,2254,201,138,32,203 
51,UTA,1551,244,32,23,190 
52,SAC,1726,137,108,34,206 
53,POR,1396,192,37,23,226 
54,GSW,1287,114,47,19,98 
55,HOU,1356,156,30,11,129 
56,MIA,451,48,13,16,58 
57,WSB,35,1,2,0,5 
58,SEA,2156,391,76,46,183 
59,DAL,885,79,24,6,128 
60,LAL,1551,205,59,100,165 
61,NYK,1062,96,34,5,150 
62,SAS,1947,281,35,87,264 
63,CHI,1253,150,20,10,154 
64,ORL,262,28,4,1,31 
65,SAC,1211,191,32,87,192 
66,PHO,1607,236,54,28,103 
67,PHO,1723,249,43,23,212 
68,WSB,1300,69,38,10,119 
69,NJN,510,37,33,2,35 
70,SAC,834,114,22,21,102 
71,LAL,332,27,22,5,53 
72,NJN,2759,605,92,126,210 
73,MIA,2232,108,80,11,199 
74,SAC,467,75,13,5,43 
75,LAC,422,33,34,4,39 
76,LAL,645,37,18,2,66 
77,UTA,2555,325,108,32,252 
78,TOT,105,6,6,0,18 
78,ORL,102,6,6,0,17 
78,WSB,3,0,0,0,1 
79,TOT,104,15,5,5,17 
79,CHI,34,0,2,1,9 
79,GSW,70,15,3,4,8 
80,UTA,243,13,11,0,29 
81,SAS,76,13,1,1,17 
82,DAL,166,32,7,2,30 
83,CHH,2094,235,87,23,150 
84,SAS,1573,130,38,30,144 
85,CLE,2691,562,53,56,174 
86,IND,2264,432,63,148,274 
87,NYK,815,43,22,4,71 
88,DAL,2462,442,36,28,199 
89,PHI,1598,103,80,4,91 
90,MIL,1931,147,75,48,222 
91,SAS,1526,144,44,1,146 
92,ORL,240,32,14,17,48 
93,LAL,2525,509,128,140,311 
94,UTA,94,23,1,7,13 
95,BOS,1932,97,49,10,166 
96,IND,239,40,5,8,60 
97,POR,1671,183,95,37,159 
98,POR,1762,269,45,39,222 
99,NJN,1398,298,17,103,195 
100,DET,3094,85,78,7,141 
101,PHO,1320,123,85,39,127 
102,GSW,78,9,1,1,6 
103,UTA,1104,191,18,79,143 
104,MIL,2729,259,129,45,242 
105,LAL,617,70,10,7,122 
106,MIA,1134,73,68,12,69 
107,CLE,2559,290,104,22,170 
108,POR,1757,157,74,20,145 
109,SAS,2604,237,68,28,132 
110,SAS,2731,231,78,18,179 
111,DEN,2749,470,72,111,293 
112,WSB,1701,295,45,108,154 
113,CHI,31,4,3,2,5 
114,NYK,3003,789,74,161,286 
115,ATL,1736,94,59,17,160 
116,CLE,1461,198,29,49,171 
117,IND,1503,106,63,9,126 
118,HOU,867,72,32,6,59 
119,TOT,298,51,3,14,58 
119,WSB,93,19,0,5,17 
119,ATL,205,32,3,9,41 
120,BOS,1082,104,61,21,133 
121,BOS,2541,200,86,37,185 
122,HOU,1004,76,39,4,116 
123,GSW,1248,191,44,53,197 
124,CHH,1475,245,48,55,237 
125,MIA,554,74,15,18,123 
126,NJN,380,18,10,3,25 
127,CHH,2430,220,98,36,191 
128,PHI,1742,336,37,54,123 
129,TOT,848,81,33,18,104 
129,MIN,71,2,3,0,6 
129,DET,777,79,30,18,98 
130,CHH,251,51,1,9,28 
131,ATL,1508,129,86,6,185 
132,LAC,1624,112,106,9,168 
133,PHI,996,43,43,1,73 
134,WSB,2667,279,72,44,168 
135,CHI,2745,388,89,96,218 
136,GSW,1025,86,31,8,120 
137,LAL,2819,424,88,39,149 
138,ORL,626,23,23,4,70 
139,IND,81,5,2,1,11 
140,TOT,329,86,6,5,37 
140,SAS,202,53,5,3,21 
140,CHH,127,33,1,2,16 
141,WSB,2795,562,134,35,195 
142,CLE,215,38,9,10,48 
143,TOT,713,89,18,12,77 
143,CHH,142,26,0,4,20 
143,DEN,571,63,18,8,57 
144,GSW,2609,203,116,12,152 
145,DAL,2108,81,80,16,145 
146,LAC,2970,308,177,73,212 
147,DEN,670,93,12,8,115 
148,PHI,2977,255,137,30,189 
149,ATL,719,43,30,1,85 
150,HOU,1800,306,47,35,190 
151,SAC,1425,127,51,29,141 
152,GSW,591,45,13,5,54 
153,GSW,2070,499,41,40,320 
154,DAL,1267,201,33,37,204 
155,NJN,10,3,0,0,2 
156,PHI,2860,258,131,21,203 
157,HOU,2330,279,80,83,210 
158,GSW,1274,196,44,43,253 
159,DAL,1295,146,55,34,217 
160,UTA,260,34,15,12,58 
161,UTA,2034,103,101,11,236 
162,WSB,45,2,1,0,5 
163,DAL,1769,109,49,6,101 
164,LAC,350,20,19,5,45 
165,DAL,938,80,40,11,80 
166,LAC,3117,259,136,12,158 
167,TOT,88,4,3,0,9 
167,SAC,79,4,3,0,9 
167,UTA,9,0,0,0,0 
168,GSW,136,9,4,0,18 
169,SAS,2030,126,85,16,141 
170,WSB,1287,117,36,18,187 
171,POR,356,30,8,1,23 
172,SEA,1869,148,36,4,173 
173,PHO,1122,72,60,8,112 
174,PHO,1643,74,85,19,100 
175,CHH,3323,583,53,27,187 
176,WSB,1206,190,38,77,144 
177,CHI,3067,387,221,61,188 
178,PHI,106,14,3,5,14 
179,ATL,1549,261,57,16,195 
180,SEA,2582,546,119,146,327 
181,PHO,167,27,4,4,30 
182,TOT,481,40,10,1,36 
182,CLE,41,7,2,0,2 
182,ORL,440,33,8,1,34 
183,POR,1719,280,80,41,181 
184,MIA,415,66,4,12,63 
185,NYK,55,8,1,0,10 
186,SAC,15,0,1,0,1 
187,NJN,430,41,11,3,53 
188,SEA,12,4,0,0,1 
189,CHI,1059,102,26,20,128 
190,ORL,640,127,13,12,133 
191,BOS,1129,233,17,17,123 
192,PHO,888,36,23,4,66 
193,BOS,41,1,2,1,1 
194,ATL,1975,327,75,100,264 
195,UTA,1362,205,42,13,181 
196,MIN,2823,537,105,83,290 
197,DET,1933,309,46,40,212 
198,CLE,149,29,12,3,32 
199,PHI,1861,300,46,141,261 
200,NJN,33,2,0,1,7 
201,TOT,635,34,24,6,63 
201,UTA,5,1,0,0,0 
201,DAL,630,33,24,6,63 
202,SAC,881,69,40,7,81 
203,BOS,3144,259,118,77,248 
204,DEN,1585,204,64,21,143 
205,DEN,752,67,28,11,60 
206,GSW,174,29,0,9,40 
207,MIL,1766,217,47,74,178 
208,MIA,2728,371,104,31,264 
209,MIN,1045,169,47,77,169 
210,CHH,324,23,11,6,44 
211,SAS,267,30,14,5,44 
212,WSB,674,89,11,4,82 
213,DEN,1141,70,69,3,135 
214,NJN,1077,186,19,31,156 
215,PHO,3199,263,138,33,180 
216,UTA,2558,142,42,4,117 
217,UTA,3099,692,124,85,261 
218,MIL,104,24,1,8,6 
219,LAC,2761,322,108,101,323 
220,GSW,836,57,51,2,92 
221,NYK,2482,409,43,19,240 
222,MIN,520,98,11,18,75 
223,HOU,2251,192,86,8,124 
224,MIL,1503,92,59,7,148 
225,ATL,787,33,21,3,59 
226,MIN,1536,190,51,58,202 
227,IND,1500,145,53,11,165 
228,CHI,1019,105,12,15,99 
229,BOS,2215,321,72,51,249 
230,BOS,1656,263,16,59,126 
231,SEA,2439,206,105,58,208 
232,SEA,1977,222,173,33,240 
233,PHO,1069,205,38,100,145 
234,IND,2954,191,120,26,182 
235,DET,2183,296,44,50,282 
236,MIA,1383,73,34,8,130 
237,IND,1402,155,23,10,207 
238,DAL,510,29,21,4,54 
239,NJN,2302,227,144,52,171 
240,DET,102,6,3,1,14 
241,CHH,2644,542,27,271,286 
242,GSW,1902,190,68,41,76 
243,MIL,2437,189,174,7,177 
244,POR,495,43,8,5,59 
245,PHO,336,54,14,11,40 
246,DEN,3029,726,43,287,284 
247,CLE,2753,484,54,198,223 
248,TOT,308,52,12,2,41 
248,GSW,229,40,9,1,35 
248,CHI,79,12,3,1,6 
249,DET,311,18,23,1,42 
250,CHH,1471,71,45,19,154 
251,LAC,2477,362,59,58,156 
252,ORL,3071,780,60,286,321 
253,TOT,17,4,1,0,4 
253,NJN,10,2,0,0,1 
253,MIL,7,2,1,0,3 
254,NYK,2230,420,85,15,289 
255,TOT,29,7,1,3,6 
255,MIL,26,5,1,3,6 
255,WSB,3,2,0,0,0 
256,HOU,3242,785,150,342,305 
257,SAS,39,1,1,0,7 
258,WSB,990,81,31,6,81 
259,GSW,1201,156,35,28,105 
260,DEN,1579,108,81,10,182 
261,SEA,307,33,14,6,24 
262,DAL,124,32,1,5,29 
263,BOS,2146,494,57,107,201 
264,CHI,1030,39,38,2,99 
265,PHI,154,20,5,2,15 
266,SEA,2548,186,177,21,250 
267,LAL,1656,115,60,14,193 
268,CHI,998,184,22,47,139 
269,TOT,2351,361,60,82,225 
269,LAL,1589,268,40,51,139 
269,SEA,762,93,20,31,86 
270,PHI,2104,255,40,91,159 
271,MIN,2985,335,67,30,198 
272,NJN,2660,148,94,13,237 
273,CLE,139,11,10,2,19 
274,SEA,2218,134,100,7,167 
275,BOS,151,29,4,7,13 
276,CHI,3123,418,173,73,219 
277,DEN,737,120,14,11,141 
278,DET,1299,237,31,21,126 
279,POR,2883,258,101,10,122 
280,GSW,268,23,11,5,36 
281,WSB,859,75,56,3,90 
282,CLE,2380,164,89,11,105 
283,MIL,37,6,2,2,5 
284,TOT,822,150,43,18,122 
284,PHO,41,4,3,0,3 
284,SAC,781,146,40,18,119 
285,TOT,248,28,4,2,33 
285,MIN,8,0,0,0,1 
285,DET,240,28,4,2,32 
286,ATL,283,35,5,10,61 
287,TOT,1887,336,47,31,266 
287,CHH,295,50,11,5,49 
287,SAS,1592,286,36,26,217 
288,MIA,3082,332,92,25,201 
289,IND,2396,204,94,12,132 
290,SAC,1728,136,53,9,137 
291,NYK,1886,166,123,9,215 
292,MIL,1488,146,57,27,138 
293,LAC,1816,297,34,141,332 
294,TOT,2006,162,155,18,218 
294,MIL,1065,90,90,9,120 
294,DET,941,72,65,9,98 
295,POR,2575,377,98,163,287 
296,SAS,3211,727,127,264,239 
297,WSB,33,2,1,1,0 
298,NJN,1585,110,96,12,169 
299,DET,2410,765,48,45,201 
300,HOU,247,48,6,15,43 
301,DAL,2087,340,38,81,204 
302,ORL,1636,179,36,25,179 
303,POR,95,5,1,0,7 
304,DET,55,9,2,0,16 
305,MIA,1422,200,32,70,192 
306,ATL,120,17,8,1,16 
307,CLE,1189,118,39,30,150 
308,MIL,1124,177,36,36,148 
309,SEA,166,21,6,1,37 
310,NJN,35,6,2,2,4 
311,IND,3098,570,79,27,305 
312,LAL,1677,107,55,13,98 
313,ORL,1759,148,57,18,131 
314,IND,672,52,36,7,74 
315,MIA,2456,587,38,83,260 
316,MIN,533,56,6,11,40 
317,PHI,568,140,13,25,92 
318,MIA,1603,187,48,19,163 
319,SAC,2502,339,95,38,197 
320,ORL,3086,238,86,2,244 
321,NYK,2172,262,48,96,254 
322,MIN,1266,64,48,16,96 
323,DAL,1524,232,48,52,280 
324,HOU,2422,132,80,7,110 
325,WSB,1546,80,58,9,178 
326,SAS,833,165,23,16,133 
327,POR,68,6,4,1,16 
328,MIA,1610,141,50,16,148 
329,LAL,752,41,50,7,72 
330,IND,2072,306,27,75,285 
331,TOT,422,43,17,7,64 
331,ATL,15,1,2,0,3 
331,GSW,407,42,15,7,61 
332,LAC,280,45,8,18,54 
333,MIN,1296,190,23,66,243 
334,GSW,2741,192,126,52,166 
335,NYK,2477,150,91,12,234 
336,GSW,6,0,0,0,1 
337,WSB,1823,229,47,29,191 
338,DEN,865,85,24,5,82 
339,TOT,76,12,2,2,11 
339,PHO,35,6,1,1,7 
339,LAC,1,0,0,0,0 
339,MIL,25,3,1,0,4 
339,ATL,15,3,0,1,0 
340,UTA,2863,173,199,21,224 
341,POR,2474,217,131,24,153 
342,MIL,339,75,11,1,20 
343,DAL,138,6,8,0,13 
344,HOU,25,3,0,0,1 
345,DET,2922,161,123,18,222 
346,IND,730,123,29,24,137 
347,HOU,2357,370,43,19,234 
348,LAL,2893,226,142,11,248 
349,SAC,2283,373,52,47,277 
350,ORL,1838,279,33,21,192 
351,CHI,909,55,24,6,65 
352,ORL,1479,178,19,9,192 
353,LAC,494,36,13,7,45 
354,LAC,1653,328,55,39,172 
355,MIN,89,4,2,0,12 
356,TOT,511,36,33,2,63 
356,DET,144,15,10,0,12 
356,CHI,367,21,23,2,51 
357,LAC,28,2,1,0,2 
358,PHI,2654,410,85,67,188 
359,BOS,51,5,1,2,11 
360,SAC,2335,149,104,6,177 
361,DEN,149,29,6,4,38 
362,MIN,3104,158,85,21,279 
363,PHO,1558,305,16,103,243 
364,DAL,1433,216,63,45,226 
365,TOT,995,62,65,3,127 
365,ATL,354,26,26,2,49 
365,DAL,641,36,39,1,78 
366,ATL,2647,295,70,27,116 
367,PHI,192,26,7,1,34 
368,CLE,2079,140,78,18,154 
369,POR,2498,458,81,61,270 
370,CHI,242,12,4,2,24 
371,NYK,571,102,21,28,78 
372,CLE,2055,288,48,105,171 
373,NJN,139,19,4,4,24 
374,LAC,1638,228,83,23,188 
375,IND,844,126,21,45,87 
376,TOT,179,38,5,17,29 
376,CHH,18,6,0,2,4 
376,ORL,10,1,1,1,2 
376,BOS,151,31,4,14,23 
377,MIN,2661,189,165,23,268 
378,DEN,2722,296,126,76,284 
379,CHI,1369,283,55,66,230 
380,SAC,1673,150,66,29,209 
381,ATL,2878,693,68,41,264 
382,HOU,340,32,10,10,40 
383,CHH,1471,125,66,9,135 
384,TOT,165,34,7,1,24 
384,BOS,9,2,0,1,2 
384,POR,156,32,7,0,22 
385,SAS,598,59,13,12,93 
386,LAC,174,8,14,1,26 
387,TOT,1555,98,27,27,122 
387,DET,1477,92,26,25,114 
387,MIL,78,6,1,2,8 
388,LAL,2359,174,92,27,87 
389,ORL,10,1,0,0,0 
