Rk,Tm,MP,DRB,STL,BLK,PF 
1,SAC,1961,251,48,42,227 
2,DET,35,4,1,0,4 
3,CHI,701,96,14,16,92 
4,SEA,3022,261,105,16,151 
5,BOS,978,79,51,18,126 
6,HOU,2431,219,101,15,194 
7,NOK,570,94,8,41,84 
8,CHA,564,47,11,4,48 
9,TOT,1047,122,23,6,98 
9,HOU,582,71,15,4,49 
9,MIA,465,51,8,2,49 
10,MIA,638,63,17,6,75 
11,CLE,9,3,2,0,1 
12,DEN,2941,272,88,42,229 
13,TOR,601,101,24,6,104 
14,WAS,3384,221,161,25,286 
15,TOT,999,140,57,11,100 
15,NYK,709,88,43,9,78 
15,ORL,290,52,14,2,22 
16,DAL,622,63,27,3,71 
17,TOT,1194,97,38,4,119 
17,DET,600,46,19,3,77 
17,ORL,594,51,19,1,42 
18,TOT,1713,97,43,2,152 
18,WAS,552,33,14,0,58 
18,MEM,1161,64,29,2,94 
19,ORL,385,35,12,6,40 
20,LAC,85,17,4,4,13 
21,TOT,1497,112,54,11,162 
21,BOS,269,15,7,0,38 
21,MIN,1228,97,47,11,124 
22,PHO,1592,119,48,6,145 
23,TOT,631,73,20,7,100 
23,NYK,93,17,4,0,8 
23,PHI,538,56,16,7,92 
24,TOT,282,16,10,0,13 
24,PHO,21,2,0,0,1 
24,TOR,261,14,10,0,12 
25,MIA,45,8,0,0,10 
26,SAS,1259,130,39,27,99 
27,HOU,342,30,13,1,25 
28,CHI,141,21,9,2,17 
29,NOK,268,50,3,7,18 
30,ATL,495,83,15,11,111 
31,ORL,2215,312,46,69,250 
32,MEM,2839,265,92,114,223 
33,TOT,400,72,11,8,56 
33,HOU,281,46,9,7,48 
33,CHA,119,26,2,1,8 
34,MIL,1283,99,59,5,126 
35,PHO,2959,209,76,22,248 
36,IND,21,4,0,1,2 
37,SAC,3167,211,82,10,169 
38,GSW,1000,159,23,47,190 
39,DET,2925,211,71,8,160 
40,POR,1781,120,42,5,107 
41,WAS,175,26,5,7,36 
42,TOT,2240,269,40,76,254 
42,BOS,1083,126,15,36,107 
42,MIN,1157,143,25,40,147 
43,TOT,1912,200,71,9,167 
43,CHA,848,77,39,3,78 
43,HOU,1064,123,32,6,89 
44,MIL,2348,384,49,68,259 
45,TOR,1710,198,49,31,216 
46,WAS,250,33,9,9,44 
47,UTA,1025,212,30,8,105 
48,TOR,2751,443,50,79,209 
49,SAS,2755,285,79,30,191 
50,HOU,652,57,21,6,85 
51,DEN,1542,60,48,4,73 
52,PHI,367,67,5,7,39 
53,LAC,3099,554,81,201,227 
54,CHA,2165,259,19,32,227 
55,UTA,1711,134,44,14,153 
56,LAL,1978,291,27,46,196 
57,NOK,2380,365,46,50,216 
58,TOT,246,21,8,1,22 
58,SEA,31,2,0,0,1 
58,HOU,215,19,8,1,21 
59,LAL,3277,354,147,30,233 
60,DEN,1758,178,87,20,180 
61,PHO,346,52,6,13,62 
62,MEM,570,33,20,0,45 
63,CHA,340,22,26,2,63 
64,WAS,2708,352,127,18,238 
65,NYK,740,116,17,31,127 
66,NOK,1875,181,33,45,142 
67,LAL,338,46,4,22,56 
68,GSW,162,9,7,0,10 
69,GSW,505,74,13,7,87 
70,TOR,1487,111,42,4,93 
71,DEN,1857,536,79,184,158 
72,MEM,402,44,23,0,65 
73,CHA,1275,123,47,11,120 
74,MIN,589,53,24,9,71 
75,NJN,2906,327,94,53,235 
76,LAC,2653,247,74,11,225 
77,TOT,333,50,6,12,52 
77,ORL,299,44,6,10,48 
77,DET,34,6,0,2,4 
78,CHI,2121,449,41,104,298 
79,GSW,448,41,13,2,38 
80,ATL,2249,253,86,39,184 
81,DAL,185,11,9,1,10 
82,NOK,2019,154,108,6,177 
83,SEA,230,12,3,2,30 
84,UTA,1730,199,36,27,252 
85,NJN,1895,249,46,40,251 
86,SEA,1448,225,21,35,213 
87,LAL,1535,186,37,32,205 
88,NYK,2555,212,87,15,150 
89,IND,1148,203,22,7,105 
90,NYK,1865,287,28,56,239 
91,PHI,1761,382,34,160,244 
92,DAL,1934,367,27,106,263 
93,WAS,2283,153,52,8,96 
94,DAL,1766,143,67,13,143 
95,TOT,940,118,23,10,125 
95,NYK,749,97,20,9,99 
95,TOR,191,21,3,1,26 
96,GSW,1971,191,89,14,165 
97,DET,178,32,0,9,23 
98,TOT,17,1,2,0,3 
98,MIL,12,1,1,0,2 
98,HOU,0,0,0,0,1 
98,PHO,5,0,1,0,0 
99,TOT,3207,286,91,17,190 
99,BOS,1747,147,49,9,91 
99,MIN,1460,139,42,8,99 
100,DET,726,85,21,15,86 
101,TOT,385,39,13,1,28 
101,ATL,7,1,0,0,0 
101,DET,378,38,13,1,28 
102,CHI,2604,389,72,50,128 
103,PHO,2874,399,58,85,260 
104,BOS,234,11,11,1,40 
105,ORL,246,17,7,0,22 
106,GSW,1031,134,15,30,164 
107,DAL,1510,229,44,146,253 
108,POR,1920,147,58,6,157 
109,MIA,371,62,10,7,45 
110,ORL,1137,67,49,4,116 
111,CHI,2155,192,70,3,152 
112,SAS,2784,650,70,162,219 
113,GSW,2578,321,60,32,199 
114,MIN,265,28,12,0,44 
115,ATL,296,30,3,15,76 
116,TOT,394,30,11,2,34 
116,LAC,112,13,3,0,11 
116,DEN,282,17,8,2,23 
117,GSW,886,83,32,11,69 
118,DEN,1579,240,54,45,211 
119,CHA,1348,183,29,44,160 
120,DET,1139,87,41,15,122 
121,TOT,1393,331,40,10,166 
121,SEA,788,162,24,5,95 
121,DEN,605,169,16,5,71 
122,LAC,971,62,37,6,86 
123,SEA,82,10,2,3,13 
124,CHA,2406,188,102,8,181 
125,SAS,2038,216,37,7,97 
126,GSW,2589,175,125,8,237 
127,MIA,239,23,7,5,28 
128,NOK,39,6,0,0,5 
129,PHO,13,2,0,1,7 
130,MIL,2557,248,104,7,196 
131,SEA,276,47,4,2,76 
132,IND,1581,350,41,27,191 
133,GSW,1824,281,44,125,215 
134,TOT,342,30,4,2,30 
134,MIN,225,20,3,2,22 
134,HOU,117,10,1,0,8 
135,TOT,2393,216,74,17,204 
135,ORL,1734,159,51,11,142 
135,NYK,659,57,23,6,62 
136,NYK,1572,236,30,47,200 
137,MIL,885,141,25,43,171 
138,PHI,5,0,0,0,0 
139,MIL,54,0,1,0,1 
140,SAC,1301,146,41,47,135 
141,MIN,2957,752,104,107,206 
142,ORL,938,77,12,9,108 
143,MEM,3135,522,46,153,184 
144,LAL,1542,192,66,34,159 
145,IND,122,15,11,1,13 
146,SAS,1813,188,101,26,156 
147,UTA,956,55,16,4,87 
148,LAC,22,1,0,0,0 
149,BOS,1376,196,35,5,83 
150,CLE,2174,428,52,49,190 
151,CHI,2482,176,75,5,238 
152,TOR,1581,187,37,13,228 
153,TOT,175,22,5,2,31 
153,HOU,38,6,2,0,5 
153,CHI,20,3,0,0,3 
153,CLE,117,13,3,2,23 
154,IND,1765,253,58,62,211 
155,PHO,248,46,5,3,45 
156,LAL,135,14,3,0,13 
157,BOS,374,31,13,4,41 
158,PHI,153,14,2,0,13 
159,BOS,1235,108,77,10,181 
160,DAL,1245,152,51,9,113 
161,MIN,1359,282,13,148,125 
162,ATL,108,16,7,0,14 
163,DET,2825,172,52,16,207 
164,TOT,49,8,4,0,5 
164,CLE,46,8,3,0,4 
164,PHI,3,0,1,0,1 
165,NYK,72,10,2,0,7 
166,UTA,1944,210,59,14,202 
167,ATL,2782,391,85,14,301 
168,CHI,824,100,7,13,131 
169,DAL,1275,99,53,16,121 
170,IND,1034,170,23,59,193 
171,SAC,818,59,31,5,85 
172,MIA,2491,467,50,17,216 
173,MIN,2514,134,43,29,201 
174,HOU,535,112,26,14,76 
175,WAS,516,57,16,1,38 
176,WAS,1879,267,30,104,232 
177,HOU,2310,233,89,9,169 
178,CLE,531,77,9,12,58 
179,DEN,3,0,0,0,1 
180,ORL,613,65,24,6,50 
181,CHI,2955,259,94,21,251 
182,DEN,33,2,2,0,7 
183,CHI,11,0,0,0,2 
184,SAS,1182,171,43,51,115 
185,PHO,1421,117,42,12,96 
186,ORL,3021,734,65,115,277 
187,DAL,1915,248,68,26,167 
188,HOU,2537,367,49,8,235 
189,MIN,800,36,12,4,55 
190,CLE,1281,135,53,21,117 
191,UTA,619,101,23,16,82 
192,DET,353,30,19,1,44 
193,PHI,1312,161,12,76,120 
194,PHI,3086,364,135,21,198 
195,CLE,2283,346,38,136,280 
196,DAL,237,37,6,25,47 
197,PHI,3103,188,140,10,121 
198,ATL,978,65,24,7,147 
199,POR,1599,142,41,2,138 
200,MEM,1775,179,61,1,155 
201,MIL,202,19,4,1,19 
202,TOT,512,65,12,6,51 
202,PHO,420,53,10,6,46 
202,LAL,92,12,2,0,5 
203,CLE,315,24,11,2,30 
204,TOT,1027,131,13,8,126 
204,NJN,433,59,5,6,70 
204,NOK,594,72,8,2,56 
205,IND,2910,264,104,43,195 
206,NYK,406,52,3,23,104 
207,CLE,3361,481,123,66,181 
208,TOR,2925,217,72,3,214 
209,WAS,3288,598,90,12,189 
210,MIN,2102,173,108,21,189 
211,IND,1557,134,40,4,108 
212,BOS,1062,202,30,46,166 
213,NJN,3059,439,59,17,193 
214,WAS,1951,215,58,50,223 
215,DET,39,1,0,2,7 
216,IND,1981,137,63,22,132 
217,DEN,924,77,25,26,86 
218,MIL,81,19,1,2,23 
219,ATL,3340,237,103,31,187 
220,TOT,524,82,12,12,61 
220,NJN,35,7,2,0,7 
220,NOK,489,75,10,12,54 
221,MEM,967,84,38,15,108 
222,CLE,2089,119,37,1,112 
223,BOS,87,21,1,3,14 
224,MEM,2437,244,131,27,201 
225,IND,1837,152,55,20,142 
226,PHO,1772,209,38,49,142 
227,CHA,2089,271,68,22,200 
228,LAC,2560,563,45,108,269 
229,MIA,665,59,7,3,89 
230,ORL,213,36,2,3,69 
231,POR,1492,193,50,29,209 
232,NJN,2975,494,150,29,157 
233,UTA,2604,391,102,220,162 
234,DEN,519,78,10,13,87 
235,CHA,2351,188,157,4,202 
236,LAC,127,8,3,0,11 
237,PHI,2563,243,65,26,224 
238,NJN,2469,331,32,63,297 
239,MIL,1018,124,33,17,87 
240,BOS,2033,326,29,72,273 
241,TOT,28,5,0,0,2 
241,NOK,16,3,0,0,2 
241,HOU,12,2,0,0,0 
242,NYK,1129,194,30,20,124 
243,TOT,458,42,21,4,39 
243,DEN,238,26,8,2,21 
243,POR,220,16,13,2,18 
244,SEA,2876,279,102,50,191 
245,CHI,22,3,1,0,6 
246,LAC,1525,142,46,32,160 
247,HOU,107,3,5,0,6 
248,ATL,1234,69,26,3,113 
249,NOK,135,7,7,0,10 
250,MIN,676,91,23,17,114 
251,LAC,943,141,19,4,95 
252,MIL,2465,558,29,80,276 
253,NYK,2193,150,63,4,143 
254,PHO,3263,710,160,137,223 
255,SAS,181,31,5,7,21 
256,CLE,2077,387,59,41,160 
257,DAL,241,23,8,7,17 
258,TOR,339,18,17,0,42 
259,DEN,1546,260,43,52,171 
260,SAC,1913,203,55,9,138 
261,NOK,2102,234,42,17,136 
262,DET,159,16,4,5,14 
263,CHA,398,67,17,12,58 
264,MIN,1362,114,44,22,176 
265,LAC,353,53,8,5,52 
266,DET,1733,280,46,48,220 
267,HOU,1745,261,59,41,88 
268,NJN,486,39,11,2,37 
269,LAL,121,17,5,0,7 
270,UTA,1232,67,42,9,131 
271,LAL,6,0,0,0,1 
272,LAL,1541,236,16,73,214 
273,GSW,118,14,4,1,13 
274,UTA,203,20,7,2,20 
275,POR,1286,158,42,39,100 
276,TOT,767,107,14,77,92 
276,DET,140,18,3,15,25 
276,ORL,627,89,11,62,67 
277,DEN,2937,259,106,18,213 
278,SAC,2923,493,61,62,234 
279,MEM,2268,355,52,27,173 
280,HOU,1949,433,30,94,195 
281,LAC,2979,291,93,36,208 
282,SAS,1389,255,21,49,220 
283,TOT,343,41,7,5,41 
283,POR,336,40,6,5,41 
283,SAC,7,1,1,0,0 
284,SEA,583,86,7,15,92 
285,ORL,192,32,6,5,19 
286,MIA,1302,234,13,173,177 
287,GSW,2516,548,47,26,191 
288,NJN,576,103,17,7,66 
289,TOT,2112,120,68,11,133 
289,SEA,1085,68,30,4,69 
289,CLE,1027,52,38,7,64 
290,HOU,955,206,17,57,128 
291,LAC,152,22,2,5,23 
292,TOT,502,52,16,5,65 
292,NOK,405,45,13,5,52 
292,NJN,97,7,3,0,13 
293,PHI,237,19,8,4,32 
294,DEN,1449,197,53,34,165 
295,PHO,2796,286,61,12,120 
296,ORL,1784,141,70,9,174 
297,SAS,1515,195,21,88,209 
298,CLE,353,35,5,10,47 
299,CHI,2239,411,40,52,252 
300,TOT,424,42,20,1,49 
300,HOU,241,25,14,1,31 
300,NOK,183,17,6,0,18 
301,DAL,3089,613,58,83,164 
302,IND,1802,374,27,117,177 
303,MIA,1806,369,23,104,230 
304,SAS,490,66,9,11,91 
305,LAL,3221,557,75,64,256 
306,CHA,874,167,22,50,88 
307,UTA,2945,535,40,73,285 
308,PHI,1069,85,33,3,103 
309,TOT,919,170,22,33,122 
309,MIN,752,134,19,27,100 
309,BOS,167,36,3,6,22 
310,UTA,807,143,6,66,129 
311,ORL,355,46,10,12,50 
312,POR,1153,141,31,46,112 
313,UTA,210,10,5,0,25 
314,ATL,2452,349,89,39,286 
315,NJN,718,109,28,12,90 
316,UTA,1376,117,47,14,125 
317,CHI,646,53,24,2,57 
318,LAL,2773,234,140,16,213 
319,SAS,2715,223,83,4,161 
320,TOT,1792,126,76,21,150 
320,POR,1056,81,42,12,79 
320,DEN,736,45,34,9,71 
321,NOK,2808,339,175,6,218 
322,CLE,813,64,19,6,103 
323,MIA,2305,199,71,10,169 
324,BOS,1332,264,21,105,199 
325,TOR,3140,316,104,15,223 
326,SEA,1282,187,25,51,213 
327,CHI,228,19,6,1,20 
328,BOS,3084,453,107,34,223 
329,GSW,1179,105,33,10,132 
330,NJN,596,60,20,4,91 
331,DAL,18,7,0,1,0 
332,IND,771,145,37,20,115 
333,MIA,1914,286,54,20,196 
334,TOT,353,37,2,2,50 
334,SEA,321,36,2,2,44 
334,SAC,32,1,0,0,6 
335,DAL,429,53,7,4,52 
336,SAC,150,10,6,0,10 
337,DET,2898,242,62,39,96 
338,LAL,279,35,11,5,25 
339,POR,1395,245,20,130,149 
340,TOT,1974,294,61,29,210 
340,SEA,1089,148,32,15,130 
340,LAC,885,146,29,14,80 
341,PHI,487,78,19,12,83 
342,POR,2545,399,57,14,185 
343,POR,1301,190,18,88,143 
344,LAC,412,51,5,19,59 
345,MIL,3130,264,95,5,157 
346,TOT,997,71,23,15,163 
346,BOS,291,16,5,4,45 
346,MIN,706,55,18,11,118 
347,GSW,2877,333,97,37,206 
348,NYK,1442,165,39,6,134 
349,SEA,2625,188,123,22,178 
350,MEM,88,6,1,0,6 
351,MEM,181,23,8,2,30 
352,CHA,1303,157,81,10,141 
353,NJN,1863,212,44,40,206 
354,NYK,1544,111,59,1,201 
355,TOT,1983,183,30,13,156 
355,TOR,1236,114,20,10,101 
355,NYK,747,69,10,3,55 
356,NYK,1119,175,43,14,145 
357,LAC,1515,132,51,16,155 
358,WAS,1010,149,33,31,179 
359,CHA,1111,85,38,13,79 
360,DEN,3,1,0,0,0 
361,PHI,2059,172,73,13,178 
362,SAC,39,13,0,4,5 
363,SAS,113,19,5,0,20 
364,BOS,938,87,21,19,127 
365,SAS,0,0,0,0,0 
366,CHI,149,21,1,3,21 
367,POR,212,35,3,8,41 
368,MIA,414,50,13,1,70 
369,MIL,2538,242,86,21,254 
370,LAC,753,134,19,21,95 
371,TOT,944,152,25,43,119 
371,SAC,429,71,11,20,54 
371,POR,515,81,14,23,65 
372,TOT,210,13,5,6,28 
372,POR,208,13,5,6,27 
372,DEN,2,0,0,0,1 
373,ATL,127,11,8,0,20 
374,NOK,989,91,37,4,90 
375,MIL,887,147,24,13,120 
376,ATL,2559,355,64,208,260 
377,CLE,2351,160,76,19,218 
378,NOK,1310,106,29,23,106 
379,CHI,1329,170,35,16,157 
380,TOR,590,92,21,19,118 
381,DAL,1525,121,37,10,96 
382,ORL,2648,182,58,17,178 
383,TOT,2601,336,45,10,171 
383,SAC,1147,131,19,2,82 
383,IND,1454,205,26,8,89 
384,WAS,116,14,3,1,22 
385,MEM,862,72,19,1,49 
386,ATL,1236,104,27,3,118 
387,PHO,50,10,1,3,4 
388,CHI,1222,232,19,56,209 
389,SEA,987,170,15,56,142 
390,HOU,1344,188,38,50,198 
391,TOT,2729,236,40,19,150 
391,MIN,1555,154,21,15,90 
391,BOS,1174,82,19,4,60 
392,GSW,144,17,2,7,25 
393,WAS,465,37,30,4,47 
394,NYK,1210,164,21,14,177 
395,POR,1641,101,66,6,167 
396,DAL,2798,127,100,27,196 
397,WAS,131,9,10,1,19 
398,WAS,1121,180,20,68,148 
399,TOT,150,27,0,3,35 
399,PHI,124,23,0,3,32 
399,CHI,26,4,0,0,3 
400,TOT,127,10,3,2,17 
400,MEM,25,0,0,1,3 
400,ATL,66,7,2,0,10 
400,NJN,36,3,1,1,4 
401,SAC,2293,419,72,39,196 
402,PHO,1411,313,23,54,193 
403,TOT,666,109,16,7,78 
403,CHI,32,4,0,1,1 
403,PHO,634,105,16,6,77 
404,PHO,43,7,3,1,6 
405,IND,1122,98,49,6,96 
406,MEM,732,134,14,32,107 
407,TOT,99,13,1,2,8 
407,MIN,13,2,0,0,0 
407,PHO,86,11,1,2,8 
408,LAL,161,26,3,10,30 
409,ORL,2615,263,70,21,234 
410,NYK,114,14,1,0,8 
411,SAS,586,34,14,2,55 
412,SAS,986,85,16,3,60 
413,DAL,1090,138,31,11,121 
414,CLE,760,158,31,19,118 
415,NJN,1234,75,42,1,140 
416,TOR,2361,340,60,63,247 
417,CHA,818,121,26,23,157 
418,NOK,406,53,12,11,78 
419,LAL,1449,126,48,3,150 
420,MIA,2892,323,146,58,217 
421,LAL,73,3,3,0,12 
422,MIA,2199,318,47,30,187 
423,IND,22,3,0,1,7 
424,DET,2890,622,146,181,164 
425,CHA,1895,289,138,115,150 
426,DET,2780,457,82,130,232 
427,MIA,3,0,0,0,0 
428,LAL,1333,159,41,15,119 
429,MEM,724,101,14,21,113 
430,TOT,1578,134,68,10,159 
430,DEN,975,69,37,7,95 
430,SEA,603,65,31,3,64 
431,PHI,2893,557,103,62,219 
432,POR,1070,101,21,14,90 
433,SAC,1684,259,94,25,156 
434,MIL,866,89,34,1,65 
435,HOU,2372,154,59,6,212 
436,NOK,2526,380,61,64,214 
437,BOS,2418,232,84,46,197 
438,UTA,212,27,7,8,41 
439,TOT,1529,292,33,34,183 
439,LAC,657,127,15,21,103 
439,SEA,872,165,18,13,80 
440,SEA,1525,113,72,12,144 
441,TOT,348,30,14,1,34 
441,CLE,243,21,8,1,27 
441,SEA,105,9,6,0,7 
442,TOT,791,117,17,21,138 
442,TOR,99,10,4,3,28 
442,NOK,692,107,13,18,110 
443,TOR,10,3,0,0,0 
444,UTA,2307,159,60,17,233 
445,TOR,352,40,7,2,55 
446,MIA,1874,133,53,5,101 
447,PHI,145,16,5,0,13 
448,ATL,1952,261,48,24,227 
449,MIL,1531,113,52,7,146 
450,SAC,362,46,7,4,56 
451,TOR,324,66,9,23,49 
452,NYK,1013,146,32,13,96 
453,TOT,2207,211,122,41,164 
453,IND,603,52,42,11,45 
453,SAC,1604,159,80,30,119 
454,NJN,370,22,4,3,42 
455,MIN,135,15,1,0,8 
456,MIA,132,30,3,1,12 
457,MEM,1689,253,52,46,201 
