Rk,Tm,MP,OWS 
1,TOT,506,-0.4 
1,SAC,476,-0.1 
1,PHI,30,-0.3 
2,DEN,2082,3.8 
3,CHH,443,1.1 
4,DET,1776,0.9 
5,PHO,1374,2.8 
6,GSW,1237,0.3 
7,PHI,1032,0.0 
8,ATL,622,0.3 
9,NJN,2689,4.8 
10,ORL,2588,5.7 
11,SAS,556,0.0 
12,NYK,943,1.5 
13,CHI,2577,5.4 
14,ORL,8,0.1 
15,SEA,1721,3.3 
16,MIA,854,1.0 
17,ATL,2362,1.9 
18,ORL,1066,0.1 
19,MIL,3361,2.7 
20,PHO,2382,7.4 
Rk,Tm,MP,OWS 
21,PHI,3318,10.5 
22,MIL,602,0.7 
23,CLE,280,0.0 
24,ATL,74,0.1 
25,NJN,1598,0.1 
26,CLE,18,0.0 
27,CHH,46,0.0 
28,UTA,1841,2.3 
29,TOT,80,0.1 
29,CHH,19,0.0 
29,BOS,61,0.1 
30,ATL,3069,4.6 
31,CHI,889,0.3 
32,CHH,2629,5.8 
33,GSW,81,0.1 
34,TOT,290,0.2 
34,DET,51,-0.1 
34,UTA,239,0.3 
35,NYK,1126,-0.2 
36,ORL,1261,1.0 
37,LAL,1225,-0.3 
38,PHI,2365,-0.1 
39,CLE,1961,2.6 
40,HOU,340,-0.2 
Rk,Tm,MP,OWS 
41,TOT,808,1.3 
41,HOU,186,0.4 
41,DAL,622,0.9 
42,HOU,814,1.3 
43,BOS,2792,5.0 
44,MIN,213,-0.6 
45,NJN,2466,1.7 
46,SAC,1086,-0.3 
47,POR,658,0.6 
48,CHI,605,0.7 
49,CHH,2014,2.8 
50,PHI,1564,1.9 
51,WSB,1554,-0.5 
52,CLE,2040,2.1 
53,HOU,30,0.0 
54,LAL,2076,1.5 
55,CLE,1128,0.7 
56,UTA,1677,2.4 
57,SEA,430,-0.2 
58,HOU,1882,2.7 
59,SAC,820,0.5 
60,LAL,2029,3.5 
Rk,Tm,MP,OWS 
61,UTA,1240,1.2 
62,WSB,1468,1.7 
63,WSB,2651,2.1 
64,HOU,1347,0.6 
65,NJN,1021,0.5 
66,NYK,79,-0.5 
67,NJN,2103,2.4 
68,MIA,2207,1.2 
69,CLE,752,0.4 
70,MIL,2064,2.0 
71,LAL,5,0.0 
72,ATL,1389,0.2 
73,UTA,1019,1.0 
74,SAS,29,-0.2 
75,SAS,1273,0.1 
76,DET,595,0.1 
77,CHH,1718,1.6 
78,TOT,604,-0.1 
78,PHI,63,-0.2 
78,LAL,541,0.1 
79,NJN,3,-0.1 
80,IND,1030,0.5 
Rk,Tm,MP,OWS 
81,IND,2346,2.6 
82,NYK,1697,3.1 
83,DAL,580,0.1 
84,DET,1170,0.8 
85,BOS,13,0.0 
86,MIL,2717,2.9 
87,LAC,1774,0.0 
88,SAS,2360,4.6 
89,DEN,1261,0.8 
90,LAL,2807,5.3 
91,UTA,613,0.3 
92,BOS,2048,3.2 
93,CLE,483,-0.2 
94,TOT,2728,8.0 
94,POR,1428,4.4 
94,HOU,1300,3.6 
95,WSB,818,-0.7 
96,POR,2245,0.4 
97,DET,2544,1.8 
98,PHO,167,0.1 
99,DAL,613,-0.2 
100,MIN,852,0.4 
Rk,Tm,MP,OWS 
101,MIA,898,0.7 
102,BOS,208,-0.4 
103,TOT,1112,0.2 
103,BOS,507,0.2 
103,UTA,605,0.1 
104,ATL,212,-0.1 
105,POR,266,-0.3 
106,NJN,466,0.2 
107,ATL,1166,0.8 
108,TOT,552,-0.7 
108,MIN,496,-0.5 
108,SAS,56,-0.2 
109,HOU,1896,3.4 
110,SAS,2858,5.8 
111,DEN,1996,2.4 
112,LAC,656,0.1 
113,DEN,58,0.0 
114,BOS,1083,0.7 
115,CHI,127,0.0 
116,NYK,2920,3.1 
117,IND,607,0.5 
118,CLE,1290,2.3 
119,LAC,370,-0.1 
120,IND,686,1.0 
Rk,Tm,MP,OWS 
121,NJN,831,-0.5 
122,PHI,98,-0.5 
123,TOT,1144,0.1 
123,CHI,299,0.1 
123,MIN,845,-0.1 
124,BOS,1039,1.8 
125,PHI,280,0.0 
126,MIA,1223,2.5 
127,MIN,1931,0.6 
128,GSW,1470,2.6 
129,CHH,409,0.0 
130,MIA,1712,1.1 
131,MIL,8,0.0 
132,SEA,2125,2.0 
133,NJN,2472,3.6 
134,PHI,775,-0.1 
135,NYK,8,0.0 
136,SAC,2289,1.9 
137,LAC,470,0.3 
138,DEN,151,-0.1 
139,POR,1771,1.7 
140,ORL,2693,6.0 
Rk,Tm,MP,OWS 
141,PHI,1098,-0.1 
142,PHO,2687,4.6 
143,TOT,2568,0.8 
143,WSB,226,0.1 
143,GSW,1324,0.0 
143,MIN,1018,0.8 
144,MIN,167,-0.2 
145,SAS,117,-0.2 
146,ORL,7,0.0 
147,DEN,956,1.7 
148,CHH,424,-0.1 
149,ORL,2901,8.2 
150,GSW,2321,4.4 
151,PHI,158,-0.1 
152,NYK,2716,3.2 
153,CHI,1536,-0.2 
154,DAL,1695,3.1 
155,BOS,18,0.1 
156,LAL,572,-0.2 
157,CHH,2731,5.3 
158,POR,380,0.7 
159,HOU,1331,0.6 
160,GSW,46,0.0 
Rk,Tm,MP,OWS 
161,NJN,735,-0.3 
162,DET,2678,3.7 
163,CLE,2397,2.7 
164,DAL,633,-0.1 
165,UTA,2696,7.2 
166,HOU,2074,1.6 
167,DET,1996,3.5 
168,SEA,258,0.1 
169,ATL,4,0.0 
170,WSB,2348,1.3 
171,TOT,201,-0.6 
171,UTA,149,-0.6 
171,BOS,52,0.0 
172,DET,944,-0.7 
173,SAC,1105,-1.1 
174,PHI,257,-0.2 
175,DAL,1982,4.3 
176,IND,2402,1.4 
177,GSW,1722,3.3 
178,SAS,3011,5.1 
179,SEA,907,-0.2 
180,PHO,1352,4.1 
Rk,Tm,MP,OWS 
181,CHH,3234,4.9 
182,MIN,139,-0.1 
183,HOU,36,0.0 
184,LAL,1981,2.9 
185,DAL,2385,1.5 
186,CHI,668,1.2 
187,UTA,1270,2.4 
188,SEA,2679,5.9 
189,CHI,1839,4.2 
190,POR,1143,0.6 
191,LAL,83,-0.1 
192,DAL,2668,1.1 
193,SEA,6,-0.1 
194,MIN,792,-0.5 
195,TOT,77,-0.3 
195,NYK,16,-0.1 
195,IND,61,-0.3 
196,PHO,968,0.6 
197,TOT,708,-0.3 
197,POR,43,0.1 
197,DET,665,-0.4 
198,ATL,943,0.1 
199,CHI,287,-0.1 
200,CHI,2584,6.3 
Rk,Tm,MP,OWS 
201,MIN,2770,3.6 
202,ATL,2340,1.4 
203,PHO,53,-0.1 
204,DET,623,0.4 
205,SAC,75,0.2 
206,GSW,371,0.9 
207,ATL,188,0.0 
208,DEN,469,-0.1 
209,MIL,776,0.0 
210,MIA,730,0.9 
211,TOT,2641,2.3 
211,MIA,62,0.0 
211,ATL,2579,2.4 
212,CHI,1001,0.0 
213,GSW,672,0.2 
214,LAL,953,0.0 
215,WSB,1052,0.8 
216,DET,721,-0.2 
217,CLE,28,-0.1 
218,NJN,630,0.5 
219,PHO,3091,6.0 
220,PHI,660,1.1 
Rk,Tm,MP,OWS 
221,UTA,3126,8.1 
222,SAS,149,0.1 
223,PHO,1510,2.2 
224,SEA,1194,1.1 
225,TOT,2086,-0.9 
225,MIN,1036,-0.8 
225,GSW,1050,-0.1 
226,LAC,14,0.0 
227,MIN,803,-0.2 
228,DAL,2980,5.0 
229,NYK,2496,4.2 
230,LAC,2127,0.8 
231,HOU,2038,0.3 
232,MIL,1744,1.2 
233,DAL,802,1.8 
234,BOS,1430,0.3 
235,WSB,534,0.3 
236,IND,2805,3.6 
237,POR,827,0.8 
238,SEA,2070,1.6 
239,DEN,8,0.0 
240,LAL,527,0.6 
Rk,Tm,MP,OWS 
241,DET,1558,1.2 
242,IND,2665,8.5 
243,CLE,2814,2.0 
244,DET,2514,2.2 
245,MIA,871,-0.8 
246,BOS,945,1.4 
247,IND,1377,2.0 
248,MIL,587,0.8 
249,BOS,2315,2.3 
250,NJN,2131,1.8 
251,GSW,395,0.0 
252,CHH,2941,4.3 
253,GSW,890,1.2 
254,MIL,2158,2.7 
255,WSB,1720,2.1 
256,LAC,2556,-1.4 
257,TOT,516,0.1 
257,POR,313,0.3 
257,HOU,203,-0.2 
258,DEN,3100,3.5 
259,CHI,1270,-0.4 
260,DET,331,-0.1 
Rk,Tm,MP,OWS 
261,MIL,1896,1.9 
262,ATL,1879,0.9 
263,SAS,84,-0.1 
264,ORL,2923,9.6 
265,NYK,1567,1.6 
266,HOU,2853,5.1 
267,WSB,42,0.0 
268,LAC,1655,0.3 
269,WSB,1704,1.1 
270,MIA,2296,1.2 
271,DEN,1144,1.1 
272,CHH,1352,-0.6 
273,SEA,3015,8.2 
274,LAL,1559,1.6 
275,DET,21,0.0 
276,CHI,1592,2.0 
277,SEA,2356,5.9 
278,PHO,1977,3.3 
279,PHI,446,-0.4 
280,SAS,2033,1.5 
Rk,Tm,MP,OWS 
281,PHO,1800,3.0 
282,SAC,5,0.0 
283,CLE,2500,0.5 
284,LAC,1208,1.6 
285,GSW,673,1.3 
286,MIL,835,0.7 
287,CHI,3014,5.1 
288,SAC,2534,3.3 
289,POR,770,0.9 
290,CLE,1375,2.8 
291,TOT,194,0.1 
291,PHI,36,-0.2 
291,MIA,158,0.3 
292,BOS,2147,2.0 
293,LAL,195,0.2 
294,DEN,39,0.0 
295,DEN,13,-0.1 
296,MIA,1462,2.1 
297,SAS,1566,0.9 
298,MIA,3014,7.9 
299,LAC,2864,0.6 
300,SAC,3172,4.9 
Rk,Tm,MP,OWS 
301,MIN,2645,1.4 
302,LAC,434,0.0 
303,TOT,989,0.3 
303,NYK,47,0.1 
303,SAS,942,0.3 
304,CLE,223,0.1 
305,POR,2725,5.4 
306,SAS,3074,10.7 
307,MIL,2958,1.1 
308,POR,1539,-0.3 
309,SAS,1568,2.6 
310,GSW,1017,0.1 
311,DEN,2142,1.5 
312,ORL,478,0.0 
313,MIN,2405,1.9 
314,DEN,1798,2.4 
315,ORL,1841,2.2 
316,GSW,1494,0.1 
317,PHO,319,-0.1 
318,UTA,860,0.1 
319,MIA,1955,1.9 
320,PHO,823,0.5 
Rk,Tm,MP,OWS 
321,SEA,102,0.3 
322,NJN,318,-0.4 
323,SEA,2886,9.8 
324,IND,1528,2.1 
325,ORL,1499,3.5 
326,LAC,1604,1.1 
327,GSW,1035,-0.1 
328,MIN,239,0.5 
329,ORL,1836,-0.4 
330,SAC,1064,-0.4 
331,CHI,586,-0.1 
332,WSB,2077,3.7 
333,DEN,236,0.1 
334,NYK,2150,1.7 
335,MIN,1073,1.0 
336,DAL,826,0.2 
337,HOU,2030,4.7 
338,LAC,319,0.2 
339,SAC,1736,0.9 
340,TOT,2665,5.3 
340,MIA,62,0.2 
340,ATL,2603,5.2 
Rk,Tm,MP,OWS 
341,LAL,1024,0.6 
342,IND,2381,3.7 
343,LAC,368,-1.1 
344,UTA,905,0.7 
345,GSW,2771,0.8 
346,NYK,2725,2.8 
347,WSB,346,0.2 
348,DEN,2329,3.8 
349,UTA,2867,9.9 
350,IND,9,0.0 
351,POR,2267,5.3 
352,BOS,1344,1.4 
353,CHH,690,0.0 
354,PHO,51,0.0 
355,HOU,182,-0.1 
356,DAL,1354,0.9 
357,ORL,246,-0.1 
358,IND,453,-0.6 
359,TOT,2096,3.2 
359,HOU,1188,1.1 
359,POR,908,2.1 
360,LAL,1384,2.9 
Rk,Tm,MP,OWS 
361,PHO,1276,0.8 
362,CHH,57,-0.1 
363,ORL,7,-0.1 
364,WSB,982,-0.2 
365,SAC,149,-0.1 
366,ORL,576,0.6 
367,PHI,809,-1.2 
368,LAL,2944,5.0 
369,LAC,2966,3.0 
370,ATL,27,-0.1 
371,WSB,266,0.0 
372,NJN,1435,0.7 
373,NYK,44,-0.3 
374,UTA,673,-0.1 
375,PHI,2991,0.7 
376,SAC,2458,3.1 
377,WSB,2067,1.9 
378,CHI,956,1.0 
379,BOS,1380,1.5 
380,MIN,2328,1.2 
Rk,Tm,MP,OWS 
381,DET,1543,0.7 
382,ATL,292,0.2 
383,SAS,179,-0.3 
384,TOT,424,0.7 
384,DAL,407,0.8 
384,ATL,17,0.0 
385,BOS,2423,2.6 
386,MIL,72,-0.2 
387,POR,2422,2.5 
388,NYK,743,-0.7 
389,CLE,2641,0.9 
390,NJN,982,0.5 
391,IND,402,-0.9 
392,DAL,2383,0.5 
393,MIN,28,-0.1 
394,NYK,503,-0.5 
395,DEN,2198,3.1 
396,PHI,1781,0.9 
397,SAC,2739,1.6 
398,TOT,2390,0.9 
398,ATL,89,-0.1 
398,MIA,2301,1.0 
399,SAC,147,0.2 
400,CHH,515,-0.2 
Rk,Tm,MP,OWS 
401,SEA,81,-0.2 
402,CHH,583,0.2 
403,GSW,1336,1.7 
404,LAC,495,-0.3 
405,IND,1028,0.4 
406,PHI,2044,-0.2 
