Rk,Tm,MP,DWS 
1,SAC,530,0.2 
2,SAC,959,0.6 
3,VAN,2950,0.6 
4,TOT,1298,1.2 
4,SAS,501,0.8 
4,DEN,797,0.3 
5,MIL,3287,2.3 
6,CLE,1839,2.8 
7,ATL,398,0.7 
8,TOT,1858,2.0 
8,POR,1472,1.6 
8,BOS,386,0.4 
9,ORL,1701,2.1 
10,UTA,1602,1.4 
11,DAL,680,0.9 
12,SEA,1021,1.3 
13,TOT,831,0.6 
13,GSW,59,0.1 
13,CHH,772,0.5 
14,ORL,1236,1.3 
15,POR,443,0.6 
16,MIA,681,1.0 
17,POR,1445,1.9 
18,TOT,2266,2.5 
18,MIA,1371,2.2 
18,LAC,895,0.3 
19,SEA,2944,3.5 
20,HOU,2243,2.5 
Rk,Tm,MP,DWS 
21,BOS,1686,1.3 
22,TOT,1600,0.6 
22,LAC,1341,0.2 
22,MIA,259,0.4 
23,ATL,256,0.3 
24,LAL,374,0.4 
25,DEN,1506,0.8 
26,CHH,738,0.7 
27,PHI,197,0.2 
28,LAL,354,0.6 
29,TOT,1123,1.1 
29,NJN,799,0.7 
29,ORL,324,0.4 
30,IND,1547,2.1 
31,TOT,2216,0.9 
31,BOS,1296,1.0 
31,TOR,920,-0.2 
32,ATL,2700,3.7 
33,LAL,1029,1.4 
34,TOT,1570,1.0 
34,CHH,16,0.0 
34,GSW,1554,1.0 
35,IND,11,0.0 
36,CHI,17,0.0 
37,BOS,1305,1.4 
38,NYK,224,0.3 
39,DAL,1822,3.0 
40,MIL,1784,2.0 
Rk,Tm,MP,DWS 
41,MIL,30,0.0 
42,CLE,312,0.5 
43,ATL,1202,0.9 
44,TOT,1719,0.8 
44,BOS,811,0.7 
44,TOR,908,0.1 
45,MIA,2362,4.0 
46,CHI,1147,1.9 
47,POR,622,0.7 
48,LAL,2056,1.8 
49,PHO,1110,1.6 
50,CHI,608,0.9 
51,HOU,1190,0.5 
52,CHI,1096,2.2 
53,SAS,43,0.1 
54,CLE,206,0.3 
55,TOT,1423,1.6 
55,CHI,710,1.1 
55,GSW,713,0.5 
56,NJN,1201,1.4 
57,DAL,3,0.0 
58,TOR,2002,1.5 
59,LAL,1784,2.4 
60,UTA,1086,0.7 
Rk,Tm,MP,DWS 
61,MIN,1165,0.4 
62,NJN,2606,1.7 
63,POR,1007,2.0 
64,MIA,363,0.7 
65,TOT,990,1.2 
65,PHO,626,0.9 
65,DAL,364,0.3 
66,PHI,10,0.0 
67,PHO,2263,2.1 
68,WAS,2841,2.5 
69,VAN,1420,0.8 
70,NYK,1599,2.3 
71,TOR,2939,1.6 
72,LAC,740,0.5 
73,PHI,2135,2.7 
74,GSW,1471,1.0 
75,LAC,103,0.0 
76,MIA,209,0.4 
77,ATL,2699,2.7 
78,SEA,33,0.0 
79,ATL,256,0.3 
80,IND,243,0.4 
Rk,Tm,MP,DWS 
81,POR,379,0.3 
82,TOT,1185,1.6 
82,PHI,656,0.7 
82,NYK,529,1.0 
83,TOT,39,0.1 
83,UTA,38,0.0 
83,PHI,1,0.0 
84,MIN,146,0.1 
85,CHH,971,0.7 
86,MIL,1978,0.9 
87,GSW,2656,2.9 
88,VAN,1956,-0.4 
89,TOR,82,0.0 
90,NJN,60,0.0 
91,IND,2191,3.6 
92,NYK,13,0.0 
93,IND,2174,3.8 
94,HOU,599,0.1 
95,DAL,2378,0.3 
96,PHI,906,1.0 
97,WAS,1705,1.9 
98,MIA,69,0.1 
99,BOS,1523,2.1 
100,SAC,1410,0.7 
Rk,Tm,MP,DWS 
101,SAS,1721,2.1 
102,DET,2619,3.7 
103,TOT,1681,1.3 
103,CHH,34,0.0 
103,GSW,1647,1.3 
104,CHH,1805,3.0 
105,NJN,1699,0.7 
106,HOU,2473,1.8 
107,NYK,858,1.7 
108,DET,2326,1.2 
109,CLE,47,0.0 
110,SAS,3204,7.2 
111,WAS,547,0.4 
112,BOS,623,0.7 
113,VAN,1968,0.3 
114,TOT,487,0.4 
114,NJN,352,0.3 
114,ORL,135,0.1 
115,UTA,1726,1.2 
116,HOU,1988,0.6 
117,SAS,1012,1.5 
118,SEA,1939,1.4 
119,DEN,344,0.1 
120,DEN,2575,0.7 
Rk,Tm,MP,DWS 
121,BOS,447,0.6 
122,TOT,893,0.8 
122,ORL,561,0.6 
122,NJN,332,0.2 
123,NYK,848,2.0 
124,CHH,169,0.2 
125,MIL,450,0.7 
126,GSW,461,0.3 
127,CLE,1034,1.4 
128,DAL,3394,2.0 
129,LAL,1760,1.6 
130,DEN,1811,0.4 
131,UTA,1446,1.0 
132,LAL,2709,2.8 
133,GSW,656,0.9 
134,GSW,613,0.7 
135,SAC,1094,0.7 
136,TOR,293,0.1 
137,MIN,3222,4.2 
138,DEN,2632,1.1 
139,DEN,225,0.0 
140,NJN,1359,1.5 
Rk,Tm,MP,DWS 
141,SAS,685,1.2 
142,CHH,1839,2.7 
143,NJN,2733,3.0 
144,MIL,2114,2.1 
145,DEN,2212,-0.4 
146,CLE,56,0.0 
147,POR,1921,3.0 
148,POR,359,0.5 
149,WAS,895,0.9 
150,ORL,2803,3.6 
151,ATL,472,0.4 
152,TOT,34,0.0 
152,CHH,11,0.0 
152,GSW,23,0.0 
153,DAL,2649,2.4 
154,MIL,124,0.1 
155,SAC,34,0.1 
156,MIN,1582,1.5 
157,NJN,51,0.0 
158,WAS,635,0.7 
159,MIN,1140,0.7 
160,BOS,26,0.0 
Rk,Tm,MP,DWS 
161,ORL,625,0.8 
162,MIA,3031,3.8 
163,ORL,1761,1.5 
164,CHI,2284,3.7 
165,HOU,903,0.5 
166,NJN,671,0.5 
167,SEA,2597,3.3 
168,ATL,2000,1.8 
169,CLE,2527,4.0 
170,SAC,737,0.7 
171,DET,65,0.0 
172,SAS,516,0.9 
173,POR,12,0.0 
174,DET,3294,5.1 
175,MIL,2064,2.6 
176,IND,874,1.4 
177,MIL,530,0.5 
178,UTA,2460,2.1 
179,LAL,2192,3.6 
180,NYK,2848,3.5 
Rk,Tm,MP,DWS 
181,WAS,2559,2.4 
182,SEA,53,0.1 
183,UTA,23,0.0 
184,DET,2505,2.8 
185,TOT,875,0.0 
185,SAC,417,0.2 
185,VAN,458,-0.2 
186,CLE,2379,4.9 
187,PHI,3150,2.8 
188,DEN,2042,0.7 
189,SAS,2226,2.8 
190,TOT,3046,1.7 
190,PHI,1788,0.9 
190,GSW,1258,0.8 
191,IND,2413,3.1 
192,CLE,166,0.2 
193,SAC,2266,0.8 
194,SAS,2674,3.2 
195,HOU,1490,0.1 
196,MIL,2261,3.8 
197,PHO,1290,1.3 
198,NYK,2412,2.9 
199,HOU,127,0.0 
200,BOS,91,0.0 
Rk,Tm,MP,DWS 
201,LAL,2910,3.2 
202,TOR,352,0.1 
203,CHI,3181,5.4 
204,MIN,487,0.5 
205,UTA,2047,1.7 
206,CLE,2769,5.9 
207,TOT,47,0.0 
207,ORL,15,0.0 
207,TOR,32,0.0 
208,CHI,1119,1.2 
209,SEA,717,1.2 
210,PHO,3118,4.8 
211,NJN,2814,2.2 
212,CHI,397,0.5 
213,CLE,2483,4.9 
214,BOS,1503,1.9 
215,CHI,2235,3.3 
216,ATL,2282,3.0 
217,MIL,692,0.8 
218,MIA,29,0.0 
219,CHI,140,0.1 
220,DEN,345,0.2 
Rk,Tm,MP,DWS 
221,ORL,80,0.2 
222,WAS,76,0.0 
223,MIA,2621,2.5 
224,POR,44,0.1 
225,ATL,82,0.1 
226,PHO,42,0.1 
227,SAS,102,0.1 
228,DET,739,1.0 
229,CHI,1703,2.8 
230,VAN,1493,0.8 
231,VAN,1414,-0.2 
232,NJN,42,0.0 
233,GSW,243,0.2 
234,DET,707,0.9 
235,MIA,1928,2.5 
236,UTA,3030,4.3 
237,HOU,2217,0.3 
238,PHO,1794,3.0 
239,MIN,3112,1.1 
240,GSW,2611,3.2 
Rk,Tm,MP,DWS 
241,LAC,2299,-0.1 
242,MIA,1729,1.8 
243,CHH,3148,3.5 
244,VAN,894,0.4 
245,TOT,636,0.4 
245,ORL,169,0.1 
245,CHH,467,0.3 
246,VAN,1835,-0.3 
247,TOR,5,0.0 
248,BOS,2340,2.2 
249,PHO,1213,1.9 
250,NJN,180,0.1 
251,CHH,4,0.0 
252,PHO,2441,4.6 
253,TOR,1179,0.7 
254,SEA,1211,1.9 
255,IND,1316,2.1 
256,TOT,1813,2.0 
256,DET,472,0.6 
256,PHI,1341,1.4 
257,SEA,279,0.3 
258,BOS,2662,1.9 
259,PHO,163,0.2 
260,ATL,228,0.4 
Rk,Tm,MP,DWS 
261,TOR,1628,0.9 
262,IND,2795,2.8 
263,NYK,2183,3.3 
264,MIA,782,1.1 
265,BOS,1126,0.9 
266,MIN,2239,1.4 
267,TOT,691,0.9 
267,PHI,337,0.4 
267,DET,354,0.5 
268,UTA,538,0.7 
269,WAS,27,0.0 
270,MIA,1939,3.6 
271,IND,2177,3.2 
272,MIA,1395,2.4 
273,LAC,2579,1.2 
274,WAS,2227,1.9 
275,ATL,2917,5.2 
276,DAL,603,0.6 
277,NYK,40,0.1 
278,PHO,1664,1.8 
279,VAN,249,0.1 
280,DEN,2176,-0.4 
Rk,Tm,MP,DWS 
281,MIL,48,0.1 
282,DET,234,0.2 
283,POR,808,1.3 
284,LAL,2175,3.4 
285,NYK,2734,5.6 
286,HOU,1633,2.5 
287,ATL,61,0.0 
288,WAS,10,0.0 
289,TOT,430,0.2 
289,DAL,214,0.1 
289,ORL,216,0.2 
290,UTA,1288,2.1 
291,ORL,2953,4.5 
292,PHI,277,0.1 
293,SAC,2348,2.8 
294,DAL,292,0.3 
295,PHI,196,0.2 
296,MIN,1703,1.8 
297,SEA,3145,4.0 
298,TOT,1193,0.7 
298,VAN,202,0.0 
298,MIN,991,0.7 
299,SAS,1491,3.2 
300,SEA,1675,2.0 
Rk,Tm,MP,DWS 
301,MIL,1752,1.3 
302,SAS,1455,2.1 
303,CLE,3198,5.0 
304,CHH,1887,1.7 
305,LAC,1740,0.1 
306,MIL,442,0.2 
307,CHI,1652,3.0 
308,DET,317,0.4 
309,SAC,1458,1.6 
310,IND,193,0.2 
311,MIN,1786,0.9 
312,CLE,1412,2.2 
313,HOU,1332,0.4 
314,ORL,1430,1.3 
315,TOT,2447,3.4 
315,DET,586,0.9 
315,PHI,1861,2.5 
316,ATL,1454,1.0 
317,VAN,2527,0.6 
318,DAL,1950,1.0 
319,DET,994,1.3 
320,CHH,1109,1.1 
Rk,Tm,MP,DWS 
321,TOT,911,0.0 
321,TOR,696,0.0 
321,DAL,215,0.1 
322,HOU,1070,0.6 
323,CHH,3295,2.0 
324,LAC,1252,-0.1 
325,SAC,2569,1.3 
326,POR,2786,2.5 
327,DAL,544,0.7 
328,MIN,1328,1.5 
329,TOT,414,0.2 
329,VAN,143,0.0 
329,SAC,271,0.2 
330,PHO,2359,3.5 
331,SAS,2457,6.0 
332,MIL,2294,1.8 
333,LAC,1231,-0.1 
334,VAN,41,0.1 
335,CHI,2856,5.9 
336,TOT,376,0.0 
336,TOR,351,0.0 
336,POR,25,0.0 
337,LAC,2499,0.7 
338,TOT,106,0.1 
338,BOS,37,0.1 
338,TOR,69,0.0 
339,LAL,425,0.5 
340,IND,1706,2.2 
Rk,Tm,MP,DWS 
341,SAS,429,0.8 
342,TOT,323,0.2 
342,ORL,18,0.0 
342,CHH,305,0.1 
343,MIN,30,0.0 
344,UTA,2219,2.2 
345,POR,2333,4.6 
346,SAC,87,0.1 
347,ORL,1272,1.4 
348,SEA,2742,2.9 
349,TOT,2290,1.3 
349,DAL,1797,0.8 
349,PHO,493,0.5 
350,CLE,188,0.4 
351,LAL,9,0.0 
352,DET,1641,2.0 
353,TOT,1636,1.9 
353,ORL,1484,1.7 
353,NJN,152,0.1 
354,WAS,146,0.1 
355,TOT,1530,1.3 
355,GSW,1028,1.0 
355,PHI,502,0.3 
356,TOT,433,0.5 
356,GSW,196,0.2 
356,CHI,237,0.3 
357,TOR,1662,0.1 
358,TOT,292,0.0 
358,MIA,32,0.1 
358,LAC,260,0.0 
359,TOT,2344,2.0 
359,GSW,1645,1.4 
359,PHI,699,0.5 
360,TOT,1053,0.8 
360,SAC,347,0.5 
360,VAN,706,0.3 
Rk,Tm,MP,DWS 
361,ATL,2857,1.8 
362,MIL,80,0.1 
363,IND,2085,3.6 
364,TOT,918,1.0 
364,SEA,74,0.0 
364,PHI,844,0.9 
365,GSW,813,1.0 
366,GSW,547,0.4 
367,TOT,2545,2.3 
367,PHI,748,0.6 
367,DET,1797,1.7 
368,NYK,2188,3.1 
369,HOU,37,0.0 
370,PHI,110,0.2 
371,SAC,1761,2.6 
372,DEN,718,-0.1 
373,UTA,1858,1.6 
374,TOR,17,0.0 
375,TOT,2839,0.8 
375,TOR,2033,-0.1 
375,POR,806,0.9 
376,DAL,1505,0.8 
377,MIA,847,1.3 
378,WAS,3020,3.0 
379,ORL,1638,2.0 
380,CLE,942,1.4 
Rk,Tm,MP,DWS 
381,TOT,984,0.4 
381,TOR,752,0.1 
381,BOS,232,0.2 
382,ORL,108,0.1 
383,LAC,1513,0.3 
384,TOT,426,0.6 
384,GSW,139,0.1 
384,ORL,15,0.0 
384,CLE,272,0.5 
385,TOT,535,0.4 
385,BOS,368,0.4 
385,TOR,167,0.0 
386,DAL,73,0.1 
387,PHI,1779,1.3 
388,TOT,167,0.3 
388,PHO,46,0.1 
388,NYK,121,0.2 
389,TOT,2197,1.1 
389,VAN,1574,0.4 
389,SAC,623,0.7 
390,TOT,1360,1.6 
390,POR,1005,1.4 
390,TOR,355,0.1 
391,LAL,2053,1.5 
392,NJN,2325,1.6 
393,TOT,489,0.6 
393,GSW,322,0.4 
393,CHI,6,0.0 
393,NJN,161,0.2 
394,UTA,419,0.2 
395,LAC,265,0.1 
396,LAC,996,0.6 
397,BOS,3268,4.0 
398,DAL,1027,1.3 
399,WAS,1124,2.2 
400,TOR,2361,0.5 
Rk,Tm,MP,DWS 
401,POR,2896,3.8 
402,TOT,235,0.2 
402,PHI,127,0.1 
402,MIA,108,0.1 
403,NYK,2317,4.5 
404,DEN,1539,-0.2 
405,TOT,2325,3.0 
405,PHI,1290,1.7 
405,GSW,1035,1.3 
406,ORL,34,0.0 
407,WAS,2809,4.4 
408,DAL,395,0.3 
409,CHI,467,0.6 
410,CHH,2845,2.5 
411,MIN,688,0.2 
412,IND,105,0.1 
413,MIN,150,0.1 
414,ATL,16,0.0 
415,WAS,1073,0.9 
416,ORL,1252,0.9 
417,SEA,757,1.0 
418,TOT,1071,0.8 
418,POR,864,0.8 
418,TOR,207,0.0 
419,GSW,140,0.1 
420,NYK,738,1.2 
Rk,Tm,MP,DWS 
421,DEN,145,0.0 
422,NYK,178,0.3 
423,PHO,1333,2.1 
424,NJN,2343,2.3 
425,DET,1305,1.9 
426,WAS,111,0.1 
427,MIN,161,0.1 
428,SAS,1314,1.9 
429,PHI,801,0.8 
430,CHH,365,0.4 
431,TOT,1470,1.0 
431,TOR,876,0.3 
431,POR,594,0.7 
432,SAC,2819,1.8 
433,HOU,2528,1.7 
434,SEA,546,0.6 
435,POR,9,0.0 
436,DEN,621,0.2 
437,LAC,2067,1.5 
438,TOR,44,0.0 
439,TOT,64,0.0 
439,DEN,42,0.0 
