Rk,Tm,MP,DWS 
1,DAL,204,0.2 
2,ATL,3087,2.3 
3,NOH,1360,1.0 
4,MIA,2318,2.6 
5,TOT,2880,1.5 
5,MIL,1683,0.5 
5,SEA,1197,1.0 
6,TOR,980,0.5 
7,UTA,474,0.4 
8,DEN,907,1.7 
9,POR,2556,2.2 
10,TOT,1135,1.3 
10,SEA,689,0.8 
10,NOH,446,0.5 
11,NYK,1731,1.4 
12,MEM,72,0.0 
13,GSW,2866,0.7 
14,NJN,69,0.1 
15,ORL,2350,2.2 
16,UTA,287,0.2 
17,DET,1398,1.2 
18,NOH,862,1.0 
19,CHI,76,0.1 
20,BOS,942,1.1 
Rk,Tm,MP,DWS 
21,SEA,2480,2.5 
22,DET,1473,2.2 
23,TOR,106,0.2 
24,SAS,46,0.1 
25,MEM,1248,0.7 
26,BOS,1683,2.5 
27,MEM,2383,1.5 
28,CHI,682,0.5 
29,DAL,1173,1.2 
30,IND,819,1.0 
31,ATL,152,0.1 
32,MIA,1807,1.4 
33,SAC,1835,2.0 
34,DET,2327,2.9 
35,CHI,836,0.9 
36,TOT,1403,2.1 
36,DEN,885,1.3 
36,BOS,518,0.8 
37,SEA,575,0.7 
38,CLE,2049,1.8 
39,POR,5,0.0 
40,SAS,2566,2.7 
Rk,Tm,MP,DWS 
41,DEN,996,1.6 
42,GSW,1321,-0.4 
43,TOR,1314,0.9 
44,DAL,1731,3.5 
45,LAC,2454,2.7 
46,BOS,1503,1.2 
47,IND,80,0.1 
48,IND,111,0.1 
49,TOR,115,0.0 
50,TOT,93,0.1 
50,SAS,22,0.0 
50,DEN,71,0.1 
51,BOS,666,1.1 
52,WAS,1773,2.3 
53,NOH,2609,3.8 
54,PHO,262,0.4 
55,CLE,168,0.2 
56,CHI,196,0.1 
57,LAL,3401,4.0 
58,TOT,100,0.1 
58,PHI,77,0.1 
58,DEN,14,0.0 
58,BOS,9,0.0 
59,PHI,1514,1.7 
60,ORL,783,0.6 
Rk,Tm,MP,DWS 
61,MIA,2858,3.6 
62,MIA,1514,1.4 
63,MIL,894,0.3 
64,DEN,616,1.2 
65,TOT,869,1.4 
65,NOH,685,1.1 
65,SEA,184,0.3 
66,WAS,15,0.0 
67,MIA,912,1.1 
68,TOR,1471,0.8 
69,MIL,2700,0.8 
70,HOU,1247,2.5 
71,CHI,1827,2.1 
72,UTA,2351,1.7 
73,NJN,106,0.2 
74,SAC,2710,4.7 
75,SAC,1780,3.4 
76,SAS,471,0.6 
77,SAC,55,0.1 
78,PHI,1742,2.4 
79,TOT,691,0.2 
79,CLE,516,0.1 
79,BOS,175,0.1 
80,HOU,104,0.1 
Rk,Tm,MP,DWS 
81,UTA,421,0.2 
82,NJN,1900,3.0 
83,ATL,38,0.0 
84,CHI,1992,1.1 
85,IND,633,0.8 
86,DEN,180,0.1 
87,CHI,1571,1.1 
88,DET,1555,1.7 
89,GSW,1978,1.0 
90,POR,872,0.8 
91,TOR,1894,1.1 
92,NOH,1889,2.2 
93,POR,2282,2.6 
94,ATL,340,0.2 
95,DET,328,0.3 
96,CLE,3131,1.5 
97,ORL,1327,1.3 
98,BOS,1873,2.1 
99,ATL,515,0.1 
100,MEM,87,0.0 
Rk,Tm,MP,DWS 
101,CLE,943,1.2 
102,SAC,2384,4.4 
103,WAS,647,0.5 
104,NYK,1041,0.7 
105,LAC,969,0.2 
106,NOH,79,0.1 
107,SEA,1984,1.6 
108,POR,11,0.0 
109,SAS,3181,6.9 
110,GSW,1305,0.4 
111,NYK,2243,1.0 
112,MIA,784,0.9 
113,LAC,802,0.4 
114,DAL,135,0.3 
115,SEA,1365,1.7 
116,SAS,601,0.6 
117,DAL,2642,2.5 
118,LAL,2829,1.4 
119,CHI,809,0.6 
120,PHO,31,0.0 
Rk,Tm,MP,DWS 
121,SEA,86,0.1 
122,GSW,223,0.2 
123,TOR,539,0.1 
124,IND,802,1.4 
125,LAC,573,0.4 
126,LAL,2181,1.6 
127,GSW,1787,1.7 
128,HOU,3318,3.7 
129,SAC,229,0.3 
130,MIL,760,0.7 
131,MIN,3321,5.8 
132,ORL,2584,1.3 
133,MEM,2948,2.0 
134,LAL,1613,1.4 
135,MIN,2068,1.8 
136,SAS,1431,2.4 
137,TOT,2148,0.7 
137,MEM,1187,0.0 
137,ORL,961,0.7 
138,ATL,1890,1.2 
139,TOT,85,0.1 
139,SAS,51,0.1 
139,WAS,34,0.0 
140,TOT,1873,1.3 
140,MEM,1329,0.7 
140,ORL,544,0.6 
Rk,Tm,MP,DWS 
141,MIA,2641,4.1 
142,ORL,85,0.0 
143,DAL,1373,1.9 
144,HOU,1890,2.9 
145,PHO,447,0.6 
146,GSW,9,0.0 
147,MIL,441,0.1 
148,ATL,926,0.3 
149,DET,2640,3.0 
150,TOR,12,0.0 
151,PHO,1777,1.9 
152,IND,127,0.2 
153,UTA,2557,2.4 
154,TOT,111,0.1 
154,DAL,37,0.0 
154,DEN,74,0.0 
155,IND,2467,3.2 
156,DEN,2003,2.4 
157,NYK,1850,1.1 
158,NJN,1973,2.5 
159,ATL,32,0.0 
160,DEN,1613,2.3 
Rk,Tm,MP,DWS 
161,CHI,1999,1.2 
162,NOH,57,0.1 
163,HOU,685,0.7 
164,WAS,1930,1.9 
165,ATL,1494,1.1 
166,DEN,2258,3.8 
167,ORL,843,1.0 
168,TOT,1351,1.5 
168,CLE,855,0.9 
168,PHI,496,0.5 
169,CHI,784,0.9 
170,LAL,2343,2.5 
171,MIA,1025,1.1 
172,NYK,3108,0.6 
173,DEN,2730,3.4 
174,MIN,2600,1.1 
175,TOR,76,0.1 
176,WAS,2137,2.1 
177,TOT,444,0.4 
177,ORL,322,0.3 
177,MEM,122,0.1 
178,TOR,673,0.4 
179,ORL,447,0.5 
180,CLE,2432,2.1 
Rk,Tm,MP,DWS 
181,PHI,3485,4.2 
182,SAC,1676,2.2 
183,TOT,559,0.2 
183,TOR,286,0.1 
183,ATL,273,0.1 
184,SAC,1309,1.7 
185,MIN,1041,1.0 
186,UTA,1467,1.2 
187,SAS,2254,3.6 
188,PHO,1147,0.7 
189,SEA,766,1.3 
190,MIA,1722,1.6 
191,GSW,3226,0.3 
192,LAC,1379,1.3 
193,TOR,666,0.2 
194,NJN,2879,4.4 
195,WAS,292,0.2 
196,NJN,842,1.3 
197,DAL,430,0.3 
198,MIL,1170,0.9 
199,PHO,2255,1.9 
200,MIA,156,0.2 
Rk,Tm,MP,DWS 
201,SAC,709,0.7 
202,MIA,1789,2.1 
203,IND,115,0.1 
204,CLE,2204,1.2 
205,DAL,222,0.2 
206,WAS,3031,3.4 
207,ORL,1633,2.1 
208,SAS,952,0.9 
209,NJN,2989,5.8 
210,UTA,2213,3.8 
211,NJN,1951,3.4 
212,MEM,928,0.7 
213,NYK,287,0.3 
214,MIL,1704,1.1 
215,WAS,2215,2.8 
216,DAL,1611,2.0 
217,MIA,487,0.4 
218,PHO,541,0.6 
219,TOR,1929,0.7 
220,SEA,3044,2.8 
Rk,Tm,MP,DWS 
221,NOH,12,0.0 
222,TOT,211,0.3 
222,PHI,131,0.2 
222,TOR,80,0.1 
223,BOS,488,0.5 
224,WAS,1986,0.9 
225,NOH,1497,2.2 
226,PHI,812,1.0 
227,HOU,35,0.1 
228,LAL,781,0.4 
229,LAC,2006,1.0 
230,NOH,2443,3.8 
231,UTA,2936,4.3 
232,ATL,103,0.0 
233,DET,89,0.2 
234,PHO,3240,2.5 
235,PHO,3373,5.8 
236,MIA,223,0.3 
237,NJN,6,0.0 
238,CHI,2378,3.1 
239,NJN,2628,5.3 
240,NOH,3321,3.6 
Rk,Tm,MP,DWS 
241,MIL,2119,0.6 
242,TOT,2763,1.9 
242,SEA,1811,1.7 
242,MIL,952,0.3 
243,CHI,113,0.1 
244,UTA,792,0.8 
245,BOS,1949,2.5 
246,ATL,70,0.1 
247,TOR,1367,1.3 
248,ORL,2954,2.9 
249,POR,1311,0.6 
250,PHI,2374,3.0 
251,LAL,620,0.4 
252,IND,1671,1.6 
253,CLE,809,0.7 
254,CLE,2008,1.4 
255,LAC,2913,1.0 
256,IND,2270,3.4 
257,TOT,2186,1.3 
257,ORL,1826,1.2 
257,MEM,360,0.1 
258,IND,2117,1.8 
259,GSW,262,0.0 
260,HOU,2382,3.5 
Rk,Tm,MP,DWS 
261,HOU,3044,2.5 
262,ATL,445,0.5 
263,NOH,644,1.2 
264,TOT,43,0.0 
264,BOS,12,0.0 
264,ATL,31,0.0 
265,HOU,632,0.6 
266,GSW,2510,1.7 
267,TOT,62,0.0 
267,MIL,42,0.0 
267,SEA,20,0.0 
268,LAL,193,0.1 
269,NJN,514,1.0 
270,TOR,364,0.4 
271,HOU,77,0.1 
272,NYK,405,0.1 
273,DAL,1103,1.3 
274,DAL,2711,1.9 
275,MIN,2337,2.6 
276,ATL,1931,0.8 
277,HOU,1375,1.3 
278,DAL,3117,5.3 
279,IND,2864,5.2 
280,LAL,2535,3.0 
Rk,Tm,MP,DWS 
281,WAS,514,0.5 
282,LAC,1679,1.2 
283,DET,1366,2.1 
284,GSW,93,0.1 
285,TOT,1897,0.8 
285,MIL,1127,0.1 
285,SEA,770,0.7 
286,LAC,1369,1.3 
287,UTA,1926,2.6 
288,PHO,1800,2.2 
289,MEM,6,0.0 
290,ORL,145,0.2 
291,NOH,440,0.6 
292,UTA,1321,1.5 
293,CLE,1976,0.8 
294,LAL,342,0.2 
295,CLE,1103,0.5 
296,SAS,2774,2.6 
297,LAC,648,0.4 
298,POR,1655,1.8 
299,TOT,3208,2.1 
299,SEA,2123,1.9 
299,MIL,1085,0.1 
300,MIN,2245,1.7 
Rk,Tm,MP,DWS 
301,MEM,1941,0.2 
302,TOR,2949,1.1 
303,LAC,1360,0.3 
304,BOS,3096,4.8 
305,POR,1911,2.6 
306,SAC,325,0.6 
307,TOT,2518,3.1 
307,DEN,872,1.0 
307,HOU,1646,2.1 
308,NYK,98,0.0 
309,SEA,403,0.4 
310,DET,435,0.6 
311,MIL,546,0.5 
312,SEA,1910,1.9 
313,MIN,244,0.1 
314,POR,1301,1.6 
315,ATL,2518,3.4 
316,DET,488,0.7 
317,MIL,2316,1.1 
318,DET,10,0.0 
319,PHI,144,0.2 
320,HOU,1532,0.8 
Rk,Tm,MP,DWS 
321,GSW,2698,0.3 
322,LAC,1368,0.7 
323,DAL,91,0.1 
324,DET,2825,4.0 
325,SAS,1676,3.6 
326,CHI,1355,1.0 
327,ATL,2591,1.9 
328,NJN,1303,2.5 
329,LAC,1344,0.8 
330,CHI,3351,1.1 
331,SAS,1933,3.3 
332,GSW,4,0.0 
333,LAL,872,0.3 
334,WAS,1388,1.6 
335,POR,1209,2.3 
336,PHI,504,0.4 
337,LAL,77,0.1 
338,MIL,8,0.0 
339,DET,37,0.1 
340,ORL,1025,0.9 
Rk,Tm,MP,DWS 
341,TOT,502,0.5 
341,DEN,420,0.4 
341,PHI,82,0.0 
342,DEN,256,0.3 
343,NJN,724,1.2 
344,SEA,448,0.4 
345,LAL,900,0.7 
346,ATL,5,0.0 
347,WAS,378,0.3 
348,PHI,1381,2.0 
349,MIN,141,0.1 
350,NJN,274,0.5 
351,POR,13,0.0 
352,MIN,1117,1.2 
353,SAS,1032,1.1 
354,PHI,3108,2.7 
355,NYK,2859,1.6 
356,WAS,2747,1.4 
357,MIA,1594,2.6 
358,UTA,760,0.6 
359,CLE,251,0.2 
360,UTA,2275,2.5 
Rk,Tm,MP,DWS 
361,SAC,2450,3.3 
362,POR,1315,1.1 
363,PHO,2570,3.6 
364,IND,1275,1.3 
365,DAL,13,0.0 
366,MIN,956,0.9 
367,BOS,138,0.2 
368,GSW,1130,0.2 
369,MEM,1478,1.7 
370,MIN,1836,1.3 
371,HOU,1377,1.1 
372,ATL,3081,1.4 
373,WAS,513,0.6 
374,TOT,1978,2.5 
374,HOU,586,0.7 
374,PHI,1392,1.8 
375,NYK,2577,3.0 
376,MIL,2358,1.0 
377,IND,2237,3.1 
378,GSW,109,0.0 
379,NOH,851,1.7 
380,MIN,1222,1.3 
Rk,Tm,MP,DWS 
381,DEN,97,0.2 
382,MEM,86,0.0 
383,PHO,543,0.5 
384,DEN,1320,1.3 
385,SAC,1175,1.5 
386,DAL,2026,1.3 
387,PHI,2337,2.6 
388,ORL,1686,0.9 
389,PHO,947,1.0 
390,CLE,1385,0.1 
391,BOS,3235,4.2 
392,LAL,1243,1.4 
393,DET,2873,7.9 
394,SAC,571,1.0 
395,POR,2684,3.4 
396,NYK,1465,1.3 
397,MEM,1366,1.0 
398,NYK,2024,2.2 
399,SAC,2622,5.3 
400,POR,2396,3.1 
Rk,Tm,MP,DWS 
401,GSW,234,0.0 
402,NOH,2710,2.5 
403,WAS,230,0.2 
404,DEN,1563,1.8 
405,TOT,1052,0.7 
405,DEN,762,0.5 
405,ORL,290,0.2 
406,LAC,479,0.3 
407,TOT,688,0.4 
407,ATL,364,0.2 
407,MIN,324,0.2 
408,NJN,1597,2.4 
409,TOR,2638,1.2 
410,ATL,19,0.0 
411,BOS,2350,2.6 
412,NYK,167,0.1 
413,MEM,2407,0.7 
414,CHI,1961,1.3 
415,TOR,2346,2.5 
416,PHI,276,0.3 
417,PHO,872,1.1 
418,TOT,1881,2.0 
418,BOS,1169,1.4 
418,DEN,712,0.5 
419,DAL,1161,1.5 
420,DET,2061,2.5 
Rk,Tm,MP,DWS 
421,SAS,840,1.3 
422,BOS,24,0.0 
423,MIN,353,0.5 
424,POR,334,0.4 
425,IND,2317,4.1 
426,MEM,1982,1.5 
427,DEN,1381,1.7 
