Rk,Tm,MP,DWS 
1,POR,1867,1.5 
2,CHA,201,0.2 
3,TOT,519,0.5 
3,MIA,248,0.3 
3,CHA,271,0.2 
4,SEA,3064,1.0 
5,BOS,1262,1.6 
6,TOR,2717,1.7 
7,NOH,1430,1.8 
8,POR,1239,0.6 
9,TOT,743,0.3 
9,ATL,717,0.3 
9,LAC,26,0.0 
10,TOT,1171,1.6 
10,NYK,20,0.0 
10,MIA,1151,1.6 
11,DEN,2608,2.6 
12,TOR,736,0.7 
13,WAS,3274,2.3 
14,NYK,1382,1.3 
15,TOT,988,1.0 
15,NOH,412,0.3 
15,DAL,576,0.7 
16,TOT,1448,1.0 
16,UTA,742,0.1 
16,DET,706,0.9 
17,LAL,2903,-0.2 
18,ORL,663,0.4 
19,TOT,19,0.0 
19,LAC,1,0.0 
19,POR,18,0.0 
20,TOT,204,0.1 
20,NYK,191,0.1 
20,HOU,13,0.0 
Rk,Tm,MP,DWS 
21,BOS,1145,1.2 
22,PHO,1087,0.6 
23,SAC,715,0.6 
24,TOT,483,0.5 
24,HOU,314,0.4 
24,ORL,169,0.1 
25,SAS,1742,2.7 
26,TOT,1505,1.8 
26,ATL,275,0.1 
26,HOU,1230,1.7 
27,ORL,1894,1.9 
28,MEM,2516,3.4 
29,NOH,36,0.0 
30,UTA,1790,0.6 
31,IND,93,0.1 
32,NJN,1461,1.8 
33,SAC,3084,1.9 
34,GSW,384,0.6 
35,DET,2866,3.5 
36,WAS,648,0.2 
37,BOS,2130,1.6 
38,LAL,12,0.0 
39,CHA,1791,1.1 
40,TOR,1553,0.9 
Rk,Tm,MP,DWS 
41,TOT,451,0.7 
41,DAL,262,0.5 
41,MIL,189,0.2 
42,UTA,1772,1.4 
43,UTA,859,0.6 
44,TOR,3017,2.9 
45,SAS,2627,4.0 
46,HOU,604,0.9 
47,DEN,2162,1.7 
48,TOT,119,0.1 
48,ORL,55,0.1 
48,SAC,48,0.0 
48,PHI,16,0.0 
49,DAL,885,1.5 
50,HOU,24,0.0 
51,LAC,3001,3.7 
52,NYK,185,0.1 
53,CHA,2276,1.4 
54,WAS,152,0.1 
55,SAS,1238,2.1 
56,PHI,55,0.1 
57,WAS,908,0.8 
58,NOH,2817,2.9 
59,LAL,1066,0.0 
60,LAC,1945,1.6 
Rk,Tm,MP,DWS 
61,LAL,2689,1.0 
62,DEN,1522,1.8 
63,NJN,1313,1.6 
64,MEM,219,0.3 
65,LAL,2746,1.2 
66,NYK,5,0.0 
67,MIA,1203,1.4 
68,TOT,475,0.4 
68,PHO,11,0.0 
68,GSW,464,0.4 
69,DEN,2015,4.5 
70,TOT,390,0.6 
70,NJN,50,0.1 
70,DET,340,0.6 
71,MEM,1433,2.4 
72,POR,16,0.0 
73,CHA,430,0.3 
74,MIN,742,0.8 
75,TOT,2828,3.5 
75,TOR,608,0.4 
75,NJN,2220,3.1 
76,MIN,1522,1.0 
77,ORL,1525,2.2 
78,LAC,433,0.2 
79,CHI,2189,5.5 
80,GSW,951,0.5 
Rk,Tm,MP,DWS 
81,ATL,2376,0.9 
82,TOT,1525,1.3 
82,SAC,996,0.7 
82,ORL,529,0.6 
83,TOT,1866,1.8 
83,GSW,1501,1.5 
83,NOH,365,0.4 
84,SEA,65,0.0 
85,DET,50,0.1 
86,ATL,942,0.1 
87,UTA,961,0.3 
88,NJN,2542,3.7 
89,SEA,1396,1.2 
90,LAL,1087,0.5 
91,TOR,74,0.1 
92,NYK,2688,1.1 
93,IND,1827,2.2 
94,CHI,1808,2.8 
95,IND,249,0.2 
96,PHI,1785,3.1 
97,DAL,1609,2.3 
98,SEA,2026,0.5 
99,SAC,72,0.1 
100,DAL,1412,1.9 
Rk,Tm,MP,DWS 
101,CHI,1843,3.0 
102,TOT,1581,1.5 
102,NOH,593,0.6 
102,GSW,988,0.9 
103,TOT,1307,1.8 
103,GSW,577,0.7 
103,IND,730,1.2 
104,PHI,328,0.4 
105,BOS,2696,1.7 
106,ORL,49,0.0 
107,DET,459,0.8 
108,ATL,1340,0.3 
109,CHI,1663,2.9 
110,ATL,1201,0.4 
111,TOT,2090,1.3 
111,DAL,16,0.0 
111,NOH,2074,1.3 
112,NJN,61,0.1 
113,CLE,306,0.4 
114,LAL,130,0.0 
115,WAS,1054,0.7 
116,MIA,1175,1.6 
117,MIA,1184,1.3 
118,ATL,1435,0.5 
119,CHI,2177,3.3 
120,SAS,2203,5.7 
Rk,Tm,MP,DWS 
121,GSW,2570,2.2 
122,DET,472,0.7 
123,MIN,54,0.1 
124,NOH,110,0.1 
125,IND,139,0.1 
126,UTA,1428,0.4 
127,ATL,732,0.4 
128,DEN,939,1.4 
129,CHA,1649,1.2 
130,MEM,28,0.0 
131,SAC,1233,0.6 
132,SEA,1881,2.3 
133,DAL,2358,1.9 
134,GSW,2222,1.4 
135,MIL,903,0.7 
136,TOT,77,0.0 
136,GSW,73,0.0 
136,DEN,4,0.0 
137,SEA,1047,0.7 
138,IND,1594,2.5 
139,IND,56,0.1 
140,GSW,1700,2.2 
Rk,Tm,MP,DWS 
141,POR,499,0.3 
142,ORL,2978,2.3 
143,NOH,441,0.3 
144,CHI,21,0.0 
145,MIL,1783,2.4 
146,TOT,187,0.1 
146,HOU,108,0.1 
146,MIL,79,0.0 
147,NOH,146,0.1 
148,MIN,3121,6.0 
149,ORL,955,0.5 
150,MEM,1790,2.8 
151,LAL,306,0.1 
152,IND,1021,1.4 
153,MIL,284,0.2 
154,SAS,2193,4.6 
155,UTA,1660,0.7 
156,SAS,68,0.1 
157,TOT,537,0.2 
157,DET,55,0.1 
157,MIL,482,0.2 
158,CLE,2523,3.8 
159,CHI,2002,2.7 
160,LAL,1136,0.4 
Rk,Tm,MP,DWS 
161,PHI,1066,1.1 
162,CHI,667,1.4 
163,MIN,1492,2.4 
164,TOT,966,0.7 
164,BOS,218,0.2 
164,ATL,748,0.5 
165,IND,106,0.1 
166,DET,275,0.3 
167,DET,2926,3.5 
168,MIL,159,0.1 
169,UTA,297,0.2 
170,NYK,894,0.4 
171,UTA,2584,1.2 
172,ATL,2550,1.0 
173,NOH,550,0.5 
174,CHI,1271,2.1 
175,DAL,1173,1.6 
176,CLE,1128,0.7 
177,IND,760,1.1 
178,CHA,1887,1.7 
179,NJN,16,0.0 
180,MIA,2675,4.0 
Rk,Tm,MP,DWS 
181,MIN,2068,1.0 
182,WAS,1560,1.1 
183,WAS,1865,2.0 
184,DAL,1203,1.5 
185,DEN,1317,2.1 
186,ORL,2338,1.9 
187,CHI,2800,4.7 
188,MIN,1272,1.3 
189,SAS,1396,3.1 
190,TOT,891,0.6 
190,CHA,300,0.3 
190,MIL,41,0.0 
190,SAC,550,0.3 
191,NYK,532,0.0 
192,ORL,2670,3.5 
193,DAL,2446,3.4 
194,HOU,1624,2.2 
195,MIN,1729,0.6 
196,WAS,2358,3.1 
197,MEM,317,0.4 
198,UTA,873,0.7 
199,ORL,224,0.2 
200,DET,1144,2.0 
Rk,Tm,MP,DWS 
201,PHO,1046,1.0 
202,PHI,2686,4.0 
203,CLE,2615,3.3 
204,DAL,58,0.1 
205,PHI,3174,3.7 
206,ATL,809,0.4 
207,SAC,536,0.3 
208,NYK,230,0.1 
209,TOT,1987,1.8 
209,HOU,990,1.2 
209,PHO,997,0.6 
210,CLE,43,0.0 
211,PHI,1976,1.7 
212,IND,1806,2.1 
213,TOT,1798,0.7 
213,PHO,768,0.2 
213,NOH,1030,0.5 
214,SEA,1330,1.3 
215,CLE,3388,4.6 
216,TOT,1859,1.5 
216,MIL,1167,0.5 
216,HOU,692,1.0 
217,WAS,2605,1.7 
218,LAC,1656,1.7 
219,BOS,1051,1.4 
220,NJN,1355,1.8 
Rk,Tm,MP,DWS 
221,WAS,2007,1.5 
222,DET,104,0.2 
223,IND,87,0.0 
224,IND,1747,1.8 
225,DEN,1232,1.3 
226,MIN,410,0.5 
227,PHO,3240,1.7 
228,SAS,15,0.0 
229,MEM,649,0.6 
230,MIA,2576,2.3 
231,MIA,2839,3.8 
232,IND,2268,2.2 
233,IND,1330,1.4 
234,LAL,1830,0.8 
235,ORL,116,0.1 
236,LAC,1632,1.9 
237,CHA,1491,0.7 
238,ORL,356,0.4 
239,POR,523,0.6 
240,NJN,2435,4.2 
Rk,Tm,MP,DWS 
241,UTA,1349,2.0 
242,LAC,243,0.2 
243,HOU,3,0.0 
244,CHA,1944,1.9 
245,PHI,2667,3.3 
246,NJN,1965,2.5 
247,MIL,1099,0.7 
248,SEA,12,0.0 
249,MIA,739,1.2 
250,BOS,2196,2.6 
251,TOT,380,0.3 
251,PHO,119,0.1 
251,NOH,261,0.2 
252,DEN,54,0.0 
253,SEA,2697,1.5 
254,UTA,227,0.1 
255,LAC,814,0.7 
256,UTA,518,0.3 
257,TOT,2007,0.3 
257,HOU,479,0.5 
257,ATL,1528,-0.2 
258,NOH,933,0.9 
259,MIN,601,0.4 
260,LAC,2436,2.2 
Rk,Tm,MP,DWS 
261,NOH,703,0.7 
262,NYK,3281,1.3 
263,PHO,3146,5.2 
264,SAS,244,0.5 
265,TOR,1645,1.9 
266,LAC,190,0.1 
267,DEN,2272,3.6 
268,SAC,455,0.2 
269,MIL,2893,0.7 
270,SAS,699,1.4 
271,TOT,906,0.8 
271,BOS,553,0.4 
271,PHO,353,0.3 
272,ATL,88,0.1 
273,DET,1797,3.3 
274,HOU,3182,5.4 
275,CLE,2651,1.1 
276,PHI,1118,1.5 
277,UTA,1382,0.8 
278,LAL,423,0.1 
279,NJN,390,0.5 
280,LAL,1870,1.0 
Rk,Tm,MP,DWS 
281,POR,1699,2.0 
282,DET,254,0.4 
283,DEN,2852,2.9 
284,ATL,9,0.0 
285,SAC,2089,2.3 
286,MEM,2278,2.6 
287,IND,2105,1.5 
288,HOU,2447,4.7 
289,TOT,2388,1.2 
289,ORL,726,0.4 
289,SAC,1662,0.8 
290,TOT,1933,2.6 
290,NYK,1519,1.7 
290,SAS,414,0.9 
291,TOT,120,0.2 
291,TOR,69,0.1 
291,NJN,24,0.0 
291,CLE,27,0.1 
292,LAC,1178,1.0 
293,TOT,702,1.5 
293,NJN,457,0.9 
293,MIA,245,0.5 
294,GSW,2375,2.7 
295,TOR,918,0.7 
296,SEA,883,0.5 
297,HOU,1212,2.7 
298,LAC,72,0.1 
299,TOT,1341,1.1 
299,HOU,204,0.2 
299,NOH,1137,0.9 
300,NOH,2017,0.9 
Rk,Tm,MP,DWS 
301,TOT,1185,1.3 
301,GSW,610,0.5 
301,DEN,575,0.8 
302,PHO,2573,1.2 
303,ORL,1612,1.3 
304,SAS,1785,3.8 
305,CLE,1832,1.3 
306,CHI,1892,3.3 
307,TOT,360,0.3 
307,NYK,321,0.3 
307,HOU,39,0.0 
308,DAL,3020,5.2 
309,IND,1530,2.5 
310,MIA,2492,4.6 
311,LAL,2320,1.8 
312,CHA,2600,3.1 
313,UTA,2304,1.8 
314,PHI,158,0.1 
315,MIN,1215,1.5 
316,SAC,556,0.7 
317,PHO,214,0.3 
318,POR,793,0.8 
319,MIL,1397,1.3 
320,HOU,942,1.6 
Rk,Tm,MP,DWS 
321,TOR,1533,0.7 
322,CHI,453,0.7 
323,TOT,144,0.1 
323,DET,110,0.1 
323,PHO,34,0.0 
324,SAS,2735,4.5 
325,POR,1957,1.6 
326,CLE,862,0.6 
327,BOS,2541,1.6 
328,WAS,529,0.3 
329,LAC,12,0.0 
330,BOS,548,0.8 
331,TOT,667,0.7 
331,MIA,206,0.2 
331,DEN,461,0.5 
332,TOR,2510,1.6 
333,CHI,841,1.2 
334,BOS,2960,3.6 
335,GSW,1340,1.0 
336,NJN,515,0.7 
337,DAL,10,0.0 
338,IND,865,1.2 
339,DEN,27,0.0 
340,MEM,1382,1.9 
Rk,Tm,MP,DWS 
341,SEA,335,0.2 
342,DET,3039,4.0 
343,WAS,428,0.4 
344,POR,1858,2.7 
345,SEA,1856,1.3 
346,UTA,128,0.1 
347,WAS,20,0.0 
348,POR,1603,1.5 
349,POR,1731,1.7 
350,LAC,928,0.9 
351,MIL,2848,0.7 
352,BOS,121,0.1 
353,CHI,132,0.3 
354,GSW,2724,2.4 
355,PHO,2839,2.5 
356,SEA,2571,1.0 
357,CHA,328,0.2 
358,TOT,1689,1.8 
358,GSW,1090,1.0 
358,NJN,599,0.8 
359,SAS,157,0.3 
360,TOT,1367,1.4 
360,NOH,882,0.7 
360,PHI,485,0.7 
Rk,Tm,MP,DWS 
361,TOR,2710,1.0 
362,TOT,1475,2.1 
362,SAS,862,1.7 
362,NYK,613,0.4 
363,LAC,1659,1.3 
364,WAS,1262,1.3 
365,TOT,968,0.3 
365,LAL,91,0.0 
365,CHA,877,0.3 
366,DEN,1026,1.3 
367,PHI,993,1.2 
368,CHA,329,0.4 
369,MIL,105,0.1 
370,NJN,1167,1.6 
371,GSW,128,0.1 
372,POR,104,0.1 
373,PHO,30,0.0 
374,LAC,2799,2.6 
375,TOT,941,1.3 
375,PHI,246,0.3 
375,SAC,695,1.0 
376,CHA,78,0.1 
377,ATL,433,0.2 
378,NOH,1859,0.9 
379,NJN,648,1.0 
380,MIL,2265,1.4 
Rk,Tm,MP,DWS 
381,ATL,2050,1.8 
382,TOT,750,0.3 
382,CHA,636,0.2 
382,MIA,114,0.1 
383,CHA,510,0.3 
384,CLE,1844,1.4 
385,UTA,906,0.4 
386,SAC,1668,1.2 
387,TOR,255,0.3 
388,MIN,2450,1.4 
389,DAL,1617,1.5 
390,ORL,1089,0.3 
391,ATL,145,0.1 
392,SAC,2534,1.2 
393,NJN,32,0.0 
394,POR,2762,1.4 
395,PHO,2889,3.3 
396,MIL,1014,0.4 
397,HOU,196,0.2 
398,NYK,73,0.0 
399,HOU,1922,2.9 
400,NYK,1509,1.1 
Rk,Tm,MP,DWS 
401,SEA,72,0.1 
402,MEM,1279,2.3 
403,MIN,2558,1.3 
404,PHO,17,0.0 
405,TOT,1336,1.6 
405,HOU,905,1.3 
405,NYK,431,0.3 
406,POR,1330,0.5 
407,DAL,2401,2.4 
408,NJN,356,0.4 
409,WAS,976,1.0 
410,TOT,117,0.1 
410,POR,112,0.1 
410,ATL,5,0.0 
411,MIN,521,0.5 
412,TOT,2167,2.4 
412,PHI,1344,1.6 
412,SAC,823,0.8 
413,NYK,2855,3.3 
414,NYK,1940,0.8 
415,IND,1301,2.0 
416,CLE,1327,1.9 
417,MEM,278,0.4 
418,TOT,220,0.3 
418,DEN,158,0.3 
418,GSW,62,0.1 
419,ORL,1757,1.0 
420,SAS,1149,1.8 
Rk,Tm,MP,DWS 
421,POR,1619,0.7 
422,TOT,1502,1.2 
422,MIL,818,0.5 
422,DAL,684,0.8 
423,CLE,863,1.4 
424,NJN,1410,1.4 
425,PHO,360,0.3 
426,TOT,705,0.8 
426,PHO,57,0.1 
426,NOH,648,0.8 
427,LAL,403,0.1 
428,MIA,2974,4.3 
429,CLE,102,0.1 
430,TOT,2955,2.3 
430,ATL,2128,1.3 
430,BOS,827,1.0 
431,WAS,134,0.1 
432,DET,2671,6.7 
433,CHA,2147,2.7 
434,DET,2687,5.1 
435,LAL,768,0.3 
436,HOU,360,0.5 
437,MEM,1808,2.2 
438,HOU,525,0.8 
439,TOT,2370,3.2 
439,SAC,1668,2.1 
439,PHI,702,1.1 
440,MEM,1489,2.5 
Rk,Tm,MP,DWS 
441,TOT,1317,1.0 
441,BOS,1125,0.9 
441,CLE,192,0.2 
442,TOT,2774,2.8 
442,NOH,934,0.6 
442,HOU,1840,2.2 
443,NOH,552,0.6 
444,BOS,507,0.5 
445,CHA,135,0.2 
446,TOT,677,0.8 
446,DEN,531,0.7 
446,GSW,146,0.1 
447,LAC,1005,1.1 
448,SEA,520,0.3 
449,SAS,278,0.5 
450,TOT,315,0.3 
450,NJN,150,0.2 
450,TOR,165,0.1 
451,TOT,1322,1.1 
451,NJN,739,0.7 
451,TOR,583,0.4 
452,CHI,71,0.1 
453,MEM,1952,1.9 
454,NYK,1211,1.1 
455,MIL,2254,1.0 
456,CLE,152,0.2 
457,TOT,1527,1.2 
457,PHI,1056,1.0 
457,SAC,471,0.3 
458,ATL,344,0.1 
459,TOR,712,0.7 
460,MIA,40,0.1 
Rk,Tm,MP,DWS 
461,IND,291,0.4 
462,MIA,27,0.1 
463,MEM,2287,3.8 
