Rk,Tm,MP,eFG%,FT%,ORB,TOV,PTS 
1,LAL,1695,.475,.739,103,95,748 
2,BOS,632,.487,.542,59,23,137 
3,DEN,2787,.509,.819,71,180,1424 
4,TOT,2597,.481,.733,146,208,1511 
4,DAL,1529,.467,.730,90,140,953 
4,DET,1068,.508,.738,56,68,558 
5,TOT,2377,.512,.854,71,145,1281 
5,BOS,1349,.509,.891,37,82,714 
5,SAC,1028,.515,.813,34,63,567 
6,WSB,1141,.493,.839,103,62,498 
7,TOT,906,.488,.820,10,45,366 
7,DAL,38,.273,.500,0,1,7 
7,GSW,868,.495,.831,10,44,359 
8,SAC,43,.421,.500,3,2,17 
9,SAS,2401,.503,.514,255,180,1127 
10,SAS,730,.420,.695,44,84,204 
11,POR,1082,.487,.842,62,54,371 
12,PHI,2618,.492,.856,167,126,1330 
13,SAS,2738,.500,.775,152,261,1508 
14,NJN,1642,.427,.724,36,159,500 
15,UTA,2777,.484,.825,115,208,1595 
16,SEA,15,.125,1.000,2,0,6 
17,LAC,130,.611,.566,6,8,74 
18,PHI,3088,.594,.753,403,254,2037 
19,ATL,1672,.466,.815,30,104,779 
20,LAC,2585,.541,.744,164,237,1299 
21,SAC,1406,.507,.789,57,82,706 
22,TOT,1355,.508,.699,86,89,609 
22,NJN,556,.468,.683,32,40,259 
22,HOU,799,.543,.713,54,49,350 
23,BOS,189,.471,.947,1,11,116 
24,BOS,108,.514,.000,4,12,37 
25,DAL,208,.462,.800,11,14,68 
26,DAL,2946,.488,.854,70,165,1534 
27,CHH,1755,.427,.750,53,124,423 
28,GSW,1769,.398,.606,116,79,314 
29,SAS,438,.503,.667,25,22,155 
30,POR,412,.467,.571,36,33,171 
31,ATL,267,.372,.500,7,14,72 
32,POR,811,.471,.725,63,64,498 
33,MIL,513,.480,.549,51,29,200 
34,SAS,1822,.515,.715,148,165,875 
35,PHI,1372,.495,.884,19,65,428 
36,UTA,1051,.419,.708,92,77,300 
37,TOT,365,.441,.774,22,17,128 
37,HOU,91,.333,.750,7,7,36 
37,MIL,274,.507,.783,15,10,92 
38,POR,803,.486,.580,65,41,280 
39,NYK,140,.417,.800,9,17,56 
40,SEA,2536,.498,.743,276,124,825 
41,LAL,787,.461,.843,53,62,388 
42,ATL,1488,.480,.855,106,82,582 
43,NJN,1996,.448,.800,118,143,902 
44,CHI,2333,.475,.766,152,190,966 
45,WSB,2077,.491,.602,230,120,822 
46,NJN,16,.667,.400,0,2,6 
47,PHO,3002,.480,.851,143,231,2085 
48,SEA,4,.000,0.0,0,1,0 
49,CHH,2219,.437,.795,74,113,1267 
50,PHI,2298,.483,.774,39,116,824 
51,HOU,1539,.441,.783,114,136,750 
52,PHI,703,.485,.792,49,48,295 
53,WSB,1425,.447,.749,62,64,534 
54,SAS,1119,.487,.658,112,85,438 
55,NJN,2532,.467,.788,100,181,843 
56,TOT,1143,.464,.808,34,88,507 
56,SAS,757,.476,.821,21,62,346 
56,DEN,386,.442,.773,13,26,161 
57,LAL,1943,.512,.871,33,94,587 
58,DEN,1864,.497,.745,212,73,520 
59,PHO,1655,.540,.788,176,92,631 
60,CHI,1483,.464,.740,92,93,479 
61,PHO,6,.000,0.0,1,1,0 
62,MIA,1096,.500,.742,84,111,466 
63,MIL,2824,.469,.787,281,201,1829 
64,CHH,2047,.501,.537,188,114,532 
65,CHH,813,.510,.870,26,44,571 
66,LAC,1722,.465,.759,69,122,1114 
67,TOT,2422,.493,.810,117,163,1400 
67,DET,1341,.521,.839,53,81,772 
67,DAL,1081,.462,.776,64,82,628 
68,CLE,2821,.538,.737,167,230,1475 
69,DAL,1395,.525,.805,14,92,497 
70,CHI,545,.437,.731,47,22,185 
71,TOT,258,.485,.824,16,12,127 
71,PHO,7,.200,1.000,1,0,4 
71,MIL,251,.500,.813,15,12,123 
72,DEN,1857,.507,.879,41,132,1267 
73,DET,48,.474,.500,3,4,27 
74,SAS,1083,.443,.893,32,111,454 
75,SAC,1556,.481,.850,48,77,569 
76,DET,74,.333,.800,8,7,36 
77,DAL,1746,.573,.766,158,83,481 
78,IND,396,.558,.672,39,39,129 
79,POR,3064,.504,.799,289,250,2123 
80,POR,2662,.477,.757,246,200,1432 
81,CLE,544,.435,.364,72,44,185 
82,DET,2408,.513,.850,57,178,1186 
83,MIL,5,.750,0.0,0,0,3 
84,PHO,321,.343,.750,30,6,33 
85,WSB,1459,.441,.786,100,128,917 
86,UTA,2914,.462,.660,227,142,508 
87,DET,1254,.500,.686,68,72,555 
88,MIA,2349,.430,.746,85,246,1094 
89,CLE,1867,.512,.607,100,116,608 
90,SEA,3190,.549,.816,156,218,2253 
91,DEN,50,.379,.600,5,3,28 
92,DEN,2990,.492,.858,148,198,2175 
93,NYK,2896,.567,.746,213,266,1815 
94,UTA,412,.433,.707,22,26,152 
95,WSB,828,.436,.831,69,65,286 
96,POR,34,.056,.875,4,6,9 
97,ATL,231,.422,.682,19,12,100 
98,IND,2552,.517,.799,85,192,1084 
99,HOU,2788,.504,.845,48,253,1162 
100,GSW,245,.374,.765,26,29,107 
101,IND,313,.512,.706,26,34,152 
102,NJN,337,.430,.750,3,20,67 
103,BOS,375,.559,.636,11,19,187 
104,GSW,2661,.439,.809,101,187,1145 
105,LAC,1499,.490,.803,37,116,454 
106,PHO,9,.000,.500,0,0,1 
107,SAC,84,.316,.565,7,5,25 
108,PHO,2120,.503,.743,165,140,1176 
109,PHI,2739,.477,.871,213,129,1409 
110,LAC,244,.416,.650,15,17,105 
111,GSW,22,.300,.500,8,2,8 
112,BOS,528,.415,.738,47,36,177 
113,LAC,1924,.438,.735,80,258,846 
114,WSB,1193,.464,.596,75,28,396 
115,CHI,2809,.519,.704,240,128,950 
116,IND,783,.471,.688,84,48,188 
117,MIA,1220,.421,.673,117,102,440 
118,MIL,200,.438,.850,14,19,81 
119,LAL,2510,.532,.786,258,119,1088 
120,TOT,871,.494,.909,11,61,291 
120,CHH,370,.436,.929,4,28,128 
120,MIL,501,.553,.895,7,33,163 
121,NYK,1277,.460,.759,157,125,517 
122,TOT,1403,.423,.750,140,91,466 
122,SAS,912,.425,.800,92,55,294 
122,DEN,491,.419,.676,48,36,172 
123,UTA,2382,.475,.780,77,141,1135 
124,SAS,70,.360,.750,5,8,21 
125,CHI,289,.474,.783,21,26,110 
126,UTA,964,.498,.560,29,43,341 
127,DEN,701,.440,.782,18,53,201 
128,DAL,2968,.521,.806,46,205,1404 
129,CLE,2851,.523,.751,122,230,1526 
130,DET,7,.250,1.000,0,0,4 
131,MIA,1206,.450,.850,72,68,386 
132,PHI,2577,.492,.831,51,158,1196 
133,PHI,986,.461,.819,17,73,425 
134,GSW,1887,.528,.821,111,76,856 
135,NJN,2542,.482,.757,152,165,1308 
136,TOT,1204,.559,.842,23,57,529 
136,PHO,92,.500,.750,2,5,39 
136,CHI,1112,.565,.849,21,52,490 
137,CHH,1696,.430,.839,30,119,553 
138,CHH,1419,.565,.727,123,77,500 
139,NJN,1551,.422,.849,91,102,788 
140,MIL,112,.326,.632,9,15,42 
141,PHO,2487,.510,.826,75,111,1054 
142,CLE,191,.444,.680,14,9,73 
143,DEN,224,.492,.583,6,11,70 
144,MIL,2220,.501,.816,70,160,844 
145,UTA,796,.442,.818,41,52,180 
146,NYK,2477,.507,.698,106,226,1219 
147,SAC,70,.417,.500,1,4,21 
148,SEA,291,.355,.563,11,18,68 
149,HOU,1850,.525,.754,114,110,642 
150,BOS,2309,.440,.821,31,175,721 
151,PHO,2043,.526,.868,91,122,1504 
152,HOU,879,.445,.806,22,102,294 
153,PHO,3179,.506,.882,46,322,1650 
154,LAL,2886,.535,.911,111,312,1730 
155,POR,1477,.524,.527,135,140,721 
156,DET,2073,.470,.734,109,105,1130 
157,TOT,196,.392,.875,14,5,76 
157,CHI,65,.333,1.000,4,1,12 
157,DAL,131,.406,.857,10,4,64 
158,NJN,307,.490,.674,20,18,129 
159,POR,1279,.421,.787,88,83,202 
160,WSB,1154,.480,.640,77,39,136 
161,WSB,516,.470,.623,54,22,110 
162,TOT,682,.445,.725,32,47,244 
162,SAS,92,.360,.615,6,7,26 
162,GSW,13,.600,0.0,2,1,6 
162,PHI,577,.453,.746,24,39,212 
163,CHI,3255,.546,.850,149,290,2633 
164,CHH,1341,.510,.686,91,121,484 
165,PHO,157,.522,.667,3,6,54 
166,POR,2716,.471,.694,246,167,1330 
167,CLE,331,.433,.690,23,21,169 
168,SAS,791,.443,.771,33,74,327 
169,WSB,2559,.479,.819,133,227,1674 
170,TOT,942,.430,.488,81,58,150 
170,LAC,729,.405,.452,66,46,112 
170,CHH,213,.533,.600,15,12,38 
171,TOT,1411,.405,.882,124,104,484 
171,SAC,913,.383,.920,75,67,313 
171,BOS,498,.457,.828,49,37,171 
172,UTA,176,.364,.545,4,13,30 
173,ATL,1531,.524,.553,147,60,345 
174,MIL,2472,.475,.823,198,147,1017 
175,DET,2640,.516,.840,138,129,1106 
176,LAL,176,.406,.800,6,16,60 
177,DEN,550,.426,.384,87,50,261 
178,PHO,526,.513,.650,54,28,159 
179,HOU,627,.359,.733,13,62,179 
180,UTA,779,.545,.699,48,69,319 
181,NJN,840,.422,.746,73,53,271 
182,UTA,781,.305,.781,23,88,138 
183,DEN,2745,.466,.785,187,157,1409 
184,ATL,2184,.529,.696,194,105,734 
185,CHH,336,.483,.487,35,24,136 
186,BOS,2657,.488,.787,116,142,1495 
187,SEA,1806,.499,.646,207,117,657 
188,LAC,110,.281,.800,14,13,30 
189,TOT,1214,.433,.786,84,77,502 
189,BOS,738,.433,.761,47,49,269 
189,SAC,476,.433,.807,37,28,233 
190,MIA,2435,.486,.749,240,201,976 
191,TOT,919,.421,.921,18,57,372 
191,IND,767,.414,.937,16,48,323 
191,DET,152,.475,.846,2,9,49 
192,CHH,250,.320,.636,6,9,23 
193,SEA,842,.428,.701,22,66,310 
194,DET,1795,.517,.748,141,97,522 
195,PHO,1354,.450,.614,62,48,467 
196,WSB,2418,.480,.871,55,165,1651 
197,UTA,3126,.521,.766,259,285,2326 
198,ATL,2878,.491,.789,386,245,1637 
199,LAC,950,.496,.767,70,93,434 
200,TOT,32,.500,0.0,0,3,8 
200,DET,14,1.000,0.0,0,0,4 
200,ATL,18,.333,0.0,0,3,4 
201,SAS,2065,.451,.745,49,178,927 
202,HOU,1257,.481,.674,87,68,425 
203,SAC,2435,.470,.722,143,168,854 
204,SEA,2385,.493,.732,177,210,1677 
205,GSW,103,.684,.600,4,3,35 
206,NJN,2027,.524,.535,73,124,1038 
207,BOS,2876,.546,.818,223,196,1758 
208,SEA,2804,.518,.803,167,188,1305 
209,SEA,2341,.426,.630,143,211,532 
210,LAL,318,.500,.628,38,24,113 
211,IND,2536,.538,.844,73,143,1181 
212,TOT,353,.443,.578,18,33,123 
212,MIA,320,.466,.600,17,29,118 
212,SAS,33,.222,.250,1,4,5 
213,MIL,690,.381,.784,63,35,165 
214,MIL,1594,.514,.865,46,94,752 
215,NJN,2096,.493,.717,188,190,1074 
216,IND,11,.750,0.0,0,1,6 
217,GSW,3093,.516,.892,152,296,2176 
218,TOT,270,.425,.688,15,23,95 
218,PHI,40,.500,.500,3,4,14 
218,NYK,230,.410,.705,12,19,81 
219,CLE,2526,.539,.799,156,117,1259 
220,TOT,353,.405,.722,28,30,151 
220,DEN,168,.440,.710,12,11,66 
220,SAS,185,.379,.729,16,19,85 
221,TOT,500,.407,.609,7,54,114 
221,POR,159,.343,.500,3,14,25 
221,MIA,341,.432,.619,4,40,89 
222,TOT,258,.361,.444,22,7,30 
222,CHI,94,.714,.500,4,1,11 
222,PHO,164,.276,.429,18,6,19 
223,HOU,228,.435,.688,17,22,65 
224,NYK,2336,.526,.815,93,153,1293 
225,LAC,1318,.424,.738,13,118,362 
226,LAC,3020,.504,.630,245,206,1450 
227,NYK,2604,.517,.773,343,248,1061 
228,HOU,3024,.508,.696,338,275,2034 
229,UTA,327,.440,.596,30,36,141 
230,BOS,2840,.570,.719,342,200,1486 
231,BOS,1138,.458,.816,18,57,492 
232,CHI,1738,.522,.861,13,71,567 
233,CHI,190,.403,.571,18,15,66 
234,DAL,2860,.468,.833,235,141,1171 
235,PHO,614,.540,.615,61,37,257 
236,IND,3012,.511,.792,144,308,1728 
237,SAC,1633,.459,.747,121,147,671 
238,MIL,2078,.522,.859,82,112,1317 
239,TOT,2012,.513,.800,166,119,918 
239,SAC,1334,.502,.801,106,81,625 
239,BOS,678,.540,.798,60,38,293 
240,CHI,2413,.488,.668,138,199,1048 
241,SEA,835,.506,.593,98,46,233 
242,TOT,106,.400,.500,12,10,34 
242,LAC,68,.440,.500,5,6,23 
242,MIA,38,.333,.500,7,4,11 
243,POR,3102,.506,.840,85,248,1431 
244,MIL,2170,.483,.776,73,184,813 
245,TOT,124,.290,.556,3,11,23 
245,WSB,107,.320,.556,3,11,21 
245,CHI,17,.167,0.0,0,0,2 
246,SAC,2257,.507,.780,216,124,981 
247,CLE,2728,.572,.901,48,212,1414 
248,CHH,2233,.518,.734,269,148,832 
249,DEN,1308,.445,.852,105,49,583 
250,CHH,2152,.435,.776,82,106,1207 
251,SEA,737,.422,.760,49,57,428 
252,GSW,2717,.480,.810,158,269,1741 
253,BOS,91,.387,.640,9,9,40 
254,LAL,440,.406,.833,13,61,134 
255,ATL,2462,.481,.861,89,158,1032 
256,MIL,1251,.491,.806,68,80,417 
257,SAS,2287,.488,.723,157,231,1122 
258,PHI,416,.481,.727,19,34,212 
259,DET,2208,.601,.626,327,126,735 
260,CLE,583,.449,.632,38,22,136 
261,LAC,3,.000,0.0,1,0,0 
262,TOT,536,.362,.690,20,40,181 
262,UTA,72,.313,.727,0,7,23 
262,SAS,464,.371,.684,20,33,158 
263,TOT,15,.250,.833,1,0,7 
263,DET,8,.000,1.000,0,0,4 
263,PHI,7,.500,.500,1,0,3 
264,CHH,517,.497,.802,56,18,226 
265,DET,1458,.498,.692,134,100,467 
266,GSW,1086,.453,.653,105,90,393 
267,CLE,2102,.455,.719,98,104,764 
268,DEN,1918,.525,.826,142,160,969 
269,SEA,774,.447,.807,58,48,358 
270,TOT,1850,.480,.780,126,133,828 
270,DAL,845,.430,.789,56,56,353 
270,IND,1005,.522,.772,70,77,475 
271,LAL,2605,.523,.863,72,157,1448 
272,MIA,1962,.448,.511,204,200,848 
273,CHI,1732,.488,.851,85,72,551 
274,NJN,484,.494,.500,50,27,187 
275,MIA,944,.488,.689,96,46,357 
276,BOS,2301,.433,.826,119,188,703 
277,HOU,1157,.422,.865,65,70,482 
278,POR,390,.457,.875,9,25,102 
279,MIL,2587,.480,.905,141,145,1068 
280,IND,1571,.471,.903,21,177,546 
281,SAS,12,.000,1.000,0,2,2 
282,LAC,2161,.495,.725,173,146,1155 
283,TOT,1295,.443,.686,61,88,568 
283,SAC,600,.408,.674,30,44,289 
283,PHI,695,.486,.699,31,44,279 
284,SAC,3145,.482,.737,49,249,1403 
285,GSW,1897,.552,.310,272,110,456 
286,GSW,1597,.440,.798,128,129,803 
287,IND,2041,.517,.722,185,130,956 
288,SAS,623,.471,.645,42,48,193 
289,MIA,2613,.461,.879,55,204,1000 
290,GSW,316,.448,.654,15,39,146 
291,IND,209,.333,.773,11,29,65 
292,POR,244,.455,.865,13,13,103 
293,UTA,3171,.547,.863,83,308,1400 
294,NYK,1358,.484,.745,51,148,721 
295,TOT,22,.400,0.0,5,3,4 
295,SAS,2,0.0,0.0,0,1,0 
295,GSW,20,.400,0.0,5,2,4 
296,LAC,1,.000,0.0,0,0,0 
297,MIA,1338,.490,.825,18,87,709 
298,DAL,591,.541,.688,77,45,328 
299,MIA,368,.397,.750,11,20,144 
300,GSW,1569,.477,.809,110,116,1002 
301,ATL,2517,.474,.851,86,194,1296 
302,DET,2924,.477,.818,49,298,1458 
303,HOU,222,.339,.846,9,19,62 
304,MIA,2273,.487,.696,241,189,854 
305,TOT,2329,.489,.808,224,179,1059 
305,SAC,1276,.461,.809,120,117,646 
305,IND,1053,.538,.806,104,62,413 
306,LAL,1994,.559,.678,157,97,738 
307,PHI,449,.428,.533,36,23,127 
308,HOU,3135,.542,.729,272,225,1370 
309,SEA,1220,.505,.818,31,77,544 
310,TOT,2434,.514,.773,187,172,1381 
310,IND,1326,.505,.792,99,107,768 
310,SAC,1108,.523,.744,88,65,613 
311,ATL,341,.426,.622,31,35,103 
312,CHH,117,.459,.500,7,2,40 
313,IND,9,.200,.000,1,2,2 
314,CHH,2302,.480,.866,79,236,1606 
315,NYK,1824,.556,.782,55,59,687 
316,MIL,13,.500,0.0,0,4,6 
317,DEN,1746,.431,.589,109,60,337 
318,DAL,1057,.471,.758,74,51,386 
319,TOT,617,.474,.692,10,55,219 
319,MIA,144,.421,.667,4,13,57 
319,BOS,473,.497,.700,6,42,162 
320,CLE,1086,.431,.813,22,83,366 
321,TOT,934,.492,.899,26,41,499 
321,POR,432,.512,.879,11,18,251 
321,NYK,502,.471,.911,15,23,248 
322,TOT,646,.407,.667,38,42,249 
322,DEN,95,.355,.556,2,5,32 
322,SAS,551,.416,.686,36,37,217 
323,CHI,1703,.486,.822,34,142,656 
324,WSB,2565,.420,.772,135,184,714 
325,NYK,1163,.496,.776,101,44,419 
326,MIA,1065,.425,.788,49,122,411 
327,ATL,1219,.460,.867,21,83,319 
328,PHI,843,.446,.658,59,42,246 
329,DAL,1074,.435,.744,82,54,300 
330,PHO,2019,.653,.535,167,103,594 
331,LAC,90,.364,.909,2,11,34 
332,TOT,354,.517,.750,17,24,105 
332,MIA,143,.571,.800,5,6,56 
332,POR,211,.467,.700,12,18,49 
333,TOT,436,.517,.810,34,26,158 
333,UTA,2,.000,0.0,0,0,0 
333,LAC,434,.521,.810,34,26,158 
334,TOT,622,.396,.660,49,24,175 
334,GSW,42,.500,.500,0,2,7 
334,SAS,580,.392,.667,49,22,168 
335,DAL,408,.430,.813,13,34,111 
336,ATL,2997,.472,.844,256,181,2099 
337,NYK,584,.465,.550,72,56,289 
338,NYK,2414,.476,.756,95,169,1161 
339,NJN,2446,.531,.666,249,142,959 
340,TOT,2470,.436,.686,135,149,777 
340,IND,1567,.450,.714,87,108,578 
340,DAL,903,.396,.632,48,41,199 
341,CLE,2125,.509,.748,173,102,948 
342,WSB,2413,.476,.776,158,157,1120 
343,TOT,547,.408,.780,28,52,209 
343,NJN,433,.402,.784,19,42,175 
343,LAC,114,.438,.750,9,10,34 
344,DET,358,.372,.660,9,42,127 
345,LAC,1303,.463,.754,70,114,642 
346,PHI,372,.478,.794,12,35,137 
347,TOT,1120,.460,.683,26,32,291 
347,SAC,416,.436,.727,6,12,118 
347,IND,704,.476,.632,20,20,173 
348,LAC,1450,.425,.688,83,94,386 
349,CHI,2,0.0,0.0,0,0,0 
350,HOU,2259,.455,.823,51,136,1046 
351,LAL,1491,.468,.738,81,103,715 
352,LAL,2960,.548,.782,169,182,1657 
