Rk,Tm,MP,DWS 
1,SAC,1961,2.2 
2,DET,35,0.0 
3,CHI,701,1.0 
4,SEA,3022,-0.3 
5,BOS,978,1.0 
6,HOU,2431,3.1 
7,NOK,570,0.7 
8,CHA,564,0.3 
9,TOT,1047,1.1 
9,HOU,582,0.7 
9,MIA,465,0.4 
10,MIA,638,0.7 
11,CLE,9,0.0 
12,DEN,2941,2.6 
13,TOR,601,0.4 
14,WAS,3384,2.6 
15,TOT,999,1.0 
15,NYK,709,0.6 
15,ORL,290,0.4 
16,DAL,622,0.7 
17,TOT,1194,1.1 
17,DET,600,0.7 
17,ORL,594,0.4 
18,TOT,1713,1.4 
18,WAS,552,0.2 
18,MEM,1161,1.2 
19,ORL,385,0.3 
20,LAC,85,0.2 
Rk,Tm,MP,DWS 
21,TOT,1497,1.4 
21,BOS,269,0.1 
21,MIN,1228,1.3 
22,PHO,1592,1.2 
23,TOT,631,0.4 
23,NYK,93,0.1 
23,PHI,538,0.4 
24,TOT,282,0.0 
24,PHO,21,0.0 
24,TOR,261,0.0 
25,MIA,45,0.0 
26,SAS,1259,2.2 
27,HOU,342,0.4 
28,CHI,141,0.3 
29,NOK,268,0.3 
30,ATL,495,0.3 
31,ORL,2215,2.2 
32,MEM,2839,4.5 
33,TOT,400,0.6 
33,HOU,281,0.5 
33,CHA,119,0.1 
34,MIL,1283,1.1 
35,PHO,2959,2.1 
36,IND,21,0.0 
37,SAC,3167,2.4 
38,GSW,1000,1.3 
39,DET,2925,2.8 
40,POR,1781,-0.2 
Rk,Tm,MP,DWS 
41,WAS,175,0.2 
42,TOT,2240,2.3 
42,BOS,1083,0.9 
42,MIN,1157,1.4 
43,TOT,1912,2.0 
43,CHA,848,0.7 
43,HOU,1064,1.3 
44,MIL,2348,2.4 
45,TOR,1710,0.5 
46,WAS,250,0.3 
47,UTA,1025,1.3 
48,TOR,2751,1.1 
49,SAS,2755,4.5 
50,HOU,652,0.8 
51,DEN,1542,0.9 
52,PHI,367,0.3 
53,LAC,3099,5.5 
54,CHA,2165,1.2 
55,UTA,1711,1.1 
56,LAL,1978,1.9 
57,NOK,2380,2.3 
58,TOT,246,0.2 
58,SEA,31,0.0 
58,HOU,215,0.3 
59,LAL,3277,3.7 
60,DEN,1758,2.0 
Rk,Tm,MP,DWS 
61,PHO,346,0.4 
62,MEM,570,0.7 
63,CHA,340,0.4 
64,WAS,2708,2.8 
65,NYK,740,0.6 
66,NOK,1875,1.3 
67,LAL,338,0.4 
68,GSW,162,0.1 
69,GSW,505,0.5 
70,TOR,1487,0.0 
71,DEN,1857,4.5 
72,MEM,402,0.7 
73,CHA,1275,1.0 
74,MIN,589,0.7 
75,NJN,2906,4.4 
76,LAC,2653,2.8 
77,TOT,333,0.4 
77,ORL,299,0.3 
77,DET,34,0.1 
78,CHI,2121,3.9 
79,GSW,448,0.3 
80,ATL,2249,1.1 
Rk,Tm,MP,DWS 
81,DAL,185,0.2 
82,NOK,2019,2.0 
83,SEA,230,-0.1 
84,UTA,1730,1.4 
85,NJN,1895,2.9 
86,SEA,1448,0.1 
87,LAL,1535,1.5 
88,NYK,2555,0.8 
89,IND,1148,1.7 
90,NYK,1865,1.0 
91,PHI,1761,2.6 
92,DAL,1934,2.9 
93,WAS,2283,0.9 
94,DAL,1766,1.7 
95,TOT,940,0.4 
95,NYK,749,0.3 
95,TOR,191,0.0 
96,GSW,1971,2.0 
97,DET,178,0.3 
98,TOT,17,0.0 
98,MIL,12,0.0 
98,HOU,0,0.0 
98,PHO,5,0.0 
99,TOT,3207,2.5 
99,BOS,1747,1.1 
99,MIN,1460,1.4 
100,DET,726,1.0 
Rk,Tm,MP,DWS 
101,TOT,385,0.5 
101,ATL,7,0.0 
101,DET,378,0.5 
102,CHI,2604,3.8 
103,PHO,2874,3.0 
104,BOS,234,0.2 
105,ORL,246,0.1 
106,GSW,1031,1.0 
107,DAL,1510,2.7 
108,POR,1920,0.1 
109,MIA,371,0.5 
110,ORL,1137,0.8 
111,CHI,2155,2.5 
112,SAS,2784,6.9 
113,GSW,2578,2.3 
114,MIN,265,0.3 
115,ATL,296,0.1 
116,TOT,394,0.3 
116,LAC,112,0.1 
116,DEN,282,0.2 
117,GSW,886,0.8 
118,DEN,1579,2.0 
119,CHA,1348,1.2 
120,DET,1139,1.4 
Rk,Tm,MP,DWS 
121,TOT,1393,1.3 
121,SEA,788,0.3 
121,DEN,605,1.0 
122,LAC,971,1.0 
123,SEA,82,0.0 
124,CHA,2406,1.8 
125,SAS,2038,2.9 
126,GSW,2589,2.4 
127,MIA,239,0.3 
128,NOK,39,0.0 
129,PHO,13,0.0 
130,MIL,2557,2.1 
131,SEA,276,0.0 
132,IND,1581,2.9 
133,GSW,1824,2.5 
134,TOT,342,0.3 
134,MIN,225,0.2 
134,HOU,117,0.1 
135,TOT,2393,1.4 
135,ORL,1734,1.2 
135,NYK,659,0.2 
136,NYK,1572,0.9 
137,MIL,885,1.1 
138,PHI,5,0.0 
139,MIL,54,0.0 
140,SAC,1301,1.6 
Rk,Tm,MP,DWS 
141,MIN,2957,5.9 
142,ORL,938,0.4 
143,MEM,3135,5.4 
144,LAL,1542,2.0 
145,IND,122,0.3 
146,SAS,1813,3.7 
147,UTA,956,0.4 
148,LAC,22,0.0 
149,BOS,1376,1.2 
150,CLE,2174,2.9 
151,CHI,2482,2.6 
152,TOR,1581,0.3 
153,TOT,175,0.2 
153,HOU,38,0.1 
153,CHI,20,0.0 
153,CLE,117,0.1 
154,IND,1765,3.0 
155,PHO,248,0.3 
156,LAL,135,0.1 
157,BOS,374,0.3 
158,PHI,153,0.0 
159,BOS,1235,1.4 
160,DAL,1245,1.5 
Rk,Tm,MP,DWS 
161,MIN,1359,2.6 
162,ATL,108,0.1 
163,DET,2825,2.4 
164,TOT,49,0.1 
164,CLE,46,0.1 
164,PHI,3,0.0 
165,NYK,72,0.0 
166,UTA,1944,1.6 
167,ATL,2782,1.2 
168,CHI,824,0.9 
169,DAL,1275,1.4 
170,IND,1034,1.9 
171,SAC,818,0.8 
172,MIA,2491,3.1 
173,MIN,2514,1.6 
174,HOU,535,1.1 
175,WAS,516,0.4 
176,WAS,1879,1.9 
177,HOU,2310,2.9 
178,CLE,531,0.6 
179,DEN,3,0.0 
180,ORL,613,0.6 
Rk,Tm,MP,DWS 
181,CHI,2955,3.5 
182,DEN,33,0.0 
183,CHI,11,0.0 
184,SAS,1182,2.5 
185,PHO,1421,1.1 
186,ORL,3021,4.4 
187,DAL,1915,2.3 
188,HOU,2537,3.0 
189,MIN,800,0.4 
190,CLE,1281,1.5 
191,UTA,619,0.8 
192,DET,353,0.5 
193,PHI,1312,1.0 
194,PHI,3086,2.6 
195,CLE,2283,3.1 
196,DAL,237,0.4 
197,PHI,3103,1.8 
198,ATL,978,0.0 
199,POR,1599,0.1 
200,MEM,1775,2.5 
Rk,Tm,MP,DWS 
201,MIL,202,0.1 
202,TOT,512,0.5 
202,PHO,420,0.4 
202,LAL,92,0.1 
203,CLE,315,0.3 
204,TOT,1027,0.9 
204,NJN,433,0.6 
204,NOK,594,0.4 
205,IND,2910,3.9 
206,NYK,406,0.2 
207,CLE,3361,4.3 
208,TOR,2925,-0.1 
209,WAS,3288,3.2 
210,MIN,2102,2.6 
211,IND,1557,1.7 
212,BOS,1062,1.5 
213,NJN,3059,4.1 
214,WAS,1951,1.7 
215,DET,39,0.0 
216,IND,1981,2.3 
217,DEN,924,0.8 
218,MIL,81,0.1 
219,ATL,3340,0.4 
220,TOT,524,0.6 
220,NJN,35,0.1 
220,NOK,489,0.5 
Rk,Tm,MP,DWS 
221,MEM,967,1.5 
222,CLE,2089,1.1 
223,BOS,87,0.1 
224,MEM,2437,4.2 
225,IND,1837,2.2 
226,PHO,1772,1.7 
227,CHA,2089,1.8 
228,LAC,2560,4.3 
229,MIA,665,0.5 
230,ORL,213,0.2 
231,POR,1492,0.7 
232,NJN,2975,5.6 
233,UTA,2604,4.3 
234,DEN,519,0.6 
235,CHA,2351,2.5 
236,LAC,127,0.1 
237,PHI,2563,1.3 
238,NJN,2469,3.4 
239,MIL,1018,0.9 
240,BOS,2033,2.0 
Rk,Tm,MP,DWS 
241,TOT,28,0.0 
241,NOK,16,0.0 
241,HOU,12,0.0 
242,NYK,1129,0.8 
243,TOT,458,0.3 
243,DEN,238,0.2 
243,POR,220,0.1 
244,SEA,2876,0.1 
245,CHI,22,0.0 
246,LAC,1525,1.8 
247,HOU,107,0.1 
248,ATL,1234,-0.1 
249,NOK,135,0.1 
250,MIN,676,0.9 
251,LAC,943,1.1 
252,MIL,2465,2.9 
253,NYK,2193,0.3 
254,PHO,3263,5.9 
255,SAS,181,0.4 
256,CLE,2077,2.8 
257,DAL,241,0.3 
258,TOR,339,0.1 
259,DEN,1546,2.0 
260,SAC,1913,1.9 
Rk,Tm,MP,DWS 
261,NOK,2102,1.4 
262,DET,159,0.2 
263,CHA,398,0.5 
264,MIN,1362,1.4 
265,LAC,353,0.5 
266,DET,1733,2.8 
267,HOU,1745,2.7 
268,NJN,486,0.6 
269,LAL,121,0.1 
270,UTA,1232,0.8 
271,LAL,6,0.0 
272,LAL,1541,1.7 
273,GSW,118,0.1 
274,UTA,203,0.2 
275,POR,1286,0.6 
276,TOT,767,1.1 
276,DET,140,0.3 
276,ORL,627,0.9 
277,DEN,2937,2.6 
278,SAC,2923,3.6 
279,MEM,2268,3.5 
280,HOU,1949,3.5 
Rk,Tm,MP,DWS 
281,LAC,2979,3.4 
282,SAS,1389,2.8 
283,TOT,343,0.1 
283,POR,336,0.1 
283,SAC,7,0.0 
284,SEA,583,0.0 
285,ORL,192,0.2 
286,MIA,1302,2.6 
287,GSW,2516,3.0 
288,NJN,576,1.0 
289,TOT,2112,0.5 
289,SEA,1085,-0.3 
289,CLE,1027,0.9 
290,HOU,955,1.8 
291,LAC,152,0.2 
292,TOT,502,0.5 
292,NOK,405,0.4 
292,NJN,97,0.1 
293,PHI,237,0.2 
294,DEN,1449,1.8 
295,PHO,2796,2.1 
296,ORL,1784,1.4 
297,SAS,1515,2.9 
298,CLE,353,0.3 
299,CHI,2239,3.4 
300,TOT,424,0.5 
300,HOU,241,0.4 
300,NOK,183,0.1 
Rk,Tm,MP,DWS 
301,DAL,3089,4.3 
302,IND,1802,3.5 
303,MIA,1806,2.9 
304,SAS,490,0.9 
305,LAL,3221,3.8 
306,CHA,874,1.1 
307,UTA,2945,3.0 
308,PHI,1069,0.5 
309,TOT,919,1.4 
309,MIN,752,1.2 
309,BOS,167,0.2 
310,UTA,807,1.1 
311,ORL,355,0.4 
312,POR,1153,0.5 
313,UTA,210,0.1 
314,ATL,2452,1.4 
315,NJN,718,1.3 
316,UTA,1376,1.1 
317,CHI,646,0.8 
318,LAL,2773,3.0 
319,SAS,2715,4.1 
320,TOT,1792,1.0 
320,POR,1056,0.3 
320,DEN,736,0.7 
Rk,Tm,MP,DWS 
321,NOK,2808,3.6 
322,CLE,813,0.6 
323,MIA,2305,2.3 
324,BOS,1332,2.0 
325,TOR,3140,0.6 
326,SEA,1282,0.2 
327,CHI,228,0.2 
328,BOS,3084,3.2 
329,GSW,1179,0.9 
330,NJN,596,0.8 
331,DAL,18,0.0 
332,IND,771,1.6 
333,MIA,1914,2.4 
334,TOT,353,-0.1 
334,SEA,321,-0.1 
334,SAC,32,0.0 
335,DAL,429,0.4 
336,SAC,150,0.1 
337,DET,2898,3.0 
338,LAL,279,0.3 
339,POR,1395,1.2 
340,TOT,1974,1.4 
340,SEA,1089,0.1 
340,LAC,885,1.3 
Rk,Tm,MP,DWS 
341,PHI,487,0.5 
342,POR,2545,0.9 
343,POR,1301,0.7 
344,LAC,412,0.5 
345,MIL,3130,2.0 
346,TOT,997,0.8 
346,BOS,291,0.1 
346,MIN,706,0.7 
347,GSW,2877,2.8 
348,NYK,1442,0.5 
349,SEA,2625,0.0 
350,MEM,88,0.1 
351,MEM,181,0.3 
352,CHA,1303,1.6 
353,NJN,1863,2.7 
354,NYK,1544,0.5 
355,TOT,1983,0.0 
355,TOR,1236,0.0 
355,NYK,747,0.0 
356,NYK,1119,0.8 
357,LAC,1515,1.7 
358,WAS,1010,1.1 
359,CHA,1111,0.7 
360,DEN,3,0.0 
Rk,Tm,MP,DWS 
361,PHI,2059,1.2 
362,SAC,39,0.1 
363,SAS,113,0.2 
364,BOS,938,0.7 
365,SAS,0,0.0 
366,CHI,149,0.2 
367,POR,212,0.1 
368,MIA,414,0.5 
369,MIL,2538,2.0 
370,LAC,753,1.1 
371,TOT,944,1.0 
371,SAC,429,0.6 
371,POR,515,0.4 
372,TOT,210,0.0 
372,POR,208,0.0 
372,DEN,2,0.0 
373,ATL,127,0.1 
374,NOK,989,0.8 
375,MIL,887,0.9 
376,ATL,2559,2.1 
377,CLE,2351,2.0 
378,NOK,1310,0.9 
379,CHI,1329,1.8 
380,TOR,590,0.4 
Rk,Tm,MP,DWS 
381,DAL,1525,1.2 
382,ORL,2648,1.3 
383,TOT,2601,2.8 
383,SAC,1147,0.9 
383,IND,1454,1.8 
384,WAS,116,0.1 
385,MEM,862,1.0 
386,ATL,1236,0.0 
387,PHO,50,0.1 
388,CHI,1222,2.1 
389,SEA,987,0.3 
390,HOU,1344,2.1 
391,TOT,2729,1.7 
391,MIN,1555,1.2 
391,BOS,1174,0.5 
392,GSW,144,0.1 
393,WAS,465,0.5 
394,NYK,1210,0.4 
395,POR,1641,0.2 
396,DAL,2798,2.3 
397,WAS,131,0.2 
398,WAS,1121,1.3 
399,TOT,150,0.1 
399,PHI,124,0.1 
399,CHI,26,0.0 
400,TOT,127,0.1 
400,MEM,25,0.0 
400,ATL,66,0.0 
400,NJN,36,0.1 
Rk,Tm,MP,DWS 
401,SAC,2293,3.3 
402,PHO,1411,2.0 
403,TOT,666,0.7 
403,CHI,32,0.0 
403,PHO,634,0.7 
404,PHO,43,0.1 
405,IND,1122,1.5 
406,MEM,732,1.4 
407,TOT,99,0.1 
407,MIN,13,0.0 
407,PHO,86,0.1 
408,LAL,161,0.2 
409,ORL,2615,1.9 
410,NYK,114,0.0 
411,SAS,586,0.8 
412,SAS,986,1.3 
413,DAL,1090,1.2 
414,CLE,760,1.3 
415,NJN,1234,1.5 
416,TOR,2361,1.0 
417,CHA,818,0.9 
418,NOK,406,0.4 
419,LAL,1449,1.2 
420,MIA,2892,4.2 
Rk,Tm,MP,DWS 
421,LAL,73,0.1 
422,MIA,2199,2.5 
423,IND,22,0.0 
424,DET,2890,6.9 
425,CHA,1895,3.4 
426,DET,2780,4.9 
427,MIA,3,0.0 
428,LAL,1333,1.3 
429,MEM,724,1.1 
430,TOT,1578,1.0 
430,DEN,975,0.8 
430,SEA,603,0.1 
431,PHI,2893,3.3 
432,POR,1070,0.1 
433,SAC,1684,2.7 
434,MIL,866,0.7 
435,HOU,2372,2.2 
436,NOK,2526,2.6 
437,BOS,2418,2.1 
438,UTA,212,0.3 
439,TOT,1529,1.2 
439,LAC,657,1.0 
439,SEA,872,0.2 
440,SEA,1525,0.1 
Rk,Tm,MP,DWS 
441,TOT,348,0.2 
441,CLE,243,0.2 
441,SEA,105,0.0 
442,TOT,791,0.8 
442,TOR,99,0.1 
442,NOK,692,0.7 
443,TOR,10,0.0 
444,UTA,2307,1.3 
445,TOR,352,0.0 
446,MIA,1874,1.6 
447,PHI,145,0.1 
448,ATL,1952,0.7 
449,MIL,1531,1.0 
450,SAC,362,0.4 
451,TOR,324,0.3 
452,NYK,1013,0.6 
453,TOT,2207,3.2 
453,IND,603,1.1 
453,SAC,1604,2.1 
454,NJN,370,0.3 
455,MIN,135,0.1 
456,MIA,132,0.2 
457,MEM,1689,3.0 
