Rk,Tm,MP,DRB,STL,BLK,PF 
1,DAL,204,26,6,3,26 
2,ATL,3087,502,87,38,240 
3,NOH,1360,79,31,6,125 
4,MIA,2318,291,37,78,234 
5,TOT,2880,287,103,14,220 
5,MIL,1683,173,57,11,149 
5,SEA,1197,114,46,3,71 
6,TOR,980,86,38,15,120 
7,UTA,474,51,14,7,50 
8,DEN,907,165,30,60,90 
9,POR,2556,211,90,16,141 
10,TOT,1135,101,58,5,106 
10,SEA,689,70,40,1,63 
10,NOH,446,31,18,4,43 
11,NYK,1731,190,73,20,177 
12,MEM,72,11,0,3,9 
13,GSW,2866,289,124,17,260 
14,NJN,69,4,3,1,8 
15,ORL,2350,204,135,13,167 
16,UTA,287,15,12,1,28 
17,DET,1398,75,27,4,108 
18,NOH,862,93,27,9,80 
19,CHI,76,13,3,3,11 
20,BOS,942,108,22,30,146 
21,SEA,2480,253,113,15,199 
22,DET,1473,147,63,14,104 
23,TOR,106,19,4,11,16 
24,SAS,46,8,0,0,14 
25,MEM,1248,175,42,16,120 
26,BOS,1683,285,33,81,197 
27,MEM,2383,217,102,88,207 
28,CHI,682,100,9,22,135 
29,DAL,1173,98,52,8,134 
30,IND,819,91,8,56,86 
31,ATL,152,21,1,2,20 
32,MIA,1807,121,44,7,174 
33,SAC,1835,113,72,8,93 
34,DET,2327,235,63,15,136 
35,CHI,836,137,33,19,121 
36,TOT,1403,197,42,68,187 
36,DEN,885,121,22,51,112 
36,BOS,518,76,20,17,75 
37,SEA,575,77,11,33,74 
38,CLE,2049,407,59,50,224 
39,POR,5,0,1,0,0 
40,SAS,2566,180,66,42,195 
41,DEN,996,79,65,29,82 
42,GSW,1321,53,38,4,75 
43,TOR,1314,247,16,32,125 
44,DAL,1731,325,65,170,242 
45,LAC,2454,420,71,158,204 
46,BOS,1503,127,38,3,80 
47,IND,80,4,2,1,11 
48,IND,111,10,2,4,16 
49,TOR,115,12,1,0,14 
50,TOT,93,10,4,1,14 
50,SAS,22,3,0,0,3 
50,DEN,71,7,4,1,11 
51,BOS,666,95,34,13,68 
52,WAS,1773,298,50,80,159 
53,NOH,2609,458,67,80,203 
54,PHO,262,23,17,2,36 
55,CLE,168,22,13,0,9 
56,CHI,196,15,10,3,20 
57,LAL,3401,458,181,67,218 
58,TOT,100,12,1,1,18 
58,PHI,77,9,1,1,12 
58,DEN,14,1,0,0,4 
58,BOS,9,2,0,0,2 
59,PHI,1514,144,72,16,203 
60,ORL,783,89,19,25,99 
61,MIA,2858,262,137,31,230 
62,MIA,1514,157,21,43,105 
63,MIL,894,108,19,15,122 
64,DEN,616,133,20,40,69 
65,TOT,869,134,33,39,129 
65,NOH,685,108,24,31,102 
65,SEA,184,26,9,8,27 
66,WAS,15,2,0,0,0 
67,MIA,912,71,45,5,70 
68,TOR,1471,129,48,41,121 
69,MIL,2700,285,88,14,216 
70,HOU,1247,296,38,85,176 
71,CHI,1827,345,37,106,220 
72,UTA,2351,211,65,13,225 
73,NJN,106,2,8,1,17 
74,SAC,2710,281,180,37,186 
75,SAC,1780,313,38,150,227 
76,SAS,471,34,22,7,43 
77,SAC,55,7,2,0,6 
78,PHI,1742,299,53,69,171 
79,TOT,691,48,17,4,60 
79,CLE,516,38,11,4,43 
79,BOS,175,10,6,0,17 
80,HOU,104,17,2,1,10 
81,UTA,421,28,5,6,70 
82,NJN,1900,232,47,44,252 
83,ATL,38,4,2,3,7 
84,CHI,1992,164,77,25,126 
85,IND,633,115,6,13,48 
86,DEN,180,14,3,0,16 
87,CHI,1571,237,18,62,226 
88,DET,1555,111,44,4,163 
89,GSW,1978,295,27,154,242 
90,POR,872,61,33,9,43 
91,TOR,1894,307,23,62,150 
92,NOH,1889,130,91,22,148 
93,POR,2282,331,51,70,189 
94,ATL,340,38,12,2,28 
95,DET,328,30,5,0,23 
96,CLE,3131,293,125,36,180 
97,ORL,1327,197,39,36,258 
98,BOS,1873,191,72,10,124 
99,ATL,515,34,14,2,66 
100,MEM,87,5,5,1,16 
101,CLE,943,152,33,81,148 
102,SAC,2384,417,83,105,239 
103,WAS,647,59,26,3,54 
104,NYK,1041,154,16,16,150 
105,LAC,969,63,24,6,93 
106,NOH,79,9,2,0,2 
107,SEA,1984,209,48,38,180 
108,POR,11,0,0,0,3 
109,SAS,3181,784,55,237,231 
110,GSW,1305,148,53,19,120 
111,NYK,2243,162,71,9,222 
112,MIA,784,113,15,15,88 
113,LAC,802,110,10,32,95 
114,DAL,135,19,10,7,35 
115,SEA,1365,278,38,11,173 
116,SAS,601,55,7,9,55 
117,DAL,2642,295,76,21,105 
118,LAL,2829,199,93,15,195 
119,CHI,809,136,14,17,89 
120,PHO,31,6,0,0,7 
121,SEA,86,7,4,0,6 
122,GSW,223,45,9,0,43 
123,TOR,539,72,1,9,82 
124,IND,802,161,28,21,103 
125,LAC,573,62,25,2,63 
126,LAL,2181,259,69,14,215 
127,GSW,1787,314,40,205,214 
128,HOU,3318,340,141,41,251 
129,SAC,229,38,1,11,25 
130,MIL,760,131,22,52,125 
131,MIN,3321,858,113,129,199 
132,ORL,2584,234,62,20,255 
133,MEM,2948,528,34,148,220 
134,LAL,1613,195,56,38,180 
135,MIN,2068,197,78,15,176 
136,SAS,1431,114,96,17,170 
137,TOT,2148,202,52,8,159 
137,MEM,1187,90,22,6,104 
137,ORL,961,112,30,2,55 
138,ATL,1890,220,71,15,146 
139,TOT,85,6,3,0,6 
139,SAS,51,3,3,0,5 
139,WAS,34,3,0,0,1 
140,TOT,1873,292,53,35,172 
140,MEM,1329,190,38,22,121 
140,ORL,544,102,15,13,51 
141,MIA,2641,596,63,47,300 
142,ORL,85,6,3,0,5 
143,DAL,1373,176,77,6,157 
144,HOU,1890,323,52,111,136 
145,PHO,447,75,14,5,35 
146,GSW,9,0,1,0,0 
147,MIL,441,32,7,18,55 
148,ATL,926,80,16,19,127 
149,DET,2640,230,64,13,249 
150,TOR,12,3,1,0,2 
151,PHO,1777,192,66,26,150 
152,IND,127,14,9,0,8 
153,UTA,2557,324,73,17,217 
154,TOT,111,7,2,1,8 
154,DAL,37,2,1,1,2 
154,DEN,74,5,1,0,6 
155,IND,2467,352,71,33,280 
156,DEN,2003,206,80,15,250 
157,NYK,1850,311,12,23,231 
158,NJN,1973,169,53,8,95 
159,ATL,32,5,1,4,7 
160,DEN,1613,284,48,27,203 
161,CHI,1999,218,45,61,197 
162,NOH,57,7,0,5,10 
163,HOU,685,62,29,6,57 
164,WAS,1930,212,32,119,225 
165,ATL,1494,242,33,32,168 
166,DEN,2258,283,127,65,295 
167,ORL,843,166,28,13,46 
168,TOT,1351,265,46,26,172 
168,CLE,855,197,31,19,104 
168,PHI,496,68,15,7,68 
169,CHI,784,126,40,5,59 
170,LAL,2343,333,96,61,247 
171,MIA,1025,84,44,1,73 
172,NYK,3108,205,54,7,191 
173,DEN,2730,404,77,27,239 
174,MIN,2600,141,60,7,160 
175,TOR,76,14,1,3,13 
176,WAS,2137,241,86,24,149 
177,TOT,444,65,9,18,75 
177,ORL,322,39,4,16,57 
177,MEM,122,26,5,2,18 
178,TOR,673,44,35,5,50 
179,ORL,447,55,9,36,56 
180,CLE,2432,371,56,152,274 
181,PHI,3485,276,225,13,149 
182,SAC,1676,162,71,3,126 
183,TOT,559,38,19,6,51 
183,TOR,286,15,9,3,24 
183,ATL,273,23,10,3,27 
184,SAC,1309,178,31,4,132 
185,MIN,1041,139,24,30,137 
186,UTA,1467,142,48,3,90 
187,SAS,2254,220,125,30,202 
188,PHO,1147,54,35,6,90 
189,SEA,766,138,12,82,166 
190,MIA,1722,123,64,5,176 
191,GSW,3226,383,76,45,197 
192,LAC,1379,125,97,11,125 
193,TOR,666,43,19,16,56 
194,NJN,2879,364,80,44,216 
195,WAS,292,32,8,5,28 
196,NJN,842,65,37,5,93 
197,DAL,430,21,15,1,26 
198,MIL,1170,177,34,63,178 
199,PHO,2255,207,62,19,143 
200,MIA,156,28,1,12,20 
201,SAC,709,59,18,4,42 
202,MIA,1789,191,64,31,137 
203,IND,115,5,6,1,13 
204,CLE,2204,299,67,22,176 
205,DAL,222,30,5,1,31 
206,WAS,3031,426,123,39,171 
207,ORL,1633,304,66,33,239 
208,SAS,952,48,27,3,49 
209,NJN,2989,394,179,25,127 
210,UTA,2213,273,118,175,185 
211,NJN,1951,200,101,30,110 
212,MEM,928,66,69,2,123 
213,NYK,287,44,8,9,44 
214,MIL,1704,199,81,29,134 
215,WAS,2215,388,82,40,206 
216,DAL,1611,205,35,91,264 
217,MIA,487,57,7,3,43 
218,PHO,541,68,15,6,58 
219,TOR,1929,164,59,21,156 
220,SEA,3044,351,99,35,205 
221,NOH,12,0,0,0,0 
222,TOT,211,39,5,11,35 
222,PHI,131,27,2,8,22 
222,TOR,80,12,3,3,13 
223,BOS,488,59,9,1,62 
224,WAS,1986,127,47,1,151 
225,NOH,1497,214,66,19,136 
226,PHI,812,130,19,32,107 
227,HOU,35,6,3,1,4 
228,LAL,781,73,15,19,116 
229,LAC,2006,245,55,16,194 
230,NOH,2443,464,49,111,276 
231,UTA,2936,515,136,31,204 
232,ATL,103,6,4,0,9 
233,DET,89,11,9,3,11 
234,PHO,3240,210,108,20,200 
235,PHO,3373,574,185,95,208 
236,MIA,223,27,5,6,37 
237,NJN,6,3,0,0,0 
238,CHI,2378,465,95,85,234 
239,NJN,2628,476,98,70,294 
240,NOH,3321,432,83,17,196 
241,MIL,2119,326,32,12,147 
242,TOT,2763,369,67,32,210 
242,SEA,1811,247,47,21,136 
242,MIL,952,122,20,11,74 
243,CHI,113,10,4,0,20 
244,UTA,792,97,17,19,144 
245,BOS,1949,224,78,28,188 
246,ATL,70,15,3,1,13 
247,TOR,1367,260,28,60,162 
248,ORL,2954,367,124,59,156 
249,POR,1311,75,21,2,117 
250,PHI,2374,289,131,9,177 
251,LAL,620,75,11,8,118 
252,IND,1671,122,49,14,123 
253,CLE,809,138,18,38,124 
254,CLE,2008,250,67,69,159 
255,LAC,2913,232,99,11,203 
256,IND,2270,418,65,43,203 
257,TOT,2186,295,42,21,173 
257,ORL,1826,246,36,16,139 
257,MEM,360,49,6,5,34 
258,IND,2117,151,62,4,89 
259,GSW,262,31,7,3,29 
260,HOU,2382,479,31,147,230 
261,HOU,3044,233,95,36,185 
262,ATL,445,82,16,21,79 
263,NOH,644,119,19,44,87 
264,TOT,43,2,0,4,7 
264,BOS,12,0,0,2,6 
264,ATL,31,2,0,2,1 
265,HOU,632,88,8,17,35 
266,GSW,2510,578,65,30,246 
267,TOT,62,4,4,0,0 
267,MIL,42,1,4,0,0 
267,SEA,20,3,0,0,0 
268,LAL,193,18,5,3,22 
269,NJN,514,99,4,37,54 
270,TOR,364,53,8,32,58 
271,HOU,77,8,2,2,13 
272,NYK,405,38,6,3,46 
273,DAL,1103,133,40,22,129 
274,DAL,2711,171,85,6,134 
275,MIN,2337,358,39,116,256 
276,ATL,1931,185,50,26,174 
277,HOU,1375,122,55,4,72 
278,DAL,3117,710,111,82,206 
279,IND,2864,594,66,178,277 
280,LAL,2535,483,38,159,229 
281,WAS,514,70,13,6,90 
282,LAC,1679,267,42,41,181 
283,DET,1366,218,25,39,167 
284,GSW,93,8,7,0,9 
285,TOT,1897,157,69,5,122 
285,MIL,1127,87,37,4,71 
285,SEA,770,70,32,1,51 
286,LAC,1369,271,18,79,110 
287,UTA,1926,323,20,147,235 
288,PHO,1800,234,50,71,194 
289,MEM,6,0,0,0,0 
290,ORL,145,40,5,3,30 
291,NOH,440,40,25,0,35 
292,UTA,1321,189,41,24,148 
293,CLE,1976,187,68,16,168 
294,LAL,342,28,13,2,45 
295,CLE,1103,90,48,12,106 
296,SAS,2774,183,71,4,174 
297,LAC,648,86,16,20,52 
298,POR,1655,144,73,29,161 
299,TOT,3208,255,133,20,181 
299,SEA,2123,192,93,12,117 
299,MIL,1085,63,40,8,64 
300,MIN,2245,201,72,13,161 
301,MEM,1941,168,42,19,64 
302,TOR,2949,266,88,32,232 
303,LAC,1360,112,33,9,92 
304,BOS,3096,472,139,62,227 
305,POR,1911,221,105,25,149 
306,SAC,325,60,13,15,50 
307,TOT,2518,336,106,15,197 
307,DEN,872,107,29,6,63 
307,HOU,1646,229,77,9,134 
308,NYK,98,3,2,0,9 
309,SEA,403,64,9,8,46 
310,DET,435,40,10,14,25 
311,MIL,546,97,10,45,85 
312,SEA,1910,247,64,22,136 
313,MIN,244,13,4,0,25 
314,POR,1301,204,42,14,141 
315,ATL,2518,453,56,262,271 
316,DET,488,65,6,17,79 
317,MIL,2316,273,100,13,143 
318,DET,10,0,0,0,4 
319,PHI,144,16,6,2,21 
320,HOU,1532,126,23,5,99 
321,GSW,2698,267,90,23,201 
322,LAC,1368,183,35,10,92 
323,DAL,91,4,3,0,11 
324,DET,2825,237,87,88,259 
325,SAS,1676,345,52,111,126 
326,CHI,1355,124,62,13,120 
327,ATL,2591,371,91,26,183 
328,NJN,1303,202,50,31,192 
329,LAC,1344,163,34,44,174 
330,CHI,3351,283,72,23,271 
331,SAS,1933,358,57,40,206 
332,GSW,4,1,0,0,1 
333,LAL,872,68,10,11,71 
334,WAS,1388,165,70,7,130 
335,POR,1209,247,61,49,141 
336,PHI,504,43,17,6,53 
337,LAL,77,13,0,5,13 
338,MIL,8,1,1,0,0 
339,DET,37,2,5,0,3 
340,ORL,1025,120,45,12,91 
341,TOT,502,27,20,2,36 
341,DEN,420,23,18,2,30 
341,PHI,82,4,2,0,6 
342,DEN,256,16,14,1,33 
343,NJN,724,101,16,18,77 
344,SEA,448,39,14,5,62 
345,LAL,900,99,32,13,62 
346,ATL,5,1,0,0,0 
347,WAS,378,44,10,3,51 
348,PHI,1381,230,47,53,176 
349,MIN,141,13,6,1,31 
350,NJN,274,23,14,3,31 
351,POR,13,0,1,0,3 
352,MIN,1117,159,14,55,171 
353,SAS,1032,78,28,9,79 
354,PHI,3108,230,133,11,235 
355,NYK,2859,240,102,22,134 
356,WAS,2747,197,65,28,130 
357,MIA,1594,343,45,40,169 
358,UTA,760,63,22,8,57 
359,CLE,251,36,2,15,42 
360,UTA,2275,150,137,16,184 
361,SAC,2450,336,72,5,143 
362,POR,1315,115,39,6,67 
363,PHO,2570,471,62,87,269 
364,IND,1275,122,38,7,111 
365,DAL,13,2,0,0,1 
366,MIN,956,75,46,6,55 
367,BOS,138,20,6,3,24 
368,GSW,1130,109,45,2,108 
369,MEM,1478,270,55,104,152 
370,MIN,1836,188,44,22,123 
371,HOU,1377,143,22,22,151 
372,ATL,3081,242,126,14,175 
373,WAS,513,95,8,23,66 
374,TOT,1978,344,62,28,169 
374,HOU,586,92,16,6,49 
374,PHI,1392,252,46,22,120 
375,NYK,2577,477,81,97,344 
376,MIL,2358,292,70,49,257 
377,IND,2237,202,125,18,201 
378,GSW,109,9,4,2,9 
379,NOH,851,154,45,37,153 
380,MIN,1222,185,32,23,142 
381,DEN,97,8,8,0,5 
382,MEM,86,8,0,6,13 
383,PHO,543,77,6,17,80 
384,DEN,1320,117,31,29,136 
385,SAC,1175,153,25,12,125 
386,DAL,2026,173,42,4,86 
387,PHI,2337,365,63,30,251 
388,ORL,1686,92,64,2,169 
389,PHO,947,128,18,29,172 
390,CLE,1385,62,38,7,107 
391,BOS,3235,464,116,31,221 
392,LAL,1243,253,20,55,143 
393,DET,2873,833,104,230,179 
394,SAC,571,90,24,15,68 
395,POR,2684,435,70,77,223 
396,NYK,1465,152,78,11,146 
397,MEM,1366,118,89,14,138 
398,NYK,2024,385,69,36,174 
399,SAC,2622,544,106,88,204 
400,POR,2396,296,123,18,220 
401,GSW,234,16,8,2,32 
402,NOH,2710,137,109,9,173 
403,WAS,230,36,1,12,33 
404,DEN,1563,170,45,32,134 
405,TOT,1052,64,29,2,92 
405,DEN,762,45,17,1,77 
405,ORL,290,19,12,1,15 
406,LAC,479,72,7,12,65 
407,TOT,688,51,27,4,69 
407,ATL,364,32,16,1,38 
407,MIN,324,19,11,3,31 
408,NJN,1597,194,27,57,206 
409,TOR,2638,190,111,21,170 
410,ATL,19,0,2,0,4 
411,BOS,2350,239,86,19,234 
412,NYK,167,15,7,2,20 
413,MEM,2407,187,91,10,130 
414,CHI,1961,168,86,17,179 
415,TOR,2346,419,116,26,197 
416,PHI,276,33,12,5,33 
417,PHO,872,121,27,21,159 
418,TOT,1881,147,77,6,140 
418,BOS,1169,98,61,3,84 
418,DEN,712,49,16,3,56 
419,DAL,1161,154,42,26,141 
420,DET,2061,211,44,27,238 
421,SAS,840,143,20,20,120 
422,BOS,24,1,0,0,3 
423,MIN,353,68,10,13,37 
424,POR,334,38,15,1,36 
425,IND,2317,261,159,50,242 
426,MEM,1982,358,51,54,209 
427,DEN,1381,126,57,33,145 
