Rk,Tm,MP,DRB,STL,BLK,PF 
1,DEN,2221,193,46,30,225 
2,CHA,30,3,1,1,5 
3,POR,2922,435,67,48,231 
4,CHI,29,3,1,1,9 
5,DEN,456,46,11,5,68 
6,BOS,2819,208,64,25,182 
7,BOS,889,93,59,19,109 
8,TOT,1421,116,50,10,103 
8,NJN,766,66,27,5,50 
8,MIA,655,50,23,5,53 
9,PHO,1168,218,24,73,169 
10,DEN,1695,336,42,143,171 
11,HOU,891,154,15,12,119 
12,OKC,15,0,0,0,1 
13,ORL,911,132,25,14,81 
14,DEN,2634,302,88,30,225 
15,MIA,1322,126,20,109,158 
16,WAS,1169,116,41,9,95 
17,HOU,2629,325,126,40,162 
18,TOT,335,54,15,12,59 
18,NOH,239,44,8,8,44 
18,SAC,56,9,2,4,5 
18,HOU,40,1,5,0,10 
19,MIA,1585,104,36,6,102 
20,MEM,457,73,14,14,60 
21,DET,644,24,17,0,53 
22,CHA,1472,86,45,5,127 
23,POR,405,73,7,16,76 
24,GSW,231,29,5,9,16 
25,DEN,91,19,8,2,16 
26,TOR,244,20,12,2,30 
27,PHO,786,58,23,12,71 
28,DAL,1546,129,35,6,119 
29,TOR,2799,388,25,111,215 
30,ORL,2097,339,59,30,185 
31,NYK,232,46,4,4,24 
32,ORL,648,73,12,27,69 
33,NJN,134,19,4,2,19 
34,HOU,2168,238,53,76,139 
35,POR,918,109,24,25,83 
36,POR,1304,102,26,5,152 
37,MIA,2328,375,80,49,221 
38,DAL,700,66,29,12,84 
39,TOR,1121,81,42,5,80 
40,MIL,1611,101,39,12,136 
41,TOT,180,18,4,2,15 
41,CHA,157,16,4,2,13 
41,GSW,23,2,0,0,2 
42,NYK,292,37,2,17,33 
43,ATL,2195,164,67,3,157 
44,GSW,763,196,20,44,117 
45,DEN,2490,203,82,9,153 
46,SAS,1494,326,50,39,224 
47,TOT,2159,166,58,6,123 
47,POR,1397,103,37,2,84 
47,LAC,762,63,21,4,39 
48,WAS,2256,351,85,71,218 
49,SAS,1559,151,45,12,156 
50,MIL,2229,493,39,175,222 
51,SAS,1161,162,30,24,109 
52,NJN,1045,191,30,48,111 
53,UTA,2673,693,84,36,270 
54,TOR,2526,554,43,68,170 
55,OKC,8,1,1,0,2 
56,WAS,1117,58,24,3,48 
57,PHI,2297,282,82,80,232 
58,MIN,2482,209,117,29,224 
59,TOT,1742,142,91,15,80 
59,UTA,1662,136,85,15,80 
59,MEM,80,6,6,0,0 
60,TOT,95,13,1,3,19 
60,PHI,36,6,1,1,9 
60,MIL,59,7,0,2,10 
61,SAC,654,108,15,5,115 
62,HOU,2919,161,69,14,199 
63,TOT,519,29,15,1,42 
63,NOH,328,17,9,1,28 
63,LAC,191,12,6,0,14 
64,CHA,535,47,21,10,53 
65,TOT,1060,95,33,6,72 
65,NOH,967,82,30,5,62 
65,CHI,93,13,3,1,10 
66,DET,660,124,15,12,93 
67,LAL,1700,153,57,31,129 
68,LAL,2835,313,113,20,187 
69,HOU,1488,182,34,11,85 
70,TOT,2783,357,116,24,193 
70,WAS,1853,248,68,15,126 
70,DAL,930,109,48,9,67 
71,LAC,2702,201,36,68,121 
72,LAL,1977,364,35,94,193 
73,DET,1667,118,55,7,143 
74,TOR,1817,119,47,7,135 
75,TOT,2314,622,95,146,161 
75,LAC,1596,450,69,99,105 
75,POR,718,172,26,47,56 
76,MIN,267,22,9,3,56 
77,PHI,857,111,25,20,79 
78,MEM,795,97,28,9,107 
79,DAL,121,8,5,0,13 
80,DEN,859,72,39,13,72 
81,ORL,2310,260,53,18,189 
82,SAC,1931,274,54,17,125 
83,MIA,1807,110,91,12,175 
84,CHA,1163,206,17,55,138 
85,NYK,2320,255,46,49,184 
86,PHO,383,44,7,13,25 
87,PHO,261,40,2,3,42 
88,ATL,115,9,3,2,21 
89,LAC,470,37,23,1,45 
90,NOH,2109,151,78,4,92 
91,OKC,1557,232,37,48,230 
92,MEM,2569,161,109,12,178 
93,HOU,36,3,0,0,5 
94,HOU,44,8,0,2,5 
95,MIA,691,73,14,10,50 
96,ATL,2460,167,61,12,132 
97,POR,707,106,24,22,97 
98,NYK,62,9,0,1,13 
99,LAC,0,0,0,0,0 
100,GSW,2896,308,152,19,252 
101,PHI,2124,545,42,151,252 
102,DAL,1280,272,15,77,153 
103,BOS,937,68,27,6,91 
104,LAC,2523,214,126,43,210 
105,BOS,933,104,21,14,132 
106,WAS,8,0,0,1,0 
107,LAC,499,47,11,3,39 
108,DET,915,140,25,26,114 
109,MIL,2279,343,80,21,138 
110,CHI,2651,381,66,61,129 
111,TOR,1664,157,43,18,176 
112,CHA,2906,293,60,57,219 
113,MIA,44,3,1,0,8 
114,TOT,51,3,4,0,2 
114,IND,25,2,3,0,1 
114,POR,26,1,1,0,1 
115,CHA,262,41,5,14,31 
116,NJN,971,46,34,0,82 
117,TOT,106,27,3,2,21 
117,HOU,54,14,2,1,12 
117,SAC,52,13,1,1,9 
118,NYK,1087,68,42,3,116 
119,NJN,1730,153,55,19,101 
120,PHO,1442,133,48,8,131 
121,PHO,1991,182,81,16,162 
122,NYK,2072,150,59,3,83 
123,SAS,2438,567,45,117,152 
124,IND,1486,211,38,15,105 
125,OKC,3239,518,112,84,171 
126,MIN,1384,126,20,5,72 
127,GSW,2647,210,143,25,189 
128,TOT,66,8,1,0,7 
128,MIL,62,8,1,0,7 
128,PHI,4,0,0,0,0 
129,ATL,1317,95,34,17,125 
130,TOR,311,75,14,4,44 
131,SAC,2677,314,109,26,204 
132,LAL,1474,117,52,11,109 
133,CHA,2643,235,123,22,172 
134,POR,1441,129,62,11,87 
135,UTA,408,57,6,19,78 
136,TOT,709,65,10,6,33 
136,SAS,395,33,6,4,12 
136,BOS,314,32,4,2,21 
137,LAL,2227,145,90,9,202 
138,MIN,2339,167,82,2,98 
139,IND,1189,108,44,11,102 
140,IND,255,47,3,4,45 
141,WAS,1667,114,33,10,123 
142,PHO,2190,361,64,74,263 
143,MIL,314,54,9,13,63 
144,UTA,217,23,12,0,17 
145,NYK,2747,333,75,58,191 
146,SAC,575,55,10,19,49 
147,BOS,2060,428,68,57,170 
148,MEM,2469,432,69,109,254 
149,LAL,2403,491,37,113,152 
150,MEM,3175,357,118,64,201 
151,WAS,182,18,7,1,13 
152,GSW,761,93,41,10,89 
153,CLE,1068,60,25,7,79 
154,CHI,2204,385,50,104,282 
155,TOT,239,35,9,2,29 
155,BOS,99,16,4,1,10 
155,NYK,140,19,5,1,19 
156,MEM,5,1,1,0,0 
157,SAS,2150,216,103,24,154 
158,MIN,2210,272,62,16,155 
159,TOT,1755,335,41,58,194 
159,DAL,1030,193,26,50,129 
159,LAC,725,142,15,8,65 
160,DET,1730,93,49,6,147 
161,LAC,2229,135,69,14,96 
162,ORL,1088,237,17,70,138 
163,DEN,759,84,23,7,104 
164,CHA,804,111,20,10,94 
165,IND,2278,275,94,51,183 
166,TOT,311,61,9,11,54 
166,CHI,50,11,0,0,10 
166,NOH,261,50,9,11,44 
167,CLE,115,9,6,3,9 
168,OKC,3043,378,104,72,221 
169,PHI,1553,109,32,11,135 
170,SAC,1630,181,41,53,150 
171,PHO,32,2,0,2,4 
172,MEM,240,49,1,14,57 
173,SAS,317,36,4,9,29 
174,SAS,44,6,0,2,5 
175,DET,1552,92,30,3,115 
176,IND,511,78,17,8,70 
177,OKC,1738,197,80,20,200 
178,NYK,2195,317,62,26,209 
179,NJN,2221,179,79,18,178 
180,TOT,96,14,5,1,14 
180,HOU,82,11,4,1,10 
180,WAS,14,3,1,0,4 
181,TOT,22,2,2,1,4 
181,MIN,5,0,1,0,0 
181,NOH,17,2,1,1,4 
182,MIA,2177,462,30,23,174 
183,NJN,1106,96,17,9,91 
184,SAC,1904,291,32,83,200 
185,HOU,1773,314,73,43,219 
186,NJN,1033,99,29,9,91 
187,TOT,2355,437,26,158,209 
187,WAS,1614,307,18,101,145 
187,DAL,741,130,8,57,64 
188,IND,813,74,18,9,53 
189,CHA,355,40,10,9,25 
190,IND,2035,287,30,131,285 
191,CLE,1691,290,36,39,132 
192,DEN,2755,461,115,82,281 
193,SAS,2276,163,69,26,222 
194,PHO,2430,371,60,36,165 
195,TOT,624,99,14,21,92 
195,NYK,252,29,10,9,37 
195,HOU,372,70,4,12,55 
196,CHI,2481,236,85,24,204 
197,PHI,1767,135,79,18,153 
198,MIN,1223,128,19,38,199 
199,ATL,2845,563,59,91,225 
200,TOT,1217,96,40,7,81 
200,BOS,846,62,28,7,61 
200,NYK,371,34,12,0,20 
201,ORL,2843,798,75,228,287 
202,TOT,918,95,26,11,91 
202,DAL,827,86,23,9,78 
202,WAS,91,9,3,2,13 
203,POR,1632,227,27,10,191 
204,TOT,131,11,8,3,12 
204,BOS,70,5,3,2,7 
204,MEM,61,6,5,1,5 
205,TOT,1115,119,52,15,70 
205,NYK,820,94,40,11,53 
205,CHA,295,25,12,4,17 
206,TOT,1221,258,36,48,145 
206,DAL,315,57,7,11,43 
206,NJN,906,201,29,37,102 
207,GSW,783,111,13,35,132 
208,CHI,122,13,1,0,12 
209,ATL,33,6,0,1,5 
210,MEM,158,24,1,10,10 
211,OKC,1323,259,25,97,194 
212,PHI,3193,447,141,55,145 
213,CLE,1339,231,14,50,183 
214,LAL,355,55,5,29,54 
215,MIL,1898,360,53,23,251 
216,TOT,865,63,19,2,48 
216,MEM,67,3,1,0,5 
216,PHI,798,60,18,2,43 
217,TOT,326,28,19,2,39 
217,PHI,236,21,10,2,25 
217,MIL,90,7,9,0,14 
218,TOR,2243,192,60,6,151 
219,TOT,74,6,3,2,7 
219,CLE,10,1,0,0,0 
219,SAS,25,3,3,2,2 
219,WAS,39,2,0,0,5 
220,TOT,123,13,2,4,21 
220,CLE,114,12,2,4,19 
220,MIL,9,1,0,0,2 
221,TOT,3129,323,132,43,197 
221,GSW,300,29,14,6,16 
221,CHA,2829,294,118,37,181 
222,CLE,2966,483,125,77,119 
223,WAS,46,2,3,0,3 
224,TOT,2406,419,71,21,179 
224,WAS,1595,263,43,9,112 
224,CLE,811,156,28,12,67 
225,MIN,412,55,10,9,58 
226,UTA,73,11,4,0,10 
227,MIN,2463,523,63,98,205 
228,SAS,2520,298,45,40,178 
229,TOT,1794,158,62,71,203 
229,NYK,1462,124,53,58,157 
229,HOU,332,34,9,13,46 
230,MIL,2671,233,105,18,191 
231,DET,2232,284,79,29,230 
232,NJN,1655,257,37,52,170 
233,TOR,1453,241,44,66,255 
234,ORL,406,40,11,1,32 
235,CHI,757,94,21,43,126 
236,ATL,2886,279,82,5,145 
237,IND,1892,181,40,39,237 
238,PHO,7,2,0,0,1 
239,MIA,503,41,11,4,45 
240,IND,675,93,14,37,125 
241,LAC,1137,230,16,62,152 
242,LAC,2608,520,37,94,213 
243,PHI,976,52,21,6,80 
244,TOT,113,14,3,1,14 
244,CLE,5,2,0,0,0 
244,GSW,108,12,3,1,14 
245,DAL,2881,397,145,35,142 
246,UTA,1681,188,83,71,102 
247,UTA,952,101,26,12,76 
248,UTA,172,29,2,4,26 
249,OKC,1741,249,32,45,177 
250,BOS,22,3,0,0,0 
251,TOT,2469,280,55,63,234 
251,HOU,1415,164,28,46,146 
251,SAC,1054,116,27,17,88 
252,TOT,111,14,1,2,14 
252,NYK,108,14,1,2,14 
252,BOS,3,0,0,0,0 
253,TOT,234,14,11,1,16 
253,GSW,66,2,6,0,5 
253,CHA,33,1,1,1,3 
253,CHI,135,11,4,0,8 
254,DEN,1318,82,48,2,89 
255,NJN,2375,192,93,20,130 
256,NYK,3019,721,85,40,257 
257,ORL,2369,256,78,28,180 
258,TOT,796,62,17,11,61 
258,OKC,130,16,5,2,9 
258,WAS,666,46,12,9,52 
259,NJN,3027,439,55,139,251 
260,PHO,986,144,10,53,117 
261,MIN,1714,431,43,23,136 
262,HOU,1651,156,60,9,173 
263,GSW,2081,281,51,4,231 
264,MIA,359,80,9,11,59 
265,SAS,165,39,3,8,32 
266,DAL,2385,319,69,61,141 
267,NOH,75,9,0,3,17 
268,TOT,390,43,11,1,48 
268,GSW,276,30,8,0,36 
268,WAS,114,13,3,1,12 
269,DEN,1986,404,72,61,186 
270,TOT,1633,135,46,6,96 
270,SAC,774,74,23,4,51 
270,HOU,859,61,23,2,45 
271,SAC,66,9,1,1,5 
272,SAS,1515,151,30,14,99 
273,UTA,2025,141,64,15,152 
274,DET,1550,240,36,38,175 
275,SAC,331,50,12,7,46 
276,TOT,1269,108,40,10,115 
276,UTA,363,28,13,2,33 
276,OKC,906,80,27,8,82 
277,MEM,3113,250,98,17,174 
278,MIL,1866,229,60,39,181 
279,SAS,1617,306,43,32,147 
280,WAS,968,155,16,101,122 
281,TOT,673,72,15,14,40 
281,HOU,46,5,0,2,2 
281,NYK,627,67,15,12,38 
282,TOT,307,56,5,4,35 
282,WAS,240,44,4,3,32 
282,SAC,67,12,1,1,3 
283,IND,524,87,17,16,74 
284,TOT,719,90,18,5,52 
284,MIL,486,67,13,4,33 
284,PHI,233,23,5,1,19 
285,TOT,120,19,4,9,20 
285,HOU,13,3,1,1,3 
285,TOR,107,16,3,8,17 
286,UTA,1497,126,58,17,190 
287,TOT,685,104,22,34,82 
287,NYK,71,13,4,1,7 
287,MIN,614,91,18,33,75 
288,POR,2500,185,93,9,169 
289,CHI,1950,316,44,29,189 
290,WAS,1805,281,39,12,131 
291,POR,38,1,0,0,6 
292,UTA,2277,373,64,99,285 
293,CHA,984,190,15,43,105 
294,CLE,1052,165,34,30,69 
295,GSW,406,43,5,13,60 
296,ATL,124,28,5,3,34 
297,LAL,241,22,3,2,17 
298,GSW,2018,198,65,16,158 
299,OKC,54,7,2,0,13 
300,IND,2344,608,72,34,175 
301,TOT,1673,155,46,16,126 
301,CHA,993,83,28,12,77 
301,CHI,680,72,18,4,49 
302,TOT,685,81,26,14,94 
302,NJN,204,26,9,2,33 
302,DAL,481,55,17,12,61 
303,PHO,2660,234,42,12,108 
304,ORL,1860,168,48,2,147 
305,TOR,413,52,10,17,54 
306,CHI,1925,484,32,100,198 
307,SAC,1477,190,32,26,160 
308,LAC,362,32,7,2,21 
309,DAL,3039,540,70,79,208 
310,TOR,51,9,2,4,12 
311,MIA,1991,362,25,95,212 
312,CLE,1240,262,15,62,169 
313,WAS,650,71,11,9,121 
314,POR,502,114,8,48,84 
315,LAL,2585,618,75,59,227 
316,NOH,2370,491,54,127,218 
317,UTA,2149,383,38,81,223 
318,OKC,263,22,9,0,16 
319,TOT,730,88,18,17,43 
319,POR,231,25,7,8,13 
319,LAC,499,63,11,9,30 
320,ATL,1089,176,37,31,186 
321,CHI,829,69,29,2,68 
322,CLE,2289,201,63,18,151 
323,SAS,1728,128,29,8,96 
324,NOH,1712,171,96,8,118 
325,MIN,877,105,23,6,84 
326,MIN,447,92,9,14,55 
327,BOS,2154,440,26,132,219 
328,NOH,973,109,25,5,81 
329,DEN,436,97,10,13,80 
330,BOS,2411,271,84,31,196 
331,ORL,1687,176,53,31,138 
332,NOH,1731,297,42,19,204 
333,CLE,236,42,6,2,36 
334,LAL,581,72,9,6,71 
335,IND,865,76,35,3,53 
336,UTA,806,46,40,13,109 
337,DET,1664,177,34,22,77 
338,POR,681,166,8,43,95 
339,NJN,223,15,9,1,15 
340,TOT,891,127,29,7,97 
340,CHA,133,21,3,1,18 
340,GSW,758,106,26,6,79 
341,GSW,749,142,28,51,92 
342,TOT,53,7,1,1,9 
342,MIA,47,6,1,1,9 
342,POR,6,1,0,0,0 
343,MEM,3051,620,80,34,226 
344,TOT,807,98,12,61,87 
344,SAS,183,25,3,18,27 
344,CHA,624,73,9,43,60 
345,MIL,492,43,19,2,24 
346,ORL,1808,138,28,4,118 
347,CHI,224,40,8,4,50 
348,PHO,2485,323,66,33,169 
349,MIA,2082,310,70,18,169 
350,MIL,1759,119,54,7,182 
351,TOT,1115,82,49,5,116 
351,NYK,733,49,27,5,66 
351,BOS,382,33,22,0,50 
352,TOT,1048,65,50,5,84 
352,SAC,517,35,29,3,46 
352,NYK,531,30,21,2,38 
353,BOS,2963,260,189,11,198 
354,CHI,2871,228,57,27,96 
355,TOT,562,32,13,6,69 
355,DAL,301,16,7,4,34 
355,WAS,261,16,6,2,35 
356,POR,2419,212,61,16,136 
357,IND,2491,305,56,65,159 
358,LAC,58,5,2,3,8 
359,TOT,2824,235,99,26,166 
359,CHI,1695,156,65,22,101 
359,MIL,1129,79,34,4,65 
360,BOS,472,39,9,4,59 
361,HOU,2671,530,63,26,246 
362,OKC,2348,311,97,46,154 
363,MIN,1732,156,55,5,137 
364,NJN,395,52,15,3,52 
365,TOT,977,168,28,43,113 
365,DAL,211,38,11,7,31 
365,WAS,766,130,17,36,82 
366,LAC,123,18,3,4,20 
367,LAC,1232,190,33,25,194 
368,DEN,2082,206,99,20,174 
369,PHI,658,81,21,28,110 
370,ATL,592,91,6,19,95 
371,ATL,2871,482,130,172,240 
372,NOH,1410,173,62,14,206 
373,PHI,1016,167,29,34,152 
374,MIL,855,81,21,9,56 
375,TOT,883,80,16,6,74 
375,WAS,616,58,11,5,51 
375,DAL,267,22,5,1,23 
376,NOH,1947,188,48,5,83 
377,PHO,2838,502,52,83,281 
378,DET,2499,214,101,12,205 
379,DET,405,31,8,7,52 
380,HOU,303,25,10,3,15 
381,ATL,719,62,34,11,82 
382,TOT,659,40,24,5,71 
382,LAC,582,36,22,5,65 
382,CLE,77,4,2,0,6 
383,TOT,334,25,13,6,42 
383,HOU,118,12,4,4,16 
383,SAC,23,2,1,0,1 
383,SAS,193,11,8,2,25 
384,DAL,2540,121,94,17,142 
385,MEM,883,158,15,89,162 
386,OKC,321,46,4,16,39 
387,SAC,313,51,10,10,42 
388,MIL,1049,207,26,46,159 
389,DAL,285,28,10,2,31 
390,TOT,1220,254,63,85,129 
390,CHI,678,141,40,48,64 
390,CHA,542,113,23,37,65 
391,SAC,2357,413,41,73,279 
392,TOT,2079,178,45,35,206 
392,LAC,1405,107,25,22,144 
392,WAS,674,71,20,13,62 
393,NOH,1872,139,58,11,127 
394,MEM,589,55,33,5,67 
395,TOT,1427,236,32,33,128 
395,POR,4,1,0,0,1 
395,GSW,1423,235,32,33,127 
396,TOT,96,4,0,0,6 
396,PHO,71,2,0,0,5 
396,MIN,25,2,0,0,1 
397,GSW,872,137,23,54,98 
398,TOR,2272,301,55,32,220 
399,SAC,944,140,34,6,83 
400,SAC,2477,181,89,10,166 
401,MIL,97,3,1,0,6 
402,CLE,2166,389,71,67,223 
403,DET,1848,280,48,55,223 
404,LAL,575,54,20,4,67 
405,MIA,2792,266,142,82,181 
406,TOT,768,73,23,3,83 
406,BOS,29,5,0,0,4 
406,NYK,739,68,23,3,79 
407,DET,1975,352,86,84,131 
408,CHA,3119,612,117,83,194 
409,BOS,1780,283,80,70,222 
410,LAL,272,26,10,1,19 
411,TOT,1557,187,24,18,126 
411,MIL,1024,125,17,10,83 
411,CHI,533,62,7,8,43 
412,GSW,1788,141,103,8,124 
413,IND,2322,186,104,16,181 
414,OKC,144,17,6,6,13 
415,POR,2005,221,45,40,153 
416,TOR,1368,150,39,25,126 
417,NOH,2949,441,76,60,233 
418,CLE,1500,140,55,28,86 
419,ATL,142,19,8,0,25 
420,OKC,2813,258,108,34,204 
421,OKC,102,13,5,3,12 
422,DET,441,73,13,12,64 
423,MIN,1585,177,66,25,144 
424,OKC,59,3,0,0,5 
425,UTA,2802,253,96,16,208 
426,ORL,1703,119,53,3,65 
427,CLE,742,67,12,5,73 
428,PHI,1912,162,80,15,110 
429,MEM,872,80,32,1,43 
430,ATL,2468,310,66,46,160 
431,CLE,2359,178,70,21,170 
432,GSW,782,92,23,6,49 
433,NJN,227,25,8,19,41 
434,BOS,597,99,13,21,85 
435,NJN,1764,302,43,10,126 
436,LAL,2605,232,106,21,165 
437,TOR,1392,152,30,11,134 
438,MIA,1496,185,52,32,94 
439,NOH,871,86,29,18,45 
440,WAS,1421,82,28,8,147 
441,MEM,1321,124,34,20,106 
