Rk,Tm,MP,eFG%,FT%,ORB,TOV,PTS 
1,TOT,199,.441,.500,8,7,72 
1,DET,20,.364,.500,0,0,9 
1,LAC,179,.454,.500,8,7,63 
2,TOR,52,.308,.500,1,4,11 
3,DET,1234,.508,.817,30,43,363 
4,NJN,97,.349,.500,3,4,34 
5,SAS,19,.500,1.000,0,1,8 
6,CHA,182,.362,.714,9,12,70 
7,POR,3004,.486,.781,234,121,1470 
8,MIL,716,.449,.699,44,52,278 
9,MIL,579,.429,.476,35,20,156 
10,BOS,2876,.575,.952,66,134,1434 
11,BOS,887,.493,.725,22,77,359 
12,UTA,255,.438,.808,9,16,92 
13,TOT,2447,.454,.750,33,140,900 
13,HOU,1591,.446,.789,25,88,552 
13,ORL,856,.466,.707,8,52,348 
14,PHO,1044,.536,.442,128,56,321 
15,DEN,1460,.551,.718,163,69,452 
16,NJN,1312,.478,.845,104,63,487 
17,DEN,2277,.469,.793,106,199,1504 
18,MIA,1048,.483,.652,89,41,144 
19,WAS,63,.304,.750,1,1,26 
20,LAL,1999,.511,.710,111,87,729 
21,NOH,1092,.561,.633,81,80,338 
22,MEM,1464,.438,.667,108,47,422 
23,TOT,412,.367,.938,5,23,98 
23,DEN,115,.426,1.000,0,10,27 
23,OKC,297,.349,.917,5,13,71 
24,CHA,1908,.517,.893,17,119,850 
25,GSW,2375,.520,.808,112,95,1063 
26,DEN,780,.563,.646,86,35,264 
27,TOT,206,.395,.611,1,14,56 
27,MIA,166,.410,.667,0,11,42 
27,TOR,40,.361,.333,1,3,14 
28,PHO,1705,.542,.881,34,93,993 
29,DAL,1600,.491,.753,36,105,617 
30,TOR,2453,.512,.831,70,135,1202 
31,PHO,2082,.510,.743,79,130,788 
32,HOU,857,.549,.950,17,48,208 
33,DAL,1574,.496,.867,129,86,686 
34,IND,217,.543,.630,22,12,67 
35,ORL,1202,.492,.659,92,46,372 
36,HOU,2031,.538,.821,52,49,436 
37,POR,1454,.532,.808,84,50,426 
38,POR,655,.384,.806,8,56,228 
39,MIA,2009,.490,.772,110,121,1123 
40,GSW,882,.524,.769,10,59,372 
41,MIL,1783,.497,.825,32,76,587 
42,TOT,2315,.520,.853,41,86,799 
42,PHO,712,.554,.762,8,18,212 
42,CHA,1603,.509,.877,33,68,587 
43,ATL,2740,.518,.789,38,128,1176 
44,GSW,1863,.578,.551,223,110,735 
45,TOT,2789,.501,.913,32,177,1400 
45,DET,70,.381,.900,1,4,25 
45,DEN,2719,.504,.913,31,173,1375 
46,POR,2188,.536,.840,28,108,757 
47,WAS,1703,.475,.704,126,117,713 
48,MIA,207,.455,.615,10,14,79 
49,TOT,1272,.481,.912,31,41,364 
49,ORL,787,.480,.875,15,19,189 
49,MIL,485,.483,.939,16,22,175 
50,MIL,1124,.577,.571,117,86,422 
51,SAS,1928,.606,.739,97,37,667 
52,NJN,995,.528,.376,104,31,258 
53,TOT,56,.500,.750,5,1,16 
53,MIN,1,0.0,0.0,1,0,0 
53,SAC,55,.500,.750,4,1,16 
54,UTA,1197,.490,.698,111,79,599 
55,TOR,2928,.492,.817,215,174,1746 
56,SAS,1506,.535,.538,16,25,214 
57,NOH,219,.579,.600,10,5,47 
58,PHI,920,.447,.676,77,68,399 
59,MIN,307,.439,.737,18,13,93 
60,UTA,2605,.522,.702,101,110,1111 
61,HOU,1998,.476,.866,33,125,894 
62,CHA,41,.143,1.000,7,5,4 
63,TOT,931,.454,.791,14,63,361 
63,SAC,675,.443,.765,8,47,245 
63,MIN,256,.478,.889,6,16,116 
64,TOT,261,.439,.600,7,17,46 
64,WAS,233,.455,.333,7,14,41 
64,PHO,28,.300,1.000,0,3,5 
65,NOH,869,.399,.780,31,54,328 
66,DET,999,.533,.516,91,50,243 
67,TOT,477,.515,.821,11,38,202 
67,CHA,341,.488,.800,8,29,144 
67,LAL,136,.595,.889,3,9,58 
68,LAL,2960,.502,.856,90,210,2201 
69,MEM,878,.425,.800,32,38,155 
70,WAS,2585,.482,.858,118,210,1392 
71,NOH,2614,.521,.782,49,59,922 
72,LAL,1446,.560,.707,137,85,714 
73,DET,803,.461,.798,19,76,410 
74,TOR,2333,.561,.981,16,143,873 
75,LAC,1925,.513,.725,161,93,641 
76,MIN,909,.473,.857,39,48,190 
77,MIN,1199,.509,.758,36,43,481 
78,TOT,616,.418,.840,7,33,164 
78,CHA,475,.449,.789,5,26,139 
78,DAL,141,.288,1.000,2,7,25 
79,DEN,1787,.460,.731,40,155,412 
80,NJN,2946,.493,.817,74,166,1662 
81,MIA,2626,.506,.767,37,165,818 
82,NOH,1445,.565,.579,163,70,397 
83,NYK,2735,.481,.795,91,139,1184 
84,ATL,15,.286,.500,0,0,5 
85,UTA,201,.457,.727,20,9,40 
86,MIN,422,.314,.464,28,12,57 
87,TOT,890,.451,.609,31,58,251 
87,NYK,75,.348,.444,2,5,20 
87,LAC,815,.462,.649,29,53,231 
88,OKC,1831,.568,.721,181,73,584 
89,MEM,2508,.503,.817,25,143,895 
90,TOT,171,.454,.833,7,13,74 
90,ORL,146,.475,.833,6,11,62 
90,HOU,25,.375,0.0,1,2,12 
91,MIA,1833,.494,.875,19,42,686 
92,TOT,2479,.479,.872,23,148,1280 
92,NYK,392,.536,.761,2,26,216 
92,GSW,2087,.468,.889,21,122,1064 
93,NYK,23,.350,1.000,1,0,9 
94,TOT,1174,.463,.576,57,82,317 
94,MEM,44,.467,.455,4,3,19 
94,WAS,1130,.463,.593,53,79,298 
95,TOT,100,.423,.583,11,6,40 
95,MIL,77,.483,.636,7,4,36 
95,SAS,23,.222,.000,4,2,4 
96,NYK,12,1.000,.333,0,2,5 
97,PHI,2036,.498,.734,214,117,523 
98,DAL,1836,.650,.638,216,74,454 
99,TOT,1021,.466,.800,5,62,300 
99,WAS,288,.456,.758,0,13,66 
99,NOH,733,.469,.821,5,49,234 
100,IND,1700,.464,.721,80,94,733 
101,GSW,111,.486,.471,10,5,42 
102,LAC,2248,.422,.757,46,193,968 
103,BOS,1637,.444,.730,121,71,530 
104,LAC,320,.408,.794,28,13,107 
105,LAC,785,.410,.861,9,39,232 
106,CHI,1665,.455,.796,80,72,690 
107,TOT,2754,.549,.687,118,215,1072 
107,PHO,538,.585,.692,24,37,183 
107,CHA,2216,.542,.686,94,178,889 
108,MIA,851,.468,.526,26,16,213 
109,IND,719,.542,.800,6,21,206 
110,TOT,215,.534,.755,26,12,119 
110,POR,73,.316,.750,12,6,27 
110,SAC,142,.609,.758,14,6,92 
111,TOT,1036,.433,.333,114,39,170 
111,DAL,452,.379,.414,45,11,56 
111,CHA,584,.460,.270,69,28,114 
112,WAS,816,.443,.872,8,70,261 
113,NJN,2074,.519,.825,24,105,748 
114,HOU,6,.500,0.0,0,0,2 
115,TOT,300,.445,.895,6,13,115 
115,SAC,227,.398,.933,3,6,84 
115,TOR,73,.636,.750,3,7,31 
116,NJN,585,.469,.823,14,31,216 
117,PHO,728,.438,.769,33,73,246 
118,TOT,1155,.528,.676,82,43,372 
118,CHA,427,.484,.625,25,10,108 
118,PHO,728,.550,.691,57,33,264 
119,NYK,2906,.515,.856,45,221,880 
120,SAS,2524,.504,.692,201,165,1450 
121,IND,495,.470,.815,14,38,271 
122,OKC,2885,.510,.863,77,225,1871 
123,GSW,892,.460,.830,14,67,474 
124,MIL,977,.494,.846,100,48,200 
125,NOH,373,.389,.639,30,23,97 
126,ATL,1840,.533,.822,88,43,574 
127,PHI,1137,.444,.594,135,69,262 
128,LAL,1192,.450,.584,22,87,416 
129,SAS,54,.393,1.000,0,4,13 
130,CHA,3086,.435,.805,54,228,1162 
131,POR,1993,.552,.839,47,86,815 
132,UTA,156,.583,.333,14,9,49 
133,SAS,2336,.532,.823,26,61,784 
134,LAL,2441,.512,.846,25,72,814 
135,IND,2258,.472,.872,59,180,1106 
136,IND,1828,.504,.658,215,88,452 
137,MIN,2494,.463,.846,34,150,1139 
138,TOT,62,.636,.500,9,3,17 
138,ORL,59,.636,.500,9,3,17 
138,MEM,3,0.0,0.0,0,0,0 
139,POR,746,.444,.722,41,29,263 
140,MIL,941,.480,.544,95,41,271 
141,NYK,412,.576,.963,13,15,170 
142,SAC,1975,.510,.820,56,112,824 
143,ATL,98,.306,.500,0,3,24 
144,BOS,1772,.532,.841,78,90,899 
145,MEM,2521,.530,.733,201,164,975 
146,LAL,2999,.567,.781,262,157,1528 
147,MEM,2945,.487,.767,109,203,1493 
148,DAL,708,.458,.773,25,17,147 
149,CLE,1795,.493,.767,31,61,586 
150,BOS,8,.667,0.0,2,1,4 
151,MIL,43,.778,0.0,0,5,14 
152,SAS,1181,.524,.884,24,88,683 
153,MIN,2614,.486,.807,106,128,1092 
154,TOT,1264,.468,.840,113,76,605 
154,CHI,918,.457,.866,82,57,406 
154,SAC,26,.556,1.000,3,3,12 
154,SAS,320,.490,.789,28,16,187 
155,CHI,2999,.521,.864,52,200,1699 
156,LAC,2677,.529,.854,45,164,1252 
157,ORL,794,.570,.578,96,25,239 
158,TOR,1541,.484,.825,95,74,597 
159,IND,684,.453,.806,21,45,282 
160,IND,2424,.518,.878,49,165,1728 
161,CHI,715,.485,.576,84,40,196 
162,DAL,376,.478,.844,14,33,199 
163,OKC,2873,.491,.788,120,173,1290 
164,PHI,1828,.473,.729,29,64,685 
165,SAC,725,.381,.853,19,37,209 
166,MEM,120,.484,.600,16,9,48 
167,SAS,155,.490,.286,11,12,50 
168,DET,2279,.480,.848,44,133,1225 
169,UTA,693,.461,.764,47,29,277 
170,TOT,2546,.509,.793,99,161,1469 
170,GSW,166,.407,.500,10,7,62 
170,NYK,2380,.516,.804,89,154,1407 
171,NJN,2494,.469,.820,30,212,1470 
172,TOT,348,.319,.783,13,22,78 
172,LAC,312,.298,.789,12,19,65 
172,DEN,36,.500,.750,1,3,13 
173,MIA,2560,.518,.753,169,82,794 
174,NJN,1094,.455,.800,50,30,194 
175,SAC,2259,.491,.662,148,160,876 
176,HOU,858,.372,.368,74,25,91 
177,NJN,1832,.527,.692,27,49,644 
178,WAS,175,.480,.476,13,9,58 
179,TOT,498,.451,.792,6,25,149 
179,HOU,322,.455,.875,3,16,106 
179,MIA,176,.442,.625,3,9,43 
180,DET,630,.495,.760,28,17,224 
181,IND,1009,.471,.667,115,55,494 
182,CLE,705,.515,.672,52,45,245 
183,DEN,2510,.604,.723,183,147,1123 
184,SAS,1270,.435,.781,30,74,438 
185,PHO,2445,.540,.808,64,126,985 
186,OKC,2,1.000,0.0,2,0,2 
187,CHI,1339,.519,.791,16,87,503 
188,TOT,444,.532,.597,46,24,143 
188,CHA,184,.543,.667,19,10,64 
188,DAL,260,.525,.515,27,14,79 
189,ATL,2242,.525,.727,145,103,773 
190,BOS,1479,.579,.792,11,55,691 
191,ORL,2821,.572,.594,336,240,1624 
192,DAL,1663,.488,.782,59,89,936 
193,TOT,472,.510,.676,30,26,173 
193,DEN,22,.500,0.0,1,0,2 
193,CHA,450,.510,.676,29,26,171 
194,TOT,1479,.469,.807,16,71,640 
194,CHI,792,.477,.817,6,36,361 
194,NYK,687,.460,.794,10,35,279 
195,TOR,265,.422,.792,24,8,114 
196,CHI,266,.427,.600,2,19,73 
197,ATL,92,.550,.000,9,2,22 
198,PHI,3269,.507,.724,92,222,1541 
199,CLE,1765,.483,.799,157,90,838 
200,LAL,181,.474,.875,9,13,61 
201,TOT,2093,.434,.781,30,146,995 
201,DEN,123,.475,.720,3,10,56 
201,DET,1970,.432,.786,27,136,939 
202,PHI,861,.425,.791,19,23,211 
203,IND,2716,.498,.852,44,184,1074 
204,SAC,1484,.460,.851,42,66,532 
205,CLE,430,.430,.686,32,14,98 
206,GSW,2339,.466,.826,70,229,1223 
207,NYK,10,.375,0.0,1,1,6 
208,CLE,3054,.530,.780,106,241,2304 
209,TOT,1649,.450,.829,25,94,531 
209,NOH,74,.380,.500,1,3,20 
209,WAS,1575,.454,.838,24,91,511 
210,WAS,3096,.507,.754,196,125,1801 
211,MEM,605,.369,.707,23,49,136 
212,TOR,19,.250,0.0,1,2,2 
213,MIN,1836,.497,.738,172,92,1156 
214,CHA,84,.523,.667,1,6,29 
215,MIL,2939,.487,.805,57,165,1607 
216,NYK,1310,.441,.611,128,65,296 
217,NJN,1421,.430,.772,67,70,525 
218,DET,911,.595,.657,102,33,217 
219,ORL,1481,.472,.753,29,82,421 
220,ATL,3124,.489,.826,65,195,1688 
221,TOT,55,.409,0.0,3,2,9 
221,CHA,13,0.0,0.0,0,0,0 
221,CHI,42,.409,0.0,3,2,9 
222,CLE,14,.000,1.000,0,1,4 
223,DEN,1426,.475,.728,58,68,429 
224,MIL,108,.485,0.0,0,6,33 
225,CHA,52,.571,.667,6,4,12 
226,LAC,1495,.492,.815,23,66,378 
227,MIA,630,.480,.839,12,12,169 
228,ATL,675,.608,.716,52,27,188 
229,LAC,771,.633,.385,72,41,228 
230,LAC,921,.528,.680,75,84,373 
231,TOR,1831,.513,.810,26,70,654 
232,DAL,2886,.522,.819,85,185,731 
233,CLE,277,.500,.868,10,22,102 
234,UTA,1831,.467,.785,84,121,776 
235,DEN,1824,.515,.725,92,82,813 
236,UTA,938,.349,.750,13,66,180 
237,UTA,1874,.529,.882,35,90,705 
238,UTA,565,.508,.706,50,26,224 
239,OKC,1141,.469,.797,85,45,445 
240,GSW,442,.447,.800,33,16,157 
241,HOU,1467,.575,.813,124,68,638 
242,ATL,560,.406,.817,6,29,162 
243,ORL,1939,.526,.830,18,69,646 
244,NYK,2824,.549,.755,256,150,1293 
245,ORL,2859,.540,.836,92,158,1401 
246,TOT,231,.517,.900,3,9,71 
246,MIA,41,.375,.750,0,3,9 
246,OKC,190,.538,1.000,3,6,62 
247,NJN,2501,.531,.793,225,147,1068 
248,PHO,614,.518,.691,52,28,189 
249,MIN,2048,.461,.789,274,118,899 
250,TOT,1679,.464,.801,26,117,584 
250,MEM,1071,.443,.801,13,79,370 
250,HOU,608,.500,.800,13,38,214 
251,TOT,521,.522,.737,6,23,183 
251,MIL,392,.542,.750,6,21,141 
251,ORL,129,.465,.667,0,2,42 
252,MIN,116,.214,.000,10,3,6 
253,GSW,1588,.479,.824,49,120,950 
254,MIA,709,.496,.483,82,32,159 
255,BOS,414,.369,.462,2,37,88 
256,TOT,2470,.491,.796,180,105,891 
256,MIA,1516,.491,.788,107,56,505 
256,TOR,954,.491,.806,73,49,386 
257,NOH,838,.491,.682,62,35,192 
258,PHI,189,.623,.500,6,6,94 
259,CHA,266,.429,.800,7,9,86 
260,DEN,2111,.502,.604,81,104,769 
261,SAC,1947,.491,.867,29,146,1254 
262,OKC,1064,.435,.541,41,56,294 
263,SAS,2496,.526,.890,16,100,969 
264,DET,1408,.575,.532,169,45,452 
265,CHA,301,.403,.700,20,26,93 
266,MEM,3120,.495,.879,56,226,1516 
267,MIL,2114,.462,.729,189,100,594 
268,TOT,1101,.458,.759,21,64,554 
268,MIN,636,.425,.741,11,45,308 
268,SAC,465,.508,.783,10,19,246 
269,DET,1866,.510,.698,185,51,596 
270,WAS,1143,.494,.660,120,61,489 
271,HOU,1181,.433,.801,20,69,545 
272,WAS,2072,.435,.725,113,92,356 
273,IND,279,.422,.769,26,12,80 
274,TOT,283,.379,.688,55,19,111 
274,SAS,20,.714,.714,5,2,15 
274,TOR,263,.354,.683,50,17,96 
275,LAL,105,.375,.857,15,10,36 
276,UTA,1623,.515,.876,45,64,657 
277,MEM,298,.490,.742,19,21,120 
278,MEM,1034,.515,.562,83,48,333 
279,PHI,2976,.480,.826,123,199,1337 
280,TOT,2100,.494,.824,150,130,831 
280,SAC,1354,.500,.801,83,83,513 
280,CHI,746,.485,.853,67,47,318 
281,MIN,2356,.559,.732,73,145,722 
282,UTA,2290,.534,.699,251,129,1028 
283,HOU,2589,.549,.866,204,234,1514 
284,LAC,365,.473,.722,9,18,151 
285,CHA,341,.406,.550,35,23,104 
286,TOT,2068,.537,.850,58,43,577 
286,TOR,1379,.533,.846,48,31,393 
286,MIA,689,.545,.867,10,12,184 
287,TOT,1202,.553,.787,76,48,276 
287,SAC,746,.521,.810,45,27,160 
287,BOS,456,.600,.737,31,21,116 
288,ATL,89,.412,1.000,4,7,18 
289,TOT,711,.430,.739,18,32,209 
289,CHA,667,.434,.762,16,29,199 
289,LAL,44,.375,.500,2,3,10 
290,GSW,1515,.558,.870,78,52,676 
291,IND,2482,.580,.826,146,114,1041 
292,ATL,1975,.501,.760,22,128,974 
293,HOU,96,.385,.667,12,6,16 
294,NJN,319,.480,.364,17,18,79 
295,PHO,2484,.566,.933,19,248,1160 
296,GSW,171,.444,.357,6,15,53 
297,ORL,1309,.580,.887,20,83,702 
298,IND,1214,.513,.781,93,63,473 
299,TOT,14,.333,.500,0,0,7 
299,CHI,5,.250,0.0,0,0,2 
299,NYK,9,.400,.500,0,0,5 
300,CHI,1938,.556,.676,244,82,537 
301,TOT,1991,.515,.792,54,113,867 
301,CHI,1278,.502,.806,34,73,551 
301,SAC,713,.538,.763,20,40,316 
302,LAC,1161,.595,.913,19,23,492 
303,DAL,3050,.498,.890,88,157,2094 
304,TOT,255,.536,.550,13,22,101 
304,BOS,108,.516,.667,7,17,40 
304,TOR,147,.547,.375,6,5,61 
305,TOT,2027,.474,.788,126,144,905 
305,TOR,1216,.473,.810,71,92,555 
305,MIA,811,.475,.750,55,52,350 
306,PHO,2252,.609,.595,187,168,1333 
307,SAS,677,.587,.571,65,38,142 
308,POR,1314,.564,.637,169,87,540 
309,LAL,2316,.516,.623,176,138,885 
310,CHA,2691,.561,.593,275,144,1085 
311,UTA,2409,.536,.817,124,132,1225 
312,MIN,850,.407,.833,13,34,202 
313,POR,2246,.505,.723,70,94,1034 
314,ATL,1473,.497,.709,173,91,481 
315,TOR,2637,.488,.834,45,114,857 
316,SAS,2456,.513,.782,27,186,1581 
317,NOH,3002,.528,.868,69,231,1781 
318,CLE,1053,.509,.463,31,48,305 
319,WAS,277,.455,.828,35,10,116 
320,BOS,2253,.577,.600,204,165,648 
321,NOH,515,.489,.632,13,15,191 
322,TOT,559,.415,.552,42,28,162 
322,OKC,342,.407,.667,27,15,102 
322,DEN,217,.429,.429,15,13,60 
323,BOS,3035,.508,.830,56,228,1658 
324,ORL,1329,.507,.709,44,56,510 
325,NOH,2140,.523,.822,38,79,668 
326,BOS,1227,.524,.689,145,76,538 
327,LAL,703,.444,.760,71,51,250 
328,UTA,738,.426,.756,12,61,207 
329,DET,3057,.477,.778,128,101,1163 
330,BOS,366,.376,.810,9,19,93 
331,POR,1952,.625,.663,204,78,448 
332,MIA,962,.505,.810,8,33,339 
333,TOT,1445,.533,.741,45,98,540 
333,LAL,771,.584,.852,18,47,273 
333,CHA,674,.490,.645,27,51,267 
334,GSW,1129,.462,.716,128,80,499 
335,POR,37,.654,.250,10,6,18 
336,TOT,1757,.494,.734,157,114,1041 
336,NYK,388,.452,.821,40,23,226 
336,LAC,1369,.505,.701,117,91,815 
337,PHI,579,.531,.600,46,14,89 
338,MIL,1203,.519,.814,24,53,699 
339,ORL,1111,.503,.871,8,54,382 
340,TOT,2410,.544,.769,77,95,1212 
340,CHA,491,.502,.745,13,24,262 
340,PHO,1919,.556,.778,64,71,950 
341,ORL,93,.347,.500,1,3,37 
342,NYK,1894,.483,.761,71,74,733 
343,MIL,2033,.447,.869,33,128,688 
344,TOT,276,.475,1.000,6,8,119 
344,NYK,253,.495,1.000,4,7,107 
344,CHI,23,.353,0.0,2,1,12 
345,NYK,2209,.498,.841,98,139,1272 
346,POR,1225,.448,.792,43,119,356 
347,BOS,2642,.514,.642,100,209,953 
348,CHI,3000,.482,.788,96,202,1361 
349,TOT,470,.344,.784,17,36,130 
349,NYK,160,.268,.727,4,17,30 
349,OKC,310,.378,.800,13,19,100 
350,MEM,1164,.446,.810,29,36,265 
351,POR,2903,.512,.824,104,152,1765 
352,POR,35,.286,1.000,6,2,6 
353,IND,1803,.490,.697,34,75,610 
354,PHI,199,.431,1.000,0,10,54 
355,TOT,2959,.530,.830,59,165,1446 
355,SAC,1980,.524,.823,43,122,970 
355,CHI,979,.543,.843,16,43,476 
356,TOT,83,.188,.429,10,3,15 
356,DEN,24,.154,0.0,2,2,4 
356,LAC,51,.250,.600,7,1,11 
356,NYK,8,.000,.000,1,0,0 
357,BOS,504,.526,.889,7,12,136 
358,HOU,2488,.531,.760,200,123,1044 
359,TOT,1453,.459,.836,54,64,389 
359,CHI,735,.475,.840,26,37,194 
359,OKC,718,.443,.833,28,27,195 
360,TOT,29,.667,.800,5,4,20 
360,OKC,23,.714,.778,3,3,17 
360,NYK,6,.500,1.000,2,1,3 
361,MIL,2173,.449,.794,64,152,977 
362,DET,20,.364,.000,0,0,8 
363,NJN,1729,.582,.741,72,62,556 
364,TOT,84,.440,.438,5,2,29 
364,CHI,61,.524,.429,4,0,28 
364,SAC,23,.000,.500,1,2,1 
365,TOT,13,.500,0.0,2,1,6 
365,PHO,2,0.0,0.0,0,1,0 
365,NYK,11,.500,0.0,2,0,6 
366,TOT,303,.424,.857,10,23,90 
366,PHO,122,.378,1.000,5,5,34 
366,CHA,181,.458,.800,5,18,56 
367,DAL,884,.559,.859,89,36,314 
368,LAC,843,.449,.638,72,43,214 
369,MIN,1460,.562,.677,98,105,746 
370,DEN,2245,.541,.754,43,150,1233 
371,TOT,1102,.473,.720,89,25,374 
371,OKC,691,.459,.704,53,15,238 
371,CLE,411,.500,.750,36,10,136 
372,ATL,2421,.508,.588,134,161,1073 
373,TOT,712,.486,.735,12,54,263 
373,TOR,544,.478,.833,9,49,193 
373,SAC,168,.508,.500,3,5,70 
374,WAS,1521,.532,.889,75,74,566 
375,PHI,1263,.504,.773,123,46,608 
376,DAL,162,.292,1.000,5,9,42 
377,WAS,886,.387,.533,11,32,211 
378,NOH,2089,.500,.894,44,51,812 
379,PHO,1948,.541,.835,116,150,1134 
380,DET,2517,.452,.803,69,173,1058 
381,OKC,343,.521,.750,21,8,86 
382,TOT,185,.438,.500,16,16,62 
382,NJN,64,.600,.455,5,7,23 
382,PHO,121,.378,.533,11,9,39 
383,CLE,1527,.536,.849,43,55,517 
384,LAC,771,.436,.691,22,73,289 
385,MIN,2095,.435,.819,32,146,738 
386,DAL,2491,.535,.880,39,119,1447 
387,WAS,306,.485,.696,25,18,80 
388,SAC,62,.375,0.0,4,1,6 
389,SAS,1404,.503,.822,134,42,343 
390,TOT,1247,.521,.736,42,70,545 
390,LAC,220,.411,.618,14,14,95 
390,NYK,773,.564,.806,20,46,345 
390,CHI,254,.506,.700,8,10,105 
391,CHI,2175,.453,.783,148,129,857 
392,SAC,2303,.497,.692,234,146,910 
393,LAC,2654,.456,.754,122,130,1194 
394,SAS,208,.362,.500,12,7,52 
395,PHO,282,.463,.788,19,14,138 
396,GSW,1696,.508,.790,88,70,470 
397,ORL,2815,.478,.807,45,204,1294 
398,SAS,1035,.455,.609,28,38,289 
399,SAC,2270,.486,.820,46,158,800 
400,TOR,890,.397,.733,27,60,301 
401,CLE,2306,.536,.616,166,80,694 
402,SAS,292,.327,.889,4,15,65 
403,MIL,2095,.488,.838,154,138,1264 
404,TOR,240,.267,.786,21,17,35 
405,LAL,1293,.488,.921,19,35,461 
406,MIA,3048,.516,.765,89,272,2386 
407,HOU,1225,.510,.752,19,59,610 
408,BOS,216,.621,.696,8,18,88 
409,CLE,1314,.445,.422,136,34,165 
410,CHA,2669,.504,.804,112,148,1182 
411,DET,2123,.498,.772,56,59,795 
412,LAL,1166,.464,.719,55,69,326 
413,MEM,2029,.494,.711,129,98,951 
414,GSW,1883,.500,.870,39,92,730 
415,OKC,1776,.406,.755,36,156,448 
416,OKC,1166,.524,.707,31,69,299 
417,POR,5,.000,0.0,0,0,0 
418,DEN,55,.320,.375,0,6,19 
419,NOH,2982,.474,.884,160,163,1593 
420,CLE,2152,.530,.833,31,92,751 
421,ATL,269,.426,.467,24,13,43 
422,OKC,2668,.414,.815,178,274,1256 
423,OKC,130,.520,.769,10,3,62 
424,HOU,11,.700,0.0,0,3,7 
425,TOT,1049,.497,.564,96,75,447 
425,OKC,719,.485,.598,65,55,312 
425,NYK,330,.529,.509,31,20,135 
426,OKC,636,.425,.804,20,37,218 
427,UTA,2505,.506,.849,24,228,1322 
428,CLE,20,.500,0.0,1,1,12 
429,PHI,1919,.435,.790,36,151,1039 
430,GSW,54,.294,.333,0,4,12 
431,SAS,3,1.000,0.0,0,0,4 
432,ATL,2093,.502,.806,110,70,845 
433,CLE,2834,.548,.912,47,179,1443 
434,NJN,366,.417,.625,34,20,80 
435,DAL,170,.295,.818,19,5,42 
436,TOT,512,.446,.730,49,34,186 
436,SAC,305,.449,.762,25,26,112 
436,MIN,207,.441,.667,24,8,74 
437,HOU,2452,.475,.748,65,140,1181 
438,DAL,1552,.468,.747,31,54,474 
439,GSW,688,.528,.741,62,23,323 
440,MIA,73,.400,.333,2,6,18 
441,NOH,772,.470,.567,46,43,237 
442,CLE,125,.370,.375,7,9,23 
443,WAS,1837,.481,.850,31,92,892 
444,PHI,2580,.524,.735,139,118,1145 
