Rk,Tm,MP,OWS 
1,TOT,441,-0.3 
1,DEN,417,-0.2 
1,DAL,24,-0.1 
2,ATL,2980,4.1 
3,WAS,1325,1.6 
4,DET,97,-0.3 
5,MIA,161,0.2 
6,MIL,2525,7.6 
7,MIL,600,0.3 
8,UTA,586,-1.0 
9,DEN,262,0.0 
10,POR,1860,3.8 
11,BOS,2430,1.7 
12,MEM,219,-0.6 
13,NYK,1596,-0.9 
14,TOT,1514,0.2 
14,CHI,961,0.6 
14,MIL,553,-0.4 
15,GSW,1155,2.1 
16,NJN,196,-0.4 
17,ORL,2730,5.0 
18,TOT,371,0.2 
18,TOR,96,-0.1 
18,DEN,275,0.3 
19,DET,2285,3.3 
20,CHH,1319,0.7 
Rk,Tm,MP,OWS 
21,MEM,307,-0.3 
22,MIN,258,-0.5 
23,CHI,638,-0.7 
24,SEA,1710,1.3 
25,POR,228,-0.1 
26,DET,582,0.0 
27,SEA,3040,8.8 
28,DET,1985,5.0 
29,DEN,408,-0.2 
30,BOS,1819,3.2 
31,MEM,3097,2.7 
32,TOT,44,-0.2 
32,PHO,42,-0.2 
32,DAL,2,0.0 
33,PHI,890,0.1 
34,IND,1647,0.8 
35,TOT,1747,1.9 
35,IND,954,1.0 
35,CHI,793,1.0 
36,SAC,2659,3.7 
37,MIN,2355,6.1 
38,GSW,599,-0.2 
39,PHI,1426,0.7 
40,BOS,415,0.0 
Rk,Tm,MP,OWS 
41,SEA,279,0.2 
42,POR,245,-0.1 
43,ATL,585,0.0 
44,SAS,1699,-0.3 
45,DEN,1686,1.9 
46,PHI,29,0.1 
47,LAC,761,0.9 
48,TOR,118,0.0 
49,DAL,757,1.3 
50,LAC,3020,9.9 
51,MIN,962,2.8 
52,IND,43,0.0 
53,IND,160,0.2 
54,SAC,92,-0.1 
55,PHI,67,-0.2 
56,ORL,65,-0.4 
57,MIA,21,-0.2 
58,BOS,245,-0.1 
59,WAS,817,0.0 
60,CHH,2563,4.6 
Rk,Tm,MP,OWS 
61,BOS,6,0.0 
62,HOU,403,-0.1 
63,POR,520,0.2 
64,LAL,3063,8.9 
65,SAS,206,0.3 
66,DAL,885,1.7 
67,TOT,684,0.2 
67,PHO,54,0.0 
67,ORL,630,0.2 
68,MEM,1769,-0.2 
69,CHH,350,-0.1 
70,POR,90,0.1 
71,MIL,283,0.2 
72,NYK,1007,0.5 
73,CHH,2156,4.0 
74,DET,43,0.1 
75,MIA,1050,-1.4 
76,TOR,2385,4.6 
77,MIL,2605,7.2 
78,HOU,1917,3.6 
79,CHI,1389,0.4 
80,DEN,1631,0.6 
Rk,Tm,MP,OWS 
81,TOR,1576,-0.4 
82,SAC,2798,4.4 
83,TOR,2185,1.7 
84,PHI,1528,0.4 
85,SAC,153,-0.4 
86,PHI,2080,2.7 
87,CLE,693,0.4 
88,HOU,365,0.3 
89,UTA,1440,2.3 
90,NJN,1407,1.0 
91,ATL,131,0.0 
92,CHI,481,0.4 
93,TOT,156,0.3 
93,LAL,27,-0.1 
93,PHO,129,0.4 
94,IND,1286,1.2 
95,UTA,802,1.8 
96,PHI,501,0.0 
97,TOR,886,0.6 
98,CHI,1150,1.0 
99,DET,1912,0.7 
100,PHI,177,-0.2 
Rk,Tm,MP,OWS 
101,GSW,1740,-0.8 
102,SAS,2175,3.7 
103,TOR,2978,3.0 
104,CHH,3318,4.4 
105,POR,2447,5.4 
106,ATL,774,-0.7 
107,WAS,1231,1.3 
108,CLE,1954,1.9 
109,ORL,633,0.2 
110,PHO,6,0.0 
111,TOT,1447,1.0 
111,PHO,877,1.0 
111,BOS,570,0.0 
112,TOT,299,-0.3 
112,NJN,249,-0.4 
112,TOR,50,0.0 
113,MEM,124,-0.2 
114,CLE,109,-0.4 
115,SAC,2420,3.1 
116,CLE,705,-0.1 
117,LAC,155,-0.1 
118,CHH,774,1.0 
119,SEA,1174,0.8 
120,POR,327,-0.1 
Rk,Tm,MP,OWS 
121,SAS,3329,10.7 
122,NYK,609,-0.7 
123,LAC,152,0.0 
124,MIA,1684,0.0 
125,DAL,299,0.2 
126,MIN,45,0.1 
127,ORL,901,0.0 
128,SAS,799,1.4 
129,DAL,2754,5.3 
130,LAL,1974,3.7 
131,CHI,1963,-0.2 
132,MEM,75,-0.2 
133,PHO,452,0.3 
134,BOS,39,-0.2 
135,GSW,2216,2.5 
136,MIL,24,0.0 
137,IND,1786,1.5 
138,MEM,320,-0.1 
139,LAC,343,0.3 
140,LAL,2289,1.5 
Rk,Tm,MP,OWS 
141,GSW,1485,-0.4 
142,HOU,2343,3.2 
143,SAC,722,0.6 
144,MIN,3175,7.9 
145,TOT,183,-0.4 
145,MIN,152,-0.2 
145,GSW,31,-0.2 
146,ORL,2406,3.4 
147,MEM,3007,4.8 
148,MIA,809,0.1 
149,PHI,36,-0.1 
150,LAL,1759,1.6 
151,MEM,384,0.0 
152,MIA,1410,-1.3 
153,ATL,1156,0.0 
154,NJN,50,-0.1 
155,MIA,2256,1.1 
156,ORL,2210,3.6 
157,DAL,1383,2.3 
158,HOU,1896,1.0 
159,PHO,1129,-0.4 
160,CHI,607,0.0 
Rk,Tm,MP,OWS 
161,MIL,1208,0.7 
162,WAS,2203,3.4 
163,MIA,98,0.1 
164,DEN,848,0.4 
165,PHO,2462,0.1 
166,TOT,1601,1.2 
166,DAL,1276,1.2 
166,DEN,325,0.0 
167,PHI,2541,2.6 
168,IND,1313,1.2 
169,NYK,1563,1.6 
170,NJN,1553,3.0 
171,SAS,92,0.1 
172,SEA,47,0.0 
173,TOT,841,1.1 
173,DAL,162,0.1 
173,DEN,679,1.0 
174,CHI,2237,0.6 
175,CHH,77,-0.3 
176,WAS,1266,1.7 
177,ATL,422,0.3 
178,GSW,70,-0.1 
179,ORL,512,0.7 
180,CLE,810,-0.1 
Rk,Tm,MP,OWS 
181,CHI,1408,1.6 
182,LAL,2140,3.3 
183,MIA,1230,-0.7 
184,NYK,2914,3.6 
185,TOT,2635,3.5 
185,DAL,1659,2.4 
185,DEN,976,1.1 
186,ORL,1854,1.5 
187,GSW,2049,1.4 
188,LAL,1616,0.2 
189,ORL,516,0.5 
190,CLE,1329,1.5 
191,PHI,2622,2.6 
192,SAC,1750,3.2 
193,ORL,144,-0.1 
194,TOR,280,0.4 
195,MIA,1825,0.3 
196,TOT,495,0.2 
196,GSW,169,0.2 
196,MIN,326,0.0 
197,NYK,2367,4.4 
198,SAS,227,-0.5 
199,SEA,949,-0.4 
200,MIA,119,-0.2 
Rk,Tm,MP,OWS 
201,PHI,41,-0.1 
202,GSW,3033,5.6 
203,LAC,176,0.4 
204,NJN,1917,1.8 
205,NJN,366,0.0 
206,TOT,1352,2.8 
206,DEN,1200,2.7 
206,DAL,152,0.1 
207,ATL,1727,0.2 
208,MIL,1660,0.5 
209,TOT,1916,1.1 
209,BOS,1003,0.8 
209,PHO,913,0.3 
210,PHI,126,-0.2 
211,DET,1083,1.1 
212,MIA,3156,5.6 
213,CLE,2142,1.5 
214,WAS,1920,2.4 
215,WAS,2093,1.2 
216,POR,1232,0.3 
217,POR,775,1.5 
218,NJN,3056,3.1 
219,UTA,2151,4.0 
220,NJN,2601,3.8 
Rk,Tm,MP,OWS 
221,MEM,1151,0.2 
222,NYK,429,-0.5 
223,ATL,1494,0.9 
224,WAS,1441,0.9 
225,TOT,2455,3.6 
225,DEN,1668,2.7 
225,DAL,787,0.9 
226,CLE,477,0.4 
227,HOU,434,-0.1 
228,UTA,542,0.0 
229,DEN,1665,0.9 
230,UTA,490,-0.3 
231,SEA,2585,5.9 
232,SEA,176,0.1 
233,SEA,989,0.4 
234,MEM,1868,-1.0 
235,MIN,581,-0.1 
236,WAS,1458,1.3 
237,CHH,893,-0.5 
238,NJN,1502,3.1 
239,MIA,159,-0.3 
240,LAL,650,1.2 
Rk,Tm,MP,OWS 
241,LAC,1615,2.3 
242,CHH,1549,3.4 
243,PHO,1180,0.8 
244,UTA,3040,5.5 
245,DAL,552,0.3 
246,PHO,3187,5.4 
247,PHO,3109,4.7 
248,MIA,319,-0.2 
249,NJN,118,0.0 
250,UTA,1750,3.0 
251,DAL,22,-0.2 
252,NJN,2504,0.6 
253,CHH,1601,1.8 
254,MIL,3143,4.4 
255,SEA,2420,3.0 
256,MEM,1247,0.3 
257,BOS,718,0.9 
258,SAS,153,-0.3 
259,DEN,1830,-0.7 
260,LAL,104,0.0 
Rk,Tm,MP,OWS 
261,DEN,236,0.5 
262,ORL,2912,8.1 
263,LAC,3030,4.4 
264,PHI,784,0.3 
265,PHI,1471,1.8 
266,LAL,729,0.9 
267,TOT,1716,-1.5 
267,CHI,1503,-1.4 
267,IND,213,-0.2 
268,CLE,1659,-0.5 
269,LAC,2227,0.8 
270,CLE,3023,8.7 
271,TOT,2263,6.0 
271,CHI,1391,3.1 
271,IND,872,2.9 
272,ORL,2123,3.1 
273,IND,2889,7.7 
274,GSW,1237,1.6 
275,MIN,726,0.5 
276,HOU,3116,4.6 
277,ATL,2168,0.9 
278,CHH,76,-0.2 
279,TOR,655,-0.6 
280,DET,217,0.3 
Rk,Tm,MP,OWS 
281,HOU,1110,-0.2 
282,ATL,1371,-0.3 
283,MIA,2455,2.6 
284,GSW,1448,0.7 
285,CLE,2312,2.9 
286,TOR,473,0.4 
287,PHI,2907,4.1 
288,TOR,46,0.2 
289,CHH,1912,1.7 
290,DAL,1357,2.8 
291,DAL,2837,9.5 
292,WAS,1498,1.4 
293,MIN,2218,1.6 
294,ATL,1273,1.5 
295,DAL,724,0.6 
296,HOU,2249,1.2 
297,DAL,2891,10.2 
298,IND,2707,2.3 
299,LAL,2422,9.2 
300,CHI,1383,-1.8 
Rk,Tm,MP,OWS 
301,LAC,999,-0.3 
302,TOR,1378,-0.8 
303,GSW,139,-0.1 
304,TOT,1723,1.4 
304,CHI,1146,0.3 
304,IND,577,1.1 
305,LAC,2568,-1.9 
306,UTA,1107,0.5 
307,TOT,1928,1.1 
307,ORL,160,0.1 
307,PHO,1768,1.0 
308,LAC,130,-0.3 
309,SEA,221,0.2 
310,MIN,252,-0.1 
311,UTA,1295,2.3 
312,TOT,790,0.0 
312,BOS,518,0.2 
312,PHO,272,-0.1 
313,SAS,2267,0.8 
314,SAS,234,-0.4 
315,POR,1765,3.7 
316,SEA,3301,10.1 
317,MIN,2060,2.4 
318,LAL,12,0.1 
319,MEM,48,-0.1 
320,CLE,2793,6.1 
Rk,Tm,MP,OWS 
321,TOR,1988,3.2 
322,LAC,1718,3.8 
323,BOS,3302,7.3 
324,POR,1996,1.2 
325,SAC,1881,3.4 
326,MIL,426,-0.1 
327,SAS,1294,1.6 
328,DEN,2238,0.6 
329,NYK,179,-0.2 
330,BOS,1343,1.3 
331,SAC,89,-0.1 
332,MIL,1128,0.3 
333,SEA,1230,0.6 
334,POR,238,0.2 
335,ATL,82,-0.1 
336,DET,1179,1.4 
337,TOT,33,0.0 
337,CHH,2,0.0 
337,LAC,31,0.0 
338,MIL,1417,3.9 
339,ORL,714,0.0 
340,HOU,606,0.0 
Rk,Tm,MP,OWS 
341,GSW,2629,2.0 
342,TOT,67,0.0 
342,IND,4,0.0 
342,CHI,63,0.1 
343,LAC,2152,4.0 
344,LAL,709,0.1 
345,DEN,173,0.1 
346,DET,2855,0.8 
347,SAS,2303,5.0 
348,CHI,653,-0.1 
349,MIL,2346,2.6 
350,NYK,10,0.0 
351,IND,168,0.3 
352,TOT,1880,3.2 
352,PHO,1254,2.3 
352,BOS,626,0.9 
353,LAC,728,0.0 
354,TOT,3153,3.5 
354,IND,1937,2.0 
354,CHI,1216,1.6 
355,SAS,1725,1.0 
356,PHI,169,-0.3 
357,UTA,1998,0.7 
358,PHO,24,0.0 
359,ORL,36,-0.1 
360,DEN,560,-0.5 
Rk,Tm,MP,OWS 
361,NJN,290,-0.5 
362,DEN,252,0.2 
363,SEA,142,0.4 
364,LAL,631,0.3 
365,WAS,343,0.4 
366,ATL,3,0.0 
367,CLE,1107,1.0 
368,TOT,47,0.1 
368,NJN,10,0.0 
368,ATL,37,0.1 
369,SAS,1141,0.1 
370,TOT,181,0.2 
370,SAC,71,-0.1 
370,PHI,110,0.3 
371,MIN,1922,4.1 
372,ATL,100,0.1 
373,SAS,2211,4.0 
374,PHI,2225,2.6 
375,MEM,872,-0.9 
376,NYK,248,-0.3 
377,NYK,3326,1.1 
378,DET,2685,3.2 
379,UTA,929,-0.6 
380,MIA,884,-0.1 
Rk,Tm,MP,OWS 
381,UTA,1134,-0.9 
382,TOR,93,0.0 
383,CLE,665,0.3 
384,UTA,2566,8.0 
385,SAC,2649,6.8 
386,POR,2796,4.9 
387,BOS,1643,1.8 
388,ATL,654,-0.1 
389,MIA,2294,1.9 
390,IND,88,-0.2 
391,GSW,1780,3.2 
392,MEM,1805,1.7 
393,MIN,3117,7.0 
394,ATL,2967,6.6 
395,WAS,618,0.8 
396,HOU,2484,2.6 
397,NYK,2771,3.1 
398,MIL,1987,0.8 
399,IND,2442,-1.3 
400,HOU,1075,0.7 
Rk,Tm,MP,OWS 
401,CHH,678,0.1 
402,MIN,1140,1.9 
403,CLE,77,-0.3 
404,PHO,1582,1.0 
405,SAC,1970,2.5 
406,TOT,2496,3.9 
406,DEN,1739,2.7 
406,DAL,757,1.3 
407,NJN,2465,2.0 
408,DET,6,0.0 
409,ATL,1856,2.5 
410,PHO,900,1.7 
411,BOS,3406,1.5 
412,LAL,1655,2.4 
413,DET,2921,4.3 
414,SAC,430,0.1 
415,PHO,490,0.3 
416,POR,2963,5.6 
417,NYK,1058,0.6 
418,SEA,964,0.7 
419,NYK,1728,1.6 
420,SAC,2071,4.8 
Rk,Tm,MP,OWS 
421,POR,2348,3.0 
422,CHH,2487,1.1 
423,WAS,1346,1.5 
424,DET,129,-0.4 
425,WAS,2171,5.4 
426,NJN,1546,2.4 
427,TOR,2927,2.2 
428,BOS,1747,0.0 
429,MEM,2236,-0.6 
430,TOR,1641,2.7 
431,ORL,1284,1.6 
432,DEN,737,-0.3 
433,SEA,603,0.8 
434,HOU,1117,1.4 
435,DET,1701,3.2 
436,HOU,865,0.8 
437,MIN,516,-0.2 
438,TOT,1642,0.0 
438,CHI,823,0.2 
438,IND,819,-0.2 
439,MEM,1251,0.0 
