Rk,Tm,MP,DRB,STL,BLK,PF 
1,GSW,196,35,4,5,28 
2,DEN,2324,206,34,31,153 
3,MIN,29,2,1,0,4 
4,TOT,340,61,11,19,73 
4,DAL,75,12,3,5,13 
4,TOR,265,49,8,14,60 
5,TOR,59,7,2,2,5 
6,OKC,142,22,5,7,30 
7,POR,3211,431,82,94,220 
8,ORL,178,20,1,4,30 
9,BOS,2890,223,77,16,147 
10,MEM,1494,123,129,44,161 
11,LAC,1452,192,59,25,121 
12,GSW,691,104,14,33,87 
13,DEN,732,144,23,58,79 
14,TOT,373,64,5,9,40 
14,TOR,150,26,3,3,11 
14,NOH,223,38,2,6,29 
15,SAS,286,21,3,6,24 
16,ORL,1424,226,30,38,137 
17,TOT,2751,445,68,46,224 
17,DEN,1774,305,43,31,134 
17,NYK,977,140,25,15,90 
18,MIA,1463,162,10,93,194 
19,TOT,1796,167,74,21,188 
19,WAS,726,64,30,12,76 
19,ORL,1070,103,44,9,112 
20,NOH,2600,347,120,31,180 
21,TOT,488,89,18,21,84 
21,WAS,412,75,15,16,75 
21,ATL,76,14,3,5,9 
22,TOT,1185,83,21,1,71 
22,MIA,995,67,14,1,60 
22,BOS,190,16,7,0,11 
23,MEM,1609,227,52,63,228 
24,CHI,989,194,20,56,153 
25,CHA,2757,187,54,3,152 
26,POR,137,24,2,2,15 
27,TOT,62,5,4,2,15 
27,DEN,44,3,3,2,11 
27,NYK,18,2,1,0,4 
28,TOR,22,1,1,0,4 
29,TOR,1395,85,50,6,112 
30,DAL,1669,130,30,1,136 
31,TOR,2353,269,34,46,160 
32,LAL,1020,155,39,22,127 
33,TOT,305,44,8,6,46 
33,PHO,183,24,6,4,32 
33,MIL,85,10,2,2,10 
33,POR,37,10,0,0,4 
34,ORL,1980,290,27,52,159 
35,PHI,377,82,5,15,59 
36,TOT,2375,283,69,81,158 
36,HOU,1818,223,53,71,127 
36,MEM,557,60,16,10,31 
37,POR,2522,252,68,49,194 
38,TOT,1496,139,38,5,149 
38,NOH,149,13,2,1,16 
38,TOR,1347,126,36,4,133 
39,MIN,2361,291,54,52,222 
40,DAL,496,45,20,8,76 
41,NOH,1957,134,38,6,146 
42,GSW,171,12,6,1,13 
43,UTA,2097,145,56,14,169 
44,TOT,2285,178,50,9,175 
44,ATL,1674,128,38,6,125 
44,WAS,29,3,1,0,3 
44,MIA,582,47,11,3,47 
45,GSW,1397,281,52,52,198 
46,TOT,2310,165,71,14,146 
46,DEN,1646,113,52,12,94 
46,NYK,664,52,19,2,52 
47,SAS,1734,350,95,42,213 
48,LAL,1581,137,40,3,99 
49,WAS,2172,343,98,51,182 
50,LAC,1841,155,92,26,130 
51,CHI,1461,129,38,9,113 
52,MIL,2297,521,47,168,217 
53,SAS,1432,179,26,21,110 
54,WAS,1063,153,29,42,115 
55,CHI,1882,435,45,18,186 
56,MIA,2795,500,59,49,172 
57,MIL,862,40,38,3,43 
58,PHI,33,2,1,0,3 
59,BOS,162,13,9,0,20 
60,PHI,2809,439,92,106,244 
61,TOT,1510,118,100,16,159 
61,MIN,1362,107,89,14,134 
61,DAL,148,11,11,2,25 
62,CHI,1781,207,106,22,82 
63,MIL,677,110,14,3,119 
64,TOT,1284,58,34,3,115 
64,HOU,811,40,21,2,69 
64,PHO,473,18,13,1,46 
65,TOT,576,58,20,10,59 
65,CHA,488,52,16,8,48 
65,NYK,88,6,4,2,11 
66,CHA,1714,303,26,39,174 
67,LAL,1568,122,67,16,124 
68,LAL,2779,336,99,12,172 
69,HOU,1738,229,41,18,114 
70,DAL,867,96,28,8,59 
71,TOT,770,67,8,15,37 
71,LAC,744,66,8,15,34 
71,CHI,26,1,0,0,3 
72,LAL,1500,338,19,106,140 
73,DET,1125,59,52,4,113 
74,TOR,2102,172,81,7,143 
75,POR,1540,424,40,92,140 
76,LAL,215,24,4,10,47 
77,DAL,618,49,24,7,82 
78,TOT,336,35,12,5,33 
78,GSW,331,35,11,5,33 
78,MEM,5,0,1,0,0 
79,TOT,50,6,1,1,5 
79,MEM,39,6,1,1,5 
79,HOU,11,0,0,0,0 
80,CHA,582,56,17,6,43 
81,TOT,463,44,27,6,49 
81,DEN,153,12,9,1,19 
81,NYK,310,32,18,5,30 
82,TOT,2051,221,67,20,193 
82,ORL,664,79,20,3,70 
82,PHO,1387,142,47,17,123 
83,SAC,1702,233,54,13,115 
84,MIA,1579,134,76,7,158 
85,DAL,2059,486,36,80,240 
86,TOT,2401,333,48,94,199 
86,NYK,1759,241,34,70,152 
86,DEN,642,92,14,24,47 
87,PHO,894,86,33,23,68 
88,TOT,464,64,8,18,45 
88,PHO,72,13,1,3,6 
88,ORL,392,51,7,15,39 
89,TOT,181,10,4,1,29 
89,LAC,157,10,4,1,24 
89,POR,24,0,0,0,5 
90,ATL,593,72,9,9,97 
91,CHA,66,5,2,0,2 
92,IND,2360,185,87,14,109 
93,OKC,1524,197,42,31,210 
94,MEM,2872,215,144,18,182 
95,LAC,447,77,12,11,75 
96,OKC,598,64,14,1,51 
97,UTA,18,3,0,1,1 
98,SAC,2309,482,85,68,332 
99,ATL,2297,108,57,14,97 
100,TOT,1027,74,39,3,63 
100,ATL,160,19,3,0,13 
100,WAS,867,55,36,3,50 
101,TOT,1637,181,54,43,177 
101,POR,1108,116,39,32,139 
101,CHA,529,65,15,11,38 
102,GSW,2489,234,109,20,233 
103,SAC,1938,445,36,116,225 
104,MIA,815,124,14,47,82 
105,PHI,35,5,0,0,0 
106,BOS,938,89,39,22,63 
107,TOT,1649,121,78,28,143 
107,LAC,1269,91,62,22,114 
107,CLE,380,30,16,6,29 
108,TOR,1602,294,39,67,183 
109,BOS,2298,324,78,30,231 
110,DET,1446,210,39,39,165 
111,MIL,1590,176,76,8,72 
112,CHI,3208,360,78,48,162 
113,TOR,2851,240,85,31,217 
114,CHA,2778,309,74,46,190 
115,LAC,470,74,3,3,72 
116,CHA,181,28,4,15,26 
117,MIL,1757,105,54,4,119 
118,TOR,522,111,24,17,78 
119,NYK,1971,179,89,4,177 
120,MIL,884,81,29,13,73 
121,PHO,292,15,20,2,30 
122,TOT,1234,106,50,10,125 
122,PHO,856,62,36,6,90 
122,HOU,378,44,14,4,35 
123,PHO,2140,207,87,20,139 
124,ORL,774,43,16,2,30 
125,SAS,2156,509,50,146,119 
126,IND,1683,248,40,30,107 
127,TOR,13,3,0,0,2 
128,OKC,3038,476,88,76,159 
129,LAL,118,12,4,5,7 
130,MIN,1181,82,28,3,85 
131,GSW,3227,237,168,23,203 
132,UTA,610,80,21,14,84 
133,DEN,366,47,4,11,50 
134,TOT,595,81,15,24,104 
134,BOS,531,76,13,21,92 
134,CLE,64,5,2,3,12 
135,UTA,463,61,17,17,50 
136,TOT,1549,104,34,14,129 
136,ATL,837,61,16,5,74 
136,WAS,712,43,18,9,55 
137,TOR,798,226,29,6,89 
138,SAC,2107,229,85,30,143 
139,NOH,19,1,0,1,1 
140,CLE,947,96,34,28,78 
141,NJN,1796,149,62,6,128 
142,TOT,1535,241,29,68,246 
142,NJN,1091,171,18,41,183 
142,UTA,444,70,11,27,63 
143,TOT,2737,221,125,11,150 
143,NYK,2074,154,97,11,113 
143,DEN,663,67,28,0,37 
144,POR,1821,135,87,14,134 
145,UTA,456,74,4,16,90 
146,NYK,2541,416,80,17,114 
147,LAL,2297,138,99,8,192 
148,MIN,983,65,34,3,58 
149,DEN,791,88,23,6,77 
150,IND,773,64,35,8,69 
151,IND,940,190,24,31,127 
152,LAC,1551,90,47,21,122 
153,PHO,2541,448,46,79,272 
154,TOT,463,64,13,29,91 
154,GSW,297,33,10,18,63 
154,NJN,166,31,3,11,28 
155,TOT,301,25,16,1,25 
155,MIN,65,5,3,0,4 
155,TOR,90,6,4,1,10 
155,NJN,146,14,9,0,11 
156,TOT,2104,246,51,27,144 
156,NYK,1671,181,38,18,117 
156,DEN,433,65,13,9,27 
157,SAC,1386,109,51,49,126 
158,BOS,2220,548,95,57,148 
159,MEM,2586,415,74,136,265 
160,LAL,3037,568,48,130,203 
161,MEM,2152,254,91,58,131 
162,TOT,1118,120,40,18,94 
162,SAS,18,1,0,2,3 
162,WAS,127,11,7,0,10 
162,CLE,973,108,33,16,81 
163,IND,1265,187,62,26,127 
164,CLE,1865,153,48,21,154 
165,CHI,1742,296,39,106,203 
166,SAS,2426,253,123,28,163 
167,LAC,2095,193,62,12,159 
168,MIL,860,165,21,18,98 
169,DET,2131,154,48,16,178 
170,LAC,2112,119,71,18,115 
171,TOT,2032,483,36,91,188 
171,ORL,396,80,7,21,52 
171,PHO,1636,403,29,70,136 
172,CLE,586,76,6,7,73 
173,NJN,959,106,14,1,106 
174,IND,2763,338,89,62,213 
175,NOH,531,112,11,12,96 
176,SAS,92,12,2,1,7 
177,TOT,2427,287,53,37,210 
177,OKC,1815,217,40,21,142 
177,BOS,612,70,13,16,68 
178,NOH,1674,139,36,13,143 
179,SAC,1127,98,36,20,88 
180,NJN,5,0,1,0,0 
181,LAC,3112,719,63,45,252 
182,MEM,168,44,2,13,29 
183,DET,1498,102,39,4,95 
184,IND,1535,221,37,15,160 
185,TOT,640,103,15,17,80 
185,BOS,241,38,4,7,36 
185,CLE,399,65,11,10,44 
186,OKC,2189,213,92,24,207 
187,DEN,1665,256,39,10,202 
188,TOT,2254,152,70,7,163 
188,NJN,1724,118,57,5,130 
188,UTA,530,34,13,2,33 
189,CLE,933,104,31,7,65 
190,HOU,16,3,0,1,2 
191,MIA,345,77,7,3,39 
192,PHI,1718,336,29,71,201 
193,HOU,2079,380,79,49,200 
194,UTA,1218,98,30,19,106 
195,MIN,419,47,12,7,44 
196,DAL,1331,247,16,74,146 
197,SAC,586,44,10,9,43 
198,CHA,1661,158,50,32,118 
199,MEM,527,28,11,3,48 
200,IND,2244,428,33,142,256 
201,CLE,2256,478,48,54,215 
202,DEN,2291,426,84,73,238 
203,SAS,2148,175,66,21,153 
204,PHO,2409,261,64,35,184 
205,HOU,1125,178,14,52,157 
206,TOT,2157,161,75,17,185 
206,WAS,1471,115,56,10,119 
206,ATL,686,46,19,7,66 
207,PHI,2901,264,120,29,203 
208,CLE,1182,116,22,42,199 
209,ATL,2704,536,59,80,193 
210,MIA,978,83,32,3,68 
211,ORL,2935,789,107,186,258 
212,WAS,409,56,13,5,34 
213,MIA,592,86,10,4,61 
214,WAS,73,4,4,1,10 
215,NJN,2061,546,33,80,168 
216,OKC,2216,408,31,198,267 
217,PHI,2469,326,101,38,109 
218,MIA,1145,179,23,58,185 
219,NOH,330,51,6,27,52 
220,MIL,1505,260,51,24,159 
221,OKC,155,14,6,1,17 
222,TOT,1722,153,54,6,102 
222,TOR,347,36,14,0,25 
222,NOH,1375,117,40,6,77 
223,SAC,486,45,12,3,61 
224,CHA,2405,251,80,28,161 
225,NJN,403,68,16,12,36 
226,MIA,3063,510,124,50,163 
227,CLE,1842,289,50,30,137 
228,TOT,322,42,17,0,32 
228,SAS,8,2,0,0,1 
228,WAS,314,40,17,0,31 
229,UTA,2940,559,46,153,238 
230,SAS,2459,256,38,34,164 
231,TOT,601,54,31,17,75 
231,HOU,138,15,7,3,21 
231,NYK,463,39,24,14,54 
232,MIL,2169,192,95,21,131 
233,SAC,858,61,29,2,54 
234,WAS,1112,169,27,32,115 
235,TOR,1853,272,53,88,263 
236,POR,277,25,5,1,31 
237,TOT,138,20,3,9,21 
237,POR,106,16,3,6,18 
237,BOS,32,4,0,3,3 
238,TOT,822,105,33,37,95 
238,CHI,123,18,8,9,25 
238,TOR,699,87,25,28,70 
239,ATL,2554,232,47,7,131 
240,TOT,94,5,1,1,12 
240,TOR,81,5,1,1,11 
240,LAL,13,0,0,0,1 
241,MIN,2069,189,58,54,163 
242,IND,589,61,20,7,70 
243,DAL,135,19,5,3,7 
244,MIA,1549,137,29,19,129 
245,IND,528,68,12,22,94 
246,LAC,2047,368,41,142,255 
247,LAC,838,174,16,48,75 
248,PHI,112,8,2,1,4 
249,DAL,2653,316,134,29,119 
250,UTA,1999,227,81,74,113 
251,TOR,1032,140,19,7,99 
252,CHI,1649,138,35,20,156 
253,TOT,434,73,10,25,59 
253,MIN,336,55,8,20,50 
253,DEN,98,18,2,5,9 
254,TOT,1571,211,26,25,184 
254,OKC,1018,130,18,17,107 
254,BOS,553,81,8,8,77 
255,TOT,2008,182,40,32,196 
255,SAC,1406,126,30,20,125 
255,NOH,602,56,10,12,71 
256,TOT,726,51,32,0,61 
256,MEM,94,8,4,0,10 
256,GSW,632,43,28,0,51 
257,PHO,2,0,0,0,1 
258,DEN,2103,142,80,4,133 
259,HOU,1723,158,58,18,102 
260,GSW,2634,497,74,31,211 
261,TOT,1824,219,52,30,159 
261,ORL,810,83,22,10,63 
261,WAS,1014,136,30,20,96 
262,GSW,285,22,33,9,31 
263,CHA,1261,120,47,29,109 
264,NJN,2889,291,47,120,240 
265,PHO,991,134,18,45,143 
266,MIN,2611,782,45,28,148 
267,HOU,2563,220,102,23,207 
268,CHI,10,0,0,0,0 
269,MIL,1401,197,21,5,175 
270,MIA,158,44,4,2,26 
271,DAL,488,77,14,15,105 
272,DAL,2253,383,68,50,144 
273,POR,208,24,3,5,44 
274,WAS,542,54,18,6,52 
275,DEN,1233,230,43,35,136 
276,HOU,2603,230,80,15,155 
277,NYK,319,38,6,2,25 
278,POR,2758,210,102,9,195 
279,DET,930,107,24,21,92 
280,OKC,1200,96,35,6,96 
281,MEM,1869,135,73,26,127 
282,MIL,2093,251,72,28,180 
283,SAS,1387,273,36,39,163 
284,WAS,2193,411,41,193,232 
285,DET,1686,202,66,34,101 
286,CHA,760,136,10,33,94 
287,IND,1597,273,47,57,165 
288,PHI,2062,150,63,4,97 
289,NOH,35,8,0,0,11 
290,UTA,1969,201,74,38,221 
291,MIN,1686,227,54,140,229 
292,POR,2650,205,114,12,171 
293,HOU,1015,178,28,21,98 
294,MIA,838,146,20,2,88 
295,POR,783,32,27,1,63 
296,UTA,2605,415,103,69,272 
297,HOU,91,20,0,8,13 
298,TOT,1280,228,30,56,184 
298,CHA,851,158,14,46,121 
298,OKC,429,70,16,10,63 
299,DET,2222,353,93,45,196 
300,TOT,1042,142,28,33,65 
300,CLE,764,104,25,27,39 
300,LAC,278,38,3,6,26 
301,NJN,1856,135,19,7,135 
302,TOT,524,75,15,25,84 
302,NYK,458,63,14,23,76 
302,DEN,66,12,1,2,8 
303,OKC,85,18,2,3,11 
304,TOT,466,91,15,3,47 
304,NJN,288,64,7,2,28 
304,BOS,178,27,8,1,19 
305,WAS,80,5,2,5,18 
306,CHA,372,30,11,6,52 
307,PHO,2497,220,48,4,87 
308,SAS,1685,175,27,4,148 
309,ORL,2319,189,75,3,209 
310,CHI,1576,316,48,72,156 
311,PHI,931,150,14,15,100 
312,TOT,215,24,1,5,14 
312,DAL,18,5,0,0,3 
312,SAS,197,19,1,5,11 
313,DAL,2504,463,38,47,172 
314,BOS,431,63,2,30,65 
315,BOS,752,130,16,42,120 
316,POR,45,4,0,0,10 
317,LAL,2639,535,47,61,200 
318,NOH,2287,454,40,127,230 
319,UTA,168,21,4,4,18 
320,NJN,2358,271,34,36,148 
321,TOT,143,14,9,5,18 
321,SAS,31,4,2,0,4 
321,WAS,112,10,7,5,14 
322,ATL,1244,214,34,22,184 
323,CLE,2091,185,67,10,109 
324,SAS,2528,208,90,3,135 
325,HOU,868,114,17,37,77 
326,NOH,2880,289,188,5,196 
327,TOT,362,31,10,7,34 
327,DAL,163,12,5,3,15 
327,NOH,50,6,0,4,4 
327,BOS,149,13,5,0,15 
328,MIN,887,103,18,35,181 
329,TOT,742,170,9,26,91 
329,BOS,313,74,2,10,37 
329,OKC,429,96,7,16,54 
330,OKC,23,3,0,0,5 
331,NJN,893,150,34,34,178 
332,BOS,2774,396,80,51,231 
333,TOT,1107,111,29,21,101 
333,ORL,418,44,10,3,35 
333,PHO,689,67,19,18,66 
334,MIA,11,2,0,0,2 
335,NOH,734,65,17,10,63 
336,IND,839,137,24,6,103 
337,TOT,328,39,10,4,44 
337,CLE,187,22,7,3,20 
337,MEM,141,17,3,1,24 
338,ATL,653,86,5,5,78 
339,IND,795,56,29,1,61 
340,UTA,717,39,42,5,106 
341,DET,2562,251,30,41,90 
342,TOT,519,108,5,15,79 
342,POR,445,93,5,14,63 
342,CHA,74,15,0,1,16 
343,SAS,292,22,5,1,29 
344,GSW,1169,148,44,44,157 
345,TOT,590,117,22,24,62 
345,NYK,127,29,4,8,15 
345,MIN,463,88,18,16,47 
346,MEM,2724,588,63,25,175 
347,LAL,71,7,2,5,7 
348,NYK,24,1,1,0,0 
349,MIL,134,8,2,1,4 
350,ORL,1513,107,29,3,80 
351,TOT,2715,264,93,13,162 
351,PHO,796,78,27,3,46 
351,ORL,1919,186,66,10,116 
352,ORL,955,139,25,5,74 
353,MIN,2159,162,89,10,146 
354,TOT,1013,75,29,4,115 
354,BOS,983,74,29,4,107 
354,OKC,30,1,0,0,8 
355,BOS,2527,210,153,11,120 
356,CHI,3026,249,85,51,136 
357,NJN,353,20,3,6,40 
358,POR,1310,93,37,12,76 
359,IND,1754,184,41,35,107 
360,MIL,2554,239,72,28,157 
361,CLE,701,83,15,18,88 
362,MIL,872,119,22,72,117 
363,CHI,88,7,3,4,18 
364,HOU,2412,459,48,44,227 
365,OKC,2049,281,97,38,171 
366,WAS,635,72,17,28,126 
367,CLE,2133,209,60,8,93 
368,WAS,159,15,5,3,15 
369,PHO,101,12,1,4,20 
370,SAS,16,0,0,0,2 
371,MIL,6,0,0,0,0 
372,LAC,586,74,16,7,84 
373,TOT,442,40,18,2,37 
373,HOU,329,36,13,2,26 
373,MEM,113,4,5,0,11 
374,DEN,1968,277,92,16,173 
375,NOH,1102,152,26,32,150 
376,TOT,69,18,0,4,13 
376,NJN,25,2,0,0,3 
376,LAL,44,16,0,4,10 
377,ATL,2645,523,99,120,217 
378,PHI,71,8,0,0,16 
379,PHI,734,146,8,19,120 
380,SAS,738,129,29,17,91 
381,MIA,50,6,0,2,3 
382,IND,115,17,4,0,14 
383,DAL,1158,86,21,5,71 
384,TOT,617,61,13,2,24 
384,NOH,89,6,2,0,2 
384,TOR,22,3,0,0,0 
384,DAL,506,52,11,2,22 
385,NYK,2870,438,71,150,274 
386,DET,2183,146,76,10,177 
387,DET,199,10,3,1,21 
388,ATL,21,1,1,0,1 
389,TOT,483,36,14,5,39 
389,HOU,77,8,2,2,4 
389,SAC,406,28,12,3,35 
390,ATL,963,91,45,25,82 
391,MIN,711,37,25,3,64 
392,TOT,230,22,11,6,24 
392,SAS,21,1,1,1,2 
392,MIL,83,6,1,1,8 
392,CHA,126,15,9,4,14 
393,DAL,2564,129,93,13,140 
394,TOT,373,51,9,16,76 
394,MEM,369,51,9,15,73 
394,HOU,4,0,0,1,3 
395,ATL,82,17,1,4,11 
396,CHI,1178,226,32,42,164 
397,CHA,861,159,30,66,113 
398,SAC,1748,310,28,44,212 
399,TOT,1383,157,35,12,143 
399,WAS,1069,110,28,9,103 
399,GSW,314,47,7,3,40 
400,TOT,1775,197,64,9,110 
400,NOH,745,106,19,4,50 
400,SAC,1030,91,45,5,60 
401,MIN,1362,203,28,28,145 
402,NYK,1141,143,35,73,160 
403,TOT,2540,311,72,34,247 
403,PHO,630,80,18,14,77 
403,ORL,1910,231,54,20,170 
404,PHI,1797,264,49,14,138 
405,GSW,1030,101,22,86,144 
406,SAS,130,14,8,1,14 
407,SAC,2734,224,94,9,181 
408,NJN,438,31,13,8,29 
409,CLE,994,203,27,38,87 
410,MEM,860,61,22,4,83 
411,DET,1666,245,42,42,175 
412,TOT,1648,156,54,5,136 
412,LAL,54,3,1,0,7 
412,NJN,1594,153,53,5,129 
413,MIA,2823,362,111,87,197 
414,BOS,553,42,18,5,39 
415,NYK,784,106,21,6,81 
416,WAS,2606,282,121,35,175 
417,DET,1238,221,54,54,81 
418,TOT,2693,458,105,63,183 
418,CHA,1872,322,59,48,120 
418,POR,821,136,46,15,63 
419,LAL,484,58,9,4,38 
420,LAC,134,11,6,0,16 
421,PHO,1416,208,32,9,100 
422,CHI,1091,78,55,11,82 
423,UTA,1567,130,61,17,146 
424,UTA,69,8,2,2,3 
425,MIN,1094,111,28,9,101 
426,TOR,1413,114,34,2,87 
427,NOH,2451,374,67,62,202 
428,BOS,453,31,20,10,29 
429,NJN,116,9,7,0,13 
430,OKC,2847,258,155,30,207 
431,TOT,685,115,12,20,77 
431,OKC,219,40,6,8,31 
431,CHA,466,75,6,12,46 
432,SAC,2,0,0,0,2 
433,DET,995,176,29,17,145 
434,ATL,676,67,27,9,72 
435,TOT,2465,220,79,15,190 
435,UTA,2009,173,64,12,152 
435,NJN,456,47,15,3,38 
436,TOT,295,27,11,1,8 
436,ORL,171,19,8,0,6 
436,MEM,124,8,3,1,2 
437,CLE,391,41,9,3,34 
438,PHI,1747,117,47,17,128 
439,ATL,1865,245,34,23,104 
440,TOT,1788,132,53,10,150 
440,CLE,1065,82,33,10,91 
440,LAC,723,50,20,0,59 
441,GSW,1626,171,28,3,124 
442,NYK,1323,179,39,51,164 
443,TOT,911,180,23,26,126 
443,DEN,713,149,18,22,92 
443,NYK,198,31,5,4,34 
444,TOT,290,47,9,0,25 
444,NJN,206,33,5,0,21 
444,HOU,84,14,4,0,4 
445,LAL,2410,167,124,36,181 
446,SAC,31,1,1,0,3 
447,TOT,379,58,11,17,34 
447,GSW,195,27,3,10,19 
447,NJN,184,31,8,7,15 
448,GSW,3147,343,124,63,171 
449,TOR,766,71,39,20,45 
450,WAS,2034,148,45,17,144 
451,MEM,1577,147,68,23,120 
