Rk,Tm,MP,DWS 
1,VAN,486,0.0 
2,DEN,420,0.3 
3,VAN,3241,2.9 
4,ORL,227,0.3 
5,TOT,1382,0.5 
5,DAL,472,0.4 
5,WAS,910,0.1 
6,MIL,3129,2.2 
7,MIL,288,0.2 
8,ORL,1710,1.4 
9,SAS,2859,4.3 
10,BOS,849,0.7 
11,SAC,169,0.3 
12,HOU,2396,2.0 
13,POR,856,0.7 
14,ORL,2767,2.9 
15,DET,2363,1.6 
16,POR,1182,1.2 
17,VAN,845,0.9 
18,MIN,463,0.2 
19,CHI,259,0.2 
20,SEA,2129,1.2 
Rk,Tm,MP,DWS 
21,POR,38,0.0 
22,DET,1079,0.8 
23,SEA,1778,1.2 
24,SAC,1010,0.9 
25,BOS,845,1.3 
26,PHI,30,0.0 
27,IND,574,0.5 
28,CHI,857,0.3 
29,UTA,446,0.4 
30,IND,2457,2.3 
31,VAN,3190,1.4 
32,MIN,1790,0.9 
33,GSW,2352,1.6 
34,TOT,1305,1.2 
34,PHO,387,0.6 
34,GSW,918,0.6 
35,BOS,1098,1.4 
36,TOR,34,0.0 
37,CLE,19,0.0 
38,TOT,933,1.4 
38,WAS,640,0.9 
38,DAL,293,0.6 
39,ATL,375,0.4 
40,MIA,2685,3.7 
Rk,Tm,MP,DWS 
41,DEN,696,0.4 
42,ATL,19,0.0 
43,LAC,149,0.1 
44,DAL,2001,3.8 
45,CHI,2906,2.0 
46,MIN,2821,2.7 
47,TOT,339,0.2 
47,GSW,74,0.1 
47,CLE,265,0.2 
48,ORL,155,0.1 
49,CHH,2811,4.7 
50,BOS,1238,1.0 
51,TOT,208,0.2 
51,BOS,142,0.1 
51,NYK,66,0.1 
52,LAL,2783,2.2 
53,DAL,101,0.1 
54,DAL,820,0.9 
55,DET,737,0.7 
56,PHI,573,0.7 
57,HOU,1000,0.4 
58,CHH,41,0.1 
59,MIL,1460,1.2 
60,NYK,2127,5.5 
Rk,Tm,MP,DWS 
61,CHH,2337,4.5 
62,DET,126,0.2 
63,BOS,309,0.2 
64,MIA,1630,2.5 
65,TOR,2979,2.6 
66,MIL,2709,1.4 
67,HOU,624,0.7 
68,MIA,384,0.7 
69,TOT,559,0.8 
69,DET,166,0.2 
69,MIA,393,0.6 
70,DEN,153,0.1 
71,TOT,1859,2.3 
71,NYK,1309,1.8 
71,TOR,550,0.5 
72,SAC,2939,4.4 
73,TOT,1720,2.2 
73,DEN,752,0.7 
73,TOR,968,1.6 
74,DET,1268,1.2 
75,GSW,32,0.0 
76,CHH,683,1.1 
77,CLE,804,0.3 
78,HOU,222,0.1 
79,TOT,44,0.0 
79,ATL,14,0.0 
79,HOU,30,0.0 
80,TOR,117,0.1 
Rk,Tm,MP,DWS 
81,ATL,901,0.5 
82,CHI,1050,0.4 
83,IND,1874,2.0 
84,UTA,264,0.1 
85,GSW,1495,0.4 
86,TOT,192,0.1 
86,DAL,15,0.0 
86,GSW,177,0.1 
87,TOR,956,0.5 
88,DET,1485,0.9 
89,GSW,1038,0.6 
90,SAS,2060,2.4 
91,TOT,209,0.2 
91,TOR,140,0.1 
91,DET,69,0.1 
92,TOR,2729,3.1 
93,CHH,3192,4.7 
94,POR,2162,2.8 
95,SEA,1290,0.9 
96,TOT,1692,0.6 
96,DAL,1261,0.7 
96,WAS,431,-0.1 
97,MIA,70,0.1 
98,DEN,228,0.0 
99,MIN,345,0.2 
100,ORL,903,1.4 
Rk,Tm,MP,DWS 
101,TOT,922,0.6 
101,GSW,396,-0.1 
101,PHO,526,0.7 
102,PHO,2288,2.9 
103,SAS,207,0.3 
104,VAN,2618,0.7 
105,SAC,2420,4.3 
106,ORL,1398,1.7 
107,LAC,1237,0.7 
108,NJN,1094,0.3 
109,CHI,1305,-0.1 
110,PHO,613,1.2 
111,SAS,3174,7.1 
112,IND,263,0.3 
113,VAN,634,0.5 
114,DAL,2426,2.0 
115,TOT,281,0.1 
115,WAS,273,0.1 
115,DAL,8,0.0 
116,CHI,936,0.4 
117,PHO,1506,2.0 
118,SAS,1229,1.7 
119,MIN,1948,2.3 
120,SEA,40,0.0 
Rk,Tm,MP,DWS 
121,NJN,1331,1.5 
122,SEA,2107,2.5 
123,NJN,149,0.3 
124,SAS,1688,2.0 
125,DAL,3443,2.9 
126,LAL,709,0.5 
127,CHI,1580,0.6 
128,GSW,203,0.2 
129,LAL,451,0.4 
130,IND,1152,1.9 
131,LAL,2291,1.4 
132,GSW,1457,1.5 
133,HOU,3194,3.0 
134,MIA,77,0.1 
135,SAC,698,0.9 
136,TOT,73,0.1 
136,PHO,62,0.1 
136,GSW,11,0.0 
137,GSW,149,0.0 
138,MIN,3202,4.8 
139,MIN,831,1.2 
140,ORL,1579,1.3 
Rk,Tm,MP,DWS 
141,CLE,1670,1.6 
142,PHI,542,0.8 
143,LAL,593,0.4 
144,NJN,152,0.0 
145,NJN,892,0.8 
146,ATL,929,0.9 
147,DEN,201,0.1 
148,CHI,133,0.0 
149,MIA,2771,5.0 
150,POR,17,0.0 
151,LAL,2390,1.7 
152,MIA,1411,2.1 
153,BOS,377,0.5 
154,PHO,1159,2.0 
155,CHI,630,-0.1 
156,MIL,540,0.5 
157,WAS,2519,0.1 
158,LAC,19,0.0 
159,MIN,30,0.0 
160,PHO,112,0.2 
Rk,Tm,MP,DWS 
161,MIA,2613,3.3 
162,LAL,1139,0.8 
163,CLE,1615,0.8 
164,IND,1892,2.2 
165,TOT,1815,1.7 
165,VAN,1267,0.8 
165,NYK,548,0.9 
166,NJN,2071,1.2 
167,MIL,10,0.0 
168,POR,72,0.1 
169,DAL,65,0.1 
170,CHH,681,1.0 
171,CLE,76,0.0 
172,ATL,1810,1.4 
173,CLE,961,0.5 
174,BOS,408,0.2 
175,ORL,133,0.2 
176,PHI,2363,3.5 
177,CHI,2247,1.3 
178,LAL,1587,1.5 
179,MIA,550,0.6 
180,NYK,2858,3.5 
Rk,Tm,MP,DWS 
181,TOT,2974,1.6 
181,WAS,1981,0.6 
181,DAL,993,1.1 
182,ORL,1008,0.8 
183,GSW,1846,1.1 
184,MIL,2002,1.4 
185,CLE,616,0.7 
186,PHI,2979,4.5 
187,SAC,1648,2.3 
188,SAS,114,0.2 
189,TOT,1690,1.0 
189,ATL,550,0.4 
189,CLE,1140,0.6 
190,GSW,1410,0.7 
191,TOT,2588,2.3 
191,TOR,1802,1.2 
191,NYK,786,1.2 
192,NJN,1660,1.3 
193,MIN,59,0.0 
194,CHH,197,0.2 
195,GSW,3394,1.3 
196,TOT,511,0.3 
196,ATL,279,0.3 
196,CLE,232,0.1 
197,SAS,1290,1.3 
198,ATL,1313,0.9 
199,MIL,1981,2.5 
200,NYK,2105,3.1 
Rk,Tm,MP,DWS 
201,VAN,1415,0.4 
202,MIA,2282,4.0 
203,PHI,866,1.4 
204,WAS,638,0.5 
205,TOT,16,0.0 
205,TOR,8,0.0 
205,DEN,8,0.0 
206,GSW,836,0.5 
207,POR,1083,1.7 
208,SAS,650,0.6 
209,MIL,243,0.3 
210,IND,7,0.0 
211,PHO,3065,5.4 
212,WAS,706,0.2 
213,TOT,1457,1.6 
213,CLE,93,0.1 
213,ATL,1364,1.6 
214,NYK,256,0.5 
215,TOT,1597,1.7 
215,PHI,979,1.3 
215,ATL,618,0.4 
216,TOT,1663,1.8 
216,DAL,930,1.3 
216,WAS,733,0.5 
217,DEN,2457,2.5 
218,CLE,1116,0.5 
219,HOU,241,0.2 
220,DEN,2331,0.6 
Rk,Tm,MP,DWS 
221,UTA,402,0.3 
222,SEA,2720,2.1 
223,GSW,7,0.0 
224,SAC,20,0.1 
225,VAN,1507,1.4 
226,NYK,301,0.5 
227,TOT,1565,1.0 
227,WAS,1108,0.5 
227,MIN,457,0.5 
228,LAL,468,0.2 
229,PHI,2649,4.2 
230,PHI,597,0.9 
231,MIA,76,0.2 
232,LAL,641,0.3 
233,LAC,1359,1.1 
234,CHH,1095,2.0 
235,MIA,1306,2.1 
236,UTA,2895,4.0 
237,ATL,1403,0.8 
238,UTA,1305,1.4 
239,NJN,2557,0.7 
240,PHO,2857,6.4 
Rk,Tm,MP,DWS 
241,UTA,2326,3.3 
242,SAC,176,0.2 
243,NJN,2272,2.5 
244,CHH,2989,4.2 
245,MIA,3254,5.6 
246,SEA,1522,0.8 
247,VAN,823,0.6 
248,TOT,660,0.7 
248,PHI,375,0.4 
248,DAL,285,0.2 
249,BOS,478,0.4 
250,DEN,58,0.0 
251,DEN,2007,0.6 
252,SEA,1143,0.8 
253,DEN,2555,2.6 
254,ORL,3087,3.9 
255,NJN,193,0.2 
256,LAC,2831,1.1 
257,IND,987,1.3 
258,PHI,2394,3.5 
259,TOT,922,0.5 
259,ATL,907,0.5 
259,PHI,15,0.0 
260,TOT,595,0.5 
260,PHO,308,0.4 
260,GSW,287,0.0 
Rk,Tm,MP,DWS 
261,LAL,39,0.0 
262,CHI,2535,0.4 
263,CLE,1166,1.0 
264,LAC,2133,2.6 
265,CLE,2848,1.9 
266,TOT,11,0.0 
266,ATL,6,0.0 
266,HOU,3,0.0 
266,PHI,2,0.0 
267,CHI,1434,1.1 
268,ORL,2390,1.9 
269,IND,3181,2.2 
270,GSW,493,0.1 
271,IND,113,0.1 
272,MIN,983,0.6 
273,HOU,3002,2.0 
274,TOT,912,1.4 
274,PHI,196,0.4 
274,ATL,716,1.0 
275,BOS,135,0.2 
276,TOT,649,0.9 
276,DET,568,0.7 
276,TOR,81,0.1 
277,DET,1154,1.6 
278,ATL,989,0.5 
279,MIA,306,0.7 
280,GSW,374,0.2 
Rk,Tm,MP,DWS 
281,CLE,2225,1.5 
282,TOT,588,0.3 
282,DEN,135,0.1 
282,TOR,453,0.2 
283,TOT,2591,4.7 
283,ATL,1716,3.0 
283,PHI,875,1.8 
284,TOR,10,0.0 
285,CHH,469,0.6 
286,DAL,431,0.4 
287,DAL,2387,1.6 
288,TOT,1556,0.5 
288,LAC,333,0.2 
288,WAS,1223,0.3 
289,MIN,1233,1.3 
290,SAS,184,0.2 
291,NJN,2049,0.7 
292,HOU,1654,1.2 
293,DAL,3125,4.3 
294,IND,2641,4.7 
295,LAL,2924,3.9 
296,TOR,2767,3.5 
297,LAC,2836,3.3 
298,HOU,1545,2.6 
299,TOT,925,0.9 
299,NJN,161,0.1 
299,PHI,764,0.9 
300,LAC,2127,2.2 
Rk,Tm,MP,DWS 
301,UTA,1491,2.3 
302,ORL,2534,4.0 
303,TOT,475,0.1 
303,BOS,144,0.1 
303,CHH,15,0.0 
303,NJN,316,0.0 
304,DET,793,1.1 
305,SEA,221,0.3 
306,DEN,1260,0.7 
307,UTA,127,0.2 
308,BOS,1141,0.7 
309,ATL,1,0.0 
310,TOT,1054,1.0 
310,WAS,178,0.2 
310,LAC,876,0.8 
311,SEA,2059,1.7 
312,SEA,3244,1.7 
313,MIN,2126,1.5 
314,LAL,851,0.2 
315,POR,58,0.1 
316,IND,999,1.2 
317,TOT,499,0.7 
317,ORL,39,0.1 
317,PHO,460,0.6 
318,CLE,958,0.6 
319,TOR,1809,1.3 
320,LAC,2144,1.0 
Rk,Tm,MP,DWS 
321,BOS,3120,3.5 
322,POR,2133,2.7 
323,SAC,1658,2.9 
324,UTA,1619,1.8 
325,MIL,942,0.5 
326,GSW,1147,0.3 
327,SAS,1678,2.3 
328,DEN,2255,1.7 
329,NYK,169,0.2 
330,BOS,1901,1.7 
331,VAN,30,0.0 
332,WAS,605,0.4 
333,MIL,270,0.3 
334,PHI,1800,3.5 
335,CHH,403,0.4 
336,MIL,35,0.0 
337,VAN,1832,1.7 
338,ORL,764,1.4 
339,CLE,39,0.0 
340,NYK,2212,2.9 
Rk,Tm,MP,DWS 
341,LAC,1358,1.0 
342,WAS,1216,0.2 
343,LAL,1206,0.5 
344,CHH,13,0.0 
345,PHO,2751,3.9 
346,SAS,2371,5.7 
347,CHH,1201,1.8 
348,MIL,2813,2.5 
349,MIA,72,0.2 
350,ORL,50,0.1 
351,TOT,632,0.5 
351,CLE,1,0.0 
351,ATL,631,0.5 
352,HOU,544,0.5 
353,PHO,2183,3.7 
354,LAC,1553,1.5 
355,IND,2943,2.5 
356,SAS,1219,2.6 
357,CHI,879,0.9 
358,UTA,2473,2.3 
359,POR,1299,2.3 
360,NJN,226,0.2 
Rk,Tm,MP,DWS 
361,TOT,150,0.2 
361,ATL,34,0.0 
361,PHI,116,0.2 
362,PHO,581,0.9 
363,POR,397,0.4 
364,SAS,144,0.3 
365,LAL,1833,1.4 
366,LAC,584,0.6 
367,MIN,686,0.7 
368,SAC,66,0.1 
369,DET,1941,2.5 
370,WAS,1610,1.6 
371,WAS,180,0.0 
372,POR,2542,1.6 
373,ATL,78,0.1 
374,PHI,1740,2.3 
375,NYK,113,0.2 
376,NYK,3017,4.6 
377,DET,3215,2.6 
378,UTA,2122,1.5 
379,NJN,280,0.4 
380,UTA,293,0.2 
Rk,Tm,MP,DWS 
381,TOR,123,0.1 
382,BOS,2504,1.7 
383,UTA,2397,2.6 
384,SAC,2905,3.3 
385,POR,2655,2.5 
386,TOT,830,1.2 
386,NYK,421,0.7 
386,VAN,409,0.5 
387,TOT,719,0.5 
387,DEN,517,0.4 
387,NJN,202,0.1 
388,TOT,1371,0.5 
388,WAS,1020,0.3 
388,POR,351,0.2 
389,LAC,491,0.4 
390,IND,120,0.1 
391,GSW,1684,0.4 
392,VAN,1312,1.6 
393,MIN,2856,1.7 
394,IND,777,1.0 
395,CHI,598,0.2 
396,HOU,1972,1.4 
397,ATL,3089,1.6 
398,NJN,56,0.0 
399,HOU,1820,1.7 
400,NYK,2125,4.1 
Rk,Tm,MP,DWS 
401,MIL,2086,1.7 
402,CHH,647,0.8 
403,CLE,1212,1.5 
404,DAL,319,0.5 
405,PHO,947,1.6 
406,SAC,1245,1.8 
407,DEN,2688,0.3 
408,NJN,1733,1.2 
409,WAS,411,0.2 
410,UTA,1620,1.1 
411,TOT,549,0.8 
411,DAL,392,0.6 
411,WAS,157,0.1 
412,CHI,143,0.1 
413,BOS,3396,3.8 
414,SAS,963,1.7 
415,DET,2760,6.0 
416,DET,527,0.6 
417,POR,2940,4.2 
418,NYK,1492,2.4 
419,CLE,2774,3.4 
420,SAC,2836,5.2 
Rk,Tm,MP,DWS 
421,POR,1995,2.6 
422,CHH,3106,3.4 
423,VAN,171,0.0 
424,WAS,1609,1.6 
425,WAS,1532,0.2 
426,NJN,2336,2.3 
427,TOR,2394,2.1 
428,BOS,1745,1.2 
429,SAC,2290,2.4 
430,TOT,1182,2.0 
430,DET,804,1.4 
430,TOR,378,0.6 
431,ORL,1211,1.2 
432,MIL,1272,1.7 
433,SEA,1238,0.3 
434,HOU,1583,1.2 
435,TOT,1686,1.6 
435,TOR,886,0.6 
435,DET,800,1.1 
436,TOT,1830,2.0 
436,TOR,771,0.9 
436,DEN,1059,1.1 
437,SEA,9,0.0 
438,SEA,305,0.2 
439,CHI,2363,2.0 
440,ATL,1988,2.0 
Rk,Tm,MP,DWS 
