Rk,Tm,MP,OWS 
1,NYK,1287,1.0 
2,MEM,248,0.0 
3,OKC,1771,1.9 
4,MIN,215,0.2 
5,TOT,2502,1.6 
5,DEN,1750,1.4 
5,POR,752,0.2 
6,NOP,957,1.9 
7,PHI,540,0.7 
8,NYK,976,0.8 
9,POR,2512,4.9 
10,IND,1070,1.3 
11,MEM,1648,0.9 
12,DAL,1366,1.2 
13,TOT,937,-0.6 
13,CLE,79,-0.1 
13,NYK,858,-0.5 
14,MIA,1132,2.1 
15,BRK,1744,1.7 
16,SAS,358,-0.3 
17,NOP,1675,2.6 
18,MIL,2541,2.2 
19,NYK,1428,2.2 
20,DET,406,0.5 
Rk,Tm,MP,OWS 
21,ATL,1037,0.5 
22,HOU,2930,2.7 
23,DEN,988,-0.1 
24,NOP,1982,2.8 
25,TOT,1964,2.5 
25,DET,1287,2.0 
25,OKC,677,0.5 
26,SAS,383,0.6 
27,NOP,830,1.1 
28,CHI,64,-0.1 
29,GSW,982,1.6 
30,DAL,1362,2.1 
31,NYK,785,0.8 
32,GSW,2318,3.7 
33,LAC,2271,2.2 
34,PHO,143,-0.1 
35,TOT,983,0.2 
35,POR,300,-0.4 
35,DEN,683,0.6 
36,BOS,1929,3.4 
37,POR,2380,2.0 
38,MIL,1717,0.3 
39,SAS,1122,2.3 
40,ATL,1324,-0.4 
Rk,Tm,MP,OWS 
41,WAS,2107,1.3 
42,MIA,505,-0.6 
43,SAS,1388,1.5 
44,UTA,3,0.0 
45,MIN,894,-0.1 
46,HOU,1727,1.7 
47,SAC,3,0.0 
48,CHO,1243,1.8 
49,TOT,1196,2.2 
49,HOU,393,0.5 
49,LAL,803,1.7 
50,WAS,180,-0.2 
51,POR,1529,0.7 
52,PHO,2800,4.1 
53,LAL,74,-0.3 
54,BRK,1854,1.7 
55,GSW,1583,1.9 
56,SAS,935,1.3 
57,UTA,1564,1.7 
58,LAL,1692,1.2 
59,MIA,1556,2.1 
60,BOS,2428,0.4 
Rk,Tm,MP,OWS 
61,ATL,486,-0.1 
62,TOT,2087,1.0 
62,MIN,680,0.0 
62,HOU,1407,1.0 
63,CHI,1885,1.7 
64,LAL,568,0.4 
65,MIN,549,0.1 
66,BRK,781,-0.2 
67,MIA,89,-0.1 
68,LAL,1207,-0.4 
69,MIN,1286,1.1 
70,TOT,338,-0.2 
70,LAC,263,0.1 
70,PHO,75,-0.3 
71,UTA,2288,0.8 
72,UTA,899,1.1 
73,DET,1623,1.3 
74,CHI,2513,8.2 
75,WAS,1505,1.0 
76,LAL,123,0.1 
77,WAS,67,-0.2 
78,TOR,23,-0.1 
79,MEM,838,-0.4 
80,NYK,1270,0.8 
Rk,Tm,MP,OWS 
81,DET,2587,1.1 
82,TOT,938,0.8 
82,HOU,369,0.3 
82,PHI,569,0.4 
83,HOU,90,-0.2 
84,ATL,2189,4.3 
85,MEM,1091,-0.5 
86,TOT,2149,-2.1 
86,PHI,1391,-2.1 
86,MIL,758,0.0 
87,SAC,1416,2.0 
88,MIA,2368,0.8 
89,DAL,2286,7.2 
90,DEN,2471,2.1 
91,CLE,69,-0.1 
92,UTA,29,-0.1 
93,BRK,93,-0.2 
94,TOT,192,0.0 
94,UTA,161,0.0 
94,DEN,31,0.0 
95,LAL,1476,2.0 
96,POR,76,0.0 
97,TOT,1831,0.4 
97,MIA,1148,-0.1 
97,NOP,683,0.5 
98,SAC,1565,3.0 
99,OKC,1101,1.0 
100,MEM,2225,4.2 
Rk,Tm,MP,OWS 
101,UTA,87,0.0 
102,IND,828,-0.9 
103,UTA,159,0.1 
104,SAC,2013,2.8 
105,PHI,1956,1.6 
106,POR,683,0.5 
107,LAC,1703,2.5 
108,TOT,1647,1.9 
108,DAL,265,0.3 
108,BOS,1382,1.6 
109,NOP,1652,0.5 
110,LAC,89,-0.1 
111,PHO,8,-0.1 
112,GSW,2613,11.5 
113,NYK,544,-0.4 
114,TOT,397,0.1 
114,HOU,108,-0.1 
114,MIN,154,-0.1 
114,CHO,135,0.2 
115,TOT,209,0.2 
115,DET,17,0.0 
115,BOS,192,0.3 
116,TOT,423,-0.2 
116,PHI,379,-0.1 
116,BRK,44,-0.1 
117,NOP,2455,9.9 
118,LAL,1840,4.6 
119,LAC,904,0.2 
120,MIA,22,-0.1 
Rk,Tm,MP,OWS 
121,TOT,344,-0.6 
121,SAS,268,-0.5 
121,ATL,76,0.0 
122,ORL,845,0.7 
123,CLE,1380,1.4 
124,MIA,2421,3.7 
125,TOR,2100,2.6 
126,SAS,1984,1.3 
127,MIN,2193,3.4 
128,DET,455,-0.3 
129,HOU,854,0.4 
130,NOP,177,0.0 
131,LAC,103,0.0 
132,TOT,2640,5.4 
132,PHO,1735,3.1 
132,MIA,905,2.3 
133,TOT,75,-0.1 
133,PHO,13,0.0 
133,MIA,62,-0.1 
134,PHI,219,-0.5 
135,DET,2502,3.4 
136,MIL,1717,2.0 
137,SAS,2227,4.9 
138,CHI,1838,2.4 
139,OKC,913,3.8 
140,NYK,647,-0.8 
Rk,Tm,MP,OWS 
141,LAL,1675,1.1 
142,DAL,2699,1.4 
143,MIA,1051,1.2 
144,TOT,411,-0.8 
144,PHO,58,0.0 
144,MIL,353,-0.8 
145,UTA,266,0.9 
146,SAC,764,0.4 
147,NOP,2690,2.4 
148,UTA,1817,-1.1 
149,GSW,504,0.8 
150,DEN,2086,3.5 
151,LAC,529,0.2 
152,UTA,2280,5.0 
153,DAL,281,0.0 
154,TOR,216,0.2 
155,ORL,1661,1.5 
156,DEN,1087,0.6 
157,DEN,13,0.0 
158,TOT,239,-0.3 
158,PHI,171,-0.4 
158,POR,68,0.1 
159,NOP,509,0.0 
160,POR,617,0.6 
Rk,Tm,MP,OWS 
161,ORL,1870,0.7 
162,DEN,1426,3.0 
163,NYK,1457,0.7 
164,HOU,200,-0.4 
165,TOT,952,0.4 
165,BRK,854,0.2 
165,MIN,98,0.2 
166,MEM,2687,5.5 
167,CHI,2681,6.0 
168,SAC,2408,4.8 
169,TOT,662,0.6 
169,DEN,511,0.7 
169,POR,151,-0.1 
170,IND,91,-0.2 
171,CHI,1692,2.7 
172,SAS,1587,1.4 
173,UTA,2158,5.0 
174,WAS,864,0.5 
175,PHO,535,-0.2 
176,ORL,797,0.3 
177,ORL,790,0.1 
178,PHI,71,-0.2 
179,NOP,2018,2.2 
180,WAS,2453,4.4 
Rk,Tm,MP,OWS 
181,MIA,613,0.2 
182,PHI,1377,-0.9 
183,SAS,2312,4.0 
184,GSW,2490,3.3 
185,DEN,410,-0.1 
186,PHO,1446,1.0 
187,TOT,164,0.1 
187,SAS,25,0.0 
187,MEM,139,0.1 
188,TOT,2454,2.7 
188,BOS,1093,1.0 
188,MEM,1361,1.7 
189,ORL,951,-0.4 
190,LAC,2356,6.6 
191,TOT,175,0.1 
191,BRK,44,0.0 
191,MIL,131,0.1 
192,CHO,687,-0.5 
193,LAC,122,0.1 
194,TOT,712,1.0 
194,MIA,289,0.2 
194,MIN,423,0.8 
195,TOR,1058,2.6 
196,NYK,1681,0.8 
197,HOU,2981,12.2 
198,ORL,674,-0.3 
199,DAL,1685,2.9 
200,DEN,719,-1.2 
Rk,Tm,MP,OWS 
201,CLE,493,0.0 
202,ORL,2369,3.0 
203,MIA,995,0.4 
204,LAC,1274,-0.3 
205,TOR,255,0.3 
206,UTA,2618,5.8 
207,CLE,119,-0.2 
208,CHO,2315,1.3 
209,LAL,86,-0.1 
210,MIL,1228,1.3 
211,IND,1926,1.0 
212,DEN,1411,0.5 
213,WAS,1693,0.5 
214,IND,1267,3.7 
215,LAL,1874,1.1 
216,IND,2381,0.9 
217,CHI,1610,-0.3 
218,NOP,1303,2.3 
219,GSW,657,0.2 
220,SAC,441,0.7 
Rk,Tm,MP,OWS 
221,UTA,1064,1.3 
222,ATL,2318,5.1 
223,HOU,1223,1.4 
224,LAC,56,0.1 
225,MIN,742,0.7 
226,WAS,1345,1.6 
227,OKC,2116,2.9 
228,GSW,2069,2.3 
229,MIL,1319,2.3 
230,UTA,1673,0.5 
231,CLE,2730,8.4 
232,BRK,2241,1.1 
233,TOT,2268,3.3 
233,OKC,1398,1.8 
233,DET,870,1.5 
234,DAL,158,0.4 
235,CLE,2493,7.4 
236,CHO,1992,1.3 
237,BRK,531,0.2 
238,DAL,1244,1.4 
239,ATL,297,0.6 
240,DET,1173,2.6 
Rk,Tm,MP,OWS 
241,TOT,1230,2.0 
241,DET,703,1.2 
241,BOS,527,0.8 
242,TOT,51,-0.2 
242,OKC,25,-0.2 
242,UTA,26,0.0 
243,TOR,1979,3.5 
244,TOT,526,0.2 
244,PHI,187,-0.3 
244,UTA,211,0.4 
244,MIL,128,0.1 
245,TOR,1370,2.5 
246,BRK,2791,2.6 
247,HOU,262,-0.4 
248,MIA,603,0.1 
249,LAL,2245,1.0 
250,LAC,123,0.0 
251,CLE,669,1.2 
252,OKC,631,-0.3 
253,HOU,889,1.7 
254,LAC,2820,7.4 
255,BRK,383,0.9 
256,SAS,1444,2.7 
257,POR,1398,1.1 
258,TOT,2135,4.3 
258,UTA,1326,1.4 
258,OKC,809,2.9 
259,BRK,555,0.3 
260,LAL,1233,0.4 
Rk,Tm,MP,OWS 
261,CHO,1587,1.6 
262,MIN,72,0.1 
263,BRK,36,-0.1 
264,CLE,14,0.0 
265,TOT,2035,2.0 
265,MIL,1688,2.0 
265,PHO,347,0.0 
266,ATL,2418,5.0 
267,MEM,1348,0.8 
268,GSW,72,0.2 
269,OKC,633,1.0 
270,SAC,1192,2.3 
271,NYK,1865,0.8 
272,DEN,268,-0.2 
273,MIN,1902,-0.7 
274,DEN,2665,6.0 
275,TOT,244,-0.6 
275,DAL,11,-0.2 
275,NYK,233,-0.4 
276,MEM,2354,2.5 
277,GSW,904,1.6 
278,PHI,2,0.0 
279,PHO,1518,1.2 
280,SAS,2033,4.2 
Rk,Tm,MP,OWS 
281,POR,847,1.6 
282,MEM,824,0.2 
283,POR,2925,7.3 
284,LAL,1907,1.8 
285,GSW,1468,1.5 
286,BRK,2100,4.7 
287,POR,1638,3.2 
288,CLE,2532,5.8 
289,TOR,2414,5.1 
290,MEM,6,0.0 
291,DET,272,0.2 
292,ATL,833,0.5 
293,IND,1146,0.1 
294,ORL,208,-0.3 
295,CLE,1101,0.8 
296,MIL,417,0.3 
297,DET,198,-0.3 
298,MIL,104,0.0 
299,MIN,1302,2.0 
300,POR,2024,4.0 
Rk,Tm,MP,OWS 
301,CHO,878,0.1 
302,MIL,1697,0.9 
303,PHI,1916,-0.9 
304,GSW,137,0.2 
305,SAC,1436,0.8 
306,POR,973,0.7 
307,TOT,1352,-0.9 
307,PHI,1319,-0.8 
307,HOU,33,-0.1 
308,CHI,321,-0.3 
309,OKC,485,0.6 
310,TOT,256,0.1 
310,DEN,195,0.2 
310,PHI,61,-0.1 
311,SAC,2670,1.7 
312,PHO,36,-0.2 
313,MIA,296,0.1 
314,DET,1462,2.2 
315,NOP,43,-0.2 
316,MIL,2378,3.2 
317,IND,1841,1.3 
318,TOT,1253,1.4 
318,WAS,631,1.0 
318,SAC,622,0.3 
319,NOP,43,-0.1 
320,CLE,701,-0.1 
Rk,Tm,MP,OWS 
321,TOT,119,-0.2 
321,SAC,61,-0.1 
321,DET,58,-0.1 
322,SAS,801,0.6 
323,UTA,924,-1.0 
324,ATL,2390,4.0 
325,CHI,1654,3.0 
326,CHI,128,-0.1 
327,DET,2137,4.0 
328,CHI,504,0.3 
329,SAC,2,0.0 
330,BRK,299,-0.5 
331,PHO,2045,2.2 
332,PHO,2581,1.8 
333,OKC,1806,4.4 
334,HOU,2037,2.4 
335,TOT,2045,3.5 
335,DEN,897,0.9 
335,CLE,1148,2.5 
336,MIN,866,2.1 
337,TOT,18,-0.1 
337,UTA,1,0.0 
337,WAS,17,-0.1 
338,ATL,502,1.2 
339,MIA,1012,-0.3 
340,TOT,1193,-0.2 
340,CHO,931,-0.6 
340,MIN,262,0.4 
Rk,Tm,MP,OWS 
341,TOT,1407,0.6 
341,DAL,584,0.3 
341,BOS,121,-0.2 
341,DEN,702,0.5 
342,ORL,492,-0.2 
343,CHI,2049,2.4 
344,PHI,2311,-0.2 
345,TOR,23,-0.1 
346,TOT,197,0.2 
346,UTA,109,0.3 
346,OKC,88,-0.1 
347,DAL,2282,5.2 
348,DEN,1103,-0.2 
349,MIL,368,-0.8 
350,ORL,824,0.5 
351,ORL,2573,1.5 
352,BOS,1423,1.5 
353,MIN,68,0.2 
354,MIL,1730,1.3 
355,HOU,795,-0.4 
356,CHO,73,0.1 
357,MIL,738,0.4 
358,SAS,1953,2.4 
359,DAL,2186,3.8 
360,TOR,2156,4.4 
Rk,Tm,MP,OWS 
361,LAC,2857,12.9 
362,TOT,739,-0.7 
362,ATL,19,0.0 
362,MIN,720,-0.6 
363,ORL,2489,0.0 
364,MIN,815,0.9 
365,TOT,1148,-1.2 
365,OKC,981,-0.8 
365,CLE,167,-0.4 
366,WAS,1914,3.2 
367,BRK,1743,2.5 
368,TOT,1194,0.9 
368,PHO,1005,0.8 
368,MIL,189,0.1 
369,TOT,1793,2.1 
369,MEM,540,0.2 
369,NOP,1253,1.9 
370,WAS,1432,1.0 
371,TOT,236,0.3 
371,BOS,9,0.0 
371,DAL,227,0.3 
372,BOS,600,0.0 
373,TOT,324,0.0 
373,IND,193,0.3 
373,CLE,87,-0.2 
373,PHO,44,-0.1 
374,LAL,982,0.2 
375,TOT,1197,1.3 
375,NYK,795,0.7 
375,HOU,402,0.6 
376,TOT,1397,1.3 
376,MEM,628,0.4 
376,BOS,198,0.5 
376,DET,571,0.4 
377,MIN,23,0.0 
378,LAL,14,-0.1 
379,TOT,126,-0.2 
379,PHO,101,-0.1 
379,BOS,25,0.0 
380,MEM,2304,3.4 
Rk,Tm,MP,OWS 
381,LAC,2409,5.8 
382,WAS,43,-0.1 
383,PHI,416,0.0 
384,ORL,683,0.3 
385,TOT,1563,0.5 
385,NOP,772,0.4 
385,LAC,791,0.1 
386,OKC,1286,0.5 
387,CHO,1330,0.6 
388,TOT,261,0.0 
388,MIN,108,0.0 
388,PHI,153,0.0 
389,TOT,591,0.0 
389,DEN,465,0.1 
389,LAC,126,-0.1 
390,TOT,798,0.0 
390,POR,391,-0.3 
390,PHI,407,0.3 
391,TOT,2018,-0.7 
391,BOS,699,-0.2 
391,DAL,1319,-0.5 
392,CHI,1530,0.0 
393,TOR,2092,1.3 
394,MIN,692,0.1 
395,IND,1047,0.6 
396,GSW,271,-0.7 
397,LAL,1133,0.3 
398,NOP,270,0.0 
399,PHI,1131,-0.5 
400,MIL,586,0.4 
Rk,Tm,MP,OWS 
401,ATL,1516,1.1 
402,IND,1659,1.7 
403,ATL,1123,1.6 
404,ATL,976,0.8 
405,WAS,1235,0.0 
406,TOT,1188,0.4 
406,SAC,642,-0.4 
406,WAS,546,0.8 
407,TOT,1545,0.1 
407,NYK,625,-0.1 
407,CLE,920,0.1 
408,TOT,767,1.7 
408,PHI,285,0.7 
408,HOU,59,0.0 
408,NYK,423,0.9 
409,PHI,1399,0.5 
410,TOT,1743,0.9 
410,DET,1287,0.8 
410,OKC,456,0.0 
411,IND,1107,0.9 
412,BOS,1808,0.7 
413,DAL,363,0.5 
414,TOT,832,-0.9 
414,OKC,155,-0.1 
414,PHI,677,-0.8 
415,TOT,2080,2.2 
415,NYK,619,-0.2 
415,CLE,1461,2.4 
416,NYK,1785,0.5 
417,TOT,2300,-1.1 
417,DET,896,-1.1 
417,HOU,1404,-0.1 
418,TOT,65,-0.2 
418,NOP,29,-0.3 
418,MEM,36,0.1 
419,CHI,1412,1.2 
420,GSW,1207,2.2 
Rk,Tm,MP,OWS 
421,SAS,1030,2.3 
422,SAC,1127,0.3 
423,CHO,1573,-2.7 
424,TOR,66,0.0 
425,SAC,33,0.0 
426,MEM,126,0.3 
427,TOT,1245,2.6 
427,NYK,865,1.5 
427,DAL,380,1.1 
428,IND,1874,1.9 
429,BOS,1566,1.9 
430,CHO,430,-0.1 
431,ATL,2228,5.0 
432,BRK,892,-0.3 
433,OKC,327,0.2 
434,WAS,735,0.4 
435,HOU,1641,2.0 
436,TOT,1726,5.0 
436,PHO,1181,3.2 
436,BOS,545,1.8 
437,TOT,1490,-0.9 
437,OKC,450,-0.2 
437,NYK,1040,-0.6 
438,PHI,194,-0.1 
439,MEM,7,0.1 
440,PHI,1776,1.3 
Rk,Tm,MP,OWS 
441,SAC,1991,0.9 
442,GSW,2455,5.7 
443,CLE,2194,4.7 
444,TOT,721,0.6 
444,BOS,640,0.8 
444,PHO,81,-0.2 
445,TOT,1432,1.8 
445,PHO,272,0.1 
445,DET,1160,1.8 
446,PHO,2383,2.2 
447,MIN,19,0.0 
448,LAC,705,0.6 
449,BOS,2260,-0.3 
450,LAC,128,0.0 
451,MEM,1494,2.0 
452,TOR,2096,5.8 
453,CLE,636,1.2 
454,TOR,1991,1.9 
455,DAL,678,0.6 
456,CHO,259,0.1 
457,ORL,2529,4.5 
458,MIA,1971,2.1 
459,TOT,2208,-0.6 
459,CLE,786,-0.3 
459,OKC,1422,-0.3 
460,MIA,628,-0.1 
Rk,Tm,MP,OWS 
461,CHO,2119,1.8 
462,WAS,2837,3.6 
463,BOS,286,-0.3 
464,PHO,614,0.7 
465,IND,1422,2.2 
466,SAC,7,0.0 
467,NYK,672,-0.5 
468,WAS,352,-0.3 
469,IND,1895,1.4 
470,OKC,2302,7.5 
471,MIA,1142,2.8 
472,IND,108,0.3 
473,MIN,2969,2.1 
474,LAC,101,-0.1 
475,BRK,2114,2.3 
476,SAC,1462,1.7 
477,TOT,119,0.0 
477,UTA,42,0.0 
477,NOP,77,0.0 
478,TOR,2016,5.4 
479,CHO,2035,1.5 
480,TOT,1980,1.6 
480,MIN,1149,0.9 
480,CHO,831,0.7 
Rk,Tm,MP,OWS 
481,SAS,105,0.1 
482,TOT,1087,1.1 
482,MIA,924,1.3 
482,DET,163,-0.2 
483,NOP,259,0.5 
484,TOT,247,-0.4 
484,MIL,142,-0.1 
484,NOP,105,-0.3 
485,TOT,1449,4.3 
485,DAL,505,2.2 
485,BOS,86,0.1 
485,PHO,858,2.0 
486,POR,592,0.7 
487,PHI,895,-0.6 
488,BOS,332,0.1 
489,LAL,1000,1.1 
490,TOT,2434,1.6 
490,MIN,1605,0.8 
490,BRK,829,0.8 
491,CHO,1487,1.6 
