Rk,Tm,MP,DWS 
1,LAL,1695,2.0 
2,BOS,632,0.5 
3,DEN,2787,2.9 
4,TOT,2597,2.1 
4,DAL,1529,1.0 
4,DET,1068,1.1 
5,TOT,2377,1.4 
5,BOS,1349,0.8 
5,SAC,1028,0.6 
6,WSB,1141,1.0 
7,TOT,906,0.7 
7,DAL,38,0.0 
7,GSW,868,0.6 
8,SAC,43,0.0 
9,SAS,2401,3.1 
10,SAS,730,0.6 
11,POR,1082,1.2 
12,PHI,2618,0.9 
13,SAS,2738,2.8 
14,NJN,1642,1.0 
15,UTA,2777,4.1 
16,SEA,15,0.0 
17,LAC,130,0.2 
18,PHI,3088,2.9 
19,ATL,1672,1.0 
20,LAC,2585,2.9 
Rk,Tm,MP,DWS 
21,SAC,1406,0.8 
22,TOT,1355,1.4 
22,NJN,556,0.4 
22,HOU,799,1.0 
23,BOS,189,0.2 
24,BOS,108,0.1 
25,DAL,208,0.2 
26,DAL,2946,1.4 
27,CHH,1755,1.0 
28,GSW,1769,2.8 
29,SAS,438,0.3 
30,POR,412,0.5 
31,ATL,267,0.3 
32,POR,811,0.8 
33,MIL,513,0.7 
34,SAS,1822,2.2 
35,PHI,1372,0.6 
36,UTA,1051,1.8 
37,TOT,365,0.4 
37,HOU,91,0.1 
37,MIL,274,0.3 
38,POR,803,0.7 
39,NYK,140,0.1 
40,SEA,2536,2.9 
Rk,Tm,MP,DWS 
41,LAL,787,0.9 
42,ATL,1488,1.4 
43,NJN,1996,2.2 
44,CHI,2333,2.0 
45,WSB,2077,1.9 
46,NJN,16,0.0 
47,PHO,3002,4.1 
48,SEA,4,0.0 
49,CHH,2219,0.4 
50,PHI,2298,1.0 
51,HOU,1539,1.6 
52,PHI,703,0.5 
53,WSB,1425,1.3 
54,SAS,1119,1.1 
55,NJN,2532,2.6 
56,TOT,1143,1.1 
56,SAS,757,0.6 
56,DEN,386,0.5 
57,LAL,1943,1.8 
58,DEN,1864,3.1 
59,PHO,1655,2.3 
60,CHI,1483,1.5 
Rk,Tm,MP,DWS 
61,PHO,6,0.0 
62,MIA,1096,1.1 
63,MIL,2824,3.5 
64,CHH,2047,1.2 
65,CHH,813,0.5 
66,LAC,1722,1.0 
67,TOT,2422,1.9 
67,DET,1341,1.3 
67,DAL,1081,0.6 
68,CLE,2821,4.6 
69,DAL,1395,1.0 
70,CHI,545,0.4 
71,TOT,258,0.3 
71,PHO,7,0.0 
71,MIL,251,0.3 
72,DEN,1857,1.4 
73,DET,48,0.0 
74,SAS,1083,0.8 
75,SAC,1556,1.0 
76,DET,74,0.1 
77,DAL,1746,2.3 
78,IND,396,0.2 
79,POR,3064,3.8 
80,POR,2662,2.3 
Rk,Tm,MP,DWS 
81,CLE,544,0.8 
82,DET,2408,2.2 
83,MIL,5,0.0 
84,PHO,321,0.3 
85,WSB,1459,0.8 
86,UTA,2914,6.5 
87,DET,1254,1.5 
88,MIA,2349,2.2 
89,CLE,1867,3.1 
90,SEA,3190,1.6 
91,DEN,50,0.1 
92,DEN,2990,1.7 
93,NYK,2896,4.7 
94,UTA,412,0.5 
95,WSB,828,0.8 
96,POR,34,0.0 
97,ATL,231,0.2 
98,IND,2552,1.1 
99,HOU,2788,3.3 
100,GSW,245,0.3 
Rk,Tm,MP,DWS 
101,IND,313,0.2 
102,NJN,337,0.2 
103,BOS,375,0.2 
104,GSW,2661,2.6 
105,LAC,1499,0.9 
106,PHO,9,0.0 
107,SAC,84,0.1 
108,PHO,2120,2.7 
109,PHI,2739,2.2 
110,LAC,244,0.2 
111,GSW,22,0.0 
112,BOS,528,0.3 
113,LAC,1924,1.6 
114,WSB,1193,0.9 
115,CHI,2809,3.1 
116,IND,783,0.7 
117,MIA,1220,1.1 
118,MIL,200,0.2 
119,LAL,2510,3.5 
120,TOT,871,0.6 
120,CHH,370,0.1 
120,MIL,501,0.5 
Rk,Tm,MP,DWS 
121,NYK,1277,1.5 
122,TOT,1403,1.8 
122,SAS,912,1.0 
122,DEN,491,0.8 
123,UTA,2382,3.7 
124,SAS,70,0.1 
125,CHI,289,0.3 
126,UTA,964,1.5 
127,DEN,701,0.6 
128,DAL,2968,2.8 
129,CLE,2851,5.1 
130,DET,7,0.0 
131,MIA,1206,1.1 
132,PHI,2577,1.3 
133,PHI,986,0.3 
134,GSW,1887,1.5 
135,NJN,2542,2.0 
136,TOT,1204,0.8 
136,PHO,92,0.1 
136,CHI,1112,0.8 
137,CHH,1696,0.4 
138,CHH,1419,0.9 
139,NJN,1551,1.2 
140,MIL,112,0.1 
Rk,Tm,MP,DWS 
141,PHO,2487,2.8 
142,CLE,191,0.3 
143,DEN,224,0.3 
144,MIL,2220,2.5 
145,UTA,796,1.1 
146,NYK,2477,2.5 
147,SAC,70,0.0 
148,SEA,291,0.3 
149,HOU,1850,2.1 
150,BOS,2309,1.5 
151,PHO,2043,1.9 
152,HOU,879,1.0 
153,PHO,3179,3.5 
154,LAL,2886,4.0 
155,POR,1477,1.3 
156,DET,2073,2.4 
157,TOT,196,0.2 
157,CHI,65,0.0 
157,DAL,131,0.2 
158,NJN,307,0.3 
159,POR,1279,1.5 
160,WSB,1154,1.5 
Rk,Tm,MP,DWS 
161,WSB,516,0.6 
162,TOT,682,0.4 
162,SAS,92,0.1 
162,GSW,13,0.0 
162,PHI,577,0.3 
163,CHI,3255,5.2 
164,CHH,1341,0.9 
165,PHO,157,0.2 
166,POR,2716,3.3 
167,CLE,331,0.5 
168,SAS,791,0.7 
169,WSB,2559,1.7 
170,TOT,942,0.9 
170,LAC,729,0.7 
170,CHH,213,0.2 
171,TOT,1411,1.3 
171,SAC,913,0.8 
171,BOS,498,0.5 
172,UTA,176,0.2 
173,ATL,1531,2.5 
174,MIL,2472,3.2 
175,DET,2640,5.0 
176,LAL,176,0.2 
177,DEN,550,0.7 
178,PHO,526,0.9 
179,HOU,627,0.7 
180,UTA,779,1.4 
Rk,Tm,MP,DWS 
181,NJN,840,1.0 
182,UTA,781,1.1 
183,DEN,2745,4.2 
184,ATL,2184,2.8 
185,CHH,336,0.1 
186,BOS,2657,2.4 
187,SEA,1806,2.3 
188,LAC,110,0.1 
189,TOT,1214,1.1 
189,BOS,738,0.6 
189,SAC,476,0.5 
190,MIA,2435,2.7 
191,TOT,919,0.4 
191,IND,767,0.3 
191,DET,152,0.1 
192,CHH,250,0.2 
193,SEA,842,0.8 
194,DET,1795,3.1 
195,PHO,1354,1.7 
196,WSB,2418,0.9 
197,UTA,3126,6.6 
198,ATL,2878,3.9 
199,LAC,950,0.7 
200,TOT,32,0.1 
200,DET,14,0.0 
200,ATL,18,0.0 
Rk,Tm,MP,DWS 
201,SAS,2065,1.4 
202,HOU,1257,1.4 
203,SAC,2435,1.8 
204,SEA,2385,1.8 
205,GSW,103,0.1 
206,NJN,2027,1.1 
207,BOS,2876,1.9 
208,SEA,2804,2.3 
209,SEA,2341,2.7 
210,LAL,318,0.3 
211,IND,2536,1.3 
212,TOT,353,0.3 
212,MIA,320,0.3 
212,SAS,33,0.0 
213,MIL,690,1.1 
214,MIL,1594,1.6 
215,NJN,2096,2.0 
216,IND,11,0.0 
217,GSW,3093,3.1 
218,TOT,270,0.3 
218,PHI,40,0.0 
218,NYK,230,0.2 
219,CLE,2526,4.7 
220,TOT,353,0.3 
220,DEN,168,0.2 
220,SAS,185,0.1 
Rk,Tm,MP,DWS 
221,TOT,500,0.3 
221,POR,159,0.1 
221,MIA,341,0.2 
222,TOT,258,0.4 
222,CHI,94,0.1 
222,PHO,164,0.2 
223,HOU,228,0.5 
224,NYK,2336,1.8 
225,LAC,1318,0.3 
226,LAC,3020,2.1 
227,NYK,2604,3.3 
228,HOU,3024,7.8 
229,UTA,327,0.5 
230,BOS,2840,3.6 
231,BOS,1138,0.5 
232,CHI,1738,1.0 
233,CHI,190,0.2 
234,DAL,2860,3.1 
235,PHO,614,0.8 
236,IND,3012,1.7 
237,SAC,1633,1.8 
238,MIL,2078,1.7 
239,TOT,2012,2.1 
239,SAC,1334,1.4 
239,BOS,678,0.7 
240,CHI,2413,3.3 
Rk,Tm,MP,DWS 
241,SEA,835,0.9 
242,TOT,106,0.1 
242,LAC,68,0.0 
242,MIA,38,0.0 
243,POR,3102,2.6 
244,MIL,2170,2.7 
245,TOT,124,0.1 
245,WSB,107,0.1 
245,CHI,17,0.0 
246,SAC,2257,2.1 
247,CLE,2728,3.3 
248,CHH,2233,2.3 
249,DEN,1308,1.3 
250,CHH,2152,0.7 
251,SEA,737,0.8 
252,GSW,2717,1.9 
253,BOS,91,0.1 
254,LAL,440,0.5 
255,ATL,2462,3.2 
256,MIL,1251,1.3 
257,SAS,2287,3.1 
258,PHI,416,0.3 
259,DET,2208,3.9 
260,CLE,583,1.0 
Rk,Tm,MP,DWS 
261,LAC,3,0.0 
262,TOT,536,0.5 
262,UTA,72,0.1 
262,SAS,464,0.3 
263,TOT,15,0.0 
263,DET,8,0.0 
263,PHI,7,0.0 
264,CHH,517,0.3 
265,DET,1458,2.3 
266,GSW,1086,1.4 
267,CLE,2102,3.1 
268,DEN,1918,2.4 
269,SEA,774,0.9 
270,TOT,1850,1.5 
270,DAL,845,0.8 
270,IND,1005,0.7 
271,LAL,2605,2.6 
272,MIA,1962,2.2 
273,CHI,1732,1.4 
274,NJN,484,0.6 
275,MIA,944,0.7 
276,BOS,2301,1.7 
277,HOU,1157,1.4 
278,POR,390,0.2 
279,MIL,2587,3.7 
280,IND,1571,0.8 
Rk,Tm,MP,DWS 
281,SAS,12,0.0 
282,LAC,2161,1.6 
283,TOT,1295,0.7 
283,SAC,600,0.4 
283,PHI,695,0.3 
284,SAC,3145,1.3 
285,GSW,1897,2.3 
286,GSW,1597,1.8 
287,IND,2041,1.9 
288,SAS,623,0.7 
289,MIA,2613,1.6 
290,GSW,316,0.3 
291,IND,209,0.1 
292,POR,244,0.2 
293,UTA,3171,5.8 
294,NYK,1358,1.5 
295,TOT,22,0.0 
295,SAS,2,0.0 
295,GSW,20,0.0 
296,LAC,1,0.0 
297,MIA,1338,0.4 
298,DAL,591,1.1 
299,MIA,368,0.3 
300,GSW,1569,1.4 
Rk,Tm,MP,DWS 
301,ATL,2517,2.0 
302,DET,2924,3.9 
303,HOU,222,0.3 
304,MIA,2273,2.3 
305,TOT,2329,2.9 
305,SAC,1276,1.7 
305,IND,1053,1.2 
306,LAL,1994,2.4 
307,PHI,449,0.2 
308,HOU,3135,4.1 
309,SEA,1220,1.2 
310,TOT,2434,2.0 
310,IND,1326,1.1 
310,SAC,1108,1.0 
311,ATL,341,0.5 
312,CHH,117,0.1 
313,IND,9,0.0 
314,CHH,2302,0.9 
315,NYK,1824,1.5 
316,MIL,13,0.0 
317,DEN,1746,1.9 
318,DAL,1057,1.0 
319,TOT,617,0.4 
319,MIA,144,0.1 
319,BOS,473,0.3 
320,CLE,1086,1.5 
Rk,Tm,MP,DWS 
321,TOT,934,0.4 
321,POR,432,0.2 
321,NYK,502,0.2 
322,TOT,646,0.3 
322,DEN,95,0.1 
322,SAS,551,0.2 
323,CHI,1703,1.3 
324,WSB,2565,3.3 
325,NYK,1163,1.2 
326,MIA,1065,1.0 
327,ATL,1219,1.3 
328,PHI,843,0.7 
329,DAL,1074,1.2 
330,PHO,2019,3.3 
331,LAC,90,0.1 
332,TOT,354,0.3 
332,MIA,143,0.1 
332,POR,211,0.2 
333,TOT,436,0.1 
333,UTA,2,0.0 
333,LAC,434,0.1 
334,TOT,622,0.6 
334,GSW,42,0.0 
334,SAS,580,0.5 
335,DAL,408,0.5 
336,ATL,2997,2.9 
337,NYK,584,0.5 
338,NYK,2414,1.9 
339,NJN,2446,2.1 
340,TOT,2470,2.6 
340,IND,1567,1.6 
340,DAL,903,1.0 
Rk,Tm,MP,DWS 
341,CLE,2125,3.8 
342,WSB,2413,3.5 
343,TOT,547,0.5 
343,NJN,433,0.4 
343,LAC,114,0.1 
344,DET,358,0.4 
345,LAC,1303,1.0 
346,PHI,372,0.1 
347,TOT,1120,0.2 
347,SAC,416,0.1 
347,IND,704,0.1 
348,LAC,1450,0.7 
349,CHI,2,0.0 
350,HOU,2259,2.3 
351,LAL,1491,1.6 
352,LAL,2960,3.1 
