Rk,Tm,MP,DRB,STL,BLK,PF 
1,TOT,2684,450,68,37,222 
1,ATL,1956,354,44,19,147 
1,POR,728,96,24,18,75 
2,MIA,616,77,12,28,81 
3,SEA,2152,217,71,11,132 
4,MIA,2581,200,114,18,212 
5,DEN,1029,209,34,114,119 
6,POR,1810,156,66,3,79 
7,IND,905,62,26,5,73 
8,NYK,1974,169,68,17,182 
9,DEN,2995,315,97,41,225 
10,TOT,256,31,14,3,50 
10,PHO,6,1,0,0,1 
10,ORL,4,1,1,0,0 
10,TOR,246,29,13,3,49 
11,WAS,2066,199,103,12,176 
12,NJN,434,31,12,2,49 
13,NOH,2247,163,133,16,148 
14,UTA,2008,144,63,5,165 
15,TOT,1544,84,45,2,102 
15,DET,751,42,19,1,60 
15,BOS,793,42,26,1,42 
16,NOH,1416,122,55,15,114 
17,TOT,1313,168,29,32,160 
17,BOS,1000,134,22,23,98 
17,NYK,313,34,7,9,62 
18,BOS,1385,103,88,13,171 
19,PHO,1500,100,93,7,184 
20,LAC,724,98,27,3,76 
21,BOS,11,0,0,0,2 
22,SEA,1803,183,85,16,121 
23,DEN,1101,98,57,8,66 
24,TOR,40,3,1,0,10 
25,TOT,1478,241,26,67,159 
25,BOS,501,79,8,20,55 
25,CLE,977,162,18,47,104 
26,MEM,1947,201,101,58,187 
27,TOT,766,123,17,29,123 
27,CHI,147,24,1,6,31 
27,TOR,487,79,14,18,69 
27,WAS,132,20,2,5,23 
28,MIA,5,1,0,0,0 
29,UTA,2020,181,63,13,262 
30,MEM,34,1,1,0,6 
31,IND,271,31,5,11,23 
32,DAL,762,51,31,4,66 
33,SAC,2980,210,112,18,146 
34,DET,2758,241,84,8,177 
35,WAS,1392,99,57,7,100 
36,TOT,1050,177,49,24,135 
36,CHI,756,130,38,19,86 
36,TOR,294,47,11,5,49 
37,BOS,2402,382,80,106,253 
38,ORL,1787,211,46,10,128 
39,SEA,1206,194,17,101,150 
40,CLE,2592,627,74,55,199 
41,UTA,258,41,4,14,40 
42,TOR,2510,366,59,106,215 
43,POR,26,1,0,1,2 
44,SAS,2624,208,84,33,166 
45,DEN,392,48,18,16,47 
46,DEN,1849,101,51,3,84 
47,TOT,98,17,3,0,14 
47,TOR,38,10,1,0,6 
47,ATL,60,7,2,0,8 
48,DAL,773,101,33,74,130 
49,TOT,154,21,4,2,29 
49,HOU,132,19,4,2,21 
49,WAS,22,2,0,0,8 
50,LAC,2670,445,64,154,229 
51,TOT,443,27,18,4,32 
51,CLE,403,26,18,4,27 
51,GSW,40,1,0,0,5 
52,IND,160,9,7,0,9 
53,IND,72,10,0,3,13 
54,NJN,17,2,2,0,2 
55,SAS,627,92,15,4,61 
56,TOT,969,105,30,7,80 
56,BOS,408,50,17,2,38 
56,CLE,561,55,13,5,42 
57,WAS,2239,372,66,52,144 
58,NOH,2753,453,78,73,203 
59,NOH,17,1,0,0,1 
60,TOT,412,28,25,3,44 
60,TOR,10,0,0,0,0 
60,CHI,402,28,25,3,44 
61,LAL,2447,256,112,28,176 
62,PHI,703,75,21,4,77 
63,SAC,141,9,6,1,9 
64,MIA,2030,234,75,13,162 
65,WAS,552,47,22,4,54 
66,MIA,675,57,10,13,72 
67,PHO,570,73,10,13,75 
68,DEN,2162,516,86,187,239 
69,DET,892,157,21,50,137 
70,GSW,1634,217,66,20,206 
71,TOT,70,5,1,0,8 
71,POR,48,3,0,0,3 
71,SAS,22,2,1,0,5 
72,SAS,87,9,4,0,9 
73,TOT,110,9,0,0,10 
73,LAL,50,3,0,0,5 
73,NOH,60,6,0,0,5 
74,TOR,2785,254,88,65,212 
75,MIN,2838,227,102,18,247 
76,HOU,1743,319,52,96,203 
77,CHI,782,188,17,43,87 
78,GSW,2067,183,60,12,184 
79,SAC,2780,260,151,41,186 
80,UTA,27,6,1,0,1 
81,GSW,1595,118,97,9,146 
82,CLE,92,6,4,2,13 
83,PHI,843,147,23,26,79 
84,MIA,170,8,3,0,27 
85,ATL,545,75,11,11,71 
86,UTA,1732,199,26,18,255 
87,NJN,2220,257,67,56,251 
88,LAL,442,70,16,16,64 
89,POR,139,3,10,0,14 
90,ATL,1207,117,37,20,131 
91,CHI,2811,237,111,29,161 
92,IND,1051,183,24,14,101 
93,CHI,2154,308,24,83,258 
94,TOR,1229,65,23,5,153 
95,PHI,2197,432,44,189,273 
96,GSW,2403,543,33,137,227 
97,SEA,1512,119,45,6,64 
98,DAL,1039,80,53,12,51 
99,TOT,2570,464,37,65,206 
99,TOR,538,94,8,8,45 
99,CHI,2032,370,29,57,161 
100,NOH,2686,221,158,27,178 
101,POR,1682,240,43,62,154 
102,TOT,78,6,2,0,12 
102,DET,23,0,0,0,4 
102,NJN,55,6,2,0,8 
103,ATL,23,4,0,0,3 
104,TOT,2474,281,96,22,171 
104,CLE,796,103,25,8,51 
104,BOS,1678,178,71,14,120 
105,ORL,1211,186,47,32,217 
106,DAL,509,43,27,7,46 
107,ORL,86,8,6,0,6 
108,ATL,1919,231,59,37,191 
109,TOT,294,19,17,0,44 
109,ATL,143,12,9,0,22 
109,POR,151,7,8,0,22 
110,POR,12,0,0,0,3 
111,CLE,730,127,26,51,116 
112,SAC,2317,327,57,77,222 
113,WAS,1478,118,82,4,111 
114,TOT,1029,177,23,36,142 
114,NYK,685,129,17,30,84 
114,DEN,344,48,6,6,58 
115,LAC,1137,62,45,6,108 
116,NOH,78,6,4,0,1 
117,LAC,949,142,22,24,85 
118,SAS,2527,632,62,185,164 
119,GSW,2336,355,68,13,169 
120,CHI,893,112,32,18,134 
121,MIN,32,1,0,4,6 
122,TOT,1457,109,56,5,137 
122,NYK,730,59,30,3,85 
122,PHO,727,50,26,2,52 
123,DEN,875,138,35,39,145 
124,LAC,510,53,9,17,68 
125,SEA,1280,252,54,10,176 
126,POR,32,4,0,0,0 
127,DAL,2778,247,84,39,118 
128,LAL,1769,122,103,4,115 
129,CHI,738,141,16,8,97 
130,HOU,41,8,0,1,9 
131,MIL,1472,140,60,3,123 
132,DAL,625,136,12,11,148 
133,IND,1961,362,71,27,189 
134,DET,261,35,9,3,37 
135,LAL,846,73,29,4,99 
136,GSW,572,113,6,46,68 
137,SEA,469,44,16,4,50 
138,HOU,3194,317,139,35,257 
139,ATL,43,7,0,1,5 
140,MIL,1260,220,51,105,186 
141,ORL,364,31,11,2,22 
142,SAS,13,0,2,0,0 
143,MIN,3231,894,120,178,202 
144,ORL,22,0,0,0,2 
145,MEM,2458,394,44,132,185 
146,LAL,1951,245,81,38,189 
147,POR,157,13,9,1,16 
148,CHI,1411,129,65,16,107 
149,SAS,2260,258,136,16,181 
150,TOT,2041,175,56,15,144 
150,ORL,1435,127,41,10,98 
150,UTA,606,48,15,5,46 
151,TOT,1643,208,50,19,123 
151,ATL,1465,183,40,17,106 
151,TOR,178,25,10,2,17 
152,TOT,85,6,5,0,5 
152,MIN,66,5,3,0,5 
152,NJN,19,1,2,0,0 
153,ORL,2134,356,62,72,196 
154,MIA,2303,350,51,35,254 
155,LAL,1106,154,24,21,70 
156,UTA,98,10,1,1,17 
157,PHI,767,49,26,5,83 
158,HOU,133,18,7,2,17 
159,TOT,819,122,31,12,81 
159,PHO,304,41,14,4,34 
159,UTA,515,81,17,8,47 
160,MIL,263,32,6,12,25 
161,DET,484,46,13,8,63 
162,DET,2772,201,103,17,222 
163,PHI,473,97,8,8,74 
164,UTA,172,33,3,4,32 
165,ATL,507,40,10,9,67 
166,TOT,2095,218,70,20,146 
166,PHO,876,71,28,8,65 
166,NYK,1219,147,42,12,81 
167,UTA,1134,156,22,2,102 
168,IND,2441,345,80,22,250 
169,NYK,872,119,12,14,134 
170,NJN,1504,101,41,2,74 
171,SAS,660,69,28,5,59 
172,TOT,783,116,24,27,129 
172,ORL,345,43,10,11,44 
172,PHO,438,73,14,16,85 
173,MIA,1795,284,33,24,197 
174,MIN,2264,189,36,54,200 
175,WAS,2044,193,71,11,157 
176,WAS,1484,201,32,100,154 
177,SAS,72,3,1,0,2 
178,ATL,68,10,1,2,1 
179,DEN,2504,349,116,41,280 
180,MIA,38,3,0,1,10 
181,CHI,2706,217,101,21,276 
182,MIN,1804,247,66,10,136 
183,SAS,1290,164,48,49,165 
184,LAC,1188,110,65,4,92 
185,NYK,1799,101,38,2,105 
186,DAL,1589,219,69,54,168 
187,ORL,2877,399,54,22,284 
188,MIN,503,31,7,0,32 
189,WAS,2061,230,95,26,147 
190,MEM,11,1,1,0,3 
191,BOS,406,68,13,1,40 
192,DET,661,54,39,6,45 
193,ORL,789,116,5,73,101 
194,CLE,2539,374,39,201,277 
195,PHI,2040,144,115,5,87 
196,SAC,1185,119,49,8,106 
197,HOU,3119,435,86,23,227 
198,PHI,598,81,12,6,45 
199,HOU,577,60,17,1,41 
200,ATL,2940,273,142,20,216 
201,PHO,1828,159,48,9,144 
202,SEA,990,152,20,60,180 
203,CLE,3122,333,130,58,149 
204,TOT,2196,206,96,3,156 
204,BOS,1684,156,70,2,113 
204,DET,512,50,26,1,43 
205,DAL,2376,287,83,30,174 
206,LAC,1760,131,93,20,132 
207,TOT,195,24,4,7,36 
207,TOR,8,1,0,0,0 
207,CHI,187,23,4,7,36 
208,NJN,3133,355,92,28,224 
209,WAS,1913,244,48,28,212 
210,ORL,290,30,7,1,28 
211,IND,1598,102,64,8,138 
212,GSW,637,30,26,3,34 
213,NYK,287,34,8,7,32 
214,MIN,965,171,27,43,156 
215,PHO,3331,305,93,26,177 
216,CHI,734,124,37,32,90 
217,MEM,154,16,5,6,23 
218,MIL,2016,155,30,4,92 
219,MIA,2998,270,92,34,226 
220,IND,1508,101,65,18,132 
221,IND,26,2,1,0,1 
222,BOS,373,44,12,9,48 
223,GSW,10,0,0,0,2 
224,LAC,1843,335,23,73,211 
225,CLE,427,36,13,2,41 
226,NJN,2450,343,122,14,110 
227,UTA,2895,403,150,215,174 
228,NJN,2842,271,125,40,144 
229,TOT,1037,98,84,1,107 
229,PHO,19,3,3,1,1 
229,WAS,598,50,52,0,50 
229,MIL,420,45,29,0,56 
230,PHI,882,81,25,8,102 
231,MIL,1522,211,59,21,110 
232,WAS,984,182,37,28,102 
233,BOS,328,49,8,13,47 
234,PHO,224,35,3,3,28 
235,GSW,63,9,0,1,2 
236,TOT,37,4,0,0,7 
236,GSW,17,3,0,0,5 
236,MIL,20,1,0,0,2 
237,GSW,22,3,2,0,2 
238,DEN,2233,154,61,12,177 
239,MIN,65,6,2,2,10 
240,SEA,2931,385,99,54,233 
241,LAC,48,5,2,0,7 
242,UTA,1617,131,62,2,200 
243,ORL,2332,161,61,5,185 
244,NOH,1701,216,48,18,159 
245,MIN,1246,138,33,18,175 
246,LAC,2628,334,65,16,217 
247,NOH,2777,579,43,101,278 
248,LAL,1373,306,50,20,116 
249,TOT,3254,205,129,9,172 
249,PHO,1415,98,64,5,74 
249,NYK,1839,107,65,4,98 
250,PHO,3217,525,167,104,203 
251,TOT,2988,598,93,124,247 
251,CHI,408,71,13,20,47 
251,TOR,2580,527,80,104,200 
252,MIN,172,5,2,1,23 
253,NJN,2252,484,95,82,230 
254,NOH,730,98,14,5,42 
255,MIL,2534,266,60,24,191 
256,TOT,328,30,11,6,36 
256,CHI,43,3,1,0,5 
256,TOR,285,27,10,6,31 
257,SAC,789,131,14,18,144 
258,BOS,1900,211,72,22,179 
259,PHI,636,85,12,20,89 
260,CLE,12,3,0,0,4 
261,TOT,927,187,37,24,117 
261,NYK,421,88,12,11,46 
261,PHO,506,99,25,13,71 
262,ORL,2675,307,93,42,129 
263,TOT,2365,143,72,6,163 
263,POR,1269,78,36,2,94 
263,CLE,1096,65,36,4,69 
264,PHI,2112,208,85,23,142 
265,MIN,391,29,16,1,39 
266,LAL,1442,195,38,18,191 
267,SAS,516,39,14,5,37 
268,TOT,1330,257,37,63,208 
268,CLE,391,93,9,22,58 
268,BOS,939,164,28,41,150 
269,TOT,2079,247,67,61,168 
269,CLE,888,119,25,27,84 
269,POR,1191,128,42,34,84 
270,DET,159,32,7,15,33 
271,DEN,2838,239,142,25,194 
272,SAC,2621,552,68,86,247 
273,MEM,1770,174,59,14,162 
274,MIN,506,84,19,26,91 
275,IND,2254,170,65,11,96 
276,HOU,2692,538,22,156,273 
277,HOU,3229,322,107,33,179 
278,TOT,1611,296,55,52,195 
278,ATL,938,166,22,27,113 
278,NYK,673,130,33,25,82 
279,TOR,417,72,17,12,42 
280,TOT,395,55,7,13,65 
280,NJN,10,1,0,0,1 
280,UTA,385,54,7,13,64 
281,NJN,215,19,2,6,32 
282,GSW,610,125,12,17,58 
283,TOR,518,76,15,7,47 
284,SEA,2021,159,81,28,158 
285,POR,35,2,1,0,3 
286,NYK,1494,292,17,123,141 
287,TOT,366,69,8,25,59 
287,DAL,7,1,0,1,1 
287,ATL,359,68,8,24,58 
288,HOU,516,62,14,14,72 
289,TOT,780,79,15,8,93 
289,ATL,300,37,10,7,48 
289,ORL,83,6,1,0,9 
289,CLE,397,36,4,1,36 
290,DAL,720,89,35,19,90 
291,DAL,2612,173,67,8,139 
292,SAS,2353,376,51,165,247 
293,CLE,1245,90,25,19,109 
294,TOT,847,55,44,5,51 
294,HOU,401,28,16,2,16 
294,NYK,446,27,28,3,35 
295,DAL,2915,580,92,104,216 
296,IND,2788,585,59,199,248 
297,LAL,2464,523,34,166,225 
298,HOU,25,5,0,0,8 
299,MIA,3003,616,85,71,273 
300,DET,1580,261,36,63,138 
301,CLE,1401,147,51,8,119 
302,MIN,925,167,16,68,137 
303,UTA,2153,357,30,139,228 
304,MEM,1606,217,73,70,170 
305,POR,19,2,1,0,1 
306,TOT,1033,70,26,2,89 
306,NJN,22,1,1,0,4 
306,LAC,1011,69,25,2,85 
307,ORL,664,105,21,12,87 
308,NJN,220,14,12,1,20 
309,HOU,547,93,12,13,73 
310,TOR,1211,87,41,11,90 
311,TOT,479,29,13,6,50 
311,LAL,63,6,2,0,5 
311,TOR,71,4,4,1,7 
311,CHI,345,19,7,5,38 
312,SAS,2577,194,61,7,148 
313,GSW,64,6,0,3,7 
314,POR,1651,139,84,21,152 
315,UTA,1144,115,41,16,187 
316,LAL,2825,270,96,19,169 
317,SAC,1391,122,56,10,103 
318,ORL,89,18,2,2,14 
319,MIA,18,1,1,0,1 
320,BOS,35,9,0,2,6 
321,TOT,1037,101,19,9,38 
321,MEM,284,16,5,2,11 
321,POR,621,62,11,6,22 
321,ATL,132,23,3,1,5 
322,TOR,2148,226,88,14,206 
323,HOU,703,63,16,5,42 
324,BOS,3099,453,131,52,234 
325,GSW,748,71,32,12,100 
326,CHI,412,48,21,9,38 
327,NJN,473,41,13,3,70 
328,IND,678,97,23,26,110 
329,LAC,12,1,1,0,2 
330,DEN,20,3,1,0,8 
331,MEM,2451,311,137,40,248 
332,SEA,1419,188,22,28,161 
333,DET,2701,297,63,69,149 
334,TOT,347,79,5,17,53 
334,MIL,33,9,0,0,5 
334,ATL,314,70,5,17,48 
335,SEA,2321,302,80,42,187 
336,POR,3067,609,68,41,227 
337,TOT,2664,419,54,307,300 
337,ATL,1648,276,30,166,189 
337,POR,1016,143,24,141,111 
338,TOT,273,35,5,11,52 
338,DET,222,30,5,9,45 
338,ATL,51,5,0,2,7 
339,MIL,3021,289,81,6,152 
340,LAC,262,32,6,0,22 
341,GSW,2936,400,86,41,182 
342,LAC,2338,268,67,19,130 
343,SEA,1114,73,52,7,105 
344,GSW,2846,268,68,73,237 
345,CHI,1024,77,33,10,57 
346,PHI,1336,143,42,9,96 
347,NJN,1409,207,59,27,183 
348,TOT,595,73,14,10,89 
348,NOH,325,40,9,5,48 
348,ORL,270,33,5,5,41 
349,TOT,2497,232,51,22,184 
349,CHI,529,57,12,4,45 
349,TOR,1968,175,39,18,139 
350,SAS,1256,210,36,24,164 
351,UTA,733,129,22,21,103 
352,LAL,1244,77,33,20,109 
353,LAL,945,114,32,12,110 
354,PHI,1603,158,62,16,122 
355,LAL,130,29,2,4,16 
356,MIL,708,97,19,21,98 
357,NJN,928,131,21,14,113 
358,SEA,583,49,19,20,66 
359,CHI,86,8,1,1,9 
360,LAC,1376,147,51,17,169 
361,MIL,1577,292,30,61,165 
362,NJN,165,15,7,1,20 
363,SAC,168,20,2,6,25 
364,MIL,2254,413,47,94,209 
365,SEA,4,1,0,0,1 
366,NOH,929,54,15,6,91 
367,MEM,178,28,5,5,18 
368,PHI,2966,219,97,6,213 
369,SAC,976,134,42,12,126 
370,MIN,3100,254,88,21,101 
371,WAS,774,78,24,3,49 
372,POR,453,75,11,15,61 
373,TOT,2444,219,52,17,140 
373,UTA,1511,135,28,16,86 
373,ORL,933,84,24,1,54 
374,TOT,147,21,2,10,34 
374,CLE,76,13,1,8,21 
374,BOS,71,8,1,2,13 
375,SAC,3264,417,108,14,159 
376,POR,3118,256,99,9,173 
377,PHO,2025,339,64,89,188 
378,MIL,571,58,26,2,63 
379,TOT,1197,121,35,11,76 
379,ORL,915,94,27,7,59 
379,TOR,282,27,8,4,17 
380,TOT,33,8,0,0,9 
380,CLE,29,8,0,0,7 
380,NYK,4,0,0,0,2 
381,TOT,1663,226,62,14,158 
381,DET,707,73,37,9,86 
381,ATL,956,153,25,5,72 
382,NYK,494,89,18,12,57 
383,MEM,1528,237,56,118,188 
384,MIN,622,64,12,1,42 
385,HOU,2081,253,43,47,253 
386,ATL,3018,287,124,16,192 
387,WAS,1901,345,36,123,219 
388,PHI,2699,489,82,33,219 
389,NYK,2548,517,56,80,298 
390,TOT,2089,256,64,20,196 
390,MIL,1343,167,40,15,127 
390,NYK,746,89,24,5,69 
391,IND,1378,108,84,17,132 
392,NOH,942,156,39,37,161 
393,MIN,1025,133,12,17,129 
394,DEN,96,9,3,0,7 
395,TOT,15,1,1,1,3 
395,PHO,10,1,0,1,1 
395,NYK,5,0,1,0,2 
396,MEM,533,91,9,22,79 
397,DEN,307,39,6,8,50 
398,SAS,2073,306,80,32,165 
399,LAL,28,4,2,1,3 
400,GSW,1255,88,20,2,57 
401,TOT,2340,352,68,33,215 
401,NYK,1574,245,52,18,151 
401,MIL,766,107,16,15,64 
402,ATL,1271,104,44,2,126 
403,PHO,1606,220,42,25,258 
404,POR,3,0,0,0,1 
405,MIA,2126,162,86,34,140 
406,CLE,708,49,26,7,89 
407,DAL,2840,486,65,65,212 
408,MIA,418,70,9,11,54 
409,DET,3050,682,143,246,162 
410,SAC,337,39,14,14,37 
411,MIA,368,47,5,8,38 
412,TOT,2390,357,61,122,190 
412,POR,1675,229,36,72,131 
412,ATL,42,5,1,5,0 
412,DET,673,123,24,45,59 
413,LAL,730,88,28,8,70 
414,TOT,1252,132,64,11,107 
414,NYK,827,86,47,8,74 
414,SAS,425,46,17,3,33 
415,MEM,1669,129,91,19,175 
416,TOT,868,130,30,15,75 
416,NYK,216,36,8,2,19 
416,HOU,652,94,22,13,56 
417,SAC,831,152,31,20,76 
418,TOT,1872,182,91,19,197 
418,POR,404,40,20,3,38 
418,MEM,1468,142,71,16,159 
419,BOS,2179,236,101,7,176 
420,NOH,2001,106,71,14,147 
421,NOH,930,180,27,28,117 
422,TOT,865,164,25,51,176 
422,WAS,4,0,0,1,0 
422,PHO,861,164,25,50,176 
423,DEN,985,121,32,20,105 
424,WAS,186,12,6,2,6 
425,LAC,1340,180,29,20,183 
426,HOU,145,13,3,0,15 
427,NJN,1337,193,34,46,187 
428,TOR,1730,132,55,10,114 
429,TOT,1886,221,70,9,180 
429,BOS,513,74,22,1,52 
429,CLE,1373,147,48,8,128 
430,NYK,714,45,25,6,58 
431,MEM,2115,122,92,5,97 
432,TOT,1637,298,90,8,134 
432,TOR,407,93,19,3,30 
432,CHI,1230,205,71,5,104 
433,UTA,772,49,28,2,87 
434,TOT,527,94,20,16,95 
434,PHO,267,49,15,7,45 
434,DAL,260,45,5,9,50 
435,TOT,763,51,37,2,62 
435,ORL,525,34,23,1,40 
435,NOH,238,17,14,1,22 
436,DET,1574,168,30,20,204 
437,SAS,373,61,21,9,61 
438,MIA,506,69,11,19,52 
439,POR,673,90,20,14,88 
440,IND,2714,285,152,50,194 
441,MEM,1674,301,45,58,192 
442,TOT,114,14,3,5,13 
442,LAC,9,4,0,1,0 
