Rk,Tm,MP,DWS 
1,BOS,159,0.1 
2,DEN,2617,2.4 
3,WSB,2337,0.2 
4,LAC,859,0.3 
5,PHO,1555,1.0 
6,TOT,55,0.1 
6,MIA,12,0.0 
6,CLE,43,0.1 
7,GSW,1318,1.1 
8,NYK,39,0.1 
9,DET,1624,2.0 
10,NJN,3135,3.2 
11,ORL,2811,3.0 
12,TOT,356,0.2 
12,NJN,176,0.2 
12,WSB,180,0.0 
13,SAS,2488,2.3 
14,NYK,1994,3.9 
15,CHI,2770,2.6 
16,SEA,1690,2.1 
17,MIA,319,0.4 
18,ATL,2605,4.0 
19,PHI,201,0.2 
20,TOT,1371,1.0 
20,MIL,695,0.4 
20,ORL,676,0.6 
Rk,Tm,MP,DWS 
21,ATL,13,0.0 
22,MIN,1297,0.7 
23,MIL,2560,1.7 
24,PHO,2298,3.3 
25,PHI,2519,0.8 
26,MIL,1242,1.3 
27,CLE,814,0.5 
28,NJN,1817,2.6 
29,CHH,983,0.5 
30,UTA,1070,1.5 
31,NYK,969,1.5 
32,ATL,2915,5.3 
33,CHI,690,1.2 
34,CHH,2746,1.7 
35,TOT,116,0.1 
35,MIA,61,0.1 
35,WSB,6,0.0 
35,PHI,49,0.1 
36,UTA,559,0.6 
37,NYK,1402,3.2 
38,ORL,948,0.7 
39,LAL,556,0.4 
40,PHI,1385,1.6 
Rk,Tm,MP,DWS 
41,CLE,1548,1.8 
42,SAC,247,0.3 
43,TOT,2094,1.7 
43,MIL,1441,1.1 
43,CHH,653,0.6 
44,DEN,190,0.1 
45,HOU,1225,1.6 
46,DAL,10,0.0 
47,BOS,2867,2.3 
48,MIN,1921,1.6 
49,NJN,1950,2.8 
50,SAC,1041,0.8 
51,POR,1441,1.4 
52,GSW,218,0.1 
53,HOU,725,0.8 
54,SAC,143,0.1 
55,CHH,767,0.7 
56,MIA,697,0.7 
57,WSB,1321,0.4 
58,SEA,1708,3.0 
59,LAL,2253,2.2 
60,TOT,1214,1.2 
60,NYK,379,0.7 
60,DAL,835,0.4 
Rk,Tm,MP,DWS 
61,SAS,465,0.5 
62,CHI,780,0.9 
63,HOU,1122,1.8 
64,SAC,674,0.8 
65,PHO,1602,1.4 
66,UTA,1838,2.1 
67,WSB,2025,-0.3 
68,WSB,1604,0.2 
69,TOT,1365,1.4 
69,SAC,974,1.1 
69,DET,391,0.3 
70,LAL,1515,1.2 
71,DET,77,0.1 
72,NJN,2778,4.4 
73,MIA,1726,1.4 
74,TOT,579,0.3 
74,CHH,378,0.2 
74,WSB,201,0.1 
75,IND,169,0.3 
76,TOT,203,0.2 
76,ORL,2,0.0 
76,MIL,201,0.2 
77,PHO,136,0.0 
78,UTA,2149,2.8 
79,BOS,467,0.3 
80,TOT,345,0.2 
80,PHO,168,0.1 
80,MIL,177,0.1 
Rk,Tm,MP,DWS 
81,UTA,313,0.3 
82,SAS,1133,1.4 
83,HOU,30,0.0 
84,CHH,2173,1.4 
85,PHI,43,0.0 
86,SAS,980,0.9 
87,CLE,1838,2.6 
88,IND,1732,2.8 
89,MIN,374,0.2 
90,IND,2292,3.6 
91,NYK,1333,1.9 
92,DAL,286,0.2 
93,PHI,1343,0.6 
94,MIL,2127,1.5 
95,LAC,759,0.2 
96,SAS,1949,1.7 
97,DEN,1507,2.9 
98,GSW,11,0.0 
99,LAL,2685,3.2 
100,BOS,2789,0.8 
Rk,Tm,MP,DWS 
101,DAL,685,0.6 
102,POR,2334,2.7 
103,WSB,1485,0.6 
104,POR,86,0.1 
105,DET,2591,-0.1 
106,BOS,1149,0.9 
107,PHI,44,0.1 
108,MIL,2322,1.2 
109,ATL,107,0.1 
110,LAL,469,0.1 
111,NJN,2727,2.6 
112,ATL,2147,3.5 
113,HOU,1606,2.0 
114,DET,2409,0.4 
115,SAS,2590,2.1 
116,LAC,923,0.8 
117,DEN,2699,4.1 
118,CHH,680,0.6 
119,WSB,1178,0.5 
120,CHI,419,0.5 
Rk,Tm,MP,DWS 
121,NYK,2972,8.0 
122,DEN,29,0.0 
123,ATL,1155,1.3 
124,CLE,965,1.0 
125,IND,1053,1.1 
126,SAS,737,0.6 
127,SEA,16,0.0 
128,MIL,19,0.0 
129,BOS,2096,1.7 
130,MIN,959,0.9 
131,NYK,78,0.1 
132,UTA,3,0.0 
133,BOS,1880,0.7 
134,GSW,1296,1.7 
135,CHH,1644,1.5 
136,WSB,70,0.0 
137,MIA,1199,1.4 
138,SEA,2435,3.6 
139,NJN,1969,2.2 
140,TOT,309,0.4 
140,CHH,255,0.3 
140,MIL,54,0.0 
Rk,Tm,MP,DWS 
141,ATL,8,0.0 
142,PHI,889,0.6 
143,ATL,128,0.2 
144,LAC,1533,1.3 
145,POR,2112,2.2 
146,CHI,2570,4.3 
147,GSW,382,0.5 
148,GSW,1096,0.8 
149,PHO,2825,2.6 
150,ORL,126,0.1 
151,TOT,334,0.2 
151,PHI,332,0.2 
151,UTA,2,0.0 
152,WSB,2795,2.7 
153,MIN,33,0.0 
154,CLE,131,0.2 
155,SAS,94,0.1 
156,ORL,3,0.0 
157,DEN,877,1.2 
158,ORL,3015,3.3 
159,TOT,2204,2.9 
159,DAL,893,0.4 
159,NYK,1311,2.5 
160,LAC,2856,2.3 
Rk,Tm,MP,DWS 
161,DAL,1165,0.7 
162,BOS,88,0.1 
163,LAL,247,0.2 
164,IND,186,0.3 
165,CHH,2648,2.1 
166,PHO,15,0.0 
167,CHH,17,0.0 
168,HOU,1292,1.9 
169,CLE,547,0.7 
170,CLE,1447,2.4 
171,DAL,428,0.3 
172,WSB,28,0.0 
173,TOT,2820,1.8 
173,PHI,1994,1.0 
173,UTA,826,0.8 
174,HOU,2370,4.3 
175,DET,1519,0.1 
176,GSW,866,1.0 
177,UTA,53,0.1 
178,UTA,1619,1.6 
179,DET,2172,1.0 
180,SAC,499,0.1 
Rk,Tm,MP,DWS 
181,POR,187,0.1 
182,DAL,3066,0.8 
183,LAC,2711,1.4 
184,MIN,92,0.1 
185,TOT,14,0.0 
185,UTA,4,0.0 
185,NJN,10,0.0 
186,LAC,75,0.0 
187,GSW,1097,0.9 
188,HOU,78,0.1 
189,GSW,2332,1.5 
190,CHI,119,0.1 
191,CHH,1460,0.6 
192,SEA,280,0.7 
193,PHO,875,0.6 
194,PHO,2449,1.7 
195,CHH,1757,1.1 
196,DET,877,0.6 
197,DAL,1773,1.6 
198,DEN,79,0.0 
199,LAL,259,0.2 
200,ATL,763,1.1 
Rk,Tm,MP,DWS 
201,SEA,2597,6.0 
202,TOT,136,0.1 
202,CHH,103,0.1 
202,CLE,33,0.1 
203,CHI,2036,2.1 
204,POR,1276,2.0 
205,MIA,66,0.0 
206,PHI,884,0.6 
207,SEA,86,0.1 
208,SEA,78,0.1 
209,TOT,1053,1.3 
209,CHI,537,0.9 
209,MIN,516,0.4 
210,ORL,309,0.3 
211,PHO,848,0.8 
212,TOT,1438,1.0 
212,PHO,8,0.0 
212,SAS,1430,1.0 
213,ATL,1823,3.4 
214,ORL,682,0.5 
215,CHI,1808,2.7 
216,MIN,2428,2.6 
217,DET,248,0.2 
218,ATL,1608,2.4 
219,PHI,1163,0.8 
220,DAL,1322,0.6 
Rk,Tm,MP,DWS 
221,SAC,169,0.1 
222,DAL,1947,2.1 
223,TOT,285,0.2 
223,DEN,11,0.0 
223,DET,274,0.1 
224,TOT,126,0.1 
224,ORL,20,0.0 
224,GSW,58,0.0 
224,BOS,48,0.1 
225,MIL,962,0.8 
226,MIA,2201,2.5 
227,TOT,1502,2.2 
227,MIN,989,1.3 
227,CHI,513,0.9 
228,LAL,1762,1.5 
229,PHO,69,0.1 
230,WSB,2487,0.3 
231,TOT,496,0.4 
231,DEN,126,0.1 
231,DET,370,0.3 
232,CLE,149,0.2 
233,NJN,226,0.2 
234,PHO,3207,2.3 
235,TOT,2560,0.9 
235,UTA,1657,1.0 
235,PHI,903,0.0 
236,UTA,3329,6.1 
237,PHI,618,0.5 
238,TOT,2520,2.8 
238,LAC,1595,1.2 
238,ATL,925,1.6 
239,DEN,32,0.0 
240,LAC,535,0.4 
Rk,Tm,MP,DWS 
241,DAL,2896,1.0 
242,NYK,1903,3.3 
243,MIN,626,0.7 
244,HOU,2571,3.6 
245,MIL,1472,0.3 
246,BOS,1971,1.3 
247,IND,2613,3.3 
248,SEA,1887,4.5 
249,DEN,285,0.4 
250,PHO,1786,3.1 
251,IND,2638,2.9 
252,CLE,2022,2.4 
253,DET,2773,1.8 
254,MIA,1358,0.7 
255,IND,1084,1.2 
256,DET,10,0.0 
257,TOT,367,0.3 
257,DAL,363,0.3 
257,UTA,4,0.0 
258,NJN,1349,1.6 
259,CHH,2018,2.5 
260,GSW,2324,2.3 
Rk,Tm,MP,DWS 
261,MIL,2533,2.2 
262,WSB,650,0.7 
263,TOT,67,0.0 
263,DET,57,0.0 
263,GSW,10,0.0 
264,POR,820,0.7 
265,PHO,196,0.2 
266,DEN,2853,6.4 
267,CHI,2030,2.4 
268,CLE,909,1.4 
269,SAS,1,0.0 
270,TOT,1697,1.3 
270,CHH,429,0.3 
270,NJN,1268,1.1 
271,MIL,2539,1.3 
272,ORL,3224,4.8 
273,DET,56,0.0 
274,NYK,2932,6.8 
275,HOU,3277,7.9 
276,BOS,540,0.2 
277,LAC,871,0.9 
278,WSB,749,0.0 
279,GSW,2738,2.6 
280,DEN,1382,1.9 
Rk,Tm,MP,DWS 
281,TOT,137,0.1 
281,IND,55,0.0 
281,NYK,8,0.0 
281,WSB,74,0.0 
282,BOS,1987,2.1 
283,CHI,343,0.3 
284,SEA,2881,4.1 
285,LAL,923,0.4 
286,SAC,667,0.7 
287,CHI,397,0.7 
288,SEA,2170,2.8 
289,PHO,432,0.4 
290,PHI,2336,1.3 
291,MIN,2029,0.8 
292,HOU,92,0.2 
293,CLE,1531,1.7 
294,SEA,1022,1.1 
295,BOS,1524,1.8 
296,CHI,2759,6.0 
297,TOT,2402,2.0 
297,DET,1350,1.2 
297,SAC,1052,0.9 
298,POR,2074,1.8 
299,WSB,1035,0.2 
300,CLE,2386,2.4 
Rk,Tm,MP,DWS 
301,BOS,2303,2.2 
302,LAL,635,0.6 
303,DEN,155,0.2 
304,SAS,1344,1.5 
305,MIA,2999,2.9 
306,IND,1022,0.9 
307,SAC,2897,1.2 
308,MIN,2415,0.8 
309,HOU,219,0.4 
310,NYK,499,0.9 
311,LAC,350,0.4 
312,POR,2853,3.7 
313,SAS,3241,6.7 
314,POR,673,0.7 
315,HOU,55,0.1 
316,TOT,396,0.3 
316,NJN,301,0.3 
316,CHH,95,0.0 
317,SAS,2989,5.4 
318,DEN,1406,2.1 
319,ORL,384,0.5 
320,DAL,1255,0.7 
Rk,Tm,MP,DWS 
321,ORL,1357,1.2 
322,UTA,1121,1.7 
323,MIA,1910,2.3 
324,TOT,363,0.2 
324,MIL,230,0.1 
324,LAL,133,0.1 
325,SEA,152,0.2 
326,NJN,319,0.5 
327,SEA,2728,3.2 
328,IND,1197,1.4 
329,ORL,2283,1.5 
330,IND,623,0.9 
331,MIA,2410,3.4 
332,MIA,2037,2.0 
333,SAC,2702,2.3 
334,ORL,2303,0.9 
335,NYK,1105,2.0 
336,MIN,1617,0.5 
337,DAL,1684,1.6 
338,HOU,2209,2.2 
339,TOT,877,0.4 
339,WSB,48,0.0 
339,SAC,829,0.4 
340,POR,316,0.4 
Rk,Tm,MP,DWS 
341,MIA,2776,1.9 
342,LAL,1617,0.5 
343,IND,2113,3.0 
344,TOT,349,0.3 
344,GSW,63,0.0 
344,SAC,286,0.3 
345,LAC,1930,1.6 
346,UTA,2210,3.2 
347,GSW,3533,3.2 
348,NYK,2057,3.7 
349,WSB,35,0.0 
350,DEN,2853,3.4 
351,UTA,2969,4.0 
352,POR,2889,3.0 
353,MIL,1131,0.8 
354,DET,1750,0.4 
355,POR,58,0.0 
356,IND,282,0.5 
357,HOU,2909,4.9 
358,LAL,2278,1.0 
359,SAC,2557,1.6 
360,LAC,640,0.3 
Rk,Tm,MP,DWS 
361,CLE,64,0.0 
362,ORL,32,0.0 
363,ORL,1536,1.0 
364,LAL,2700,0.7 
365,LAC,2118,2.2 
366,WSB,1397,0.4 
367,NJN,386,0.4 
368,PHI,3147,2.8 
369,SAC,2567,1.1 
370,GSW,2438,3.2 
371,CHI,1371,2.3 
372,BOS,37,0.0 
373,NJN,542,0.7 
374,MIN,2182,0.9 
375,PHO,1236,1.6 
376,ATL,1004,1.4 
377,DAL,320,0.3 
378,SAS,339,0.3 
379,TOT,158,0.2 
379,MIA,34,0.0 
379,DAL,124,0.1 
380,TOT,2635,2.8 
380,ATL,1687,2.3 
380,LAC,948,0.5 
Rk,Tm,MP,DWS 
381,CLE,2768,2.6 
382,UTA,12,0.0 
383,POR,2636,3.2 
384,MIN,46,0.0 
385,NYK,774,1.7 
386,CLE,2660,3.6 
387,NJN,877,1.1 
388,LAC,725,0.5 
389,IND,982,1.2 
390,TOT,716,0.7 
390,ORL,19,0.0 
390,CHH,19,0.0 
390,DAL,678,0.6 
391,MIN,2206,1.5 
392,DEN,2654,3.9 
393,CHI,638,1.1 
394,SAC,1356,1.0 
395,ATL,2867,5.1 
396,TOT,1221,0.8 
396,LAL,126,0.1 
396,SAC,1095,0.7 
397,CHH,1005,0.6 
398,DET,1182,0.6 
399,LAC,352,0.2 
400,PHI,1955,0.7 
Rk,Tm,MP,DWS 
401,IND,1714,2.2 
402,LAL,1597,0.5 
