Rk,Tm,MP,OWS 
1,LAL,2441,4.5 
2,PHO,1690,1.2 
3,WSB,1303,1.2 
4,PHO,711,-0.1 
5,DAL,2663,6.8 
6,BOS,2499,4.1 
7,DEN,1110,0.7 
8,HOU,312,0.1 
9,IND,721,0.6 
10,CLE,2182,0.3 
11,NJN,542,-0.2 
12,UTA,2155,0.2 
13,GSW,1579,0.5 
14,CHI,1822,1.9 
15,PHI,2740,7.7 
16,ATL,804,0.7 
17,PHO,979,-1.7 
18,LAC,2230,-1.3 
19,UTA,895,0.1 
20,TOT,1586,1.4 
20,POR,19,0.1 
20,SAS,1567,1.3 
Rk,Tm,MP,OWS 
21,POR,51,0.0 
22,BOS,3005,10.4 
23,NJN,127,0.0 
24,DAL,160,-0.3 
25,DAL,2758,6.5 
26,WSB,1552,-0.5 
27,POR,163,0.0 
28,MIL,900,-0.1 
29,LAL,219,0.4 
30,MIL,1467,0.1 
31,TOT,487,0.5 
31,LAL,404,0.6 
31,SAS,83,-0.1 
32,MIL,418,0.2 
33,SAS,29,0.0 
34,IND,148,-0.2 
35,CHI,818,0.1 
36,NJN,2339,0.0 
37,LAC,2922,4.8 
38,DET,332,-0.7 
39,BOS,297,-0.6 
40,ATL,695,1.1 
Rk,Tm,MP,OWS 
41,POR,1443,1.1 
42,GSW,2724,2.1 
43,NYK,1989,4.4 
44,WSB,2149,1.5 
45,SEA,3018,5.3 
46,PHI,2624,5.2 
47,CHI,27,-0.1 
48,NJN,1029,0.9 
49,MIL,57,-0.1 
50,TOT,1322,0.6 
50,CHI,473,-0.3 
50,PHI,849,0.9 
51,WSB,1420,-0.5 
52,LAL,2253,3.8 
53,DEN,1561,0.4 
54,TOT,1170,0.1 
54,SAS,732,0.1 
54,CLE,438,0.0 
55,CHI,2287,1.7 
56,NYK,1056,-0.3 
57,MIL,2770,4.1 
58,TOT,1973,1.3 
58,CHI,1105,0.6 
58,LAC,868,0.7 
59,UTA,636,-0.3 
60,LAC,924,-0.6 
Rk,Tm,MP,OWS 
61,DET,2736,7.8 
62,CLE,2695,2.6 
63,DAL,1582,2.8 
64,PHO,2646,4.5 
65,NJN,106,0.0 
66,SAS,1682,1.2 
67,TOT,731,-0.2 
67,CHI,7,0.0 
67,BOS,724,-0.2 
68,DAL,3028,6.5 
69,SAC,98,-0.3 
70,IND,128,0.0 
71,LAC,1566,-0.2 
72,POR,3114,6.6 
73,TOT,875,-0.1 
73,SAS,122,0.0 
73,POR,753,-0.1 
74,DET,2439,2.0 
75,DEN,1932,0.9 
76,UTA,2505,-1.5 
77,SAC,26,-0.1 
78,SAC,122,-0.3 
79,PHO,304,0.8 
80,CLE,890,0.0 
Rk,Tm,MP,OWS 
81,SEA,3073,7.6 
82,TOT,195,0.0 
82,POR,17,0.1 
82,MIL,48,0.0 
82,NJN,130,0.0 
83,DEN,3085,7.0 
84,PHI,1918,1.7 
85,DEN,1567,0.8 
86,NYK,2206,0.6 
87,HOU,498,-0.1 
88,TOT,883,0.3 
88,MIL,22,0.0 
88,LAC,861,0.3 
89,IND,2549,4.0 
90,GSW,3064,8.3 
91,PHI,285,-0.3 
92,PHO,1104,-0.3 
93,SAS,2405,3.0 
94,MIL,34,0.0 
95,NJN,2272,3.2 
96,PHO,836,0.2 
97,LAC,1130,-1.3 
98,NYK,166,-0.4 
99,IND,456,-0.4 
100,LAL,2240,4.3 
Rk,Tm,MP,OWS 
101,PHI,172,-0.4 
102,UTA,2090,3.0 
103,DET,1792,0.3 
104,SAS,2587,3.8 
105,UTA,1843,-0.1 
106,UTA,1453,0.9 
107,DEN,1990,2.1 
108,DAL,2556,6.8 
109,CLE,3064,-0.1 
110,HOU,1174,0.0 
111,ATL,256,0.0 
112,TOT,16,0.0 
112,ATL,10,0.0 
112,MIL,6,0.0 
113,TOT,2045,1.7 
113,SEA,155,0.3 
113,NYK,1890,1.5 
114,MIL,36,-0.2 
115,GSW,45,0.0 
116,TOT,323,-0.6 
116,HOU,92,-0.4 
116,BOS,231,-0.3 
117,GSW,1497,2.9 
118,PHI,2489,1.9 
119,MIL,2147,2.4 
120,POR,479,0.0 
Rk,Tm,MP,OWS 
121,PHO,1561,0.1 
122,CLE,2083,1.1 
123,PHO,2579,2.9 
124,LAC,428,-0.4 
125,UTA,845,0.0 
126,DAL,22,-0.1 
127,HOU,520,0.1 
128,SEA,1051,1.0 
129,BOS,2933,2.5 
130,SEA,508,0.6 
131,SAC,2457,3.6 
132,WSB,399,0.1 
133,LAL,2904,12.1 
134,LAC,302,0.0 
135,LAC,234,-0.3 
136,POR,2345,2.1 
137,DET,2166,2.5 
138,TOT,858,-0.2 
138,WSB,114,-0.2 
138,SAS,744,0.0 
139,POR,1578,0.6 
140,WSB,1609,0.2 
Rk,Tm,MP,OWS 
141,CHI,3281,11.9 
142,IND,60,0.0 
143,LAC,936,0.7 
144,POR,2088,3.5 
145,NJN,1291,-0.6 
146,NYK,214,0.3 
147,SEA,31,0.1 
148,BOS,745,-0.4 
149,SAC,1658,1.3 
150,ATL,1684,0.7 
151,SAS,1004,0.8 
152,DET,2854,5.6 
153,PHI,16,0.0 
154,HOU,1175,1.1 
155,CLE,870,-0.3 
156,DEN,3054,6.0 
157,ATL,1848,3.2 
158,SEA,2288,1.4 
159,HOU,688,1.0 
160,IND,2265,-0.3 
Rk,Tm,MP,OWS 
161,MIL,1358,2.7 
162,SEA,1120,1.3 
163,IND,1250,1.0 
164,DET,1278,0.3 
165,WSB,2763,3.8 
166,UTA,2857,1.8 
167,WSB,2488,6.0 
168,NJN,284,-0.4 
169,NYK,68,-0.2 
170,POR,146,-0.6 
171,DEN,286,-0.5 
172,LAL,532,0.1 
173,TOT,1968,4.0 
173,LAC,1132,2.0 
173,HOU,836,2.0 
174,PHI,2817,3.7 
175,HOU,3136,5.6 
176,CLE,279,-0.2 
177,SEA,3031,5.0 
178,GSW,1284,0.2 
179,MIL,70,0.1 
180,ATL,1420,1.7 
Rk,Tm,MP,OWS 
181,BOS,3060,10.8 
182,NJN,942,1.0 
183,SAS,42,-0.2 
184,SEA,1972,1.9 
185,PHI,113,-0.1 
186,NYK,972,-0.1 
187,DET,7,0.1 
188,TOT,1600,-0.8 
188,CLE,122,-0.5 
188,HOU,1478,-0.3 
189,SAS,922,0.1 
190,MIL,626,0.2 
191,MIL,992,2.0 
192,SAS,1234,0.3 
193,GSW,698,-0.2 
194,GSW,2377,4.0 
195,WSB,141,0.0 
196,CHI,155,0.1 
197,PHO,2569,7.3 
198,DEN,20,0.0 
199,SAS,980,0.9 
200,DET,267,0.0 
Rk,Tm,MP,OWS 
201,CLE,630,-0.2 
202,TOT,1088,0.1 
202,LAC,811,-0.1 
202,DET,277,0.1 
203,DAL,91,0.2 
204,WSB,123,-0.2 
205,CHI,2980,-1.1 
206,HOU,2760,4.9 
207,SAC,1002,1.0 
208,NYK,776,-0.9 
209,NYK,1440,0.7 
210,BOS,2995,4.6 
211,POR,1798,2.1 
212,CHI,2689,4.4 
213,DAL,2687,4.2 
214,IND,2956,1.5 
215,HOU,2403,1.4 
216,SEA,469,0.0 
217,MIL,2505,7.3 
218,PHO,2250,3.8 
219,LAC,6,-0.1 
220,TOT,604,0.7 
220,CLE,437,0.4 
220,CHI,167,0.3 
Rk,Tm,MP,OWS 
221,POR,2714,4.0 
222,MIL,2057,2.6 
223,SAC,913,0.0 
224,CLE,1217,0.0 
225,LAL,1514,1.3 
226,DEN,1421,1.9 
227,HOU,2594,1.3 
228,MIL,963,-0.5 
229,IND,1396,0.7 
230,ATL,2590,6.4 
231,BOS,1079,0.6 
232,SAS,2697,1.8 
233,PHI,1586,0.1 
234,DET,1155,1.1 
235,SAC,468,0.2 
236,ATL,1764,1.7 
237,WSB,669,-0.1 
238,POR,16,0.0 
239,PHI,116,0.2 
240,IND,511,-0.7 
Rk,Tm,MP,OWS 
241,DET,1463,1.4 
242,HOU,1326,-0.2 
243,PHO,1655,1.5 
244,DEN,1556,2.6 
245,SEA,579,-0.6 
246,DAL,1711,2.5 
247,DET,7,-0.1 
248,LAL,2729,4.8 
249,UTA,753,1.0 
250,CHI,1751,1.4 
251,GSW,950,1.6 
252,BOS,1566,1.2 
253,MIL,2536,2.7 
254,NYK,10,0.0 
255,MIL,205,-0.4 
256,GSW,341,0.0 
257,SAC,1658,0.9 
258,MIL,461,-0.5 
259,GSW,2374,2.7 
260,DEN,168,-0.2 
Rk,Tm,MP,OWS 
261,LAL,233,-0.1 
262,NYK,1951,0.4 
263,SEA,375,0.2 
264,SAC,665,0.5 
265,IND,2761,4.6 
266,UTA,1858,3.4 
267,SAS,1765,2.7 
268,DAL,1405,0.6 
269,DET,44,0.0 
270,GSW,1650,0.4 
271,SAC,2872,5.4 
272,BOS,89,-0.2 
273,DET,3013,3.8 
274,PHO,331,0.0 
275,LAL,762,0.7 
276,SAC,2166,2.0 
277,TOT,1890,0.8 
277,SAS,1210,0.6 
277,LAL,680,0.2 
278,NYK,282,-0.4 
279,SAC,2956,6.8 
280,TOT,1446,1.1 
280,PHI,668,-0.1 
280,CHI,778,1.3 
Rk,Tm,MP,OWS 
281,IND,2159,3.2 
282,PHI,1058,0.8 
283,UTA,1865,0.8 
284,NYK,1691,2.1 
285,BOS,18,-0.1 
286,CHI,936,0.4 
287,NJN,1003,-0.1 
288,CLE,801,-0.3 
289,SAC,1930,1.6 
290,LAC,1759,0.0 
291,POR,3029,9.6 
292,PHO,640,-0.4 
293,IND,44,0.0 
294,WSB,1386,0.7 
295,BOS,374,0.2 
296,PHI,817,-0.1 
297,CHI,534,0.0 
298,DEN,2020,2.0 
299,NYK,1719,1.9 
300,BOS,112,-0.3 
Rk,Tm,MP,OWS 
301,GSW,385,-1.1 
302,NJN,1600,-0.4 
303,ATL,532,0.4 
304,MIL,102,0.0 
305,BOS,78,-0.1 
306,DAL,560,0.0 
307,CLE,1333,0.1 
308,WSB,1816,1.5 
309,LAC,1545,0.5 
310,GSW,937,0.5 
311,HOU,788,0.1 
312,ATL,2969,8.4 
313,NYK,454,-0.4 
314,NYK,2758,2.3 
315,NJN,2976,4.3 
316,ATL,481,-0.4 
317,IND,2526,1.3 
318,CLE,2714,3.8 
319,WSB,1773,0.8 
320,SEA,703,0.0 
Rk,Tm,MP,OWS 
321,DEN,10,0.0 
322,NJN,800,-0.2 
323,ATL,2626,4.4 
324,TOT,45,-0.1 
324,NJN,43,-0.1 
324,ATL,2,-0.1 
325,SAC,789,0.1 
326,PHI,1612,-0.1 
327,ATL,2049,2.6 
328,DAL,657,0.5 
329,NJN,1733,1.3 
330,LAC,2126,0.2 
331,NJN,2638,5.3 
332,LAL,2819,5.9 
333,NYK,138,-0.2 
334,SEA,1482,2.0 
335,TOT,72,-0.2 
335,CHI,20,0.0 
