Rk,Tm,MP,OWS 
1,DEN,2221,2.8 
2,CHA,30,-0.1 
3,POR,2922,5.5 
4,CHI,29,0.0 
5,DEN,456,-0.3 
6,BOS,2819,5.1 
7,BOS,889,0.2 
8,TOT,1421,-1.6 
8,NJN,766,-1.2 
8,MIA,655,-0.4 
9,PHO,1168,1.5 
10,DEN,1695,3.2 
11,HOU,891,0.4 
12,OKC,15,0.0 
13,ORL,911,1.7 
14,DEN,2634,5.6 
15,MIA,1322,1.0 
16,WAS,1169,0.9 
17,HOU,2629,0.1 
18,TOT,335,-0.5 
18,NOH,239,-0.2 
18,SAC,56,-0.1 
18,HOU,40,-0.2 
19,MIA,1585,2.2 
20,MEM,457,-0.1 
Rk,Tm,MP,OWS 
21,DET,644,0.2 
22,CHA,1472,1.1 
23,POR,405,0.8 
24,GSW,231,0.6 
25,DEN,91,-0.2 
26,TOR,244,0.4 
27,PHO,786,0.7 
28,DAL,1546,1.0 
29,TOR,2799,3.3 
30,ORL,2097,2.5 
31,NYK,232,0.3 
32,ORL,648,1.0 
33,NJN,134,-0.1 
34,HOU,2168,2.2 
35,POR,918,2.4 
36,POR,1304,1.7 
37,MIA,2328,0.8 
38,DAL,700,1.1 
39,TOR,1121,0.9 
40,MIL,1611,0.1 
Rk,Tm,MP,OWS 
41,TOT,180,0.3 
41,CHA,157,0.2 
41,GSW,23,0.1 
42,NYK,292,-0.2 
43,ATL,2195,3.0 
44,GSW,763,0.7 
45,DEN,2490,7.7 
46,SAS,1494,1.8 
47,TOT,2159,1.9 
47,POR,1397,1.3 
47,LAC,762,0.6 
48,WAS,2256,0.8 
49,SAS,1559,0.7 
50,MIL,2229,2.6 
51,SAS,1161,2.1 
52,NJN,1045,0.7 
53,UTA,2673,5.3 
54,TOR,2526,7.9 
55,OKC,8,0.1 
56,WAS,1117,0.6 
57,PHI,2297,1.6 
58,MIN,2482,-0.4 
59,TOT,1742,1.6 
59,UTA,1662,1.7 
59,MEM,80,-0.1 
60,TOT,95,-0.1 
60,PHI,36,-0.1 
60,MIL,59,0.0 
Rk,Tm,MP,OWS 
61,SAC,654,1.2 
62,HOU,2919,3.9 
63,TOT,519,-0.7 
63,NOH,328,-0.3 
63,LAC,191,-0.4 
64,CHA,535,0.5 
65,TOT,1060,-0.2 
65,NOH,967,0.1 
65,CHI,93,-0.4 
66,DET,660,-0.6 
67,LAL,1700,1.1 
68,LAL,2835,5.4 
69,HOU,1488,1.9 
70,TOT,2783,0.6 
70,WAS,1853,0.4 
70,DAL,930,0.2 
71,LAC,2702,1.8 
72,LAL,1977,4.4 
73,DET,1667,1.3 
74,TOR,1817,4.2 
75,TOT,2314,2.5 
75,LAC,1596,1.7 
75,POR,718,0.8 
76,MIN,267,0.3 
77,PHI,857,0.9 
78,MEM,795,-0.1 
79,DAL,121,-0.2 
80,DEN,859,0.1 
Rk,Tm,MP,OWS 
81,ORL,2310,4.4 
82,SAC,1931,1.1 
83,MIA,1807,0.3 
84,CHA,1163,0.9 
85,NYK,2320,1.8 
86,PHO,383,-0.5 
87,PHO,261,-0.1 
88,ATL,115,-0.2 
89,LAC,470,-0.8 
90,NOH,2109,1.9 
91,OKC,1557,2.6 
92,MEM,2569,2.6 
93,HOU,36,-0.2 
94,HOU,44,-0.2 
95,MIA,691,-0.7 
96,ATL,2460,5.6 
97,POR,707,0.9 
98,NYK,62,-0.4 
99,LAC,0,0.0 
100,GSW,2896,3.0 
Rk,Tm,MP,OWS 
101,PHI,2124,2.3 
102,DAL,1280,1.8 
103,BOS,937,0.2 
104,LAC,2523,2.5 
105,BOS,933,0.5 
106,WAS,8,0.0 
107,LAC,499,-0.1 
108,DET,915,0.6 
109,MIL,2279,1.1 
110,CHI,2651,2.5 
111,TOR,1664,2.0 
112,CHA,2906,2.4 
113,MIA,44,-0.2 
114,TOT,51,0.0 
114,IND,25,0.0 
114,POR,26,0.0 
115,CHA,262,-0.1 
116,NJN,971,0.4 
117,TOT,106,0.0 
117,HOU,54,0.0 
117,SAC,52,0.0 
118,NYK,1087,1.8 
119,NJN,1730,-0.2 
120,PHO,1442,2.0 
Rk,Tm,MP,OWS 
121,PHO,1991,4.0 
122,NYK,2072,1.5 
123,SAS,2438,6.4 
124,IND,1486,0.8 
125,OKC,3239,11.1 
126,MIN,1384,0.3 
127,GSW,2647,0.0 
128,TOT,66,0.0 
128,MIL,62,0.0 
128,PHI,4,0.0 
129,ATL,1317,2.1 
130,TOR,311,-0.1 
131,SAC,2677,3.3 
132,LAL,1474,1.0 
133,CHA,2643,2.5 
134,POR,1441,1.4 
135,UTA,408,0.1 
136,TOT,709,0.3 
136,SAS,395,-0.2 
136,BOS,314,0.4 
137,LAL,2227,1.2 
138,MIN,2339,-0.6 
139,IND,1189,0.3 
140,IND,255,0.2 
Rk,Tm,MP,OWS 
141,WAS,1667,1.6 
142,PHO,2190,4.3 
143,MIL,314,-0.1 
144,UTA,217,0.3 
145,NYK,2747,4.1 
146,SAC,575,0.6 
147,BOS,2060,3.6 
148,MEM,2469,5.9 
149,LAL,2403,6.8 
150,MEM,3175,4.0 
151,WAS,182,0.3 
152,GSW,761,0.8 
153,CLE,1068,1.6 
154,CHI,2204,1.2 
155,TOT,239,-0.1 
155,BOS,99,-0.1 
155,NYK,140,0.0 
156,MEM,5,0.0 
157,SAS,2150,6.5 
158,MIN,2210,1.5 
159,TOT,1755,2.3 
159,DAL,1030,1.1 
159,LAC,725,1.1 
160,DET,1730,1.8 
Rk,Tm,MP,OWS 
161,LAC,2229,2.3 
162,ORL,1088,1.2 
163,DEN,759,0.5 
164,CHA,804,0.4 
165,IND,2278,3.5 
166,TOT,311,0.5 
166,CHI,50,-0.1 
166,NOH,261,0.6 
167,CLE,115,0.0 
168,OKC,3043,2.5 
169,PHI,1553,1.8 
170,SAC,1630,0.3 
171,PHO,32,0.0 
172,MEM,240,-0.2 
173,SAS,317,0.3 
174,SAS,44,0.0 
175,DET,1552,1.2 
176,IND,511,0.1 
177,OKC,1738,2.0 
178,NYK,2195,2.2 
179,NJN,2221,1.5 
180,TOT,96,-0.2 
180,HOU,82,-0.2 
180,WAS,14,0.0 
Rk,Tm,MP,OWS 
181,TOT,22,0.0 
181,MIN,5,0.0 
181,NOH,17,0.0 
182,MIA,2177,2.8 
183,NJN,1106,-0.4 
184,SAC,1904,0.5 
185,HOU,1773,1.2 
186,NJN,1033,0.3 
187,TOT,2355,3.7 
187,WAS,1614,2.6 
187,DAL,741,1.1 
188,IND,813,-0.1 
189,CHA,355,-0.1 
190,IND,2035,1.6 
191,CLE,1691,1.8 
192,DEN,2755,7.1 
193,SAS,2276,4.1 
194,PHO,2430,3.7 
195,TOT,624,0.8 
195,NYK,252,0.1 
195,HOU,372,0.6 
196,CHI,2481,1.2 
197,PHI,1767,0.2 
198,MIN,1223,0.8 
199,ATL,2845,6.9 
200,TOT,1217,0.0 
200,BOS,846,0.4 
200,NYK,371,-0.5 
Rk,Tm,MP,OWS 
201,ORL,2843,6.1 
202,TOT,918,0.2 
202,DAL,827,0.0 
202,WAS,91,0.2 
203,POR,1632,1.1 
204,TOT,131,-0.1 
204,BOS,70,-0.1 
204,MEM,61,0.0 
205,TOT,1115,-0.3 
205,NYK,820,-0.2 
205,CHA,295,-0.1 
206,TOT,1221,0.3 
206,DAL,315,0.2 
206,NJN,906,0.1 
207,GSW,783,0.9 
208,CHI,122,-0.4 
209,ATL,33,-0.1 
210,MEM,158,-0.1 
211,OKC,1323,1.3 
212,PHI,3193,4.0 
213,CLE,1339,0.5 
214,LAL,355,0.0 
215,MIL,1898,2.5 
216,TOT,865,0.5 
216,MEM,67,0.1 
216,PHI,798,0.4 
217,TOT,326,0.2 
217,PHI,236,0.4 
217,MIL,90,-0.2 
218,TOR,2243,4.5 
219,TOT,74,-0.3 
219,CLE,10,-0.1 
219,SAS,25,0.0 
219,WAS,39,-0.2 
220,TOT,123,-0.4 
220,CLE,114,-0.4 
220,MIL,9,-0.1 
Rk,Tm,MP,OWS 
221,TOT,3129,0.5 
221,GSW,300,-0.1 
221,CHA,2829,0.6 
222,CLE,2966,13.3 
223,WAS,46,-0.2 
224,TOT,2406,3.0 
224,WAS,1595,2.3 
224,CLE,811,0.7 
225,MIN,412,0.0 
226,UTA,73,0.0 
227,MIN,2463,2.3 
228,SAS,2520,3.0 
229,TOT,1794,0.9 
229,NYK,1462,0.8 
229,HOU,332,0.1 
230,MIL,2671,0.3 
231,DET,2232,2.9 
232,NJN,1655,0.0 
233,TOR,1453,3.4 
234,ORL,406,0.5 
235,CHI,757,-0.3 
236,ATL,2886,6.0 
237,IND,1892,0.1 
238,PHO,7,0.0 
239,MIA,503,0.5 
240,IND,675,0.0 
Rk,Tm,MP,OWS 
241,LAC,1137,0.2 
242,LAC,2608,0.0 
243,PHI,976,0.3 
244,TOT,113,-0.2 
244,CLE,5,-0.1 
244,GSW,108,-0.1 
245,DAL,2881,4.8 
246,UTA,1681,3.3 
247,UTA,952,1.6 
248,UTA,172,-0.2 
249,OKC,1741,2.0 
250,BOS,22,0.0 
251,TOT,2469,5.8 
251,HOU,1415,4.1 
251,SAC,1054,1.6 
252,TOT,111,-0.1 
252,NYK,108,-0.1 
252,BOS,3,0.0 
253,TOT,234,0.3 
253,GSW,66,0.3 
253,CHA,33,-0.1 
253,CHI,135,0.2 
254,DEN,1318,2.9 
255,NJN,2375,1.8 
256,NYK,3019,7.4 
257,ORL,2369,3.1 
258,TOT,796,0.7 
258,OKC,130,-0.2 
258,WAS,666,0.9 
259,NJN,3027,5.5 
260,PHO,986,2.5 
Rk,Tm,MP,OWS 
261,MIN,1714,3.4 
262,HOU,1651,2.9 
263,GSW,2081,5.6 
264,MIA,359,-0.1 
265,SAS,165,0.4 
266,DAL,2385,2.1 
267,NOH,75,0.1 
268,TOT,390,-0.1 
268,GSW,276,-0.1 
268,WAS,114,0.1 
269,DEN,1986,0.4 
270,TOT,1633,3.2 
270,SAC,774,1.5 
270,HOU,859,1.8 
271,SAC,66,0.0 
272,SAS,1515,0.3 
273,UTA,2025,2.6 
274,DET,1550,1.5 
275,SAC,331,0.0 
276,TOT,1269,0.5 
276,UTA,363,0.0 
276,OKC,906,0.5 
277,MEM,3113,4.3 
278,MIL,1866,1.8 
279,SAS,1617,0.6 
280,WAS,968,0.8 
Rk,Tm,MP,OWS 
281,TOT,673,0.0 
281,HOU,46,0.0 
281,NYK,627,-0.1 
282,TOT,307,-0.5 
282,WAS,240,-0.3 
282,SAC,67,-0.2 
283,IND,524,0.8 
284,TOT,719,0.1 
284,MIL,486,-0.4 
284,PHI,233,0.5 
285,TOT,120,-0.1 
285,HOU,13,0.0 
285,TOR,107,-0.1 
286,UTA,1497,0.2 
287,TOT,685,0.1 
287,NYK,71,0.0 
287,MIN,614,0.1 
288,POR,2500,4.6 
289,CHI,1950,1.5 
290,WAS,1805,2.5 
291,POR,38,0.0 
292,UTA,2277,3.7 
293,CHA,984,1.8 
294,CLE,1052,1.2 
295,GSW,406,0.5 
296,ATL,124,0.1 
297,LAL,241,-0.2 
298,GSW,2018,3.0 
299,OKC,54,-0.2 
300,IND,2344,4.1 
Rk,Tm,MP,OWS 
301,TOT,1673,-0.2 
301,CHA,993,-0.4 
301,CHI,680,0.2 
302,TOT,685,0.1 
302,NJN,204,-0.2 
302,DAL,481,0.3 
303,PHO,2660,9.1 
304,ORL,1860,2.8 
305,TOR,413,0.6 
306,CHI,1925,2.7 
307,SAC,1477,0.4 
308,LAC,362,0.2 
309,DAL,3039,8.4 
310,TOR,51,-0.1 
311,MIA,1991,2.4 
312,CLE,1240,0.9 
313,WAS,650,0.2 
314,POR,502,1.3 
315,LAL,2585,2.8 
316,NOH,2370,2.6 
317,UTA,2149,2.6 
318,OKC,263,0.0 
319,TOT,730,0.4 
319,POR,231,0.1 
319,LAC,499,0.3 
320,ATL,1089,1.2 
Rk,Tm,MP,OWS 
321,CHI,829,-1.1 
322,CLE,2289,2.3 
323,SAS,1728,2.0 
324,NOH,1712,5.7 
325,MIN,877,-1.5 
326,MIN,447,-0.3 
327,BOS,2154,1.4 
328,NOH,973,0.3 
329,DEN,436,0.2 
330,BOS,2411,5.0 
331,ORL,1687,1.2 
332,NOH,1731,1.0 
333,CLE,236,0.1 
334,LAL,581,-0.7 
335,IND,865,0.4 
336,UTA,806,-0.1 
337,DET,1664,2.6 
338,POR,681,0.3 
339,NJN,223,0.0 
340,TOT,891,-0.6 
340,CHA,133,0.0 
340,GSW,758,-0.6 
Rk,Tm,MP,OWS 
341,GSW,749,0.7 
342,TOT,53,-0.1 
342,MIA,47,-0.1 
342,POR,6,0.0 
343,MEM,3051,7.0 
344,TOT,807,0.1 
344,SAS,183,-0.3 
344,CHA,624,0.3 
345,MIL,492,-0.1 
346,ORL,1808,4.7 
347,CHI,224,0.0 
348,PHO,2485,5.0 
349,MIA,2082,2.7 
350,MIL,1759,4.0 
351,TOT,1115,1.4 
351,NYK,733,1.1 
351,BOS,382,0.2 
352,TOT,1048,0.6 
352,SAC,517,0.4 
352,NYK,531,0.2 
353,BOS,2963,4.9 
354,CHI,2871,3.5 
355,TOT,562,-0.4 
355,DAL,301,0.1 
355,WAS,261,-0.5 
356,POR,2419,7.0 
357,IND,2491,0.0 
358,LAC,58,-0.1 
359,TOT,2824,3.7 
359,CHI,1695,1.2 
359,MIL,1129,2.5 
360,BOS,472,-0.3 
Rk,Tm,MP,OWS 
361,HOU,2671,3.4 
362,OKC,2348,0.6 
363,MIN,1732,0.5 
364,NJN,395,-0.2 
365,TOT,977,-0.1 
365,DAL,211,-0.2 
365,WAS,766,0.1 
366,LAC,123,-0.1 
367,LAC,1232,2.0 
368,DEN,2082,0.6 
369,PHI,658,0.1 
370,ATL,592,0.3 
371,ATL,2871,4.2 
372,NOH,1410,0.0 
373,PHI,1016,1.2 
374,MIL,855,-0.3 
375,TOT,883,-0.9 
375,WAS,616,-0.6 
375,DAL,267,-0.3 
376,NOH,1947,1.9 
377,PHO,2838,8.2 
378,DET,2499,1.4 
379,DET,405,-0.1 
380,HOU,303,-0.1 
Rk,Tm,MP,OWS 
381,ATL,719,-0.2 
382,TOT,659,-0.1 
382,LAC,582,-0.1 
382,CLE,77,0.0 
383,TOT,334,0.0 
383,HOU,118,-0.1 
383,SAC,23,0.0 
383,SAS,193,0.1 
384,DAL,2540,4.4 
385,MEM,883,0.8 
386,OKC,321,-0.2 
387,SAC,313,0.1 
388,MIL,1049,0.0 
389,DAL,285,0.4 
390,TOT,1220,-0.3 
390,CHI,678,-0.2 
390,CHA,542,-0.1 
391,SAC,2357,1.9 
392,TOT,2079,1.2 
392,LAC,1405,1.0 
392,WAS,674,0.2 
393,NOH,1872,3.1 
394,MEM,589,-0.8 
395,TOT,1427,1.7 
395,POR,4,0.0 
395,GSW,1423,1.8 
396,TOT,96,0.1 
396,PHO,71,0.2 
396,MIN,25,0.0 
397,GSW,872,0.8 
398,TOR,2272,2.6 
399,SAC,944,0.0 
400,SAC,2477,4.2 
Rk,Tm,MP,OWS 
401,MIL,97,0.1 
402,CLE,2166,4.3 
403,DET,1848,2.1 
404,LAL,575,0.7 
405,MIA,2792,8.5 
406,TOT,768,1.6 
406,BOS,29,0.0 
406,NYK,739,1.6 
407,DET,1975,2.4 
408,CHA,3119,5.3 
409,BOS,1780,0.2 
410,LAL,272,-0.1 
411,TOT,1557,2.2 
411,MIL,1024,1.2 
411,CHI,533,1.0 
412,GSW,1788,2.2 
413,IND,2322,0.3 
414,OKC,144,0.1 
415,POR,2005,2.4 
416,TOR,1368,0.8 
417,NOH,2949,5.2 
418,CLE,1500,1.3 
419,ATL,142,0.1 
420,OKC,2813,2.7 
Rk,Tm,MP,OWS 
421,OKC,102,0.4 
422,DET,441,-0.2 
423,MIN,1585,0.9 
424,OKC,59,0.0 
425,UTA,2802,7.4 
426,ORL,1703,2.5 
427,CLE,742,0.3 
428,PHI,1912,4.1 
429,MEM,872,-0.4 
430,ATL,2468,3.1 
431,CLE,2359,4.0 
432,GSW,782,1.5 
433,NJN,227,-0.4 
434,BOS,597,1.1 
435,NJN,1764,-1.5 
436,LAL,2605,1.8 
437,TOR,1392,0.1 
438,MIA,1496,2.1 
439,NOH,871,0.2 
440,WAS,1421,0.9 
Rk,Tm,MP,OWS 
441,MEM,1321,0.6 
