Rk,Tm,MP,DRB,STL,BLK,PF 
1,TOT,441,43,20,10,56 
1,DEN,417,39,18,9,51 
1,DAL,24,4,2,1,5 
2,ATL,2980,498,98,81,214 
3,WAS,1325,105,35,7,113 
4,DET,97,22,0,1,6 
5,MIA,161,23,3,8,16 
6,MIL,2525,231,88,18,157 
7,MIL,600,62,32,2,42 
8,UTA,586,57,7,10,64 
9,DEN,262,38,7,28,35 
10,POR,1860,142,68,8,113 
11,BOS,2430,218,141,10,210 
12,MEM,219,32,6,6,17 
13,NYK,1596,192,48,15,134 
14,TOT,1514,110,77,5,114 
14,CHI,961,72,49,4,72 
14,MIL,553,38,28,1,42 
15,GSW,1155,91,69,11,115 
16,NJN,196,6,7,1,26 
17,ORL,2730,236,157,10,166 
18,TOT,371,28,11,1,30 
18,TOR,96,9,6,0,12 
18,DEN,275,19,5,1,18 
19,DET,2285,127,72,11,177 
20,CHH,1319,166,56,12,115 
21,MEM,307,60,9,5,36 
22,MIN,258,20,7,0,17 
23,CHI,638,107,17,24,108 
24,SEA,1710,182,22,36,197 
25,POR,228,13,17,1,29 
26,DET,582,56,14,2,37 
27,SEA,3040,383,147,37,182 
28,DET,1985,192,94,20,134 
29,DEN,408,64,10,5,94 
30,BOS,1819,297,60,67,219 
31,MEM,3097,238,121,81,215 
32,TOT,44,3,0,0,3 
32,PHO,42,2,0,0,3 
32,DAL,2,1,0,0,0 
33,PHI,890,80,21,4,109 
34,IND,1647,180,19,49,147 
35,TOT,1747,131,89,7,173 
35,IND,954,60,57,6,101 
35,CHI,793,71,32,1,72 
36,SAC,2659,185,87,15,133 
37,MIN,2355,191,66,17,169 
38,GSW,599,44,24,4,20 
39,PHI,1426,219,49,26,176 
40,BOS,415,59,16,19,59 
41,SEA,279,34,6,13,47 
42,POR,245,34,3,16,38 
43,ATL,585,72,18,15,64 
44,SAS,1699,120,62,25,116 
45,DEN,1686,165,75,41,171 
46,PHI,29,1,2,0,3 
47,LAC,761,27,20,2,44 
48,TOR,118,17,0,6,10 
49,DAL,757,123,28,64,128 
50,LAC,3020,529,80,163,254 
51,MIN,962,76,52,6,49 
52,IND,43,6,2,0,3 
53,IND,160,12,0,7,28 
54,SAC,92,23,2,4,12 
55,PHI,67,2,1,1,11 
56,ORL,65,9,3,1,4 
57,MIA,21,5,0,1,4 
58,BOS,245,39,18,7,18 
59,WAS,817,135,16,26,105 
60,CHH,2563,513,59,78,222 
61,BOS,6,0,0,1,1 
62,HOU,403,30,19,3,26 
63,POR,520,45,25,2,51 
64,LAL,3063,329,118,35,228 
65,SAS,206,19,7,2,38 
66,DAL,885,106,31,19,124 
67,TOT,684,87,21,8,53 
67,PHO,54,6,1,0,7 
67,ORL,630,81,20,8,46 
68,MEM,1769,220,42,12,110 
69,CHH,350,37,2,2,29 
70,POR,90,8,0,1,10 
71,MIL,283,26,4,5,39 
72,NYK,1007,233,34,50,107 
73,CHH,2156,397,60,137,264 
74,DET,43,4,1,0,5 
75,MIA,1050,98,50,3,85 
76,TOR,2385,175,94,43,191 
77,MIL,2605,258,90,12,208 
78,HOU,1917,349,40,95,208 
79,CHI,1389,229,28,93,179 
80,DEN,1631,183,34,21,156 
81,TOR,1576,136,56,5,177 
82,SAC,2798,300,160,25,209 
83,TOR,2185,421,58,122,258 
84,PHI,1528,114,95,6,145 
85,SAC,153,7,7,0,9 
86,PHI,2080,342,42,51,158 
87,CLE,693,43,13,4,59 
88,HOU,365,51,6,4,40 
89,UTA,1440,158,29,22,234 
90,NJN,1407,169,29,47,173 
91,ATL,131,16,2,5,21 
92,CHI,481,29,18,5,18 
93,TOT,156,9,5,0,10 
93,LAL,27,1,1,0,2 
93,PHO,129,8,4,0,8 
94,IND,1286,220,26,29,106 
95,UTA,802,59,19,1,77 
96,PHI,501,38,18,5,53 
97,TOR,886,58,22,6,50 
98,CHI,1150,161,16,53,173 
99,DET,1912,153,47,10,207 
100,PHI,177,43,6,13,30 
101,GSW,1740,220,17,167,235 
102,SAS,2175,153,48,12,104 
103,TOR,2978,486,54,83,225 
104,CHH,3318,256,172,47,241 
105,POR,2447,426,62,83,193 
106,ATL,774,55,27,5,68 
107,WAS,1231,70,28,3,58 
108,CLE,1954,180,69,23,145 
109,ORL,633,89,23,24,130 
110,PHO,6,0,0,0,0 
111,TOT,1447,145,53,10,98 
111,PHO,877,86,31,4,60 
111,BOS,570,59,22,6,38 
112,TOT,299,42,10,4,13 
112,NJN,249,33,8,4,12 
112,TOR,50,9,2,0,1 
113,MEM,124,9,3,1,12 
114,CLE,109,12,1,10,19 
115,SAC,2420,466,79,94,229 
116,CLE,705,121,15,11,98 
117,LAC,155,3,4,3,20 
118,CHH,774,58,32,2,49 
119,SEA,1174,144,20,31,109 
120,POR,327,53,3,14,42 
121,SAS,3329,774,61,203,217 
122,NYK,609,40,24,3,55 
123,LAC,152,22,2,6,16 
124,MIA,1684,180,30,37,196 
125,DAL,299,63,10,9,60 
126,MIN,45,1,0,0,9 
127,ORL,901,203,22,45,129 
128,SAS,799,75,16,9,70 
129,DAL,2754,270,65,25,144 
130,LAL,1974,131,66,9,121 
131,CHI,1963,299,49,24,186 
132,MEM,75,5,0,0,6 
133,PHO,452,75,6,7,99 
134,BOS,39,5,2,0,1 
135,GSW,2216,609,44,17,255 
136,MIL,24,8,0,0,4 
137,IND,1786,350,71,38,232 
138,MEM,320,37,9,11,22 
139,LAC,343,32,11,1,39 
140,LAL,2289,299,67,21,244 
141,GSW,1485,234,36,168,179 
142,HOU,2343,299,71,25,172 
143,SAC,722,122,11,18,65 
144,MIN,3175,738,96,126,184 
145,TOT,183,41,7,10,32 
145,MIN,152,34,5,9,26 
145,GSW,31,7,2,1,6 
146,ORL,2406,261,61,28,230 
147,MEM,3007,492,41,169,195 
148,MIA,809,135,17,11,109 
149,PHI,36,3,0,2,2 
150,LAL,1759,225,71,42,190 
151,MEM,384,21,11,3,38 
152,MIA,1410,155,44,8,140 
153,ATL,1156,133,45,14,89 
154,NJN,50,4,1,2,10 
155,MIA,2256,407,48,31,236 
156,ORL,2210,322,57,49,118 
157,DAL,1383,161,75,12,142 
158,HOU,1896,299,17,134,117 
159,PHO,1129,162,39,30,116 
160,CHI,607,32,10,7,23 
161,MIL,1208,111,25,37,175 
162,WAS,2203,143,38,14,136 
163,MIA,98,12,4,0,10 
164,DEN,848,143,21,18,104 
165,PHO,2462,252,122,32,184 
166,TOT,1601,110,57,10,109 
166,DAL,1276,84,40,8,84 
166,DEN,325,26,17,2,25 
167,PHI,2541,370,70,5,201 
168,IND,1313,180,41,21,166 
169,NYK,1563,224,30,36,250 
170,NJN,1553,158,53,6,99 
171,SAS,92,9,7,1,16 
172,SEA,47,4,1,3,8 
173,TOT,841,147,21,24,115 
173,DAL,162,34,4,5,27 
173,DEN,679,113,17,19,88 
174,CHI,2237,190,55,44,184 
175,CHH,77,15,0,1,9 
176,WAS,1266,179,21,91,158 
177,ATL,422,66,11,15,40 
178,GSW,70,2,6,2,4 
179,ORL,512,96,8,4,40 
180,CLE,810,195,17,13,102 
181,CHI,1408,192,61,5,87 
182,LAL,2140,349,77,89,208 
183,MIA,1230,93,43,5,98 
184,NYK,2914,215,54,10,182 
185,TOT,2635,389,46,47,265 
185,DAL,1659,252,28,30,170 
185,DEN,976,137,18,17,95 
186,ORL,1854,115,57,6,119 
187,GSW,2049,162,113,23,150 
188,LAL,1616,103,66,19,120 
189,ORL,516,57,5,43,81 
190,CLE,1329,198,17,84,187 
191,PHI,2622,225,168,13,102 
192,SAC,1750,169,73,11,145 
193,ORL,144,16,5,0,13 
194,TOR,280,24,9,1,24 
195,MIA,1825,236,42,14,145 
196,TOT,495,80,11,6,69 
196,GSW,169,26,5,3,25 
196,MIN,326,54,6,3,44 
197,NYK,2367,253,74,1,162 
198,SAS,227,23,15,3,29 
199,SEA,949,143,25,86,174 
200,MIA,119,12,6,1,17 
201,PHI,41,2,0,1,5 
202,GSW,3033,345,70,45,187 
203,LAC,176,15,5,1,23 
204,NJN,1917,208,64,48,211 
205,NJN,366,19,31,1,30 
206,TOT,1352,55,40,9,86 
206,DEN,1200,50,35,8,69 
206,DAL,152,5,5,1,17 
207,ATL,1727,188,62,56,163 
208,MIL,1660,324,37,82,219 
209,TOT,1916,182,59,20,114 
209,BOS,1003,99,33,9,59 
209,PHO,913,83,26,11,55 
210,PHI,126,23,3,9,35 
211,DET,1083,90,23,1,83 
212,MIA,3156,317,117,77,258 
213,CLE,2142,365,75,46,184 
214,WAS,1920,345,50,19,209 
215,WAS,2093,289,85,26,119 
216,POR,1232,198,43,33,184 
217,POR,775,54,13,1,49 
218,NJN,3056,465,175,20,136 
219,UTA,2151,253,116,159,156 
220,NJN,2601,207,130,31,108 
221,MEM,1151,98,79,7,135 
222,NYK,429,56,11,10,95 
223,ATL,1494,175,48,17,91 
224,WAS,1441,227,60,25,129 
225,TOT,2455,403,55,213,281 
225,DEN,1668,262,31,153,173 
225,DAL,787,141,24,60,108 
226,CLE,477,42,13,5,49 
227,HOU,434,45,8,5,25 
228,UTA,542,38,17,7,58 
229,DEN,1665,145,59,25,105 
230,UTA,490,33,23,9,89 
231,SEA,2585,359,104,40,174 
232,SEA,176,16,9,2,11 
233,SEA,989,144,22,28,180 
234,MEM,1868,200,63,12,123 
235,MIN,581,51,18,1,73 
236,WAS,1458,108,49,0,120 
237,CHH,893,116,40,14,75 
238,NJN,1502,221,24,89,181 
239,MIA,159,12,5,1,17 
240,LAL,650,73,16,13,104 
241,LAC,1615,177,41,19,155 
242,CHH,1549,308,27,86,201 
243,PHO,1180,148,48,15,104 
244,UTA,3040,544,152,59,229 
245,DAL,552,83,21,21,80 
246,PHO,3187,191,77,13,186 
247,PHO,3109,592,149,86,214 
248,MIA,319,56,5,10,40 
249,NJN,118,13,3,0,14 
250,UTA,1750,285,50,67,150 
251,DAL,22,1,2,0,4 
252,NJN,2504,275,90,121,261 
253,CHH,1601,211,45,6,80 
254,MIL,3143,522,57,22,187 
255,SEA,2420,259,67,27,170 
256,MEM,1247,224,30,31,174 
257,BOS,718,96,18,7,83 
258,SAS,153,20,6,10,23 
259,DEN,1830,184,58,19,175 
260,LAL,104,17,0,5,14 
261,DEN,236,37,10,8,20 
262,ORL,2912,447,119,73,139 
263,LAC,3030,168,63,6,202 
264,PHI,784,79,41,4,90 
265,PHI,1471,166,56,14,74 
266,LAL,729,73,29,11,119 
267,TOT,1716,128,32,13,108 
267,CHI,1503,111,30,10,86 
267,IND,213,17,2,3,22 
268,CLE,1659,259,18,89,260 
269,LAC,2227,344,71,103,184 
270,CLE,3023,271,126,34,228 
271,TOT,2263,369,76,41,244 
271,CHI,1391,225,52,29,156 
271,IND,872,144,24,12,88 
272,ORL,2123,224,47,23,145 
273,IND,2889,196,88,10,143 
274,GSW,1237,139,31,13,120 
275,MIN,726,64,12,4,79 
276,HOU,3116,237,109,37,189 
277,ATL,2168,409,63,61,252 
278,CHH,76,21,3,2,12 
279,TOR,655,104,12,23,92 
280,DET,217,31,7,9,35 
281,HOU,1110,134,21,27,72 
282,ATL,1371,187,20,19,174 
283,MIA,2455,450,27,186,258 
284,GSW,1448,223,36,21,217 
285,CLE,2312,291,70,43,148 
286,TOR,473,35,11,8,38 
287,PHI,2907,609,29,190,242 
288,TOR,46,5,0,2,6 
289,CHH,1912,188,59,17,175 
290,DAL,1357,193,56,30,156 
291,DAL,2837,204,53,4,164 
292,WAS,1498,213,61,22,164 
293,MIN,2218,334,45,109,262 
294,ATL,1273,142,38,20,117 
295,DAL,724,40,29,4,88 
296,HOU,2249,173,81,4,130 
297,DAL,2891,635,83,77,222 
298,IND,2707,569,45,166,269 
299,LAL,2422,480,41,137,199 
300,CHI,1383,271,49,11,175 
301,LAC,999,145,23,36,91 
302,TOR,1378,268,74,90,147 
303,GSW,139,8,3,0,16 
304,TOT,1723,159,62,2,97 
304,CHI,1146,110,36,1,64 
304,IND,577,49,26,1,33 
305,LAC,2568,547,55,145,217 
306,UTA,1107,188,15,109,152 
307,TOT,1928,217,70,92,205 
307,ORL,160,14,9,9,23 
307,PHO,1768,203,61,83,182 
308,LAC,130,11,3,1,10 
309,SEA,221,52,4,2,36 
310,MIN,252,16,13,0,32 
311,UTA,1295,174,43,13,140 
312,TOT,790,62,30,4,61 
312,BOS,518,42,21,3,38 
312,PHO,272,20,9,1,23 
313,SAS,2267,164,89,7,166 
314,SAS,234,34,7,8,34 
315,POR,1765,143,79,37,140 
316,SEA,3301,316,131,26,179 
317,MIN,2060,169,61,11,137 
318,LAL,12,2,2,0,0 
319,MEM,48,4,3,0,6 
320,CLE,2793,244,77,37,93 
321,TOR,1988,132,73,11,174 
322,LAC,1718,141,41,12,110 
323,BOS,3302,485,154,86,237 
324,POR,1996,244,101,35,162 
325,SAC,1881,377,70,76,202 
326,MIL,426,53,11,11,47 
327,SAS,1294,152,45,16,89 
328,DEN,2238,320,114,39,224 
329,NYK,179,14,6,0,7 
330,BOS,1343,180,37,18,174 
331,SAC,89,4,3,1,13 
332,MIL,1128,205,20,118,199 
333,SEA,1230,185,56,24,119 
334,POR,238,38,7,4,29 
335,ATL,82,11,1,8,8 
336,DET,1179,206,28,73,192 
337,TOT,33,0,1,0,4 
337,CHH,2,0,0,0,1 
337,LAC,31,0,1,0,3 
338,MIL,1417,147,42,7,96 
339,ORL,714,111,20,44,180 
340,HOU,606,42,12,3,34 
341,GSW,2629,216,106,31,195 
342,TOT,67,5,0,0,5 
342,IND,4,0,0,0,0 
342,CHI,63,5,0,0,5 
343,LAC,2152,221,78,21,142 
344,LAL,709,80,18,6,61 
345,DEN,173,23,3,2,11 
346,DET,2855,307,89,95,243 
347,SAS,2303,456,86,140,193 
348,CHI,653,54,23,11,35 
349,MIL,2346,336,97,41,173 
350,NYK,10,2,0,0,1 
351,IND,168,24,5,6,17 
352,TOT,1880,219,66,29,226 
352,PHO,1254,146,50,17,148 
352,BOS,626,73,16,12,78 
353,LAC,728,92,12,21,114 
354,TOT,3153,330,78,45,251 
354,IND,1937,220,45,29,148 
354,CHI,1216,110,33,16,103 
355,SAS,1725,320,70,42,208 
356,PHI,169,28,5,8,23 
357,UTA,1998,216,64,19,205 
358,PHO,24,7,0,1,4 
359,ORL,36,4,3,0,3 
360,DEN,560,35,31,1,43 
361,NJN,290,39,9,2,39 
362,DEN,252,50,3,6,49 
363,SEA,142,13,3,2,18 
364,LAL,631,93,25,3,43 
365,WAS,343,27,13,5,31 
366,ATL,3,0,0,0,0 
367,CLE,1107,188,24,61,130 
368,TOT,47,4,1,1,3 
368,NJN,10,2,0,0,1 
368,ATL,37,2,1,1,2 
369,SAS,1141,99,52,44,114 
370,TOT,181,20,6,6,31 
370,SAC,71,12,2,4,12 
370,PHI,110,8,4,2,19 
371,MIN,1922,301,39,59,250 
372,ATL,100,21,5,1,12 
373,SAS,2211,148,54,15,158 
374,PHI,2225,182,95,9,167 
375,MEM,872,56,35,7,76 
376,NYK,248,34,7,8,73 
377,NYK,3326,239,94,14,161 
378,DET,2685,238,77,37,163 
379,UTA,929,53,33,0,126 
380,MIA,884,170,24,44,103 
381,UTA,1134,87,29,24,82 
382,TOR,93,13,4,3,22 
383,CLE,665,65,29,6,42 
384,UTA,2566,204,152,24,209 
385,SAC,2649,301,81,14,120 
386,POR,2796,214,67,7,153 
387,BOS,1643,191,56,1,145 
388,ATL,654,90,19,17,48 
389,MIA,2294,183,82,11,114 
390,IND,88,14,3,3,16 
391,GSW,1780,167,88,17,160 
392,MEM,1805,269,53,113,178 
393,MIN,3117,271,66,21,188 
394,ATL,2967,230,144,13,156 
395,WAS,618,126,17,35,76 
396,HOU,2484,358,85,66,195 
397,NYK,2771,533,71,79,341 
398,MIL,1987,236,65,32,200 
399,IND,2442,220,138,40,248 
400,HOU,1075,75,25,9,64 
401,CHH,678,120,24,37,127 
402,MIN,1140,166,21,27,160 
403,CLE,77,9,8,4,8 
404,PHO,1582,244,23,69,193 
405,SAC,1970,300,57,31,184 
406,TOT,2496,226,44,11,104 
406,DEN,1739,150,30,7,69 
406,DAL,757,76,14,4,35 
407,NJN,2465,472,63,42,221 
408,DET,6,1,0,0,3 
409,ATL,1856,150,65,2,183 
410,PHO,900,147,11,23,139 
411,BOS,3406,564,122,38,237 
412,LAL,1655,352,28,88,170 
413,DET,2921,721,138,278,178 
414,SAC,430,40,19,6,46 
415,PHO,490,58,11,9,60 
416,POR,2963,509,101,101,212 
417,NYK,1058,112,68,14,100 
418,SEA,964,52,60,5,93 
419,NYK,1728,311,37,48,132 
420,SAC,2071,396,90,76,181 
421,POR,2348,323,113,25,208 
422,CHH,2487,99,74,15,147 
423,WAS,1346,285,25,75,163 
424,DET,129,16,9,2,6 
425,WAS,2171,141,72,6,182 
426,NJN,1546,224,29,76,212 
427,TOR,2927,223,135,26,191 
428,BOS,1747,163,77,8,179 
429,MEM,2236,173,111,7,102 
430,TOR,1641,221,78,25,153 
431,ORL,1284,155,49,17,134 
432,DEN,737,127,17,33,98 
433,SEA,603,47,21,2,35 
434,HOU,1117,125,18,10,106 
435,DET,1701,202,49,26,226 
436,HOU,865,194,25,23,98 
437,MIN,516,76,17,34,60 
438,TOT,1642,198,141,39,217 
438,CHI,823,91,75,23,108 
438,IND,819,107,66,16,109 
439,MEM,1251,275,30,23,126 
