Rk,Tm,MP,DRB,STL,BLK,PF 
1,TOT,1578,190,59,28,147 
1,ORL,1205,162,53,16,116 
1,DEN,373,28,6,12,31 
2,VAN,3223,607,89,87,244 
3,DEN,329,34,24,2,39 
4,MIL,3070,276,110,19,187 
5,MIL,361,18,12,0,29 
6,ORL,1684,204,35,37,161 
7,LAC,2201,178,90,11,149 
8,BOS,2593,170,139,8,230 
9,SAC,2094,256,94,16,118 
10,HOU,2700,293,96,32,182 
11,CHI,1007,190,29,25,180 
12,POR,1548,116,59,9,143 
13,CHI,583,45,7,1,34 
14,ORL,2590,205,169,9,137 
15,ORL,1626,106,52,3,137 
16,POR,692,74,27,11,69 
17,WAS,1173,218,17,38,128 
18,LAC,377,51,16,15,62 
19,MIN,484,32,14,2,60 
20,PHO,449,46,13,4,55 
21,SEA,2849,378,47,66,288 
22,HOU,620,138,14,4,48 
23,BOS,1139,86,31,4,80 
24,SEA,2726,322,103,31,228 
25,TOT,159,12,2,0,23 
25,GSW,85,8,2,0,14 
25,ATL,74,4,0,0,9 
26,SAC,1281,121,75,7,104 
27,BOS,1505,258,47,70,249 
28,IND,130,17,1,5,18 
29,CLE,8,1,0,1,1 
30,CHI,862,67,31,22,122 
31,LAC,3,1,0,0,1 
32,IND,1691,126,76,5,204 
33,VAN,3155,233,132,15,171 
34,DEN,305,26,10,2,27 
35,GSW,2459,215,146,22,122 
36,PHO,446,61,15,7,78 
37,TOR,1731,110,65,4,119 
38,TOT,118,18,2,6,25 
38,NYK,5,0,0,0,1 
38,LAC,113,18,2,6,24 
39,WAS,143,17,3,14,23 
40,SEA,167,26,6,3,9 
41,ATL,423,63,14,9,46 
42,TOT,878,69,23,15,118 
42,PHI,311,22,9,5,37 
42,MIA,567,47,14,10,81 
43,DEN,589,39,39,13,95 
44,PHI,20,2,1,0,0 
45,TOT,261,14,12,1,23 
45,ORL,8,0,0,0,0 
45,CLE,253,14,12,1,23 
46,DAL,1901,337,71,190,260 
47,CLE,61,10,1,0,13 
48,CHI,2999,462,66,132,259 
49,MIN,2587,194,134,30,158 
50,TOT,1096,132,20,18,114 
50,SAS,602,66,8,10,53 
50,CHH,494,66,12,8,61 
51,TOR,673,45,24,5,62 
52,DET,45,4,0,0,8 
53,MIA,2302,384,65,61,264 
54,CHI,1625,121,61,15,120 
55,NYK,289,24,9,1,35 
56,LAL,2524,308,106,62,220 
57,CLE,1712,226,31,31,250 
58,DAL,923,118,38,20,148 
59,DET,657,61,25,16,50 
60,MIA,386,38,10,8,44 
61,HOU,1024,125,19,13,85 
62,NJN,1336,191,67,44,173 
63,GSW,2159,293,62,20,269 
64,NJN,242,48,8,8,30 
65,NYK,1548,287,43,116,204 
66,CHH,2538,422,56,150,269 
67,VAN,221,24,3,6,42 
68,TOT,1166,132,30,15,113 
68,GSW,74,8,0,1,12 
68,CHI,1092,124,30,14,101 
69,MIA,1859,151,93,5,167 
70,TOR,3126,326,110,92,263 
71,MIL,2899,232,102,8,255 
72,HOU,1581,287,33,124,175 
73,MIA,185,36,2,16,42 
74,DAL,2064,290,56,24,165 
75,LAL,185,10,7,0,22 
76,PHO,957,70,22,1,70 
77,BOS,1309,115,44,14,158 
78,TOT,601,85,15,10,73 
78,UTA,224,28,5,4,31 
78,CLE,30,5,0,0,3 
78,LAC,347,52,10,6,39 
79,NYK,1675,130,36,4,240 
80,TOR,2264,222,102,43,167 
81,DEN,1850,343,45,114,231 
82,LAC,820,114,13,73,80 
83,CHH,2347,508,34,130,195 
84,ATL,1924,142,58,11,178 
85,LAC,9,1,0,0,1 
86,SAC,941,125,36,5,99 
87,ATL,668,48,17,16,83 
88,IND,1885,381,44,60,203 
89,DET,937,58,27,5,104 
90,GSW,398,62,13,8,74 
91,GSW,1793,127,91,13,174 
92,TOT,309,32,13,4,61 
92,HOU,50,4,2,0,10 
92,GSW,259,28,11,4,51 
93,TOR,1095,89,32,9,66 
94,DET,1611,83,33,5,209 
95,GSW,495,86,8,15,75 
96,SAS,1195,70,55,5,73 
97,TOT,474,55,17,3,56 
97,CHI,443,51,13,2,49 
97,CLE,31,4,4,1,7 
98,TOR,2479,461,38,100,267 
99,CHH,1523,117,97,19,201 
100,PHO,22,6,1,1,2 
101,IND,2127,473,52,94,203 
102,SEA,701,85,38,5,72 
103,DAL,1817,117,24,3,109 
104,GSW,464,53,25,4,52 
105,CHH,570,54,30,8,39 
106,PHO,941,98,44,22,127 
107,CLE,1831,283,63,66,275 
108,MIL,1211,98,36,0,81 
109,SAC,682,52,35,5,58 
110,SAS,95,12,1,1,10 
111,VAN,3103,201,116,45,226 
112,SAC,2374,482,103,103,251 
113,ORL,1335,245,29,34,224 
114,NJN,309,16,17,0,26 
115,HOU,1293,80,41,1,79 
116,NYK,459,73,7,21,95 
117,SAS,2875,656,66,165,210 
118,UTA,2096,147,59,9,223 
119,VAN,351,58,9,4,61 
120,SAS,2217,201,73,9,156 
121,SAS,391,41,12,2,34 
122,TOT,564,43,13,0,45 
122,MIL,324,27,6,0,23 
122,CHH,240,16,7,0,22 
123,ATL,1309,192,32,25,133 
124,BOS,269,38,10,8,67 
125,NJN,373,68,8,21,84 
126,NYK,2035,464,36,84,196 
127,GSW,1199,177,66,16,167 
128,NJN,2241,491,43,38,206 
129,CLE,1326,183,22,24,181 
130,DAL,3464,396,109,32,171 
131,LAL,1803,121,80,3,150 
132,BOS,856,225,20,5,180 
133,SEA,718,91,10,18,105 
134,IND,86,20,5,1,18 
135,LAL,1473,135,52,26,203 
136,GSW,1654,250,26,136,218 
137,HOU,2776,257,118,29,231 
138,CHH,399,74,9,8,46 
139,SAC,1026,136,32,20,91 
140,MIN,3243,733,120,126,205 
141,MIN,604,99,8,40,94 
142,ORL,23,1,0,0,0 
143,ORL,1479,166,31,19,197 
144,TOT,1811,348,82,23,246 
144,ORL,1041,206,48,10,142 
144,DEN,770,142,34,13,104 
145,PHI,1406,233,29,22,194 
146,LAL,345,46,10,4,54 
147,NJN,2355,201,139,41,211 
148,UTA,782,137,12,16,83 
149,ATL,446,23,15,4,28 
150,POR,1322,223,32,28,166 
151,POR,24,3,1,0,3 
152,SEA,2688,424,55,60,192 
153,HOU,124,14,5,3,22 
154,LAL,1929,326,53,18,127 
155,BOS,1927,244,116,15,222 
156,PHO,1767,284,80,31,152 
157,MIL,792,87,29,29,102 
158,WAS,1373,91,28,6,142 
159,HOU,273,59,4,14,25 
160,MIN,372,67,8,3,55 
161,PHO,2253,256,94,38,164 
162,MIA,1672,125,49,4,112 
163,LAL,2042,241,85,39,164 
164,ORL,63,7,5,1,7 
165,IND,854,112,25,9,130 
166,VAN,2677,367,36,58,287 
167,NJN,1510,134,65,6,98 
168,POR,137,25,1,6,20 
169,CHI,1622,144,74,15,146 
170,CHH,36,7,0,0,2 
171,ATL,2775,306,81,54,233 
172,CLE,1107,106,39,17,99 
173,TOT,71,10,2,1,8 
173,CLE,47,9,2,1,7 
173,NJN,24,1,0,0,1 
174,DEN,597,40,15,2,74 
175,DET,2776,393,103,43,190 
176,PHI,2155,405,64,27,243 
177,CHI,845,103,40,2,66 
178,CHH,4,1,0,0,0 
179,UTA,2133,133,66,16,149 
180,LAL,1685,228,84,80,189 
181,NYK,3169,233,65,14,219 
182,WAS,2909,338,67,21,299 
183,LAC,1592,120,43,0,65 
184,TOT,2324,236,115,28,191 
184,PHI,1018,107,54,12,94 
184,GSW,1306,129,61,16,97 
185,DAL,224,25,3,1,30 
186,DET,2919,215,129,22,216 
187,PHI,2853,196,144,5,162 
188,MIN,1034,103,48,7,114 
189,SAS,1691,147,54,7,157 
190,DET,73,10,3,0,7 
191,ATL,2767,293,57,10,167 
192,IND,2190,233,76,10,111 
193,DAL,1,0,0,0,0 
194,TOT,681,46,30,3,113 
194,LAL,18,1,1,0,1 
194,GSW,663,45,29,3,112 
195,MIA,23,1,0,3,1 
196,GSW,1556,187,30,15,115 
197,MIA,74,5,2,1,17 
198,TOT,637,30,33,4,58 
198,ATL,423,24,23,2,41 
198,ORL,214,6,10,2,17 
199,SAS,2571,125,76,18,150 
200,NYK,37,4,1,0,5 
201,MIL,2129,415,81,127,298 
202,PHO,113,16,2,0,6 
203,NYK,2281,293,42,7,205 
204,LAC,662,45,30,5,46 
205,TOT,612,43,18,1,34 
205,GSW,196,16,6,0,13 
205,DAL,416,27,12,1,21 
206,CHH,2807,262,192,49,176 
207,PHI,138,22,6,5,10 
208,DEN,330,62,3,6,50 
209,WAS,243,25,12,2,29 
210,UTA,604,91,17,13,90 
211,CLE,2492,494,100,96,371 
212,SAS,268,16,4,0,14 
213,SAS,1310,167,67,47,161 
214,TOT,132,22,4,3,20 
214,CHI,41,7,1,1,8 
214,CLE,91,15,3,2,12 
215,PHO,2616,387,134,28,148 
216,WAS,1060,166,34,15,132 
217,NJN,1896,179,79,19,120 
218,POR,31,6,1,0,7 
219,CLE,1754,155,107,21,185 
220,LAL,410,83,6,23,88 
221,TOT,1784,198,77,28,112 
221,CHI,868,93,44,19,51 
221,PHI,916,105,33,9,61 
222,DET,2443,378,83,45,326 
223,DEN,2435,471,42,180,292 
224,NYK,244,44,8,6,31 
225,TOT,38,5,4,1,8 
225,TOR,32,5,4,1,7 
225,PHI,6,0,0,0,1 
226,CLE,145,11,5,0,16 
227,CHI,129,9,7,0,9 
228,GSW,284,19,4,1,33 
229,MIA,1434,116,41,15,127 
230,UTA,896,67,24,15,158 
231,SEA,1575,209,62,36,163 
232,PHO,1081,105,49,13,129 
233,VAN,920,148,45,10,108 
234,PHO,1417,223,22,42,221 
235,VAN,781,65,32,17,94 
236,LAL,146,10,3,0,17 
237,PHI,2416,366,119,38,231 
238,PHI,528,98,11,37,94 
239,GSW,333,32,18,1,45 
240,PHO,143,17,2,1,24 
241,ORL,1370,180,24,26,169 
242,MIA,2308,306,89,17,156 
243,UTA,2947,610,79,71,229 
244,CHI,1175,54,32,3,42 
245,MIL,1217,158,62,29,183 
246,NJN,2881,179,112,15,195 
247,PHO,1260,227,38,53,113 
248,TOR,12,2,1,1,3 
249,CLE,39,1,2,0,7 
250,GSW,2071,448,68,68,180 
251,SAC,893,37,28,2,89 
252,MIA,2828,317,79,14,215 
253,CHH,3133,554,74,29,220 
254,HOU,109,20,2,5,13 
255,SEA,989,64,38,9,83 
256,BOS,879,77,24,23,83 
257,DEN,2118,213,48,26,180 
258,SEA,746,125,15,46,127 
259,DEN,2698,451,69,139,316 
260,TOR,2462,313,90,151,201 
261,NJN,1048,124,26,117,205 
262,LAC,597,54,15,2,55 
263,IND,634,106,29,13,81 
264,PHI,1952,199,108,18,194 
265,ATL,860,97,16,5,84 
266,TOT,2377,186,75,23,151 
266,DEN,1408,123,33,15,75 
266,ORL,969,63,42,8,76 
267,CLE,2093,195,84,17,194 
268,HOU,476,115,11,10,68 
269,CHH,961,180,23,35,111 
270,PHO,1088,174,42,80,132 
271,IND,2987,189,85,25,126 
272,GSW,649,77,18,4,60 
273,DET,1842,340,38,24,242 
274,CHH,3,0,0,0,2 
275,MIN,1227,110,27,14,116 
276,HOU,2496,229,87,32,171 
277,PHI,190,34,4,12,29 
278,DET,332,54,6,9,81 
279,DET,488,68,9,31,104 
280,MIA,2748,538,40,294,308 
281,IND,582,62,28,9,60 
282,LAC,693,62,47,5,67 
283,NJN,267,44,0,12,52 
284,CLE,2365,296,105,36,208 
285,WAS,1831,208,45,24,185 
286,ATL,2984,853,27,269,248 
287,DAL,1532,87,37,3,122 
288,LAC,2317,193,75,31,205 
289,MIN,1723,244,21,85,262 
290,NJN,1763,115,53,11,207 
291,HOU,502,52,23,1,32 
292,DAL,2938,430,63,68,256 
293,POR,859,132,11,55,127 
294,LAL,3163,742,36,239,255 
295,TOR,2431,423,102,45,294 
296,LAC,2767,436,91,95,291 
297,HOU,1049,209,41,70,88 
298,PHI,290,27,10,0,27 
299,LAC,2493,462,35,140,304 
300,UTA,1606,310,20,172,196 
301,ORL,2326,323,113,148,203 
302,BOS,432,19,10,0,46 
303,TOT,1305,202,33,21,166 
303,PHI,919,129,26,16,119 
303,GSW,386,73,7,5,47 
304,DAL,665,35,31,3,44 
305,UTA,432,64,14,8,55 
306,VAN,394,34,20,0,32 
307,ORL,185,22,8,4,13 
308,VAN,808,128,29,45,115 
309,MIN,20,1,1,0,4 
310,SEA,2097,216,94,40,190 
311,SEA,3425,429,153,18,178 
312,MIN,2073,174,62,10,171 
313,CHI,1012,174,14,42,126 
314,IND,1620,225,31,33,136 
315,NJN,803,48,39,1,47 
316,SEA,340,47,5,2,56 
317,CLE,2056,223,40,19,119 
318,CHH,825,54,41,8,72 
319,LAC,1712,148,44,13,140 
320,BOS,2583,313,152,62,237 
321,POR,2749,399,117,41,208 
322,SAC,1336,236,55,59,213 
323,UTA,1819,287,30,84,260 
324,SAS,1613,167,50,9,79 
325,DEN,2052,232,98,33,207 
326,BOS,1797,317,41,29,239 
327,VAN,424,29,17,1,63 
328,WAS,225,24,7,4,26 
329,TOR,24,6,2,1,5 
330,PHI,1795,295,32,171,185 
331,CHH,28,4,0,0,1 
332,VAN,1773,264,33,38,245 
333,CHI,48,2,2,0,8 
334,TOT,498,71,24,31,118 
334,DET,165,20,5,12,45 
334,WAS,333,51,19,19,73 
335,MIL,602,88,19,5,81 
336,DAL,8,0,2,0,0 
337,LAL,2530,271,47,12,179 
338,WAS,2397,176,110,13,191 
339,ATL,2084,195,41,6,132 
340,PHI,51,9,1,1,15 
341,SAC,25,0,0,0,0 
342,PHO,2839,254,90,61,239 
343,SAS,2557,577,97,183,247 
344,CHH,1112,130,48,25,67 
345,MIL,2909,378,78,41,212 
346,DAL,389,123,2,1,41 
347,HOU,1101,177,14,34,77 
348,PHO,2286,309,94,47,290 
349,DEN,355,47,2,38,36 
350,DAL,1001,166,29,52,169 
351,IND,2978,345,84,49,234 
352,SAS,1341,202,35,52,232 
353,CHI,975,133,26,26,170 
354,UTA,2900,328,128,23,255 
355,POR,1688,416,43,78,184 
356,LAL,303,45,8,14,67 
357,POR,1662,253,37,17,182 
358,VAN,1263,90,28,9,104 
359,MIN,2392,233,76,19,197 
360,LAL,1249,171,35,14,105 
361,CHI,1651,248,22,22,217 
362,LAC,775,138,16,44,75 
363,MIN,1975,298,45,85,302 
364,WAS,1145,210,27,23,127 
365,POR,2689,190,71,31,214 
366,IND,1852,307,20,100,249 
367,PHI,2866,219,140,8,243 
368,SAS,149,24,6,8,32 
369,NYK,3276,300,109,22,184 
370,CLE,198,30,4,11,47 
371,DET,3148,197,103,36,188 
372,TOT,1190,91,42,4,102 
372,GSW,1108,81,37,3,93 
372,CHI,82,10,5,1,9 
373,SEA,202,26,10,11,44 
374,VAN,181,23,7,3,9 
375,TOR,389,61,5,19,81 
376,DEN,691,61,18,12,56 
377,UTA,2432,170,143,15,192 
378,SAC,1749,202,52,7,97 
379,POR,2372,182,77,1,173 
380,DAL,2025,254,105,13,190 
381,MIA,663,96,15,18,68 
382,WAS,2188,186,94,18,147 
383,ORL,148,33,5,2,15 
384,DAL,61,7,2,2,16 
385,CLE,2216,238,91,19,201 
386,MIN,2171,183,58,23,175 
387,IND,114,16,3,9,13 
388,TOT,34,4,1,1,5 
388,DEN,5,1,0,0,1 
388,ORL,29,3,1,1,4 
389,LAC,2227,304,51,48,217 
390,ATL,1888,142,90,10,133 
391,TOT,46,4,1,0,2 
391,BOS,19,2,0,0,0 
391,GSW,27,2,1,0,2 
392,TOR,477,38,12,14,106 
393,HOU,1797,290,54,22,167 
394,NYK,1971,361,51,42,278 
395,MIL,2093,232,59,31,227 
396,MIA,777,110,26,9,136 
397,MIL,447,65,25,25,79 
398,DAL,301,32,8,3,28 
399,TOT,90,20,3,1,14 
399,NYK,25,8,2,0,4 
399,MIL,65,12,1,1,10 
400,BOS,41,2,0,0,4 
401,DEN,2950,277,68,11,148 
402,NJN,2782,476,64,60,258 
403,UTA,884,54,32,0,92 
404,DET,292,65,6,4,45 
405,SEA,40,1,3,0,2 
406,BOS,3003,453,117,32,263 
407,SAS,980,195,10,35,108 
408,ORL,1959,454,72,130,162 
409,NYK,798,93,10,14,103 
410,POR,2845,437,87,107,216 
411,MIA,389,28,6,0,44 
412,NYK,1986,206,95,16,176 
413,MIA,1615,321,51,49,165 
414,SAC,2880,598,120,128,264 
415,POR,1162,104,69,12,153 
416,SAC,57,14,2,2,13 
417,CHH,2760,186,109,11,186 
418,VAN,581,53,12,8,80 
419,PHO,127,25,2,4,23 
420,WAS,1537,351,31,83,234 
421,WAS,1627,114,55,5,166 
422,WAS,1545,250,41,92,234 
423,TOR,779,58,34,11,78 
424,BOS,1378,101,44,16,165 
425,SAC,2760,208,117,8,140 
426,DET,2102,512,95,21,196 
427,WAS,76,13,3,6,13 
428,ORL,1501,154,46,17,187 
429,MIL,1488,271,40,66,230 
430,SEA,517,40,18,0,39 
431,HOU,1859,237,49,44,190 
432,SAC,1707,168,38,19,192 
433,TOR,1679,281,36,48,256 
434,CHI,508,40,23,2,32 
435,NYK,32,1,1,2,7 
436,TOT,350,25,20,0,37 
436,MIL,248,16,11,0,23 
436,TOR,102,9,9,0,14 
437,CHI,2238,246,119,39,159 
438,ATL,1205,188,29,40,203 
