Rk,Tm,MP,eFG%,FT%,ORB,TOV,PTS 
1,SAC,1205,.442,.691,72,70,454 
2,VAN,2021,.438,.841,114,186,1152 
3,DEN,778,.431,.841,7,69,261 
4,MIL,1719,.505,.903,57,122,856 
5,SAC,5,.500,0.0,1,2,2 
6,CLE,978,.432,.836,20,82,409 
7,BOS,1010,.459,.832,24,71,412 
8,ORL,1581,.470,.611,51,83,701 
9,UTA,1072,.466,.712,49,66,427 
10,DAL,470,.360,.708,35,26,134 
11,POR,806,.512,.697,14,55,319 
12,TOT,358,.494,.857,2,25,105 
12,CHH,178,.558,.900,1,10,57 
12,ORL,180,.433,.818,1,15,48 
13,ORL,1502,.507,.904,53,158,690 
14,MIA,415,.387,.625,10,13,53 
15,POR,874,.448,.684,47,30,208 
16,ORL,1259,.411,.669,83,114,477 
17,UTA,44,.308,.500,8,7,9 
18,UTA,543,.446,.735,36,27,181 
19,PHO,249,.401,.692,24,11,78 
20,TOR,2,.000,0.0,0,1,0 
21,SEA,1162,.453,.450,86,76,468 
22,HOU,1526,.482,.719,167,100,676 
23,BOS,1156,.539,.877,16,88,464 
24,CHI,1181,.469,.772,39,72,412 
25,SEA,183,.438,.692,3,12,37 
26,SAC,736,.514,.845,25,47,213 
27,BOS,1121,.519,.672,96,45,335 
28,TOT,180,.474,.533,6,13,45 
28,DET,30,.500,1.000,3,2,10 
28,CHH,150,.468,.462,3,11,35 
29,PHI,33,.286,0.0,3,3,4 
30,CHI,320,.389,.675,15,21,118 
31,CHI,19,.333,.750,2,1,7 
32,IND,1043,.452,.843,19,62,346 
33,VAN,1758,.442,.751,30,146,662 
34,DEN,1488,.472,.913,24,98,624 
35,ATL,1763,.439,.758,45,115,640 
36,TOT,530,.360,.519,58,21,100 
36,LAL,162,.394,.500,24,6,32 
36,CLE,368,.343,.524,34,15,68 
37,GSW,714,.494,.861,16,47,183 
38,WAS,4,0.0,0.0,0,0,0 
39,CHI,432,.328,.500,25,39,120 
40,BOS,494,.317,.458,15,13,70 
41,TOT,221,.399,.667,7,20,65 
41,NJN,51,.500,0.0,1,7,21 
41,CLE,170,.362,.667,6,13,44 
42,DAL,1294,.480,.748,130,56,420 
43,TOT,1217,.430,.833,27,74,501 
43,MIL,505,.425,.839,11,36,203 
43,MIN,712,.433,.830,16,38,298 
44,CHH,1192,.492,.678,36,38,407 
45,TOR,1377,.514,.727,15,80,549 
46,PHO,236,.388,.786,5,22,80 
47,MIA,1611,.480,.774,115,69,571 
48,CHI,1139,.414,.757,27,80,342 
49,NYK,95,.286,.278,3,12,17 
50,LAL,1896,.482,.839,53,157,996 
51,CHI,1204,.483,.645,92,68,407 
52,DET,1056,.544,.722,29,21,274 
53,HOU,413,.482,.700,9,14,117 
54,NJN,706,.428,.810,32,23,212 
55,CHH,18,.143,.500,4,1,4 
56,CLE,418,.522,.719,13,29,168 
57,GSW,876,.444,.633,79,75,308 
58,NYK,945,.521,.553,102,39,329 
59,TOT,1459,.477,.639,126,80,616 
59,LAL,325,.436,.613,38,22,126 
59,CHH,1134,.489,.647,88,58,490 
60,HOU,152,.404,.714,9,9,47 
61,TOT,445,.439,.675,23,28,207 
61,MIN,81,.404,.500,0,4,23 
61,NJN,364,.444,.694,23,24,184 
62,CHI,624,.340,.750,8,46,171 
63,TOR,1760,.463,.761,94,110,913 
64,TOT,199,.430,.940,5,20,127 
64,NJN,100,.439,.935,1,12,72 
64,MIL,99,.420,.947,4,8,55 
65,POR,545,.453,.507,49,27,151 
66,MIA,137,.571,.333,14,18,44 
67,DAL,352,.461,.694,23,28,163 
68,PHO,1183,.417,.835,12,54,459 
69,WAS,1266,.424,.493,33,42,385 
70,VAN,697,.442,.824,29,28,166 
71,NYK,1297,.494,.821,18,85,328 
72,TOR,1768,.425,.841,59,119,760 
73,DEN,409,.450,.568,36,21,93 
74,LAC,87,.522,.800,5,6,32 
75,WAS,98,.419,.833,7,2,31 
76,CHH,1178,.422,.753,76,90,486 
77,GSW,1272,.449,.822,21,82,455 
78,MIA,35,.231,1.000,1,3,8 
79,ATL,1066,.448,.650,37,43,352 
80,SEA,59,.333,.722,2,3,25 
81,ATL,784,.453,.814,37,48,288 
82,IND,249,.480,.870,16,23,92 
83,TOT,382,.468,.860,8,33,159 
83,POR,19,.563,1.000,0,0,12 
83,SEA,363,.461,.851,8,33,147 
84,GSW,1011,.440,.711,95,58,454 
85,TOT,162,.167,.000,13,5,6 
85,TOR,1,0.0,0.0,0,0,0 
85,NJN,161,.167,.000,13,5,6 
86,MIN,372,.410,.864,20,10,78 
87,MIL,864,.588,.824,18,45,423 
88,MIL,1146,.439,.797,19,37,244 
89,GSW,1414,.389,.588,164,92,442 
90,SAS,614,.467,.754,13,44,220 
91,CHI,902,.449,.811,70,48,308 
92,IND,1271,.471,.703,116,50,463 
93,NYK,21,.412,.500,9,1,17 
94,IND,1374,.533,.618,155,43,398 
95,DAL,1378,.520,.880,3,57,457 
96,MIA,35,.333,.833,2,7,9 
97,CHH,557,.410,.763,40,54,209 
98,WAS,578,.533,.737,50,16,126 
99,TOT,1102,.500,.674,104,54,371 
99,BOS,258,.491,.655,33,22,75 
99,CLE,844,.502,.679,71,32,296 
100,TOT,291,.459,.714,7,16,83 
100,SAC,20,.409,0.0,2,2,9 
100,VAN,271,.466,.714,5,14,74 
101,MIL,1093,.446,.800,14,55,281 
102,DET,1177,.501,.686,92,111,513 
103,GSW,630,.395,.648,11,45,246 
104,HOU,1558,.542,.639,26,66,547 
105,SAC,1761,.480,.702,140,131,714 
106,ORL,780,.468,.675,66,26,304 
107,LAC,842,.438,.632,16,61,247 
108,HOU,441,.426,1.000,3,31,118 
109,NYK,685,.440,.475,79,24,115 
110,DET,1116,.539,.836,12,53,428 
111,SAS,1963,.495,.690,159,146,1084 
112,MIA,283,.472,.692,7,21,77 
113,UTA,1038,.479,.838,12,109,368 
114,SAS,1291,.532,.866,36,61,455 
115,SAS,1509,.449,.757,35,71,561 
116,SEA,1232,.559,.757,25,45,495 
117,ATL,539,.424,.705,25,34,204 
118,TOT,145,.341,1.000,6,2,34 
118,NJN,121,.382,1.000,4,2,30 
118,MIN,24,.200,0.0,2,0,4 
119,NYK,1300,.435,.706,74,99,657 
120,TOT,852,.500,.717,112,34,177 
120,MIL,3,.000,0.0,0,0,0 
120,NJN,849,.504,.717,112,34,177 
121,GSW,46,.071,.750,5,1,5 
122,CLE,1058,.541,.879,16,39,349 
123,DAL,2051,.470,.823,69,107,1009 
124,LAL,1131,.449,.759,21,77,296 
125,DEN,1417,.495,.727,210,77,550 
126,UTA,458,.380,.619,28,24,118 
127,LAL,944,.497,.742,26,56,394 
128,GSW,614,.430,.490,79,31,129 
129,UTA,462,.452,.600,28,27,142 
130,SAC,936,.560,.708,101,52,420 
131,MIN,1780,.462,.704,166,135,977 
132,BOS,205,.353,.750,3,12,51 
133,MIN,1054,.502,.745,99,29,270 
134,PHO,538,.521,.714,26,20,217 
135,TOT,775,.443,.398,52,62,272 
135,NJN,281,.371,.500,21,29,84 
135,MIL,494,.485,.362,31,33,188 
136,SAS,58,.420,0.0,2,4,21 
137,PHI,1540,.480,.797,137,101,674 
138,NJN,1606,.400,.683,61,71,588 
139,MIL,668,.453,.782,33,36,281 
140,POR,1525,.479,.814,173,96,550 
141,POR,7,.000,0.0,0,0,0 
142,PHI,798,.372,.724,36,21,146 
143,ORL,1660,.434,.671,117,44,443 
144,TOT,13,.333,0.0,1,2,4 
144,MIN,8,.250,0.0,1,1,2 
144,MIL,5,.500,0.0,0,1,2 
145,ATL,337,.324,.757,7,29,146 
146,DAL,924,.422,.577,82,19,246 
147,CLE,2,.000,0.0,0,0,0 
148,PHO,1563,.485,.794,131,88,729 
149,MIN,716,.458,.640,54,32,212 
150,ORL,1944,.448,.706,74,150,791 
151,MIA,1772,.475,.812,15,131,835 
152,LAL,1120,.486,.813,13,52,309 
153,CHI,1107,.412,.703,49,65,392 
154,ORL,1114,.478,.713,88,73,408 
155,IND,160,.321,.600,20,11,45 
156,HOU,903,.513,.721,72,61,400 
157,NJN,602,.434,.750,21,18,193 
158,SEA,1644,.487,.902,51,80,516 
159,SAC,203,.413,1.000,10,13,36 
160,ATL,1142,.442,.671,100,58,474 
161,CLE,1517,.419,.813,45,97,454 
162,VAN,331,.375,.556,20,18,97 
163,NJN,399,.443,.840,27,15,120 
164,DET,25,.500,1.000,0,3,4 
165,TOT,307,.395,.455,25,16,65 
165,VAN,42,.231,.000,5,4,6 
165,DEN,265,.429,.556,20,12,59 
166,DET,1852,.479,.752,65,184,1053 
167,TOT,1104,.455,.540,115,59,325 
167,MIL,517,.424,.568,51,24,146 
167,PHI,587,.480,.507,64,35,179 
168,IND,87,.310,1.000,2,3,19 
169,TOT,102,.359,.700,3,9,30 
169,MIL,12,.400,.500,0,1,5 
169,PHI,90,.352,.750,3,8,25 
170,UTA,1435,.514,.893,33,82,587 
171,LAL,744,.527,.739,56,49,188 
172,NYK,1815,.459,.862,20,130,813 
173,WAS,1430,.474,.753,90,95,682 
174,LAC,524,.450,.895,15,38,169 
175,PHI,988,.420,.709,83,68,455 
176,DET,1755,.491,.753,26,92,582 
177,CLE,171,.509,.600,17,9,76 
178,PHI,1990,.439,.751,66,167,1284 
179,MIN,941,.420,.772,43,75,353 
180,SAS,861,.474,.821,21,37,301 
181,POR,1175,.445,.842,36,82,414 
182,IND,1382,.468,.823,33,99,373 
183,WAS,271,.431,.656,30,26,114 
184,LAL,12,.600,1.000,0,1,8 
185,SAC,42,.375,.500,6,9,24 
186,GSW,1058,.456,.588,131,68,449 
187,ATL,885,.416,.695,16,65,244 
188,SAS,1672,.474,.568,22,112,487 
189,HOU,18,.462,0.0,0,2,12 
190,MIL,1027,.508,.610,120,47,256 
191,NYK,1639,.495,.817,91,89,587 
192,CHI,476,.394,.500,9,29,108 
193,TOT,344,.466,.824,6,17,125 
193,NJN,131,.432,.846,2,5,49 
193,BOS,213,.487,.750,4,12,76 
194,TOT,1881,.477,.782,50,93,780 
194,LAL,724,.467,.738,20,21,271 
194,CHH,1157,.484,.801,30,72,509 
195,BOS,206,.392,.824,28,7,54 
196,MIL,18,.500,.500,0,2,6 
197,MIN,296,.278,.553,27,14,51 
198,UTA,642,.452,.697,51,33,174 
199,CLE,1475,.483,.789,131,127,862 
200,ORL,5,.000,0.0,0,0,0 
201,SAS,734,.463,.886,6,22,192 
202,SAS,699,.348,.429,42,30,145 
203,PHO,2060,.476,.757,87,150,846 
204,UTA,42,.286,.000,1,4,4 
205,SAS,63,.429,.611,6,4,23 
206,NJN,1570,.411,.772,52,66,592 
207,PHO,374,.405,.667,27,10,68 
208,CLE,1186,.425,.745,16,105,373 
209,TOR,56,.375,.500,1,7,8 
210,LAL,525,.515,.759,34,35,156 
211,CHI,1654,.446,.740,65,121,828 
212,DET,337,.363,.772,21,19,121 
213,DEN,387,.504,.750,33,9,166 
214,CHI,386,.323,.696,33,17,80 
215,CLE,65,.667,.556,6,4,13 
216,CHI,732,.429,1.000,9,34,203 
217,WAS,377,.504,.500,8,14,119 
218,MIA,190,.468,.727,4,7,82 
219,SEA,145,.375,.571,13,20,47 
220,PHO,22,.625,1.000,0,1,12 
221,ATL,1380,.425,.783,100,74,489 
222,PHO,933,.483,.776,59,53,339 
223,VAN,1218,.462,.644,69,82,437 
224,LAL,188,.485,.571,2,11,75 
225,PHI,1315,.434,.631,110,79,356 
226,TOT,1083,.548,.879,14,33,472 
226,VAN,577,.505,.933,7,20,242 
226,HOU,506,.602,.821,7,13,230 
227,SEA,365,.425,.625,18,25,185 
228,DET,69,.225,0.0,3,6,9 
229,PHI,127,.278,.375,7,6,13 
230,MIA,1624,.510,.717,21,55,337 
231,UTA,1832,.493,.788,107,162,1164 
232,HOU,186,.196,.909,2,14,21 
233,PHO,1184,.486,.696,62,69,453 
234,TOT,1895,.465,.799,37,164,1044 
234,MIN,661,.421,.724,17,55,319 
234,NJN,1234,.489,.832,20,109,725 
235,TOR,28,.625,.500,0,3,11 
236,GSW,1250,.447,.727,115,80,530 
237,LAC,941,.423,.803,5,67,296 
238,MIA,855,.473,.721,24,60,356 
239,VAN,1143,.487,.665,83,64,481 
240,SAC,1007,.485,.737,13,67,492 
241,VAN,126,.421,.800,0,11,20 
242,DEN,4,.667,0.0,2,2,4 
243,BOS,659,.398,.702,36,40,181 
244,PHO,1245,.545,.862,34,49,428 
245,SEA,331,.737,.500,27,10,133 
246,DEN,1937,.471,.680,168,138,1061 
247,TOR,1106,.447,.726,120,80,458 
248,NJN,269,.431,.667,31,13,48 
249,WAS,427,.407,.750,9,30,130 
250,IND,244,.442,.824,18,12,60 
251,PHI,959,.414,.710,27,57,240 
252,ATL,348,.383,.822,12,23,162 
253,BOS,1551,.435,.790,37,89,698 
254,DEN,70,.268,.500,4,4,16 
255,PHO,53,.400,0.0,3,6,16 
256,HOU,249,.467,.636,26,9,70 
257,CHH,469,.569,.794,35,32,238 
258,SAC,35,.455,0.0,7,4,10 
259,IND,1787,.517,.915,25,76,920 
260,GSW,1395,.446,.823,49,58,483 
261,MIA,29,.500,.500,3,3,9 
262,BOS,765,.436,.750,31,38,214 
263,MIN,1344,.417,.764,55,34,561 
264,HOU,1456,.490,.818,22,79,487 
265,PHI,121,.357,.571,18,12,42 
266,DET,577,.525,.344,45,16,95 
267,DET,6,1.000,1.000,0,0,4 
268,PHO,535,.483,.870,54,21,184 
269,MIA,1753,.511,.652,166,139,924 
270,IND,1179,.575,.870,25,60,507 
271,NJN,401,.430,.808,3,29,119 
272,NJN,1,.000,0.0,0,1,0 
273,LAC,1317,.420,.803,59,99,612 
274,WAS,653,.420,.810,18,29,233 
275,ATL,1829,.512,.684,192,94,541 
276,VAN,27,.250,.750,3,1,5 
277,DAL,1269,.441,.826,32,83,315 
278,LAC,1288,.493,.782,57,53,503 
279,MIN,30,.250,1.000,3,1,8 
280,CLE,949,.468,.810,15,41,303 
281,SEA,140,.400,.375,4,16,38 
282,DAL,958,.426,.773,41,73,385 
283,DET,165,.429,1.000,18,8,56 
284,POR,311,.434,.514,42,14,90 
285,LAL,1705,.576,.540,187,122,1289 
286,TOR,1633,.430,.807,96,96,348 
287,HOU,1784,.517,.717,106,139,945 
288,PHO,11,.500,0.0,0,0,3 
289,TOT,72,.286,.714,0,3,13 
289,SAC,68,.308,.800,0,3,12 
289,ORL,4,.000,.500,0,0,1 
290,LAC,1279,.431,.483,120,85,401 
291,UTA,1340,.476,.620,105,45,273 
292,ORL,851,.545,.432,54,58,203 
293,TOT,244,.440,.900,7,20,92 
293,ORL,33,.500,1.000,1,3,18 
293,NJN,174,.456,.857,6,15,64 
293,PHI,37,.333,0.0,0,2,10 
294,SEA,451,.409,.800,35,33,163 
295,DAL,468,.431,.818,9,49,222 
296,PHI,3,1.000,0.0,0,0,2 
297,VAN,1118,.429,.545,75,49,266 
298,MIN,284,.443,.778,30,22,114 
299,LAL,144,.422,.710,17,12,65 
300,SEA,2008,.479,.721,62,154,1084 
301,MIN,810,.441,.732,30,38,270 
302,SAS,445,.633,.538,33,22,90 
303,IND,789,.488,.717,36,22,238 
304,TOT,290,.427,.714,7,34,98 
304,MIL,47,.559,.500,1,2,20 
304,NJN,243,.401,.750,6,32,78 
305,CHH,990,.483,.750,17,41,303 
306,CLE,1342,.539,.604,19,41,503 
307,CHH,1574,.501,.685,39,92,613 
308,LAC,1242,.510,.863,39,53,513 
309,BOS,1632,.504,.713,117,113,791 
310,HOU,2011,.492,.721,63,159,726 
311,SAC,259,.541,.696,38,5,82 
312,SEA,1481,.473,.309,184,49,368 
313,IND,26,.143,.000,2,1,2 
314,MIA,1365,.543,.831,13,74,525 
315,TOT,1394,.495,.587,114,100,499 
315,CLE,467,.437,.673,23,28,143 
315,BOS,927,.521,.547,91,72,356 
316,HOU,806,.594,.754,18,65,292 
317,PHI,1627,.470,.725,139,92,560 
318,CHH,708,.511,.872,20,58,222 
319,VAN,702,.406,.578,50,47,271 
320,DET,112,.405,.571,3,7,25 
321,DET,935,.557,.608,66,36,242 
322,TOT,1029,.477,.766,45,51,369 
322,CHH,556,.521,.798,21,28,243 
322,LAL,473,.407,.717,24,23,126 
323,PHO,99,.417,.700,2,5,37 
324,TOT,156,.260,.640,9,20,43 
324,HOU,33,.250,.833,2,5,9 
324,VAN,123,.261,.579,7,15,34 
325,LAL,985,.499,.856,9,45,472 
326,LAC,130,.333,1.000,1,9,28 
327,WAS,1912,.456,.857,30,136,983 
328,POR,1385,.446,.755,59,95,651 
329,BOS,337,.519,.710,36,26,78 
330,HOU,33,.385,.500,4,4,14 
331,PHO,1740,.521,.697,69,88,819 
332,SAS,1554,.509,.658,148,108,775 
333,MIL,1579,.479,.870,73,106,865 
334,TOT,506,.419,.683,18,44,183 
334,LAC,280,.439,.741,10,16,106 
334,MIN,226,.397,.571,8,28,77 
335,LAL,657,.348,.436,62,31,49 
336,POR,8,1.000,.250,0,0,5 
337,LAC,968,.471,.673,65,66,348 
338,LAL,315,.405,.708,33,21,98 
339,IND,1238,.420,.791,34,72,542 
340,SAS,608,.463,.671,90,56,284 
341,UTA,1770,.519,.795,65,76,622 
342,POR,1349,.493,.771,88,85,606 
343,VAN,39,.455,.500,2,2,11 
344,ORL,143,.379,.750,3,8,28 
345,BOS,67,.250,.750,7,10,11 
346,SEA,1765,.503,.823,77,103,752 
347,TOT,738,.495,.742,8,19,234 
347,NYK,206,.375,.250,3,5,43 
347,MIN,532,.538,.815,5,14,191 
348,MIN,731,.424,.902,23,33,251 
349,NJN,88,.200,.389,5,10,15 
350,CHH,367,.489,.655,41,27,107 
351,POR,5,.000,0.0,0,1,0 
352,PHI,14,.125,0.0,3,2,2 
353,ATL,185,.410,.615,6,7,40 
354,ORL,19,.200,0.0,1,3,2 
355,CHI,1448,.463,.645,110,72,456 
356,PHO,25,.450,.400,3,6,11 
357,LAC,258,.465,.606,20,19,86 
358,TOR,263,.383,.624,36,25,115 
359,LAC,317,.397,.438,7,20,84 
360,MIN,1418,.427,.755,154,66,588 
361,VAN,1098,.535,.594,135,60,230 
362,ATL,1314,.445,.849,50,99,672 
363,IND,1271,.490,.818,73,75,728 
364,PHI,1716,.435,.733,25,111,413 
365,GSW,159,.455,.462,18,9,42 
366,NYK,1233,.435,.812,41,79,606 
367,CLE,199,.378,.950,19,9,47 
368,DET,1188,.407,.850,26,121,607 
369,GSW,1686,.423,.740,33,83,690 
370,SEA,313,.424,.525,27,32,127 
371,TOR,394,.415,.680,43,12,61 
372,DEN,1194,.447,.859,30,45,320 
373,UTA,1410,.507,.811,31,110,553 
374,SAC,1025,.454,.851,43,53,402 
375,POR,1673,.431,.730,41,110,631 
376,DAL,567,.443,.815,12,36,249 
377,MIA,357,.495,.731,26,13,119 
378,WAS,1632,.426,.746,56,142,690 
379,ORL,695,.422,.717,66,37,223 
380,DAL,11,.286,0.0,0,1,4 
381,CLE,841,.355,.631,21,67,214 
382,DEN,724,.480,.739,30,34,207 
383,LAC,1505,.461,.728,100,120,773 
384,TOR,593,.577,.563,65,21,169 
385,NYK,1182,.462,.611,82,73,406 
386,TOT,812,.511,.652,49,46,358 
386,PHI,188,.440,.792,7,15,78 
386,MIL,624,.533,.614,42,31,280 
387,WAS,1539,.545,.698,96,88,554 
388,MIL,786,.537,.538,80,42,259 
389,DAL,1362,.477,.617,127,66,719 
390,DEN,1802,.445,.811,14,121,826 
391,NJN,1576,.439,.859,114,133,916 
392,NJN,103,.542,.800,13,11,34 
393,UTA,87,.400,.833,1,14,44 
394,DET,481,.381,.643,36,17,127 
395,LAC,12,.250,0.0,4,0,2 
396,BOS,1549,.456,.559,106,119,784 
397,DAL,568,.463,.541,46,37,229 
398,WAS,1231,.578,.356,137,36,277 
399,TOR,812,.432,.700,54,70,411 
400,POR,1414,.522,.732,57,80,628 
401,MIA,506,.432,.826,10,32,101 
402,NYK,1556,.484,.705,23,131,378 
403,DEN,761,.497,.688,35,34,205 
404,MIA,18,.500,0.0,0,1,2 
405,MIA,1040,.534,.804,72,61,397 
406,SAC,1719,.488,.454,149,148,839 
407,POR,35,.575,.444,4,6,31 
408,CHI,451,.351,.818,20,17,143 
409,CHH,1848,.502,.832,23,142,706 
410,VAN,294,.477,.760,5,12,81 
411,ATL,499,.373,.356,49,17,60 
412,VAN,590,.435,.727,11,48,208 
413,DEN,3,1.500,.500,0,0,4 
414,WAS,191,.531,.429,23,16,49 
415,WAS,441,.513,.871,8,36,187 
416,ORL,252,.398,.690,30,23,134 
417,ORL,28,.000,1.000,0,3,2 
418,SEA,458,.423,.730,54,30,158 
419,TOR,1051,.430,.846,19,56,248 
420,SAS,4,0.0,.500,1,0,2 
421,DEN,780,.379,.799,34,49,277 
422,NYK,34,.500,1.000,3,2,10 
423,DAL,403,.333,.700,36,13,29 
424,SAC,1805,.455,.752,14,143,641 
425,NJN,1020,.445,.565,147,46,242 
426,DET,1154,.500,.673,158,41,355 
427,TOR,15,.200,0.0,1,1,2 
428,DEN,6,.000,.500,0,0,1 
429,TOT,46,.294,.571,3,4,14 
429,PHI,17,.000,0.0,1,2,0 
429,MIL,29,.333,.571,2,2,14 
430,ATL,4,.000,.750,0,0,3 
431,CHH,62,.462,.750,6,6,15 
432,POR,1044,.514,.832,36,63,446 
433,SAC,1374,.486,.638,85,75,659 
434,TOR,1216,.418,.839,109,86,504 
435,NYK,92,.438,0.0,3,6,14 
436,MIN,5,0.0,0.0,1,0,0 
437,CHH,12,.000,.000,0,0,0 
438,MIL,815,.479,.787,14,63,200 
439,LAC,1135,.458,.692,142,48,319 
