Rk,Tm,MP,OWS 
1,TOT,199,-0.1 
1,DET,20,0.0 
1,LAC,179,-0.1 
2,TOR,52,-0.2 
3,DET,1234,0.8 
4,NJN,97,-0.3 
5,SAS,19,0.0 
6,CHA,182,-0.3 
7,POR,3004,6.1 
8,MIL,716,-0.3 
9,MIL,579,-0.2 
10,BOS,2876,7.4 
11,BOS,887,-0.2 
12,UTA,255,-0.1 
13,TOT,2447,1.7 
13,HOU,1591,0.9 
13,ORL,856,0.8 
14,PHO,1044,0.8 
15,DEN,1460,2.5 
16,NJN,1312,1.3 
17,DEN,2277,2.4 
18,MIA,1048,0.4 
19,WAS,63,0.2 
20,LAL,1999,2.5 
Rk,Tm,MP,OWS 
21,NOH,1092,0.2 
22,MEM,1464,-0.1 
23,TOT,412,-0.3 
23,DEN,115,0.0 
23,OKC,297,-0.3 
24,CHA,1908,3.6 
25,GSW,2375,3.6 
26,DEN,780,1.3 
27,TOT,206,-0.3 
27,MIA,166,-0.1 
27,TOR,40,-0.1 
28,PHO,1705,4.0 
29,DAL,1600,1.2 
30,TOR,2453,1.8 
31,PHO,2082,1.6 
32,HOU,857,0.4 
33,DAL,1574,2.5 
34,IND,217,0.2 
35,ORL,1202,0.7 
36,HOU,2031,2.3 
37,POR,1454,2.1 
38,POR,655,-0.2 
39,MIA,2009,1.2 
40,GSW,882,0.4 
Rk,Tm,MP,OWS 
41,MIL,1783,0.9 
42,TOT,2315,2.0 
42,PHO,712,0.7 
42,CHA,1603,1.3 
43,ATL,2740,4.4 
44,GSW,1863,3.3 
45,TOT,2789,7.9 
45,DET,70,0.1 
45,DEN,2719,7.8 
46,POR,2188,4.1 
47,WAS,1703,0.2 
48,MIA,207,-0.3 
49,TOT,1272,0.7 
49,ORL,787,0.3 
49,MIL,485,0.4 
50,MIL,1124,1.0 
51,SAS,1928,3.8 
52,NJN,995,0.9 
53,TOT,56,0.1 
53,MIN,1,0.0 
53,SAC,55,0.1 
54,UTA,1197,0.9 
55,TOR,2928,6.6 
56,SAS,1506,0.3 
57,NOH,219,0.2 
58,PHI,920,-0.4 
59,MIN,307,0.1 
60,UTA,2605,3.9 
Rk,Tm,MP,OWS 
61,HOU,1998,1.4 
62,CHA,41,-0.2 
63,TOT,931,-0.5 
63,SAC,675,-0.5 
63,MIN,256,0.0 
64,TOT,261,-0.2 
64,WAS,233,-0.1 
64,PHO,28,-0.1 
65,NOH,869,-0.8 
66,DET,999,0.5 
67,TOT,477,0.1 
67,CHA,341,-0.1 
67,LAL,136,0.2 
68,LAL,2960,8.6 
69,MEM,878,-0.4 
70,WAS,2585,3.4 
71,NOH,2614,2.2 
72,LAL,1446,3.2 
73,DET,803,0.5 
74,TOR,2333,6.2 
75,LAC,1925,2.3 
76,MIN,909,0.1 
77,MIN,1199,0.7 
78,TOT,616,-0.8 
78,CHA,475,-0.5 
78,DAL,141,-0.3 
79,DEN,1787,-0.3 
80,NJN,2946,5.7 
Rk,Tm,MP,OWS 
81,MIA,2626,2.1 
82,NOH,1445,1.7 
83,NYK,2735,1.0 
84,ATL,15,0.0 
85,UTA,201,0.1 
86,MIN,422,-0.4 
87,TOT,890,-0.5 
87,NYK,75,-0.2 
87,LAC,815,-0.3 
88,OKC,1831,3.0 
89,MEM,2508,2.7 
90,TOT,171,-0.3 
90,ORL,146,-0.2 
90,HOU,25,-0.1 
91,MIA,1833,0.9 
92,TOT,2479,3.3 
92,NYK,392,0.6 
92,GSW,2087,2.7 
93,NYK,23,0.0 
94,TOT,1174,-0.3 
94,MEM,44,0.0 
94,WAS,1130,-0.3 
95,TOT,100,0.0 
95,MIL,77,0.1 
95,SAS,23,-0.1 
96,NYK,12,0.0 
97,PHI,2036,0.5 
98,DAL,1836,3.9 
99,TOT,1021,0.9 
99,WAS,288,0.3 
99,NOH,733,0.6 
100,IND,1700,-0.1 
Rk,Tm,MP,OWS 
101,GSW,111,0.0 
102,LAC,2248,-0.9 
103,BOS,1637,1.0 
104,LAC,320,0.1 
105,LAC,785,-0.6 
106,CHI,1665,1.3 
107,TOT,2754,1.9 
107,PHO,538,0.5 
107,CHA,2216,1.4 
108,MIA,851,0.1 
109,IND,719,1.3 
110,TOT,215,0.6 
110,POR,73,0.0 
110,SAC,142,0.6 
111,TOT,1036,-0.2 
111,DAL,452,0.1 
111,CHA,584,-0.2 
112,WAS,816,-0.8 
113,NJN,2074,2.8 
114,HOU,6,0.0 
115,TOT,300,0.0 
115,SAC,227,-0.1 
115,TOR,73,0.1 
116,NJN,585,0.4 
117,PHO,728,-0.3 
118,TOT,1155,1.6 
118,CHA,427,0.3 
118,PHO,728,1.3 
119,NYK,2906,3.1 
120,SAS,2524,5.0 
Rk,Tm,MP,OWS 
121,IND,495,0.1 
122,OKC,2885,5.2 
123,GSW,892,-0.1 
124,MIL,977,0.5 
125,NOH,373,-0.3 
126,ATL,1840,2.3 
127,PHI,1137,0.3 
128,LAL,1192,-0.7 
129,SAS,54,-0.1 
130,CHA,3086,0.6 
131,POR,1993,4.3 
132,UTA,156,0.0 
133,SAS,2336,1.6 
134,LAL,2441,3.6 
135,IND,2258,2.6 
136,IND,1828,2.3 
137,MIN,2494,2.0 
138,TOT,62,0.1 
138,ORL,59,0.1 
138,MEM,3,0.0 
139,POR,746,0.0 
140,MIL,941,0.4 
Rk,Tm,MP,OWS 
141,NYK,412,0.7 
142,SAC,1975,1.7 
143,ATL,98,-0.3 
144,BOS,1772,3.0 
145,MEM,2521,3.7 
146,LAL,2999,9.8 
147,MEM,2945,0.7 
148,DAL,708,0.1 
149,CLE,1795,1.5 
150,BOS,8,0.0 
151,MIL,43,0.1 
152,SAS,1181,2.7 
153,MIN,2614,1.3 
154,TOT,1264,1.1 
154,CHI,918,0.6 
154,SAC,26,0.0 
154,SAS,320,0.5 
155,CHI,2999,5.2 
156,LAC,2677,3.9 
157,ORL,794,1.4 
158,TOR,1541,1.1 
159,IND,684,-0.4 
160,IND,2424,5.6 
Rk,Tm,MP,OWS 
161,CHI,715,0.5 
162,DAL,376,-0.3 
163,OKC,2873,1.8 
164,PHI,1828,1.1 
165,SAC,725,-1.2 
166,MEM,120,0.2 
167,SAS,155,-0.1 
168,DET,2279,3.1 
169,UTA,693,0.4 
170,TOT,2546,1.9 
170,GSW,166,-0.2 
170,NYK,2380,2.1 
171,NJN,2494,5.9 
172,TOT,348,-0.5 
172,LAC,312,-0.6 
172,DEN,36,0.0 
173,MIA,2560,3.0 
174,NJN,1094,0.2 
175,SAC,2259,-0.4 
176,HOU,858,-0.1 
177,NJN,1832,1.0 
178,WAS,175,0.0 
179,TOT,498,0.0 
179,HOU,322,0.0 
179,MIA,176,0.0 
180,DET,630,0.5 
Rk,Tm,MP,OWS 
181,IND,1009,1.0 
182,CLE,705,0.2 
183,DEN,2510,5.6 
184,SAS,1270,0.2 
185,PHO,2445,3.5 
186,OKC,2,0.0 
187,CHI,1339,1.3 
188,TOT,444,0.5 
188,CHA,184,0.3 
188,DAL,260,0.1 
189,ATL,2242,3.3 
190,BOS,1479,2.5 
191,ORL,2821,6.2 
192,DAL,1663,1.5 
193,TOT,472,0.2 
193,DEN,22,0.0 
193,CHA,450,0.2 
194,TOT,1479,0.8 
194,CHI,792,0.6 
194,NYK,687,0.2 
195,TOR,265,0.4 
196,CHI,266,-0.3 
197,ATL,92,0.0 
198,PHI,3269,5.6 
199,CLE,1765,2.1 
200,LAL,181,-0.1 
Rk,Tm,MP,OWS 
201,TOT,2093,0.9 
201,DEN,123,0.2 
201,DET,1970,0.8 
202,PHI,861,0.2 
203,IND,2716,2.3 
204,SAC,1484,0.8 
205,CLE,430,0.2 
206,GSW,2339,1.5 
207,NYK,10,-0.1 
208,CLE,3054,13.7 
209,TOT,1649,-0.2 
209,NOH,74,-0.1 
209,WAS,1575,-0.1 
210,WAS,3096,6.6 
211,MEM,605,-0.9 
212,TOR,19,-0.1 
213,MIN,1836,2.9 
214,CHA,84,0.0 
215,MIL,2939,4.2 
216,NYK,1310,0.3 
217,NJN,1421,-0.5 
218,DET,911,1.4 
219,ORL,1481,0.7 
220,ATL,3124,5.1 
Rk,Tm,MP,OWS 
221,TOT,55,0.0 
221,CHA,13,0.0 
221,CHI,42,0.0 
222,CLE,14,-0.1 
223,DEN,1426,0.7 
224,MIL,108,-0.1 
225,CHA,52,0.0 
226,LAC,1495,1.1 
227,MIA,630,0.4 
228,ATL,675,1.2 
229,LAC,771,0.4 
230,LAC,921,-0.3 
231,TOR,1831,0.3 
232,DAL,2886,4.6 
233,CLE,277,0.2 
234,UTA,1831,2.0 
235,DEN,1824,2.1 
236,UTA,938,-0.6 
237,UTA,1874,1.9 
238,UTA,565,0.6 
239,OKC,1141,0.6 
240,GSW,442,0.5 
Rk,Tm,MP,OWS 
241,HOU,1467,3.7 
242,ATL,560,0.3 
243,ORL,1939,1.3 
244,NYK,2824,5.9 
245,ORL,2859,4.7 
246,TOT,231,0.2 
246,MIA,41,-0.1 
246,OKC,190,0.2 
247,NJN,2501,3.2 
248,PHO,614,0.6 
249,MIN,2048,3.4 
250,TOT,1679,1.8 
250,MEM,1071,0.9 
250,HOU,608,0.9 
251,TOT,521,0.5 
251,MIL,392,0.4 
251,ORL,129,0.1 
252,MIN,116,-0.2 
253,GSW,1588,2.8 
254,MIA,709,0.4 
255,BOS,414,-0.9 
256,TOT,2470,2.1 
256,MIA,1516,1.4 
256,TOR,954,0.7 
257,NOH,838,0.2 
258,PHI,189,0.6 
259,CHA,266,0.1 
260,DEN,2111,0.9 
Rk,Tm,MP,OWS 
261,SAC,1947,4.7 
262,OKC,1064,-1.0 
263,SAS,2496,1.9 
264,DET,1408,2.6 
265,CHA,301,-0.7 
266,MEM,3120,1.5 
267,MIL,2114,1.2 
268,TOT,1101,0.0 
268,MIN,636,-0.7 
268,SAC,465,0.8 
269,DET,1866,2.8 
270,WAS,1143,1.1 
271,HOU,1181,0.9 
272,WAS,2072,0.5 
273,IND,279,0.0 
274,TOT,283,0.0 
274,SAS,20,0.1 
274,TOR,263,-0.1 
275,LAL,105,-0.1 
276,UTA,1623,1.6 
277,MEM,298,0.1 
278,MEM,1034,0.7 
279,PHI,2976,6.2 
280,TOT,2100,3.6 
280,SAC,1354,1.9 
280,CHI,746,1.7 
Rk,Tm,MP,OWS 
281,MIN,2356,2.8 
282,UTA,2290,4.5 
283,HOU,2589,5.6 
284,LAC,365,-0.3 
285,CHA,341,-0.4 
286,TOT,2068,2.4 
286,TOR,1379,1.7 
286,MIA,689,0.6 
287,TOT,1202,1.2 
287,SAC,746,0.6 
287,BOS,456,0.6 
288,ATL,89,-0.1 
289,TOT,711,-0.6 
289,CHA,667,-0.5 
289,LAL,44,-0.1 
290,GSW,1515,3.0 
291,IND,2482,5.2 
292,ATL,1975,1.2 
293,HOU,96,0.0 
294,NJN,319,-0.2 
295,PHO,2484,6.7 
296,GSW,171,-0.3 
297,ORL,1309,3.9 
298,IND,1214,1.1 
299,TOT,14,0.0 
299,CHI,5,0.0 
299,NYK,9,0.0 
300,CHI,1938,3.8 
Rk,Tm,MP,OWS 
301,TOT,1991,1.4 
301,CHI,1278,0.8 
301,SAC,713,0.6 
302,LAC,1161,2.0 
303,DAL,3050,7.5 
304,TOT,255,-0.2 
304,BOS,108,-0.2 
304,TOR,147,0.0 
305,TOT,2027,0.2 
305,TOR,1216,-0.1 
305,MIA,811,0.3 
306,PHO,2252,5.6 
307,SAS,677,0.8 
308,POR,1314,2.6 
309,LAL,2316,2.7 
310,CHA,2691,3.7 
311,UTA,2409,4.5 
312,MIN,850,0.9 
313,POR,2246,3.0 
314,ATL,1473,2.0 
315,TOR,2637,1.4 
316,SAS,2456,5.6 
317,NOH,3002,13.3 
318,CLE,1053,0.2 
319,WAS,277,0.4 
320,BOS,2253,1.1 
Rk,Tm,MP,OWS 
321,NOH,515,0.0 
322,TOT,559,-0.6 
322,OKC,342,-0.3 
322,DEN,217,-0.2 
323,BOS,3035,5.5 
324,ORL,1329,1.0 
325,NOH,2140,1.7 
326,BOS,1227,2.7 
327,LAL,703,-0.3 
328,UTA,738,-0.7 
329,DET,3057,3.7 
330,BOS,366,-0.2 
331,POR,1952,3.2 
332,MIA,962,1.5 
333,TOT,1445,0.0 
333,LAL,771,0.5 
333,CHA,674,-0.5 
334,GSW,1129,0.4 
335,POR,37,0.0 
336,TOT,1757,1.7 
336,NYK,388,0.4 
336,LAC,1369,1.2 
337,PHI,579,0.5 
338,MIL,1203,2.3 
339,ORL,1111,0.8 
340,TOT,2410,4.3 
340,CHA,491,0.5 
340,PHO,1919,3.8 
Rk,Tm,MP,OWS 
341,ORL,93,-0.3 
342,NYK,1894,1.0 
343,MIL,2033,1.2 
344,TOT,276,0.1 
344,NYK,253,0.2 
344,CHI,23,-0.1 
345,NYK,2209,4.4 
346,POR,1225,0.5 
347,BOS,2642,4.8 
348,CHI,3000,3.4 
349,TOT,470,-0.8 
349,NYK,160,-0.6 
349,OKC,310,-0.1 
350,MEM,1164,-0.1 
351,POR,2903,10.9 
352,POR,35,0.0 
353,IND,1803,-0.4 
354,PHI,199,-0.1 
355,TOT,2959,4.7 
355,SAC,1980,2.9 
355,CHI,979,1.9 
356,TOT,83,-0.4 
356,DEN,24,-0.2 
356,LAC,51,-0.1 
356,NYK,8,-0.1 
357,BOS,504,0.4 
358,HOU,2488,4.3 
359,TOT,1453,0.4 
359,CHI,735,0.1 
359,OKC,718,0.3 
360,TOT,29,0.1 
360,OKC,23,0.1 
360,NYK,6,0.0 
Rk,Tm,MP,OWS 
361,MIL,2173,3.5 
362,DET,20,-0.1 
363,NJN,1729,2.4 
364,TOT,84,0.0 
364,CHI,61,0.1 
364,SAC,23,-0.1 
365,TOT,13,0.0 
365,PHO,2,0.0 
365,NYK,11,0.0 
366,TOT,303,-0.2 
366,PHO,122,0.0 
366,CHA,181,-0.2 
367,DAL,884,1.9 
368,LAC,843,-0.3 
369,MIN,1460,2.3 
370,DEN,2245,3.6 
371,TOT,1102,1.4 
371,OKC,691,0.6 
371,CLE,411,0.7 
372,ATL,2421,1.3 
373,TOT,712,0.1 
373,TOR,544,0.0 
373,SAC,168,0.1 
374,WAS,1521,1.8 
375,PHI,1263,2.4 
376,DAL,162,-0.5 
377,WAS,886,-0.6 
378,NOH,2089,1.9 
379,PHO,1948,4.6 
380,DET,2517,1.7 
Rk,Tm,MP,OWS 
381,OKC,343,0.3 
382,TOT,185,-0.3 
382,NJN,64,-0.1 
382,PHO,121,-0.2 
383,CLE,1527,2.3 
384,LAC,771,-0.9 
385,MIN,2095,0.0 
386,DAL,2491,5.4 
387,WAS,306,0.0 
388,SAC,62,0.0 
389,SAS,1404,1.8 
390,TOT,1247,0.9 
390,LAC,220,-0.3 
390,NYK,773,0.9 
390,CHI,254,0.2 
391,CHI,2175,1.2 
392,SAC,2303,1.8 
393,LAC,2654,0.2 
394,SAS,208,-0.3 
395,PHO,282,0.2 
396,GSW,1696,2.2 
397,ORL,2815,3.0 
398,SAS,1035,-0.5 
399,SAC,2270,1.0 
400,TOR,890,-0.8 
Rk,Tm,MP,OWS 
401,CLE,2306,3.3 
402,SAS,292,-0.2 
403,MIL,2095,2.2 
404,TOR,240,-0.5 
405,LAL,1293,1.8 
406,MIA,3048,10.3 
407,HOU,1225,1.1 
408,BOS,216,0.2 
409,CLE,1314,0.8 
410,CHA,2669,4.9 
411,DET,2123,1.6 
412,LAL,1166,0.7 
413,MEM,2029,3.0 
414,GSW,1883,2.7 
415,OKC,1776,-1.2 
416,OKC,1166,0.2 
417,POR,5,0.0 
418,DEN,55,-0.3 
419,NOH,2982,4.2 
420,CLE,2152,3.0 
Rk,Tm,MP,OWS 
421,ATL,269,0.0 
422,OKC,2668,-0.1 
423,OKC,130,0.3 
424,HOU,11,0.0 
425,TOT,1049,0.1 
425,OKC,719,-0.1 
425,NYK,330,0.2 
426,OKC,636,-0.4 
427,UTA,2505,6.5 
428,CLE,20,0.0 
429,PHI,1919,1.6 
430,GSW,54,-0.1 
431,SAS,3,0.0 
432,ATL,2093,3.9 
433,CLE,2834,6.1 
434,NJN,366,-0.1 
435,DAL,170,-0.2 
436,TOT,512,0.0 
436,SAC,305,-0.1 
436,MIN,207,0.1 
437,HOU,2452,1.6 
438,DAL,1552,0.3 
439,GSW,688,1.4 
440,MIA,73,-0.2 
Rk,Tm,MP,OWS 
441,NOH,772,-0.4 
442,CLE,125,-0.3 
443,WAS,1837,1.2 
444,PHI,2580,3.0 
