Rk,Tm,MP,DWS 
1,TOT,2684,2.0 
1,ATL,1956,1.3 
1,POR,728,0.6 
2,MIA,616,0.8 
3,SEA,2152,0.4 
4,MIA,2581,2.8 
5,DEN,1029,1.9 
6,POR,1810,0.9 
7,IND,905,1.1 
8,NYK,1974,1.5 
9,DEN,2995,2.4 
10,TOT,256,0.4 
10,PHO,6,0.0 
10,ORL,4,0.0 
10,TOR,246,0.4 
11,WAS,2066,1.5 
12,NJN,434,0.5 
13,NOH,2247,2.5 
14,UTA,2008,1.2 
15,TOT,1544,1.3 
15,DET,751,1.0 
15,BOS,793,0.3 
16,NOH,1416,1.3 
17,TOT,1313,1.1 
17,BOS,1000,0.8 
17,NYK,313,0.3 
18,BOS,1385,1.4 
19,PHO,1500,1.0 
20,LAC,724,0.3 
Rk,Tm,MP,DWS 
21,BOS,11,0.0 
22,SEA,1803,0.7 
23,DEN,1101,1.1 
24,TOR,40,0.0 
25,TOT,1478,1.4 
25,BOS,501,0.5 
25,CLE,977,1.0 
26,MEM,1947,2.3 
27,TOT,766,1.0 
27,CHI,147,0.1 
27,TOR,487,0.8 
27,WAS,132,0.1 
28,MIA,5,0.0 
29,UTA,2020,1.5 
30,MEM,34,0.0 
31,IND,271,0.4 
32,DAL,762,0.2 
33,SAC,2980,1.3 
34,DET,2758,4.2 
35,WAS,1392,0.7 
36,TOT,1050,1.6 
36,CHI,756,1.1 
36,TOR,294,0.5 
37,BOS,2402,2.9 
38,ORL,1787,0.0 
39,SEA,1206,0.9 
40,CLE,2592,3.4 
Rk,Tm,MP,DWS 
41,UTA,258,0.3 
42,TOR,2510,3.8 
43,POR,26,0.0 
44,SAS,2624,4.6 
45,DEN,392,0.5 
46,DEN,1849,0.8 
47,TOT,98,0.1 
47,TOR,38,0.1 
47,ATL,60,0.0 
48,DAL,773,0.9 
49,TOT,154,0.2 
49,HOU,132,0.2 
49,WAS,22,0.0 
50,LAC,2670,1.8 
51,TOT,443,0.3 
51,CLE,403,0.3 
51,GSW,40,0.0 
52,IND,160,0.2 
53,IND,72,0.1 
54,NJN,17,0.0 
55,SAS,627,1.2 
56,TOT,969,0.6 
56,BOS,408,0.4 
56,CLE,561,0.3 
57,WAS,2239,2.0 
58,NOH,2753,3.4 
59,NOH,17,0.0 
60,TOT,412,0.4 
60,TOR,10,0.0 
60,CHI,402,0.4 
Rk,Tm,MP,DWS 
61,LAL,2447,3.0 
62,PHI,703,0.7 
63,SAC,141,0.1 
64,MIA,2030,2.4 
65,WAS,552,0.3 
66,MIA,675,0.5 
67,PHO,570,0.3 
68,DEN,2162,4.3 
69,DET,892,2.0 
70,GSW,1634,1.7 
71,TOT,70,0.0 
71,POR,48,0.0 
71,SAS,22,0.0 
72,SAS,87,0.2 
73,TOT,110,0.0 
73,LAL,50,0.0 
73,NOH,60,0.0 
74,TOR,2785,3.4 
75,MIN,2838,3.3 
76,HOU,1743,3.5 
77,CHI,782,1.2 
78,GSW,2067,1.3 
79,SAC,2780,2.4 
80,UTA,27,0.0 
Rk,Tm,MP,DWS 
81,GSW,1595,1.6 
82,CLE,92,0.1 
83,PHI,843,1.2 
84,MIA,170,0.1 
85,ATL,545,0.3 
86,UTA,1732,1.1 
87,NJN,2220,3.5 
88,LAL,442,0.7 
89,POR,139,0.1 
90,ATL,1207,0.5 
91,CHI,2811,2.1 
92,IND,1051,1.8 
93,CHI,2154,1.8 
94,TOR,1229,0.9 
95,PHI,2197,4.0 
96,GSW,2403,3.4 
97,SEA,1512,0.0 
98,DAL,1039,0.4 
99,TOT,2570,2.8 
99,TOR,538,0.7 
99,CHI,2032,2.0 
100,NOH,2686,3.2 
Rk,Tm,MP,DWS 
101,POR,1682,1.5 
102,TOT,78,0.1 
102,DET,23,0.0 
102,NJN,55,0.1 
103,ATL,23,0.0 
104,TOT,2474,2.0 
104,CLE,796,0.6 
104,BOS,1678,1.4 
105,ORL,1211,0.6 
106,DAL,509,0.3 
107,ORL,86,0.0 
108,ATL,1919,1.1 
109,TOT,294,0.2 
109,ATL,143,0.1 
109,POR,151,0.1 
110,POR,12,0.0 
111,CLE,730,1.1 
112,SAC,2317,1.8 
113,WAS,1478,1.1 
114,TOT,1029,1.2 
114,NYK,685,0.9 
114,DEN,344,0.3 
115,LAC,1137,0.1 
116,NOH,78,0.1 
117,LAC,949,0.4 
118,SAS,2527,7.2 
119,GSW,2336,2.2 
120,CHI,893,0.9 
Rk,Tm,MP,DWS 
121,MIN,32,0.0 
122,TOT,1457,0.8 
122,NYK,730,0.6 
122,PHO,727,0.2 
123,DEN,875,1.2 
124,LAC,510,0.1 
125,SEA,1280,1.1 
126,POR,32,0.0 
127,DAL,2778,0.5 
128,LAL,1769,2.0 
129,CHI,738,0.8 
130,HOU,41,0.1 
131,MIL,1472,0.9 
132,DAL,625,0.4 
133,IND,1961,3.8 
134,DET,261,0.5 
135,LAL,846,0.8 
136,GSW,572,0.8 
137,SEA,469,0.1 
138,HOU,3194,4.7 
139,ATL,43,0.0 
140,MIL,1260,2.0 
Rk,Tm,MP,DWS 
141,ORL,364,0.0 
142,SAS,13,0.0 
143,MIN,3231,8.0 
144,ORL,22,0.0 
145,MEM,2458,2.8 
146,LAL,1951,2.5 
147,POR,157,0.1 
148,CHI,1411,1.3 
149,SAS,2260,5.1 
150,TOT,2041,0.2 
150,ORL,1435,-0.2 
150,UTA,606,0.4 
151,TOT,1643,1.0 
151,ATL,1465,0.7 
151,TOR,178,0.3 
152,TOT,85,0.1 
152,MIN,66,0.1 
152,NJN,19,0.0 
153,ORL,2134,0.9 
154,MIA,2303,2.8 
155,LAL,1106,1.2 
156,UTA,98,0.1 
157,PHI,767,0.6 
158,HOU,133,0.2 
159,TOT,819,0.9 
159,PHO,304,0.3 
159,UTA,515,0.6 
160,MIL,263,0.2 
Rk,Tm,MP,DWS 
161,DET,484,0.8 
162,DET,2772,4.4 
163,PHI,473,0.6 
164,UTA,172,0.2 
165,ATL,507,0.1 
166,TOT,2095,1.4 
166,PHO,876,0.3 
166,NYK,1219,1.1 
167,UTA,1134,0.9 
168,IND,2441,4.1 
169,NYK,872,0.7 
170,NJN,1504,1.7 
171,SAS,660,1.3 
172,TOT,783,0.5 
172,ORL,345,0.1 
172,PHO,438,0.4 
173,MIA,1795,2.1 
174,MIN,2264,2.3 
175,WAS,2044,1.1 
176,WAS,1484,1.4 
177,SAS,72,0.1 
178,ATL,68,0.0 
179,DEN,2504,3.0 
180,MIA,38,0.0 
Rk,Tm,MP,DWS 
181,CHI,2706,1.9 
182,MIN,1804,2.6 
183,SAS,1290,2.9 
184,LAC,1188,0.5 
185,NYK,1799,0.6 
186,DAL,1589,1.2 
187,ORL,2877,0.0 
188,MIN,503,0.3 
189,WAS,2061,1.6 
190,MEM,11,0.0 
191,BOS,406,0.4 
192,DET,661,1.3 
193,ORL,789,0.3 
194,CLE,2539,2.8 
195,PHI,2040,2.3 
196,SAC,1185,0.8 
197,HOU,3119,4.4 
198,PHI,598,0.6 
199,HOU,577,0.7 
200,ATL,2940,1.8 
Rk,Tm,MP,DWS 
201,PHO,1828,0.5 
202,SEA,990,0.6 
203,CLE,3122,2.6 
204,TOT,2196,2.2 
204,BOS,1684,1.2 
204,DET,512,1.0 
205,DAL,2376,1.0 
206,LAC,1760,0.6 
207,TOT,195,0.2 
207,TOR,8,0.0 
207,CHI,187,0.2 
208,NJN,3133,4.4 
209,WAS,1913,1.2 
210,ORL,290,0.0 
211,IND,1598,2.2 
212,GSW,637,0.4 
213,NYK,287,0.3 
214,MIN,965,1.7 
215,PHO,3331,1.1 
216,CHI,734,1.1 
217,MEM,154,0.2 
218,MIL,2016,0.3 
219,MIA,2998,3.0 
220,IND,1508,2.3 
Rk,Tm,MP,DWS 
221,IND,26,0.0 
222,BOS,373,0.3 
223,GSW,10,0.0 
224,LAC,1843,0.9 
225,CLE,427,0.2 
226,NJN,2450,4.4 
227,UTA,2895,5.0 
228,NJN,2842,4.5 
229,TOT,1037,1.2 
229,PHO,19,0.1 
229,WAS,598,0.7 
229,MIL,420,0.5 
230,PHI,882,0.8 
231,MIL,1522,1.3 
232,WAS,984,1.1 
233,BOS,328,0.3 
234,PHO,224,0.1 
235,GSW,63,0.0 
236,TOT,37,0.0 
236,GSW,17,0.0 
236,MIL,20,0.0 
237,GSW,22,0.0 
238,DEN,2233,1.2 
239,MIN,65,0.1 
240,SEA,2931,1.3 
Rk,Tm,MP,DWS 
241,LAC,48,0.0 
242,UTA,1617,1.2 
243,ORL,2332,-0.6 
244,NOH,1701,1.6 
245,MIN,1246,1.5 
246,LAC,2628,0.5 
247,NOH,2777,3.7 
248,LAL,1373,2.2 
249,TOT,3254,1.7 
249,PHO,1415,0.6 
249,NYK,1839,1.0 
250,PHO,3217,3.8 
251,TOT,2988,5.5 
251,CHI,408,0.6 
251,TOR,2580,4.9 
252,MIN,172,0.1 
253,NJN,2252,5.1 
254,NOH,730,0.6 
255,MIL,2534,1.2 
256,TOT,328,0.4 
256,CHI,43,0.0 
256,TOR,285,0.4 
257,SAC,789,0.6 
258,BOS,1900,1.6 
259,PHI,636,0.7 
260,CLE,12,0.0 
Rk,Tm,MP,DWS 
261,TOT,927,1.2 
261,NYK,421,0.6 
261,PHO,506,0.6 
262,ORL,2675,0.4 
263,TOT,2365,0.8 
263,POR,1269,0.4 
263,CLE,1096,0.4 
264,PHI,2112,2.3 
265,MIN,391,0.5 
266,LAL,1442,1.6 
267,SAS,516,0.8 
268,TOT,1330,1.8 
268,CLE,391,0.6 
268,BOS,939,1.2 
269,TOT,2079,1.7 
269,CLE,888,0.8 
269,POR,1191,0.9 
270,DET,159,0.5 
271,DEN,2838,2.6 
272,SAC,2621,3.0 
273,MEM,1770,1.4 
274,MIN,506,1.0 
275,IND,2254,2.9 
276,HOU,2692,4.8 
277,HOU,3229,4.3 
278,TOT,1611,1.9 
278,ATL,938,0.8 
278,NYK,673,1.1 
279,TOR,417,0.8 
280,TOT,395,0.4 
280,NJN,10,0.0 
280,UTA,385,0.4 
Rk,Tm,MP,DWS 
281,NJN,215,0.3 
282,GSW,610,0.7 
283,TOR,518,0.7 
284,SEA,2021,0.5 
285,POR,35,0.0 
286,NYK,1494,2.1 
287,TOT,366,0.4 
287,DAL,7,0.0 
287,ATL,359,0.4 
288,HOU,516,0.8 
289,TOT,780,0.3 
289,ATL,300,0.2 
289,ORL,83,0.0 
289,CLE,397,0.1 
290,DAL,720,0.5 
291,DAL,2612,-0.1 
292,SAS,2353,5.6 
293,CLE,1245,0.5 
294,TOT,847,0.9 
294,HOU,401,0.5 
294,NYK,446,0.5 
295,DAL,2915,2.5 
296,IND,2788,6.3 
297,LAL,2464,4.0 
298,HOU,25,0.0 
299,MIA,3003,4.8 
300,DET,1580,3.3 
Rk,Tm,MP,DWS 
301,CLE,1401,1.0 
302,MIN,925,1.7 
303,UTA,2153,2.7 
304,MEM,1606,2.2 
305,POR,19,0.0 
306,TOT,1033,-0.1 
306,NJN,22,0.0 
306,LAC,1011,-0.1 
307,ORL,664,0.2 
308,NJN,220,0.3 
309,HOU,547,0.9 
310,TOR,1211,1.3 
311,TOT,479,0.3 
311,LAL,63,0.1 
311,TOR,71,0.1 
311,CHI,345,0.1 
312,SAS,2577,4.0 
313,GSW,64,0.0 
314,POR,1651,1.3 
315,UTA,1144,1.1 
316,LAL,2825,2.7 
317,SAC,1391,0.8 
318,ORL,89,0.0 
319,MIA,18,0.0 
320,BOS,35,0.0 
Rk,Tm,MP,DWS 
321,TOT,1037,0.4 
321,MEM,284,0.1 
321,POR,621,0.2 
321,ATL,132,0.1 
322,TOR,2148,2.8 
323,HOU,703,0.8 
324,BOS,3099,3.4 
325,GSW,748,0.7 
326,CHI,412,0.5 
327,NJN,473,0.6 
328,IND,678,1.3 
329,LAC,12,0.0 
330,DEN,20,0.0 
331,MEM,2451,3.2 
332,SEA,1419,0.3 
333,DET,2701,4.6 
334,TOT,347,0.4 
334,MIL,33,0.0 
334,ATL,314,0.3 
335,SEA,2321,1.0 
336,POR,3067,2.9 
337,TOT,2664,3.4 
337,ATL,1648,1.9 
337,POR,1016,1.6 
338,TOT,273,0.4 
338,DET,222,0.4 
338,ATL,51,0.0 
339,MIL,3021,1.3 
340,LAC,262,0.0 
Rk,Tm,MP,DWS 
341,GSW,2936,2.7 
342,LAC,2338,0.4 
343,SEA,1114,0.2 
344,GSW,2846,2.1 
345,CHI,1024,0.6 
346,PHI,1336,1.3 
347,NJN,1409,2.6 
348,TOT,595,0.3 
348,NOH,325,0.3 
348,ORL,270,0.0 
349,TOT,2497,2.2 
349,CHI,529,0.3 
349,TOR,1968,1.8 
350,SAS,1256,2.7 
351,UTA,733,1.0 
352,LAL,1244,1.0 
353,LAL,945,1.1 
354,PHI,1603,1.7 
355,LAL,130,0.2 
356,MIL,708,0.6 
357,NJN,928,1.4 
358,SEA,583,0.2 
359,CHI,86,0.0 
360,LAC,1376,0.4 
Rk,Tm,MP,DWS 
361,MIL,1577,1.6 
362,NJN,165,0.2 
363,SAC,168,0.1 
364,MIL,2254,2.3 
365,SEA,4,0.0 
366,NOH,929,0.4 
367,MEM,178,0.2 
368,PHI,2966,2.3 
369,SAC,976,0.9 
370,MIN,3100,3.2 
371,WAS,774,0.4 
372,POR,453,0.4 
373,TOT,2444,0.7 
373,UTA,1511,0.8 
373,ORL,933,-0.2 
374,TOT,147,0.2 
374,CLE,76,0.1 
374,BOS,71,0.0 
375,SAC,3264,2.1 
376,POR,3118,1.4 
377,PHO,2025,2.0 
378,MIL,571,0.4 
379,TOT,1197,0.3 
379,ORL,915,0.0 
379,TOR,282,0.3 
380,TOT,33,0.0 
380,CLE,29,0.0 
380,NYK,4,0.0 
Rk,Tm,MP,DWS 
381,TOT,1663,2.0 
381,DET,707,1.4 
381,ATL,956,0.6 
382,NYK,494,0.7 
383,MEM,1528,2.4 
384,MIN,622,0.6 
385,HOU,2081,2.8 
386,ATL,3018,1.5 
387,WAS,1901,2.1 
388,PHI,2699,3.7 
389,NYK,2548,3.3 
390,TOT,2089,1.6 
390,MIL,1343,0.9 
390,NYK,746,0.6 
391,IND,1378,2.5 
392,NOH,942,1.5 
393,MIN,1025,1.2 
394,DEN,96,0.1 
395,TOT,15,0.0 
395,PHO,10,0.0 
395,NYK,5,0.0 
396,MEM,533,0.6 
397,DEN,307,0.3 
398,SAS,2073,4.5 
399,LAL,28,0.1 
400,GSW,1255,0.4 
Rk,Tm,MP,DWS 
401,TOT,2340,2.2 
401,NYK,1574,1.7 
401,MIL,766,0.5 
402,ATL,1271,0.4 
403,PHO,1606,1.0 
404,POR,3,0.0 
405,MIA,2126,2.3 
406,CLE,708,0.4 
407,DAL,2840,1.5 
408,MIA,418,0.6 
409,DET,3050,9.1 
410,SAC,337,0.3 
411,MIA,368,0.4 
412,TOT,2390,3.1 
412,POR,1675,1.4 
412,ATL,42,0.0 
412,DET,673,1.7 
413,LAL,730,0.9 
414,TOT,1252,1.8 
414,NYK,827,1.0 
414,SAS,425,0.8 
415,MEM,1669,1.7 
416,TOT,868,1.3 
416,NYK,216,0.3 
416,HOU,652,1.1 
417,SAC,831,0.9 
418,TOT,1872,1.8 
418,POR,404,0.3 
418,MEM,1468,1.5 
419,BOS,2179,1.9 
420,NOH,2001,1.4 
Rk,Tm,MP,DWS 
421,NOH,930,1.3 
422,TOT,865,1.0 
422,WAS,4,0.0 
422,PHO,861,1.0 
423,DEN,985,0.9 
424,WAS,186,0.1 
425,LAC,1340,0.3 
426,HOU,145,0.2 
427,NJN,1337,2.3 
428,TOR,1730,1.8 
429,TOT,1886,1.4 
429,BOS,513,0.5 
429,CLE,1373,0.9 
430,NYK,714,0.5 
431,MEM,2115,1.4 
432,TOT,1637,2.5 
432,TOR,407,0.8 
432,CHI,1230,1.7 
433,UTA,772,0.5 
434,TOT,527,0.5 
434,PHO,267,0.4 
434,DAL,260,0.2 
435,TOT,763,0.2 
435,ORL,525,0.0 
435,NOH,238,0.3 
436,DET,1574,2.5 
437,SAS,373,1.0 
438,MIA,506,0.6 
439,POR,673,0.5 
440,IND,2714,5.2 
Rk,Tm,MP,DWS 
441,MEM,1674,2.1 
442,TOT,114,0.1 
442,LAC,9,0.0 
