Rk,Tm,MP,OWS 
1,LAL,2308,2.6 
2,BOS,1151,1.1 
3,PHO,1646,0.6 
4,DEN,2778,4.4 
5,DAL,2610,6.5 
6,BOS,3018,6.7 
7,WSB,769,0.3 
8,DAL,197,0.0 
9,SAS,1984,0.8 
10,TOT,1350,0.7 
10,HOU,53,0.2 
10,POR,1297,0.4 
11,IND,1097,1.3 
12,SAC,85,-0.1 
13,PHI,234,-0.4 
14,NJN,2774,0.8 
15,PHO,869,-0.2 
16,UTA,2804,2.7 
17,PHI,3170,13.4 
18,ATL,1227,1.5 
19,DET,298,-0.2 
20,LAC,2171,-1.4 
Rk,Tm,MP,OWS 
21,CLE,12,0.0 
22,SAS,1922,2.7 
23,BOS,2965,11.2 
24,NJN,1882,-0.9 
25,DAL,658,-0.1 
26,DAL,2580,5.1 
27,SAS,112,-0.1 
28,WSB,1628,0.2 
29,WSB,1136,-0.1 
30,TOT,1437,0.1 
30,MIL,5,0.0 
30,NJN,1432,0.1 
31,NJN,308,-0.5 
32,MIL,2258,2.4 
33,SAS,2227,3.0 
34,DEN,133,-0.1 
35,CHI,591,0.0 
36,LAC,312,-0.4 
37,LAC,2660,2.9 
38,LAL,242,0.2 
39,NYK,204,-0.1 
40,ATL,1483,2.0 
Rk,Tm,MP,OWS 
41,TOT,2004,-1.1 
41,GSW,408,-0.8 
41,HOU,1596,-0.4 
42,NYK,1676,4.3 
43,WSB,1610,2.0 
44,SEA,2680,3.7 
45,PHI,2871,6.1 
46,TOT,1498,0.4 
46,NJN,657,-0.2 
46,PHI,841,0.6 
47,LAC,431,-0.8 
48,TOT,1513,1.2 
48,PHI,152,-0.1 
48,WSB,1361,1.3 
49,NJN,1122,-1.6 
50,HOU,399,0.1 
51,PHO,359,-0.2 
52,LAL,1793,1.3 
53,DEN,865,-0.2 
54,TOT,1739,1.1 
54,CLE,1148,0.6 
54,PHO,591,0.4 
55,CHI,2328,1.9 
56,PHO,258,0.0 
57,NYK,946,0.0 
58,MIL,2629,2.2 
59,LAC,1128,-0.6 
60,CLE,1499,0.0 
Rk,Tm,MP,OWS 
61,LAC,1282,0.1 
62,DET,2144,7.5 
63,CLE,2957,3.0 
64,DAL,1480,2.9 
65,TOT,226,-0.3 
65,MIL,39,-0.2 
65,SAS,187,-0.1 
66,PHO,1951,3.0 
67,TOT,33,-0.3 
67,UTA,26,-0.2 
67,DET,7,-0.1 
68,SAS,2179,4.0 
69,BOS,655,0.7 
70,DAL,2523,3.0 
71,NYK,364,-0.4 
72,IND,74,0.0 
73,LAC,2024,0.1 
74,POR,3060,9.3 
75,POR,2223,3.0 
76,CLE,513,0.3 
77,DET,2732,3.2 
78,DEN,1534,1.3 
79,UTA,2731,-1.1 
80,SAC,414,-0.2 
Rk,Tm,MP,OWS 
81,TOT,1705,0.3 
81,PHO,1377,0.0 
81,DET,328,0.3 
82,CLE,1709,0.9 
83,SEA,2790,7.4 
84,NJN,399,-0.2 
85,DEN,2818,5.3 
86,DEN,656,0.4 
87,NYK,2546,3.4 
88,DAL,157,-0.4 
89,GSW,1128,-0.4 
90,LAC,154,-0.1 
91,IND,2733,5.6 
92,TOT,2514,2.2 
92,GSW,680,1.1 
92,HOU,1834,1.1 
93,GSW,1597,-0.3 
94,HOU,682,-0.1 
95,POR,19,-0.1 
96,GSW,2122,0.8 
97,PHO,1807,-0.1 
98,TOT,893,-0.1 
98,CHI,372,-0.3 
98,BOS,521,0.2 
99,TOT,2961,3.4 
99,NJN,1194,0.7 
99,PHI,1767,2.8 
100,LAC,65,-0.1 
Rk,Tm,MP,OWS 
101,CHI,1827,1.6 
102,IND,807,0.0 
103,LAL,2636,4.5 
104,UTA,1116,0.4 
105,NYK,2049,-0.4 
106,SAS,1236,0.5 
107,LAC,313,-0.3 
108,UTA,1052,-0.7 
109,SAS,1017,0.5 
110,UTA,1796,2.3 
111,DEN,1334,-0.3 
112,DAL,3032,6.1 
113,CLE,1830,0.8 
114,TOT,1084,0.7 
114,HOU,199,0.1 
114,GSW,885,0.6 
115,ATL,403,0.6 
116,PHI,351,-0.6 
117,TOT,1505,1.3 
117,NYK,69,-0.1 
117,PHI,1436,1.4 
118,TOT,190,-0.2 
118,GSW,170,-0.2 
118,CLE,20,0.0 
119,TOT,433,0.2 
119,BOS,81,0.0 
119,MIL,145,-0.3 
119,SAC,207,0.5 
120,GSW,2188,5.0 
Rk,Tm,MP,OWS 
121,TOT,2592,1.9 
121,PHI,845,0.0 
121,NJN,1747,1.9 
122,TOT,1445,1.6 
122,MIL,983,0.9 
122,PHO,462,0.7 
123,POR,1279,1.3 
124,TOT,642,0.5 
124,MIL,35,0.0 
124,GSW,607,0.5 
125,NJN,1365,-1.3 
126,PHO,2243,3.7 
127,CLE,1631,1.1 
128,UTA,42,0.0 
129,TOT,1809,2.5 
129,PHO,1557,2.8 
129,MIL,252,-0.3 
130,UTA,1238,0.0 
131,NYK,3249,3.5 
132,SAC,760,-0.3 
133,HOU,879,1.1 
134,SEA,723,0.2 
135,BOS,2670,3.4 
136,PHO,2177,2.5 
137,WSB,1258,0.4 
138,CLE,12,-0.1 
139,TOT,1917,2.2 
139,CLE,1043,0.6 
139,PHO,874,1.6 
140,LAL,2637,7.8 
Rk,Tm,MP,OWS 
141,POR,1050,0.2 
142,DET,1935,0.2 
143,POR,1778,0.5 
144,WSB,1313,0.0 
145,POR,186,-0.1 
146,CHI,3311,15.2 
147,POR,2888,4.8 
148,PHI,1593,-0.9 
149,WSB,2044,1.2 
150,TOT,1063,-1.0 
150,BOS,86,-0.2 
150,LAC,977,-0.7 
151,SAC,1999,1.7 
152,UTA,225,-0.4 
153,ATL,1073,0.6 
154,MIL,1050,1.1 
155,DET,2897,3.8 
156,LAL,7,0.0 
157,HOU,2150,2.6 
158,DEN,3061,5.5 
159,ATL,2135,4.6 
160,DET,310,-0.5 
Rk,Tm,MP,OWS 
161,BOS,405,0.1 
162,SEA,1812,1.4 
163,BOS,718,0.2 
164,IND,2022,2.0 
165,MIL,1766,2.2 
166,POR,1191,0.9 
167,DET,1963,2.8 
168,WSB,2655,4.0 
169,UTA,3198,4.0 
170,WSB,2692,5.7 
171,MIL,477,0.0 
172,PHO,101,-0.3 
173,DEN,136,-0.2 
174,LAL,706,0.2 
175,HOU,848,1.0 
176,TOT,2114,2.5 
176,PHI,601,0.4 
176,NJN,1513,2.1 
177,HOU,2689,4.4 
178,SEA,2703,3.6 
179,GSW,2039,1.0 
180,TOT,1003,0.5 
180,ATL,117,0.0 
180,SAC,886,0.5 
Rk,Tm,MP,OWS 
181,BOS,2390,8.2 
182,NJN,393,0.2 
183,SEA,1706,2.1 
184,SEA,2453,3.4 
185,PHI,581,0.3 
186,NYK,265,-0.3 
187,IND,1840,2.9 
188,TOT,1070,0.3 
188,GSW,202,0.2 
188,BOS,868,0.2 
189,SAS,1501,2.2 
190,MIL,848,0.1 
191,MIL,1428,2.5 
192,TOT,50,-0.1 
192,DEN,34,-0.1 
192,MIL,16,0.0 
193,TOT,61,-0.1 
193,SAS,51,0.0 
193,NJN,10,-0.1 
194,TOT,59,-0.2 
194,DET,25,-0.1 
194,PHO,34,-0.1 
195,GSW,2033,4.1 
196,WSB,46,-0.1 
197,POR,89,-0.3 
198,LAC,19,0.1 
199,SAS,328,-0.2 
200,TOT,2383,5.1 
200,PHO,1477,2.8 
200,CLE,906,2.3 
Rk,Tm,MP,OWS 
201,DEN,533,0.6 
202,SAS,837,0.7 
203,TOT,336,-0.5 
203,LAC,295,-0.5 
203,SAC,41,0.0 
204,DET,63,-0.1 
205,NYK,1589,1.6 
206,SAS,919,0.6 
207,LAC,1435,-0.8 
208,NJN,52,0.0 
209,CHI,2816,2.0 
210,HOU,2825,4.4 
211,SAC,946,0.0 
212,NYK,180,-0.4 
213,BOS,2312,3.8 
214,TOT,801,0.7 
214,POR,263,0.0 
214,BOS,538,0.7 
215,CHI,1888,2.7 
216,DAL,2499,3.7 
217,IND,2807,0.6 
218,HOU,1793,1.1 
219,LAC,23,0.0 
220,MIL,965,1.6 
Rk,Tm,MP,OWS 
221,SAC,1177,1.6 
222,CHI,1650,-0.4 
223,SEA,1080,0.2 
224,POR,2991,6.5 
225,MIL,2484,4.3 
226,SAC,2029,0.9 
227,CLE,2626,5.6 
228,LAL,845,1.3 
229,DEN,1779,2.1 
230,HOU,980,0.7 
231,SAS,42,0.0 
232,MIL,1161,-0.2 
233,ATL,2502,5.1 
234,BOS,1032,1.3 
235,SAS,2978,3.1 
236,PHI,2110,0.7 
237,DET,2147,3.2 
238,CLE,168,-0.1 
239,ATL,1765,1.6 
240,UTA,201,0.0 
Rk,Tm,MP,OWS 
241,IND,16,0.0 
242,DET,1,0.0 
243,DET,2003,3.0 
244,TOT,1663,-1.3 
244,HOU,705,-0.3 
244,GSW,958,-1.0 
245,TOT,883,0.6 
245,PHO,466,0.3 
245,CLE,417,0.3 
246,DEN,2166,5.4 
247,SEA,973,0.7 
248,DAL,1587,2.1 
249,LAL,3048,7.4 
250,TOT,455,-0.2 
250,UTA,447,-0.2 
250,NYK,8,0.0 
251,CHI,2212,1.3 
252,HOU,1949,2.6 
253,TOT,694,1.1 
253,BOS,370,0.5 
253,POR,324,0.6 
254,MIL,2923,5.4 
255,IND,760,-0.3 
256,SAC,899,1.2 
257,SAC,2170,1.6 
258,GSW,499,-0.1 
259,TOT,1549,2.5 
259,DEN,191,-0.1 
259,GSW,1358,2.6 
260,LAL,421,-0.2 
Rk,Tm,MP,OWS 
261,TOT,1044,-0.5 
261,NYK,52,-0.3 
261,CHI,992,-0.3 
262,IND,2692,3.0 
263,UTA,2842,9.2 
264,MIL,271,-0.4 
265,SAS,1024,1.1 
266,DAL,2307,3.5 
267,GSW,958,-0.3 
268,SAC,2653,3.4 
269,DET,2927,3.8 
270,PHO,566,0.7 
271,LAL,38,-0.2 
272,SAC,1257,0.3 
273,LAL,2007,2.4 
274,TOT,593,0.1 
274,NYK,85,-0.2 
274,PHI,508,0.3 
275,SAC,3072,6.2 
276,TOT,1055,1.5 
276,CHI,701,0.7 
276,SEA,354,0.8 
277,IND,2378,3.3 
278,TOT,259,0.0 
278,NYK,177,0.0 
278,LAL,82,0.0 
279,PHI,522,0.3 
280,NYK,139,0.1 
Rk,Tm,MP,OWS 
281,UTA,976,0.5 
282,NYK,1248,1.6 
283,HOU,99,-0.1 
284,CHI,98,-0.4 
285,UTA,1011,0.4 
286,SAC,1185,0.4 
287,LAC,1636,-0.5 
288,POR,1038,3.1 
289,DEN,1755,0.9 
290,TOT,1501,1.8 
290,SEA,548,0.6 
290,CHI,953,1.2 
291,PHI,772,-0.1 
292,GSW,123,-0.4 
293,LAL,380,0.1 
294,CHI,114,-0.3 
295,WSB,940,-0.4 
296,NYK,2139,2.5 
297,NJN,91,-0.2 
298,TOT,260,-0.1 
298,GSW,86,-0.1 
298,ATL,174,0.0 
299,NJN,156,0.3 
300,GSW,56,0.0 
Rk,Tm,MP,OWS 
301,NJN,1379,-0.5 
302,ATL,1347,0.9 
303,PHI,132,0.2 
304,DAL,125,0.2 
305,TOT,2098,0.4 
305,CLE,1183,0.7 
305,PHO,915,-0.3 
306,ATL,24,-0.1 
307,IND,513,-0.2 
308,LAC,352,0.6 
309,TOT,581,-0.4 
309,CHI,2,0.0 
309,NYK,117,-0.3 
309,GSW,462,-0.1 
310,GSW,1221,0.9 
311,ATL,2948,7.0 
312,NYK,2703,1.1 
313,NJN,2637,4.8 
314,IND,1966,-1.1 
315,CLE,2106,2.4 
316,WSB,2428,1.9 
317,SEA,1084,0.8 
318,LAC,857,-1.8 
319,ATL,2091,1.7 
320,POR,54,-0.2 
Rk,Tm,MP,OWS 
321,TOT,420,0.1 
321,NJN,47,0.1 
321,SAS,373,0.0 
322,PHI,1419,-1.1 
323,MIL,45,-0.2 
324,ATL,2412,2.2 
325,LAC,1137,-1.1 
326,TOT,909,2.1 
326,SAS,830,1.7 
326,ATL,79,0.4 
327,LAC,2534,1.1 
328,NJN,622,0.4 
329,LAL,2655,5.5 
330,DEN,7,-0.1 
331,SEA,949,1.6 
