Rk,Tm,MP,DWS 
1,DEN,2221,1.4 
2,CHA,30,0.0 
3,POR,2922,3.3 
4,CHI,29,0.0 
5,DEN,456,0.3 
6,BOS,2819,2.9 
7,BOS,889,1.6 
8,TOT,1421,1.2 
8,NJN,766,0.4 
8,MIA,655,0.8 
9,PHO,1168,1.3 
10,DEN,1695,2.7 
11,HOU,891,0.9 
12,OKC,15,0.0 
13,ORL,911,1.4 
14,DEN,2634,2.4 
15,MIA,1322,2.0 
16,WAS,1169,0.9 
17,HOU,2629,3.1 
18,TOT,335,0.4 
18,NOH,239,0.3 
18,SAC,56,0.1 
18,HOU,40,0.1 
19,MIA,1585,1.5 
20,MEM,457,0.4 
Rk,Tm,MP,DWS 
21,DET,644,0.1 
22,CHA,1472,1.7 
23,POR,405,0.6 
24,GSW,231,0.1 
25,DEN,91,0.2 
26,TOR,244,0.1 
27,PHO,786,0.4 
28,DAL,1546,1.2 
29,TOR,2799,0.9 
30,ORL,2097,3.4 
31,NYK,232,0.2 
32,ORL,648,1.0 
33,NJN,134,0.1 
34,HOU,2168,2.1 
35,POR,918,1.1 
36,POR,1304,1.0 
37,MIA,2328,3.8 
38,DAL,700,0.8 
39,TOR,1121,0.2 
40,MIL,1611,1.9 
Rk,Tm,MP,DWS 
41,TOT,180,0.2 
41,CHA,157,0.2 
41,GSW,23,0.0 
42,NYK,292,0.2 
43,ATL,2195,1.7 
44,GSW,763,0.9 
45,DEN,2490,1.7 
46,SAS,1494,2.8 
47,TOT,2159,1.4 
47,POR,1397,1.1 
47,LAC,762,0.3 
48,WAS,2256,2.6 
49,SAS,1559,1.9 
50,MIL,2229,4.8 
51,SAS,1161,1.6 
52,NJN,1045,1.1 
53,UTA,2673,4.6 
54,TOR,2526,1.7 
55,OKC,8,0.0 
56,WAS,1117,0.3 
57,PHI,2297,1.9 
58,MIN,2482,1.4 
59,TOT,1742,2.2 
59,UTA,1662,2.1 
59,MEM,80,0.1 
60,TOT,95,0.1 
60,PHI,36,0.0 
60,MIL,59,0.1 
Rk,Tm,MP,DWS 
61,SAC,654,0.5 
62,HOU,2919,1.6 
63,TOT,519,0.2 
63,NOH,328,0.1 
63,LAC,191,0.1 
64,CHA,535,0.8 
65,TOT,1060,0.6 
65,NOH,967,0.5 
65,CHI,93,0.1 
66,DET,660,0.5 
67,LAL,1700,2.3 
68,LAL,2835,4.0 
69,HOU,1488,1.2 
70,TOT,2783,2.9 
70,WAS,1853,1.7 
70,DAL,930,1.2 
71,LAC,2702,0.9 
72,LAL,1977,3.4 
73,DET,1667,0.6 
74,TOR,1817,0.0 
75,TOT,2314,4.3 
75,LAC,1596,2.8 
75,POR,718,1.5 
76,MIN,267,0.1 
77,PHI,857,0.6 
78,MEM,795,0.6 
79,DAL,121,0.1 
80,DEN,859,0.8 
Rk,Tm,MP,DWS 
81,ORL,2310,3.0 
82,SAC,1931,1.4 
83,MIA,1807,2.4 
84,CHA,1163,2.0 
85,NYK,2320,0.9 
86,PHO,383,0.2 
87,PHO,261,0.1 
88,ATL,115,0.1 
89,LAC,470,0.3 
90,NOH,2109,1.1 
91,OKC,1557,2.2 
92,MEM,2569,1.3 
93,HOU,36,0.0 
94,HOU,44,0.0 
95,MIA,691,0.8 
96,ATL,2460,1.7 
97,POR,707,1.0 
98,NYK,62,0.0 
99,LAC,0,0.0 
100,GSW,2896,1.6 
Rk,Tm,MP,DWS 
101,PHI,2124,3.0 
102,DAL,1280,2.0 
103,BOS,937,1.0 
104,LAC,2523,2.1 
105,BOS,933,1.2 
106,WAS,8,0.0 
107,LAC,499,0.2 
108,DET,915,0.7 
109,MIL,2279,3.7 
110,CHI,2651,3.4 
111,TOR,1664,0.3 
112,CHA,2906,3.8 
113,MIA,44,0.0 
114,TOT,51,0.1 
114,IND,25,0.0 
114,POR,26,0.0 
115,CHA,262,0.5 
116,NJN,971,0.3 
117,TOT,106,0.1 
117,HOU,54,0.1 
117,SAC,52,0.1 
118,NYK,1087,0.4 
119,NJN,1730,0.9 
120,PHO,1442,0.8 
Rk,Tm,MP,DWS 
121,PHO,1991,1.3 
122,NYK,2072,0.5 
123,SAS,2438,4.5 
124,IND,1486,1.5 
125,OKC,3239,5.0 
126,MIN,1384,0.1 
127,GSW,2647,1.3 
128,TOT,66,0.1 
128,MIL,62,0.1 
128,PHI,4,0.0 
129,ATL,1317,1.1 
130,TOR,311,0.3 
131,SAC,2677,2.1 
132,LAL,1474,1.8 
133,CHA,2643,4.0 
134,POR,1441,1.6 
135,UTA,408,0.5 
136,TOT,709,0.7 
136,SAS,395,0.4 
136,BOS,314,0.3 
137,LAL,2227,2.7 
138,MIN,2339,0.7 
139,IND,1189,1.1 
140,IND,255,0.3 
Rk,Tm,MP,DWS 
141,WAS,1667,0.7 
142,PHO,2190,2.2 
143,MIL,314,0.6 
144,UTA,217,0.3 
145,NYK,2747,1.5 
146,SAC,575,0.3 
147,BOS,2060,3.8 
148,MEM,2469,2.5 
149,LAL,2403,4.2 
150,MEM,3175,2.4 
151,WAS,182,0.1 
152,GSW,761,0.5 
153,CLE,1068,1.0 
154,CHI,2204,3.5 
155,TOT,239,0.3 
155,BOS,99,0.2 
155,NYK,140,0.1 
156,MEM,5,0.0 
157,SAS,2150,3.2 
158,MIN,2210,0.9 
159,TOT,1755,2.2 
159,DAL,1030,1.6 
159,LAC,725,0.6 
160,DET,1730,0.4 
Rk,Tm,MP,DWS 
161,LAC,2229,0.9 
162,ORL,1088,2.2 
163,DEN,759,0.6 
164,CHA,804,1.2 
165,IND,2278,2.7 
166,TOT,311,0.4 
166,CHI,50,0.1 
166,NOH,261,0.3 
167,CLE,115,0.2 
168,OKC,3043,4.2 
169,PHI,1553,0.3 
170,SAC,1630,1.2 
171,PHO,32,0.0 
172,MEM,240,0.2 
173,SAS,317,0.4 
174,SAS,44,0.1 
175,DET,1552,0.1 
176,IND,511,0.6 
177,OKC,1738,2.5 
178,NYK,2195,1.3 
179,NJN,2221,1.2 
180,TOT,96,0.1 
180,HOU,82,0.1 
180,WAS,14,0.0 
Rk,Tm,MP,DWS 
181,TOT,22,0.0 
181,MIN,5,0.0 
181,NOH,17,0.0 
182,MIA,2177,3.2 
183,NJN,1106,0.3 
184,SAC,1904,1.6 
185,HOU,1773,2.4 
186,NJN,1033,0.5 
187,TOT,2355,3.0 
187,WAS,1614,1.9 
187,DAL,741,1.1 
188,IND,813,0.6 
189,CHA,355,0.5 
190,IND,2035,2.5 
191,CLE,1691,2.5 
192,DEN,2755,3.7 
193,SAS,2276,2.6 
194,PHO,2430,1.8 
195,TOT,624,0.6 
195,NYK,252,0.2 
195,HOU,372,0.4 
196,CHI,2481,2.8 
197,PHI,1767,1.0 
198,MIN,1223,0.5 
199,ATL,2845,3.9 
200,TOT,1217,1.1 
200,BOS,846,1.0 
200,NYK,371,0.1 
Rk,Tm,MP,DWS 
201,ORL,2843,7.1 
202,TOT,918,0.9 
202,DAL,827,0.8 
202,WAS,91,0.1 
203,POR,1632,1.6 
204,TOT,131,0.2 
204,BOS,70,0.1 
204,MEM,61,0.1 
205,TOT,1115,1.0 
205,NYK,820,0.6 
205,CHA,295,0.4 
206,TOT,1221,1.6 
206,DAL,315,0.4 
206,NJN,906,1.1 
207,GSW,783,0.4 
208,CHI,122,0.1 
209,ATL,33,0.0 
210,MEM,158,0.1 
211,OKC,1323,2.4 
212,PHI,3193,2.8 
213,CLE,1339,2.0 
214,LAL,355,0.6 
215,MIL,1898,3.3 
216,TOT,865,0.2 
216,MEM,67,0.0 
216,PHI,798,0.2 
217,TOT,326,0.3 
217,PHI,236,0.1 
217,MIL,90,0.2 
218,TOR,2243,0.2 
219,TOT,74,0.1 
219,CLE,10,0.0 
219,SAS,25,0.1 
219,WAS,39,0.0 
220,TOT,123,0.2 
220,CLE,114,0.1 
220,MIL,9,0.0 
Rk,Tm,MP,DWS 
221,TOT,3129,4.6 
221,GSW,300,0.2 
221,CHA,2829,4.4 
222,CLE,2966,5.2 
223,WAS,46,0.0 
224,TOT,2406,2.8 
224,WAS,1595,1.4 
224,CLE,811,1.4 
225,MIN,412,0.2 
226,UTA,73,0.1 
227,MIN,2463,2.3 
228,SAS,2520,3.0 
229,TOT,1794,1.3 
229,NYK,1462,1.0 
229,HOU,332,0.3 
230,MIL,2671,3.9 
231,DET,2232,1.5 
232,NJN,1655,1.3 
233,TOR,1453,1.1 
234,ORL,406,0.5 
235,CHI,757,1.1 
236,ATL,2886,2.4 
237,IND,1892,1.6 
238,PHO,7,0.0 
239,MIA,503,0.5 
240,IND,675,0.8 
Rk,Tm,MP,DWS 
241,LAC,1137,1.2 
242,LAC,2608,2.4 
243,PHI,976,0.1 
244,TOT,113,0.0 
244,CLE,5,0.0 
244,GSW,108,0.0 
245,DAL,2881,4.0 
246,UTA,1681,2.7 
247,UTA,952,1.0 
248,UTA,172,0.2 
249,OKC,1741,2.2 
250,BOS,22,0.0 
251,TOT,2469,1.9 
251,HOU,1415,1.3 
251,SAC,1054,0.6 
252,TOT,111,0.0 
252,NYK,108,0.0 
252,BOS,3,0.0 
253,TOT,234,0.2 
253,GSW,66,0.0 
253,CHA,33,0.0 
253,CHI,135,0.1 
254,DEN,1318,0.9 
255,NJN,2375,1.3 
256,NYK,3019,2.9 
257,ORL,2369,3.4 
258,TOT,796,0.5 
258,OKC,130,0.2 
258,WAS,666,0.3 
259,NJN,3027,2.4 
260,PHO,986,0.8 
Rk,Tm,MP,DWS 
261,MIN,1714,1.5 
262,HOU,1651,1.4 
263,GSW,2081,0.7 
264,MIA,359,0.7 
265,SAS,165,0.3 
266,DAL,2385,2.8 
267,NOH,75,0.0 
268,TOT,390,0.2 
268,GSW,276,0.1 
268,WAS,114,0.1 
269,DEN,1986,2.8 
270,TOT,1633,1.0 
270,SAC,774,0.4 
270,HOU,859,0.5 
271,SAC,66,0.0 
272,SAS,1515,1.7 
273,UTA,2025,1.9 
274,DET,1550,1.1 
275,SAC,331,0.3 
276,TOT,1269,1.4 
276,UTA,363,0.4 
276,OKC,906,1.0 
277,MEM,3113,1.4 
278,MIL,1866,3.0 
279,SAS,1617,2.6 
280,WAS,968,1.3 
Rk,Tm,MP,DWS 
281,TOT,673,0.3 
281,HOU,46,0.0 
281,NYK,627,0.3 
282,TOT,307,0.3 
282,WAS,240,0.2 
282,SAC,67,0.0 
283,IND,524,0.7 
284,TOT,719,0.8 
284,MIL,486,0.7 
284,PHI,233,0.1 
285,TOT,120,0.1 
285,HOU,13,0.0 
285,TOR,107,0.1 
286,UTA,1497,1.7 
287,TOT,685,0.6 
287,NYK,71,0.1 
287,MIN,614,0.5 
288,POR,2500,2.4 
289,CHI,1950,2.5 
290,WAS,1805,1.4 
291,POR,38,0.0 
292,UTA,2277,3.5 
293,CHA,984,1.8 
294,CLE,1052,1.7 
295,GSW,406,0.1 
296,ATL,124,0.2 
297,LAL,241,0.2 
298,GSW,2018,0.6 
299,OKC,54,0.1 
300,IND,2344,3.7 
Rk,Tm,MP,DWS 
301,TOT,1673,2.0 
301,CHA,993,1.3 
301,CHI,680,0.7 
302,TOT,685,0.8 
302,NJN,204,0.2 
302,DAL,481,0.6 
303,PHO,2660,0.8 
304,ORL,1860,2.2 
305,TOR,413,0.2 
306,CHI,1925,3.5 
307,SAC,1477,1.0 
308,LAC,362,0.1 
309,DAL,3039,3.9 
310,TOR,51,0.1 
311,MIA,1991,3.2 
312,CLE,1240,2.1 
313,WAS,650,0.4 
314,POR,502,1.0 
315,LAL,2585,4.9 
316,NOH,2370,2.8 
317,UTA,2149,3.0 
318,OKC,263,0.3 
319,TOT,730,0.6 
319,POR,231,0.3 
319,LAC,499,0.3 
320,ATL,1089,1.5 
Rk,Tm,MP,DWS 
321,CHI,829,0.9 
322,CLE,2289,2.6 
323,SAS,1728,1.6 
324,NOH,1712,1.5 
325,MIN,877,0.3 
326,MIN,447,0.4 
327,BOS,2154,3.8 
328,NOH,973,0.5 
329,DEN,436,0.6 
330,BOS,2411,3.3 
331,ORL,1687,2.5 
332,NOH,1731,1.4 
333,CLE,236,0.3 
334,LAL,581,0.7 
335,IND,865,0.8 
336,UTA,806,1.0 
337,DET,1664,0.6 
338,POR,681,1.2 
339,NJN,223,0.1 
340,TOT,891,0.6 
340,CHA,133,0.2 
340,GSW,758,0.4 
Rk,Tm,MP,DWS 
341,GSW,749,0.8 
342,TOT,53,0.1 
342,MIA,47,0.1 
342,POR,6,0.0 
343,MEM,3051,2.7 
344,TOT,807,1.4 
344,SAS,183,0.3 
344,CHA,624,1.0 
345,MIL,492,0.7 
346,ORL,1808,1.8 
347,CHI,224,0.4 
348,PHO,2485,1.7 
349,MIA,2082,3.1 
350,MIL,1759,2.2 
351,TOT,1115,0.8 
351,NYK,733,0.3 
351,BOS,382,0.6 
352,TOT,1048,0.6 
352,SAC,517,0.4 
352,NYK,531,0.2 
353,BOS,2963,4.7 
354,CHI,2871,2.5 
355,TOT,562,0.3 
355,DAL,301,0.2 
355,WAS,261,0.1 
356,POR,2419,2.1 
357,IND,2491,2.5 
358,LAC,58,0.1 
359,TOT,2824,3.4 
359,CHI,1695,2.0 
359,MIL,1129,1.4 
360,BOS,472,0.5 
Rk,Tm,MP,DWS 
361,HOU,2671,3.0 
362,OKC,2348,3.4 
363,MIN,1732,0.6 
364,NJN,395,0.3 
365,TOT,977,1.2 
365,DAL,211,0.4 
365,WAS,766,0.9 
366,LAC,123,0.1 
367,LAC,1232,1.0 
368,DEN,2082,2.1 
369,PHI,658,0.6 
370,ATL,592,0.6 
371,ATL,2871,5.1 
372,NOH,1410,1.2 
373,PHI,1016,0.9 
374,MIL,855,1.1 
375,TOT,883,0.5 
375,WAS,616,0.3 
375,DAL,267,0.2 
376,NOH,1947,0.9 
377,PHO,2838,2.5 
378,DET,2499,1.3 
379,DET,405,0.1 
380,HOU,303,0.2 
Rk,Tm,MP,DWS 
381,ATL,719,0.8 
382,TOT,659,0.4 
382,LAC,582,0.3 
382,CLE,77,0.1 
383,TOT,334,0.4 
383,HOU,118,0.1 
383,SAC,23,0.0 
383,SAS,193,0.2 
384,DAL,2540,2.1 
385,MEM,883,1.2 
386,OKC,321,0.4 
387,SAC,313,0.3 
388,MIL,1049,2.0 
389,DAL,285,0.3 
390,TOT,1220,2.9 
390,CHI,678,1.6 
390,CHA,542,1.3 
391,SAC,2357,2.0 
392,TOT,2079,1.0 
392,LAC,1405,0.5 
392,WAS,674,0.5 
393,NOH,1872,0.9 
394,MEM,589,0.5 
395,TOT,1427,0.8 
395,POR,4,0.0 
395,GSW,1423,0.8 
396,TOT,96,0.0 
396,PHO,71,0.0 
396,MIN,25,0.0 
397,GSW,872,0.7 
398,TOR,2272,0.8 
399,SAC,944,0.8 
400,SAC,2477,1.3 
Rk,Tm,MP,DWS 
401,MIL,97,0.1 
402,CLE,2166,3.8 
403,DET,1848,1.4 
404,LAL,575,0.7 
405,MIA,2792,4.6 
406,TOT,768,0.3 
406,BOS,29,0.0 
406,NYK,739,0.3 
407,DET,1975,2.3 
408,CHA,3119,6.2 
409,BOS,1780,3.4 
410,LAL,272,0.4 
411,TOT,1557,1.8 
411,MIL,1024,1.3 
411,CHI,533,0.5 
412,GSW,1788,0.9 
413,IND,2322,2.3 
414,OKC,144,0.2 
415,POR,2005,2.0 
416,TOR,1368,0.5 
417,NOH,2949,2.3 
418,CLE,1500,2.0 
419,ATL,142,0.2 
420,OKC,2813,3.4 
Rk,Tm,MP,DWS 
421,OKC,102,0.2 
422,DET,441,0.4 
423,MIN,1585,1.0 
424,OKC,59,0.0 
425,UTA,2802,3.0 
426,ORL,1703,2.0 
427,CLE,742,0.7 
428,PHI,1912,1.1 
429,MEM,872,0.5 
430,ATL,2468,2.6 
431,CLE,2359,2.7 
432,GSW,782,0.3 
433,NJN,227,0.3 
434,BOS,597,0.9 
435,NJN,1764,1.3 
436,LAL,2605,3.5 
437,TOR,1392,0.2 
438,MIA,1496,2.2 
439,NOH,871,0.6 
440,WAS,1421,0.5 
Rk,Tm,MP,DWS 
441,MEM,1321,0.7 
