Rk,Tm,MP,DWS 
1,TOR,342,0.4 
2,CHA,713,0.4 
3,ORL,2307,0.5 
4,DAL,9,0.0 
5,TOT,388,0.4 
5,HOU,213,0.3 
5,SAC,175,0.2 
6,POR,2790,2.3 
7,PHI,1669,1.6 
8,MIA,2035,1.9 
9,MEM,2109,4.1 
10,NOH,2066,2.4 
11,TOT,372,0.4 
11,MIN,161,0.2 
11,CHI,2,0.0 
11,NOH,209,0.2 
12,MIA,624,1.1 
13,TOR,1495,0.8 
14,TOT,401,0.4 
14,SAS,94,0.1 
14,HOU,307,0.3 
15,NOH,2503,0.8 
16,NYK,2482,2.0 
17,MIA,566,0.8 
18,WAS,1471,2.4 
19,MEM,970,1.5 
20,HOU,2464,3.5 
Rk,Tm,MP,DWS 
21,IND,1226,1.5 
22,TOT,734,0.8 
22,ORL,571,0.5 
22,MIL,163,0.3 
23,IND,369,0.7 
24,POR,730,0.4 
25,BOS,513,0.5 
26,MIN,1713,1.0 
27,TOR,1003,0.6 
28,GSW,2058,1.9 
29,LAC,2058,2.8 
30,TOT,159,0.3 
30,WAS,122,0.3 
30,NYK,37,0.1 
31,POR,894,0.6 
32,BOS,2239,2.7 
33,MIA,1786,1.6 
34,POR,2807,1.9 
35,MEM,1765,2.5 
36,SAS,141,0.2 
37,GSW,267,0.3 
38,WAS,1745,2.0 
39,PHO,1554,1.0 
40,DAL,549,0.4 
Rk,Tm,MP,DWS 
41,CHI,1882,1.6 
42,HOU,713,0.8 
43,GSW,495,1.0 
44,LAC,418,0.3 
45,CHA,2186,1.3 
46,SAS,851,1.5 
47,LAL,1175,0.8 
48,BRK,1555,2.5 
49,LAC,1553,2.6 
50,BRK,1408,0.7 
51,GSW,786,1.4 
52,SAS,909,1.1 
53,WAS,887,1.4 
54,CHI,2546,4.3 
55,MIA,2454,3.4 
56,BOS,1435,1.6 
57,DAL,1527,2.2 
58,DEN,2003,2.2 
59,TOT,853,1.0 
59,NYK,711,0.7 
59,OKC,142,0.3 
60,TOT,997,0.0 
60,SAC,959,0.0 
60,HOU,38,0.0 
Rk,Tm,MP,DWS 
61,BRK,912,0.8 
62,PHI,269,0.4 
63,PHO,1402,0.8 
64,LAL,3013,2.6 
65,MIN,508,0.4 
66,UTA,1137,0.7 
67,LAC,1879,1.6 
68,CHI,2134,2.6 
69,DET,1219,0.5 
70,TOT,2160,0.9 
70,TOR,1273,0.5 
70,DET,887,0.4 
71,NYK,250,0.4 
72,UTA,1111,1.1 
73,CHA,6,0.0 
74,DAL,2093,2.0 
75,CLE,503,0.6 
76,MIA,2068,2.5 
77,NYK,2164,2.6 
78,DEN,1079,1.3 
79,BRK,100,0.1 
80,LAL,1363,1.5 
Rk,Tm,MP,DWS 
81,POR,812,0.5 
82,MIA,1590,1.4 
83,TOT,384,0.5 
83,BOS,330,0.4 
83,WAS,54,0.1 
84,DAL,2372,1.7 
85,OKC,1583,2.1 
86,MEM,2757,4.7 
87,MIN,20,0.0 
88,TOT,441,0.4 
88,HOU,165,0.1 
88,CHI,276,0.3 
89,NYK,862,0.6 
90,SAC,2289,2.3 
91,LAC,2230,1.7 
92,TOT,1709,1.7 
92,WAS,1127,1.1 
92,BOS,582,0.5 
93,DAL,1353,1.3 
94,MIN,2010,2.4 
95,DAL,26,0.0 
96,DAL,25,0.0 
97,GSW,2983,2.8 
98,MIL,765,1.2 
99,MIL,1085,1.1 
100,NOH,1846,2.4 
Rk,Tm,MP,DWS 
101,TOT,1631,2.4 
101,TOR,1087,1.2 
101,MEM,544,1.2 
102,ORL,1064,0.9 
103,TOT,676,0.9 
103,DET,348,0.2 
103,MEM,328,0.6 
104,SAS,920,1.4 
105,HOU,1689,1.5 
106,CHI,2903,3.3 
107,DAL,4,0.0 
108,TOR,3013,1.6 
109,SAS,1709,2.3 
110,CHA,226,0.2 
111,MEM,82,0.1 
112,TOT,1289,1.0 
112,HOU,913,0.7 
112,SAC,376,0.3 
113,DAL,63,0.0 
114,PHO,2581,1.6 
115,DET,1243,2.3 
116,PHO,2170,0.9 
117,LAL,820,0.4 
118,SAS,2078,4.9 
119,MIL,1943,1.7 
120,OKC,3119,5.3 
Rk,Tm,MP,DWS 
121,LAL,197,0.1 
122,TOT,1661,1.1 
122,MEM,676,0.8 
122,CLE,985,0.3 
123,MIL,3076,3.3 
124,DET,407,0.2 
125,UTA,215,0.3 
126,BRK,1967,3.5 
127,SAC,2016,0.8 
128,GSW,1120,1.5 
129,DEN,2248,3.4 
130,UTA,1787,2.9 
131,NYK,2313,1.7 
132,TOR,1037,0.8 
133,TOT,575,0.4 
133,DAL,229,0.1 
133,OKC,346,0.3 
134,DEN,428,0.3 
135,UTA,2249,0.9 
136,SAC,967,-0.1 
137,POR,477,0.4 
138,DEN,2309,2.0 
139,TOT,1029,0.6 
139,SAC,710,0.4 
139,HOU,319,0.3 
140,BOS,2022,3.8 
Rk,Tm,MP,DWS 
141,PHO,149,0.1 
142,MEM,2796,5.4 
143,LAL,1655,1.7 
144,TOT,2687,3.9 
144,MEM,1541,2.6 
144,TOR,1146,1.4 
145,CLE,2541,1.5 
146,MIN,644,0.5 
147,IND,2972,6.3 
148,CLE,919,0.2 
149,CHI,1459,2.3 
150,SAS,1393,2.4 
151,MIL,151,0.2 
152,CHA,1560,-0.2 
153,NOH,1264,0.3 
154,PHO,1876,2.1 
155,LAL,6,0.0 
156,IND,74,0.1 
157,TOR,513,0.4 
158,SAS,2201,3.2 
159,GSW,1061,1.6 
160,IND,1080,1.5 
Rk,Tm,MP,DWS 
161,BOS,2252,2.8 
162,LAC,1188,0.9 
163,LAC,2598,3.9 
164,TOT,322,0.5 
164,MEM,87,0.2 
164,PHO,235,0.4 
165,DEN,397,0.5 
166,CHI,1088,0.9 
167,IND,200,0.3 
168,IND,1366,2.2 
169,HOU,2985,3.0 
170,ORL,1974,1.7 
171,MIA,31,0.0 
172,ORL,119,0.1 
173,ATL,1421,1.5 
174,TOT,137,0.1 
174,MIA,29,0.0 
174,NOH,108,0.1 
175,TOT,1299,1.2 
175,MIL,325,0.3 
175,ORL,974,0.9 
176,MIA,1414,2.0 
177,PHI,2233,2.8 
178,SAC,1209,0.4 
179,UTA,2104,1.2 
180,MIN,31,0.0 
Rk,Tm,MP,DWS 
181,CHA,1162,0.4 
182,CHA,2133,0.3 
183,NOH,625,0.2 
184,MIL,827,1.2 
185,IND,2269,4.9 
186,POR,2323,2.3 
187,CHA,32,0.0 
188,WAS,1659,2.7 
189,IND,2620,3.8 
190,LAC,437,0.4 
191,LAL,458,0.5 
192,CHI,1764,2.1 
193,PHI,2926,2.7 
194,PHI,142,0.1 
195,LAC,663,0.8 
196,SAC,32,0.0 
197,ATL,2756,4.1 
198,LAL,2722,4.8 
199,MIN,207,0.3 
200,MIA,51,0.0 
Rk,Tm,MP,DWS 
201,BRK,1191,1.3 
202,OKC,2486,4.1 
203,DEN,2779,3.2 
204,MIL,2012,2.5 
205,CLE,2048,1.1 
206,PHI,698,0.5 
207,GSW,2349,1.8 
208,OKC,993,1.3 
209,SAS,1075,1.5 
210,DAL,457,0.7 
211,BRK,0,0.0 
212,MIA,2877,4.7 
213,DAL,862,0.5 
214,LAL,1636,1.3 
215,UTA,2578,3.3 
216,GSW,568,0.6 
217,POR,350,0.1 
218,TOT,441,0.3 
218,GSW,291,0.2 
218,PHI,150,0.1 
219,ATL,902,0.6 
220,MIL,2897,2.2 
Rk,Tm,MP,DWS 
221,DET,892,0.8 
222,TOR,2325,2.9 
223,MIN,284,0.4 
224,MEM,102,0.1 
225,ATL,1035,1.7 
226,SAC,878,0.6 
227,BRK,2642,1.2 
228,IND,619,1.0 
229,PHO,953,0.5 
230,LAL,6,0.0 
231,TOT,1016,0.6 
231,DAL,635,0.3 
231,ATL,381,0.3 
232,ORL,803,0.4 
233,DAL,338,0.2 
234,MIA,221,0.2 
235,CLE,334,0.2 
236,OKC,280,0.4 
237,NYK,26,0.0 
238,HOU,276,0.4 
239,LAC,2010,3.2 
240,SAS,388,0.5 
Rk,Tm,MP,DWS 
241,TOT,54,0.1 
241,BOS,24,0.0 
241,BRK,30,0.0 
242,DAL,1363,1.6 
243,UTA,1078,1.0 
244,NYK,2043,2.8 
245,CHA,2025,1.0 
246,MIN,2034,2.6 
247,TOR,376,0.2 
248,DET,2365,0.8 
249,ATL,2259,2.5 
250,DEN,1817,2.5 
251,DET,224,0.1 
252,TOT,577,0.2 
252,MIL,280,0.1 
252,ORL,297,0.1 
253,OKC,147,0.1 
254,GSW,1876,1.9 
255,DEN,2513,1.8 
256,BOS,1941,2.4 
257,GSW,2907,3.7 
258,MIN,289,0.3 
259,SAS,1810,3.3 
260,POR,1206,0.7 
Rk,Tm,MP,DWS 
261,TOT,187,0.2 
261,CLE,91,0.0 
261,MEM,96,0.2 
262,MIA,792,0.9 
263,OKC,290,0.5 
264,POR,3167,0.7 
265,HOU,2640,2.5 
266,TOT,1455,0.9 
266,WAS,320,0.4 
266,CLE,1135,0.6 
267,BRK,2253,2.6 
268,NOH,2136,1.2 
269,MIN,618,0.9 
270,TOR,2020,2.1 
271,TOR,827,0.3 
272,HOU,21,0.0 
273,TOT,416,0.4 
273,WAS,141,0.2 
273,PHI,7,0.0 
273,ATL,268,0.2 
274,DET,257,0.1 
275,IND,1322,2.6 
276,DAL,2010,2.5 
277,PHO,702,0.2 
278,WAS,694,0.9 
279,NYK,431,0.6 
280,OKC,2136,2.0 
Rk,Tm,MP,DWS 
281,NOH,1219,0.3 
282,POR,2403,1.0 
283,DET,1789,1.7 
284,TOT,963,0.3 
284,OKC,391,0.2 
284,POR,572,0.0 
285,DAL,2913,1.8 
286,MIL,1326,1.2 
287,DEN,1433,2.2 
288,TOT,387,0.4 
288,TOR,230,0.2 
288,NOH,145,0.1 
288,IND,12,0.0 
289,TOT,1487,0.7 
289,ORL,685,0.3 
289,CHA,802,0.4 
290,LAL,1663,1.1 
291,BOS,36,0.1 
292,DET,475,0.3 
293,CLE,1364,0.8 
294,BOS,5,0.0 
295,DEN,2151,1.5 
296,NOH,694,0.3 
297,MIA,900,1.0 
298,DEN,26,0.0 
299,SAS,656,0.8 
300,UTA,2375,2.9 
Rk,Tm,MP,DWS 
301,CHI,693,1.2 
302,DET,2687,3.2 
303,ORL,1682,0.7 
304,LAL,683,0.3 
305,TOT,1524,1.2 
305,HOU,1154,0.9 
305,PHO,370,0.3 
306,PHO,1837,1.9 
307,TOT,383,0.3 
307,ATL,301,0.3 
307,DAL,82,0.0 
308,HOU,538,0.3 
309,PHI,542,0.6 
310,DEN,366,0.4 
311,CHA,1428,0.7 
312,UTA,52,0.0 
313,DAL,256,0.3 
314,LAL,1627,0.6 
315,SAS,1484,1.5 
316,ORL,1977,1.0 
317,ORL,1249,0.8 
318,CHI,2426,4.7 
319,NYK,1641,0.8 
320,DAL,1661,1.8 
Rk,Tm,MP,DWS 
321,PHO,1029,1.3 
322,ORL,638,0.7 
323,LAC,1616,3.0 
324,HOU,12,0.0 
325,WAS,2052,3.7 
326,OKC,104,0.1 
327,SAC,444,0.1 
328,ATL,1134,1.5 
329,TOT,507,0.2 
329,WAS,102,0.1 
329,ATL,113,0.1 
329,CHA,292,0.0 
330,TOT,655,0.1 
330,CLE,447,0.1 
330,PHI,208,0.1 
331,SAS,2174,2.3 
332,HOU,2758,2.1 
333,TOT,1775,1.0 
333,HOU,1219,0.8 
333,SAC,556,0.2 
334,LAC,2335,3.4 
335,POR,528,0.4 
336,MIN,1959,2.1 
337,OKC,1954,3.0 
338,ATL,352,0.6 
339,BOS,2575,3.7 
340,TOR,386,0.2 
Rk,Tm,MP,DWS 
341,TOT,32,0.0 
341,MIA,12,0.0 
341,MEM,20,0.0 
342,IND,55,0.1 
343,MEM,1243,1.5 
344,WAS,1278,1.2 
345,POR,510,0.3 
346,NYK,1263,1.3 
347,TOT,2631,2.1 
347,DET,1457,0.6 
347,MEM,1174,1.6 
348,MIL,68,0.1 
349,CLE,78,0.0 
350,CHI,144,0.3 
351,DEN,329,0.6 
352,BOS,198,0.4 
353,MEM,2607,4.7 
354,TOT,2379,0.5 
354,ORL,1575,0.2 
354,MIL,804,0.3 
355,PHI,936,1.1 
356,NYK,29,0.0 
357,MIN,2474,1.8 
358,NOH,1418,0.1 
359,NOH,1324,0.2 
360,CHI,2086,2.4 
Rk,Tm,MP,DWS 
361,TOT,1056,0.9 
361,SAC,809,0.5 
361,HOU,247,0.4 
362,BOS,1423,2.0 
363,TOR,1239,0.8 
364,MIN,122,0.1 
365,MIN,1691,2.6 
366,GSW,25,0.0 
367,LAL,203,0.1 
368,SAC,2278,-0.1 
369,CLE,196,0.0 
370,MIL,1937,3.7 
371,PHO,2184,1.9 
372,ATL,376,0.4 
373,OKC,2229,3.1 
374,MEM,59,0.1 
375,WAS,1721,2.2 
376,CHA,1652,0.0 
377,BRK,93,0.1 
378,NYK,996,1.0 
379,MIN,1840,1.4 
380,NOH,5,0.0 
Rk,Tm,MP,DWS 
381,DET,2293,1.2 
382,WAS,924,1.5 
383,TOT,263,0.0 
383,CLE,257,0.0 
383,NOH,6,0.0 
384,HOU,1110,1.2 
385,TOT,516,0.4 
385,ORL,378,0.2 
385,MIL,138,0.2 
386,NYK,2678,2.7 
387,NOH,876,0.6 
388,ATL,2683,4.5 
389,POR,288,0.1 
390,TOT,1300,1.7 
390,MEM,579,1.1 
390,CLE,721,0.6 
391,SAS,1997,3.5 
392,BRK,544,0.2 
393,IND,2278,3.6 
394,ATL,1158,0.9 
395,MIN,1209,2.0 
396,DEN,28,0.0 
397,NYK,682,0.6 
398,DET,2171,0.8 
399,BOS,892,1.4 
400,LAC,7,0.0 
Rk,Tm,MP,DWS 
401,CHA,1507,0.0 
402,BRK,221,0.2 
403,ATL,2628,2.6 
404,CHI,392,0.4 
405,BRK,499,0.5 
406,TOT,980,0.5 
406,PHO,795,0.4 
406,TOR,185,0.1 
407,WAS,1156,1.5 
408,BOS,2124,1.9 
409,OKC,770,1.5 
410,SAC,2122,-0.1 
411,NYK,392,0.5 
412,NOH,646,0.2 
413,TOT,57,0.1 
413,GSW,21,0.0 
413,CHI,36,0.1 
414,CHA,360,0.2 
415,SAC,2285,0.9 
416,GSW,2936,2.6 
417,CLE,2564,2.0 
418,SAC,1726,0.1 
419,UTA,1221,1.0 
420,ATL,963,0.9 
Rk,Tm,MP,DWS 
421,PHO,1910,1.2 
422,LAC,701,1.0 
423,ORL,189,0.1 
424,PHI,2892,2.9 
425,TOT,68,0.1 
425,GSW,63,0.1 
425,ATL,5,0.0 
426,MIL,1312,1.5 
427,TOT,1457,0.7 
427,MIL,719,0.4 
427,ORL,738,0.2 
428,TOR,1482,1.5 
429,CLE,901,1.1 
430,TOT,58,0.1 
430,BOS,18,0.0 
430,MIA,40,0.0 
431,NOH,2685,0.7 
432,WAS,601,0.8 
433,DET,1092,1.1 
434,ORL,2559,2.9 
435,MIA,2391,3.5 
436,CLE,1756,0.6 
437,CHA,2859,1.1 
438,WAS,1602,2.2 
439,BRK,2076,2.5 
440,NYK,296,0.6 
Rk,Tm,MP,DWS 
441,CLE,857,0.7 
442,TOT,489,0.1 
442,NOH,7,0.0 
442,CHA,482,0.1 
443,BRK,1521,1.3 
444,UTA,829,0.7 
445,TOT,202,0.1 
445,PHI,165,0.1 
445,LAC,37,0.1 
446,WAS,2200,2.4 
447,IND,2435,4.7 
448,OKC,2861,3.9 
449,BOS,86,0.1 
450,NYK,435,0.3 
451,BOS,830,1.3 
452,PHI,1095,0.9 
453,BRK,2842,1.8 
454,MIN,1916,2.1 
455,ATL,1119,1.0 
456,UTA,1727,1.1 
457,UTA,1418,0.7 
458,CHA,380,0.1 
459,BOS,318,0.4 
460,LAL,2530,2.6 
Rk,Tm,MP,DWS 
461,DAL,1149,1.3 
462,DAL,4,0.0 
463,PHI,1783,2.1 
464,MEM,272,0.3 
465,PHI,1411,1.0 
466,IND,693,1.1 
467,PHI,2629,3.7 
468,PHO,58,0.0 
