Rk,Tm,MP,DWS 
1,POR,934,1.5 
2,DEN,1538,0.8 
3,ORL,926,0.8 
4,WSB,2795,2.6 
5,NJN,1175,0.7 
6,DET,1582,2.0 
7,POR,1595,2.0 
8,GSW,1350,1.4 
9,DEN,2793,3.6 
10,NJN,1086,1.1 
11,ORL,2203,2.0 
12,PHI,2432,1.3 
13,SAS,1889,2.6 
14,TOT,45,0.0 
14,PHI,32,0.0 
14,CHH,13,0.0 
15,NYK,1510,2.0 
16,CHI,1875,1.8 
17,GSW,1496,0.8 
18,MIA,843,0.7 
19,ATL,2505,2.2 
20,UTA,112,0.2 
Rk,Tm,MP,DWS 
21,MIA,35,0.0 
22,BOS,1742,1.4 
23,TOT,2104,1.8 
23,UTA,327,0.4 
23,MIN,1777,1.4 
24,SAS,1,0.0 
25,PHI,2881,3.7 
26,SEA,1331,0.7 
27,CLE,1637,0.7 
28,TOT,92,0.1 
28,BOS,46,0.0 
28,GSW,46,0.0 
29,DET,363,0.5 
30,SEA,1941,2.5 
31,TOT,833,0.7 
31,CLE,831,0.7 
31,MIA,2,0.0 
32,UTA,1161,1.5 
33,BOS,1662,2.5 
34,DAL,2527,0.7 
35,DET,189,0.3 
36,NJN,2548,2.6 
37,CHH,2790,1.8 
38,PHI,1267,1.6 
39,SAC,2287,1.9 
40,ORL,1721,1.1 
Rk,Tm,MP,DWS 
41,NJN,2179,2.4 
42,CLE,1605,1.5 
43,MIN,1176,1.0 
44,MIL,1556,1.4 
45,DEN,270,0.2 
46,MIN,1082,0.6 
47,TOT,431,0.4 
47,CLE,50,0.1 
47,LAL,381,0.3 
48,BOS,883,0.8 
49,UTA,1783,2.3 
50,MIN,23,0.0 
51,SAC,535,0.5 
52,TOT,655,0.6 
52,LAC,254,0.3 
52,SEA,401,0.3 
53,POR,800,1.2 
54,TOT,290,0.4 
54,NJN,29,0.0 
54,SAS,140,0.2 
54,GSW,121,0.2 
55,HOU,1278,1.0 
56,MIA,1585,1.0 
57,PHO,356,0.4 
58,SEA,2461,3.2 
59,LAL,58,0.0 
60,LAL,1876,2.4 
Rk,Tm,MP,DWS 
61,MIN,2441,0.6 
62,SAS,1867,2.5 
63,CHI,1471,1.9 
64,ORL,2430,1.4 
65,SAC,2291,2.6 
66,PHO,725,0.7 
67,PHO,1948,2.5 
68,TOT,567,0.2 
68,CHH,545,0.2 
68,WSB,22,0.0 
69,ATL,1086,1.1 
70,SAC,817,0.7 
71,NJN,2207,2.6 
72,MIA,1976,0.9 
73,SEA,381,0.2 
74,MIL,1420,1.3 
75,DEN,115,0.2 
76,POR,344,0.6 
77,SAS,132,0.2 
78,LAC,48,0.1 
79,TOT,2207,2.7 
79,MIN,344,0.2 
79,UTA,1863,2.5 
80,ORL,741,0.6 
Rk,Tm,MP,DWS 
81,UTA,328,0.3 
82,SAS,2149,3.2 
83,CHH,2020,1.3 
84,SEA,98,0.1 
85,CLE,2643,3.5 
86,DAL,429,0.2 
87,IND,1301,1.5 
88,DAL,2149,1.8 
89,DEN,741,0.5 
90,PHI,2815,1.2 
91,ORL,905,1.2 
92,LAL,979,1.5 
93,TOT,1075,0.9 
93,DAL,994,0.8 
93,NYK,81,0.1 
94,TOT,752,0.6 
94,MIA,98,0.0 
94,BOS,654,0.6 
95,IND,509,0.4 
96,POR,2751,4.5 
97,POR,2222,3.0 
98,NJN,1902,2.8 
99,DET,3192,2.5 
100,WSB,1463,1.1 
Rk,Tm,MP,DWS 
101,UTA,2023,3.5 
102,NYK,13,0.0 
103,UTA,2283,2.7 
104,LAC,1437,1.5 
105,MIA,1840,1.4 
106,CLE,2016,1.9 
107,GSW,1677,1.1 
108,SAS,3120,3.4 
109,MIL,2191,0.7 
110,LAC,103,0.2 
111,WSB,2511,3.7 
112,WSB,1665,0.7 
113,NYK,3150,6.9 
114,NJN,175,0.2 
115,ATL,1598,0.9 
116,CLE,937,1.0 
117,IND,1737,0.9 
118,HOU,1662,1.2 
119,WSB,548,0.5 
120,BOS,1535,1.9 
Rk,Tm,MP,DWS 
121,MIN,140,0.1 
122,CHH,852,0.6 
123,BOS,2496,2.2 
124,DEN,2209,1.6 
125,TOT,549,0.7 
125,SAS,374,0.5 
125,MIN,112,0.1 
125,DAL,63,0.1 
126,GSW,612,0.8 
127,CHH,2223,1.9 
128,NJN,1037,0.7 
129,CHH,2906,2.0 
130,PHI,2771,2.3 
131,MIN,1822,0.7 
132,CHH,499,0.4 
133,HOU,2,0.0 
134,ATL,1718,1.7 
135,CHH,25,0.0 
136,LAC,2049,2.9 
137,TOT,891,0.6 
137,CHH,57,0.1 
137,PHI,834,0.5 
138,WSB,2388,2.0 
139,CHI,2859,5.0 
140,MIL,1659,0.8 
Rk,Tm,MP,DWS 
141,LAL,2902,2.9 
142,BOS,367,0.3 
143,IND,256,0.2 
144,SAS,1127,1.9 
145,LAL,394,0.4 
146,WSB,984,0.9 
147,TOT,809,0.9 
147,SAC,40,0.0 
147,CHI,769,0.9 
148,GSW,3332,2.0 
149,DAL,2252,1.2 
150,LAC,3144,4.4 
151,DEN,421,0.4 
152,PHI,3013,2.4 
153,TOT,96,0.1 
153,HOU,34,0.0 
153,DET,62,0.1 
154,MIL,386,0.2 
155,HOU,566,0.6 
156,GSW,535,0.3 
157,TOT,616,0.4 
157,SAS,36,0.1 
157,ORL,580,0.3 
158,GSW,1886,2.3 
159,DAL,1058,0.8 
160,CHI,555,0.5 
Rk,Tm,MP,DWS 
161,PHI,40,0.0 
162,TOT,1314,1.0 
162,CHI,10,0.0 
162,SAC,1304,1.0 
163,PHO,3078,3.8 
164,DAL,318,0.2 
165,MIL,2261,1.4 
166,CHH,1,0.0 
167,DAL,1280,0.3 
168,GSW,54,0.0 
169,NYK,2461,3.5 
170,HOU,378,0.3 
171,CLE,866,0.5 
172,SAC,87,0.1 
173,TOT,1235,1.2 
173,SAS,463,0.6 
173,HOU,772,0.6 
174,HOU,2202,2.0 
175,SEA,2366,1.1 
176,PHO,2899,2.9 
177,CHH,3047,2.5 
178,SAS,1350,1.5 
179,WSB,1365,1.8 
180,CHI,3102,5.6 
Rk,Tm,MP,DWS 
181,SEA,1808,3.0 
182,CLE,847,0.6 
183,POR,2553,4.4 
184,MIA,1197,0.9 
185,LAC,277,0.3 
186,WSB,59,0.1 
187,SEA,213,0.2 
188,CHI,1268,1.4 
189,ORL,1479,1.3 
190,BOS,991,1.3 
191,PHO,631,0.5 
192,SEA,239,0.1 
193,ATL,1489,1.6 
194,MIL,1848,1.4 
195,DET,2234,3.3 
196,TOT,177,0.2 
196,DEN,141,0.1 
196,IND,30,0.0 
196,MIL,6,0.0 
197,PHO,1965,3.5 
198,CHH,716,0.6 
199,NJN,307,0.2 
200,ATL,13,0.0 
Rk,Tm,MP,DWS 
201,SAC,712,0.4 
202,DAL,884,0.8 
203,CHI,1020,1.5 
204,BOS,3070,3.5 
205,DEN,1527,1.5 
206,DEN,1176,0.8 
207,GSW,293,0.4 
208,MIL,1081,1.3 
209,MIA,3063,2.8 
210,MIN,991,1.1 
211,CHH,819,0.4 
212,DEN,2304,2.3 
213,PHO,2853,3.6 
214,UTA,2922,2.1 
215,UTA,3054,5.2 
216,MIL,2511,2.2 
217,LAC,2904,4.5 
218,GSW,2117,1.4 
219,NYK,2198,3.2 
220,TOT,90,0.1 
220,SAS,9,0.0 
220,CHH,13,0.0 
220,BOS,46,0.0 
220,GSW,22,0.0 
Rk,Tm,MP,DWS 
221,HOU,2700,2.1 
222,TOT,255,0.2 
222,PHI,215,0.2 
222,LAC,40,0.0 
223,ATL,32,0.0 
224,DET,129,0.2 
225,IND,892,0.5 
226,NYK,108,0.2 
227,DAL,2106,1.5 
228,NYK,2344,3.2 
229,BOS,1398,1.5 
230,SEA,1757,1.5 
231,NYK,9,0.0 
232,SEA,1652,2.2 
233,IND,3120,1.7 
234,NJN,1714,1.7 
235,MIN,2151,1.2 
236,ATL,313,0.2 
237,DAL,782,0.4 
238,NJN,2394,2.9 
239,TOT,270,0.2 
239,CLE,54,0.0 
239,MIA,216,0.2 
240,GSW,3346,2.7 
Rk,Tm,MP,DWS 
241,UTA,478,0.7 
242,MIN,429,0.3 
243,PHO,545,0.8 
244,DEN,2716,3.6 
245,CLE,2880,4.0 
246,PHO,505,0.6 
247,CHI,9,0.0 
248,CHH,1651,0.8 
249,LAC,2009,2.8 
250,NYK,2309,3.9 
251,MIA,367,0.3 
252,HOU,2636,5.6 
253,PHI,279,0.2 
254,CLE,252,0.2 
255,GSW,2510,2.3 
256,LAL,80,0.1 
257,POR,894,1.1 
258,BOS,2285,3.6 
259,CHI,1946,1.7 
260,PHI,353,0.3 
Rk,Tm,MP,DWS 
261,SEA,2549,2.3 
262,CHI,1007,1.7 
263,LAL,2332,2.4 
264,TOT,437,0.4 
264,LAC,66,0.2 
264,CHH,371,0.3 
265,PHO,2483,3.0 
266,IND,2923,1.6 
267,GSW,169,0.2 
268,NJN,3027,1.6 
269,CLE,65,0.1 
270,SEA,2658,1.4 
271,BOS,1917,2.7 
272,CHI,3164,5.5 
273,LAC,1834,2.6 
274,MIL,26,0.0 
275,POR,2784,3.5 
276,SAS,759,1.0 
277,CLE,2138,1.6 
278,BOS,136,0.1 
279,TOT,326,0.4 
279,NYK,190,0.3 
279,DAL,136,0.2 
280,PHO,381,0.6 
Rk,Tm,MP,DWS 
281,TOT,441,0.1 
281,CHI,67,0.0 
281,MIN,374,0.1 
282,ATL,1968,1.6 
283,CHH,1257,1.2 
284,ORL,1159,1.0 
285,MIA,3007,1.7 
286,MIN,2922,1.0 
287,SAC,3095,1.5 
288,LAC,122,0.2 
289,LAC,1657,2.4 
290,MIL,1746,0.9 
291,ORL,1118,1.4 
292,MIL,2463,2.7 
293,LAL,78,0.1 
294,POR,2124,3.6 
295,SAS,2564,6.9 
296,BOS,6,0.0 
297,ATL,2220,1.7 
298,DET,3301,7.0 
299,HOU,697,0.9 
300,SAS,718,0.8 
Rk,Tm,MP,DWS 
301,UTA,538,0.5 
302,PHI,209,0.2 
303,DET,1774,2.7 
304,WSB,108,0.2 
305,ATL,117,0.1 
306,TOT,633,0.6 
306,IND,81,0.0 
306,CLE,552,0.6 
307,MIL,726,0.6 
308,TOT,61,0.0 
308,SAC,15,0.0 
308,DEN,46,0.0 
309,SAC,400,0.4 
310,IND,2605,2.8 
311,LAL,2679,2.1 
312,ORL,608,0.4 
313,MIA,2800,2.9 
314,DET,226,0.3 
315,PHI,1399,1.6 
316,TOT,1423,1.2 
316,BOS,436,0.5 
316,MIA,987,0.7 
317,SAC,2895,3.5 
318,ORL,2377,1.0 
319,LAC,1310,2.3 
320,DAL,1707,1.6 
Rk,Tm,MP,DWS 
321,HOU,2735,1.7 
322,WSB,708,0.7 
323,HOU,800,0.9 
324,ORL,877,0.6 
325,MIA,1806,0.8 
326,LAL,820,0.6 
327,IND,1772,1.7 
328,GSW,3,0.0 
329,TOT,489,0.2 
329,CHI,18,0.0 
329,LAL,471,0.2 
330,MIN,1481,1.2 
331,NYK,2118,3.1 
332,WSB,2229,1.8 
333,UTA,3002,4.6 
334,SAS,2053,2.9 
335,WSB,12,0.0 
336,POR,17,0.0 
337,MIA,8,0.0 
338,SAS,601,0.8 
339,LAL,1602,1.0 
340,SAC,31,0.0 
Rk,Tm,MP,DWS 
341,DET,156,0.2 
342,DET,2918,3.4 
343,GSW,1,0.0 
344,IND,1299,1.7 
345,TOT,91,0.1 
345,ORL,15,0.0 
345,SAC,76,0.1 
346,UTA,6,0.0 
347,HOU,3056,3.2 
348,LAL,3070,2.6 
349,SAC,2521,1.8 
350,GSW,310,0.2 
351,SAS,415,0.5 
352,WSB,871,0.9 
353,ORL,1591,0.8 
354,HOU,345,0.3 
355,NYK,956,0.9 
356,LAC,1687,2.6 
357,DAL,9,0.0 
358,ORL,885,0.6 
359,ATL,1516,1.4 
360,BOS,110,0.2 
Rk,Tm,MP,DWS 
361,DET,1541,2.1 
362,SAC,2724,1.6 
363,MIN,2540,0.3 
364,PHO,1436,1.8 
365,POR,209,0.3 
366,DAL,1021,0.8 
367,PHI,569,0.3 
368,TOT,870,0.7 
368,ORL,90,0.0 
368,SAS,13,0.0 
368,ATL,767,0.6 
369,ATL,1601,1.3 
370,NYK,2344,2.7 
371,POR,2519,3.8 
372,DAL,2040,1.9 
373,CLE,2432,3.2 
374,PHI,646,0.6 
375,IND,565,0.6 
376,IND,2750,3.2 
377,DEN,2623,2.9 
378,CHI,690,1.3 
379,ATL,2962,4.1 
380,TOT,81,0.1 
380,HOU,17,0.0 
380,NYK,64,0.1 
Rk,Tm,MP,DWS 
381,WSB,2127,2.2 
382,IND,115,0.0 
383,DEN,1160,0.9 
384,DET,2113,2.1 
385,LAL,2108,1.6 
386,TOT,1023,1.1 
386,POR,134,0.2 
