Rk,Tm,MP,eFG%,FT%,ORB,TOV,PTS 
1,TOT,441,.378,.727,41,27,135 
1,DEN,417,.383,.750,39,24,135 
1,DAL,24,.000,.000,2,3,0 
2,ATL,2980,.469,.801,198,250,1636 
3,WAS,1325,.476,.810,43,60,549 
4,DET,97,.353,.500,7,5,40 
5,MIA,161,.431,.800,15,2,52 
6,MIL,2525,.561,.873,81,159,1503 
7,MIL,600,.416,.621,10,40,177 
8,UTA,586,.325,.638,52,55,175 
9,DEN,262,.338,.786,38,13,72 
10,POR,1860,.473,.856,47,87,757 
11,BOS,2430,.442,.742,57,119,731 
12,MEM,219,.362,.556,1,14,60 
13,NYK,1596,.452,.692,57,97,411 
14,TOT,1514,.436,.659,22,94,474 
14,CHI,961,.444,.671,16,58,302 
14,MIL,553,.423,.619,6,36,172 
15,GSW,1155,.504,.775,41,97,511 
16,NJN,196,.347,.500,10,8,64 
17,ORL,2730,.503,.888,83,175,1015 
18,TOT,371,.441,.722,12,23,111 
18,TOR,96,.448,.667,3,12,30 
18,DEN,275,.439,.750,9,11,81 
19,DET,2285,.553,.692,31,128,957 
20,CHH,1319,.427,.762,59,54,357 
21,MEM,307,.391,1.000,11,11,76 
22,MIN,258,.322,.684,4,19,71 
23,CHI,638,.404,.586,55,46,185 
24,SEA,1710,.486,.633,168,127,774 
25,POR,228,.360,.900,5,12,58 
26,DET,582,.448,.778,1,33,193 
27,SEA,3040,.611,.846,58,165,1164 
28,DET,1985,.604,.931,42,111,739 
29,DEN,408,.417,.784,32,32,139 
30,BOS,1819,.541,.677,184,51,510 
31,MEM,3097,.482,.700,180,155,1125 
32,TOT,44,.273,1.000,2,5,8 
32,PHO,42,.273,1.000,2,5,8 
32,DAL,2,0.0,0.0,0,0,0 
33,PHI,890,.454,.750,31,48,254 
34,IND,1647,.479,.773,64,96,581 
35,TOT,1747,.460,.897,20,99,581 
35,IND,954,.464,.877,10,59,302 
35,CHI,793,.457,.922,10,40,279 
36,SAC,2659,.479,.803,37,134,1098 
37,MIN,2355,.498,.885,35,138,1027 
38,GSW,599,.394,.500,8,37,119 
39,PHI,1426,.458,.644,149,52,259 
40,BOS,415,.421,.811,26,23,94 
41,SEA,279,.427,.958,20,16,93 
42,POR,245,.406,.520,21,14,39 
43,ATL,585,.353,.830,38,11,162 
44,SAS,1699,.460,.479,42,66,412 
45,DEN,1686,.480,.750,134,41,364 
46,PHI,29,.714,0.0,0,0,10 
47,LAC,761,.424,.770,27,44,280 
48,TOR,118,.520,.500,7,6,30 
49,DAL,757,.479,.922,53,25,215 
50,LAC,3020,.527,.742,396,173,1453 
51,MIN,962,.430,.988,17,43,397 
52,IND,43,.400,0.0,2,3,4 
53,IND,160,.483,.600,16,6,43 
54,SAC,92,.370,.500,10,5,21 
55,PHI,67,.381,.875,2,9,23 
56,ORL,65,.175,0.0,0,4,7 
57,MIA,21,.167,.250,1,3,3 
58,BOS,245,.364,.600,11,7,63 
59,WAS,817,.387,.707,63,43,258 
60,CHH,2563,.474,.858,273,85,669 
61,BOS,6,.000,0.0,0,0,0 
62,HOU,403,.443,.750,12,40,123 
63,POR,520,.425,.707,23,47,125 
64,LAL,3063,.479,.829,112,223,2019 
65,SAS,206,.455,.750,25,6,56 
66,DAL,885,.538,.690,67,27,253 
67,TOT,684,.462,.500,29,15,111 
67,PHO,54,.500,0.0,2,1,6 
67,ORL,630,.460,.500,27,14,105 
68,MEM,1769,.449,.725,52,63,591 
69,CHH,350,.409,.917,10,12,105 
70,POR,90,.457,.667,6,5,29 
71,MIL,283,.500,.628,24,19,99 
72,NYK,1007,.448,.626,89,42,322 
73,CHH,2156,.484,.797,133,138,1074 
74,DET,43,.577,1.000,2,0,17 
75,MIA,1050,.344,.528,19,72,198 
76,TOR,2385,.474,.798,138,154,1484 
77,MIL,2605,.492,.860,54,177,1461 
78,HOU,1917,.583,.582,176,53,493 
79,CHI,1389,.497,.604,114,99,436 
80,DEN,1631,.481,.687,57,70,494 
81,TOR,1576,.383,.817,18,123,285 
82,SAC,2798,.521,.851,74,164,972 
83,TOR,2185,.490,.674,182,140,915 
84,PHI,1528,.405,.838,46,95,480 
85,SAC,153,.456,.889,1,27,70 
86,PHI,2080,.469,.815,167,119,875 
87,CLE,693,.397,.892,12,31,149 
88,HOU,365,.432,.750,31,13,106 
89,UTA,1440,.461,.740,138,56,450 
90,NJN,1407,.423,.701,132,72,350 
91,ATL,131,.467,.733,9,10,53 
92,CHI,481,.545,.769,5,32,214 
93,TOT,156,.493,.923,2,10,79 
93,LAL,27,.250,.800,0,1,10 
93,PHO,129,.545,1.000,2,9,69 
94,IND,1286,.468,.851,74,67,516 
95,UTA,802,.546,.864,16,51,284 
96,PHI,501,.449,.750,14,36,192 
97,TOR,886,.471,.892,23,41,360 
98,CHI,1150,.501,.656,111,69,483 
99,DET,1912,.466,.791,15,60,329 
100,PHI,177,.440,.389,25,14,51 
101,GSW,1740,.435,.645,167,156,554 
102,SAS,2175,.486,.752,23,70,753 
103,TOR,2978,.426,.818,254,159,1113 
104,CHH,3318,.480,.580,93,246,1484 
105,POR,2447,.510,.708,262,62,742 
106,ATL,774,.427,.889,19,52,185 
107,WAS,1231,.535,.762,7,44,365 
108,CLE,1954,.488,.790,63,148,959 
109,ORL,633,.450,.560,74,34,162 
110,PHO,6,.250,0.0,0,0,2 
111,TOT,1447,.441,.804,58,59,597 
111,PHO,877,.456,.836,38,40,435 
111,BOS,570,.407,.733,20,19,162 
112,TOT,299,.346,.750,14,16,101 
112,NJN,249,.319,.722,12,13,73 
112,TOR,50,.442,.833,2,3,28 
113,MEM,124,.396,.833,3,8,43 
114,CLE,109,.414,.200,5,12,25 
115,SAC,2420,.474,.615,205,158,888 
116,CLE,705,.417,.826,47,37,194 
117,LAC,155,.421,.833,0,10,58 
118,CHH,774,.514,.793,14,33,210 
119,SEA,1174,.461,.753,75,51,437 
120,POR,327,.400,.533,27,14,48 
121,SAS,3329,.508,.799,268,263,2089 
122,NYK,609,.377,.796,9,53,171 
123,LAC,152,.333,.700,12,10,54 
124,MIA,1684,.460,.631,107,73,469 
125,DAL,299,.420,.606,35,16,62 
126,MIN,45,.474,.750,3,2,21 
127,ORL,901,.444,.701,60,65,390 
128,SAS,799,.551,.944,15,22,229 
129,DAL,2754,.494,.837,90,117,1424 
130,LAL,1974,.520,.847,15,62,786 
131,CHI,1963,.442,.668,128,131,938 
132,MEM,75,.250,.667,0,4,11 
133,PHO,452,.517,.737,32,32,164 
134,BOS,39,.083,1.000,1,3,6 
135,GSW,2216,.429,.795,290,160,864 
136,MIL,24,.222,.750,0,0,7 
137,IND,1786,.452,.610,206,79,467 
138,MEM,320,.438,.850,25,21,108 
139,LAC,343,.391,.774,32,13,74 
140,LAL,2289,.475,.824,90,132,645 
141,GSW,1485,.444,.398,150,76,379 
142,HOU,2343,.451,.773,102,221,1234 
143,SAC,722,.469,.607,76,33,264 
144,MIN,3175,.484,.801,243,229,1714 
145,TOT,183,.327,.000,16,10,36 
145,MIN,152,.350,.000,13,7,28 
145,GSW,31,.267,0.0,3,3,8 
146,ORL,2406,.537,.836,77,68,884 
147,MEM,3007,.518,.709,238,224,1441 
148,MIA,809,.449,.701,71,58,345 
149,PHI,36,.125,.500,3,2,3 
150,LAL,1759,.474,.675,78,66,581 
151,MEM,384,.462,.795,7,34,116 
152,MIA,1410,.391,.677,29,55,372 
153,ATL,1156,.454,.757,36,76,492 
154,NJN,50,.200,.500,1,3,5 
155,MIA,2256,.469,.849,168,122,673 
156,ORL,2210,.513,.721,159,51,608 
157,DAL,1383,.521,.837,68,42,415 
158,HOU,1896,.434,.744,117,47,642 
159,PHO,1129,.427,.757,59,61,285 
160,CHI,607,.455,.815,12,37,244 
161,MIL,1208,.571,.504,91,83,303 
162,WAS,2203,.443,.890,73,132,1260 
163,MIA,98,.526,.000,6,2,20 
164,DEN,848,.420,.652,110,60,324 
165,PHO,2462,.430,.810,98,189,959 
166,TOT,1601,.464,.794,14,111,652 
166,DAL,1276,.459,.833,13,73,518 
166,DEN,325,.484,.632,1,38,134 
167,PHI,2541,.473,.743,203,127,958 
168,IND,1313,.476,.799,96,78,576 
169,NYK,1563,.527,.709,125,95,596 
170,NJN,1553,.505,.842,49,61,675 
171,SAS,92,.526,1.000,4,8,26 
172,SEA,47,.333,.500,5,3,9 
173,TOT,841,.498,.600,80,33,270 
173,DAL,162,.538,.455,12,8,38 
173,DEN,679,.492,.647,68,25,232 
174,CHI,2237,.473,.763,65,101,681 
175,CHH,77,.282,.500,5,3,26 
176,WAS,1266,.493,.606,143,50,315 
177,ATL,422,.513,.533,31,21,143 
178,GSW,70,.516,.571,1,8,36 
179,ORL,512,.426,.863,29,37,235 
180,CLE,810,.390,.650,79,48,209 
181,CHI,1408,.457,.840,18,32,345 
182,LAL,2140,.480,.783,130,88,550 
183,MIA,1230,.450,.857,17,80,514 
184,NYK,2914,.489,.870,37,170,1567 
185,TOT,2635,.460,.761,223,152,1185 
185,DAL,1659,.462,.754,138,78,684 
185,DEN,976,.457,.770,85,74,501 
186,ORL,1854,.475,.876,30,163,950 
187,GSW,2049,.435,.737,83,171,895 
188,LAL,1616,.462,.500,18,55,473 
189,ORL,516,.456,.585,40,16,189 
190,CLE,1329,.425,.754,136,94,690 
191,PHI,2622,.422,.812,44,237,1883 
192,SAC,1750,.495,.810,82,93,896 
193,ORL,144,.500,.500,1,8,39 
194,TOR,280,.488,.667,3,14,57 
195,MIA,1825,.478,.862,54,106,589 
196,TOT,495,.366,.825,48,30,186 
196,GSW,169,.338,.833,17,12,84 
196,MIN,326,.384,.813,31,18,102 
197,NYK,2367,.506,.791,56,150,686 
198,SAS,227,.423,.706,3,23,89 
199,SEA,949,.491,.500,89,74,298 
200,MIA,119,.442,.571,2,13,42 
201,PHI,41,.385,.333,5,3,12 
202,GSW,3033,.471,.734,211,161,1619 
203,LAC,176,.512,.667,24,6,54 
204,NJN,1917,.468,.713,85,107,742 
205,NJN,366,.433,.640,10,20,94 
206,TOT,1352,.479,.742,14,76,535 
206,DEN,1200,.486,.747,14,67,481 
206,DAL,152,.429,.706,0,9,54 
207,ATL,1727,.479,.810,59,102,602 
208,MIL,1660,.461,.455,142,52,208 
209,TOT,1916,.462,.774,75,71,581 
209,BOS,1003,.480,.769,40,28,304 
209,PHO,913,.444,.778,35,43,277 
210,PHI,126,.400,.500,13,11,26 
211,DET,1083,.523,.729,13,61,340 
212,MIA,3156,.494,.837,61,148,1480 
213,CLE,2142,.489,.662,125,79,671 
214,WAS,1920,.441,.815,233,88,554 
215,WAS,2093,.420,.790,50,162,1375 
216,POR,1232,.430,.794,90,81,454 
217,POR,775,.530,.975,6,24,269 
218,NJN,3056,.442,.814,130,286,1208 
219,UTA,2151,.470,.768,149,108,880 
220,NJN,2601,.518,.744,68,109,1102 
221,MEM,1151,.425,.757,11,111,371 
222,NYK,429,.363,.762,48,27,98 
223,ATL,1494,.471,.712,43,113,584 
224,WAS,1441,.467,.868,74,85,404 
225,TOT,2455,.514,.695,176,94,1051 
225,DEN,1668,.523,.667,117,60,759 
225,DAL,787,.492,.761,59,34,292 
226,CLE,477,.474,.913,13,40,209 
227,HOU,434,.396,.727,22,9,107 
228,UTA,542,.441,.857,11,43,193 
229,DEN,1665,.467,.783,38,91,813 
230,UTA,490,.458,.650,10,32,144 
231,SEA,2585,.531,.810,139,97,1195 
232,SEA,176,.287,.909,9,2,41 
233,SEA,989,.492,.529,107,63,285 
234,MEM,1868,.430,.699,31,103,417 
235,MIN,581,.423,.673,29,36,169 
236,WAS,1458,.488,.762,14,96,555 
237,CHH,893,.371,.625,70,41,172 
238,NJN,1502,.531,.671,157,66,604 
239,MIA,159,.357,.714,2,7,40 
240,LAL,650,.452,.648,89,22,167 
241,LAC,1615,.487,.801,54,116,717 
242,CHH,1549,.551,.730,153,118,699 
243,PHO,1180,.479,.590,28,35,300 
244,UTA,3040,.457,.797,142,263,1788 
245,DAL,552,.480,.667,25,25,165 
246,PHO,3187,.467,.781,75,284,1674 
247,PHO,3109,.486,.845,211,144,1547 
248,MIA,319,.432,.588,19,19,96 
249,NJN,118,.310,.667,8,2,30 
250,UTA,1750,.529,.708,158,124,859 
251,DAL,22,.000,.500,0,1,1 
252,NJN,2504,.470,.678,113,172,1086 
253,CHH,1601,.435,.876,31,110,858 
254,MIL,3143,.506,.697,124,130,787 
255,SEA,2420,.475,.848,92,104,931 
256,MEM,1247,.457,.718,100,65,403 
257,BOS,718,.553,.684,32,22,212 
258,SAS,153,.408,.462,16,14,52 
259,DEN,1830,.410,.810,67,144,604 
260,LAL,104,.571,.250,8,8,26 
261,DEN,236,.573,.818,18,20,113 
262,ORL,2912,.483,.748,150,189,1948 
263,LAC,3030,.446,.836,45,147,1184 
264,PHI,784,.447,.714,48,22,119 
265,PHI,1471,.501,.787,26,93,587 
266,LAL,729,.477,.661,85,42,331 
267,TOT,1716,.408,.798,50,88,735 
267,CHI,1503,.411,.778,44,79,673 
267,IND,213,.381,1.000,6,9,62 
268,CLE,1659,.423,.693,133,97,569 
269,LAC,2227,.484,.620,109,160,779 
270,CLE,3023,.464,.817,108,245,1335 
271,TOT,2263,.501,.775,252,115,1032 
271,CHI,1391,.462,.751,176,74,608 
271,IND,872,.564,.823,76,41,424 
272,ORL,2123,.510,.762,49,108,956 
273,IND,2889,.552,.911,23,120,1304 
274,GSW,1237,.473,.794,51,56,489 
275,MIN,726,.454,.776,18,26,244 
276,HOU,3116,.493,.850,63,180,1606 
277,ATL,2168,.461,.617,242,118,795 
278,CHH,76,.400,0.0,4,8,16 
279,TOR,655,.402,.323,36,25,116 
280,DET,217,.484,.769,22,14,79 
281,HOU,1110,.410,.643,77,45,255 
282,ATL,1371,.441,.750,81,70,396 
283,MIA,2455,.517,.657,182,182,1178 
284,GSW,1448,.424,.776,99,84,480 
285,CLE,2312,.487,.817,81,141,1176 
286,TOR,473,.507,.810,18,25,227 
287,PHI,2907,.501,.764,254,156,920 
288,TOR,46,.600,.800,6,1,20 
289,CHH,1912,.484,.747,103,96,851 
290,DAL,1357,.500,.676,149,40,400 
291,DAL,2837,.554,.887,50,229,1466 
292,WAS,1498,.450,.688,105,49,443 
293,MIN,2218,.493,.549,200,94,687 
294,ATL,1273,.500,.852,80,49,338 
295,DAL,724,.527,.724,9,21,198 
296,HOU,2249,.426,.751,73,156,665 
297,DAL,2891,.532,.853,120,145,1779 
298,IND,2707,.480,.688,188,174,1371 
299,LAL,2422,.579,.555,235,171,1822 
300,CHI,1383,.371,.750,72,87,216 
301,LAC,999,.442,.656,31,97,379 
302,TOR,1378,.464,.560,98,98,435 
303,GSW,139,.391,.667,0,11,42 
304,TOT,1723,.390,.824,25,106,462 
304,CHI,1146,.385,.838,18,80,304 
304,IND,577,.400,.804,7,26,158 
305,LAC,2568,.433,.622,164,175,885 
306,UTA,1107,.453,.485,125,51,245 
307,TOT,1928,.557,.422,147,96,376 
307,ORL,160,.619,.444,15,11,34 
307,PHO,1768,.552,.417,132,85,342 
308,LAC,130,.398,.571,1,12,39 
309,SEA,221,.537,.611,27,14,55 
310,MIN,252,.375,.733,7,20,62 
311,UTA,1295,.538,.735,111,69,500 
312,TOT,790,.414,.730,11,40,231 
312,BOS,518,.430,.706,8,24,152 
312,PHO,272,.386,.783,3,16,79 
313,SAS,2267,.467,.675,33,151,705 
314,SAS,234,.361,.375,24,14,63 
315,POR,1765,.523,.701,155,114,839 
316,SEA,3301,.490,.797,80,209,1815 
317,MIN,2060,.502,.862,37,76,737 
318,LAL,12,.500,.750,0,0,5 
319,MEM,48,.500,.500,0,7,11 
320,CLE,2793,.570,.798,50,74,1176 
321,TOR,1988,.492,.751,91,86,883 
322,LAC,1718,.557,.894,43,64,626 
323,BOS,3302,.508,.809,81,241,2144 
324,POR,1996,.456,.774,77,171,659 
325,SAC,1881,.550,.693,188,68,509 
326,MIL,426,.418,.524,20,15,87 
327,SAS,1294,.516,.819,12,85,399 
328,DEN,2238,.422,.793,109,127,782 
329,NYK,179,.369,.756,2,11,93 
330,BOS,1343,.455,.742,167,63,363 
331,SAC,89,.407,.692,4,10,31 
332,MIL,1128,.535,.422,78,43,190 
333,SEA,1230,.506,.681,45,72,407 
334,POR,238,.449,.667,31,15,114 
335,ATL,82,.500,.545,5,7,26 
336,DET,1179,.505,.771,84,84,513 
337,TOT,33,.333,1.000,0,1,5 
337,CHH,2,0.0,0.0,0,0,0 
337,LAC,31,.333,1.000,0,1,5 
338,MIL,1417,.555,.791,77,57,767 
339,ORL,714,.474,.647,65,54,224 
340,HOU,606,.443,.800,5,24,172 
341,GSW,2629,.463,.671,124,160,1151 
342,TOT,67,.462,.667,3,3,30 
342,IND,4,.000,0.0,1,0,0 
342,CHI,63,.522,.667,2,3,30 
343,LAC,2152,.504,.765,113,102,1076 
344,LAL,709,.441,.955,14,40,260 
345,DEN,173,.494,.765,10,14,93 
346,DET,2855,.478,.694,79,151,1166 
347,SAS,2303,.507,.681,191,104,951 
348,CHI,653,.457,.750,24,36,262 
349,MIL,2346,.493,.837,70,174,1366 
350,NYK,10,.375,0.0,0,0,3 
351,IND,168,.570,.526,14,5,59 
352,TOT,1880,.529,.785,129,108,917 
352,PHO,1254,.512,.828,95,66,629 
352,BOS,626,.570,.700,34,42,288 
353,LAC,728,.418,.724,32,20,183 
354,TOT,3153,.485,.839,43,201,1696 
354,IND,1937,.474,.839,29,105,982 
354,CHI,1216,.502,.839,14,96,714 
355,SAS,1725,.464,.720,172,140,772 
356,PHI,169,.269,.250,23,11,16 
357,UTA,1998,.446,.821,79,110,636 
358,PHO,24,.500,0.0,0,2,8 
359,ORL,36,.214,.800,3,2,10 
360,DEN,560,.384,.783,17,53,189 
361,NJN,290,.366,.733,12,24,60 
362,DEN,252,.493,.400,53,15,82 
363,SEA,142,.500,.700,7,2,58 
364,LAL,631,.436,.692,19,32,169 
365,WAS,343,.474,.733,25,14,112 
366,ATL,3,0.0,0.0,0,0,0 
367,CLE,1107,.543,.608,93,42,224 
368,TOT,47,.467,.700,5,1,21 
368,NJN,10,1.000,1.000,0,1,5 
368,ATL,37,.385,.667,5,0,16 
369,SAS,1141,.466,.646,34,59,441 
370,TOT,181,.413,.656,8,5,73 
370,SAC,71,.286,.500,2,2,18 
370,PHI,110,.476,.750,6,3,55 
371,MIN,1922,.513,.830,152,86,767 
372,ATL,100,.385,.647,10,3,31 
373,SAS,2211,.540,.878,45,108,895 
374,PHI,2225,.445,.806,33,138,738 
375,MEM,872,.411,.671,12,62,321 
376,NYK,248,.231,.515,16,12,29 
377,NYK,3326,.455,.821,59,223,1575 
378,DET,2685,.430,.858,77,266,1629 
379,UTA,929,.415,.805,15,52,290 
380,MIA,884,.472,.481,100,52,285 
381,UTA,1134,.388,.698,44,68,325 
382,TOR,93,.348,.545,12,4,22 
383,CLE,665,.436,.846,20,30,208 
384,UTA,2566,.534,.857,59,208,1102 
385,SAC,2649,.541,.876,72,140,1506 
386,POR,2796,.459,.888,78,149,1016 
387,BOS,1643,.487,.845,22,94,606 
388,ATL,654,.449,.568,41,28,208 
389,MIA,2294,.448,.766,49,159,794 
390,IND,88,.400,.000,7,4,32 
391,GSW,1780,.459,.720,89,133,778 
392,MEM,1805,.480,.711,161,122,803 
393,MIN,3117,.544,.831,120,181,1531 
394,ATL,2967,.500,.835,40,181,1504 
395,WAS,618,.536,.554,55,26,203 
396,HOU,2484,.478,.664,158,143,1015 
397,NYK,2771,.494,.815,214,153,1143 
398,MIL,1987,.483,.793,64,127,869 
399,IND,2442,.408,.704,78,270,751 
400,HOU,1075,.450,.781,47,49,389 
401,CHH,678,.429,.631,67,45,228 
402,MIN,1140,.507,.639,104,58,478 
403,CLE,77,.304,.571,3,11,18 
404,PHO,1582,.475,.698,130,78,491 
405,SAC,1970,.468,.726,63,81,810 
406,TOT,2496,.457,.801,28,156,1322 
406,DEN,1739,.454,.782,19,116,965 
406,DAL,757,.465,.844,9,40,357 
407,NJN,2465,.479,.800,137,146,1199 
408,DET,6,.667,1.000,0,1,5 
409,ATL,1856,.498,.825,18,112,540 
410,PHO,900,.554,.752,103,48,296 
411,BOS,3406,.460,.741,150,251,1794 
412,LAL,1655,.512,.667,129,53,460 
413,DET,2921,.531,.423,318,70,609 
414,SAC,430,.429,.500,49,22,173 
415,PHO,490,.446,.870,27,29,231 
416,POR,2963,.513,.734,136,131,1521 
417,NYK,1058,.460,.810,15,75,326 
418,SEA,964,.491,.639,31,51,231 
419,NYK,1728,.418,.795,149,47,494 
420,SAC,2071,.497,.749,150,158,1322 
421,POR,2348,.500,.741,121,191,1255 
422,CHH,2487,.447,.734,44,119,951 
423,WAS,1346,.538,.539,159,65,383 
424,DET,129,.367,.857,2,14,56 
425,WAS,2171,.518,.880,11,85,833 
426,NJN,1546,.526,.699,115,79,592 
427,TOR,2927,.447,.736,58,150,971 
428,BOS,1747,.405,.731,58,95,472 
429,MEM,2236,.446,.792,22,214,959 
430,TOR,1641,.490,.676,165,68,518 
431,ORL,1284,.547,.657,80,86,484 
432,DEN,737,.396,.732,82,35,202 
433,SEA,603,.492,.795,16,35,221 
434,HOU,1117,.518,.784,37,53,450 
435,DET,1701,.511,.805,117,137,1063 
436,HOU,865,.440,.747,105,41,315 
437,MIN,516,.344,.733,46,36,110 
438,TOT,1642,.465,.667,73,118,727 
438,CHI,823,.484,.628,40,69,421 
438,IND,819,.440,.733,33,49,306 
439,MEM,1251,.459,.569,130,72,516 
