Rk,Tm,MP,eFG%,FT%,ORB,TOV,PTS 
1,TOT,847,.482,.660,72,30,171 
1,TOR,61,.500,.625,5,2,19 
1,SAC,786,.480,.667,67,28,152 
2,OKC,1197,.503,.581,142,71,265 
3,TOT,961,.520,.639,102,39,362 
3,CHA,256,.550,.520,33,8,57 
3,MIL,705,.515,.670,69,31,305 
4,ORL,2552,.522,.815,32,146,1330 
5,NOP,951,.546,.836,94,63,328 
6,NYK,330,.541,.867,37,18,92 
7,POR,2498,.459,.822,166,123,1603 
8,TOT,1072,.450,.660,119,44,303 
8,PHI,960,.444,.675,106,40,263 
8,IND,112,.500,.600,13,4,40 
9,MIA,1936,.549,.905,23,84,701 
10,MEM,1278,.507,.628,79,90,495 
11,NOP,2045,.487,.664,129,88,572 
12,TOT,185,.500,.250,28,14,38 
12,NOP,184,.500,.250,28,14,38 
12,CHI,1,0.0,0.0,0,0,0 
13,MIA,1396,.649,.710,129,53,477 
14,BRK,1773,.487,.780,40,62,564 
15,PHI,2309,.511,.726,59,106,810 
16,NOP,795,.532,.952,66,20,436 
17,MIL,1897,.463,.683,78,122,525 
18,NYK,2982,.503,.848,145,198,2112 
19,TOT,186,.375,.500,15,3,28 
19,MIA,37,.333,1.000,2,1,6 
19,BOS,149,.385,.333,13,2,22 
20,ATL,925,.514,.758,57,55,352 
21,WAS,2723,.562,.772,99,132,1107 
22,GSW,97,.474,.438,19,6,25 
23,DEN,1161,.424,.855,52,58,401 
24,HOU,968,.532,.619,101,59,280 
25,TOT,1939,.508,.885,15,125,930 
25,TOR,82,.313,1.000,0,9,21 
25,CHI,1857,.514,.882,15,116,909 
26,ATL,429,.510,.400,42,29,112 
27,SAS,952,.580,.691,89,63,240 
28,BOS,132,.367,0.0,4,3,22 
29,NOP,473,.506,.778,18,15,170 
30,PHO,368,.454,.795,5,19,150 
31,MIN,1471,.443,.790,16,125,660 
32,NYK,1257,.472,.824,69,58,558 
33,GSW,2204,.448,.718,66,84,738 
34,LAC,1735,.530,.733,60,85,625 
35,POR,387,.449,.813,16,18,166 
36,BOS,2266,.487,.858,161,102,911 
37,MIA,1468,.515,.652,34,21,298 
38,POR,2956,.554,.803,116,208,1070 
39,TOT,1686,.464,.797,22,82,666 
39,MEM,650,.429,.789,8,22,250 
39,BOS,1036,.485,.803,14,60,416 
40,SAS,491,.436,.905,57,36,161 
41,TOT,911,.491,.606,10,79,403 
41,GSW,268,.423,.528,5,28,101 
41,LAL,643,.518,.644,5,51,302 
42,WAS,2530,.479,.788,54,128,1249 
43,MIA,831,.528,.772,31,57,436 
44,SAS,2016,.576,.847,18,95,911 
45,CLE,663,.384,.638,49,47,217 
46,HOU,1751,.509,.814,72,66,573 
47,UTA,45,1.000,.167,2,2,3 
48,DET,309,.392,.833,4,25,72 
49,CHA,1072,.611,.517,105,40,222 
50,DAL,1214,.534,.636,139,77,497 
51,TOT,1498,.489,.767,13,102,378 
51,LAL,891,.489,.800,8,71,256 
51,GSW,607,.488,.625,5,31,122 
52,BRK,1618,.487,.742,120,110,821 
53,PHO,1416,.522,.772,27,143,763 
54,BOS,15,.500,.200,0,2,5 
55,BOS,55,.750,1.000,0,1,12 
56,GSW,1769,.627,.344,182,97,492 
57,SAS,690,.573,.750,16,16,197 
58,WAS,1553,.551,.618,149,58,491 
59,CHI,2141,.456,.767,137,154,1042 
60,MIA,2531,.555,.820,98,125,1281 
61,BOS,1855,.485,.804,48,96,891 
62,ATL,1414,.539,.649,97,60,419 
63,MIN,2609,.517,.718,63,105,998 
64,TOT,160,.233,.000,2,2,7 
64,HOU,158,.233,.000,2,2,7 
64,CHI,2,0.0,0.0,0,0,0 
65,TOT,1557,.484,.874,43,117,645 
65,HOU,716,.498,.841,23,51,299 
65,DEN,841,.472,.902,20,66,346 
66,TOT,316,.508,.727,10,24,159 
66,BOS,73,.417,.786,1,7,31 
66,GSW,15,.385,.750,1,0,13 
66,LAL,228,.551,.692,8,17,115 
67,PHI,224,.320,.692,8,16,64 
68,TOT,251,.364,.714,7,18,63 
68,SAS,103,.286,.778,1,8,23 
68,NYK,148,.421,.667,6,10,40 
69,LAL,177,.445,.857,2,34,83 
70,MIN,751,.476,.821,19,24,274 
71,LAC,395,.446,.778,11,13,115 
72,UTA,2262,.442,.903,37,131,895 
73,UTA,2193,.487,.748,59,149,1089 
74,TOT,1419,.485,.840,21,60,587 
74,MIL,821,.462,.839,16,52,374 
74,OKC,598,.530,.842,5,8,213 
75,CHI,2591,.446,.769,87,102,878 
76,IND,378,.582,.571,6,11,136 
77,TOR,146,.365,.889,4,10,43 
78,TOT,516,.418,.755,53,34,225 
78,CLE,480,.419,.762,47,30,202 
78,IND,36,.409,.714,6,4,23 
79,DET,1054,.451,.802,24,103,485 
80,MEM,1173,.487,.611,23,101,347 
81,DAL,2468,.584,.825,29,103,925 
82,DET,1583,.460,.770,38,28,470 
83,HOU,252,.460,.724,7,21,101 
84,ATL,2341,.546,.773,107,79,810 
85,DAL,1973,.497,.821,67,108,967 
86,PHI,2414,.431,.703,101,247,1167 
87,HOU,1283,.496,.680,55,72,490 
88,MIA,2178,.531,.742,41,162,716 
89,NYK,1662,.593,.632,159,71,480 
90,DEN,1927,.499,.724,58,79,846 
91,NOP,24,0.0,0.0,0,1,0 
92,PHO,198,.427,.750,13,6,71 
93,TOT,768,.450,.647,22,31,257 
93,CLE,698,.458,.583,20,30,234 
93,NYK,70,.357,.800,2,1,23 
94,UTA,172,.470,.714,3,14,68 
95,POR,184,.440,.909,9,11,47 
96,MIA,2014,.474,.779,17,127,527 
97,BRK,172,.458,.750,7,7,25 
98,LAC,2069,.518,.857,47,132,911 
99,OKC,1353,.564,.710,116,71,338 
100,MEM,2446,.500,.815,41,150,1256 
101,IND,265,.611,.714,7,14,153 
102,SAC,2298,.496,.726,218,251,1614 
103,HOU,34,.571,0.0,2,1,16 
104,POR,100,.455,.750,1,3,33 
105,LAC,2094,.496,.866,34,135,1282 
106,TOT,1859,.472,.864,28,134,890 
106,BOS,1198,.468,.873,18,84,536 
106,GSW,661,.477,.837,10,50,354 
107,DAL,1254,.524,.754,46,41,356 
108,MIN,1635,.464,.567,112,42,510 
109,TOT,80,.310,.813,1,2,26 
109,ATL,22,.500,.000,0,2,2 
109,SAC,58,.289,.929,1,0,24 
110,TOT,13,.500,0.0,0,0,3 
110,MEM,4,0.0,0.0,0,0,0 
110,CLE,9,.500,0.0,0,0,3 
111,GSW,2846,.566,.885,46,294,1873 
112,DAL,1614,.568,.737,200,90,529 
113,HOU,75,.677,0.0,0,3,42 
114,DET,238,.387,.800,14,11,83 
115,PHI,575,.430,.642,38,35,144 
116,NOP,2358,.520,.791,207,109,1394 
117,MEM,956,.534,.528,92,40,357 
118,TOT,1662,.460,.693,108,76,641 
118,ORL,1354,.457,.675,87,59,545 
118,LAC,308,.481,.783,21,17,96 
119,TOT,148,.441,.600,5,5,66 
119,TOR,33,.231,.667,2,0,8 
119,SAS,115,.491,.571,3,5,58 
120,TOT,494,.477,.886,14,35,177 
120,SAS,301,.505,.818,6,21,112 
120,TOR,193,.433,1.000,8,14,65 
121,TOT,390,.458,.656,38,18,97 
121,GSW,6,.000,.500,0,0,1 
121,PHI,150,.517,.538,11,9,37 
121,ORL,234,.434,.765,27,9,59 
122,CLE,1271,.508,.792,29,60,339 
123,TOT,2213,.465,.791,99,114,1011 
123,CHI,860,.476,.815,40,59,438 
123,CLE,1353,.457,.771,59,55,573 
124,TOR,3017,.452,.824,51,176,1791 
125,SAS,1974,.559,.739,74,121,717 
126,MIN,818,.500,.634,103,54,286 
127,TOT,675,.466,.735,18,34,202 
127,GSW,265,.483,.625,4,16,88 
127,MIA,410,.452,.769,14,18,114 
128,CHA,1016,.542,.805,16,36,339 
129,PHO,2668,.561,.760,69,213,1542 
130,DET,2619,.623,.418,440,110,1095 
131,LAC,1729,.529,.655,36,56,511 
132,SAS,2158,.490,.731,158,159,1119 
133,CHI,2584,.510,.854,46,108,929 
134,OKC,3122,.560,.873,58,285,2593 
135,CLE,12,.333,0.0,1,1,2 
136,DAL,393,.536,.909,8,11,145 
137,DAL,3023,.478,.788,38,264,1560 
138,NOP,27,.500,0.0,0,0,6 
139,UTA,1209,.527,.680,120,40,401 
140,TOT,899,.473,.554,115,58,214 
140,BRK,399,.390,.538,53,28,81 
140,SAC,500,.527,.569,62,30,133 
141,NOP,2028,.448,.771,76,175,1042 
142,DEN,2178,.545,.650,238,135,1096 
143,LAL,912,.511,.746,20,95,416 
144,BOS,488,.476,.649,42,41,164 
145,UTA,2201,.522,.669,199,129,970 
146,CLE,38,.571,.750,1,4,19 
147,NYK,2017,.446,.721,54,129,630 
148,TOR,322,.403,.636,15,11,68 
149,OKC,1428,.512,.775,12,49,425 
150,DEN,1503,.501,.756,34,100,638 
151,DEN,2485,.521,.849,36,145,1068 
152,MEM,161,.474,1.000,4,11,39 
153,TOT,519,.559,.905,8,48,273 
153,SAC,463,.566,.895,7,44,241 
153,CHI,56,.517,1.000,1,4,32 
154,POR,727,.475,.690,88,32,174 
155,PHO,2312,.535,.821,73,89,910 
156,HOU,1083,.519,.526,21,30,315 
157,BRK,1109,.441,.809,60,69,352 
158,UTA,1048,.449,.833,11,75,248 
159,MEM,1970,.474,.768,84,111,859 
160,LAL,1884,.482,.736,124,141,1041 
161,TOT,2531,.483,.822,113,224,1457 
161,TOR,639,.421,.773,29,59,350 
161,SAC,1892,.508,.836,84,165,1107 
162,CLE,1020,.456,.705,35,44,258 
163,IND,2898,.490,.864,64,224,1737 
164,CHI,2351,.479,.751,200,150,1069 
165,SAS,1550,.541,.851,30,139,838 
166,UTA,434,.486,.492,51,32,104 
167,OKC,34,.375,0.0,0,1,6 
168,WAS,395,.556,.889,37,17,183 
169,PHO,533,.470,.673,25,44,194 
170,CHA,279,.380,.810,3,21,99 
171,NOP,2057,.498,.785,30,134,988 
172,WAS,2655,.542,.686,202,126,1068 
173,TOT,847,.448,.940,31,46,338 
173,IND,653,.428,.962,24,36,242 
173,LAC,194,.500,.857,7,10,96 
174,TOT,355,.443,.550,42,31,65 
174,TOR,20,.667,.500,3,4,5 
174,SAC,335,.431,.556,39,27,60 
175,SAS,1651,.562,.794,25,76,618 
176,GSW,1797,.467,.667,86,91,511 
177,PHO,2330,.547,.848,48,145,1295 
178,BOS,2805,.469,.795,54,165,1382 
179,LAC,869,.452,.824,12,34,273 
180,LAC,2863,.533,.715,192,224,1930 
181,BRK,244,.491,.750,3,14,62 
182,TOT,1019,.484,.784,32,46,404 
182,DEN,670,.478,.742,23,27,266 
182,HOU,349,.496,.850,9,19,138 
183,TOT,72,.525,1.000,4,4,26 
183,CHA,4,0.0,0.0,0,1,0 
183,MIA,68,.525,1.000,4,3,26 
184,TOR,978,.474,.681,120,47,312 
185,NYK,1875,.523,.828,19,47,824 
186,HOU,2777,.529,.866,61,265,1851 
187,ORL,1950,.525,.594,69,86,592 
188,DET,317,.537,.714,30,10,93 
189,WAS,511,.478,.771,15,34,225 
190,DAL,818,.439,.800,8,59,315 
191,LAL,11,.000,0.0,1,0,0 
192,LAL,180,.450,.833,7,9,73 
193,UTA,225,.475,.963,15,11,84 
194,ORL,1850,.486,.807,88,78,893 
195,MIA,653,.507,.568,42,24,173 
196,TOT,2470,.529,.783,131,173,1053 
196,PHI,1666,.520,.782,88,119,688 
196,CLE,804,.547,.784,43,54,365 
197,TOT,754,.431,.800,69,33,132 
197,SAC,179,.438,.714,20,7,33 
197,TOR,575,.429,.833,49,26,99 
198,UTA,2800,.454,.816,62,212,1248 
199,CHA,2461,.455,.761,31,113,1081 
200,LAL,908,.458,.655,25,57,432 
201,MIL,1856,.538,.514,171,114,779 
202,IND,2409,.440,.770,202,148,871 
203,DEN,1859,.508,.517,206,128,814 
204,WAS,1560,.504,.583,65,117,754 
205,IND,2434,.519,.807,53,92,781 
206,LAL,1500,.549,.685,194,75,696 
207,IND,226,.513,.857,9,13,47 
208,CHI,2116,.461,.760,31,120,666 
209,NOP,1143,.480,.810,28,105,487 
210,LAC,482,.736,.625,31,29,141 
211,CLE,7,.000,.500,0,0,1 
212,ATL,958,.571,.682,66,64,538 
213,HOU,2396,.593,.547,231,229,1297 
214,MIN,655,.469,.938,35,10,181 
215,BOS,1376,.501,.813,127,64,579 
216,OKC,2666,.548,.784,224,123,1227 
217,GSW,2040,.548,.652,53,100,588 
218,MIL,1478,.441,.823,107,61,618 
219,CLE,2496,.480,.861,52,190,1478 
220,OKC,5,.000,0.0,0,0,0 
221,CLE,2252,.455,.839,22,133,760 
222,OKC,2277,.485,.893,43,168,1047 
223,LAC,107,.250,.500,2,6,15 
224,DAL,146,.478,.545,15,10,28 
225,SAS,50,.222,1.000,1,1,6 
226,MIA,2902,.610,.750,81,270,2089 
227,CHI,77,.262,.000,0,5,11 
228,LAC,248,.359,.720,9,7,84 
229,TOT,47,.500,.750,1,1,9 
229,SAS,34,.600,.500,1,0,7 
229,MIN,13,.000,1.000,0,1,2 
230,CHA,2553,.510,.690,156,124,1594 
231,UTA,2213,.544,.741,18,94,831 
232,ATL,158,.429,1.000,3,11,40 
233,DET,2728,.441,.751,59,215,1241 
234,DET,741,.546,.729,51,43,270 
235,TOR,2214,.578,.636,172,123,799 
236,BOS,789,.498,.860,31,22,250 
237,MEM,956,.500,.844,60,66,384 
238,BRK,2575,.533,.815,48,120,1245 
239,TOT,392,.358,.731,9,15,100 
239,IND,342,.385,.773,7,14,91 
239,SAC,50,.206,.500,2,1,9 
240,LAL,2240,.502,.792,70,90,715 
241,PHI,15,.000,.000,0,2,0 
242,MIA,236,.662,.636,2,4,97 
243,OKC,764,.519,.667,28,21,216 
244,ORL,85,.353,.500,8,2,14 
245,HOU,2078,.564,.605,162,71,921 
246,LAC,2870,.676,.428,331,123,856 
247,SAS,936,.498,.823,32,43,343 
248,LAL,736,.509,.765,54,74,404 
249,UTA,2138,.491,.730,222,144,987 
250,CLE,156,.400,.900,0,11,37 
251,LAL,1312,.488,.815,42,47,472 
252,CHA,1502,.475,.614,109,60,448 
253,BRK,857,.516,.513,55,54,226 
254,MIL,2400,.473,.802,46,188,1291 
255,ATL,2408,.626,.926,22,102,850 
256,MEM,1349,.495,.645,160,67,514 
257,PHO,59,.533,.500,9,6,20 
258,GSW,92,.385,.455,10,10,15 
259,ORL,695,.506,.806,8,27,191 
260,OKC,1538,.504,.797,27,61,665 
261,SAC,233,.517,.824,15,9,76 
262,DAL,489,.423,.640,11,39,132 
263,DEN,2222,.475,.798,40,200,1090 
264,DAL,33,.441,1.000,0,2,19 
265,TOT,1973,.539,.884,29,73,761 
265,BOS,504,.555,.818,8,25,221 
265,MEM,1469,.532,.900,21,48,540 
266,GSW,2288,.523,.780,182,152,1257 
267,PHO,362,.423,.645,39,26,86 
268,SAS,1923,.576,.802,76,80,844 
269,POR,355,.451,.762,26,15,98 
270,MEM,642,.539,.787,37,27,302 
271,MIA,971,.513,.788,24,35,268 
272,MIA,1,1.000,0.0,1,0,2 
273,POR,2937,.508,.871,35,193,1695 
274,HOU,2054,.508,.823,34,176,890 
275,BRK,1974,.484,.827,67,105,629 
276,BRK,533,.563,.817,39,28,352 
277,POR,2603,.551,.818,326,84,908 
278,MIN,2797,.524,.821,224,196,2010 
279,TOR,2862,.511,.813,88,194,1417 
280,UTA,591,.392,.625,12,22,159 
281,ATL,1490,.479,.865,21,89,544 
282,IND,1248,.481,.621,107,58,272 
283,DAL,2409,.523,.785,132,95,791 
284,LAL,1564,.490,.528,15,150,430 
285,TOT,870,.532,.738,13,34,329 
285,ATL,822,.523,.754,12,33,314 
285,CHI,48,.813,.500,1,1,15 
286,NYK,633,.512,.579,36,26,137 
287,MIN,2177,.486,.891,34,106,1298 
288,MIA,260,.500,1.000,1,9,74 
289,POR,2780,.541,.837,51,110,1343 
290,ORL,488,.448,.484,28,14,109 
291,TOT,327,.376,.545,9,29,82 
291,WAS,215,.347,.667,7,17,52 
291,PHI,112,.448,.500,2,12,30 
292,MIL,1346,.484,.864,24,95,608 
293,TOT,1003,.461,.687,56,40,224 
293,SAC,196,.484,.692,9,4,40 
293,MIN,807,.457,.685,47,36,184 
294,SAC,897,.413,.744,18,39,280 
295,POR,476,.500,.676,7,35,201 
296,DEN,79,.447,1.000,10,8,35 
297,SAC,2187,.446,.804,53,96,720 
298,CHA,2360,.529,.729,85,83,661 
299,LAL,2556,.554,.857,30,111,1209 
300,DAL,292,.378,.667,5,31,73 
301,MIL,2460,.511,.861,60,123,990 
302,CLE,984,.537,.853,18,44,503 
303,TOT,982,.483,.779,28,61,283 
303,DEN,570,.490,.745,16,33,176 
303,WAS,412,.471,.833,12,28,107 
304,NOP,723,.515,.806,9,22,200 
305,MEM,1707,.602,.821,30,77,579 
306,DEN,789,.426,.709,36,48,257 
307,SAS,1527,.565,.890,34,63,826 
308,ATL,2482,.498,.731,154,185,1328 
309,MIL,10,.600,0.0,1,0,6 
310,DET,79,.458,.579,15,4,22 
311,CHI,562,.429,.533,66,37,124 
312,DET,2690,.497,.657,256,166,1249 
313,ORL,1506,.490,.765,29,55,499 
314,TOT,313,.469,.654,7,27,107 
314,PHI,193,.507,.714,3,19,83 
314,LAC,54,.308,.500,0,2,9 
314,MEM,66,.438,.333,4,6,15 
315,PHO,1800,.518,.761,84,95,796 
316,PHO,2153,.507,.792,139,147,1115 
317,NOP,1426,.542,.828,29,51,636 
318,HOU,952,.478,.604,60,49,341 
319,PHI,187,.421,.800,11,7,36 
320,DEN,1770,.527,.754,171,122,770 
321,MIN,290,.472,.650,24,16,143 
322,TOT,414,.542,.500,24,27,189 
322,LAC,167,.508,.333,7,13,67 
322,PHI,247,.564,.571,17,14,122 
323,CHI,62,.231,0.0,2,2,6 
324,NYK,373,.453,.590,13,34,140 
325,ATL,215,.425,1.000,17,12,76 
326,SAC,74,.333,.000,5,3,6 
327,LAL,313,.426,.917,4,31,102 
328,TOT,1114,.482,.895,10,64,548 
328,MIL,607,.462,.833,8,39,301 
328,CHA,507,.510,.961,2,25,247 
329,GSW,142,.244,.875,3,13,26 
330,ORL,2179,.485,.857,29,166,820 
331,ORL,1174,.462,.825,53,51,435 
332,CHI,2820,.475,.737,282,194,1007 
333,TOR,540,.589,1.000,8,5,178 
334,DAL,2628,.549,.899,40,117,1735 
335,TOT,165,.413,.667,1,7,44 
335,ATL,54,.417,.750,1,4,18 
335,PHI,111,.411,.600,0,3,26 
336,GSW,883,.504,.750,85,52,349 
337,ORL,1188,.501,.687,100,78,429 
338,MIA,212,.551,.565,23,12,67 
339,ORL,2487,.458,.780,43,256,1106 
340,BOS,1400,.506,.811,140,106,607 
341,TOT,30,.200,.500,2,1,3 
341,NOP,25,.250,.500,2,1,3 
341,CLE,5,.000,0.0,0,0,0 
342,PHI,251,.447,.767,16,18,65 
343,SAC,1065,.462,.808,36,26,343 
344,MIL,1325,.427,.846,141,92,408 
345,CHA,242,.542,.727,1,26,136 
346,SAS,1997,.513,.811,17,151,1134 
347,HOU,2783,.538,.742,69,144,1226 
348,TOT,1533,.516,.704,117,65,555 
348,SAC,415,.447,.563,34,16,118 
348,TOR,1118,.540,.745,83,49,437 
349,LAC,2171,.511,.855,38,145,1185 
350,MIN,1663,.541,.747,206,84,944 
351,OKC,1207,.451,.552,82,90,211 
352,BRK,2098,.529,.826,26,153,1010 
353,ATL,3,.000,.000,3,0,0 
354,BRK,1275,.659,.626,99,77,520 
355,PHO,1964,.517,.561,198,111,646 
356,MEM,270,.462,.808,10,15,94 
357,WAS,319,.385,.667,21,14,78 
358,HOU,19,.333,0.0,0,1,4 
359,BOS,1132,.364,.644,20,87,213 
360,MIN,99,.478,.000,1,7,44 
361,ORL,377,.353,.692,8,26,74 
362,NYK,1283,.631,.917,36,60,252 
363,MEM,1948,.427,.567,32,41,454 
364,MIL,465,.540,.818,54,28,181 
365,DEN,527,.438,.754,20,39,206 
366,PHO,95,.500,.545,7,5,20 
367,MEM,2705,.468,.742,265,183,1372 
368,LAC,987,.546,.915,9,42,532 
369,WAS,109,.365,.714,4,9,32 
370,TOT,1141,.442,.654,23,66,306 
370,MIL,763,.441,.684,15,46,206 
370,CHA,378,.444,.571,8,20,100 
371,NOP,1339,.443,.636,26,77,530 
372,OKC,399,.500,.700,36,19,75 
373,NOP,1667,.475,.940,17,95,677 
374,DEN,866,.504,.835,21,58,457 
375,POR,873,.481,.564,105,57,339 
376,BOS,998,.440,.627,22,99,350 
377,CHI,311,.402,.844,9,34,159 
378,TOR,2159,.531,.837,43,88,879 
379,MIN,2638,.413,.802,61,221,781 
380,UTA,418,.422,.600,5,20,79 
381,LAL,1089,.477,.681,82,44,350 
382,TOT,1726,.439,.769,20,54,403 
382,SAC,445,.419,1.000,8,14,105 
382,TOR,1281,.448,.733,12,40,298 
383,MIL,584,.469,.473,60,26,178 
384,ATL,641,.410,.674,5,61,183 
385,IND,1399,.471,.728,86,108,626 
386,ATL,1482,.529,.780,62,79,767 
387,OKC,1584,.485,.768,50,55,383 
388,WAS,578,.505,.871,53,41,249 
389,TOT,2214,.452,.807,38,148,1021 
389,CHA,1305,.425,.782,22,93,578 
389,MIL,909,.493,.841,16,55,443 
390,OKC,11,.000,.500,0,2,1 
391,TOT,154,.464,.375,4,12,29 
391,BRK,137,.458,.375,4,11,25 
391,CHI,17,.500,0.0,0,1,4 
392,NYK,1962,.457,.746,81,79,495 
393,MIN,664,.384,.756,21,48,250 
394,TOT,875,.474,.744,104,41,350 
394,CLE,168,.400,.571,22,8,44 
394,PHI,707,.489,.766,82,33,306 
395,DET,2337,.525,.826,116,79,784 
396,WAS,250,.425,.720,18,17,75 
397,DET,224,.377,.733,2,18,54 
398,IND,392,.419,.600,4,22,110 
399,NYK,2,0.0,0.0,0,0,0 
400,HOU,100,.643,.400,11,5,38 
401,PHO,1006,.425,.564,31,65,261 
402,NYK,2421,.514,.652,35,108,1071 
403,NOP,830,.465,.780,51,28,301 
404,DET,2730,.448,.532,102,199,1264 
405,CHI,1231,.469,.756,19,44,346 
406,TOT,30,.433,.500,0,1,14 
406,CHA,3,.000,0.0,0,0,0 
406,NOP,27,.542,.500,0,1,14 
407,GSW,982,.450,.821,101,66,508 
408,SAS,1271,.523,.699,123,75,483 
409,MIL,15,.429,1.000,1,0,7 
410,IND,2752,.540,.711,95,210,1080 
411,NOP,1007,.574,.594,72,44,159 
412,TOR,120,.471,.667,2,5,18 
413,NYK,1466,.557,.739,112,91,772 
414,DET,1950,.450,.836,39,125,1012 
415,BOS,2041,.458,.778,241,119,982 
416,CHA,629,.417,.553,15,25,208 
417,BRK,270,.357,.800,3,31,89 
418,ATL,2542,.474,.846,34,232,1304 
419,TOT,443,.340,.743,1,39,107 
419,CHI,242,.258,.688,1,17,45 
419,BRK,201,.443,.789,0,22,62 
420,BRK,1396,.546,.710,60,54,622 
421,WAS,638,.383,.698,21,42,138 
422,BRK,570,.490,.667,4,27,159 
423,OKC,192,.565,.200,9,14,27 
424,TOT,37,.464,1.000,0,1,14 
424,ORL,24,.333,1.000,0,0,7 
424,PHI,13,.700,0.0,0,1,7 
425,SAC,2497,.510,.850,47,213,1465 
426,NOP,42,.222,.500,2,2,6 
427,TOT,63,.469,.000,5,9,15 
427,SAS,15,.250,.000,1,1,2 
427,UTA,48,.542,0.0,4,8,13 
428,PHI,1742,.550,.712,73,60,461 
429,SAC,2007,.506,.579,153,95,586 
430,GSW,2868,.533,.795,38,135,1488 
431,CLE,2594,.477,.693,269,108,961 
432,TOT,1741,.480,.804,57,67,703 
432,SAC,1121,.457,.808,39,38,383 
432,BRK,620,.511,.800,18,29,320 
433,UTA,110,.225,0.0,2,9,9 
434,CHA,1298,.586,.805,33,23,393 
435,PHO,2490,.491,.776,161,102,760 
436,MIN,606,.598,.420,55,24,149 
437,LAC,392,.486,.500,11,16,115 
438,TOT,2457,.450,.813,62,189,1131 
438,PHI,1886,.451,.829,50,155,939 
438,IND,571,.442,.706,12,34,192 
439,NYK,398,.517,.542,38,26,146 
440,MIL,804,.399,.638,61,38,144 
441,TOT,643,.492,.833,10,47,200 
441,NYK,588,.478,.833,10,42,173 
441,MEM,55,.611,.833,0,5,27 
442,TOR,2282,.531,.762,226,136,916 
443,CLE,1800,.495,.681,187,72,546 
444,TOT,339,.600,.519,19,10,99 
444,CHI,2,0.0,0.0,0,0,0 
444,PHI,337,.600,.519,19,10,99 
445,TOT,1779,.504,.880,20,128,758 
445,SAC,465,.487,.938,5,27,176 
445,TOR,1314,.509,.855,15,101,582 
446,TOT,776,.514,.339,81,36,197 
446,WAS,470,.522,.267,53,22,104 
446,DEN,306,.506,.423,28,14,93 
447,DET,180,.457,.571,6,7,92 
448,ORL,1812,.507,.766,185,112,811 
449,LAC,10,.500,0.0,0,3,5 
450,MIA,1775,.551,.733,60,161,1028 
451,CLE,2072,.479,.685,32,154,1113 
452,CHA,2614,.441,.837,39,169,1289 
453,WAS,2980,.473,.805,38,295,1583 
454,BOS,1416,.546,.465,36,97,298 
455,PHI,116,.512,.833,0,5,48 
456,IND,1193,.516,.784,19,60,414 
457,POR,161,.364,1.000,5,17,12 
458,LAC,9,.500,0.0,0,0,2 
459,WAS,2157,.557,.840,38,58,759 
460,IND,2472,.490,.789,120,133,1118 
461,OKC,1412,.480,.826,55,177,1002 
462,CHA,10,.000,0.0,0,0,0 
463,SAC,9,.000,0.0,0,0,0 
464,BRK,2059,.518,.801,15,143,915 
465,TOT,1820,.454,.718,71,76,624 
465,MIN,162,.370,.875,3,6,54 
465,SAC,1658,.465,.708,68,70,570 
466,PHI,1157,.470,.731,30,68,404 
467,ATL,1445,.480,.849,10,92,625 
468,UTA,1674,.519,.781,82,53,603 
469,POR,1834,.478,.876,42,149,721 
470,OKC,17,.611,0.0,0,2,11 
471,LAL,751,.490,.700,25,21,202 
472,NOP,684,.535,.712,49,20,190 
473,MIL,1309,.460,.656,33,57,417 
474,NYK,388,.457,.625,18,19,139 
475,DAL,1077,.677,.726,102,35,525 
476,MIL,126,.600,.400,10,5,48 
477,POR,984,.490,.754,29,39,343 
478,PHI,1765,.452,.641,69,204,939 
479,LAL,1810,.511,.825,29,95,1144 
480,PHI,2718,.489,.712,166,165,1417 
481,CHA,1416,.426,.730,118,87,490 
