Rk,Tm,MP,eFG%,FT%,ORB,TOV,PTS 
1,SAC,876,.600,.735,65,27,307 
2,MEM,15,.333,.600,0,2,7 
3,OKC,2014,.613,.582,219,84,636 
4,NYK,2371,.500,.840,23,82,909 
5,NOP,861,.476,.839,75,54,352 
6,LAC,800,.596,.714,86,64,328 
7,SAS,2261,.513,.858,176,99,1331 
8,POR,36,.500,0.0,2,1,10 
9,IND,1599,.516,.630,162,69,428 
10,MEM,1620,.474,.652,104,78,535 
11,POR,2341,.503,.737,98,120,839 
12,NYK,204,.358,.519,23,15,52 
13,TOT,402,.556,.694,36,9,105 
13,MIA,36,.500,.750,3,2,13 
13,MEM,366,.565,.688,33,7,92 
14,WAS,192,.458,.733,1,2,65 
15,SAC,721,.441,.759,13,42,179 
16,DAL,647,.469,.800,18,24,208 
17,SAS,1245,.488,.747,25,59,350 
18,NOP,2008,.498,.873,131,90,1124 
19,MIL,2823,.520,.724,113,208,1350 
20,NYK,6,.750,0.0,0,0,6 
21,NYK,2530,.474,.829,98,176,1573 
22,DET,96,.600,.750,8,2,18 
23,ORL,27,.250,1.000,0,3,6 
24,HOU,2859,.523,.783,67,113,1025 
25,DEN,1516,.498,.755,86,66,527 
26,NOP,1178,.533,.545,120,60,269 
27,TOT,1178,.520,.805,8,84,467 
27,OKC,519,.479,.765,5,30,142 
27,DEN,659,.541,.819,3,54,325 
28,LAC,107,.522,1.000,4,6,30 
29,NOP,845,.498,.780,25,23,327 
30,CHI,103,.338,.875,4,4,34 
31,GSW,1079,.515,.839,28,53,433 
32,DAL,1667,.516,.771,26,113,808 
33,BRK,634,.461,.825,28,26,304 
34,GSW,2042,.531,.761,77,57,774 
35,MEM,2190,.467,.804,84,121,758 
36,DEN,2353,.489,.806,59,139,1178 
37,LAL,1342,.549,.845,104,42,473 
38,CHO,2448,.506,.849,55,205,1046 
39,MIL,1505,.539,.778,21,73,541 
40,DET,1233,.505,.764,140,67,514 
41,ATL,2083,.517,.815,28,138,872 
42,WAS,1708,.515,.767,41,112,958 
43,HOU,363,.529,.776,29,24,255 
44,SAC,1672,.457,.833,10,80,696 
45,TOR,84,.352,.900,6,4,28 
46,HOU,2041,.539,.682,73,91,700 
47,TOR,1808,.542,.628,182,71,454 
48,MIN,1075,.570,.727,49,47,308 
49,LAL,496,.548,.422,44,22,133 
50,WAS,218,.412,.385,20,15,61 
51,DET,986,.496,.800,9,81,254 
52,PHO,1059,.502,.802,18,110,632 
53,BRK,2115,.519,.833,36,115,887 
54,GSW,1451,.629,.480,121,83,375 
55,SAS,206,.640,.750,3,3,76 
56,PHO,2108,.480,.840,27,160,1048 
57,UTA,1632,.505,.670,166,81,463 
58,MIA,1778,.520,.795,48,78,1010 
59,BOS,2536,.520,.780,48,109,1155 
60,PHI,225,.431,.889,9,11,70 
61,HOU,1669,.439,.750,42,78,590 
62,CHI,1108,.471,.766,21,82,491 
63,LAL,599,.389,.850,9,15,115 
64,PHO,61,.340,.750,0,9,20 
65,BRK,982,.453,.755,23,54,363 
66,LAL,1863,.417,.826,41,129,1161 
67,TOT,929,.485,.696,43,44,271 
67,IND,729,.469,.708,31,31,216 
67,PHO,200,.556,.625,12,13,55 
68,DET,429,.551,.933,14,8,122 
69,UTA,1366,.483,.817,18,80,679 
70,UTA,797,.458,.752,16,51,412 
71,SAC,176,.449,.833,5,3,63 
72,CHI,2474,.485,.832,79,132,1399 
73,SAS,432,.543,.688,3,8,124 
74,TOR,43,.125,0.0,1,4,3 
75,NYK,2024,.552,.875,22,87,544 
76,DET,2789,.479,.811,70,105,1105 
77,PHI,1966,.482,.833,20,91,846 
78,HOU,1471,.582,.379,194,60,542 
79,TOR,786,.474,.600,31,28,286 
80,MEM,1005,.474,.833,31,35,395 
81,MIL,1649,.466,.654,48,153,623 
82,SAC,1880,.571,.648,58,94,813 
83,SAC,1412,.563,.648,134,46,463 
84,TOT,1373,.462,.832,24,110,628 
84,MIA,120,.328,.923,1,9,33 
84,MEM,1253,.472,.827,23,101,595 
85,PHO,1618,.583,.620,175,93,472 
86,IND,6,1.000,0.0,1,0,4 
87,GSW,578,.515,.824,13,43,236 
88,BOS,6,.750,0.0,0,1,6 
89,LAL,2552,.483,.804,93,135,1225 
90,NOP,1198,.439,.800,10,75,477 
91,SAC,2219,.542,.858,28,130,1035 
92,OKC,699,.459,.697,68,50,123 
93,MEM,1761,.478,.834,26,84,857 
94,POR,143,.316,1.000,11,10,36 
95,MIL,156,.431,.857,1,6,50 
96,TOT,39,.400,0.0,0,5,8 
96,PHO,33,.250,0.0,0,5,4 
96,MEM,6,1.000,0.0,0,0,4 
97,SAC,2246,.477,.718,158,249,1748 
98,PHI,1903,.504,.791,65,143,858 
99,POR,2105,.541,.867,27,64,832 
100,LAC,2126,.466,.904,20,113,1120 
101,BOS,2308,.518,.820,70,83,1038 
102,NOP,1971,.518,.695,57,41,484 
103,TOT,410,.400,.655,3,21,120 
103,CLE,355,.407,.625,3,18,104 
103,MIL,55,.357,.857,0,3,16 
104,SAC,692,.567,.833,9,36,299 
105,GSW,2700,.630,.908,68,262,2375 
106,CHO,476,.634,.556,7,24,242 
107,NOP,2164,.508,.758,130,121,1481 
108,POR,1684,.611,.559,224,64,526 
109,LAC,29,.400,1.000,2,0,5 
110,ORL,705,.559,.750,67,32,255 
111,NOP,279,.493,.524,8,11,79 
112,HOU,6,0.0,0.0,0,0,0 
113,CLE,1867,.501,.864,33,116,569 
114,MIA,2394,.514,.755,108,81,911 
115,TOR,2804,.463,.850,64,175,1830 
116,SAS,1386,.560,.737,58,97,485 
117,MIN,2220,.537,.827,157,140,827 
118,DET,159,.361,.576,4,7,58 
119,NOP,1262,.502,.848,25,64,531 
120,MIA,2363,.513,.727,54,185,1018 
121,DET,2666,.522,.355,395,155,1314 
122,WAS,2098,.581,.735,54,80,638 
123,SAC,24,.300,0.0,2,0,6 
124,SAS,1536,.488,.702,115,90,522 
125,CHI,703,.513,.784,8,26,222 
126,OKC,2578,.573,.898,45,250,2029 
127,NYK,154,.350,.750,4,9,31 
128,WAS,147,.423,1.000,2,1,63 
129,BRK,1615,.474,.857,20,45,586 
130,IND,2734,.470,.786,42,203,1121 
131,TOT,329,.593,.735,21,19,159 
131,MIA,7,0.0,0.0,0,0,0 
131,MEM,40,.385,.600,4,2,16 
131,NOP,282,.620,.792,17,17,143 
132,MIL,654,.484,.735,13,46,206 
133,DAL,251,.583,.714,11,7,71 
134,NOP,765,.486,.796,20,73,379 
135,GSW,770,.548,.530,91,38,320 
136,DEN,1694,.558,.613,235,91,835 
137,MEM,291,.500,1.000,4,18,110 
138,UTA,1983,.515,.709,169,104,1016 
139,CHI,321,.556,.714,30,13,105 
140,DAL,2192,.450,.847,36,121,763 
141,ORL,2566,.546,.836,33,133,1213 
142,TOT,1642,.428,.824,24,86,474 
142,DEN,1070,.426,.830,16,58,323 
142,OKC,572,.433,.815,8,28,151 
143,TOT,741,.454,.716,26,65,261 
143,POR,272,.358,.533,11,27,51 
143,NOP,469,.488,.763,15,38,210 
144,TOT,18,.500,.800,0,2,9 
144,NOP,13,.250,0.0,0,1,2 
144,NYK,5,1.500,.800,0,1,7 
145,TOT,1200,.569,.857,35,43,425 
145,ORL,754,.565,.905,23,30,229 
145,CLE,446,.575,.786,12,13,196 
146,DEN,1839,.472,.868,52,77,1036 
147,NYK,2033,.458,.754,43,61,625 
148,MIN,556,.470,.667,15,16,122 
149,MEM,1791,.465,.829,58,118,861 
150,CHI,2291,.481,.792,155,164,1187 
151,SAC,2379,.500,.780,103,139,1204 
152,NOP,1632,.551,.667,60,55,325 
153,IND,2819,.490,.860,79,265,1874 
154,CHI,1936,.526,.692,206,78,627 
155,SAS,1134,.533,.813,26,99,555 
156,UTA,1932,.559,.569,208,114,557 
157,WAS,305,.354,.643,28,13,82 
158,PHO,1114,.444,.674,27,100,505 
159,ORL,1863,.509,.668,154,66,719 
160,NOP,1481,.521,.888,10,73,686 
161,WAS,2256,.567,.705,222,121,1012 
162,HOU,50,.475,.750,1,7,22 
163,PHI,2066,.448,.658,99,110,749 
164,NYK,1265,.422,.780,23,87,426 
165,SAS,2062,.480,.739,48,75,572 
166,GSW,2808,.551,.696,134,259,1131 
167,TOT,42,.423,1.000,3,0,13 
167,DEN,7,.000,0.0,0,0,0 
167,UTA,35,.458,1.000,3,0,13 
168,MIA,1557,.463,.783,25,46,616 
169,MEM,1446,.480,.752,139,83,578 
170,TOT,2253,.470,.745,74,93,939 
170,MEM,1544,.469,.800,55,69,646 
170,LAC,709,.474,.615,19,24,293 
171,LAC,1170,.504,.727,51,83,749 
172,CHO,63,.545,.909,0,6,22 
173,TOT,1313,.441,.781,25,41,410 
173,CHO,938,.457,.810,18,24,286 
173,MEM,375,.409,.727,7,17,124 
174,NOP,304,.478,.667,12,17,125 
175,CHO,343,.465,.585,40,12,104 
176,ATL,864,.521,.893,7,23,326 
177,HOU,3125,.512,.860,63,374,2376 
178,POR,1457,.522,.622,101,62,498 
179,DET,35,.600,.500,0,2,13 
180,HOU,379,.644,.522,25,17,140 
181,DAL,1280,.516,.721,18,66,487 
182,DEN,2439,.538,.820,54,98,932 
183,CLE,15,.375,0.0,0,1,3 
184,TOT,2513,.514,.831,96,108,1116 
184,ORL,1610,.507,.784,71,78,669 
184,DET,903,.524,.911,25,30,447 
185,CHO,93,.342,.417,4,4,18 
186,MIA,260,.385,.750,10,5,59 
187,CHO,1035,.467,.831,51,58,340 
188,HOU,24,.500,1.000,0,3,4 
189,UTA,2893,.493,.824,61,202,1578 
190,POR,1431,.484,.767,30,68,624 
191,MIL,960,.564,.590,87,64,397 
192,ORL,1413,.513,.907,28,97,478 
193,LAL,1878,.443,.807,132,76,481 
194,TOT,436,.516,.447,39,25,206 
194,DEN,305,.505,.458,22,16,137 
194,WAS,131,.543,.432,17,9,69 
195,WAS,1094,.544,.578,52,76,525 
196,IND,2524,.528,.760,58,101,894 
197,IND,1513,.506,.712,156,92,645 
198,IND,866,.505,.857,39,33,246 
199,DET,383,.469,.725,5,19,152 
200,TOT,631,.473,.938,8,30,137 
200,CHI,555,.496,.938,7,27,132 
200,ATL,76,.227,0.0,1,3,5 
201,NOP,1831,.485,.843,27,167,1089 
202,TOT,773,.465,.730,12,39,239 
202,ATL,263,.397,.500,4,13,63 
202,CHI,510,.497,.815,8,26,176 
203,TOT,460,.620,.619,47,24,124 
203,WAS,48,.571,0.0,7,3,8 
203,MEM,412,.625,.619,40,21,116 
204,BRK,615,.471,.712,39,26,167 
205,PHI,702,.532,.689,62,32,287 
206,UTA,2541,.503,.860,38,125,1149 
207,ATL,2631,.547,.798,148,107,1249 
208,HOU,2280,.620,.489,238,166,976 
209,LAL,869,.457,.931,18,80,237 
210,OKC,55,.583,.000,2,3,14 
211,TOT,835,.468,.798,57,38,343 
211,WAS,466,.478,.935,26,20,180 
211,PHO,74,.319,.750,11,4,29 
211,ATL,295,.505,.711,20,14,134 
212,BOS,315,.464,.857,2,11,97 
213,OKC,2500,.513,.752,141,108,983 
214,GSW,1732,.552,.614,52,79,457 
215,TOT,1881,.496,.721,144,71,767 
215,DET,1434,.502,.725,99,59,589 
215,ORL,447,.477,.711,45,12,178 
216,UTA,1241,.565,.722,19,65,342 
217,MIL,156,.392,.875,2,11,36 
218,CLE,1667,.496,.885,44,124,1041 
219,BRK,1027,.434,.893,9,94,411 
220,DET,2424,.482,.864,58,223,1489 
221,CLE,2709,.551,.731,111,249,1920 
222,CHO,1096,.485,.649,57,34,562 
223,PHO,50,.409,.667,6,0,22 
224,CLE,1326,.564,.667,15,43,410 
225,TOT,480,.494,.833,8,27,178 
225,DAL,193,.436,.889,4,11,69 
225,PHO,287,.539,.800,4,16,109 
226,TOT,868,.452,.731,16,57,332 
226,DET,416,.455,.711,5,22,157 
226,ORL,452,.450,.750,11,35,175 
227,BOS,1176,.488,.782,77,52,340 
228,BOS,1800,.596,.570,178,94,577 
229,UTA,857,.441,.810,27,40,205 
230,TOR,926,.517,.574,28,54,287 
231,TOT,2703,.509,.831,49,159,992 
231,BRK,1934,.476,.852,34,116,671 
231,MIA,769,.588,.765,15,43,321 
232,TOT,101,.294,.750,4,4,26 
232,PHO,47,.324,.833,3,1,16 
232,NOP,54,.265,.500,1,3,10 
233,DET,1687,.428,.784,58,114,593 
234,MIA,863,.541,.797,28,47,314 
235,LAC,1666,.504,.652,37,54,549 
236,DEN,1733,.535,.811,181,104,796 
237,CLE,42,.464,0.0,1,0,13 
238,CLE,463,.553,.808,8,13,178 
239,HOU,1044,.486,.664,62,49,434 
240,MIN,573,.410,.718,7,33,156 
241,LAC,2598,.703,.430,267,107,980 
242,TOR,2046,.465,.764,39,102,677 
243,POR,112,.477,1.000,7,8,44 
244,CHO,1708,.474,.730,69,58,606 
245,OKC,1721,.583,.797,249,115,1038 
246,BRK,399,.480,.929,8,22,97 
247,CLE,95,.529,.455,12,7,23 
248,LAL,470,.386,.685,21,18,152 
249,CHO,205,.566,.690,12,8,89 
250,TOT,616,.528,.896,12,31,345 
250,DEN,82,.476,.875,2,4,27 
250,BRK,534,.532,.898,10,27,318 
251,PHO,1870,.482,.852,36,177,1018 
252,ATL,2401,.563,.833,14,98,739 
253,SAC,1482,.532,.548,169,48,529 
254,CHO,1227,.506,.727,44,50,580 
255,PHI,569,.568,.736,49,22,351 
256,BRK,1751,.481,.776,28,146,566 
257,DEN,1041,.530,.899,77,54,465 
258,MIN,2294,.516,.793,27,155,1150 
259,TOT,1411,.444,.686,26,95,373 
259,HOU,1176,.441,.700,20,82,309 
259,IND,235,.455,.500,6,13,64 
260,TOT,2334,.518,.839,29,72,761 
260,MEM,1489,.519,.826,19,49,511 
260,CHO,845,.516,.885,10,23,250 
261,TOT,903,.531,.763,101,66,427 
261,BOS,470,.453,.784,41,38,214 
261,DAL,433,.636,.738,60,28,213 
262,PHO,1821,.424,.728,178,145,703 
263,SAS,2380,.565,.874,95,105,1523 
264,POR,1333,.547,.761,51,77,511 
265,PHO,1255,.526,.762,76,75,567 
266,POR,2676,.497,.892,45,242,1879 
267,CHO,2048,.464,.815,42,150,914 
268,GSW,1520,.538,.860,42,78,488 
269,GSW,21,.643,0.0,4,1,9 
270,BRK,2457,.512,.787,204,175,1501 
271,NYK,2219,.539,.795,268,133,842 
272,CLE,2424,.499,.822,149,142,1234 
273,TOR,2851,.516,.811,55,225,1634 
274,UTA,1382,.494,.695,59,65,488 
275,TOT,1058,.486,.738,13,95,448 
275,ATL,179,.442,.750,2,14,93 
275,UTA,879,.498,.735,11,81,355 
276,IND,1816,.589,.587,138,100,660 
277,ORL,249,.352,.417,6,7,60 
278,SAS,508,.603,.763,73,29,297 
279,PHI,400,.432,.692,2,43,111 
280,MEM,380,.466,.726,39,19,153 
281,TOT,1095,.431,.890,14,54,514 
281,MIN,834,.434,.880,10,41,415 
281,SAS,261,.418,.933,4,13,99 
282,DAL,2644,.498,.863,27,78,977 
283,MIL,1090,.452,.775,13,72,321 
284,LAC,1274,.486,.526,60,34,231 
285,GSW,262,.542,.531,30,16,117 
286,TOT,475,.428,.800,8,24,137 
286,SAS,256,.440,.900,6,11,68 
286,MEM,219,.418,.600,2,13,69 
287,POR,2780,.517,.827,47,196,1666 
288,PHI,1606,.503,.634,43,140,493 
289,BRK,362,.463,.478,25,15,112 
290,HOU,235,.451,.800,16,17,89 
291,CHI,1861,.537,.857,37,53,764 
292,OKC,72,.478,.400,4,7,26 
293,DAL,370,.575,.500,53,21,172 
294,SAC,1443,.502,.718,34,99,531 
295,TOT,195,.500,.750,4,15,99 
295,PHO,82,.481,.800,2,6,37 
295,CLE,113,.510,.692,2,9,62 
296,MIA,595,.412,.700,22,30,150 
297,DET,43,.450,1.000,1,1,22 
298,DAL,397,.628,.587,41,23,125 
299,BOS,57,.364,.500,6,1,21 
300,MIL,2852,.507,.888,44,180,1434 
301,IND,1464,.521,.750,25,70,753 
302,TOT,461,.566,.750,12,37,144 
302,MIN,280,.629,.789,6,25,88 
302,SAS,181,.490,.692,6,12,56 
303,DEN,373,.508,0.0,6,17,63 
304,SAS,1662,.525,.810,27,76,690 
305,UTA,173,.295,.722,6,9,36 
306,ATL,2647,.505,.757,198,191,1385 
307,CHI,1646,.518,.807,58,102,777 
308,OKC,19,.600,1.000,1,3,8 
309,MIL,2314,.522,.740,218,129,1210 
310,POR,42,.289,.750,0,4,14 
311,CHI,1263,.541,.629,19,53,443 
312,SAC,48,.500,.500,3,3,8 
313,DET,2856,.491,.749,91,140,1131 
314,TOT,1629,.458,.735,73,135,765 
314,PHO,917,.422,.717,43,90,430 
314,WAS,712,.510,.764,30,45,335 
315,OKC,926,.527,.744,10,17,380 
316,HOU,547,.478,.642,37,44,230 
317,CLE,1326,.567,.716,110,71,475 
318,DEN,2068,.404,.670,32,217,872 
319,MIN,1682,.498,.764,100,70,863 
320,MEM,244,.474,.500,3,15,80 
321,ATL,565,.539,.795,38,27,195 
322,LAL,1266,.528,.681,101,41,349 
323,ORL,600,.423,.733,9,46,203 
324,WAS,807,.528,.855,11,29,390 
325,DEN,1036,.438,.857,19,66,299 
326,UTA,1499,.507,.743,17,109,476 
327,ORL,823,.537,.785,34,41,384 
328,CHI,635,.383,.489,87,52,124 
329,PHI,1965,.522,.590,154,158,747 
330,TOR,225,.648,.533,18,11,65 
331,TOT,44,.639,1.000,0,1,24 
331,OKC,24,.708,0.0,0,1,17 
331,MIL,20,.500,1.000,0,0,7 
332,DAL,2364,.504,.893,52,84,1372 
333,DEN,547,.417,.616,65,55,263 
334,UTA,6,.000,0.0,0,0,0 
335,MIL,857,.414,.675,65,31,200 
336,NYK,764,.485,.767,76,61,309 
337,PHI,1591,.509,.686,122,124,928 
338,ORL,2379,.489,.830,48,153,1153 
339,BOS,1395,.531,.750,72,74,687 
340,WAS,671,.486,.633,25,34,236 
341,DAL,2004,.466,.768,249,119,650 
342,DEN,294,.439,.643,8,21,67 
343,MIL,2408,.498,.768,123,116,1070 
344,SAS,1980,.512,.760,17,131,857 
345,DAL,1799,.571,.684,29,95,837 
346,ATL,395,.425,.727,4,23,84 
347,TOR,2020,.521,.853,77,65,543 
348,LAC,2420,.517,.896,39,194,1446 
349,MIN,486,.397,.654,20,36,132 
350,OKC,698,.475,.792,9,44,283 
351,ORL,2145,.456,.589,77,177,778 
352,MIN,156,.380,.800,7,9,54 
353,NOP,542,.533,.440,25,41,91 
354,LAC,1231,.457,.818,12,58,417 
355,UTA,82,.440,1.000,6,8,24 
356,POR,2084,.516,.642,201,154,749 
357,MIL,870,.601,.576,94,40,314 
358,WAS,2276,.541,.754,97,70,871 
359,CHI,1102,.445,.727,123,54,436 
360,NYK,2047,.467,.838,132,121,1028 
361,DAL,992,.497,.739,84,40,399 
362,TOR,725,.502,.811,16,32,273 
363,TOT,283,.410,.520,3,33,77 
363,PHI,170,.418,.500,0,19,55 
363,PHO,113,.391,.571,3,14,22 
364,PHO,1211,.497,.756,25,70,331 
365,LAC,823,.469,.875,38,49,145 
366,MIN,1462,.454,.684,32,27,221 
367,LAL,2286,.435,.715,172,149,919 
368,MEM,2016,.479,.796,179,105,1040 
369,LAC,2097,.593,.888,10,78,1226 
370,BRK,426,.571,.545,49,16,182 
371,MIA,1107,.550,.667,21,35,341 
372,LAC,1464,.498,.681,22,61,593 
373,OKC,1553,.555,.611,79,35,337 
374,TOT,470,.494,.894,6,23,205 
374,CHO,333,.483,.919,4,16,145 
374,POR,137,.520,.800,2,7,60 
375,IND,508,.477,.692,12,18,171 
376,NOP,23,.000,0.0,0,0,0 
377,BRK,917,.447,.431,136,69,307 
378,SAC,2537,.494,.580,77,278,859 
379,CHI,2097,.448,.793,46,175,1080 
380,TOR,1747,.536,.790,21,46,720 
381,BOS,311,.302,.800,24,19,72 
382,MIN,2323,.427,.847,40,193,766 
383,MIN,277,.540,1.000,5,13,75 
384,GSW,1055,.552,.643,21,33,305 
385,LAL,2259,.478,.737,47,196,1054 
386,LAL,320,.413,.658,32,12,87 
387,TOT,1160,.464,.656,46,70,374 
387,PHI,691,.441,.639,30,51,240 
387,DEN,469,.504,.720,16,19,134 
388,ATL,1621,.471,.791,25,183,879 
389,TOR,1636,.504,.726,84,68,664 
390,ATL,1146,.551,.794,53,42,464 
391,ATL,1758,.562,.626,52,68,480 
392,NYK,526,.410,.826,31,43,187 
393,WAS,1667,.503,.756,25,115,810 
394,CLE,1316,.444,.784,32,57,311 
395,SAS,813,.541,.750,16,53,331 
396,BRK,263,.429,.833,21,12,91 
397,OKC,977,.457,.659,50,32,231 
398,BRK,1318,.494,.750,17,80,424 
399,BOS,1667,.405,.777,76,80,558 
400,MIN,192,.563,.412,12,7,43 
401,TOT,2239,.440,.693,43,175,972 
401,NOP,617,.452,.767,14,45,239 
401,PHI,1622,.436,.669,29,130,733 
402,CLE,2362,.535,.634,43,59,955 
403,ORL,1181,.489,.806,53,57,546 
404,TOT,880,.423,.552,51,77,332 
404,LAC,459,.433,.595,33,41,181 
404,HOU,421,.411,.480,18,36,151 
405,MEM,66,.341,.615,1,7,23 
406,CHI,1301,.454,.909,19,52,338 
407,GSW,832,.458,.825,77,66,512 
408,ATL,579,.523,.813,45,24,201 
409,PHI,1809,.483,.771,23,94,617 
410,TOT,1372,.513,.784,40,94,573 
410,LAC,680,.551,.700,19,48,204 
410,MEM,692,.492,.815,21,46,369 
411,TOT,73,.333,.333,19,0,22 
411,LAC,12,1.000,.000,1,0,2 
411,MEM,61,.308,.400,18,0,20 
412,TOT,18,.600,.500,1,0,7 
412,MEM,4,0.0,0.0,1,0,0 
412,MIA,14,.600,.500,0,0,7 
413,MIA,762,.566,.746,65,47,300 
414,IND,1275,.436,.829,19,76,517 
415,BOS,1915,.453,.640,194,102,834 
416,ATL,73,.579,.375,7,5,25 
417,ATL,2255,.495,.837,33,218,1239 
418,PHO,1686,.544,.774,55,84,965 
419,WAS,1951,.486,.728,36,64,582 
420,HOU,1258,.525,.818,14,49,422 
421,BOS,2644,.488,.871,46,220,1823 
422,NYK,1313,.500,.857,34,57,484 
423,PHI,2154,.507,.719,54,76,758 
424,TOT,471,.505,.704,32,15,147 
424,GSW,179,.476,.625,10,7,60 
424,TOR,292,.523,.818,22,8,87 
425,GSW,2666,.569,.873,35,138,1771 
426,CLE,2269,.588,.616,268,61,643 
427,TOT,1109,.482,.848,38,51,590 
427,HOU,885,.484,.879,31,40,472 
427,WAS,224,.477,.762,7,11,118 
428,DET,1341,.533,.617,39,28,383 
429,DEN,305,.450,.765,8,6,76 
430,MIN,2627,.555,.811,228,183,1503 
431,PHO,2540,.469,.746,165,111,652 
432,BOS,2271,.469,.827,50,169,854 
433,IND,1367,.501,.727,68,67,619 
434,TOT,707,.472,.900,8,53,205 
434,MEM,120,.478,1.000,2,11,47 
434,MIA,587,.470,.882,6,42,158 
435,TOR,1557,.565,.761,184,85,768 
436,TOT,496,.427,.640,37,22,138 
436,CLE,310,.421,.762,24,16,80 
436,GSW,186,.438,.552,13,6,58 
437,MIL,460,.391,.846,5,40,130 
438,MIL,1001,.385,.800,11,28,217 
439,DAL,665,.454,.917,24,31,319 
440,POR,1174,.441,.745,91,50,283 
441,ORL,2037,.511,.753,174,123,1181 
442,NYK,908,.477,.821,26,44,296 
443,MIA,2258,.459,.793,82,203,1409 
444,OKC,2152,.460,.713,36,120,762 
445,CHO,2885,.495,.847,56,171,1689 
446,WAS,2784,.467,.791,42,318,1531 
447,PHO,1070,.533,.703,57,32,515 
448,ORL,656,.394,.872,10,25,142 
449,TOT,169,.359,.750,8,9,31 
449,MEM,166,.342,.750,8,9,29 
449,MIA,3,1.000,0.0,0,0,2 
450,TOT,499,.450,.533,7,41,107 
450,PHO,421,.466,.538,6,37,90 
450,PHI,78,.381,.500,1,4,17 
451,SAS,1404,.548,.788,72,68,554 
452,OKC,2750,.489,.812,145,342,1878 
453,MIA,2125,.606,.650,238,137,1040 
454,IND,41,.455,.500,5,5,11 
455,MIN,2845,.481,.761,106,182,1675 
456,LAC,167,.462,.750,1,2,70 
457,PHO,68,.417,.643,14,6,29 
458,DAL,2106,.477,.869,19,150,918 
459,NYK,1435,.488,.758,47,61,746 
460,MEM,45,.250,.750,1,1,8 
461,LAL,1907,.488,.830,31,107,1028 
462,CHO,2338,.554,.833,127,62,948 
463,CLE,748,.497,.905,6,57,338 
464,MIA,2232,.457,.684,81,95,502 
465,UTA,658,.537,.729,56,28,217 
466,PHI,145,.453,.619,13,2,61 
467,LAL,590,.384,.702,19,15,176 
468,MEM,212,.673,.542,14,10,83 
469,TOR,229,.481,.743,8,16,103 
470,PHI,144,.362,.541,2,29,67 
471,BOS,199,.389,.250,4,5,29 
472,IND,384,.396,.800,6,33,154 
473,LAL,1033,.442,.829,14,30,392 
474,BRK,2407,.518,.644,176,136,1102 
475,CHO,1774,.530,.754,138,68,638 
