Rk,Tm,MP,DRB,STL,BLK,PF 
1,SAC,2131,106,56,6,174 
2,VAN,2802,339,79,79,199 
3,CHH,355,26,8,3,52 
4,SAS,1454,94,82,16,148 
5,TOT,943,73,31,4,84 
5,IND,692,52,27,0,67 
5,DEN,251,21,4,4,17 
6,MIL,2532,229,75,10,218 
7,ATL,11,1,0,0,0 
8,WSB,144,33,7,3,29 
9,SAS,1659,291,63,67,225 
10,POR,3081,272,162,15,222 
11,ORL,2163,238,120,32,160 
12,UTA,1066,127,27,8,113 
13,MIA,303,27,14,4,36 
14,VAN,1863,159,129,4,122 
15,GSW,1020,67,25,2,56 
16,ORL,1010,41,61,9,114 
17,TOT,838,73,17,6,123 
17,NJN,7,0,0,0,1 
17,IND,822,73,17,6,122 
17,DEN,9,0,0,0,0 
18,MIA,1773,185,53,19,196 
19,TOT,942,91,42,17,87 
19,DET,292,35,10,10,29 
19,POR,650,56,32,7,58 
20,MIA,1881,342,45,43,244 
21,MIL,3159,537,81,112,275 
22,HOU,2009,504,69,25,153 
23,BOS,708,43,26,6,34 
24,LAC,1094,80,51,15,88 
25,ATL,965,73,55,3,56 
26,TOR,44,6,1,0,5 
27,TOT,75,4,4,0,7 
27,HOU,16,1,2,0,1 
27,DEN,59,3,2,0,6 
28,IND,2064,130,98,5,221 
29,ATL,3056,299,212,20,141 
30,LAL,1009,163,22,26,121 
31,CHH,1880,116,82,2,114 
32,PHO,48,3,2,1,3 
33,TOT,430,22,3,2,28 
33,DEN,21,1,0,0,0 
33,GSW,409,21,3,2,28 
34,MIA,1,0,0,1,0 
35,ATL,154,8,10,4,17 
36,TOT,2288,390,40,248,237 
36,NJN,1228,207,23,160,122 
36,DAL,1060,183,17,88,115 
37,PHI,251,42,5,5,34 
38,CLE,2868,253,138,30,177 
39,BOS,255,28,5,4,42 
40,NYK,251,12,21,0,35 
41,TOT,757,107,9,22,100 
41,PHO,83,13,0,2,14 
41,MIL,674,94,9,20,86 
42,BOS,522,40,31,7,45 
43,POR,184,11,8,2,26 
44,PHO,83,16,1,1,9 
45,MIA,2592,431,85,98,283 
46,CHI,1057,77,81,17,116 
47,LAL,1103,85,49,23,102 
48,PHO,1018,145,22,5,136 
49,CHI,703,81,23,21,50 
50,HOU,1025,104,21,18,68 
51,TOT,939,109,28,19,120 
51,CHH,482,55,14,11,60 
51,GSW,457,54,14,8,60 
52,ATL,380,30,8,3,55 
53,POR,465,34,13,2,55 
54,CHI,1405,166,25,9,149 
55,PHI,1247,208,48,42,118 
56,TOT,569,109,16,8,87 
56,NJN,204,36,8,1,27 
56,PHI,365,73,8,7,60 
57,TOR,1897,263,66,130,214 
58,LAL,2516,408,46,117,276 
59,UTA,1460,135,24,63,214 
60,MIN,830,82,24,10,93 
61,MIL,21,4,0,2,4 
62,TOT,1714,135,77,19,200 
62,PHO,539,38,23,6,66 
62,DAL,398,36,17,6,48 
62,NJN,777,61,37,7,86 
63,SAC,581,70,15,38,131 
64,TOT,1426,228,33,23,113 
64,LAL,279,42,5,6,19 
64,PHO,1147,186,28,17,94 
65,CHH,83,11,1,0,14 
66,PHO,1833,156,52,7,108 
67,WSB,2411,198,77,18,226 
68,VAN,662,89,26,17,52 
69,TOT,155,5,9,0,16 
69,POR,125,4,7,0,11 
69,DET,30,1,2,0,5 
70,NYK,2076,169,78,11,213 
71,TOR,3127,347,201,45,245 
72,PHI,2102,416,50,75,164 
73,GSW,1183,79,35,7,96 
74,BOS,1614,195,46,18,154 
75,ATL,2305,218,90,7,176 
76,TOT,100,7,0,0,14 
76,PHI,52,4,0,0,8 
76,SAS,48,3,0,0,6 
77,MIA,659,32,18,0,79 
78,SEA,828,113,33,7,113 
79,TOR,46,5,0,0,10 
80,CHH,2078,171,60,14,147 
81,DET,1217,96,31,12,128 
82,IND,1052,198,19,73,153 
83,TOT,310,24,10,3,33 
83,SAC,28,3,1,0,4 
83,NJN,282,21,9,3,29 
84,TOT,1789,107,54,9,160 
84,MIA,1351,81,39,8,123 
84,DAL,438,26,15,1,37 
85,NJN,313,47,4,28,51 
86,IND,2335,408,42,84,260 
87,PHO,98,15,4,1,16 
88,IND,2589,471,60,77,233 
89,HOU,230,20,9,2,20 
90,TOR,623,29,11,2,40 
91,PHI,1705,185,85,31,230 
92,BOS,2277,221,108,48,208 
93,GSW,1065,176,33,27,229 
94,LAC,1053,80,27,3,142 
95,SAS,2243,171,59,7,131 
96,CHI,138,19,3,5,20 
97,CHH,867,68,36,6,71 
98,ORL,10,0,1,0,1 
99,CHH,2840,484,103,180,277 
100,POR,61,4,0,0,3 
101,MIL,2316,136,78,10,191 
102,DAL,389,57,8,7,65 
103,HOU,2271,255,119,36,151 
104,BOS,132,10,3,2,10 
105,LAC,384,37,9,11,63 
106,POR,1840,389,39,96,247 
107,DET,2923,153,57,1,97 
108,TOT,278,13,10,2,45 
108,DAL,227,11,10,1,36 
108,PHO,51,2,0,1,9 
109,TOT,500,61,15,28,61 
109,TOR,457,52,12,27,54 
109,MIL,43,9,3,1,7 
110,SAC,1376,79,60,2,98 
111,VAN,1439,140,38,20,135 
112,NJN,477,34,17,4,34 
113,SEA,848,71,36,4,71 
114,UTA,1083,64,44,10,141 
115,HOU,2687,175,92,12,200 
116,SAS,1393,142,24,24,105 
117,DEN,2940,194,60,7,178 
118,DEN,2002,279,44,41,181 
119,BOS,125,17,5,9,21 
120,ORL,59,7,1,2,6 
121,NYK,2887,659,69,189,250 
122,TOT,624,132,16,14,78 
122,CHH,10,2,0,1,3 
122,SAS,614,130,16,13,75 
123,IND,1115,84,38,6,120 
124,CLE,2633,255,56,32,245 
125,TOT,2790,284,68,24,138 
125,PHO,796,86,18,4,42 
125,DAL,1994,198,50,20,96 
126,TOT,8,4,0,0,2 
126,WSB,7,4,0,0,2 
126,MIA,1,0,0,0,0 
127,LAL,921,72,41,5,87 
128,UTA,920,131,10,20,145 
129,BOS,2650,280,167,40,279 
130,GSW,949,141,10,20,146 
131,SAC,953,94,21,17,76 
132,MIN,2995,428,105,163,199 
133,MIN,1665,346,40,95,158 
134,TOT,1283,236,39,31,138 
134,DAL,1191,222,35,31,125 
134,NJN,92,14,4,0,13 
135,CLE,246,11,13,2,36 
136,CHH,1044,158,20,27,153 
137,NJN,3199,316,154,46,225 
138,MIL,2050,361,61,40,206 
139,TOT,1188,72,33,2,104 
139,CHH,576,35,19,1,58 
139,DEN,612,37,14,1,46 
140,SEA,197,11,12,1,12 
141,SAC,607,93,19,25,75 
142,MIA,365,30,16,0,39 
143,WSB,1604,193,46,48,167 
144,ORL,2496,394,101,65,157 
145,TOT,49,8,4,0,11 
145,SAC,25,6,3,0,3 
145,SAS,24,2,1,0,8 
146,NJN,42,2,1,0,5 
147,SAC,316,17,8,7,42 
148,TOT,2492,434,70,16,145 
148,PHO,548,105,18,1,34 
148,DAL,1944,329,52,15,111 
149,DET,311,16,16,1,27 
150,MIN,3131,515,130,89,237 
151,NJN,74,19,1,1,14 
152,TOT,318,27,9,8,57 
152,DEN,313,27,8,8,57 
152,IND,5,0,1,0,0 
153,BOS,268,43,2,4,39 
154,DEN,1758,266,16,24,205 
155,TOT,133,14,9,1,15 
155,MIL,39,4,2,0,7 
155,ATL,86,10,7,1,6 
155,SAS,8,0,0,0,2 
156,ORL,2221,181,93,35,123 
157,MIA,3136,228,151,9,165 
158,DAL,2210,107,92,12,144 
159,CHI,1740,147,86,38,138 
160,HOU,860,123,12,22,112 
161,PHI,813,44,41,3,45 
162,SEA,26,8,0,4,8 
163,SEA,2755,228,159,12,146 
164,BOS,326,22,16,1,40 
165,MIN,236,16,3,3,20 
166,ATL,501,69,21,6,73 
167,PHI,301,57,10,4,32 
168,SAS,1837,222,62,53,217 
169,DET,3147,598,144,48,186 
170,CLE,2582,477,63,30,268 
171,IND,572,68,27,6,51 
172,UTA,2592,181,124,26,188 
173,TOT,1395,169,66,55,153 
173,PHO,719,79,28,26,81 
173,LAL,676,90,38,29,72 
174,NYK,2681,197,41,18,233 
175,WSB,3324,450,93,23,259 
176,TOT,418,56,19,12,62 
176,SAS,69,5,8,2,7 
176,UTA,349,51,11,10,55 
177,DET,3023,174,129,24,206 
178,SAC,632,29,27,3,53 
179,PHI,3045,197,157,24,233 
180,WSB,1133,101,45,16,131 
181,TOT,2831,279,86,32,194 
181,DAL,1676,146,57,15,113 
181,NJN,1155,133,29,17,81 
182,TOT,3054,304,97,12,161 
182,DEN,2001,200,51,9,104 
182,IND,1053,104,46,3,57 
183,ATL,945,54,11,1,98 
184,NYK,10,0,0,0,2 
185,SAS,2472,115,96,15,158 
186,TOT,913,111,15,2,81 
186,IND,306,37,5,1,33 
186,HOU,607,74,10,1,48 
187,DEN,2599,682,65,227,288 
188,PHO,2658,199,102,12,141 
189,NYK,2613,228,64,36,249 
190,HOU,93,8,2,4,8 
191,LAL,2998,236,189,49,226 
192,TOR,2421,410,58,39,269 
193,CHI,3106,369,140,44,156 
194,TOT,130,16,7,3,15 
194,POR,99,12,5,3,13 
194,MIN,31,4,2,0,2 
195,UTA,915,141,30,13,97 
196,SEA,2750,532,125,81,320 
197,SAS,59,5,1,1,4 
198,CHI,1861,101,67,3,98 
199,LAL,1766,251,119,49,219 
200,TOT,1964,185,124,20,114 
200,DAL,791,60,45,8,42 
200,PHO,1173,125,79,12,72 
201,PHI,59,10,4,0,7 
202,DEN,22,0,3,0,2 
203,TOT,103,16,2,1,14 
203,BOS,33,8,0,1,3 
203,DAL,70,8,2,0,11 
204,NJN,3012,213,157,35,165 
205,TOT,848,141,17,18,110 
205,PHO,365,59,9,6,47 
205,LAL,30,7,0,0,6 
205,NJN,453,75,8,12,57 
206,LAL,1156,189,31,58,170 
207,LAL,11,3,2,0,3 
208,CHI,1610,167,60,29,97 
209,ATL,3140,508,102,64,277 
210,MIL,1194,184,26,47,140 
211,CLE,843,75,33,30,111 
212,ATL,180,27,1,9,39 
213,TOT,126,31,3,2,35 
213,CHH,11,1,0,0,3 
213,VAN,115,30,3,2,32 
214,WSB,182,21,3,5,21 
215,MIA,2111,179,50,18,168 
216,TOR,50,2,1,2,8 
217,BOS,516,102,8,14,95 
218,HOU,981,62,39,12,107 
219,PHO,101,14,10,5,25 
220,TOR,45,6,1,0,6 
221,DET,1166,134,43,6,106 
222,TOR,370,34,9,2,28 
223,CHI,1472,211,23,66,191 
224,VAN,1059,163,63,17,97 
225,HOU,904,86,29,6,67 
226,PHI,733,99,12,10,71 
227,DET,218,34,4,3,34 
228,MIA,1264,117,54,14,75 
229,UTA,2998,616,113,48,217 
230,HOU,2386,141,82,1,125 
231,PHO,2134,332,81,74,268 
232,TOT,201,23,4,2,29 
232,VAN,128,15,3,1,18 
232,LAC,73,8,1,1,11 
233,MIN,2324,130,67,19,159 
234,DEN,255,18,12,1,38 
235,CLE,548,48,24,3,60 
236,GSW,1022,184,25,46,96 
237,MIL,13,0,0,0,1 
238,LAC,1820,87,57,2,165 
239,TOT,2164,225,78,12,186 
239,DAL,975,87,35,5,69 
239,MIA,1189,138,43,7,117 
240,CHH,3143,643,76,33,202 
241,NJN,1954,295,38,50,217 
242,SAS,2068,132,87,19,168 
243,VAN,1952,105,60,8,159 
244,NYK,192,15,7,9,38 
245,ORL,109,18,3,5,7 
246,TOT,1493,143,61,8,126 
246,DAL,1207,114,52,8,106 
246,LAL,286,29,9,0,20 
247,NJN,1170,194,36,17,144 
248,DEN,2565,382,62,126,276 
249,SEA,1477,198,39,164,247 
250,DEN,117,4,2,1,16 
251,IND,1449,161,47,30,141 
252,TOT,1625,181,77,22,130 
252,POR,775,80,34,15,61 
252,DET,850,101,43,7,69 
253,SEA,798,103,58,6,78 
254,TOT,708,92,11,15,125 
254,DAL,259,35,6,3,52 
254,PHO,449,57,5,12,73 
255,ATL,14,5,0,0,2 
256,TOT,1152,201,47,63,181 
256,DAL,836,151,34,50,133 
256,TOR,316,50,13,13,48 
257,IND,2966,233,75,25,172 
258,CLE,3167,379,86,41,222 
259,DET,1997,309,35,27,161 
260,BOS,547,50,15,2,45 
261,MIN,2044,214,51,20,232 
262,VAN,307,28,5,10,44 
263,TOT,1828,337,20,73,268 
263,DAL,984,170,9,34,150 
263,NJN,844,167,11,39,118 
264,HOU,237,15,5,0,19 
265,UTA,977,125,29,24,121 
266,VAN,1214,76,48,24,83 
267,MIA,2320,467,56,189,272 
268,GSW,2733,242,130,33,155 
269,DEN,114,10,9,2,9 
270,WSB,1849,340,43,96,230 
271,LAC,1295,148,53,29,113 
272,WSB,1814,169,69,19,150 
273,ATL,2973,661,49,264,249 
274,TOT,348,32,12,11,58 
274,MIA,27,3,0,1,3 
274,DAL,321,29,12,10,55 
275,PHO,684,47,20,0,92 
276,TOT,113,5,9,0,12 
276,UTA,94,5,6,0,9 
276,POR,19,0,3,0,3 
277,ATL,850,128,28,15,115 
278,MIL,2060,120,73,17,257 
279,TOT,42,4,1,1,1 
279,SAS,36,3,0,1,1 
279,WSB,6,1,1,0,0 
280,ATL,220,31,7,3,17 
281,VAN,89,9,4,0,5 
282,TOT,809,98,29,12,97 
282,NJN,634,71,24,10,78 
282,DAL,175,27,5,2,19 
283,POR,458,85,2,26,46 
284,LAL,1941,445,46,147,180 
285,NYK,2873,535,111,21,305 
286,HOU,2852,543,117,173,249 
287,TOR,43,4,2,0,2 
288,UTA,1818,385,24,152,233 
289,LAC,2195,280,94,142,227 
290,PHI,634,50,24,0,44 
291,SAC,1995,258,62,25,187 
292,GSW,592,99,15,20,86 
293,TOT,1782,118,94,6,139 
293,NJN,1185,71,59,3,83 
293,DAL,597,47,35,3,56 
294,CHI,406,47,6,19,40 
295,MIN,961,112,41,48,150 
296,SEA,3213,272,197,13,208 
297,VAN,2291,193,105,17,168 
298,SAS,1918,387,32,102,184 
299,SEA,1976,226,69,49,134 
300,MIL,1595,100,98,3,117 
301,PHO,2326,224,86,20,102 
302,CLE,2375,182,113,21,174 
303,LAC,747,56,33,10,85 
304,TOT,1250,85,28,9,97 
304,DEN,600,36,14,5,49 
304,CHH,650,49,14,4,48 
305,MIA,273,40,8,9,30 
306,CHI,3095,371,154,45,213 
307,SAC,2893,500,46,80,298 
308,MIN,1568,145,54,11,104 
309,CLE,1238,112,26,34,216 
310,HOU,390,19,17,0,34 
311,GSW,1876,143,67,3,100 
312,BOS,874,167,23,48,76 
313,DET,1292,147,29,111,181 
314,ATL,1207,80,38,4,97 
315,VAN,2777,436,29,67,270 
316,TOT,1432,85,34,9,159 
316,NJN,1048,66,23,7,119 
316,DAL,384,19,11,2,40 
317,DET,462,65,16,15,105 
318,TOT,495,25,20,2,40 
318,MIL,83,4,0,0,5 
318,TOR,412,21,20,2,35 
319,CHH,3362,251,72,26,190 
320,LAC,1065,73,54,5,82 
321,SAC,3125,260,118,24,211 
322,POR,2563,210,45,19,199 
323,DAL,40,8,0,1,2 
324,LAC,378,67,8,23,57 
325,VAN,681,48,28,9,85 
326,POR,3077,231,99,66,251 
327,SAS,147,32,6,6,9 
328,MIL,3114,372,103,68,225 
329,MIN,1309,88,30,8,125 
330,TOT,508,41,24,2,60 
330,LAL,126,8,5,2,12 
330,PHO,87,6,1,0,8 
330,POR,295,27,18,0,40 
331,CHI,1947,563,32,19,172 
332,GSW,107,7,3,1,10 
333,TOR,1397,184,42,69,140 
334,LAC,2480,274,88,61,272 
335,VAN,1848,247,21,163,214 
336,LAL,735,107,17,38,123 
337,IND,1188,94,57,18,136 
338,CHH,525,94,28,17,114 
339,TOT,858,102,23,11,100 
339,ORL,29,0,0,0,3 
339,GSW,509,62,11,9,55 
339,CHH,320,40,12,2,42 
340,TOT,737,132,24,44,97 
340,GSW,5,0,0,0,0 
340,TOR,732,132,24,44,97 
341,UTA,2525,252,129,27,237 
342,POR,1762,433,63,84,203 
343,SAC,154,19,2,13,17 
344,TOT,69,7,3,0,11 
344,SAS,62,7,2,0,11 
344,DAL,7,0,1,0,0 
345,ORL,540,84,15,16,74 
346,SEA,29,2,0,0,5 
347,LAC,116,13,1,9,22 
348,SEA,2192,307,63,16,151 
349,IND,55,6,1,1,14 
350,LAL,1440,97,46,16,72 
351,ORL,2166,163,74,19,138 
352,MIA,32,5,2,0,5 
353,CLE,50,8,0,3,6 
354,LAC,2456,179,124,45,185 
355,ORL,2615,427,49,107,275 
356,ORL,1867,147,67,26,197 
357,SAC,521,74,8,13,63 
358,CHI,395,56,5,5,44 
359,TOR,406,55,9,6,34 
360,SAS,329,47,13,22,44 
361,GSW,3086,418,74,86,244 
362,TOT,765,40,19,0,30 
362,DET,64,5,1,0,2 
362,ORL,47,1,0,0,3 
362,DEN,654,34,18,0,25 
363,SAC,2526,512,82,60,251 
364,ATL,2818,148,62,23,173 
365,DAL,60,8,1,0,9 
366,CHH,1291,56,48,19,110 
367,IND,1518,256,22,59,175 
368,SEA,775,53,37,3,94 
369,SEA,5,0,1,0,0 
370,TOT,1558,259,34,50,275 
370,ORL,19,1,0,0,2 
370,GSW,1539,258,34,50,273 
371,GSW,3353,308,132,45,153 
372,PHI,3166,182,93,63,219 
373,NYK,2042,169,90,11,196 
374,CHI,12,3,1,1,1 
375,HOU,9,1,3,0,3 
376,SEA,982,96,31,23,108 
377,DEN,1788,143,60,20,119 
378,UTA,2896,183,166,15,194 
379,TOR,3311,244,123,13,162 
380,DAL,759,69,27,5,75 
381,MIA,153,21,4,10,17 
382,WSB,2997,240,143,14,166 
383,ORL,2004,345,47,20,196 
384,CLE,2269,232,90,33,218 
385,BOS,662,109,16,32,119 
386,TOR,218,29,6,11,35 
387,CLE,77,10,2,1,7 
388,MIA,374,76,12,9,67 
389,TOT,1055,78,55,2,126 
389,UTA,8,0,0,0,1 
389,DEN,1047,78,55,2,125 
390,TOT,140,27,3,6,33 
390,DEN,105,21,3,6,26 
390,IND,35,6,0,0,7 
391,DET,2661,396,59,17,298 
392,HOU,334,19,15,3,29 
393,PHO,778,85,8,21,111 
394,MIL,72,7,2,1,12 
395,POR,1918,272,48,35,186 
396,LAL,2937,182,75,10,110 
397,ORL,298,60,8,15,43 
398,LAC,2838,595,85,25,241 
399,MIN,766,111,10,67,121 
400,BOS,2970,453,105,53,271 
401,DAL,602,100,15,22,71 
402,WSB,197,33,8,11,27 
403,NYK,787,104,21,25,102 
404,POR,1892,297,48,59,198 
405,PHI,1041,86,28,3,75 
406,NYK,1763,175,83,15,188 
407,TOT,340,29,22,4,34 
407,UTA,129,14,11,2,16 
407,DAL,211,15,11,2,18 
408,PHI,2949,460,74,86,187 
409,WSB,2806,505,122,137,258 
410,CHI,783,83,10,11,132 
411,NJN,31,3,2,1,10 
412,BOS,2991,197,162,13,221 
413,MIN,1920,111,61,24,218 
414,CLE,959,117,11,55,142 
415,POR,22,3,0,0,5 
416,TOR,259,10,11,0,23 
417,WSB,1117,91,49,4,100 
418,SAS,1945,233,39,31,100 
419,ORL,2202,114,54,12,144 
420,TOT,563,81,16,29,72 
420,DEN,10,3,0,3,0 
420,VAN,553,78,16,26,72 
421,NYK,1496,231,40,38,204 
422,BOS,2435,203,72,13,213 
423,NYK,184,22,4,5,18 
424,PHO,2137,384,67,88,176 
425,NJN,1432,311,24,36,158 
426,DET,177,28,13,1,18 
427,WSB,264,41,6,8,49 
428,SAS,1345,108,55,52,161 
429,TOT,200,26,8,4,33 
429,IND,33,6,0,0,5 
429,NJN,167,20,8,4,28 
430,PHI,1317,242,44,41,206 
431,TOR,2647,264,97,62,282 
432,SAC,1992,187,60,49,263 
433,HOU,1964,415,42,32,216 
434,SEA,929,51,44,5,108 
435,POR,569,74,14,6,101 
436,MIL,525,80,14,11,105 
437,MIL,240,22,7,6,36 
438,IND,81,3,3,0,10 
439,LAC,1936,265,48,60,211 
440,TOR,1009,107,15,50,146 
441,TOT,376,51,5,3,61 
441,CHH,288,38,4,3,44 
