Rk,Tm,MP,DRB,STL,BLK,PF 
1,HOU,63,17,0,2,13 
2,DEN,2086,157,36,13,134 
3,UTA,30,2,0,0,4 
4,TOR,122,32,2,9,11 
5,OKC,173,35,8,16,22 
6,POR,1994,292,51,45,153 
7,PHI,624,124,13,18,73 
8,BOS,1565,128,49,8,83 
9,MEM,1525,135,104,33,142 
10,WAS,67,7,7,0,6 
11,NOH,1477,213,59,34,136 
12,IND,753,128,27,44,125 
13,DEN,486,100,19,46,52 
14,TOR,461,26,5,3,35 
15,SAS,603,63,8,2,35 
16,ORL,1964,247,50,26,146 
17,NYK,1876,256,62,24,156 
18,MIA,1349,150,36,84,126 
19,MEM,211,16,11,1,35 
20,NOH,1350,174,69,25,73 
21,CHI,971,223,30,68,121 
22,CHA,1408,85,36,1,65 
23,NOH,1088,179,53,46,118 
24,IND,106,21,3,2,16 
25,DAL,18,0,1,0,1 
26,POR,537,79,10,4,46 
27,NYK,115,20,4,3,14 
28,TOT,1382,95,56,7,135 
28,TOR,946,58,36,7,101 
28,IND,436,37,20,0,34 
29,MIN,1032,100,21,0,61 
30,TOR,1032,148,18,15,52 
31,LAL,1440,247,35,48,152 
32,GSW,9,0,0,0,5 
33,BOS,1868,270,34,54,135 
34,PHI,295,59,4,6,26 
35,MIA,1499,100,64,33,105 
36,POR,1791,190,57,60,105 
37,TOR,705,58,24,4,70 
38,MIN,1087,168,18,19,83 
39,DAL,1151,132,56,28,98 
40,NOH,1966,153,48,5,115 
41,UTA,796,43,13,2,78 
42,GSW,9,1,0,0,0 
43,NYK,557,54,21,3,45 
44,GSW,739,131,23,45,125 
45,LAC,607,46,9,3,40 
46,CHA,1455,255,20,115,145 
47,SAS,1363,197,59,12,168 
48,LAL,1237,76,39,2,75 
49,WAS,626,108,20,17,54 
50,LAC,464,43,31,14,58 
51,NJN,94,6,2,0,15 
52,MIL,364,78,12,24,36 
53,SAS,1326,185,15,21,68 
54,WAS,1261,206,48,43,138 
55,CHI,1948,450,63,24,168 
56,MIA,2007,358,51,45,128 
57,HOU,111,11,1,0,5 
58,PHI,88,10,0,1,6 
59,BOS,1368,81,43,12,109 
60,PHI,1732,284,58,97,176 
61,DEN,1287,107,72,17,113 
62,CHI,1635,159,72,21,64 
63,MIL,239,42,4,1,33 
64,NJN,1648,130,52,15,116 
65,CHA,1443,141,48,12,96 
66,GSW,187,41,8,0,21 
67,PHO,1400,119,44,15,66 
68,LAL,2232,247,69,18,105 
69,HOU,1298,179,29,7,65 
70,UTA,939,75,27,5,84 
71,LAC,1871,186,52,9,123 
72,CHI,359,33,11,5,20 
73,TOR,453,60,7,5,39 
74,SAS,37,5,2,0,2 
75,LAL,2112,517,27,116,104 
76,DET,514,46,23,3,61 
77,TOR,1799,141,47,3,94 
78,TOT,1352,373,50,85,126 
78,POR,894,249,33,56,88 
78,HOU,458,124,17,29,38 
79,DAL,277,30,8,2,38 
80,TOT,348,25,12,1,37 
80,DEN,21,3,0,0,1 
80,UTA,327,22,12,1,36 
81,CHA,596,50,16,7,52 
82,TOR,209,28,8,4,20 
83,DAL,1542,173,56,25,134 
84,CLE,1341,165,37,21,115 
85,MIA,1825,155,97,11,166 
86,NYK,2061,400,56,89,186 
87,DEN,215,35,6,6,18 
88,PHO,491,64,14,6,38 
89,ORL,559,89,12,32,72 
90,MIA,1260,70,44,2,124 
91,ATL,308,36,4,3,34 
92,IND,1878,157,49,14,101 
93,OKC,1307,155,33,28,153 
94,MEM,2174,134,136,11,133 
95,TOT,276,53,6,5,48 
95,LAC,121,19,2,4,26 
95,WAS,155,34,4,1,22 
96,OKC,989,110,22,11,69 
97,SAC,1950,438,93,75,257 
98,POR,1613,102,55,14,74 
99,WAS,1753,124,59,5,111 
100,MEM,1124,155,42,34,98 
101,MIA,83,8,0,2,17 
102,GSW,732,73,39,8,62 
103,HOU,1446,298,37,111,162 
104,ATL,83,15,1,4,9 
105,BOS,484,50,21,9,36 
106,NYK,595,43,34,3,61 
107,TOR,1534,304,40,63,156 
108,ORL,1427,224,43,19,106 
109,MEM,130,11,7,1,19 
110,SAS,39,5,1,2,6 
111,DET,603,77,22,21,62 
112,MIL,1537,188,79,10,99 
113,CHI,2129,273,56,36,81 
114,TOT,91,8,2,0,10 
114,SAS,19,1,1,0,2 
114,TOR,72,7,1,0,8 
115,TOR,2206,171,48,17,162 
116,TOT,1424,210,34,25,125 
116,CHA,1018,148,20,19,71 
116,SAS,406,62,14,6,54 
117,SAS,14,1,0,0,1 
118,CHA,325,52,6,13,36 
119,BOS,662,36,13,2,57 
120,NYK,656,56,29,1,55 
121,HOU,1752,115,85,10,166 
122,PHO,2020,206,49,19,107 
123,ORL,1226,88,35,9,71 
124,SAS,1634,410,38,88,98 
125,MIL,1445,175,28,8,87 
126,OKC,2546,487,88,77,133 
127,NOH,180,17,11,2,19 
128,LAL,396,28,11,6,26 
129,MIN,973,85,26,10,56 
130,TOT,2120,180,85,18,136 
130,GSW,1365,111,56,12,84 
130,MIL,755,69,29,6,52 
131,PHI,16,1,1,1,0 
132,NJN,45,4,2,1,2 
133,CLE,333,52,10,5,60 
134,UTA,217,31,6,24,23 
135,WAS,343,16,14,0,36 
136,LAC,771,171,31,6,118 
137,SAC,2162,225,84,29,136 
138,TOT,102,10,3,5,7 
138,CLE,83,9,3,4,7 
138,LAL,19,1,0,1,0 
139,DEN,1037,210,34,47,116 
140,NJN,831,54,24,2,49 
141,UTA,1376,267,38,65,145 
142,POR,1906,122,78,10,122 
143,DEN,710,56,31,3,37 
144,IND,17,7,2,0,2 
145,NYK,1894,219,79,17,99 
146,TOT,1508,109,51,4,117 
146,LAL,1101,82,40,3,85 
146,OKC,407,27,11,1,32 
147,TOT,416,31,6,2,23 
147,HOU,135,7,3,1,8 
147,POR,281,24,3,1,15 
148,NOH,39,5,0,1,5 
149,TOR,713,75,24,4,56 
150,SAS,191,15,9,2,23 
151,TOT,95,9,3,0,5 
151,LAC,46,4,0,0,3 
151,HOU,49,5,3,0,2 
152,IND,141,24,8,1,26 
153,LAC,1682,113,46,24,130 
154,SAC,1135,56,30,3,73 
155,PHO,1669,308,42,70,176 
156,NYK,13,4,1,1,4 
157,NJN,793,81,55,2,58 
158,DEN,1351,174,42,23,86 
159,SAC,798,88,36,37,73 
160,BOS,1864,428,56,61,141 
161,MEM,2370,459,62,121,201 
162,LAL,2430,495,37,88,127 
163,MEM,2422,287,95,55,138 
164,CLE,1827,221,83,17,149 
165,IND,1958,314,108,38,191 
166,CLE,916,90,26,16,69 
167,CHI,1284,197,27,81,131 
168,SAS,792,98,24,12,56 
169,TOT,252,44,4,20,32 
169,MIA,28,10,1,1,8 
169,GSW,224,34,3,19,24 
170,LAC,425,47,16,0,34 
171,MIL,1469,233,46,34,112 
172,DET,1398,107,34,11,114 
173,NOH,310,23,13,4,20 
174,PHO,2114,474,48,99,142 
175,LAL,419,26,4,0,32 
176,IND,2062,228,62,40,144 
177,TOR,813,198,22,17,127 
178,SAS,1522,174,58,46,107 
179,NJN,781,93,28,17,80 
180,ATL,922,65,23,6,74 
181,SAC,777,114,18,29,67 
182,LAC,2392,499,54,48,216 
183,MEM,206,43,1,26,43 
184,DEN,258,51,4,3,15 
185,CHI,697,46,12,1,56 
186,IND,1442,177,54,9,159 
187,CLE,231,33,6,3,17 
188,OKC,1946,222,62,15,150 
189,ORL,84,9,2,3,5 
190,NYK,540,97,23,20,48 
191,DEN,1761,318,58,12,181 
192,UTA,1741,100,64,13,136 
193,CLE,456,59,13,6,28 
194,MIA,318,33,9,2,34 
195,MIL,479,71,13,7,45 
196,MIA,1589,353,35,24,142 
197,PHI,920,192,16,48,100 
198,SAC,1039,162,36,17,111 
199,UTA,2015,171,53,41,106 
200,OKC,141,14,3,1,18 
201,DAL,1146,185,24,54,121 
202,CHA,1831,161,49,20,128 
203,NOH,759,82,26,8,59 
204,IND,1937,359,32,128,195 
205,TOT,1244,202,30,35,85 
205,SAC,644,110,18,17,44 
205,POR,600,92,12,18,41 
206,CHA,423,28,5,6,40 
207,TOT,1110,228,42,38,95 
207,DEN,826,165,36,25,69 
207,WAS,284,63,6,13,26 
208,IND,1274,120,42,17,98 
209,PHO,1378,142,41,29,88 
210,TOT,551,125,14,27,71 
210,HOU,469,108,9,21,60 
210,LAL,82,17,5,6,11 
211,ATL,1237,90,38,11,100 
212,MIL,39,3,0,0,1 
213,PHI,2196,155,103,18,137 
214,TOT,522,48,5,17,78 
214,CLE,362,31,4,12,55 
214,BOS,160,17,1,5,23 
215,SAC,88,11,4,3,3 
216,ATL,348,51,10,14,21 
217,NJN,22,3,0,0,1 
218,ORL,2070,585,81,116,159 
219,UTA,991,119,32,10,91 
220,MIA,190,29,4,1,18 
221,TOT,334,39,14,3,26 
221,CLE,314,39,14,3,26 
221,MEM,20,0,0,0,0 
222,ORL,114,4,2,0,10 
223,NJN,2162,448,50,74,173 
224,OKC,1792,305,33,241,179 
225,PHI,2209,325,107,30,92 
226,MIL,1655,333,42,44,133 
227,CLE,1558,147,54,20,110 
228,OKC,354,23,14,0,36 
229,NOH,1530,153,31,9,93 
230,OKC,501,39,25,1,31 
231,TOT,1212,141,54,13,99 
231,MIL,712,66,26,6,61 
231,SAS,500,75,28,7,38 
232,NJN,170,26,7,7,17 
233,MIA,2326,398,115,50,96 
234,CHI,120,8,4,2,20 
235,CLE,2151,285,51,43,164 
236,UTA,2075,452,47,101,155 
237,TOT,1748,193,37,19,121 
237,SAS,1168,125,25,12,83 
237,GSW,580,68,12,7,38 
238,NYK,729,83,29,25,89 
239,GSW,893,60,33,6,85 
240,MIL,2331,177,104,22,114 
241,DET,1468,212,41,21,162 
242,DAL,203,37,7,8,23 
243,TOR,1553,259,33,69,209 
244,TOT,124,12,5,0,9 
244,POR,5,1,1,0,0 
244,NJN,119,11,4,0,9 
245,NOH,119,8,8,0,11 
246,TOT,175,25,6,9,33 
246,POR,93,10,1,8,20 
246,NOH,82,15,5,1,13 
247,ATL,934,161,43,18,116 
248,BOS,298,38,5,14,25 
249,TOR,1561,218,71,84,177 
250,ATL,2127,168,48,13,75 
251,NOH,61,9,1,0,10 
252,MIN,1469,153,35,48,115 
253,IND,1052,94,23,11,119 
254,DAL,268,35,10,5,28 
255,MIA,666,43,17,9,45 
256,TOT,292,26,9,11,43 
256,LAC,96,6,4,5,12 
256,NOH,196,20,5,6,31 
257,LAC,1798,344,30,134,189 
258,NYK,108,13,1,6,15 
259,SAS,266,20,7,3,16 
260,NOH,1372,275,25,77,106 
261,UTA,874,171,18,23,87 
262,LAL,269,12,3,0,21 
263,CLE,59,6,2,0,7 
264,DAL,1379,183,82,10,83 
265,TOR,1057,157,23,4,119 
266,DET,2129,178,49,10,154 
267,CHI,1469,133,36,15,110 
268,DEN,792,163,24,41,96 
269,NOH,999,136,13,12,89 
270,DEN,2124,173,82,6,94 
271,HOU,1757,133,68,22,106 
272,GSW,2121,374,54,22,179 
273,MIN,243,17,8,4,22 
274,SAS,1534,223,85,24,88 
275,LAC,45,3,2,2,4 
276,MIL,555,75,14,17,67 
277,WAS,729,75,23,10,49 
278,ORL,115,9,6,0,6 
279,NYK,940,89,55,9,78 
280,MIL,1092,84,27,20,79 
281,NJN,136,10,1,4,8 
282,PHO,895,119,18,60,128 
283,MIN,2145,508,47,28,152 
284,HOU,1510,176,73,14,133 
285,CHI,726,54,19,1,42 
286,WAS,779,80,28,2,50 
287,DET,135,20,4,4,9 
288,CHA,881,104,23,1,83 
289,TOR,374,88,4,10,66 
290,DAL,1139,181,38,31,176 
291,DAL,1919,320,67,36,87 
292,WAS,391,46,11,2,35 
293,LAC,940,132,44,43,103 
294,HOU,1264,93,28,3,70 
295,WAS,697,62,13,5,33 
296,POR,2228,168,96,15,148 
297,DET,1466,207,32,50,151 
298,OKC,137,10,5,0,13 
299,MEM,1771,180,71,23,137 
300,MIL,1009,150,40,22,93 
301,TOT,1535,314,35,132,166 
301,WAS,1124,235,25,101,118 
301,DEN,411,79,10,31,48 
302,ATL,837,131,16,15,35 
303,GSW,1127,173,44,36,104 
304,LAL,718,110,15,18,74 
305,PHI,1644,144,40,3,82 
306,UTA,1145,89,46,18,122 
307,MIN,472,62,9,25,59 
308,DEN,1809,168,63,9,133 
309,MIN,146,15,4,2,10 
310,MIA,752,106,14,6,58 
311,SAS,261,24,10,1,14 
312,UTA,2100,383,118,52,222 
313,OKC,692,111,20,37,101 
314,DET,2082,398,83,46,180 
315,CHA,123,20,1,5,5 
316,BOS,331,29,11,3,33 
317,GSW,118,15,3,3,24 
318,LAL,169,14,2,0,16 
319,HOU,126,11,2,2,12 
320,PHO,1227,210,41,42,179 
321,NJN,1636,96,46,9,86 
322,DEN,687,126,15,42,86 
323,CHA,1465,231,21,52,137 
324,LAL,956,151,15,16,98 
325,WAS,3,0,0,0,0 
326,CHA,270,39,19,4,40 
327,PHO,1961,160,38,8,53 
328,SAS,1206,106,27,2,75 
329,ORL,1706,152,38,5,130 
330,CHI,1945,387,41,92,162 
331,PHI,56,13,1,1,4 
332,NYK,1020,95,16,9,59 
333,DAL,2079,372,42,30,129 
334,BOS,570,98,8,43,80 
335,DAL,1027,172,20,18,97 
336,NOH,781,143,16,26,73 
337,NJN,454,59,9,5,45 
338,ORL,187,20,8,9,30 
339,SAC,500,42,19,21,34 
340,NJN,75,11,0,1,10 
341,ATL,1640,303,55,29,172 
342,ATL,671,64,20,2,64 
343,MEM,424,25,15,0,46 
344,CLE,1280,128,38,7,65 
345,SAS,1923,149,57,5,75 
346,HOU,1804,210,73,29,142 
347,HOU,1483,174,27,36,113 
348,LAC,2181,171,152,4,138 
349,BOS,527,68,20,15,54 
350,MIN,1264,165,29,31,98 
351,OKC,1744,306,25,73,189 
352,NJN,920,156,21,23,122 
353,BOS,2075,280,70,26,147 
354,BOS,921,112,21,10,81 
355,MIA,301,44,8,8,73 
356,MEM,1002,71,27,5,90 
357,IND,568,48,20,2,30 
358,PHO,517,38,34,3,72 
359,DET,2087,209,27,32,77 
360,POR,449,109,4,16,66 
361,ATL,755,109,21,15,62 
362,MIN,517,81,13,35,56 
363,MEM,735,147,21,4,57 
364,PHO,770,63,13,0,29 
365,ORL,1765,132,27,6,92 
366,OKC,17,1,0,0,1 
367,ORL,1591,158,53,22,91 
368,ORL,866,108,28,6,74 
369,MIN,1750,122,56,16,136 
370,GSW,1192,85,59,2,118 
371,BOS,1957,195,95,3,99 
372,CHI,1375,105,35,28,52 
373,MIN,1404,150,91,8,97 
374,GSW,1717,218,35,58,64 
375,DET,357,19,18,1,29 
376,SAC,1250,114,37,7,77 
377,CLE,825,117,20,20,113 
378,MIL,643,98,32,76,133 
379,CHI,122,13,5,6,9 
380,HOU,2067,306,35,24,214 
381,OKC,914,107,37,17,78 
382,MEM,237,13,7,0,17 
383,WAS,1176,177,19,76,133 
384,TOT,1707,181,44,3,100 
384,CLE,1006,108,27,1,63 
384,LAL,701,73,17,2,37 
385,NYK,1705,144,101,8,173 
386,PHI,39,2,0,0,5 
387,LAC,418,38,15,3,41 
388,WAS,1431,190,70,30,176 
389,WAS,262,56,9,8,27 
390,MEM,4,0,0,0,1 
391,TOT,669,49,13,3,37 
391,ATL,20,4,1,0,3 
391,NOH,41,1,2,0,2 
391,CLE,608,44,10,3,32 
392,POR,464,77,16,5,55 
393,HOU,69,15,2,5,17 
394,TOT,234,28,15,2,15 
394,GSW,63,7,4,0,4 
394,ORL,171,21,11,2,11 
395,NYK,967,107,54,6,87 
396,NOH,947,124,21,41,102 
397,NJN,46,5,5,0,5 
398,ATL,2329,496,93,115,172 
399,POR,541,39,18,3,55 
400,MEM,1345,241,21,29,147 
401,SAS,1121,213,21,47,134 
402,ATL,273,17,10,3,12 
403,IND,442,41,21,5,30 
404,NJN,960,94,19,4,59 
405,BOS,766,129,37,85,144 
406,DEN,179,20,8,6,18 
407,NYK,1543,261,38,45,138 
408,DET,1644,104,44,10,124 
409,NOH,209,15,7,0,31 
410,ATL,2183,138,106,37,145 
411,PHO,895,71,41,12,120 
412,DAL,2000,133,73,11,69 
413,TOT,139,26,1,10,20 
413,HOU,23,6,0,2,5 
413,POR,116,20,1,8,15 
414,SAC,1656,120,53,8,121 
415,POR,803,149,24,31,123 
416,NOH,630,77,10,7,78 
417,SAS,15,2,1,1,0 
418,CHA,1013,151,36,60,144 
419,LAC,119,20,3,3,10 
420,SAC,1657,277,43,44,149 
421,GSW,1608,137,49,20,155 
422,CLE,95,5,2,1,8 
423,CLE,1424,202,27,62,134 
424,SAC,1780,104,71,12,111 
425,UTA,507,39,17,8,47 
426,MIN,882,103,18,19,86 
427,TOT,279,50,14,17,39 
427,WAS,58,11,6,3,7 
427,MIA,221,39,8,14,32 
428,ORL,1653,175,45,17,139 
429,PHI,1713,349,40,20,117 
430,GSW,568,86,16,20,84 
431,WAS,52,8,1,1,1 
432,TOT,1290,154,40,102,174 
432,GSW,827,89,25,65,115 
432,MIL,463,65,15,37,59 
433,MIL,1080,76,37,1,69 
434,TOT,370,48,17,3,31 
434,CLE,13,2,1,0,1 
434,TOR,357,46,16,3,30 
435,CLE,785,178,35,17,62 
436,NOH,1706,150,60,8,126 
437,WAS,1078,148,39,32,156 
438,DET,180,39,7,5,25 
439,PHI,812,158,20,34,111 
440,MIA,1625,164,82,63,110 
441,ORL,469,39,10,3,26 
442,NYK,620,71,19,7,84 
443,CHA,1792,204,60,20,79 
444,WAS,2386,252,95,57,137 
445,DET,980,188,47,51,60 
446,TOT,2076,299,85,36,145 
446,POR,1503,214,62,25,107 
446,NJN,573,85,23,11,38 
447,TOT,364,36,5,1,41 
447,LAL,65,8,2,0,9 
447,CLE,299,28,3,1,32 
448,PHO,503,61,8,3,35 
449,NOH,98,19,5,4,14 
450,CHI,1159,84,45,8,103 
451,UTA,1033,91,54,22,105 
452,MIN,1140,126,31,17,86 
453,IND,1925,315,52,46,160 
454,DAL,1060,88,58,11,67 
455,OKC,2331,205,112,21,147 
456,CHA,1098,159,17,23,94 
457,SAC,109,23,3,15,12 
458,BOS,481,84,11,9,64 
459,DET,922,78,29,13,85 
460,NJN,1999,160,67,20,121 
461,MIN,1418,234,30,31,95 
462,POR,149,12,6,3,18 
463,NJN,635,90,21,15,61 
464,PHI,1682,125,53,18,90 
465,ATL,1500,218,47,18,84 
466,LAC,1472,76,51,7,103 
467,CHA,747,66,20,3,34 
468,TOT,107,12,4,8,18 
468,DAL,65,4,1,5,14 
468,BOS,42,8,3,3,4 
469,NJN,514,48,10,11,44 
470,NJN,1276,209,47,39,149 
471,TOT,550,89,20,7,35 
471,HOU,181,26,4,1,16 
471,SAC,369,63,16,6,19 
472,LAL,1720,147,69,27,137 
473,DAL,791,112,22,63,61 
474,GSW,186,26,7,13,22 
475,GSW,1650,218,58,26,97 
476,TOT,1729,102,44,17,141 
476,WAS,1211,77,30,11,90 
476,LAC,518,25,14,6,51 
477,TOT,375,42,17,6,23 
477,MEM,240,27,11,2,12 
477,PHI,135,15,6,4,11 
