91 4268
1 2
2 3
3 4
4 5
5 6
6 7
7 8
8 9
9 10
10 11
11 12
12 13
13 14
14 15
15 16
16 17
17 18
18 19
19 20
20 21
21 22
22 23
23 24
24 25
25 26
26 27
27 28
28 29
29 30
30 31
31 32
32 33
33 34
34 35
35 36
36 37
37 38
38 39
39 40
40 41
41 42
42 43
43 44
44 45
45 46
46 47
47 48
48 49
49 50
50 51
51 52
52 53
53 54
54 55
55 56
56 57
57 58
58 59
59 60
60 61
61 62
62 63
63 64
64 65
65 66
66 67
67 68
68 69
69 70
70 71
71 72
72 73
73 74
74 75
75 76
76 77
77 78
78 79
79 80
80 81
81 82
82 83
83 84
84 85
85 86
86 87
87 88
88 89
89 90
90 91
91 1
1 26
1 25
1 23
2 77
2 82
2 74
2 80
2 76
2 79
3 82
3 81
3 86
3 87
4 36
5 65
5 50
5 66
5 63
5 55
5 60
5 43
5 61
5 59
5 62
5 64
5 46
5 48
5 73
5 42
5 51
5 39
5 57
5 74
5 69
5 68
5 52
5 40
5 41
5 67
5 54
5 71
6 83
7 29
7 31
7 23
7 28
7 26
7 32
7 30
8 15
8 12
8 16
8 14
8 5
8 13
8 6
9 17
10 87
10 91
10 88
13 62
13 45
13 46
13 49
13 54
13 56
13 63
13 64
13 58
13 47
13 50
13 55
13 57
14 28
14 38
14 31
14 17
14 41
14 35
14 39
14 33
14 26
14 22
14 37
14 13
14 23
14 30
14 11
14 24
14 34
14 42
14 25
15 46
15 58
15 67
15 51
15 48
15 49
15 61
15 55
15 50
15 43
15 52
15 65
15 41
15 62
15 60
15 53
15 42
15 57
15 45
15 63
16 77
16 76
16 74
16 83
16 73
16 85
16 78
16 89
16 87
16 79
17 65
17 60
17 66
17 61
17 68
17 62
17 58
17 64
17 69
18 65
18 50
18 54
18 75
18 47
18 72
18 64
18 73
18 78
18 48
18 59
18 55
18 57
18 67
18 56
18 49
18 58
18 79
18 81
18 62
18 74
18 71
18 69
19 12
19 7
19 10
19 8
19 13
19 18
19 15
19 22
19 23
19 16
19 6
20 29
20 12
20 19
20 17
20 16
20 30
20 23
20 22
20 25
20 15
20 27
20 26
21 52
21 56
21 50
21 48
21 51
21 45
21 55
21 54
22 73
22 72
23 59
24 73
24 72
24 69
24 68
24 76
24 74
24 65
24 75
24 79
24 82
24 67
24 78
25 47
25 59
25 62
25 58
25 72
25 70
25 51
25 53
25 50
25 68
25 55
25 61
25 60
25 48
25 64
25 67
25 46
25 69
26 30
26 28
27 71
27 74
27 77
27 76
28 6
28 9
28 8
29 74
31 71
31 63
31 60
31 59
31 51
31 73
31 67
31 62
31 57
31 70
31 69
31 72
31 54
31 61
31 56
31 58
32 31
33 45
33 50
33 55
33 58
33 41
33 48
33 60
33 67
33 51
33 66
33 42
33 62
33 40
33 59
33 68
33 57
33 43
33 64
34 83
34 85
34 86
34 88
35 30
35 18
35 20
35 21
35 25
35 17
35 27
35 24
35 22
35 31
35 28
35 29
36 54
36 56
36 72
36 59
36 71
36 60
36 64
36 73
36 57
36 67
36 68
36 61
36 63
37 8
38 78
38 82
38 85
38 86
38 87
38 84
38 74
38 88
38 80
38 77
38 89
38 83
39 29
39 56
39 28
39 25
39 58
39 43
39 36
39 38
39 60
39 47
39 53
39 34
39 59
39 42
39 35
39 33
39 55
39 30
39 22
39 26
39 57
39 31
39 41
39 61
40 47
40 46
40 43
40 50
40 44
40 51
40 55
40 53
40 52
41 83
41 78
41 84
41 79
41 82
41 81
42 51
42 57
42 58
42 49
42 56
42 53
42 55
43 85
44 41
44 38
44 39
44 53
44 40
44 31
44 49
44 51
44 54
44 37
44 48
44 35
44 33
44 32
44 56
44 55
44 34
44 57
45 70
45 77
45 64
45 63
45 76
45 79
45 72
45 73
45 78
45 62
45 59
45 71
45 80
46 23
46 48
46 49
46 43
46 31
46 56
46 21
46 35
46 50
46 38
46 53
46 26
46 39
46 22
46 20
46 55
46 41
46 40
46 32
46 37
46 54
47 62
47 66
47 59
47 68
47 67
47 49
47 69
47 50
47 52
47 60
47 64
47 71
47 73
47 72
47 63
47 57
48 25
48 27
49 73
49 65
49 66
49 59
49 81
49 83
49 63
49 68
49 76
49 61
49 70
49 82
49 77
49 78
49 69
49 60
49 71
50 74
50 75
50 81
50 78
50 82
51 14
51 10
51 9
51 11
51 8
51 16
52 67
52 55
52 57
52 64
52 61
52 48
52 45
52 62
52 44
52 70
52 40
52 74
52 72
52 58
52 50
52 49
52 51
52 56
52 59
52 60
52 63
53 47
54 76
54 80
54 77
55 18
55 12
55 14
55 11
55 17
56 21
56 5
56 16
56 26
56 17
56 19
56 25
56 8
56 12
56 15
56 20
56 24
56 14
57 67
57 68
57 74
57 63
57 70
57 69
57 65
57 64
58 67
58 72
58 63
58 68
58 71
58 62
59 27
59 35
59 33
59 26
59 32
59 41
59 21
59 43
59 25
59 28
59 22
59 38
59 11
59 15
59 13
59 39
59 14
59 23
59 19
59 42
59 37
59 10
59 40
59 24
59 12
60 57
60 63
60 53
60 62
60 55
60 59
60 54
60 58
61 64
61 68
61 67
61 70
61 69
62 23
62 25
62 24
62 12
62 17
62 21
62 13
62 19
63 87
63 82
63 83
63 86
63 81
64 90
66 56
67 90
67 79
67 87
67 89
67 85
67 81
67 78
67 76
67 88
67 77
67 86
67 84
68 74
68 70
68 64
68 65
68 72
68 48
68 49
68 59
68 75
68 46
68 51
68 60
68 61
68 45
68 54
68 66
68 73
68 71
68 58
68 76
68 57
68 62
70 44
70 37
70 27
70 29
70 43
70 42
70 35
70 31
70 38
70 28
70 36
71 87
71 90
71 89
71 86
71 85
73 86
73 90
73 89
74 40
74 55
74 54
74 56
74 52
74 34
74 50
74 42
74 45
74 35
74 37
74 62
74 27
74 60
74 29
74 33
74 38
74 30
74 41
74 44
74 26
74 58
74 28
74 53
77 32
78 56
78 37
78 42
78 59
78 53
78 47
78 41
78 45
78 51
78 38
78 58
78 49
78 43
78 44
78 55
78 54
79 43
80 34
80 36
80 27
80 20
80 35
80 30
80 32
80 24
80 31
80 23
80 33
81 27
81 65
81 74
81 80
81 75
81 25
81 24
81 79
81 72
81 50
81 77
81 56
81 62
81 30
81 37
81 43
81 39
81 45
81 38
81 55
81 67
81 33
81 36
81 68
81 53
81 48
81 59
81 57
81 66
81 73
81 71
81 61
81 35
81 52
81 26
81 69
81 47
82 10
82 5
82 15
82 9
82 12
82 3
82 16
82 13
82 1
82 8
83 56
83 61
83 58
83 60
83 57
84 58
84 57
84 54
84 55
84 53
85 49
85 29
85 30
85 81
85 63
85 59
85 46
85 39
85 67
85 70
85 78
85 87
85 36
85 66
85 71
85 76
85 35
85 50
85 75
85 73
85 89
85 48
85 42
85 79
85 53
85 31
85 64
85 62
85 56
85 74
85 55
85 45
85 80
85 88
85 34
85 90
86 66
86 71
86 70
86 65
86 63
86 68
86 62
87 64
89 60
89 57
89 56
89 55
89 58
89 53
91 18
91 16
91 17
1 73
1 68
1 62
1 84
1 78
1 72
1 83
1 75
1 69
1 86
1 87
1 70
1 74
1 65
1 79
1 60
2 31
2 17
2 14
2 10
2 6
2 13
2 27
2 4
2 32
2 19
2 30
2 7
2 18
2 16
2 5
2 25
2 28
3 46
3 59
3 57
3 66
3 61
3 62
3 53
3 50
3 44
3 67
3 63
3 51
3 49
3 54
3 60
4 50
4 43
4 49
4 48
4 46
4 47
4 45
5 81
5 77
5 70
5 84
5 78
5 82
5 72
5 79
5 75
5 80
6 66
6 57
6 50
6 84
6 53
6 59
6 85
6 73
6 78
6 74
6 65
6 52
6 62
6 69
6 49
6 55
6 48
6 75
6 79
6 82
6 81
6 64
6 72
6 76
6 68
6 60
6 46
6 80
7 87
7 83
7 89
7 84
7 85
7 81
7 88
7 79
8 69
8 68
8 67
9 76
9 52
9 51
9 79
9 63
9 70
9 64
9 55
9 72
9 77
9 78
9 73
9 75
9 61
9 66
9 74
9 62
9 69
9 60
10 82
10 84
11 40
11 39
11 42
11 43
12 45
12 46
12 38
12 47
12 39
12 34
12 37
12 35
12 44
12 42
14 54
14 57
14 58
14 60
14 40
14 51
14 62
14 55
14 63
14 43
14 50
14 64
14 47
14 61
14 48
15 85
15 82
15 79
15 84
15 89
15 81
15 87
15 86
16 80
16 81
16 86
16 84
16 90
17 45
17 56
17 47
17 55
17 46
17 52
17 43
17 50
17 51
17 44
17 53
18 38
18 36
18 37
18 35
19 69
19 77
19 84
19 72
19 66
19 63
19 60
19 61
19 67
19 86
19 70
19 68
19 85
19 74
19 83
20 62
20 65
20 61
20 69
20 68
20 67
21 60
21 62
21 64
23 38
23 31
23 34
23 27
23 35
23 30
23 40
23 22
23 36
23 17
23 26
23 20
23 29
23 39
24 64
24 63
24 77
24 66
24 58
24 70
24 71
24 62
24 59
25 7
25 8
25 9
26 77
26 73
26 75
26 82
26 86
26 70
26 66
26 84
26 71
26 69
26 74
26 87
26 83
27 26
27 18
27 23
27 25
27 34
27 29
27 14
27 21
27 17
27 31
27 30
27 22
27 37
27 19
27 12
27 15
29 68
29 65
29 66
29 71
29 67
30 74
30 69
30 68
30 77
30 72
30 76
30 75
30 80
31 44
31 41
31 38
31 43
31 42
31 48
31 40
31 68
31 46
31 65
32 61
32 81
32 67
32 65
32 84
32 79
32 77
32 69
32 75
32 70
32 64
32 74
32 63
32 85
32 83
32 66
32 73
33 47
33 36
33 53
33 37
33 54
33 49
33 52
33 46
33 38
34 31
34 28
34 33
34 16
34 25
34 9
34 27
34 17
34 26
34 21
34 32
34 8
34 36
34 40
34 30
34 13
34 18
34 11
34 23
36 17
36 16
36 14
36 19
37 73
37 59
37 85
37 58
37 83
37 70
37 68
37 77
37 65
37 66
37 53
37 63
37 61
37 76
37 84
37 57
37 69
37 62
37 79
37 47
37 75
37 74
37 48
37 52
38 53
38 60
38 71
38 52
38 72
38 59
38 61
38 75
38 63
38 56
38 58
38 55
38 73
38 54
38 67
38 69
39 27
39 10
39 44
39 13
39 16
39 37
39 14
39 11
39 23
39 24
39 19
39 18
39 12
40 74
41 29
41 23
41 19
41 15
41 24
41 25
41 20
41 27
41 26
41 18
42 31
42 34
42 24
42 26
42 32
42 27
42 28
42 22
42 39
42 41
42 19
42 36
42 17
42 30
42 37
42 38
43 75
43 61
43 55
43 72
43 64
43 71
43 54
43 59
43 78
43 53
43 79
43 57
43 52
43 69
43 67
43 58
43 49
43 65
43 50
43 62
43 66
43 68
45 53
45 51
45 55
45 56
45 52
45 50
46 87
46 90
46 89
46 76
46 88
46 83
46 79
46 80
46 73
46 77
46 70
46 75
46 69
46 84
47 74
47 83
47 85
47 84
47 77
47 65
47 80
47 76
47 78
47 75
47 70
47 61
47 81
48 69
48 74
48 70
48 66
48 73
49 31
49 30
50 31
50 35
50 18
50 29
50 26
50 40
50 37
50 16
50 47
50 23
50 33
50 42
50 25
50 44
50 24
50 22
50 20
50 45
50 21
50 28
50 30
53 33
54 67
54 73
54 79
54 57
54 74
54 68
54 81
54 69
54 78
54 71
54 72
54 66
54 58
54 75
54 62
54 63
55 61
56 35
56 53
56 66
56 59
56 60
56 39
56 54
56 71
56 29
56 65
56 42
56 43
56 78
56 18
56 80
56 58
56 47
56 77
56 69
56 61
56 51
56 74
56 48
56 49
56 32
56 34
56 64
56 38
56 73
56 52
56 23
56 76
57 31
57 30
57 41
57 50
57 42
57 47
57 48
57 35
57 45
57 49
57 37
57 46
57 43
58 86
59 31
59 34
59 29
61 55
61 51
61 54
61 43
61 41
61 31
61 71
61 44
61 45
61 72
61 39
61 36
61 29
61 77
61 58
61 60
61 76
61 53
61 27
61 66
61 35
61 48
61 25
61 73
61 28
61 57
61 52
61 34
61 63
62 53
62 75
62 48
62 77
62 56
62 65
62 55
62 51
62 54
62 66
62 73
62 61
62 58
62 50
62 76
62 59
62 74
62 69
63 35
63 29
63 25
63 27
63 23
63 30
63 31
63 28
63 33
63 32
63 22
64 7
64 10
64 6
65 19
65 37
65 38
65 23
65 60
65 61
65 46
65 52
65 55
65 35
65 53
65 21
65 16
65 31
65 39
65 45
65 56
65 44
65 24
65 57
65 25
65 26
65 43
65 51
65 32
65 47
65 59
65 40
67 23
68 63
68 25
68 52
68 44
68 55
68 56
68 27
68 37
68 41
68 26
68 33
68 28
68 50
68 29
68 31
68 47
69 90
69 86
69 85
69 87
69 83
70 14
70 15
71 76
71 77
71 74
71 81
71 75
71 79
72 75
72 70
72 68
72 79
72 76
72 77
72 81
73 47
73 40
73 44
73 42
73 41
73 51
73 45
73 48
73 33
73 32
73 31
73 53
73 39
73 36
73 52
73 38
73 43
73 46
74 4
74 6
76 39
76 49
76 34
76 58
76 33
76 44
76 45
76 41
76 48
76 59
76 40
76 57
76 46
76 53
76 50
76 55
76 32
76 38
76 35
76 52
76 51
77 69
77 70
78 39
78 48
78 83
78 64
78 33
78 76
78 73
78 74
78 68
78 72
78 62
78 71
78 81
78 82
78 69
78 40
78 66
78 67
78 61
78 46
78 60
78 36
78 85
79 64
79 47
79 68
79 63
79 70
79 60
79 45
79 59
79 54
79 46
79 44
79 57
79 53
79 62
79 56
79 58
80 47
80 82
80 59
80 85
80 41
80 58
80 66
80 70
80 45
80 44
80 55
80 61
80 51
80 50
80 62
80 43
80 69
80 40
80 68
80 73
80 74
80 46
80 49
80 53
80 83
80 79
80 57
80 64
80 52
80 75
80 48
81 58
82 72
82 63
82 66
82 68
82 74
82 59
82 64
82 79
82 73
82 58
82 75
82 80
82 70
84 60
84 59
84 45
84 44
84 74
84 67
84 34
84 43
84 38
84 75
84 36
84 72
84 63
84 52
84 81
84 78
84 66
84 82
84 65
84 56
84 61
84 39
84 46
84 37
84 68
84 69
84 64
84 83
84 62
84 42
84 76
85 83
85 77
85 69
85 82
86 51
86 44
86 45
86 52
86 47
86 48
86 53
87 32
87 34
88 18
88 32
88 15
88 20
88 29
88 24
88 25
88 33
88 27
88 19
88 23
88 30
89 12
89 13
89 15
89 16
90 89
91 33
1 52
1 49
1 51
1 47
1 50
1 45
1 44
2 68
3 48
4 58
4 59
4 62
4 64
4 61
5 47
5 58
5 45
5 49
5 53
5 44
6 54
6 51
7 9
7 22
7 6
7 10
7 19
7 24
7 17
7 11
7 3
7 4
7 14
7 15
7 13
7 16
8 56
8 58
8 66
8 55
8 70
8 61
8 65
8 57
8 64
9 71
9 68
9 56
9 57
9 54
9 53
9 67
9 65
10 76
10 24
10 74
10 41
10 73
10 30
10 58
10 33
10 54
10 27
10 53
10 72
10 77
10 29
10 28
10 15
10 70
10 8
10 25
10 49
10 22
10 19
10 17
10 59
10 75
10 43
10 5
10 56
10 48
10 38
10 34
10 61
10 6
10 26
10 37
10 66
10 62
10 7
10 21
10 13
10 32
10 42
10 60
10 46
10 71
11 61
11 59
11 58
12 16
12 9
12 7
12 23
12 26
12 20
12 14
12 24
12 18
12 11
12 3
12 22
12 8
13 37
13 24
13 19
13 22
13 36
13 31
13 17
13 27
13 21
13 20
13 16
13 28
13 35
13 29
14 65
14 73
14 76
14 68
14 69
14 75
14 70
14 78
15 68
16 58
16 52
16 68
16 62
16 69
16 70
16 63
16 64
16 65
16 71
16 54
16 55
16 72
17 59
17 67
17 48
17 54
17 57
18 24
18 29
18 28
18 12
18 21
18 23
18 44
18 32
18 11
18 34
18 15
18 33
18 42
18 16
18 22
18 13
19 80
19 73
19 78
19 76
19 81
19 90
19 82
19 87
19 75
19 88
19 71
20 18
21 11
21 14
21 8
21 12
21 13
22 40
22 20
22 27
22 17
22 32
22 39
22 42
22 29
22 34
22 26
22 30
22 41
22 37
22 36
23 18
23 21
24 19
24 17
25 87
25 86
25 91
25 88
25 89
25 83
26 76
27 72
27 73
28 11
28 27
28 36
28 7
28 15
28 12
28 19
28 3
28 26
28 32
28 2
28 18
28 21
28 34
28 30
28 20
28 37
28 38
28 22
28 31
28 23
28 10
29 53
29 70
29 76
29 58
29 73
29 54
29 75
29 63
29 52
29 64
29 77
29 57
29 51
29 61
29 50
29 55
30 64
30 79
30 84
30 67
30 66
30 85
30 63
30 83
30 86
31 52
31 45
31 53
31 55
31 39
32 50
32 55
32 45
32 53
32 59
32 48
32 52
32 47
32 58
32 54
32 43
34 46
34 60
34 57
34 44
34 55
34 38
34 42
34 61
34 59
34 49
34 52
34 39
34 48
34 47
34 56
34 45
34 62
35 68
35 65
35 63
35 66
35 61
35 67
36 69
36 49
36 44
36 55
36 40
36 15
36 76
36 62
36 53
36 50
36 23
36 47
36 43
36 65
36 45
36 38
36 41
36 13
36 31
36 35
36 74
36 66
36 75
36 34
36 12
36 30
36 39
36 26
36 18
36 52
36 27
36 20
36 22
37 67
37 36
37 56
37 34
37 28
37 50
37 41
37 51
37 27
37 22
37 71
37 46
37 26
37 30
37 54
37 45
37 44
37 25
37 40
38 90
39 86
39 83
39 85
40 71
40 73
41 70
41 73
41 69
41 68
41 64
41 71
41 76
41 77
41 65
41 72
41 63
41 75
42 60
42 63
42 54
42 67
42 68
42 69
42 59
42 65
42 61
42 70
44 62
44 78
44 46
44 60
44 59
44 66
44 50
44 77
44 70
44 52
44 63
44 72
44 76
44 80
44 68
44 65
44 74
44 83
44 64
44 79
45 83
45 84
45 81
45 87
45 88
45 90
45 91
45 82
45 89
46 51
48 17
48 14
48 18
48 7
48 9
48 10
48 16
48 13
48 12
49 22
49 28
49 46
49 33
49 36
49 23
49 38
49 45
49 44
49 27
49 24
49 29
49 43
49 39
49 42
49 25
50 64
50 65
50 61
50 59
50 70
50 53
50 63
50 58
50 57
50 73
50 38
50 43
50 52
50 60
50 49
50 72
50 46
50 41
51 59
51 22
51 29
51 50
51 38
51 56
51 44
51 62
51 61
51 39
51 47
51 41
51 35
51 60
51 30
51 55
51 63
51 28
51 48
51 37
51 33
51 43
51 46
51 54
51 45
51 24
51 36
51 53
51 57
53 25
53 28
53 31
53 36
53 26
53 35
55 84
55 86
55 83
55 82
55 79
56 88
56 85
56 84
56 83
56 86
57 51
57 33
57 27
57 40
57 32
57 36
57 52
57 38
57 28
58 65
58 66
58 73
58 69
59 89
60 43
60 39
60 38
61 65
61 56
62 84
62 85
62 86
62 88
62 90
63 49
63 50
64 24
64 59
64 56
64 31
64 29
64 40
64 38
64 32
64 61
64 39
64 37
64 55
64 46
64 30
64 20
64 43
64 53
64 25
64 23
64 48
64 28
64 60
64 34
64 35
64 52
65 64
65 54
65 71
65 48
65 49
65 75
65 76
65 62
65 68
66 53
66 55
66 54
67 53
69 38
69 11
69 7
69 40
69 13
69 51
69 14
69 5
69 25
69 19
69 43
69 44
69 35
69 30
69 33
69 18
69 20
69 16
69 37
69 47
69 48
69 26
69 32
69 49
69 10
69 22
69 23
69 29
69 31
69 27
70 21
70 20
70 22
70 25
70 24
70 18
70 17
70 33
70 13
70 19
70 16
70 26
70 32
71 52
71 54
71 59
71 65
71 61
71 66
71 56
72 83
72 86
72 84
73 37
73 21
73 19
73 24
73 29
73 34
73 18
73 20
73 27
73 28
74 72
74 73
75 7
75 10
75 8
76 89
76 83
76 87
76 88
76 86
76 84
77 54
77 45
77 44
77 50
77 49
77 48
77 52
77 51
77 53
77 55
78 27
78 12
78 11
78 25
78 10
78 22
78 20
78 14
78 19
78 24
78 15
78 21
78 13
79 5
79 7
79 8
79 3
80 56
80 54
80 65
80 60
81 19
81 21
81 17
81 20
81 18
82 20
82 32
82 27
82 28
82 22
82 18
82 30
82 23
82 6
82 31
82 21
82 25
82 11
83 22
83 20
83 24
83 88
83 39
83 33
83 81
83 35
83 75
83 80
83 15
83 38
83 69
83 71
83 26
83 82
83 55
83 77
83 36
83 21
83 17
83 40
83 65
83 30
83 67
83 16
83 31
83 25
83 86
83 53
83 18
83 74
83 34
83 29
83 89
83 50
83 23
83 52
83 87
83 14
83 68
83 12
83 62
83 47
84 40
85 43
86 79
86 55
86 57
86 61
86 77
86 46
86 76
86 59
86 72
86 41
86 69
86 85
86 56
86 33
86 28
86 64
86 49
86 50
86 81
86 40
86 34
86 60
86 74
86 36
86 54
86 58
86 84
86 26
86 75
86 35
87 75
88 74
88 68
88 66
88 76
88 75
88 62
88 70
88 63
88 71
88 72
88 58
88 55
88 61
88 59
88 69
89 61
89 50
89 54
89 52
89 62
89 51
90 69
90 66
90 68
91 74
91 80
91 84
91 82
91 85
91 83
91 79
91 76
91 78
1 85
1 82
1 81
2 78
2 67
2 81
2 70
2 71
2 75
3 73
3 72
3 75
4 44
4 52
4 39
4 51
4 65
4 42
4 53
4 68
4 69
4 56
4 71
4 66
4 37
5 83
6 39
6 40
6 44
6 43
6 36
6 45
6 38
8 39
8 26
8 60
8 50
8 51
8 28
8 19
8 38
8 24
8 49
8 44
8 20
8 63
8 36
8 54
8 46
8 31
8 47
8 37
8 41
8 29
8 52
8 35
8 30
8 33
8 48
8 22
9 87
9 83
9 86
10 80
10 78
11 9
11 16
11 7
11 17
11 15
11 5
12 82
12 84
12 81
13 33
13 26
13 43
13 66
13 59
13 44
13 38
13 51
13 61
13 32
13 60
13 25
13 40
13 41
14 46
14 44
14 45
15 83
16 48
16 56
16 51
16 53
16 46
16 47
16 49
17 77
17 80
17 81
18 39
18 31
18 40
18 46
18 41
18 26
18 45
18 52
19 36
19 38
19 31
19 21
19 35
19 24
19 29
19 27
19 32
19 33
19 34
19 28
19 46
19 44
19 43
19 48
19 30
20 57
20 38
20 47
20 53
20 42
20 44
20 48
20 58
20 51
20 55
20 41
20 46
20 49
21 84
21 81
21 69
21 70
21 80
21 75
21 78
21 71
21 89
21 79
21 74
21 82
21 83
21 85
21 88
22 56
22 57
22 59
22 60
23 74
23 76
23 72
24 26
24 29
24 22
24 21
24 15
24 18
24 12
24 13
24 28
24 10
24 32
24 9
24 20
24 14
24 27
25 41
25 43
25 37
25 31
25 38
25 40
25 34
25 39
25 71
25 66
25 75
25 44
25 29
25 76
25 45
25 33
25 52
25 36
25 73
25 42
25 57
25 32
25 49
26 62
26 65
27 75
27 80
27 81
29 11
29 14
29 12
29 13
30 58
30 42
30 24
30 82
30 57
30 65
30 20
30 22
30 61
30 47
30 81
30 28
30 36
30 55
30 46
30 34
30 38
30 35
30 17
30 29
30 78
30 49
30 26
30 53
30 45
30 18
30 56
30 40
30 43
30 48
30 60
31 91
31 88
31 82
31 84
31 89
32 62
32 68
33 25
33 18
33 17
33 15
33 22
33 27
33 35
33 20
33 29
33 44
33 30
33 24
33 26
33 31
33 19
34 37
35 10
35 7
35 6
35 4
35 15
35 13
35 8
35 14
37 15
38 76
40 21
40 57
40 25
40 23
40 26
40 42
40 37
40 56
40 20
40 59
40 22
40 31
40 27
40 38
40 32
40 45
40 24
40 60
40 33
41 67
42 29
42 18
42 21
43 45
43 42
43 40
43 47
43 48
43 37
43 38
43 51
43 39
45 85
46 27
46 6
46 14
46 29
46 9
46 19
46 12
46 11
46 18
46 10
46 33
47 28
47 33
47 35
47 30
47 26
47 34
48 68
48 71
48 67
49 51
50 48
50 67
50 68
50 62
51 26
51 31
51 23
51 25
51 27
51 32
52 65
53 73
53 72
54 88
54 84
54 86
54 82
54 89
54 87
55 65
55 69
55 63
55 68
55 67
56 81
56 79
56 82
57 78
57 85
57 71
57 75
57 83
57 77
57 84
57 80
58 41
58 74
58 64
58 52
58 46
58 53
58 36
58 34
58 49
58 43
58 54
58 42
58 50
58 70
58 47
58 40
58 57
58 56
58 44
58 45
59 48
59 49
59 44
59 51
59 47
59 30
59 50
60 67
61 49
63 91
63 78
63 79
63 77
64 17
64 33
64 18
64 22
64 26
64 9
64 42
64 27
64 12
64 8
64 5
64 13
64 15
64 14
64 19
65 12
65 29
65 18
65 14
65 20
65 34
65 22
65 36
65 30
65 28
65 8
65 11
65 7
65 15
65 9
66 74
66 76
66 82
66 80
66 77
66 71
66 78
66 72
66 70
67 26
67 24
67 25
67 33
67 28
67 32
67 27
67 31
68 83
68 78
68 81
68 79
69 67
69 63
69 79
69 80
69 46
69 53
69 82
69 78
69 75
69 65
69 39
69 58
69 55
69 56
69 45
69 62
69 73
69 76
69 34
69 71
69 66
69 64
69 41
69 77
69 60
69 36
70 76
70 74
70 77
70 73
72 85
72 87
72 90
72 89
73 50
73 49
74 86
74 89
74 83
75 90
75 87
75 88
75 86
75 83
77 36
77 46
77 24
77 47
77 27
77 34
77 33
77 31
77 38
77 40
77 43
77 26
77 28
77 39
77 30
77 41
78 50
79 74
79 78
79 75
79 72
79 76
81 63
81 40
81 70
81 42
81 44
81 49
81 46
81 64
82 60
82 67
82 62
83 46
83 59
83 27
83 48
83 54
83 37
83 43
83 19
83 11
85 51
86 38
86 43
86 31
86 42
86 27
86 67
86 37
87 14
87 7
87 10
87 16
87 18
87 22
87 23
87 19
87 21
87 9
87 20
88 82
88 81
89 43
89 41
90 54
90 57
90 45
90 44
90 53
90 39
90 38
90 34
90 49
90 35
90 46
90 58
90 43
90 55
90 41
90 56
91 60
91 67
91 77
91 65
91 69
91 57
91 75
91 73
91 56
91 63
91 55
91 72
91 54
91 59
91 62
91 61
91 53
91 68
1 64
1 71
1 66
1 61
2 51
2 48
2 46
2 50
2 49
3 39
3 79
3 42
3 34
3 69
3 76
3 77
3 36
3 55
3 35
3 70
3 78
3 47
3 56
3 64
3 38
3 45
3 80
3 37
4 41
4 57
4 54
4 31
4 40
4 38
4 35
5 76
6 8
6 9
6 12
6 13
6 11
7 40
8 91
9 26
9 16
9 24
9 21
9 22
9 12
9 13
9 14
10 68
10 64
10 63
11 64
11 63
11 67
11 83
11 66
11 73
11 79
11 78
11 74
11 68
11 71
11 84
11 72
11 82
11 77
11 75
11 69
11 87
12 21
13 67
13 70
14 12
14 29
14 20
14 5
14 21
14 27
14 18
14 9
15 78
16 45
16 40
16 41
16 43
16 42
16 39
16 38
18 63
18 27
18 51
18 25
18 61
18 30
18 70
18 66
18 60
18 20
18 68
20 40
20 33
20 8
20 9
20 2
20 31
20 24
20 7
20 10
20 35
20 43
20 5
20 39
20 3
20 13
20 14
20 6
20 11
20 45
21 90
22 14
22 54
22 10
22 8
22 21
22 18
22 7
22 45
22 11
22 19
22 28
22 58
22 35
22 52
22 13
22 33
22 2
22 4
22 25
22 43
22 46
22 16
22 9
22 3
22 5
22 6
22 49
23 69
23 57
23 58
23 62
23 67
23 65
23 61
23 64
23 60
23 63
23 56
23 68
24 35
24 16
24 43
24 54
24 45
24 46
24 38
24 31
24 55
24 39
24 49
24 56
24 57
24 11
24 34
24 23
24 52
24 30
24 44
24 48
24 47
25 54
26 72
27 44
27 45
27 39
27 43
27 47
27 35
27 36
27 42
27 40
28 45
28 47
28 63
28 58
28 66
28 51
28 62
28 57
28 48
28 50
28 53
28 52
28 61
28 59
28 60
28 54
29 23
29 24
31 49
31 64
31 50
33 21
33 32
33 28
35 2
35 12
35 23
35 9
35 19
35 3
35 11
36 70
36 46
36 51
36 58
36 48
37 4
37 5
37 9
37 7
37 10
38 19
38 32
38 42
38 45
38 20
38 36
38 18
38 34
38 24
38 40
38 29
38 41
38 37
38 28
38 33
40 17
40 16
40 18
40 35
40 30
40 19
42 71
42 64
42 72
42 66
43 80
45 27
45 19
45 17
45 21
45 15
45 37
45 29
45 57
45 54
45 39
45 36
45 42
45 24
45 26
45 65
45 66
45 35
45 49
45 48
45 32
45 47
45 58
45 41
45 23
45 30
46 85
46 82
46 67
46 66
46 65
47 32
47 11
47 9
47 27
47 20
47 13
47 15
47 31
47 8
47 19
48 4
49 64
49 55
49 52
49 57
49 58
49 74
49 47
49 54
49 56
49 75
49 67
50 55
50 66
50 56
51 82
51 86
51 87
52 47
52 54
53 38
53 43
53 44
53 55
53 39
53 48
53 51
53 52
53 42
54 42
54 35
54 30
54 23
54 29
54 12
54 43
54 70
54 60
54 45
54 19
54 20
54 65
54 28
54 50
54 64
54 48
54 25
54 37
54 61
54 24
54 32
54 16
54 33
54 47
54 39
54 31
55 80
55 81
57 53
57 39
57 54
57 44
58 35
58 30
58 28
58 37
58 29
58 38
58 31
58 48
58 26
58 33
58 39
59 18
59 16
60 85
60 80
60 86
60 89
60 78
60 81
60 83
60 88
60 82
61 14
61 20
61 15
61 9
61 13
61 18
61 16
61 17
61 21
62 60
62 71
62 72
62 68
62 79
62 81
62 83
62 70
62 78
62 64
63 40
63 39
63 41
63 46
63 47
63 43
64 68
64 81
64 70
64 88
64 75
64 89
64 74
64 78
64 69
64 77
64 86
64 82
64 79
64 66
64 76
65 10
65 6
65 4
65 13
65 5
65 3
65 2
66 83
66 86
66 84
67 73
67 74
67 80
68 84
69 54
69 59
69 50
69 52
69 28
69 68
69 42
70 3
70 2
70 10
70 11
70 4
70 12
70 7
70 8
71 17
71 23
71 20
71 21
72 56
72 58
72 54
74 32
74 16
74 22
74 13
74 47
74 21
74 39
74 24
74 18
74 14
74 43
74 15
74 25
74 46
74 17
75 53
75 52
75 54
75 59
75 56
75 58
75 55
76 81
76 82
77 59
77 63
77 61
77 58
77 56
77 67
77 68
77 64
77 57
77 60
77 42
77 65
78 57
79 2
80 16
80 15
80 14
81 51
81 60
82 65
82 71
82 55
82 69
83 66
83 64
83 28
83 51
83 45
83 9
83 41
83 13
83 10
83 32
84 80
85 61
85 84
85 65
85 72
86 80
86 78
86 73
87 15
89 22
89 19
89 20
89 17
89 23
91 34
91 35
1 21
1 19
1 24
1 29
1 15
1 20
1 17
1 27
1 13
1 12
2 36
2 9
2 43
2 39
2 26
2 42
2 21
2 33
2 47
2 20
2 38
2 23
2 44
2 40
2 37
2 29
2 41
3 28
3 27
3 29
5 19
5 16
5 11
5 14
5 23
5 18
5 13
5 17
6 63
6 58
7 69
7 74
7 73
7 72
7 67
7 70
8 27
9 33
9 36
9 30
9 31
9 35
9 8
9 27
9 11
9 32
9 38
9 7
9 20
9 28
9 19
9 41
9 42
9 40
11 32
11 28
11 25
11 36
11 34
11 1
11 10
11 38
11 3
11 26
11 31
11 6
11 19
11 33
11 14
11 37
11 30
11 35
11 29
12 72
12 75
12 70
12 79
12 80
12 77
12 78
12 67
12 76
12 73
12 71
13 48
15 54
20 88
22 31
23 66
23 75
23 70
23 78
23 77
25 63
25 56
27 79
29 87
29 84
29 86
29 79
29 81
29 80
31 36
31 35
32 88
32 86
32 87
32 90
32 82
32 78
32 72
32 71
32 89
32 80
33 86
33 84
33 87
34 75
34 78
34 67
34 73
34 66
34 70
34 68
34 65
34 71
34 64
35 16
38 48
38 51
38 57
38 47
39 67
39 64
39 63
39 66
39 71
40 58
40 49
40 36
40 39
40 61
40 62
41 53
41 44
41 58
41 60
41 40
41 52
41 57
41 49
41 66
41 55
41 56
43 87
43 81
43 86
43 88
43 83
44 29
44 14
44 13
44 18
44 23
44 12
44 10
44 27
44 43
44 42
44 21
44 15
44 30
44 11
44 26
44 9
44 7
44 19
44 16
44 24
51 21
51 17
51 34
51 19
51 40
51 58
51 20
51 42
52 33
52 36
52 31
52 32
52 35
52 38
52 42
52 34
52 28
52 41
52 29
53 15
54 85
55 89
55 87
55 78
55 77
55 74
55 90
56 72
56 67
56 68
57 86
57 89
57 81
57 88
57 87
58 82
58 85
58 78
58 80
58 81
58 79
59 54
59 67
59 53
59 63
59 61
59 65
59 71
59 55
59 62
59 52
59 72
59 57
60 75
60 76
60 77
60 87
61 42
61 30
61 47
61 33
61 46
61 40
63 56
63 55
63 44
63 45
63 37
63 57
63 53
63 48
63 54
63 38
63 51
65 83
65 82
65 79
65 78
65 88
65 85
65 80
66 33
66 37
66 29
66 25
66 31
66 34
66 35
66 39
66 27
66 21
66 38
66 26
66 30
66 23
67 58
69 84
69 81
69 88
69 61
69 17
69 89
70 82
70 75
70 79
70 72
70 80
70 78
71 80
71 83
71 82
71 67
71 78
71 69
72 71
72 62
74 36
74 48
74 49
75 91
75 89
75 85
77 66
77 75
77 62
77 79
77 73
77 76
77 71
78 88
78 89
78 77
78 75
78 90
79 4
79 6
79 12
79 9
82 45
82 49
82 51
82 44
82 54
82 48
82 50
82 56
82 53
84 18
84 20
84 21
85 58
85 60
87 49
87 26
87 71
87 59
87 30
87 33
87 12
87 35
87 63
87 39
87 42
87 38
87 52
87 24
87 13
87 29
87 80
87 55
87 76
87 8
87 44
87 11
87 54
87 74
87 69
87 27
87 70
87 37
87 31
87 45
87 73
87 28
87 77
87 36
87 57
87 65
87 61
87 56
87 25
87 46
87 48
88 34
88 38
88 36
88 37
88 31
89 64
89 72
89 76
89 74
89 77
89 65
89 73
89 75
89 70
89 78
89 67
89 66
90 33
90 30
90 37
90 26
90 31
90 27
90 40
90 36
90 29
91 58
91 49
91 64
91 51
1 57
1 34
1 40
1 37
1 41
1 55
1 38
1 39
1 43
1 48
2 24
2 35
2 45
2 61
2 59
2 54
2 53
2 55
2 60
2 56
4 25
4 26
4 18
4 17
4 16
4 14
4 21
4 19
4 30
5 21
5 20
5 31
5 12
5 22
5 30
5 25
5 24
7 86
9 44
9 46
9 43
10 18
10 23
11 41
12 61
12 60
12 41
12 55
12 52
12 43
12 53
12 54
12 62
12 40
12 48
12 56
12 57
12 50
13 82
13 79
13 69
13 80
13 76
13 74
13 53
13 77
13 83
14 36
15 9
15 10
16 14
16 15
16 18
16 19
18 84
18 53
18 83
18 85
18 82
19 59
19 62
19 64
19 79
19 89
21 77
21 87
21 86
21 91
21 73
21 76
22 68
22 64
22 78
22 69
22 81
22 63
22 82
22 79
22 71
22 65
22 70
23 28
25 17
25 14
25 27
25 12
25 16
25 13
25 22
25 23
25 19
26 18
26 16
26 6
26 17
26 14
26 9
26 7
26 8
27 16
27 49
27 48
27 50
27 20
27 32
27 38
28 33
28 49
28 43
28 46
28 44
28 39
30 21
30 6
30 5
30 33
30 14
30 10
30 7
30 11
30 2
30 9
30 41
31 18
31 23
31 12
31 30
31 24
31 33
31 19
31 37
31 17
31 21
31 13
31 27
31 28
31 14
33 39
34 50
34 53
34 51
34 41
34 43
37 1
39 51
39 75
39 82
39 73
39 80
39 50
39 76
39 72
39 89
39 78
39 70
39 90
39 79
39 62
39 81
39 88
39 74
39 87
41 32
41 39
41 35
41 37
41 31
41 45
41 30
41 48
41 36
42 73
42 74
