65 3999
1 2
2 3
3 4
4 5
5 6
6 7
7 8
8 9
9 10
10 11
11 12
12 13
13 14
14 15
15 16
16 17
17 18
18 19
19 20
20 21
21 22
22 23
23 24
24 25
25 26
26 27
27 28
28 29
29 30
30 31
31 32
32 33
33 34
34 35
35 36
36 37
37 38
38 39
39 40
40 41
41 42
42 43
43 44
44 45
45 46
46 47
47 48
48 49
49 50
50 51
51 52
52 53
53 54
54 55
55 56
56 57
57 58
58 59
59 60
60 61
61 62
62 63
63 64
64 65
65 1
1 24
1 15
1 32
1 17
1 19
1 12
1 27
1 13
1 14
1 23
1 16
1 29
2 58
2 61
2 50
2 56
2 48
2 54
2 49
2 52
2 62
2 59
2 60
2 53
3 47
3 53
3 45
3 62
3 65
3 58
3 57
3 46
3 55
3 59
3 48
3 54
3 56
3 50
4 15
4 7
4 13
4 11
4 6
4 8
4 17
4 9
5 63
5 60
5 64
6 3
6 4
7 56
7 52
7 42
7 40
7 31
7 35
7 33
7 51
7 27
7 53
7 48
7 47
7 21
7 23
7 46
7 54
7 57
7 28
7 22
7 34
7 39
7 44
7 26
7 43
9 36
9 37
9 35
10 53
10 55
10 54
10 56
10 52
11 1
12 22
12 21
12 23
12 20
12 16
12 15
12 19
13 57
13 59
13 55
14 7
14 8
16 24
16 25
16 26
16 18
16 20
16 19
16 22
17 53
17 58
17 60
17 56
17 54
17 59
17 62
17 65
18 54
18 52
18 59
18 46
18 55
18 49
18 45
18 61
18 53
18 48
18 57
19 43
20 36
21 6
21 3
21 8
22 50
22 49
23 32
24 50
24 52
24 53
24 49
24 48
25 57
25 52
25 58
25 62
25 56
25 48
25 54
25 50
25 51
25 61
25 55
26 17
26 9
26 16
26 11
26 21
26 10
26 8
26 19
26 15
26 22
26 14
28 30
28 44
28 63
28 58
28 59
28 31
28 46
28 36
28 60
28 57
28 51
28 56
28 62
28 52
28 35
28 47
28 27
28 40
28 37
28 26
28 49
28 32
28 42
28 43
28 48
28 61
28 34
29 13
29 11
29 12
30 40
30 39
31 43
31 44
33 27
33 30
33 35
33 32
33 28
34 16
34 17
34 22
34 12
34 14
34 21
34 19
35 27
36 64
37 64
38 46
38 56
38 50
38 35
38 40
38 34
38 55
38 43
38 51
38 42
38 36
38 49
38 48
38 57
38 45
39 45
39 53
39 50
39 43
39 51
39 49
39 42
39 52
39 41
40 11
40 13
40 8
40 12
40 5
40 7
41 40
41 37
41 38
42 46
42 45
43 46
44 39
44 58
44 56
44 46
44 64
44 18
44 57
44 50
44 22
44 62
44 36
44 32
44 21
44 19
44 61
44 54
44 31
44 52
44 47
44 41
44 28
44 38
44 33
44 35
44 48
44 29
44 51
45 39
45 37
45 36
46 49
46 51
47 38
47 41
47 46
47 44
47 45
47 40
47 49
47 51
48 29
48 32
48 31
48 35
48 37
48 41
48 26
48 36
48 33
48 28
48 39
48 34
49 32
49 15
49 31
49 5
49 16
49 33
49 19
49 17
49 8
49 12
49 11
49 7
49 13
49 26
49 21
49 24
49 9
49 27
49 10
50 53
51 58
51 36
51 35
51 37
51 56
51 31
51 48
51 50
51 57
51 29
51 30
51 60
51 46
51 49
51 44
51 45
51 28
51 40
51 39
52 62
52 54
52 42
52 45
52 58
52 49
52 43
52 51
52 40
52 59
52 61
52 60
52 50
52 63
52 41
52 65
53 35
53 34
53 37
53 41
53 30
53 28
53 40
53 31
53 39
53 33
53 38
54 33
55 57
55 54
56 63
56 64
58 37
58 29
58 33
58 38
58 34
58 61
58 49
58 43
58 57
58 30
58 28
58 56
58 40
58 32
58 35
58 51
58 47
58 41
58 31
58 55
58 42
59 39
59 50
59 44
59 37
59 42
59 53
59 41
59 51
59 49
59 45
59 47
59 40
60 40
60 37
60 41
61 63
62 64
62 56
62 60
63 24
63 13
63 19
63 22
63 16
63 37
63 30
63 12
63 28
63 32
63 11
63 36
63 26
63 40
63 17
63 21
63 39
63 14
63 31
63 38
63 33
63 15
63 6
63 7
65 57
65 54
65 53
65 52
65 55
2 20
2 19
4 53
4 54
4 32
4 40
4 34
4 46
4 19
4 29
4 33
4 35
4 52
4 25
4 39
4 21
4 58
4 43
4 23
4 27
4 22
4 41
4 47
4 45
4 28
4 49
4 51
5 14
5 23
5 28
5 24
5 20
5 36
5 26
5 55
5 50
5 35
5 27
5 32
5 45
5 58
5 51
5 57
5 59
5 54
5 18
5 31
5 29
5 15
5 19
5 47
5 52
5 25
5 46
5 43
5 17
5 44
5 53
5 16
6 38
6 43
6 42
6 45
6 39
6 50
6 53
6 37
6 40
6 51
6 46
7 19
7 25
7 32
7 6
7 13
7 15
7 30
7 9
7 11
7 5
7 38
7 10
7 17
7 3
7 18
7 29
7 41
7 4
7 12
9 55
9 54
9 57
9 52
9 59
9 56
9 58
9 64
9 62
9 53
9 49
9 51
9 61
10 35
10 39
10 48
10 44
10 51
10 32
10 57
10 41
10 33
10 42
10 40
10 43
10 38
10 47
10 37
11 50
11 48
11 46
11 55
11 49
11 43
11 47
11 45
12 48
12 53
12 54
12 45
12 44
12 42
12 51
12 50
12 47
12 38
12 37
12 36
12 41
13 32
13 38
13 35
13 22
13 41
13 43
13 48
13 24
13 45
13 34
13 27
13 31
13 30
13 47
13 40
13 18
13 21
13 37
13 33
13 44
13 29
13 16
13 23
13 25
14 49
15 58
15 61
15 65
15 59
16 14
16 6
16 10
16 11
16 12
16 13
16 7
17 30
17 28
18 58
18 62
18 65
18 63
18 51
18 60
19 55
19 57
20 56
20 60
20 63
20 45
20 51
20 44
20 47
20 52
20 50
20 41
20 54
20 43
20 57
20 40
20 59
20 62
22 47
22 38
22 35
22 51
22 42
22 53
22 44
22 54
22 46
22 36
22 48
23 20
23 39
23 29
23 30
23 41
23 42
23 31
23 34
23 25
23 18
23 43
23 27
24 30
24 20
24 32
24 34
24 39
24 21
24 33
24 36
24 40
24 23
24 46
24 47
24 44
24 42
24 22
24 45
24 38
24 19
26 23
26 34
26 20
26 30
26 38
26 39
26 37
26 29
26 18
26 40
26 31
26 28
27 11
27 16
27 15
27 18
27 17
27 10
28 38
28 45
28 41
29 44
29 52
29 50
29 33
29 37
29 34
29 46
29 51
29 39
29 45
29 36
29 38
29 41
30 58
30 62
30 64
30 60
31 13
31 25
31 15
31 36
31 12
31 28
31 22
31 21
31 38
31 35
31 16
31 33
31 29
31 19
31 34
31 17
31 24
32 45
32 39
32 42
32 44
32 46
33 54
33 62
33 55
33 57
33 61
33 59
33 53
34 8
34 11
34 18
34 5
34 9
34 20
34 10
35 2
35 9
35 6
35 5
36 35
36 41
36 43
37 46
38 29
38 31
38 28
38 44
38 23
38 27
38 26
38 41
38 32
39 38
40 19
40 21
40 14
40 20
40 18
40 10
41 36
41 35
42 36
42 33
42 37
42 32
42 35
42 44
42 41
42 39
42 29
42 30
43 59
43 62
43 61
44 30
44 34
45 10
45 34
45 17
45 29
45 16
45 30
45 25
45 26
45 43
45 18
45 13
45 21
45 19
45 32
45 42
45 41
45 40
45 27
45 35
46 36
46 37
46 35
46 38
46 39
46 31
47 6
47 32
47 34
47 28
47 15
47 16
47 19
47 27
47 17
47 39
47 26
47 23
47 7
47 37
47 12
47 30
47 3
47 24
47 21
47 35
48 63
48 55
48 57
48 59
48 52
48 64
48 60
48 58
49 18
49 14
49 22
49 23
49 29
49 25
50 26
50 24
50 30
50 29
50 23
50 32
51 8
51 12
51 10
51 6
51 5
51 13
53 7
53 10
53 11
53 13
53 8
54 61
54 60
54 58
54 59
55 14
55 29
55 27
55 13
55 25
55 15
55 24
55 19
55 23
55 20
55 31
55 17
55 22
56 49
56 59
56 60
56 54
56 52
56 47
56 53
56 45
56 62
56 50
56 44
56 48
57 20
57 12
57 5
57 16
57 10
57 17
57 21
57 9
57 18
58 19
58 16
58 20
58 22
58 18
58 23
59 33
59 6
59 13
59 24
59 36
59 3
59 30
59 5
59 32
59 48
59 15
59 19
59 11
59 4
59 7
59 26
59 14
59 25
59 38
59 20
59 43
59 27
59 12
59 9
61 53
61 52
62 59
63 35
63 23
63 42
63 43
63 29
63 41
64 60
64 59
64 58
64 56
64 57
65 41
65 38
65 46
65 40
65 45
65 29
65 34
65 43
65 31
65 36
65 51
65 32
65 49
65 39
65 30
65 33
1 42
1 46
1 52
1 44
1 49
1 45
3 49
4 42
5 37
5 41
5 39
5 38
8 54
8 53
8 48
8 47
9 28
9 29
9 26
9 34
9 27
9 38
9 33
9 32
9 23
10 50
10 49
10 45
11 51
14 56
14 51
14 58
14 50
14 52
14 59
14 57
14 60
15 37
15 31
15 6
15 7
15 30
15 9
15 21
15 27
15 19
15 24
15 25
15 22
15 17
15 28
15 5
15 35
15 18
15 33
15 26
16 29
16 31
16 35
16 30
16 27
16 36
16 33
17 19
17 24
17 26
17 20
18 9
19 29
19 37
19 32
19 39
19 33
19 31
19 28
19 35
19 23
19 30
19 25
19 34
21 42
21 40
21 52
21 37
21 54
21 39
21 50
21 53
21 56
21 41
21 43
21 48
21 44
21 38
21 49
22 40
22 34
22 39
22 24
22 33
22 21
22 55
22 59
22 31
22 52
22 29
22 57
22 56
22 30
22 20
22 43
22 26
22 32
23 46
23 48
24 18
24 27
24 13
24 16
24 35
24 31
24 43
24 11
24 37
24 14
25 29
25 22
25 30
25 20
25 34
25 27
25 41
25 23
25 31
25 17
25 18
25 35
25 43
25 28
25 15
25 32
25 16
25 19
26 36
26 50
26 42
26 55
26 58
26 54
26 44
26 46
26 49
26 48
26 52
26 53
27 45
27 39
27 38
27 36
27 43
27 32
27 44
27 34
27 42
28 65
30 33
30 35
30 32
31 23
32 56
32 40
32 26
32 23
32 27
32 48
32 29
32 25
32 53
32 61
32 24
32 43
32 36
32 54
32 30
32 18
32 28
32 59
32 13
32 38
32 16
32 31
32 22
32 21
32 62
32 19
33 50
33 52
33 47
33 48
34 29
34 27
34 30
34 32
35 55
37 42
37 33
37 31
37 32
37 44
37 34
37 30
37 35
37 26
37 45
37 40
37 36
38 54
38 58
38 33
38 47
38 63
38 60
39 64
40 39
40 36
40 35
40 26
40 29
40 27
40 33
40 34
40 32
40 37
40 42
40 25
40 38
41 57
41 59
42 38
42 40
46 55
46 54
47 64
47 62
47 61
47 60
47 63
48 40
48 22
48 23
48 30
48 27
48 25
49 34
52 32
52 35
53 64
53 62
53 65
54 64
55 42
55 41
55 48
55 12
55 18
55 49
55 16
55 32
55 33
55 45
55 51
55 46
55 53
55 38
55 43
55 47
55 36
55 34
55 28
56 25
56 24
56 33
56 29
56 26
56 32
56 30
56 27
57 39
57 22
57 25
57 24
57 55
57 38
57 36
57 52
57 45
57 32
57 30
57 53
57 46
57 40
57 27
57 50
57 49
57 42
57 35
57 56
57 31
59 22
60 46
60 56
60 43
60 45
60 50
60 55
60 49
60 54
60 51
60 57
60 58
60 47
61 21
61 31
61 18
61 27
61 10
61 15
61 12
61 14
61 30
61 28
61 26
61 25
61 13
62 20
62 17
62 35
62 30
62 25
62 38
62 16
62 29
62 34
62 27
62 15
62 23
62 14
62 31
62 33
62 28
62 36
63 54
63 44
63 45
63 58
63 46
63 47
63 57
63 52
63 49
64 19
64 18
64 17
64 14
64 16
65 26
65 22
65 27
1 48
1 47
2 64
2 63
3 37
3 34
3 39
3 32
3 35
3 51
3 36
3 33
3 41
3 40
3 44
4 30
5 33
5 42
5 30
5 34
7 50
7 45
7 49
7 58
8 57
8 56
8 55
11 36
11 38
11 34
11 35
11 37
11 57
11 42
11 58
11 52
11 53
11 60
11 63
11 44
11 32
11 33
11 59
13 63
13 65
14 18
14 43
14 35
14 29
14 31
14 34
14 32
14 22
14 37
14 46
14 41
14 47
14 20
14 36
14 26
14 30
14 38
14 25
14 24
14 33
14 16
15 38
15 39
15 34
16 9
16 8
16 5
17 48
18 20
19 63
19 60
19 56
19 54
19 61
19 59
19 53
20 29
21 13
21 12
22 27
22 28
23 38
23 36
23 37
23 40
23 33
24 6
24 7
24 9
24 12
24 8
24 10
24 17
26 43
26 51
26 41
26 63
26 62
26 47
27 50
28 50
29 2
30 54
30 46
30 45
30 47
30 56
30 43
30 49
30 55
30 52
30 51
30 48
31 49
31 54
31 48
31 41
31 42
31 52
31 51
32 58
33 56
34 54
34 53
34 51
34 49
34 55
34 52
35 17
35 15
35 14
35 12
35 22
35 13
35 16
35 19
36 40
36 42
37 21
37 13
37 23
37 14
37 22
37 17
37 12
37 16
38 30
38 53
39 33
39 47
39 48
39 44
39 56
39 54
39 28
39 24
39 27
39 11
39 21
39 55
39 14
39 23
39 19
39 10
39 29
39 58
39 35
39 9
39 12
39 32
39 36
40 57
41 17
41 11
41 14
41 7
41 6
41 10
41 15
41 8
41 16
41 5
41 9
41 12
42 27
42 31
42 22
42 23
42 25
42 26
43 38
43 35
43 37
43 33
43 36
43 30
44 24
44 23
44 25
44 16
44 17
45 9
45 12
45 5
45 11
45 6
46 48
46 50
48 19
49 20
50 25
50 27
50 28
52 46
52 34
52 47
52 37
52 48
52 31
52 44
52 38
52 30
53 21
54 63
55 62
56 51
56 42
56 40
56 43
56 55
56 46
56 41
57 6
57 11
57 7
57 14
58 25
60 9
60 10
61 57
61 56
61 54
62 40
62 42
62 32
62 37
63 34
63 10
63 50
63 20
63 48
63 25
63 18
63 55
63 9
64 31
64 29
64 33
64 27
64 34
65 62
65 56
65 64
65 58
65 61
65 63
1 40
2 51
2 44
3 38
3 52
3 42
3 31
4 56
4 57
4 36
4 61
4 60
4 59
4 55
4 48
4 37
6 41
6 44
6 36
6 34
8 61
8 62
8 63
9 22
9 25
9 24
11 62
11 64
11 56
11 65
12 18
13 26
13 28
13 46
13 50
13 36
13 51
13 39
14 44
14 55
14 48
14 53
15 55
15 53
15 54
16 15
17 39
17 42
17 23
17 63
17 32
17 46
17 36
17 47
17 31
17 52
17 55
17 44
17 37
17 43
17 34
17 40
17 33
17 50
17 22
17 49
18 24
18 25
18 27
18 23
19 27
19 24
19 26
19 21
20 46
20 58
20 53
20 37
20 64
20 61
20 48
20 42
20 49
20 39
20 38
21 46
21 47
21 45
21 51
22 16
22 11
22 25
22 14
22 13
22 18
22 17
22 10
23 44
24 4
24 5
25 49
25 60
25 46
25 45
25 42
25 40
25 53
25 47
25 59
26 5
26 2
26 6
26 3
27 6
28 33
29 49
30 63
31 46
34 2
34 3
35 34
35 32
35 29
35 33
35 31
35 26
35 18
35 37
35 38
35 21
35 24
36 14
36 20
36 11
36 17
37 39
37 52
37 43
37 53
37 58
37 59
37 47
37 54
37 48
37 56
37 41
38 52
38 59
38 37
40 30
41 22
41 25
41 18
41 19
41 28
41 23
41 33
41 27
41 26
41 4
41 20
41 3
41 21
42 28
42 34
43 16
43 18
44 20
45 56
45 54
45 59
45 52
45 58
45 55
45 51
45 60
45 53
46 41
47 52
47 53
48 56
48 54
49 63
49 62
50 56
50 54
50 52
50 55
51 32
51 55
51 34
51 27
51 38
51 62
51 61
51 42
51 47
52 6
52 3
52 5
53 48
53 50
53 51
53 60
53 49
53 57
53 58
53 56
54 38
54 41
54 32
54 37
54 42
54 40
54 36
54 31
54 34
55 50
55 44
57 34
57 33
57 15
57 28
57 37
57 44
57 8
57 23
57 47
57 13
57 41
57 26
58 21
58 15
58 24
59 35
59 31
59 46
60 63
60 59
60 62
60 65
60 64
61 60
61 58
61 59
62 46
64 28
64 20
64 26
64 13
64 23
64 15
65 48
65 44
1 4
1 6
1 7
1 5
1 11
1 10
2 57
2 55
3 43
4 38
6 26
6 29
6 25
6 20
6 24
6 22
6 19
6 48
6 27
6 31
6 32
6 28
10 34
12 29
12 31
13 61
13 62
13 64
14 39
14 40
15 20
15 11
15 12
15 8
15 13
15 4
15 2
18 39
18 40
18 38
20 11
20 13
20 18
20 15
20 14
20 16
22 9
22 7
22 8
22 6
23 62
23 65
23 63
25 36
25 37
26 60
26 61
27 54
27 51
28 55
28 54
28 64
29 56
29 57
29 59
30 24
31 61
31 53
31 18
31 37
31 14
31 60
31 26
31 47
31 56
31 50
31 27
31 58
32 10
32 17
32 11
33 60
34 50
34 56
34 57
35 4
35 7
35 40
35 8
35 20
35 43
35 10
35 23
35 39
36 47
36 15
36 49
36 24
36 2
36 28
36 33
36 9
36 3
36 46
36 4
36 27
36 8
36 1
36 31
36 50
36 51
36 10
36 12
36 13
36 6
36 7
36 29
36 44
37 28
37 19
37 20
37 25
37 18
38 12
38 20
38 17
38 7
38 15
38 9
38 16
38 18
38 8
38 22
38 25
40 47
40 54
40 43
40 56
40 52
40 46
40 49
40 48
40 51
40 55
40 44
42 61
43 39
43 41
43 45
43 40
43 31
44 53
44 49
44 42
44 43
44 37
45 8
46 40
47 42
47 43
48 50
48 47
48 46
48 51
49 38
49 28
49 30
49 41
49 37
49 36
49 35
49 40
50 38
50 36
50 33
50 43
50 39
50 41
50 40
50 35
50 48
50 49
50 42
50 34
50 44
51 59
51 64
51 65
52 23
52 33
52 22
52 36
52 29
52 25
52 28
53 55
53 52
54 50
55 64
55 60
55 65
57 63
57 51
57 61
57 62
57 59
57 48
58 60
59 54
60 42
60 53
60 36
60 33
60 48
60 32
60 34
60 35
61 47
61 40
61 43
61 42
61 41
61 49
61 48
61 44
62 49
62 43
62 22
62 52
62 44
62 55
62 58
62 47
62 45
62 24
62 53
62 39
62 26
62 50
63 27
64 32
64 30
65 47
1 64
2 47
2 46
4 31
5 7
5 4
5 22
5 10
5 21
5 13
5 12
5 8
6 63
7 20
7 14
7 16
8 51
8 49
9 50
10 46
11 18
11 17
11 15
11 19
11 16
14 5
16 54
16 55
16 56
16 59
19 10
19 12
19 22
19 17
20 22
20 35
20 34
20 55
22 15
22 41
22 37
22 19
22 45
23 9
23 8
23 22
23 11
23 10
23 28
23 21
23 35
23 13
25 39
26 35
26 32
26 24
27 7
27 12
27 8
29 35
30 53
30 50
31 55
31 57
33 23
33 20
33 24
33 49
33 44
33 26
33 41
33 31
33 51
33 38
33 29
33 19
33 22
33 42
33 46
34 63
38 19
41 50
41 52
41 51
42 57
42 48
42 55
42 53
42 50
42 59
42 62
42 52
42 63
42 47
42 51
43 32
43 15
43 29
43 14
43 13
43 19
43 34
43 24
43 27
45 22
45 15
45 14
48 53
49 45
49 43
49 39
49 42
49 44
50 13
50 6
50 9
50 10
50 5
50 15
50 14
50 17
50 19
50 45
50 22
50 31
50 18
50 8
50 16
51 54
53 59
55 52
55 59
55 58
56 35
56 31
56 39
56 38
56 28
57 43
59 62
59 58
60 22
60 20
60 21
60 23
60 25
60 26
62 51
64 36
64 43
64 39
64 42
64 47
64 49
64 52
64 46
64 45
64 51
64 48
64 50
64 44
65 35
6 56
6 54
8 34
8 46
8 40
8 33
8 44
8 39
8 42
8 32
8 43
8 37
8 36
8 26
8 38
8 41
9 31
10 58
11 29
11 25
11 39
11 10
11 20
11 21
11 41
11 9
11 14
11 24
12 9
13 52
14 23
15 41
15 40
15 36
15 42
15 23
17 25
17 41
17 11
17 21
17 7
17 13
17 51
17 35
17 9
17 15
17 10
21 64
25 64
25 63
26 33
26 57
27 13
27 14
27 9
29 58
29 65
29 60
29 64
29 62
30 41
30 42
30 44
32 14
33 16
33 10
33 12
33 8
33 14
33 15
33 18
33 21
33 11
33 13
33 25
33 7
34 46
34 43
34 58
34 41
34 44
34 48
34 47
36 19
36 18
36 34
36 23
36 21
36 22
36 16
36 30
39 22
40 28
41 61
41 58
45 62
46 61
46 59
46 58
46 57
46 60
47 13
47 14
49 57
49 61
49 56
49 65
49 54
50 21
51 41
51 53
52 20
52 21
53 36
54 51
54 45
54 49
54 47
55 37
55 30
55 21
55 35
55 40
56 61
61 17
61 16
63 51
63 53
64 63
64 61
64 54
64 62
64 55
1 39
1 57
1 60
1 54
1 51
1 50
1 41
1 58
1 43
1 53
4 44
4 24
6 5
6 13
6 10
6 16
8 50
8 52
8 31
8 35
10 23
10 20
10 19
10 21
10 17
11 6
11 23
11 3
11 2
11 30
11 13
11 4
11 40
11 27
14 62
14 42
14 54
14 63
15 29
16 28
16 21
18 8
19 15
19 18
19 13
19 11
21 20
21 35
21 33
21 27
21 10
21 17
21 55
21 19
21 31
21 58
21 59
21 14
21 15
21 16
21 26
22 60
22 63
23 53
23 47
23 54
23 50
23 59
23 56
23 55
24 2
24 15
24 1
25 21
26 12
26 13
26 7
26 45
26 56
26 4
27 63
27 61
29 63
29 61
31 59
32 52
32 51
32 47
32 50
32 15
32 35
32 37
32 57
32 55
32 34
32 20
33 58
35 30
35 11
40 59
40 61
40 63
40 62
40 65
41 60
41 62
41 54
42 65
42 64
42 60
42 58
43 55
43 54
43 57
43 56
44 55
45 7
46 44
46 34
46 43
46 33
46 52
46 53
46 42
47 56
48 42
48 43
49 2
50 58
50 62
51 21
51 20
51 9
51 14
51 22
51 16
51 24
51 11
51 15
51 26
52 14
52 13
52 12
52 7
52 24
52 19
52 8
52 10
52 15
53 32
53 47
54 35
56 11
56 9
58 8
59 34
59 28
59 23
59 29
60 24
60 29
60 30
60 27
60 38
61 37
61 38
61 39
61 29
61 36
62 57
64 10
64 37
64 12
64 35
64 24
64 41
64 25
64 9
64 40
64 21
1 37
1 35
1 36
2 25
2 26
2 23
2 33
2 36
2 27
2 24
2 31
2 22
2 39
2 34
2 29
2 28
4 26
6 33
6 30
8 11
8 18
8 21
8 16
8 7
8 17
8 5
8 14
8 12
9 30
10 22
10 24
10 26
12 3
12 14
12 24
12 27
12 6
12 1
12 7
12 26
12 30
12 28
12 10
12 17
12 5
12 2
13 6
13 9
13 15
13 7
13 10
13 20
14 28
17 8
17 16
17 27
17 29
18 64
19 44
19 45
19 42
19 48
19 47
19 40
19 36
20 28
21 36
21 34
22 5
22 3
22 4
23 26
23 45
24 41
26 64
26 59
27 31
27 48
27 30
27 40
27 53
27 47
27 33
27 56
27 55
27 52
27 58
27 37
27 46
27 41
29 47
29 25
29 17
29 24
29 40
29 16
29 22
29 28
29 21
29 27
29 23
29 20
29 19
29 32
30 10
30 11
30 7
30 13
30 6
31 30
31 40
37 50
37 49
39 59
39 61
40 53
40 50
40 45
43 23
43 21
43 20
43 22
44 65
45 20
46 45
47 50
48 17
48 7
48 9
48 13
48 18
48 14
48 15
48 10
48 8
48 11
50 64
52 26
52 4
52 17
52 11
52 16
53 61
54 29
54 48
54 44
54 46
54 39
54 43
54 28
55 26
56 36
56 37
58 53
59 52
60 44
60 52
61 32
61 24
61 34
61 33
64 22
65 50
65 37
65 42
1 18
1 8
1 9
1 20
2 32
4 50
5 49
5 48
6 35
6 23
7 24
9 4
10 64
10 28
10 29
10 31
10 63
10 61
10 60
12 11
13 49
13 42
13 53
14 45
16 50
17 14
17 12
17 38
18 50
20 7
20 5
20 10
20 8
21 29
21 24
21 23
24 26
24 28
24 29
26 25
27 49
27 59
27 60
27 57
28 53
28 39
29 31
31 45
35 48
35 49
35 54
35 53
35 50
36 45
37 55
39 15
39 13
39 18
39 16
41 48
41 31
41 46
41 45
41 43
45 33
47 65
49 59
54 52
54 53
55 61
57 60
58 10
58 36
58 26
58 12
58 44
58 11
58 7
59 2
59 8
60 31
62 9
62 19
62 11
62 5
62 2
62 18
62 48
62 8
62 13
62 10
62 3
62 6
62 41
62 4
63 5
65 20
65 14
65 19
65 28
65 18
65 23
65 17
65 25
1 61
1 63
3 17
3 25
3 18
3 23
3 30
3 22
3 15
3 20
3 14
3 13
3 27
3 21
3 19
4 12
4 20
8 22
8 29
8 28
8 30
8 24
9 63
10 59
14 12
14 13
14 21
14 19
15 45
15 49
15 43
15 48
15 51
18 7
18 21
18 14
18 16
18 17
18 5
18 6
18 13
18 4
18 28
18 15
19 46
19 52
19 50
19 49
20 31
20 23
20 25
20 24
20 33
21 61
21 60
29 18
29 5
29 8
29 15
29 9
29 6
30 38
30 27
30 36
30 26
31 20
32 64
33 45
34 31
34 38
34 39
34 42
34 33
34 40
35 52
35 44
35 47
35 41
35 51
36 58
36 57
36 56
36 59
36 55
36 63
36 60
39 63
39 62
41 64
41 63
43 17
43 11
43 53
43 47
43 25
43 52
43 50
43 48
43 10
43 12
43 28
43 42
43 51
44 13
44 15
44 10
44 11
44 9
44 27
44 8
45 44
47 9
47 10
48 6
48 24
48 20
48 44
48 3
48 12
48 16
48 21
48 45
48 5
50 63
50 61
51 23
61 8
62 61
62 54
63 3
63 4
63 8
64 11
64 7
1 28
3 16
5 65
6 55
6 57
6 47
7 2
7 1
8 59
9 20
9 21
11 26
12 35
12 32
12 34
23 58
23 57
23 60
24 55
24 56
27 22
27 26
27 35
27 29
27 20
27 25
27 21
32 49
32 60
37 57
39 30
39 37
39 31
39 25
41 39
41 49
41 55
41 30
41 56
41 24
44 12
45 24
47 18
47 20
47 22
47 25
47 11
48 38
49 46
50 57
52 9
52 55
53 46
53 44
53 45
54 57
55 39
58 45
60 28
61 7
61 20
61 9
61 35
61 23
64 38
65 24
65 7
65 11
65 21
65 9
1 62
2 41
2 15
2 35
2 38
2 40
2 14
2 21
2 17
2 30
6 52
6 49
7 59
7 60
8 20
13 11
13 17
13 19
14 17
15 50
15 32
15 62
15 52
15 14
15 63
15 56
15 47
15 10
16 4
16 3
22 65
22 62
23 51
23 52
27 24
27 23
27 19
32 65
32 63
33 37
33 39
33 36
34 64
35 3
36 26
36 38
36 25
37 51
38 61
39 46
39 57
39 60
41 13
42 19
42 18
50 47
50 46
52 27
52 39
54 26
54 30
54 18
54 16
54 19
54 23
54 24
54 22
54 20
54 27
54 15
54 21
57 29
58 39
58 27
59 56
59 55
65 2
65 6
65 5
65 4
1 55
1 56
5 40
6 21
6 17
7 55
8 15
8 27
8 23
10 15
10 12
10 16
10 9
11 54
14 10
14 9
15 60
15 46
21 57
30 61
30 59
34 59
34 61
35 42
35 45
36 39
36 32
37 8
37 15
37 10
37 9
39 20
39 26
40 31
44 40
46 32
47 59
47 57
47 55
48 61
48 62
50 12
50 20
50 37
51 17
51 19
51 25
51 43
51 33
52 57
54 62
54 65
55 1
55 5
55 10
55 7
55 3
57 3
61 2
61 6
61 5
61 4
61 11
2 16
3 24
3 12
3 29
5 11
5 9
6 61
6 59
6 62
9 39
9 19
9 41
9 44
9 43
9 46
9 45
12 61
12 52
12 55
12 49
12 58
12 57
12 56
16 42
16 41
17 3
17 4
17 5
17 6
18 32
18 33
18 35
18 34
18 42
18 37
18 43
18 31
24 64
25 44
30 57
33 17
33 9
34 15
34 13
34 7
35 25
37 7
38 24
39 34
42 54
42 56
43 26
45 49
45 47
46 17
46 22
46 19
46 18
46 26
46 23
46 13
53 43
53 42
54 56
55 9
55 11
55 8
58 9
58 13
58 17
58 14
61 19
61 3
65 59
1 21
1 22
6 18
9 40
9 42
10 25
12 59
12 60
12 46
16 61
16 60
16 53
16 58
16 62
16 63
18 44
19 8
19 7
20 12
21 25
21 30
22 58
23 17
23 16
23 5
23 7
23 15
30 23
30 21
30 20
30 25
30 22
30 9
30 16
30 18
30 17
30 19
30 28
30 29
30 37
30 12
31 39
32 12
34 24
34 23
34 26
35 62
35 58
35 60
35 59
35 61
43 58
44 59
45 3
45 28
45 4
45 38
45 31
45 23
45 2
46 27
46 24
46 28
46 25
46 29
47 58
47 54
52 18
58 52
58 54
60 11
60 17
60 14
60 18
60 12
60 13
61 22
62 65
64 53
8 45
8 25
8 58
9 48
11 28
12 40
19 41
20 32
21 62
22 61
27 5
27 3
27 2
28 20
28 25
28 23
28 22
28 24
29 4
29 10
29 1
30 5
30 3
33 40
36 48
38 62
38 64
46 30
47 5
47 36
51 7
51 4
53 27
53 22
53 24
53 20
53 17
53 18
53 25
53 19
61 50
62 21
65 16
65 12
6 12
6 15
6 11
6 14
11 31
15 57
16 51
16 48
16 45
16 47
16 39
16 37
16 40
17 61
19 5
19 9
25 3
25 4
29 42
29 43
30 34
31 64
31 65
31 62
33 43
35 65
35 63
35 64
41 47
49 55
49 58
49 60
51 63
54 13
54 10
54 9
58 50
58 46
58 48
60 39
62 12
63 62
63 61
2 42
3 28
4 14
4 18
8 60
10 30
10 27
13 60
15 64
16 34
16 43
16 23
16 44
16 38
18 56
25 24
25 14
28 18
28 19
28 14
28 15
28 11
28 16
29 14
29 7
29 26
35 28
36 62
36 61
36 65
39 17
41 44
42 16
42 12
42 11
42 15
42 20
43 64
46 21
46 14
49 64
50 2
54 11
56 58
58 5
58 4
61 46
1 25
1 38
1 31
3 61
7 36
7 37
12 33
12 25
12 39
13 12
16 1
16 2
16 32
18 26
18 22
20 27
20 4
20 26
20 3
20 30
20 19
20 9
23 49
24 60
24 58
24 63
24 54
25 38
25 13
25 12
33 63
34 62
36 52
38 21
38 14
38 6
38 11
40 15
40 9
40 17
43 60
43 65
46 5
46 7
46 10
46 6
46 3
46 4
46 8
47 29
51 18
52 56
58 63
58 62
59 57
1 59
2 4
3 26
9 13
9 15
9 12
13 58
13 54
18 47
19 65
19 64
25 33
25 7
25 8
25 10
31 7
31 6
34 1
34 4
34 6
41 53
43 7
43 5
46 20
55 4
55 2
58 65
63 56
4 63
4 62
5 62
5 61
10 36
11 5
11 8
13 56
17 57
29 54
30 14
32 41
40 58
40 60
42 4
42 10
42 2
42 9
42 17
42 3
42 13
42 21
42 5
45 50
53 63
54 25
54 4
54 17
54 8
54 14
55 63
58 64
61 45
63 60
65 8
65 3
2 45
2 37
3 7
3 10
14 6
16 57
20 6
22 64
23 61
23 64
37 60
37 61
38 13
44 14
45 48
46 64
46 63
46 62
53 14
53 9
57 54
59 10
59 17
59 21
16 46
16 49
19 38
20 17
23 19
29 55
29 53
34 28
37 11
37 24
37 6
40 64
43 9
45 57
46 16
46 11
56 17
65 15
65 13
2 65
4 10
9 6
9 14
9 11
9 7
10 62
13 8
19 51
20 65
28 10
28 12
28 9
34 36
36 54
41 32
43 49
44 4
56 23
56 21
58 6
58 1
58 2
59 61
8 64
15 3
18 30
18 29
29 3
34 25
44 26
53 15
53 23
53 16
57 64
1 33
1 26
9 17
9 18
12 43
17 64
18 12
19 6
19 2
19 1
19 3
27 62
27 64
30 15
34 65
38 4
38 5
44 7
44 5
44 6
46 56
50 11
55 6
2 13
3 63
3 60
9 16
11 22
14 61
14 27
23 12
23 14
25 11
25 9
25 5
25 6
25 1
35 57
35 56
37 27
42 49
54 2
54 7
54 3
54 5
54 12
56 14
56 12
59 16
60 19
8 19
9 5
18 41
18 36
19 58
24 59
33 6
34 60
34 45
38 10
49 47
49 52
49 51
53 26
56 10
56 15
64 3
64 1
1 3
3 11
6 64
14 4
14 3
16 52
19 14
21 32
22 12
24 57
30 65
32 6
33 64
37 65
37 62
37 29
37 63
38 65
40 16
40 22
40 24
47 2
47 8
61 1
65 10
5 56
8 13
8 10
17 45
28 21
41 34
44 60
47 4
49 48
53 29
56 22
56 16
56 6
56 19
56 1
56 13
56 3
56 4
56 5
56 18
3 8
3 6
6 58
9 47
11 7
40 23
42 14
42 24
49 6
49 4
50 59
50 65
56 34
56 7
61 64
1 34
6 60
10 65
21 4
21 7
21 18
21 11
21 9
21 2
26 1
30 4
30 2
30 1
31 63
36 5
49 53
56 20
4 64
12 65
12 62
12 63
35 1
48 4
57 19
59 18
2 43
4 16
6 9
9 60
14 11
15 44
34 37
61 51
1 30
2 8
2 7
2 10
13 4
13 5
19 62
21 28
31 10
44 63
50 60
63 59
7 64
18 10
28 13
32 8
32 7
32 5
37 5
37 4
39 65
56 65
60 8
60 6
4 3
10 13
10 7
10 8
10 14
10 18
10 5
10 6
33 4
33 2
33 3
33 5
33 1
35 46
38 2
38 3
45 64
48 65
16 65
16 64
18 2
8 6
45 65
6 8
24 51
58 3
60 16
62 7
2 9
2 18
2 12
2 11
2 6
19 4
19 16
20 2
21 63
23 4
23 3
23 6
25 65
7 62
7 61
45 61
3 9
9 65
49 1
50 7
50 4
28 17
43 8
43 3
60 15
60 5
6 2
6 1
14 64
28 4
28 7
28 8
28 1
28 2
31 5
31 8
31 11
31 9
32 9
43 6
52 64
54 6
56 8
21 5
49 3
65 60
