147 12992
1 2
2 3
3 4
4 5
5 6
6 7
7 8
8 9
9 10
10 11
11 12
12 13
13 14
14 15
15 16
16 17
17 18
18 19
19 20
20 21
21 22
22 23
23 24
24 25
25 26
26 27
27 28
28 29
29 30
30 31
31 32
32 33
33 34
34 35
35 36
36 37
37 38
38 39
39 40
40 41
41 42
42 43
43 44
44 45
45 46
46 47
47 48
48 49
49 50
50 51
51 52
52 53
53 54
54 55
55 56
56 57
57 58
58 59
59 60
60 61
61 62
62 63
63 64
64 65
65 66
66 67
67 68
68 69
69 70
70 71
71 72
72 73
73 74
74 75
75 76
76 77
77 78
78 79
79 80
80 81
81 82
82 83
83 84
84 85
85 86
86 87
87 88
88 89
89 90
90 91
91 92
92 93
93 94
94 95
95 96
96 97
97 98
98 99
99 100
100 101
101 102
102 103
103 104
104 105
105 106
106 107
107 108
108 109
109 110
110 111
111 112
112 113
113 114
114 115
115 116
116 117
117 118
118 119
119 120
120 121
121 122
122 123
123 124
124 125
125 126
126 127
127 128
128 129
129 130
130 131
131 132
132 133
133 134
134 135
135 136
136 137
137 138
138 139
139 140
140 141
141 142
142 143
143 144
144 145
145 146
146 147
147 1
1 31
1 26
1 30
1 19
1 27
1 15
1 28
1 29
1 18
1 17
1 22
1 16
2 56
2 57
2 62
2 63
2 55
2 61
3 56
3 46
3 53
3 36
3 83
3 109
3 107
3 55
3 48
3 93
3 76
3 113
3 79
3 50
3 104
3 67
3 60
3 120
3 51
3 44
3 80
3 54
3 82
3 40
3 71
3 116
3 62
3 89
3 64
3 78
3 73
3 108
3 65
3 111
3 119
3 99
3 35
3 117
3 66
3 77
3 39
3 88
3 68
3 38
3 95
3 102
3 52
3 43
3 114
3 69
3 41
3 91
3 110
3 118
4 99
4 107
4 90
4 82
4 87
4 84
4 95
4 102
4 100
4 106
4 89
4 98
4 88
4 81
4 103
4 108
4 83
4 105
4 85
5 105
5 117
5 74
5 122
5 77
5 133
5 68
5 62
5 129
5 107
5 71
5 91
5 126
5 132
5 59
5 83
5 66
5 94
5 53
5 136
5 89
5 102
5 116
5 97
5 73
5 131
5 85
5 86
5 124
5 88
5 84
5 81
5 104
5 56
5 64
5 119
5 109
5 98
5 106
5 110
5 54
5 118
5 92
5 55
5 134
5 111
5 125
5 128
5 58
5 61
5 112
5 103
5 65
5 135
6 134
6 147
6 140
6 144
6 130
6 129
6 128
6 133
6 139
6 142
6 132
6 135
6 143
7 139
7 141
7 140
8 69
8 71
8 65
8 84
8 67
8 78
8 88
8 85
8 72
8 79
8 73
8 87
8 76
8 64
8 75
8 68
8 80
8 77
9 21
9 17
9 22
9 30
9 25
9 19
9 20
10 62
10 59
10 58
10 55
10 61
10 53
10 60
10 54
11 142
11 133
11 117
11 122
11 144
11 132
11 123
11 137
11 135
11 116
11 140
11 120
11 136
11 131
11 143
11 119
11 127
11 124
11 130
11 118
12 145
12 143
12 141
12 144
12 146
14 140
14 126
14 116
14 136
14 118
14 134
14 141
14 124
14 122
14 115
14 119
14 127
14 138
14 125
14 131
14 117
14 128
14 123
15 62
15 70
15 67
15 63
16 129
16 133
16 130
16 132
16 126
16 127
17 126
17 127
17 121
17 134
17 125
17 124
17 129
17 135
17 120
17 131
17 130
17 132
18 66
18 59
18 63
18 64
18 56
18 60
19 83
19 89
19 86
20 56
20 77
20 96
20 61
20 89
20 85
20 86
20 69
20 82
20 59
20 65
20 93
20 63
20 78
20 80
20 67
20 60
20 71
20 58
20 83
20 64
20 76
20 68
20 97
20 95
20 66
20 72
20 84
20 94
20 79
21 47
21 44
21 56
21 51
21 45
21 52
21 54
21 50
21 41
21 55
21 49
22 100
22 94
22 98
22 93
22 85
22 87
22 76
22 103
22 91
22 88
22 112
22 80
22 81
22 90
22 110
22 97
22 84
22 106
22 82
22 99
22 75
22 96
22 114
22 86
23 82
23 85
23 86
24 11
24 12
24 9
24 32
24 17
24 18
24 30
24 31
24 28
24 15
24 21
24 8
24 23
24 19
25 77
25 80
25 76
25 78
26 124
26 126
27 66
27 59
27 35
27 84
27 38
27 78
27 55
27 74
27 62
27 47
27 29
27 61
27 44
27 49
27 52
27 40
27 75
27 45
27 83
27 82
27 39
27 33
27 72
27 46
27 57
27 71
27 60
27 50
27 67
27 77
27 37
27 54
27 70
27 79
27 68
27 73
28 112
28 118
28 115
28 109
28 116
28 122
28 127
28 114
28 125
28 117
28 128
28 111
28 129
28 113
28 126
29 105
29 103
29 104
29 106
30 52
30 102
30 53
30 94
30 55
30 65
30 84
30 79
30 104
30 51
30 70
30 61
30 82
30 93
30 62
30 88
30 57
30 86
30 90
30 73
30 98
30 76
30 78
30 69
30 59
30 72
30 56
30 58
30 75
30 71
30 101
30 85
30 92
31 40
31 47
31 46
31 35
31 50
31 48
31 41
31 38
31 34
31 43
31 33
31 44
31 39
31 45
31 54
31 53
31 30
31 36
32 82
32 119
32 81
32 115
32 70
32 120
32 105
32 99
32 144
32 100
32 71
32 141
32 76
32 132
32 96
32 90
32 93
32 147
32 140
32 121
32 78
32 113
32 117
32 137
32 69
32 65
32 111
32 84
32 87
32 108
32 92
32 89
32 143
32 127
32 77
32 79
32 101
32 80
32 95
32 130
32 122
32 107
32 91
32 123
32 125
32 109
32 66
32 136
32 142
32 67
32 68
32 110
32 102
32 98
33 22
33 35
33 21
33 49
33 51
33 13
33 17
33 30
33 25
33 20
33 54
33 44
33 45
33 59
33 23
33 28
33 53
33 50
33 14
33 18
33 29
33 60
33 9
33 52
33 39
33 55
33 48
33 26
33 57
33 19
33 61
34 122
34 53
34 96
34 72
34 135
34 54
34 79
34 112
34 132
34 116
34 117
34 91
34 123
34 71
34 97
34 85
34 73
34 120
34 81
34 82
34 111
34 56
34 86
34 100
34 50
34 127
34 126
34 77
34 90
34 103
34 99
34 48
34 128
34 115
34 130
34 114
34 134
34 105
34 83
34 63
34 80
34 58
34 136
34 57
34 98
34 78
34 107
34 119
34 95
34 101
34 104
34 55
34 49
34 65
34 110
34 68
34 106
34 60
34 76
35 51
36 40
36 33
36 34
37 34
37 31
37 33
37 30
37 36
37 40
37 28
37 35
37 32
39 143
39 144
39 141
40 65
40 66
40 67
41 100
41 54
41 67
41 109
41 79
41 90
41 50
41 56
41 124
41 117
41 114
41 92
41 118
41 99
41 84
41 62
41 76
41 81
41 91
41 78
41 60
41 71
41 119
41 122
41 52
41 120
41 89
41 86
41 107
41 112
41 123
41 125
41 104
41 102
41 61
41 121
41 64
41 53
41 59
41 101
41 108
41 46
41 98
41 47
41 110
41 73
41 95
41 58
41 57
41 80
41 48
42 51
42 46
42 36
42 60
42 45
42 64
42 49
42 38
42 72
42 48
42 74
42 41
42 65
42 75
42 54
42 56
42 40
42 39
42 62
42 63
42 47
42 59
42 57
42 68
42 52
42 58
43 54
43 57
43 50
43 52
43 40
43 51
43 53
43 41
43 49
43 46
44 67
44 69
44 65
44 62
44 68
44 66
44 63
45 145
45 139
45 142
45 133
45 135
45 138
45 137
45 141
45 143
46 123
46 108
46 135
46 73
46 130
46 127
46 77
46 138
46 117
46 82
46 128
46 126
46 103
46 91
46 132
46 80
46 136
46 92
46 100
46 87
46 85
46 86
46 104
46 114
46 124
46 98
46 118
46 78
46 76
46 75
46 101
46 105
46 111
46 93
46 109
46 139
46 134
46 125
46 131
47 70
48 80
48 77
48 76
48 69
48 72
48 81
48 68
48 73
48 79
48 75
49 110
49 89
49 103
49 79
49 88
49 120
49 56
49 95
49 101
49 80
49 70
49 63
49 100
49 97
49 78
49 57
49 52
49 83
49 130
49 104
49 69
49 117
49 98
49 66
49 112
49 54
49 94
49 71
49 118
49 129
49 96
49 72
49 128
49 113
49 108
49 114
49 132
49 68
49 67
49 122
49 53
49 121
49 123
49 131
49 119
49 74
49 77
49 106
49 59
49 76
49 105
49 91
49 111
49 115
50 79
50 91
50 82
50 84
50 89
50 92
50 90
50 78
50 98
50 83
50 94
50 95
50 81
51 41
51 42
52 70
52 73
52 57
52 56
52 42
52 50
52 48
52 6
52 44
52 26
52 24
52 7
52 35
52 63
52 30
52 21
52 62
52 60
52 27
52 13
52 39
52 55
52 45
52 51
52 11
52 31
52 34
52 71
52 20
52 19
52 61
52 5
52 68
52 18
52 32
52 28
52 49
52 72
52 41
52 65
52 36
52 10
52 66
53 78
54 62
54 66
54 58
54 53
54 71
54 59
54 48
54 32
54 68
54 38
54 35
54 57
54 45
54 42
54 40
54 37
54 52
54 50
54 43
54 69
54 28
54 31
54 44
54 70
54 29
54 36
54 63
54 65
54 34
54 67
54 72
55 131
55 123
55 130
55 139
55 126
55 129
55 127
55 125
55 119
55 120
55 132
55 134
55 136
55 137
56 126
56 129
56 135
56 124
56 132
56 136
56 125
57 21
58 106
58 102
58 101
58 116
58 126
58 103
58 115
58 129
58 136
58 127
58 122
58 120
58 110
58 111
58 133
58 132
58 104
58 107
58 105
58 112
58 135
58 113
59 21
59 20
59 28
59 24
59 25
59 23
59 27
60 103
60 106
60 89
60 109
60 79
60 110
60 72
60 99
60 90
60 68
60 87
60 70
60 67
60 96
60 88
60 84
60 80
60 85
60 91
60 92
60 75
60 108
60 73
60 105
60 77
60 82
60 71
61 113
61 108
61 98
61 78
61 80
61 101
61 106
61 88
61 110
61 90
61 99
61 79
61 96
61 81
61 74
61 94
61 75
61 104
61 85
61 93
61 86
61 105
61 77
61 76
61 111
61 82
62 120
62 122
62 125
63 78
63 55
63 65
63 75
63 94
63 85
63 51
63 88
63 53
63 110
63 87
63 99
63 60
63 76
63 45
63 89
63 105
63 35
63 34
63 107
63 66
63 56
63 104
63 58
63 98
63 36
63 49
63 29
63 79
63 101
63 84
63 111
63 113
63 108
63 41
63 67
63 92
63 114
63 96
63 97
63 70
63 73
63 31
63 69
63 71
63 39
63 59
63 115
63 80
63 33
63 50
63 106
63 47
63 37
64 146
65 111
65 97
65 110
65 91
65 86
65 99
65 92
65 93
65 109
65 103
65 85
65 108
65 84
65 87
65 96
65 102
65 104
65 95
66 91
66 42
66 45
66 56
66 49
66 75
66 95
66 101
66 62
66 70
66 100
66 63
66 82
66 90
66 87
66 79
66 93
66 98
66 48
66 72
66 94
66 60
66 86
66 44
66 54
66 50
66 84
66 55
66 80
66 85
66 99
66 78
66 41
66 81
66 53
66 74
66 83
67 140
67 139
68 146
69 86
69 73
69 94
69 78
69 84
69 98
69 57
69 77
69 63
69 55
69 56
69 89
69 87
69 74
69 100
69 96
69 95
69 72
69 67
69 65
69 97
69 80
69 83
69 79
69 68
69 90
70 57
70 38
70 31
70 65
70 17
70 25
70 47
70 29
70 14
70 10
70 63
70 59
70 44
70 40
70 72
70 64
70 20
70 50
70 66
70 43
70 67
70 62
70 68
70 42
70 34
70 52
70 33
70 27
70 28
70 51
70 48
70 49
70 16
70 60
70 32
71 38
71 33
71 36
71 27
71 35
71 29
71 37
72 139
72 115
72 114
72 142
72 136
72 117
72 124
72 143
72 116
72 129
72 130
72 134
72 132
72 121
72 123
72 131
72 119
72 111
72 110
72 126
72 137
72 122
72 135
72 133
73 108
73 103
73 100
73 105
73 107
75 134
75 137
75 135
75 127
75 141
75 128
75 139
75 140
75 133
75 130
76 66
76 63
76 61
76 57
76 64
76 60
76 59
77 8
77 4
77 5
77 9
77 7
78 32
79 101
79 97
79 100
79 90
79 94
79 91
79 95
80 146
80 147
81 102
81 117
81 127
81 110
81 128
81 111
81 104
81 120
81 134
81 126
81 133
81 100
81 125
81 101
81 115
81 131
81 124
81 106
81 108
81 99
81 113
82 119
82 123
82 133
82 122
82 127
82 125
82 138
82 135
82 129
82 128
82 131
82 126
83 96
83 116
83 113
83 112
83 115
83 107
83 121
83 110
83 139
83 135
83 125
83 119
83 130
83 123
83 114
83 120
83 100
83 104
83 134
83 136
83 95
83 128
83 137
83 124
83 118
83 122
83 131
83 106
83 108
84 42
84 49
84 26
84 41
84 50
84 23
84 24
84 25
84 43
84 51
84 40
84 38
84 21
84 27
84 36
84 19
84 47
84 32
84 29
84 46
84 28
85 72
85 70
85 74
85 77
85 78
85 73
86 142
86 141
87 105
87 96
87 89
87 94
87 86
87 99
87 91
87 104
87 95
87 97
87 101
87 90
87 92
88 141
88 139
88 135
88 137
88 144
89 61
89 60
90 73
90 68
90 64
90 61
90 69
90 71
90 67
90 70
90 60
90 66
90 65
90 58
91 114
91 115
91 117
92 99
92 108
92 111
92 103
92 100
92 115
92 107
92 116
92 118
92 102
92 122
92 104
92 105
92 119
92 120
93 45
93 46
95 74
95 106
95 49
95 85
95 88
95 67
95 113
95 82
95 80
95 89
95 64
95 61
95 77
95 115
95 69
95 84
95 114
95 109
95 90
95 70
95 100
95 97
95 110
95 73
95 111
95 58
95 99
95 68
95 117
95 75
95 105
95 56
95 63
95 107
95 57
95 76
95 98
95 91
95 112
95 55
95 86
97 27
97 19
97 29
97 25
97 28
97 17
97 42
97 20
97 9
97 21
97 47
97 16
97 31
97 41
97 39
97 26
97 35
97 10
97 44
97 43
97 23
97 30
97 7
97 18
97 48
97 38
97 24
97 12
98 52
98 60
98 67
98 50
98 57
98 53
98 54
98 51
98 61
98 66
98 59
98 68
98 56
98 55
98 63
99 69
99 70
99 66
99 83
99 84
99 95
99 81
99 78
99 68
99 85
99 79
99 80
99 67
99 71
99 59
99 94
99 64
99 97
99 72
99 65
99 76
99 93
99 60
99 74
100 87
100 83
100 82
100 102
100 94
100 99
100 91
100 93
100 75
100 104
100 90
100 85
100 79
100 84
100 98
100 73
100 103
100 105
100 76
100 92
100 74
101 39
101 42
101 27
101 30
101 26
101 22
101 29
101 25
101 36
101 28
101 37
101 40
101 43
101 32
102 76
103 35
103 46
103 70
103 89
103 75
103 52
103 74
103 71
103 84
103 56
103 49
103 47
103 38
103 58
103 55
103 65
103 37
103 48
103 86
103 63
103 78
103 39
103 64
103 36
103 66
103 73
103 61
103 50
103 94
103 72
103 67
103 93
103 85
103 51
103 82
104 115
104 114
106 125
106 123
106 121
107 35
107 48
107 41
107 43
107 40
107 39
107 47
107 42
107 52
107 34
107 44
107 46
107 45
107 49
108 31
108 33
108 30
108 34
109 84
110 121
110 118
110 122
110 120
110 117
110 125
110 126
110 127
111 42
111 24
111 91
111 69
111 87
111 51
111 36
111 76
111 56
111 53
111 77
111 74
111 68
111 75
111 28
111 66
111 33
111 57
111 31
111 64
111 84
111 78
111 97
111 79
111 38
111 98
111 86
111 73
111 59
111 81
111 25
111 47
111 39
111 55
111 45
111 63
111 40
111 95
111 67
111 52
111 65
111 43
111 85
111 27
111 82
111 35
111 62
111 83
111 44
111 90
111 32
111 60
111 23
112 52
112 77
112 68
112 43
112 46
112 76
112 59
112 48
112 57
112 87
112 55
112 35
112 88
112 92
112 54
112 90
112 78
112 62
112 65
112 58
112 63
112 83
112 94
112 72
112 64
112 39
112 60
112 71
112 44
112 51
112 70
112 81
112 36
112 61
112 49
112 96
112 84
112 80
112 97
112 85
112 47
114 124
114 127
114 126
115 129
115 134
115 132
115 136
115 130
115 139
115 141
115 135
116 121
117 75
117 78
117 73
117 79
117 70
117 84
117 69
117 76
117 74
117 88
117 83
117 85
117 77
117 80
117 90
118 115
118 137
118 125
118 136
118 129
118 108
118 98
118 101
118 97
118 93
118 133
118 99
118 96
118 122
118 87
118 106
118 128
118 123
118 113
118 107
118 112
118 88
118 100
118 132
118 109
118 120
118 117
118 104
118 135
119 30
119 52
119 39
119 62
119 95
119 53
119 65
119 63
119 43
119 68
119 40
119 50
119 60
119 78
119 71
119 58
119 93
119 54
119 80
119 47
119 73
119 59
119 76
119 70
119 44
119 79
119 48
119 38
119 86
119 90
119 87
119 96
119 45
119 69
119 91
119 66
119 67
119 31
119 72
119 51
119 77
119 88
119 33
120 142
121 101
121 107
121 108
121 99
121 110
121 111
121 95
121 93
121 103
121 87
121 104
121 94
121 91
121 92
121 112
121 100
121 97
122 11
122 10
122 13
123 132
123 138
123 125
123 136
123 137
123 139
123 129
123 127
124 96
124 105
124 98
124 114
124 100
124 108
124 103
124 111
124 89
124 88
124 116
124 113
124 101
124 107
124 90
124 92
124 112
125 147
125 145
126 139
126 137
126 135
127 101
127 105
127 90
127 104
127 92
127 99
127 83
127 88
127 95
127 98
127 106
127 86
127 109
127 108
127 111
127 87
127 82
127 102
127 110
127 103
127 93
128 70
128 68
129 93
129 98
129 89
129 94
129 90
129 96
129 101
129 100
129 99
130 103
130 102
130 98
130 85
130 107
130 90
130 99
130 87
130 110
130 89
130 84
130 97
130 95
130 96
130 108
130 104
130 111
132 129
132 114
132 75
132 96
132 112
132 128
132 111
132 69
132 107
132 104
132 74
132 93
132 118
132 64
132 131
132 71
132 89
132 82
132 126
132 108
132 70
132 94
132 76
132 109
132 110
132 123
132 86
132 85
132 53
132 113
132 127
132 55
132 77
132 95
132 124
132 98
132 67
132 62
132 60
132 115
132 99
132 117
132 100
132 103
132 105
132 121
132 54
132 106
132 91
132 84
132 61
132 122
132 58
132 102
133 80
133 66
133 87
133 74
133 108
133 47
133 71
133 83
133 106
133 72
133 101
133 77
133 57
133 100
133 45
133 102
133 53
133 91
133 82
133 97
133 105
133 68
133 94
133 90
133 99
133 81
133 75
133 58
133 109
133 67
133 111
133 55
133 88
133 48
133 61
133 85
133 95
133 41
133 84
133 64
133 49
133 51
133 89
133 52
133 103
133 86
134 114
134 144
134 131
134 139
134 140
134 133
134 136
134 115
134 119
134 120
134 141
134 127
134 128
134 145
134 118
134 132
134 122
134 146
134 142
134 125
134 126
134 143
134 130
135 75
135 76
135 77
136 130
137 103
137 114
137 98
137 112
137 83
137 93
137 90
137 107
137 100
137 89
137 86
137 108
137 118
137 88
137 97
137 81
137 96
137 94
137 119
137 87
137 117
137 110
137 109
137 111
137 101
137 121
137 99
138 112
138 129
138 111
138 130
138 133
138 117
138 128
138 135
138 118
138 119
138 126
138 113
138 124
138 134
138 137
138 115
139 112
139 122
139 90
139 127
139 97
139 134
139 103
139 123
139 99
139 95
139 114
139 101
139 135
139 118
139 108
139 126
139 106
139 130
139 128
139 98
139 115
139 105
139 100
139 109
139 88
139 92
139 113
139 104
139 136
139 133
140 144
140 142
141 22
141 23
142 70
142 21
142 30
142 27
142 71
142 33
142 47
142 69
142 44
142 31
142 50
142 57
142 74
142 80
142 38
142 52
142 72
142 19
142 79
142 77
142 78
142 40
142 51
142 28
142 39
142 82
142 49
142 23
142 20
142 34
142 62
142 63
142 53
142 64
142 29
142 61
142 36
142 65
142 60
142 73
142 81
142 17
142 59
142 55
142 26
143 18
143 17
143 20
143 15
143 13
143 24
143 14
143 19
143 10
144 83
144 39
144 137
144 84
144 82
144 130
144 24
144 44
144 20
144 103
144 64
144 134
144 14
144 122
144 67
144 9
144 70
144 8
144 54
144 32
144 138
144 59
144 73
144 79
144 43
144 41
144 101
144 113
144 96
144 140
144 17
144 51
144 90
144 28
144 12
144 26
144 127
144 107
144 135
144 114
144 105
144 97
144 117
144 37
144 85
144 112
144 49
144 23
144 116
144 31
144 53
144 81
144 136
144 60
144 35
144 94
144 48
144 128
144 52
144 104
144 62
144 40
144 61
144 22
144 47
144 71
144 77
144 125
144 65
144 11
144 16
144 139
144 106
144 7
144 88
144 6
144 99
144 111
144 89
144 87
144 92
144 57
144 33
144 115
144 118
144 21
145 108
145 117
145 107
145 115
145 109
145 104
145 106
145 116
145 110
145 111
145 112
146 145
146 144
147 77
147 74
147 81
147 78
147 75
1 139
1 140
2 97
2 88
2 93
2 91
2 94
2 99
2 100
2 98
2 96
2 92
2 101
3 61
3 24
3 22
3 59
3 32
3 23
3 31
3 37
3 33
3 30
3 49
3 28
3 74
3 34
3 63
3 45
4 55
4 33
4 50
4 47
4 53
4 34
4 39
4 38
4 51
4 42
4 54
4 45
4 59
4 44
4 41
4 58
4 57
4 43
4 40
5 130
6 18
6 16
6 26
6 14
6 27
6 10
6 23
6 22
6 5
6 11
6 28
6 4
6 12
6 8
6 21
7 62
7 69
7 68
7 65
7 67
7 71
8 146
9 26
9 23
9 29
9 14
9 28
9 18
9 13
10 72
10 85
10 42
10 65
10 66
10 75
10 69
10 71
10 50
10 80
10 56
10 52
10 64
10 51
10 63
10 88
10 57
10 76
10 93
10 43
10 49
10 81
10 74
10 68
10 44
10 48
10 77
10 41
11 102
11 107
11 108
11 110
11 121
11 114
11 113
11 104
13 125
13 127
13 128
14 6
14 8
15 110
15 112
15 109
15 111
16 139
16 136
16 142
16 134
16 141
16 135
16 137
16 138
17 82
17 108
17 81
17 71
17 123
17 72
17 111
17 79
17 93
17 75
17 92
17 112
17 101
17 115
17 97
17 74
17 91
17 73
17 78
17 88
17 90
17 94
17 70
17 117
17 110
17 87
17 86
17 96
17 119
17 104
17 118
17 98
17 107
17 99
17 109
17 116
18 100
18 113
18 129
18 110
18 108
18 114
18 128
18 97
18 111
18 105
18 124
18 112
18 99
18 123
18 130
18 122
18 117
19 21
19 22
19 26
19 24
19 17
19 16
20 143
20 144
21 145
21 144
22 32
22 35
22 34
22 45
22 60
22 42
22 56
22 58
22 26
22 36
22 59
22 52
22 27
22 21
22 47
22 57
22 31
22 25
22 61
22 30
22 48
22 29
22 37
22 33
22 40
22 38
23 74
23 89
23 92
23 68
23 72
23 100
23 97
23 70
23 95
23 91
23 83
23 84
23 77
23 81
23 94
23 87
23 73
23 67
23 90
23 66
24 48
24 50
24 41
24 27
24 37
24 36
24 84
24 20
24 81
24 65
24 76
24 71
24 55
24 52
24 40
24 51
24 79
24 66
24 60
24 74
24 63
24 75
24 43
24 62
24 42
24 29
24 57
24 49
24 54
24 72
24 46
24 77
24 69
24 35
24 39
24 67
24 70
24 26
25 128
25 136
25 127
25 134
25 129
25 135
26 137
26 136
26 141
26 143
26 138
26 140
27 80
27 81
28 80
29 64
29 59
29 60
29 62
30 83
30 74
30 80
30 81
30 77
32 83
32 94
32 88
32 85
32 86
33 74
33 69
33 73
34 147
34 145
34 146
35 19
35 28
35 17
35 34
35 22
35 20
35 33
35 25
35 26
35 21
35 24
35 27
35 16
35 29
35 32
35 30
36 92
36 108
36 99
36 96
36 101
36 93
36 103
36 112
36 113
36 94
36 97
36 104
36 95
37 135
37 133
37 136
37 131
37 134
38 134
38 131
38 135
38 130
39 119
39 113
39 109
39 93
39 99
39 100
39 91
39 116
39 108
39 85
39 87
39 115
39 96
39 104
39 89
39 97
39 110
39 114
39 92
39 112
39 117
39 103
39 111
39 102
40 88
40 64
40 75
40 47
40 61
40 58
40 60
40 53
40 70
40 44
40 34
40 57
40 49
40 20
40 91
40 42
40 13
40 72
40 21
40 23
40 29
40 14
40 78
40 38
40 45
40 82
40 39
40 73
40 32
40 48
40 89
40 51
40 30
40 71
40 18
40 19
40 77
40 31
40 25
40 63
40 50
40 90
40 28
40 17
40 69
40 16
40 83
40 35
41 97
41 82
41 96
41 87
41 106
41 94
42 123
43 30
43 28
43 27
44 113
44 81
44 56
44 98
44 117
44 104
44 102
44 112
44 49
44 77
44 79
44 84
44 95
44 99
44 85
44 110
44 73
44 48
44 118
44 59
44 94
44 82
44 91
44 109
44 116
44 70
44 115
44 103
44 93
44 54
44 88
44 75
44 87
44 111
44 114
44 53
44 60
44 101
44 92
44 71
44 83
44 64
45 86
45 67
45 105
45 106
45 91
45 72
45 80
45 66
45 82
45 108
45 69
45 107
45 100
45 99
45 97
45 87
45 81
45 102
45 75
45 101
45 78
45 95
45 90
45 93
45 104
45 64
45 58
45 62
45 71
45 103
45 61
45 68
45 73
45 96
45 89
45 59
45 83
45 56
45 98
46 17
46 15
46 23
46 10
46 14
46 25
46 11
46 24
46 20
46 22
46 5
46 9
46 12
46 7
46 21
46 6
47 65
47 54
47 64
47 62
47 55
47 51
47 66
47 86
47 59
47 73
47 74
47 60
47 71
47 79
47 81
47 52
47 75
47 80
47 82
47 76
47 46
47 68
47 83
47 49
47 67
47 69
47 50
48 67
48 114
48 44
48 34
48 103
48 46
48 110
48 32
48 39
48 66
48 85
48 24
48 62
48 95
48 36
48 53
48 59
48 40
48 106
48 21
48 108
48 89
48 119
48 90
48 54
48 52
48 117
48 71
48 96
48 104
48 102
48 57
48 29
48 99
48 83
48 20
48 50
48 82
48 84
48 123
48 70
48 63
48 26
48 92
48 107
48 118
48 93
48 64
48 105
48 115
48 37
48 122
48 113
48 41
48 87
48 109
49 7
49 21
49 18
49 15
49 9
49 11
49 10
49 19
49 16
49 17
49 12
50 132
51 85
51 69
51 88
51 82
51 89
51 79
51 86
51 67
51 92
51 70
51 75
51 73
51 66
51 76
51 80
51 68
51 71
52 59
52 64
52 77
52 75
52 58
52 74
52 69
54 89
54 49
54 56
54 60
54 88
54 106
54 85
54 77
54 64
54 99
54 46
54 47
54 83
54 104
54 110
54 79
54 73
54 80
54 96
54 51
54 94
54 76
54 81
54 95
54 98
54 111
54 92
54 108
54 102
54 103
54 86
54 97
54 91
54 78
55 121
55 83
55 96
55 87
55 110
55 89
55 92
55 90
55 98
55 104
55 112
55 101
55 113
55 105
55 94
55 117
55 100
55 116
55 135
55 138
55 99
55 93
55 140
55 107
55 114
55 133
55 102
55 109
56 34
56 55
56 45
56 66
56 64
56 30
56 63
56 38
56 52
56 33
56 65
56 58
56 47
56 53
56 50
56 39
56 48
56 46
56 54
56 32
56 36
56 51
56 60
56 44
56 31
56 62
57 139
58 100
58 99
59 121
59 119
59 117
59 118
60 28
60 32
60 26
60 24
60 23
60 33
61 117
61 119
61 114
61 120
61 115
62 110
62 96
62 69
62 109
62 95
62 116
62 127
62 112
62 77
62 98
62 83
62 97
62 80
62 76
62 104
62 115
62 88
62 108
62 102
62 94
62 70
62 74
62 113
62 121
62 105
62 93
62 119
62 118
62 111
62 64
62 87
62 123
62 91
62 81
62 124
62 90
62 84
62 78
62 101
63 91
63 90
64 135
64 136
64 139
64 138
65 51
65 69
65 43
65 71
65 59
65 80
65 46
65 73
65 82
65 63
65 77
65 55
65 61
65 49
65 78
65 79
65 42
65 89
65 52
65 50
65 70
65 54
65 76
65 64
65 74
65 88
66 127
67 73
67 77
67 71
67 76
67 78
67 81
67 72
67 79
67 69
67 80
67 75
68 100
68 88
68 80
68 83
68 94
68 92
68 98
68 71
68 72
68 86
68 99
68 96
68 84
68 79
68 87
68 101
68 90
68 91
68 95
68 104
68 89
68 77
69 116
69 123
69 117
69 118
69 121
69 119
69 120
69 113
70 109
70 96
70 89
70 101
70 88
70 110
70 91
70 93
70 98
70 92
70 114
70 116
70 107
70 104
70 106
70 105
70 113
70 99
70 111
71 39
71 44
71 40
71 30
71 31
71 34
71 45
71 43
71 32
71 53
71 52
72 86
72 87
72 77
72 74
72 89
72 79
72 78
72 92
72 75
72 66
72 70
72 82
72 90
72 76
72 71
72 68
72 88
72 84
73 36
73 24
73 30
73 49
73 26
73 38
73 37
73 18
73 44
73 28
73 16
73 23
73 35
73 48
73 43
73 14
73 40
73 19
73 20
73 46
73 13
73 25
74 99
74 97
74 67
74 68
74 96
74 85
74 77
74 72
74 84
74 91
74 103
74 100
74 92
74 102
74 82
74 70
74 88
74 93
74 98
74 90
74 87
74 86
74 95
74 80
74 78
74 104
74 62
74 79
74 105
74 66
75 136
76 132
76 130
76 141
76 137
76 133
76 135
76 131
76 136
76 138
76 128
77 11
77 14
77 13
78 118
79 66
79 105
79 104
79 83
79 62
79 71
79 77
79 53
79 78
79 96
79 72
79 87
79 93
79 54
79 107
79 92
79 85
79 67
79 64
79 84
79 69
79 73
79 89
79 63
79 88
79 99
79 75
79 86
79 108
80 69
80 68
80 72
81 105
82 120
82 124
82 121
83 34
83 37
83 18
83 43
83 39
83 31
83 26
83 40
83 41
83 42
83 23
83 30
83 25
83 49
83 36
83 22
83 46
83 27
83 29
83 21
83 45
83 48
83 19
83 32
84 143
84 134
84 140
84 133
84 135
84 141
84 139
84 142
85 138
85 139
85 141
85 140
85 142
86 90
87 110
87 100
87 102
87 115
87 98
87 103
87 112
87 107
87 114
88 130
88 112
88 128
88 106
88 114
88 132
88 104
88 118
88 113
88 122
88 107
88 134
88 127
88 125
88 110
88 129
88 105
88 108
88 121
88 133
88 117
89 136
89 137
89 140
89 133
89 129
89 132
89 139
89 130
89 135
89 128
90 75
90 74
90 72
91 14
91 13
91 16
91 20
91 24
91 21
91 10
91 18
92 139
93 115
93 107
93 113
93 122
93 114
93 132
93 130
93 125
93 99
93 133
93 129
93 106
93 110
93 111
93 112
93 123
93 108
93 116
93 101
93 117
93 128
93 100
94 118
95 34
95 38
95 17
95 22
95 21
95 35
95 39
95 16
95 37
95 29
95 15
95 33
95 36
95 28
95 42
95 30
95 18
96 132
96 135
96 139
96 142
96 134
96 138
97 83
97 36
97 33
97 46
97 54
97 78
97 37
97 55
97 62
97 57
97 76
97 58
97 63
97 77
97 32
97 34
97 60
97 74
97 52
97 22
97 67
97 81
97 87
97 90
97 86
97 70
97 49
97 40
97 65
97 61
97 84
97 53
97 56
98 107
98 111
98 110
98 112
98 108
99 61
100 38
100 51
100 107
100 35
100 57
100 71
100 67
100 41
100 55
100 78
100 89
100 112
100 69
100 42
100 80
100 110
100 50
100 32
100 106
100 96
100 115
100 64
100 72
100 88
100 116
100 56
100 43
100 95
100 34
100 39
100 52
100 33
100 113
100 40
100 48
100 59
100 61
100 114
100 65
100 46
100 49
101 127
101 98
101 122
101 135
101 91
101 130
101 137
101 109
101 84
101 116
101 133
101 129
101 112
101 140
101 87
101 79
101 86
101 114
101 141
101 90
101 117
101 136
101 126
101 105
101 93
101 99
101 83
101 96
101 85
101 128
101 95
101 111
101 132
101 131
101 103
102 59
102 52
102 63
102 64
102 53
102 49
102 56
102 60
102 57
103 130
103 125
103 115
103 124
103 126
103 117
103 129
103 114
103 110
103 123
103 131
103 134
103 121
103 138
103 106
103 109
103 107
103 136
103 119
103 111
103 113
103 135
104 93
104 99
104 113
104 106
104 100
104 98
104 109
104 107
104 116
104 95
104 111
104 97
104 117
104 96
104 91
104 112
104 92
104 108
104 101
104 102
105 102
105 109
105 107
105 108
105 103
106 126
107 51
107 71
107 72
107 64
107 57
107 70
107 55
107 61
107 75
107 54
107 74
107 59
108 61
108 56
108 17
108 52
108 19
108 47
108 23
108 32
108 16
108 29
108 55
108 59
108 48
108 79
108 60
108 73
108 58
108 70
108 71
108 57
108 80
108 43
108 66
108 77
108 45
108 15
108 63
108 26
108 49
108 78
108 28
108 39
108 68
108 42
108 36
108 24
108 65
108 38
108 75
109 20
109 18
109 16
109 19
109 17
110 62
110 65
110 61
110 63
110 55
110 58
110 64
111 5
111 26
111 10
111 16
111 4
111 37
111 6
111 3
111 17
111 12
111 30
111 20
111 22
111 7
112 131
112 122
112 125
112 66
112 115
112 93
112 139
112 73
112 82
112 105
112 140
112 127
112 118
112 130
112 45
112 102
112 137
112 103
112 42
112 41
112 53
112 111
112 133
112 124
112 134
112 121
112 79
112 91
112 69
112 126
112 86
112 136
112 50
112 106
112 123
112 100
112 138
112 135
112 108
112 116
112 67
112 99
112 98
113 41
113 37
113 45
113 35
113 29
113 27
113 23
113 33
113 32
113 30
113 25
113 42
113 40
113 31
113 19
113 28
113 39
113 43
114 85
114 87
114 81
114 93
114 88
114 86
114 95
114 90
114 83
114 92
114 82
115 95
115 46
115 73
115 57
115 54
115 105
115 39
115 64
115 67
115 45
115 63
115 58
115 80
115 43
115 109
115 76
115 90
115 81
115 96
115 98
115 83
115 44
115 51
115 103
115 93
115 107
115 100
115 41
115 69
115 49
115 78
115 52
115 48
115 50
115 94
115 71
115 85
115 88
115 79
115 60
115 55
115 70
115 65
115 97
115 62
115 36
115 40
116 132
116 127
116 123
116 130
116 129
116 131
116 134
116 126
117 36
117 22
117 38
117 30
117 17
117 39
117 19
117 27
117 35
117 37
117 18
117 32
117 41
117 24
117 25
117 40
117 21
118 69
118 82
118 83
118 77
118 74
118 76
118 84
118 78
118 81
118 73
118 75
118 71
118 72
119 133
119 132
119 134
119 135
119 136
120 113
120 128
120 111
120 119
120 127
120 131
120 118
120 115
120 116
120 117
120 126
121 124
121 120
121 127
121 119
121 130
121 129
121 128
122 74
122 111
122 64
122 68
122 72
122 100
122 89
122 90
122 62
122 65
122 88
122 63
122 60
122 81
122 96
122 105
122 67
122 97
122 79
122 102
122 108
122 83
122 93
122 70
122 98
122 114
122 61
122 86
122 95
122 76
122 71
122 107
122 78
122 87
122 110
123 101
123 92
123 78
123 85
123 105
123 104
123 73
123 100
123 94
123 82
123 97
123 99
123 107
123 86
123 81
123 111
123 75
123 93
123 106
123 74
123 114
123 112
123 116
123 102
123 115
123 77
123 117
123 76
124 134
124 132
125 9
125 18
125 15
125 12
125 19
125 16
125 11
125 14
125 13
126 37
126 31
126 43
126 40
126 34
126 36
126 32
126 38
127 72
127 74
127 75
127 76
127 71
127 78
128 95
128 108
128 102
128 94
128 110
128 98
128 107
128 109
128 111
128 97
128 92
128 100
129 131
129 135
129 133
129 139
129 141
129 134
129 136
129 138
129 146
129 132
130 75
130 81
130 74
130 100
130 69
130 80
130 120
130 77
130 68
130 66
130 86
130 113
130 105
130 72
130 91
130 76
130 116
130 115
130 67
130 117
130 109
130 88
130 70
130 92
130 83
130 73
130 94
130 71
130 78
131 73
131 59
131 62
131 82
131 84
131 67
131 76
131 75
131 69
131 81
131 77
131 61
131 78
131 71
131 86
131 72
131 83
131 85
131 64
131 66
132 125
133 15
133 19
133 17
133 21
133 22
133 14
135 123
135 97
135 131
135 80
135 109
135 114
135 81
135 89
135 113
135 101
135 127
135 129
135 86
135 105
135 104
135 103
135 119
135 85
135 79
135 110
135 120
135 94
135 125
135 100
135 84
135 108
135 90
135 87
135 112
135 92
135 117
135 111
136 87
136 95
136 112
136 115
136 120
136 79
136 90
136 96
136 97
136 110
136 111
136 113
136 100
136 106
136 119
136 81
136 107
136 84
136 78
136 85
136 108
136 116
136 88
136 77
136 80
136 86
136 98
136 103
136 76
137 65
138 38
138 39
139 76
139 75
139 74
140 90
140 37
140 76
140 47
140 26
140 25
140 58
140 43
140 67
140 74
140 60
140 65
140 42
140 32
140 38
140 62
140 80
140 55
140 41
140 61
140 49
140 79
140 45
140 70
140 85
140 63
140 51
140 50
140 72
140 44
140 82
140 53
140 88
140 81
140 86
140 59
140 66
140 56
140 48
140 87
141 79
141 67
141 107
141 95
141 73
141 70
141 58
141 78
141 69
141 108
141 89
141 110
141 119
141 91
141 88
141 106
141 109
141 99
141 97
141 120
141 77
141 66
141 86
141 93
141 60
141 84
141 76
141 62
141 98
141 121
141 103
141 75
141 111
141 68
141 72
141 117
141 122
141 113
141 92
141 118
141 65
141 82
142 37
142 41
142 32
142 43
142 35
143 130
143 142
143 138
143 133
143 147
143 141
143 131
143 129
143 132
143 136
143 145
143 137
143 146
144 34
144 72
144 55
144 45
144 30
144 76
144 42
144 75
144 86
144 66
145 41
145 35
145 42
145 66
145 67
145 65
145 82
145 69
145 38
145 83
145 81
145 75
145 28
145 76
145 46
145 49
145 36
145 29
145 27
145 71
145 39
145 54
145 31
145 53
145 47
145 70
145 33
145 52
145 56
145 25
145 78
145 73
145 24
145 40
145 68
145 64
145 30
145 79
145 32
145 57
146 59
146 65
146 66
146 58
146 61
146 68
146 57
146 64
147 99
147 98
147 79
147 82
147 96
147 97
147 100
147 71
147 89
147 101
147 94
147 73
147 88
147 85
147 91
147 104
147 80
147 102
147 93
1 109
1 112
1 116
1 104
1 117
1 107
1 108
1 114
1 106
1 111
2 77
2 74
2 75
3 121
3 72
3 122
3 134
3 126
3 106
3 124
3 84
3 100
3 129
3 90
3 70
3 130
3 85
3 75
3 98
3 81
3 125
3 128
3 132
3 87
3 101
3 115
4 144
4 145
4 146
5 24
6 54
6 86
6 63
6 93
6 31
6 65
6 50
6 106
6 81
6 72
6 79
6 102
6 80
6 97
6 39
6 40
6 66
6 95
6 108
6 57
6 51
6 101
6 96
6 59
6 98
6 42
6 24
6 100
6 104
6 73
6 52
6 43
6 36
6 49
6 83
6 53
6 77
6 74
6 35
6 92
6 90
6 64
6 48
6 67
6 47
6 44
6 84
6 32
6 37
6 78
7 147
8 59
8 57
8 56
8 99
8 58
8 61
8 96
8 63
8 74
8 103
8 100
8 95
8 94
8 82
8 102
8 66
8 92
8 62
9 84
9 90
9 105
9 66
9 113
9 75
9 119
9 70
9 71
9 88
9 104
9 101
9 93
9 121
9 68
9 85
9 81
9 109
9 106
9 103
9 117
9 73
9 92
9 107
9 118
9 108
9 116
9 80
9 74
9 98
9 122
9 102
9 120
10 18
10 15
10 17
10 14
10 22
11 85
11 94
11 95
11 78
11 75
11 82
11 91
11 96
11 84
11 97
11 93
11 81
11 79
11 88
11 89
11 90
11 87
12 46
12 44
12 37
12 48
12 55
12 42
12 60
12 31
12 38
12 33
12 45
12 30
12 43
12 32
12 47
12 41
12 54
12 40
12 51
12 59
12 58
14 29
14 28
14 30
14 31
15 69
15 85
15 99
15 75
15 88
15 101
15 95
15 72
15 86
15 73
15 87
15 80
15 94
15 105
15 83
15 74
15 100
15 102
15 66
15 93
15 77
15 79
15 84
15 92
16 89
16 92
16 91
16 93
17 144
17 139
17 140
17 142
17 133
17 122
18 28
18 35
18 29
19 138
19 140
19 144
19 136
19 146
19 134
19 145
19 133
19 139
20 106
20 103
20 74
20 116
20 100
20 102
20 91
20 92
20 104
20 107
20 109
20 87
20 75
20 120
20 113
20 110
20 81
20 90
20 114
20 73
20 115
21 48
21 71
21 66
21 74
21 43
21 68
21 82
21 72
21 69
21 64
21 75
21 79
21 78
21 83
21 42
21 57
21 85
21 86
21 84
21 76
21 65
21 73
22 133
22 105
22 111
22 144
22 125
22 134
22 130
22 127
22 146
22 95
22 121
22 122
22 108
22 139
22 124
22 120
22 135
22 128
22 101
22 126
22 136
22 142
22 145
22 107
22 119
22 116
22 131
22 102
22 140
23 128
23 118
23 126
23 114
23 106
23 136
23 116
23 132
23 121
23 127
23 110
23 120
23 125
23 138
23 130
23 131
23 137
23 135
23 108
24 94
24 116
24 114
24 129
24 64
24 120
24 132
24 86
24 98
24 104
24 106
24 121
24 111
24 107
24 117
24 125
24 78
24 100
24 128
24 53
24 80
24 87
24 61
24 133
24 99
24 130
24 89
24 90
24 113
24 119
24 134
24 108
24 131
24 123
24 118
24 115
24 91
25 41
25 38
25 54
25 60
25 45
25 73
25 52
25 46
25 42
25 63
25 40
25 43
25 72
25 55
25 58
25 68
25 64
25 71
25 56
25 62
26 96
26 100
26 94
26 99
27 69
27 76
28 134
28 132
29 102
29 111
29 108
29 107
29 109
29 117
29 114
30 138
30 136
30 139
30 140
31 83
31 132
31 127
31 106
31 126
31 134
31 78
31 122
31 91
31 103
31 125
31 123
31 113
31 119
31 88
31 101
31 87
31 110
31 109
31 84
31 96
31 136
31 111
31 98
31 93
31 138
31 118
31 105
31 92
31 90
31 80
31 95
31 79
31 121
31 137
31 131
31 85
31 130
31 81
31 108
31 94
32 73
32 75
33 147
34 108
34 102
34 109
35 111
35 96
35 93
35 115
35 113
35 99
35 116
35 114
35 98
35 106
35 110
35 117
35 104
35 125
35 97
35 103
35 109
35 100
35 127
35 126
35 128
35 102
35 95
35 112
35 118
35 122
36 138
36 118
36 130
36 106
36 100
36 134
36 140
36 88
36 102
36 123
36 87
36 124
36 110
36 135
36 105
36 115
36 132
36 137
36 119
36 131
36 125
36 122
36 133
36 142
36 126
36 117
36 98
37 142
37 146
37 143
37 145
37 140
37 139
38 52
38 51
38 57
38 42
38 55
38 69
38 70
38 45
38 71
38 53
38 43
38 68
38 77
38 64
38 73
38 49
38 63
38 56
38 79
38 76
38 44
38 47
38 74
38 48
39 16
39 18
39 17
40 102
40 119
40 97
40 114
40 113
40 104
40 103
40 116
40 111
40 117
40 112
40 120
40 115
40 123
40 99
40 126
40 108
40 122
41 77
41 66
41 68
42 91
42 92
42 93
42 86
42 85
43 6
44 74
44 76
44 105
44 80
44 72
44 78
44 107
44 106
44 108
44 90
44 86
44 121
44 119
44 96
46 64
46 67
46 72
46 57
46 79
46 63
46 66
46 58
46 62
46 71
47 11
47 13
47 16
47 9
47 12
47 15
48 23
48 42
48 35
48 19
48 27
48 16
48 47
48 43
48 14
48 45
48 30
48 18
48 15
48 25
48 28
48 31
49 87
50 107
50 106
51 99
51 53
51 58
51 87
51 95
51 94
51 43
51 97
51 117
51 113
51 100
51 90
51 47
51 129
51 72
51 39
51 50
51 56
51 101
51 116
51 120
51 102
51 62
51 103
51 65
51 48
51 64
51 55
51 74
51 121
51 111
51 118
51 54
51 115
51 78
51 123
51 112
51 61
51 107
51 105
51 77
51 57
51 124
51 63
51 91
51 127
51 104
51 59
51 60
52 110
52 123
52 132
52 128
52 135
52 112
52 116
52 117
52 124
52 121
52 136
52 120
52 115
52 129
52 113
52 134
53 79
53 73
53 45
53 83
53 85
53 71
53 36
53 76
53 66
53 56
53 44
53 34
53 89
53 88
53 52
53 77
53 55
53 87
53 70
53 30
53 75
53 51
53 60
53 32
53 64
53 74
53 58
53 42
53 81
53 63
53 38
53 72
53 69
53 47
53 35
54 87
54 107
54 109
54 100
54 101
54 93
55 84
55 86
55 91
55 81
55 88
55 80
55 95
56 144
56 138
56 134
56 139
56 142
57 78
57 69
57 66
57 72
57 81
57 59
57 70
57 75
57 79
57 74
57 80
57 77
57 60
57 73
57 68
57 62
57 76
57 56
58 144
58 146
59 69
59 78
59 68
59 93
59 82
59 73
59 77
59 99
59 90
59 98
59 47
59 91
59 58
59 94
59 84
59 32
59 46
59 40
59 30
59 50
59 63
59 87
59 83
59 72
59 38
59 15
59 97
59 76
59 102
59 22
59 65
59 100
59 56
59 88
59 62
59 67
59 37
59 80
59 49
59 92
59 66
59 34
59 33
59 16
59 51
59 64
59 61
59 19
59 31
60 22
60 27
60 21
60 30
60 38
60 20
60 39
60 37
60 41
60 34
60 43
60 44
60 29
60 31
61 122
61 127
61 121
61 100
61 133
61 132
61 102
61 109
61 112
61 129
61 107
61 123
61 118
61 131
61 126
62 73
62 53
62 72
62 79
62 106
62 68
62 89
62 57
62 66
62 75
62 59
62 58
62 55
62 85
62 71
63 125
63 121
63 126
63 112
63 118
63 116
63 129
63 117
63 123
63 122
63 131
64 9
64 10
64 6
65 139
66 118
66 126
66 124
66 119
66 125
66 115
66 121
67 129
67 113
67 131
67 132
67 133
67 136
67 125
67 120
67 134
67 119
67 114
67 115
67 135
67 122
67 118
68 110
68 93
68 106
68 108
68 111
68 82
68 102
68 114
68 97
68 112
68 85
68 78
68 76
68 105
68 109
68 115
69 71
69 109
69 88
69 53
69 36
69 34
69 26
69 33
69 48
69 45
69 16
69 28
69 93
69 44
69 49
69 127
69 39
69 38
69 12
69 25
69 14
69 13
69 11
69 114
69 47
69 75
69 134
69 19
69 103
69 15
69 31
69 17
69 23
69 115
69 131
69 105
69 46
69 129
69 18
69 40
69 133
69 81
69 107
69 85
69 132
69 43
69 61
69 22
69 101
69 54
69 91
69 35
69 52
69 92
69 122
69 60
69 106
69 37
69 135
69 82
70 79
70 78
70 75
70 81
70 74
70 73
71 91
71 82
71 75
71 58
71 90
71 94
71 84
71 80
71 60
71 74
71 89
71 67
71 62
71 61
71 55
71 96
71 69
71 64
71 86
71 95
71 65
71 87
71 83
71 99
71 50
71 97
71 47
71 48
71 56
71 63
71 81
71 68
72 46
72 63
72 54
72 51
72 59
72 65
72 48
72 52
72 53
72 64
72 60
72 69
72 57
72 83
72 44
72 61
72 85
73 29
73 33
73 31
73 22
73 27
73 15
73 21
74 15
74 12
74 13
74 9
74 11
75 123
75 119
75 118
75 115
75 116
75 122
75 124
75 126
75 120
75 131
75 113
75 138
75 111
75 114
76 115
76 134
76 121
76 125
76 124
76 120
76 129
76 116
76 118
77 147
78 56
78 84
78 81
78 85
78 72
78 57
78 54
78 69
78 73
78 86
78 87
78 91
78 50
78 62
78 89
78 93
78 66
78 52
78 58
78 68
78 51
78 59
78 55
78 88
78 76
78 94
78 64
78 70
79 48
79 50
79 30
79 40
79 44
79 65
79 45
79 74
79 38
79 49
79 32
79 61
79 82
79 70
79 81
79 26
79 42
79 58
79 59
79 27
79 68
79 25
81 123
81 119
82 100
82 104
82 97
82 105
82 102
82 103
83 66
83 86
83 82
83 65
83 80
83 88
83 76
83 72
83 69
83 64
83 87
83 78
83 77
83 68
83 67
83 70
84 100
84 81
84 89
84 86
84 106
84 88
84 94
84 105
84 92
84 101
84 108
84 95
84 87
84 91
84 103
84 83
84 104
84 102
84 97
84 93
85 119
85 133
85 125
85 101
85 112
85 147
85 137
85 116
85 108
85 114
85 134
85 144
85 123
85 104
85 115
85 130
85 145
85 131
85 135
85 111
85 124
85 106
85 120
85 107
85 110
85 127
85 129
85 122
85 143
85 118
85 121
86 137
86 132
86 136
86 133
86 128
86 129
86 139
86 130
86 131
86 147
86 144
86 140
87 69
87 64
87 74
87 41
87 45
87 55
87 44
87 39
87 43
87 29
87 56
87 47
87 27
87 24
87 60
87 75
87 58
87 26
87 42
87 33
87 50
87 49
87 37
87 73
87 61
87 30
87 72
87 25
87 54
87 78
87 57
87 63
87 77
87 35
87 48
87 51
87 38
88 85
88 87
88 83
89 142
89 122
89 141
89 125
89 127
89 146
89 143
89 121
89 138
89 124
90 49
90 44
90 41
90 46
90 42
90 48
90 40
91 111
91 110
91 116
91 102
91 112
91 121
91 139
91 109
91 119
91 134
91 103
91 140
91 98
91 137
91 99
91 138
91 133
91 132
91 122
91 135
91 113
91 97
91 125
92 133
92 137
92 132
92 134
93 96
93 78
93 74
93 98
93 87
93 85
93 75
93 90
93 104
93 97
93 77
93 84
93 105
93 80
93 82
93 109
93 103
93 83
94 129
94 139
94 135
94 136
94 131
94 140
94 130
94 134
94 132
95 125
95 116
95 123
95 124
95 119
95 118
95 120
96 50
96 45
96 41
96 47
96 49
96 48
97 95
97 100
97 93
97 71
97 75
97 94
97 80
97 103
97 96
97 105
97 88
97 91
97 92
98 92
98 97
98 95
98 106
98 122
98 94
98 90
98 114
98 102
98 116
98 100
98 104
98 101
98 121
98 118
98 115
98 119
98 91
98 103
98 93
99 20
99 11
99 18
99 12
99 16
99 15
99 17
99 19
100 130
100 123
100 121
100 126
100 125
100 128
100 127
100 131
101 66
101 62
101 67
101 68
101 63
102 16
102 14
102 17
102 22
102 34
102 20
102 29
102 19
102 21
102 32
102 23
102 36
102 33
102 26
104 75
104 73
105 17
105 18
106 124
106 128
106 129
107 129
107 115
107 118
107 121
107 125
107 120
107 128
107 124
107 117
107 116
107 113
107 123
108 82
108 110
108 94
108 100
108 97
108 91
108 72
108 25
108 27
108 64
108 111
108 88
108 50
108 40
108 95
108 44
108 76
108 67
108 106
108 83
108 69
108 81
108 115
108 84
108 103
108 90
108 41
108 51
109 115
109 107
109 112
109 116
109 111
109 108
111 122
111 120
112 129
113 6
113 14
113 2
113 5
113 11
113 7
113 4
113 13
113 18
113 1
113 16
114 64
114 70
114 79
114 61
114 51
114 43
114 58
114 53
114 74
114 73
114 68
114 78
114 67
114 69
114 72
114 89
114 50
114 45
114 91
114 80
114 65
114 77
114 49
114 56
114 44
114 66
114 46
114 47
114 84
114 42
114 54
115 86
115 56
115 87
115 92
115 106
115 102
115 47
115 84
115 61
115 82
115 104
115 66
115 72
115 68
115 59
115 91
116 61
116 52
116 68
116 69
116 58
116 57
116 59
116 51
116 44
116 48
116 64
116 62
116 71
116 60
116 67
116 66
116 56
116 54
117 129
117 127
117 132
117 130
117 131
117 126
117 133
119 74
119 61
119 64
120 122
120 139
120 134
120 130
120 138
120 136
120 132
120 124
120 137
120 125
121 38
121 35
121 42
121 43
121 36
121 20
121 39
121 33
121 27
121 40
121 29
121 23
121 30
121 41
121 45
121 44
121 34
121 25
122 91
122 94
123 135
123 133
123 108
123 122
123 118
123 126
123 109
123 128
124 56
124 58
124 55
124 62
124 64
124 61
125 120
125 127
125 117
125 123
125 116
125 122
126 144
126 141
126 142
127 143
127 146
127 144
128 37
128 36
128 35
128 32
128 33
128 38
128 39
128 27
128 25
128 34
128 28
129 77
129 97
129 70
129 75
129 74
129 80
129 81
129 73
129 92
129 72
129 84
129 102
129 76
129 85
129 78
130 121
130 122
130 138
130 119
130 125
130 123
130 114
130 124
130 129
130 137
130 135
130 127
130 139
130 134
130 141
131 113
131 119
131 114
131 118
131 115
131 122
131 123
132 143
132 144
132 142
133 69
133 76
133 73
133 70
134 96
134 100
134 95
134 91
134 99
134 94
135 53
135 39
135 42
135 37
135 50
135 38
135 43
135 52
135 40
135 48
135 51
135 41
135 46
136 125
136 132
136 124
136 129
136 133
136 131
136 126
137 85
137 74
137 104
137 102
137 72
137 73
137 113
137 91
137 77
137 78
137 79
137 75
138 97
138 95
138 125
138 120
138 127
138 93
138 92
138 107
138 101
138 104
138 102
138 122
138 114
138 91
138 96
138 98
138 108
138 105
138 90
138 136
139 21
139 19
139 23
140 77
140 110
140 52
140 101
140 117
140 68
140 69
140 54
140 89
140 46
140 102
140 75
140 83
140 100
140 121
140 64
140 120
140 93
140 97
140 91
140 103
140 35
140 39
140 57
140 119
140 30
140 36
140 105
140 95
140 96
140 115
140 73
140 29
140 28
140 78
140 104
140 112
141 144
142 56
142 54
142 11
142 14
142 46
142 13
142 25
142 22
142 48
142 18
142 68
142 16
143 56
143 57
143 54
143 52
143 59
143 50
143 60
143 62
144 129
144 142
144 133
144 143
144 126
144 146
144 132
145 6
145 5
145 11
145 9
145 12
145 14
145 10
147 139
147 138
147 137
1 103
1 102
2 139
2 143
3 42
3 97
3 57
3 86
3 27
3 25
3 29
3 26
3 47
4 75
5 142
5 143
5 144
5 145
6 17
6 9
6 19
6 25
6 13
6 30
7 29
7 27
7 3
7 40
7 107
7 4
7 100
7 22
7 19
7 17
7 37
7 77
7 97
7 75
7 105
7 96
7 10
7 79
7 20
7 109
7 59
7 85
7 76
7 5
7 113
7 103
7 39
7 60
7 54
7 38
7 9
7 44
7 14
7 36
7 104
7 46
7 28
7 72
7 89
7 81
7 101
7 56
7 91
7 45
7 93
7 110
7 52
7 82
7 102
7 108
7 70
7 32
7 35
7 41
7 73
7 31
7 78
7 26
7 23
7 2
7 34
7 111
7 58
7 88
7 61
7 47
7 50
7 98
8 133
8 123
8 128
8 139
8 120
8 138
8 125
8 124
8 137
8 122
8 140
8 136
8 131
8 135
9 8
9 16
9 46
9 39
9 35
9 44
9 11
9 36
9 45
9 43
9 42
9 34
9 32
9 40
9 47
9 15
9 24
9 37
10 95
10 106
10 79
10 84
10 96
10 113
10 82
10 118
10 70
10 90
10 107
10 109
10 103
10 99
10 102
10 87
10 112
10 100
10 110
10 91
10 86
10 73
10 83
10 108
10 104
11 147
11 145
11 146
11 134
11 141
11 139
12 123
12 118
12 140
12 117
12 127
12 122
12 129
12 136
12 131
12 137
12 125
12 121
12 120
12 142
12 133
12 132
13 74
13 75
13 79
13 98
13 95
13 97
13 78
13 73
13 89
13 94
13 107
13 99
13 70
13 76
13 96
13 93
13 100
13 105
13 85
13 109
13 87
13 71
13 102
13 83
13 90
13 88
14 121
14 113
14 110
14 111
14 120
15 117
15 136
15 135
15 120
15 124
15 125
15 133
15 130
15 140
15 138
15 121
15 126
15 122
15 137
15 147
15 146
15 129
15 141
16 51
16 44
16 47
16 40
16 52
16 32
16 49
16 46
16 36
16 50
16 42
17 114
17 113
18 10
18 6
18 8
18 12
18 9
18 11
19 64
19 68
19 65
19 72
19 73
19 67
19 60
19 62
19 69
20 133
20 135
20 131
20 136
20 127
20 130
20 126
21 28
21 61
21 58
21 6
21 18
21 35
21 32
21 7
21 5
21 27
21 33
21 3
21 4
21 39
21 67
21 8
21 23
21 62
21 40
21 10
21 36
21 17
21 2
21 38
21 53
21 60
21 25
22 113
22 118
23 56
23 53
24 68
25 137
26 121
26 122
26 123
26 118
26 114
26 113
26 120
27 65
27 56
27 58
27 53
27 51
27 43
27 48
27 63
28 103
28 100
28 102
28 101
28 104
29 22
29 58
29 35
29 57
29 123
29 24
29 43
29 65
29 91
29 54
29 23
29 69
29 48
29 118
29 34
29 44
29 87
29 15
29 67
29 38
29 19
29 75
29 93
29 79
29 18
29 33
29 121
29 120
29 86
29 68
29 112
29 115
29 49
29 71
29 21
29 61
29 16
29 113
29 52
29 17
29 78
29 89
29 94
29 122
29 74
29 31
29 14
29 66
29 80
29 110
29 72
29 32
29 82
29 84
29 119
29 90
30 110
30 95
30 97
30 103
30 115
30 119
30 114
30 99
30 100
30 106
30 111
30 120
30 109
30 107
30 112
30 117
30 113
31 129
31 116
31 140
31 133
31 144
31 128
31 141
31 135
31 124
31 120
31 143
33 130
33 135
33 127
33 111
33 106
33 134
33 105
33 117
33 123
33 112
33 121
33 122
33 118
33 126
33 119
33 133
33 129
33 113
33 128
34 59
34 61
34 66
34 62
34 64
34 67
35 142
35 124
35 94
35 89
35 139
35 138
35 120
35 108
35 146
35 121
35 107
35 101
35 143
35 86
35 134
35 136
35 140
35 131
35 83
35 84
35 135
35 119
35 105
35 132
36 91
36 111
36 107
36 116
36 128
36 114
38 101
38 95
38 100
38 102
38 97
38 98
39 57
39 65
39 30
39 47
39 34
39 52
39 37
39 28
39 62
39 32
39 56
39 67
39 42
39 50
39 29
39 70
39 54
39 55
39 68
39 46
39 63
39 35
39 69
39 64
39 48
39 36
39 49
39 53
39 66
39 58
40 142
40 141
42 126
42 102
42 101
42 120
42 128
42 112
42 96
42 136
42 138
42 99
42 140
42 103
42 130
42 144
42 111
42 142
42 110
42 106
42 108
42 139
42 121
42 124
42 146
42 109
42 97
42 143
42 125
42 105
42 95
42 114
42 117
43 126
43 119
43 130
43 146
43 135
43 133
43 127
43 129
43 138
43 136
43 128
43 125
43 142
43 143
43 122
43 139
43 131
43 124
43 141
44 97
44 89
47 108
47 103
47 99
47 91
47 87
47 92
47 98
47 102
47 94
47 93
47 109
47 106
47 104
48 86
48 111
48 98
48 78
48 88
48 112
48 100
48 74
48 101
48 91
49 146
49 147
50 122
50 93
50 105
50 117
50 99
50 101
50 133
50 97
50 112
50 123
50 128
50 127
50 110
50 116
50 134
50 129
50 102
50 100
50 121
50 96
50 130
50 103
51 83
51 93
51 106
52 17
52 23
52 3
52 22
52 14
52 15
52 4
52 12
52 25
52 9
53 131
53 130
53 129
53 127
54 145
54 139
54 113
54 146
54 133
54 141
54 120
54 131
54 134
54 127
54 136
54 123
54 130
54 112
54 137
54 121
54 140
54 138
54 126
54 128
54 142
54 115
54 144
54 124
54 125
54 143
55 144
55 122
55 143
56 131
56 130
56 137
57 50
57 51
57 42
57 53
57 64
57 61
57 46
57 63
57 40
57 35
57 54
57 36
57 39
57 33
57 38
57 49
57 31
58 94
58 95
58 88
58 98
58 83
58 78
58 97
58 84
58 90
58 87
58 86
58 96
58 92
59 136
59 138
59 134
59 137
59 140
59 143
59 141
59 133
60 47
60 25
60 40
60 35
60 49
60 36
60 74
60 52
60 18
60 48
60 6
60 51
60 65
60 42
60 17
60 54
60 13
60 7
60 53
60 11
60 55
60 12
61 47
61 59
61 49
61 63
61 64
61 83
61 84
61 71
61 48
61 60
61 55
61 67
61 66
61 58
61 54
61 52
61 51
62 86
63 57
63 82
63 81
63 77
63 83
63 61
63 86
63 68
63 74
63 54
64 109
64 110
64 104
64 99
64 103
64 100
64 106
64 105
64 101
64 107
64 111
65 72
65 56
65 57
65 94
65 81
65 98
65 90
65 115
65 100
65 83
65 116
65 75
65 62
65 112
65 60
65 117
66 145
66 144
67 21
67 25
67 23
68 25
68 24
68 20
68 16
68 23
68 21
69 108
69 111
69 128
69 99
69 102
69 112
70 56
70 58
71 14
71 16
71 4
71 6
71 18
71 13
71 15
71 9
72 67
72 24
72 81
72 27
72 43
72 29
72 47
72 26
72 40
72 94
72 23
72 20
72 33
72 21
72 35
72 55
72 39
72 95
72 58
72 41
72 31
72 91
73 8
73 9
73 11
73 10
73 7
74 111
74 121
74 81
74 113
74 101
74 114
74 120
74 119
74 118
74 107
74 116
74 73
74 94
74 83
74 117
74 109
75 25
75 21
75 22
75 26
76 69
76 75
76 65
76 73
76 68
76 71
76 62
76 74
76 67
76 70
78 127
78 126
78 121
78 133
78 122
78 141
78 129
78 128
78 124
78 140
78 139
78 125
78 138
78 134
79 76
80 45
80 57
80 46
80 44
80 48
80 54
80 47
80 49
81 37
81 25
81 28
81 39
81 30
81 38
81 45
81 42
81 41
81 34
81 33
81 26
81 43
82 23
82 30
82 21
82 33
82 29
82 28
82 25
82 24
83 38
84 44
84 20
84 14
84 33
84 18
84 35
84 37
84 17
84 8
84 45
84 9
84 34
84 16
85 69
85 75
85 96
85 97
85 64
85 80
85 79
85 91
85 89
85 99
85 82
85 81
85 95
85 102
85 88
85 71
85 87
85 84
85 98
85 92
86 101
86 94
86 95
86 99
86 91
86 98
86 100
86 96
87 16
87 71
87 93
87 82
87 106
87 79
87 13
87 65
87 59
87 116
87 83
87 120
87 46
87 32
87 113
87 36
87 9
87 28
87 15
87 31
87 62
87 76
87 21
87 10
87 119
87 84
87 52
87 70
87 53
87 22
87 109
87 111
87 85
87 20
88 80
88 84
88 93
88 90
88 98
88 86
88 101
88 91
88 78
88 79
88 92
88 82
88 77
88 94
90 76
90 77
90 63
90 81
90 79
90 62
91 33
91 45
91 25
91 54
91 56
91 53
91 30
91 52
91 29
91 49
91 44
91 51
91 23
91 48
91 22
91 27
91 28
91 42
91 38
91 43
91 47
91 34
91 55
92 121
92 128
92 124
92 127
92 130
92 114
92 126
92 117
93 118
93 102
94 138
94 113
94 104
94 86
94 80
94 145
94 137
94 97
94 71
94 68
94 75
94 121
94 85
94 114
94 109
94 120
94 88
94 92
94 70
94 102
94 73
94 112
94 74
94 108
94 107
94 84
94 119
94 116
94 91
94 127
94 77
94 126
94 143
94 144
94 110
94 93
94 72
94 69
94 122
94 117
94 81
95 59
95 26
95 23
95 46
95 53
95 50
95 25
95 19
95 14
95 41
95 31
95 43
95 60
95 40
95 27
95 54
96 147
96 146
97 45
98 28
98 31
98 27
98 34
98 32
98 29
99 89
99 104
99 73
99 88
99 101
99 90
99 50
99 96
99 105
99 49
99 87
99 112
99 41
99 109
99 92
99 110
99 102
99 58
99 82
99 56
99 44
99 86
99 107
99 111
99 53
99 48
99 63
99 57
99 52
99 103
100 17
100 18
100 15
101 7
101 10
101 4
101 11
101 6
101 9
102 91
102 80
102 90
102 82
102 93
102 96
102 78
102 99
102 88
102 101
102 94
102 95
102 84
102 81
102 97
102 98
102 77
103 118
103 127
103 116
103 139
103 137
103 112
103 142
103 128
103 132
104 21
104 24
104 18
104 22
104 17
104 19
104 25
104 20
105 10
105 7
106 32
106 78
106 96
106 63
106 49
106 42
106 30
106 76
106 64
106 74
106 31
106 100
106 28
106 56
106 73
106 48
106 70
106 59
106 58
106 69
106 84
106 57
106 46
106 72
106 37
106 61
106 67
106 27
106 50
106 82
106 45
106 68
106 62
106 41
106 71
106 92
106 102
106 91
106 101
106 103
106 95
106 83
106 75
106 66
106 89
106 39
106 29
106 90
106 38
106 104
106 98
106 87
107 133
107 137
107 105
107 138
107 132
107 112
107 141
107 114
107 127
107 126
107 106
107 103
107 134
107 130
107 131
108 18
108 13
108 20
108 37
108 22
108 14
108 21
109 121
109 133
109 127
109 122
109 131
109 124
109 130
109 123
109 135
109 132
110 46
111 123
111 127
111 124
111 126
111 128
112 132
114 26
114 55
114 30
114 37
114 40
114 13
114 35
114 11
114 20
114 41
114 23
114 19
114 12
114 15
114 31
114 16
114 22
114 39
114 29
114 36
114 14
115 22
115 25
115 31
115 23
115 20
115 33
115 32
115 34
115 30
115 17
115 27
115 29
115 26
116 41
116 31
116 42
116 38
116 37
116 39
116 32
116 36
116 40
118 110
118 92
118 114
118 105
118 94
118 126
120 109
120 105
120 108
121 98
121 118
121 102
121 106
121 113
121 114
121 115
122 144
122 143
122 145
123 113
123 131
123 119
124 122
124 138
124 126
124 139
124 121
124 140
124 142
124 141
124 120
124 146
124 128
124 123
124 130
124 145
124 143
125 27
125 17
125 26
125 28
125 33
125 21
125 30
126 95
126 113
126 73
126 83
126 99
126 71
126 90
126 108
126 102
126 67
126 85
126 78
126 111
126 70
126 121
126 93
126 64
126 105
126 106
126 68
126 75
126 119
126 118
126 72
126 107
126 96
126 97
126 104
126 110
126 76
126 120
126 116
126 91
126 100
126 84
126 101
126 122
127 112
128 65
128 61
128 62
128 63
129 83
129 82
130 144
130 145
130 146
130 140
130 132
130 126
130 133
132 87
132 88
132 79
132 90
133 92
133 93
133 98
135 78
138 71
138 88
138 77
138 76
138 85
138 68
138 83
138 65
138 69
138 72
138 62
138 84
138 87
138 86
138 82
138 70
138 75
138 78
139 83
139 110
139 93
139 73
139 79
139 69
139 71
139 68
139 89
139 64
139 102
139 107
139 66
139 86
139 63
139 80
139 65
139 78
139 91
139 67
140 139
140 133
140 131
140 146
140 136
140 130
140 137
140 128
140 126
140 143
141 53
141 57
141 54
141 61
141 63
141 55
141 64
142 24
143 139
143 126
143 125
143 119
143 122
143 117
143 127
143 118
143 124
144 69
145 72
145 59
145 45
145 62
145 90
145 89
145 63
145 95
145 93
145 80
145 58
145 94
145 51
145 87
145 48
145 44
145 34
145 88
145 96
145 85
146 108
147 61
147 62
1 74
2 35
2 34
2 39
2 38
2 47
2 42
2 44
2 49
2 45
2 37
4 130
5 99
5 100
6 105
6 113
6 112
6 99
6 103
6 111
6 110
7 48
7 33
7 30
7 24
7 15
7 13
7 6
7 63
7 16
7 25
7 57
7 1
7 53
7 43
7 64
7 51
9 57
9 56
9 53
9 58
9 55
9 52
9 51
9 49
9 54
10 78
10 114
10 98
10 89
10 97
10 92
10 101
10 116
10 94
10 111
10 115
11 60
11 45
11 39
11 46
11 44
11 52
11 76
11 36
11 47
11 98
11 68
11 53
11 62
11 77
11 43
11 38
11 35
11 63
11 40
11 67
11 103
11 57
11 61
11 59
11 55
11 100
11 42
11 41
11 32
11 69
11 71
11 74
11 56
11 64
11 49
11 58
11 72
12 69
12 71
12 68
12 66
12 70
13 66
13 63
13 81
13 65
13 82
13 80
13 68
13 84
13 67
13 72
13 61
13 77
14 12
14 4
14 13
14 2
15 50
15 57
15 51
15 55
15 56
15 71
15 64
15 48
15 49
15 42
15 40
15 68
15 44
15 54
15 39
15 58
15 41
15 53
15 52
16 53
16 77
16 59
16 55
16 63
16 54
16 67
16 98
16 97
16 61
16 82
16 57
16 76
16 99
16 100
16 110
16 60
16 78
16 73
16 86
16 48
16 80
16 103
16 112
16 70
16 58
16 84
16 107
16 75
16 96
16 101
16 85
16 79
16 65
16 113
17 43
17 41
18 95
18 96
19 110
19 107
19 115
19 116
19 114
19 127
19 126
19 112
19 102
19 117
19 104
19 101
19 129
19 119
19 118
19 125
19 103
19 105
19 113
19 106
20 145
21 80
21 122
21 117
21 99
21 89
21 129
21 102
21 131
21 109
21 116
21 90
21 105
21 126
21 100
21 93
21 128
21 114
21 96
21 70
21 107
21 118
21 123
21 121
21 119
21 97
21 120
22 92
22 109
22 89
23 107
23 104
23 101
23 99
23 93
23 105
23 98
24 143
25 130
25 116
25 89
25 122
25 126
25 102
25 97
25 100
25 109
25 119
25 120
25 115
25 99
25 103
25 108
25 111
25 107
25 125
25 104
25 110
25 118
25 93
25 92
25 123
26 82
26 74
26 84
26 79
26 87
26 76
26 90
26 97
26 75
26 78
27 121
27 94
27 119
27 136
27 115
27 98
27 117
27 137
27 96
27 112
27 130
27 133
27 124
27 105
27 100
27 85
27 99
27 123
27 127
27 88
27 134
27 86
27 132
27 91
27 90
27 135
27 106
28 139
28 120
28 124
28 130
28 138
28 136
29 56
29 39
29 26
29 55
29 42
29 40
29 36
29 41
29 47
29 53
29 50
29 70
29 27
29 25
29 37
29 45
30 64
30 60
30 63
31 52
32 56
32 61
32 54
32 60
32 57
32 49
32 131
32 74
32 104
32 112
32 48
32 116
32 72
32 124
32 55
32 118
32 103
32 64
32 128
32 106
33 79
33 87
33 75
33 78
33 94
33 72
33 68
33 67
33 95
33 92
33 93
33 83
33 85
33 80
33 76
33 86
33 82
33 70
33 77
34 88
34 93
34 92
34 87
35 130
36 129
36 120
36 127
36 136
36 109
36 121
37 92
37 137
37 70
37 130
37 138
37 101
37 126
37 77
37 90
37 108
37 105
37 103
37 93
37 122
37 97
37 71
37 73
37 114
37 104
37 82
37 120
37 141
37 112
37 125
37 123
37 100
37 127
37 96
37 83
37 76
37 75
37 132
37 74
37 118
37 121
37 78
37 116
37 68
37 98
37 80
37 144
37 85
37 102
37 87
37 79
37 84
37 117
37 124
38 93
38 96
39 71
39 76
39 83
39 78
39 77
39 79
39 95
39 81
39 73
39 98
39 72
39 105
39 82
40 46
40 59
40 54
40 74
40 52
40 55
42 34
42 27
42 33
42 44
42 30
42 12
42 32
42 35
42 17
42 25
42 15
42 50
42 7
42 22
42 19
42 14
42 13
42 23
42 21
42 11
43 140
44 26
44 38
44 28
44 36
44 39
44 29
44 35
44 42
44 30
44 47
44 32
44 21
44 41
44 43
44 33
45 140
46 107
46 106
47 26
47 19
47 23
47 6
47 4
47 8
47 24
47 20
47 18
47 22
47 21
47 10
47 25
47 17
49 34
49 33
49 32
49 36
50 76
50 119
50 86
50 137
50 126
50 87
50 104
50 109
50 108
50 80
50 114
50 74
50 136
50 73
50 111
51 147
53 134
54 116
54 105
54 114
54 90
54 61
54 74
54 75
54 84
54 117
55 40
55 44
55 29
55 42
55 34
55 46
55 50
55 49
55 51
55 37
55 52
55 30
55 38
55 48
55 31
55 36
56 122
56 127
57 14
57 18
57 43
57 28
57 34
57 16
57 37
57 41
57 22
57 27
57 29
58 137
58 134
58 145
58 131
58 142
58 138
60 98
60 119
60 101
60 120
60 97
60 117
60 81
60 76
60 78
60 95
60 94
60 112
60 122
60 111
60 113
60 93
60 102
61 130
61 116
61 134
61 125
61 135
62 134
62 138
62 139
62 140
63 32
63 26
63 20
63 52
63 19
63 46
63 48
63 24
63 15
63 40
63 44
63 43
63 27
63 28
63 22
63 18
63 21
64 145
64 144
65 33
65 34
66 120
66 114
66 111
66 123
66 117
66 112
67 64
67 65
68 145
68 144
71 41
71 101
71 42
71 57
71 88
71 70
71 73
71 103
71 85
71 76
71 98
71 79
71 54
71 100
72 80
72 106
72 109
72 125
72 120
72 104
72 103
72 105
72 127
72 101
72 102
72 98
72 93
72 108
73 83
73 86
73 87
73 79
73 81
73 90
73 88
74 50
74 31
74 115
74 19
74 58
74 63
74 49
74 71
74 47
74 45
74 17
74 51
74 23
74 48
74 46
74 25
74 16
74 20
74 106
74 55
74 24
74 43
74 6
74 30
74 33
74 124
74 34
74 57
74 59
74 35
74 60
74 38
74 40
74 110
74 41
74 29
74 39
74 28
74 27
76 42
76 99
76 96
76 88
76 20
76 90
76 72
76 49
76 30
76 23
76 87
76 36
76 94
76 93
76 41
76 31
76 44
76 34
76 86
76 43
76 79
76 39
76 92
76 78
76 51
76 25
76 97
76 58
76 45
76 81
76 50
76 33
76 56
76 22
76 29
76 27
76 35
76 82
76 53
76 18
76 21
77 82
78 45
78 61
78 60
78 119
78 109
78 137
78 110
78 80
78 107
78 96
78 113
78 48
78 102
78 83
78 67
78 100
78 41
78 108
78 111
78 53
78 98
78 74
78 104
78 101
78 95
78 42
78 114
78 97
78 105
78 112
78 115
78 116
78 131
78 135
78 123
78 63
78 49
79 143
79 116
79 115
79 129
79 139
79 141
79 119
79 134
79 128
79 138
79 121
79 136
79 126
79 135
79 144
79 114
79 127
79 147
79 125
79 113
79 133
79 132
79 142
79 123
80 61
80 71
80 67
80 56
80 78
80 26
80 51
80 63
80 55
80 25
80 39
80 62
80 23
80 30
80 50
80 33
80 76
80 40
80 29
80 77
80 35
80 75
80 32
80 16
80 37
80 22
80 52
80 34
80 53
80 38
80 60
80 24
80 79
80 18
80 70
81 116
81 112
82 52
82 37
82 34
82 46
82 42
82 22
82 26
82 45
82 20
82 79
82 58
82 48
82 43
82 38
82 53
82 18
82 62
82 54
82 74
82 85
82 64
82 73
82 57
82 44
82 51
82 39
82 68
82 60
82 70
82 32
82 49
82 67
82 56
82 40
82 41
83 9
83 15
83 12
83 13
83 16
83 20
83 7
84 124
84 125
84 137
84 131
84 128
84 138
84 132
84 129
85 146
88 7
88 18
88 14
88 9
88 16
88 15
88 17
88 13
88 6
89 67
89 63
89 68
89 62
89 65
89 56
89 58
89 55
89 52
89 64
89 57
89 51
90 57
90 51
90 45
90 54
90 50
91 65
91 84
91 93
91 95
91 87
91 89
91 83
91 73
91 96
91 61
91 58
91 62
91 75
91 79
91 106
91 80
91 63
91 94
91 66
91 41
91 82
91 77
91 59
91 85
91 57
91 100
91 81
92 131
92 123
92 125
92 129
93 58
93 71
93 119
93 67
93 89
93 70
93 91
93 50
93 81
93 64
93 73
93 59
93 60
93 56
93 121
93 48
93 55
93 61
93 49
93 79
93 68
93 66
93 120
93 62
96 108
96 77
96 83
96 59
96 61
96 82
96 111
96 76
96 78
96 93
96 81
96 57
96 75
96 80
96 102
96 112
96 100
96 74
96 115
96 106
96 116
96 58
96 91
96 86
96 73
96 89
96 63
96 62
96 87
96 60
96 68
96 69
96 104
96 71
96 79
96 95
97 113
98 139
98 131
98 142
98 132
98 137
98 141
98 136
98 133
98 138
99 122
99 126
99 121
99 118
99 125
99 124
100 81
101 13
101 31
101 24
101 14
101 17
101 16
101 23
101 20
101 35
101 15
101 8
102 72
102 65
102 46
102 30
102 68
102 75
102 35
102 73
102 48
102 62
102 71
102 42
102 67
102 66
102 54
102 45
102 61
102 37
102 74
102 28
102 69
102 50
102 47
102 38
103 53
103 88
103 96
103 79
103 62
103 80
103 90
103 95
103 81
103 91
103 68
103 57
103 92
103 87
103 60
104 71
104 76
104 67
104 79
104 81
104 70
104 74
104 122
104 83
104 89
104 84
104 87
104 120
104 82
104 68
104 88
104 72
104 121
104 118
104 85
104 119
105 143
106 114
106 97
106 133
106 127
106 109
106 110
106 134
106 132
106 116
106 131
106 130
106 99
106 119
106 118
106 117
106 135
107 104
107 109
107 110
108 142
108 141
109 34
110 139
110 141
110 138
110 142
111 137
111 134
111 139
111 135
111 133
111 132
111 130
112 89
113 139
114 111
114 118
114 117
114 121
114 116
114 132
114 122
114 125
114 130
114 120
115 19
115 16
115 14
115 10
115 11
116 34
116 46
116 24
116 35
116 25
116 26
116 47
116 28
116 43
116 30
117 141
117 143
117 144
118 91
118 85
118 79
118 89
119 49
120 24
120 28
120 31
120 22
120 10
120 40
120 39
120 26
120 34
120 16
120 36
120 19
120 25
120 41
120 30
120 27
120 32
120 29
120 37
121 72
121 74
121 133
121 79
121 71
121 82
121 126
121 69
121 90
121 123
121 84
121 105
121 125
121 78
121 116
121 83
121 132
121 70
121 117
121 81
122 117
122 125
122 133
122 112
122 101
122 136
122 104
122 121
122 126
122 127
122 118
122 128
122 134
122 135
122 109
122 131
122 120
122 119
123 89
123 103
123 96
123 88
123 110
123 95
123 90
125 34
125 25
125 35
125 24
125 23
125 22
126 59
126 61
127 118
127 117
127 121
127 125
127 123
127 129
127 114
127 120
127 126
127 116
127 119
127 115
128 104
128 103
128 76
128 71
128 72
128 77
128 80
128 96
128 81
128 79
128 67
128 82
128 75
128 66
128 90
128 93
129 41
129 40
129 45
129 39
129 44
130 55
130 56
130 61
130 51
130 53
130 60
130 54
131 58
131 56
131 68
131 63
131 60
132 63
133 42
133 44
133 60
133 38
133 40
133 35
133 79
133 33
133 32
133 39
133 46
133 78
134 32
134 30
135 128
135 124
135 126
135 118
135 115
135 121
136 39
136 43
136 42
136 40
136 44
136 45
137 136
137 125
137 131
137 142
137 132
137 143
137 128
137 141
137 134
137 129
137 139
137 124
137 126
137 133
137 127
137 116
138 66
138 73
139 117
139 116
139 96
139 119
139 120
139 94
139 121
139 124
140 40
141 21
141 20
141 18
141 16
141 14
141 13
142 130
142 109
142 66
142 96
142 107
142 98
142 124
142 104
142 101
142 112
142 58
142 129
142 93
142 84
142 88
142 75
142 114
142 125
142 95
142 89
142 132
142 106
142 103
142 133
142 115
142 118
142 128
142 92
142 108
142 97
142 122
142 127
142 85
142 105
142 83
144 123
145 102
145 50
145 99
145 114
145 101
145 43
145 74
145 103
145 98
145 86
145 91
145 84
145 61
145 60
146 96
146 97
146 102
146 100
146 103
146 106
146 98
147 131
1 125
1 134
1 87
1 94
1 118
1 115
1 105
1 91
1 138
1 128
1 135
1 86
1 137
1 96
1 130
1 89
1 80
1 127
1 129
1 82
1 142
1 121
1 88
1 100
1 122
1 92
1 99
1 124
1 90
1 123
1 136
1 84
1 143
1 93
2 126
2 111
2 46
2 31
2 70
2 106
2 64
2 32
2 113
2 114
2 51
2 132
2 116
2 122
2 129
2 40
2 71
2 66
2 83
2 130
2 50
2 73
2 119
2 48
2 33
2 127
2 105
2 125
2 25
2 90
2 76
2 58
2 95
2 30
2 108
2 85
2 110
2 107
2 80
2 81
2 117
2 59
2 27
2 52
2 43
2 121
2 54
3 123
3 94
3 96
3 127
4 129
4 131
7 142
8 101
9 31
9 33
10 124
11 105
11 106
11 73
11 125
11 112
11 80
11 83
11 115
12 36
12 28
12 26
12 29
12 15
12 22
12 23
12 16
12 20
12 17
12 52
12 24
12 50
12 34
12 18
13 45
13 47
14 104
14 103
14 102
14 99
15 108
15 106
15 118
15 119
15 114
15 115
16 66
16 71
18 76
18 80
18 72
18 81
18 74
18 73
18 75
18 82
18 86
18 84
18 85
19 32
19 34
19 39
19 36
19 40
19 33
19 41
21 11
22 2
22 5
22 8
22 1
22 3
22 6
23 139
23 140
23 133
24 127
24 126
25 90
25 86
25 61
25 98
25 87
25 83
25 65
25 95
25 91
25 69
25 75
25 94
26 91
26 98
26 86
26 77
26 73
26 72
26 65
26 81
26 85
26 101
26 69
26 93
26 95
26 66
26 68
26 88
27 147
28 57
28 52
28 50
28 55
28 54
28 48
28 49
29 46
29 73
29 83
29 51
29 88
29 81
30 124
30 133
30 125
30 132
30 131
30 143
30 126
30 122
30 123
30 118
30 130
30 135
30 142
30 116
30 127
30 145
30 137
30 128
31 97
32 139
34 84
34 27
34 94
34 42
34 40
34 20
34 52
34 47
34 39
34 38
34 118
34 30
34 32
34 26
34 70
34 46
34 74
34 31
34 51
34 33
34 44
35 145
35 141
35 147
37 25
37 26
37 17
37 12
37 22
37 24
37 23
37 21
37 16
37 14
39 43
39 44
40 96
40 107
40 85
40 80
40 81
40 100
40 37
40 22
40 95
40 68
40 26
40 94
40 76
41 116
41 115
42 29
44 140
44 144
44 136
44 139
44 100
44 122
44 143
44 124
44 133
44 142
44 130
44 135
44 134
44 126
44 131
44 138
45 109
45 115
45 114
45 110
45 92
45 113
46 97
46 115
46 110
46 83
46 90
46 116
46 102
46 74
46 84
46 96
46 95
46 89
47 110
48 147
48 142
48 143
48 144
50 124
50 115
50 118
50 88
50 120
50 113
50 135
50 125
51 141
51 142
51 146
51 143
51 140
52 54
52 43
53 96
53 95
53 82
53 97
53 92
53 99
53 86
53 98
53 91
54 19
54 21
54 13
54 15
54 12
54 18
54 22
55 70
55 77
55 39
55 66
55 60
55 71
55 75
55 59
55 53
55 41
55 69
55 26
55 58
55 64
55 33
55 72
55 65
55 73
55 27
55 28
55 47
55 67
55 45
56 88
56 28
56 76
56 59
56 79
56 20
56 82
56 69
56 67
56 27
56 77
56 29
56 90
56 21
56 13
56 85
56 19
56 35
56 72
56 80
56 83
56 73
56 40
56 68
56 37
56 81
56 75
56 70
56 16
56 84
56 26
56 42
56 23
57 113
57 101
57 87
57 97
57 107
57 83
57 104
57 95
57 96
57 103
57 85
57 110
57 91
57 71
57 99
57 105
57 112
57 89
57 90
57 102
57 117
57 116
57 55
57 93
58 93
58 68
58 73
58 108
58 74
58 69
58 85
58 76
58 75
58 80
58 79
58 71
58 77
58 65
58 70
58 66
58 89
58 82
58 81
59 101
59 107
59 104
59 105
59 74
59 86
59 85
59 89
59 106
59 109
59 108
59 95
59 79
60 19
62 144
62 129
62 142
62 147
62 132
62 137
62 126
62 145
62 128
63 141
63 132
63 135
63 134
63 137
63 142
63 130
63 139
63 144
63 143
63 146
63 138
64 91
65 101
65 105
66 108
66 104
66 138
66 146
66 141
66 137
66 140
66 96
66 128
66 103
66 143
66 107
66 129
66 97
66 106
66 142
66 139
66 110
66 131
66 102
67 105
67 117
67 127
67 61
67 109
67 74
67 98
67 112
67 95
67 102
67 107
67 126
67 104
67 70
67 124
67 116
67 97
67 110
67 93
67 87
67 111
67 106
67 96
67 90
67 121
67 82
67 101
67 103
68 60
68 65
68 54
68 66
68 57
68 75
68 55
68 58
68 67
68 56
68 73
68 53
68 61
69 104
69 125
70 118
70 117
70 112
70 124
70 119
70 100
70 102
70 123
70 122
70 108
72 100
72 99
72 56
72 62
73 131
73 133
73 135
73 136
73 129
73 140
73 141
73 134
73 138
74 108
74 130
74 127
74 123
74 122
75 96
75 100
75 85
75 79
75 88
75 95
75 84
75 99
75 92
75 94
75 106
75 108
75 109
75 98
75 103
75 104
75 80
75 82
75 83
75 105
75 93
76 47
76 46
77 136
77 98
77 135
77 122
77 127
77 128
77 94
77 124
77 107
77 104
77 137
77 108
77 115
77 103
77 102
77 111
77 118
77 139
77 131
77 130
77 141
77 129
77 105
77 112
77 121
77 97
77 132
77 117
77 106
77 138
77 96
77 134
78 90
78 71
78 82
78 75
78 103
78 106
78 77
78 92
79 14
79 34
79 17
79 39
79 20
79 36
79 31
79 16
79 35
79 15
79 22
79 13
79 18
79 52
79 56
79 33
79 43
80 7
80 10
80 8
80 13
80 6
80 14
80 12
80 9
80 5
81 136
81 139
81 137
81 132
81 141
81 138
81 142
82 132
82 130
83 129
83 126
83 133
83 132
86 143
87 68
87 40
88 131
89 23
89 29
89 24
89 38
89 32
89 28
89 37
89 20
89 25
89 26
89 22
89 33
89 27
89 35
89 34
89 36
90 126
90 125
90 117
90 123
90 121
90 124
90 118
90 120
90 119
90 127
91 90
91 105
91 101
91 88
91 108
92 33
92 40
92 31
92 35
92 38
92 39
92 43
92 41
93 137
93 135
93 131
93 136
94 111
95 66
95 62
95 65
96 92
96 141
96 118
96 137
96 101
96 136
96 103
96 145
96 117
96 85
96 123
96 90
96 122
96 128
96 121
96 119
96 99
96 127
97 79
97 85
97 69
97 73
97 89
98 134
98 135
99 127
101 134
102 31
102 18
102 24
102 25
102 13
102 15
103 59
103 69
104 103
105 82
105 88
105 61
105 70
105 71
105 67
105 76
105 73
105 65
105 68
105 87
105 85
105 84
105 66
105 74
105 62
105 77
105 86
105 80
106 43
106 44
107 58
107 56
107 60
107 53
107 50
109 53
109 56
109 62
109 72
109 73
109 60
109 69
109 51
109 68
109 49
109 58
109 74
109 71
109 59
109 75
109 78
109 48
109 57
109 63
109 76
110 128
110 124
110 112
110 109
110 132
110 113
110 108
110 123
110 115
110 130
110 107
110 105
110 131
111 142
111 140
112 141
112 143
112 144
113 112
113 110
113 119
113 107
113 111
113 109
113 117
113 115
113 116
114 104
114 101
114 105
114 94
114 99
114 106
114 97
114 98
114 108
114 96
114 100
114 102
116 110
116 102
116 23
116 108
116 113
116 74
116 104
116 85
116 94
116 77
116 92
116 53
116 72
116 93
116 63
116 75
116 82
116 91
116 86
116 22
116 76
116 103
116 97
116 27
116 80
116 33
116 73
116 124
116 106
116 107
116 96
116 79
116 89
116 109
116 78
116 101
116 83
116 65
116 84
116 114
116 29
116 118
117 135
117 137
117 138
118 144
118 141
118 142
118 140
119 116
119 128
119 122
119 121
119 115
119 137
119 114
119 130
119 123
119 125
119 124
119 129
120 20
120 23
122 130
122 124
123 145
123 143
124 77
124 81
124 74
124 79
124 87
124 68
124 67
124 71
124 70
124 76
124 93
124 69
124 95
124 78
124 85
124 65
124 94
124 91
125 31
125 32
125 29
126 133
126 124
126 132
126 130
126 128
126 131
126 136
126 125
127 5
127 63
127 94
127 56
127 66
127 96
127 29
127 19
127 28
127 50
127 9
127 24
127 43
127 97
127 80
127 40
127 13
127 15
127 32
127 34
127 70
127 54
127 49
127 81
127 18
127 65
127 4
127 77
127 7
127 23
127 59
127 20
127 48
127 33
127 16
127 73
127 91
127 11
127 26
127 62
127 79
127 6
127 45
127 8
127 53
127 61
127 37
127 69
127 3
127 68
127 60
127 10
127 12
128 118
128 115
128 123
128 127
128 133
128 125
128 114
128 119
128 131
128 121
128 132
128 135
128 113
129 95
129 104
129 106
129 113
129 109
129 87
129 105
129 91
129 103
129 112
129 88
129 71
129 107
129 79
129 86
129 111
130 112
131 124
131 125
131 121
132 50
132 66
132 30
132 26
132 33
132 46
132 65
132 72
132 34
132 39
132 27
132 44
132 36
132 28
132 43
132 37
132 47
132 32
132 31
132 48
132 41
132 45
132 57
133 63
133 56
133 62
133 25
133 2
133 6
133 65
133 3
133 10
133 31
133 29
133 26
133 12
133 54
133 34
133 36
133 50
133 4
133 20
133 24
133 28
134 74
134 80
134 67
134 68
134 78
134 76
134 72
134 70
134 64
134 86
134 62
134 65
134 77
134 75
134 66
134 81
134 82
134 71
134 63
134 89
134 83
134 57
135 134
135 139
135 140
135 147
135 141
135 143
135 142
135 144
135 145
136 8
136 15
136 9
136 21
136 13
136 20
136 28
136 11
136 25
136 6
136 18
136 27
136 14
136 24
136 22
136 17
136 19
137 66
137 70
137 69
137 64
137 68
137 58
137 56
137 57
137 55
138 33
138 50
138 21
138 53
138 25
138 37
138 45
138 34
138 20
138 23
138 46
138 30
138 31
138 51
138 42
138 41
138 57
138 36
138 29
138 26
140 107
140 99
140 109
140 98
140 108
141 138
141 145
141 137
141 139
141 143
141 136
143 85
143 36
143 90
143 73
143 45
143 87
143 35
143 75
143 68
143 83
143 78
143 29
143 88
143 71
143 64
143 76
143 82
143 47
143 44
143 89
143 48
143 70
143 72
143 74
143 23
143 69
143 86
143 26
143 84
143 33
143 41
143 66
143 28
143 38
143 39
143 67
143 34
143 61
143 40
143 27
143 42
146 63
146 62
147 63
1 47
1 63
1 38
1 41
1 65
1 11
1 13
1 40
1 83
1 77
1 68
1 51
1 62
1 21
1 78
1 56
1 67
1 23
1 70
1 64
1 12
1 55
1 85
1 79
1 10
1 53
1 45
1 66
1 58
1 81
1 57
1 32
1 69
1 48
1 36
1 37
1 54
1 34
1 44
1 35
1 46
2 20
2 28
2 41
2 22
2 72
2 53
2 26
2 68
2 78
3 136
4 110
4 109
4 111
4 104
5 140
5 138
7 49
7 12
7 66
7 74
7 11
8 144
8 147
9 124
9 110
9 114
9 111
9 125
9 128
9 112
9 123
9 126
10 120
10 105
10 121
11 99
12 88
12 94
12 86
12 93
12 92
12 90
13 4
13 5
14 93
14 132
14 106
14 100
14 97
14 91
14 114
14 90
14 92
14 129
14 94
14 107
14 130
14 89
15 36
15 37
15 43
15 45
15 46
17 33
18 32
18 30
18 34
18 36
19 91
19 98
19 93
19 97
19 109
19 90
19 94
19 108
19 95
19 111
19 100
20 122
20 119
20 118
21 101
22 65
22 66
23 78
23 64
23 75
23 80
23 79
25 19
25 11
25 23
25 28
25 9
25 21
25 10
25 17
25 15
25 22
25 16
25 24
26 80
26 67
26 70
26 71
26 89
26 61
26 83
27 107
27 103
27 97
27 114
27 93
27 87
27 125
27 104
27 95
27 122
27 101
27 113
28 131
28 135
28 140
28 137
29 85
29 135
29 129
29 134
29 130
29 100
29 136
29 124
29 97
29 126
29 128
29 127
29 138
29 95
29 96
29 131
29 101
29 92
30 105
30 89
30 96
30 91
31 58
31 62
31 63
31 49
31 64
31 59
31 56
31 57
31 60
31 55
31 69
31 70
31 68
32 135
32 133
32 134
32 97
32 114
33 124
33 116
33 120
33 110
33 109
33 104
33 101
33 100
33 103
33 115
35 50
35 23
35 56
35 55
35 48
35 37
35 18
35 59
35 57
35 53
35 31
35 43
35 44
35 39
35 41
35 52
37 94
37 81
37 89
37 86
38 141
38 139
38 133
38 136
38 142
39 127
39 128
40 84
40 79
41 113
41 111
41 93
41 103
41 105
42 53
45 88
45 94
45 74
45 77
45 79
45 85
45 76
46 140
47 43
47 42
47 77
47 57
47 40
47 61
47 85
47 58
47 63
47 45
47 72
47 89
47 56
47 36
47 39
47 37
49 107
49 125
49 109
51 132
51 133
53 20
53 23
55 13
55 25
55 18
55 19
55 7
55 10
55 24
55 35
55 17
55 8
55 15
55 23
55 21
55 22
55 57
55 32
57 32
57 52
57 67
57 47
57 48
57 30
57 45
57 44
58 121
58 118
58 130
58 119
58 124
58 117
59 96
60 62
60 46
60 64
60 45
60 57
60 59
60 66
60 83
61 31
61 56
61 44
61 32
61 38
61 35
61 34
61 45
61 40
61 53
61 30
61 42
61 50
61 46
62 60
62 107
62 49
62 52
62 61
62 67
62 65
62 50
62 45
62 47
62 51
62 103
62 48
62 100
63 62
63 72
64 8
64 11
66 24
66 25
66 22
66 27
66 21
67 37
67 31
67 35
67 30
67 33
67 16
67 34
67 18
67 26
67 15
67 22
67 28
68 135
68 138
68 132
68 118
68 74
68 81
68 134
68 128
68 127
68 140
68 116
68 107
68 141
68 142
68 123
68 120
68 129
68 139
68 125
68 103
69 136
69 138
69 137
69 140
70 125
70 120
70 121
70 127
72 112
72 97
72 96
73 137
73 142
73 85
73 104
73 139
73 111
73 96
73 102
73 128
73 119
73 143
73 117
73 98
73 91
73 84
73 121
73 126
73 118
73 110
73 116
73 106
73 123
73 124
73 109
73 101
73 145
73 144
73 93
74 144
74 145
75 107
76 28
76 26
76 24
76 19
77 71
77 51
77 61
77 60
77 66
77 38
77 63
77 56
77 37
77 43
77 62
77 57
77 39
77 70
77 46
77 53
77 72
77 52
77 67
77 44
77 59
77 69
78 117
80 141
80 126
80 134
80 121
80 115
80 130
80 114
80 122
80 112
80 110
80 133
80 131
80 138
80 143
80 107
80 136
80 123
80 119
80 120
80 109
80 137
80 144
80 140
80 142
80 117
81 96
81 98
81 97
81 95
81 93
81 90
82 87
82 76
82 81
82 78
83 117
83 101
83 102
83 105
83 142
83 141
83 103
83 99
83 127
83 98
83 143
84 7
84 6
84 13
84 11
85 76
85 100
85 93
85 103
86 108
86 109
86 89
86 77
86 85
86 113
86 83
86 79
86 110
86 119
86 97
86 115
86 82
86 126
86 88
86 127
86 80
86 111
86 92
86 81
86 123
86 121
86 125
86 122
86 93
86 118
86 117
86 103
86 107
86 76
87 126
87 123
87 117
87 122
87 118
87 129
87 128
87 131
87 121
87 108
88 123
88 126
89 73
89 78
89 72
89 74
89 75
89 76
89 71
90 85
90 99
90 108
90 111
90 89
90 98
90 110
90 97
90 96
90 109
90 105
90 88
90 101
90 87
90 103
90 84
90 100
90 92
92 98
92 97
92 96
93 63
93 41
93 40
93 76
93 44
93 53
93 43
93 65
94 11
94 49
94 47
94 22
94 18
94 51
94 12
94 30
94 19
94 59
94 54
94 55
94 23
94 43
94 63
94 58
94 61
94 38
94 48
94 41
94 17
94 16
94 24
94 31
94 27
94 20
94 50
94 45
94 53
94 35
94 29
94 13
94 46
94 64
95 51
95 47
95 45
95 52
96 46
96 44
99 116
99 117
99 119
99 106
99 113
100 11
100 5
100 2
100 12
100 10
100 14
100 7
100 16
100 4
101 118
101 113
101 106
101 110
101 120
101 125
101 104
101 119
102 112
102 106
102 121
102 114
102 117
102 126
102 123
102 125
102 137
102 129
102 118
102 133
102 134
102 108
102 109
102 135
102 110
102 124
102 119
102 104
102 107
102 116
102 113
103 25
103 21
103 6
103 18
103 14
103 17
103 12
103 8
103 15
103 22
103 29
103 10
103 30
103 28
103 9
103 23
103 11
104 123
104 90
104 94
104 110
104 86
105 60
106 145
106 146
108 46
108 74
109 92
109 93
109 91
109 113
109 118
109 128
109 95
109 120
109 106
109 140
109 99
109 96
109 98
109 134
109 137
109 101
109 141
109 117
109 114
109 142
109 125
109 104
109 139
110 143
110 137
110 140
111 88
111 89
113 76
113 70
113 75
113 72
113 79
114 25
114 52
114 60
114 28
114 62
114 32
114 57
114 59
115 75
115 77
116 50
116 49
116 55
117 103
117 97
117 67
117 63
117 99
117 124
117 116
117 58
117 94
117 113
117 72
117 120
117 119
117 98
117 93
117 121
117 66
117 55
117 109
117 81
117 101
117 82
117 91
117 104
117 68
117 107
117 71
117 96
117 114
117 95
117 115
117 89
117 64
118 68
118 121
118 102
118 111
118 127
118 86
118 116
118 124
118 67
119 126
119 108
119 118
119 111
119 109
119 110
119 107
119 105
119 106
120 38
120 35
121 96
121 59
121 62
121 67
121 77
121 57
121 56
121 89
121 61
121 66
121 68
121 86
121 88
121 60
121 75
121 85
121 76
121 65
122 57
122 56
122 59
122 54
122 52
123 45
123 25
123 36
123 42
123 32
123 41
123 47
123 34
123 35
123 19
123 38
123 48
123 40
123 21
123 44
123 28
123 31
123 27
123 46
123 24
123 18
125 140
125 138
125 141
125 139
126 29
127 85
127 122
127 124
127 100
127 84
127 131
127 67
127 130
128 106
128 112
128 84
128 86
128 99
128 85
128 101
128 87
129 125
129 127
130 79
130 101
130 128
130 93
130 118
132 135
132 136
132 134
133 128
133 143
133 136
133 116
133 121
133 118
133 129
133 130
133 125
133 110
133 115
133 126
133 113
133 135
133 142
133 139
133 117
133 112
134 113
134 116
134 45
134 54
134 59
134 49
134 42
134 60
134 108
134 79
134 110
134 31
134 103
134 40
134 98
134 43
134 25
134 41
134 69
134 112
134 93
134 39
134 44
134 51
134 90
134 61
134 28
134 50
134 55
134 37
134 121
134 117
134 88
134 92
134 97
134 38
134 73
134 35
135 73
135 69
135 58
135 47
135 60
135 63
135 71
135 65
135 68
135 74
135 56
135 45
135 59
135 54
135 44
136 71
136 91
136 56
136 64
136 104
136 70
136 61
136 73
136 62
136 69
136 63
136 48
136 53
136 72
136 52
136 60
136 101
136 58
136 75
136 55
136 57
136 51
136 59
136 93
136 65
136 74
137 115
137 120
137 106
137 105
139 85
139 84
139 82
139 81
139 77
141 31
141 34
141 37
141 32
141 40
141 38
141 33
141 29
142 117
143 121
143 120
143 113
143 123
144 119
144 109
144 93
144 131
144 98
144 120
144 100
144 95
144 110
146 16
146 25
146 35
146 38
146 33
146 9
146 20
146 24
146 28
146 11
146 17
146 13
146 32
146 15
146 30
146 10
146 26
147 90
147 92
147 112
147 109
147 108
147 110
147 105
147 107
1 113
4 138
4 139
5 114
6 69
6 55
6 56
6 68
8 90
8 60
8 86
8 89
8 70
9 115
10 126
10 122
10 127
10 125
10 119
10 134
10 123
10 129
10 133
10 131
11 101
12 39
12 35
13 121
13 122
13 126
13 123
14 76
14 95
14 83
14 86
14 79
14 67
14 82
14 68
14 73
14 69
14 87
14 84
14 80
14 108
14 78
14 64
14 101
14 96
14 85
14 66
14 74
14 112
14 109
14 71
15 113
16 95
16 81
16 94
16 90
17 102
17 106
17 103
19 137
19 143
19 142
20 101
20 121
20 112
20 123
20 108
20 105
20 129
20 117
21 34
21 20
21 24
21 46
21 19
21 37
21 31
21 26
23 111
23 119
23 129
23 103
23 122
23 117
23 109
23 123
25 33
25 13
25 20
25 12
25 14
25 18
26 108
26 115
26 111
26 110
26 116
26 107
26 128
26 130
26 119
26 112
26 109
27 64
27 128
27 109
27 138
27 139
27 102
27 126
27 120
27 110
27 89
27 92
27 116
27 111
28 64
28 105
28 106
28 86
28 74
28 119
28 97
28 93
28 62
28 65
28 78
28 81
28 66
28 77
28 91
28 121
28 96
28 143
28 89
28 61
28 87
28 63
28 71
28 90
28 84
28 83
28 145
28 88
28 79
28 107
28 123
28 82
28 68
28 95
29 145
29 99
29 140
29 98
29 139
29 116
29 133
29 144
29 137
29 125
29 143
30 29
30 33
31 51
32 58
32 62
32 63
32 52
32 50
32 53
33 27
33 41
33 42
33 40
33 38
33 47
33 46
33 37
33 24
34 17
34 12
34 7
34 8
34 6
34 19
34 18
34 4
34 9
34 16
34 15
35 58
35 63
35 66
35 85
35 82
35 92
35 75
35 74
35 69
35 60
35 88
35 77
35 67
35 72
35 64
35 61
35 73
35 78
35 81
36 18
36 13
36 24
36 26
36 14
36 16
36 20
36 15
37 67
37 44
37 55
37 64
37 58
37 88
37 52
37 60
37 49
37 47
37 69
37 53
37 54
37 63
37 65
37 59
39 22
39 21
39 19
39 12
39 23
39 15
39 14
40 62
40 93
40 86
40 101
40 24
40 56
40 109
40 36
40 105
40 33
40 106
41 146
41 145
42 113
43 29
43 74
43 58
43 89
43 84
43 86
43 37
43 35
43 71
43 61
43 83
43 68
43 78
43 75
43 63
43 38
43 85
43 33
43 26
43 79
43 45
43 88
43 60
43 59
43 66
43 64
43 65
43 32
43 72
43 31
43 67
44 120
44 61
44 132
44 129
44 128
44 50
44 123
44 137
44 58
44 141
44 52
44 125
44 51
44 145
44 57
44 40
45 125
45 128
45 120
45 126
45 118
45 117
45 136
45 124
46 129
46 143
47 27
47 33
47 29
47 28
47 30
47 34
48 9
48 10
48 8
48 7
48 12
49 93
49 90
49 92
50 85
52 90
52 86
52 91
52 84
52 89
53 133
53 136
53 138
53 135
53 132
54 82
55 78
55 76
55 103
55 82
55 74
55 85
55 108
55 106
55 79
56 11
56 12
57 65
59 132
59 128
59 129
59 120
59 127
59 131
59 122
59 125
59 126
61 72
61 91
61 92
61 70
61 73
61 65
62 114
62 99
64 51
64 71
64 44
64 35
64 46
64 36
64 61
64 41
64 74
64 59
64 54
64 57
64 38
64 45
64 49
64 56
64 72
64 43
64 33
64 73
64 39
64 32
64 50
64 47
64 55
64 69
64 70
64 52
65 23
65 16
65 14
65 21
65 19
65 18
65 15
65 17
66 105
66 89
66 88
66 134
66 133
66 136
66 122
66 132
67 43
67 40
67 39
67 44
67 45
67 41
68 38
68 46
68 33
68 37
68 48
68 44
68 40
68 50
68 43
68 31
68 32
69 110
70 18
70 45
70 22
70 41
70 53
70 69
70 35
70 21
70 55
70 39
70 54
70 61
70 19
70 15
70 24
71 51
71 66
71 59
72 7
72 13
72 3
72 5
72 6
72 8
73 12
75 132
76 4
76 10
76 6
76 15
76 40
76 5
76 16
76 9
76 12
76 32
77 34
77 29
77 40
77 32
77 33
77 30
77 36
77 27
79 12
79 11
79 10
80 102
80 100
81 32
81 44
81 54
81 31
81 55
81 51
81 47
81 36
81 35
81 29
81 27
81 48
81 50
81 40
82 77
82 65
83 47
83 55
83 52
83 35
83 56
83 59
83 51
83 33
84 90
84 109
84 98
84 96
84 110
84 112
84 114
84 99
84 107
85 17
85 43
85 27
85 35
85 49
85 15
85 39
85 40
85 51
85 63
85 56
85 67
85 22
85 33
85 16
85 44
85 23
85 41
85 55
85 53
85 60
85 62
85 32
85 65
85 48
85 13
85 36
85 47
85 38
85 14
85 31
85 46
85 20
85 25
85 29
85 30
85 66
86 84
86 105
86 112
86 120
86 102
86 116
86 124
86 138
86 104
86 134
86 146
86 106
88 119
89 39
89 30
89 40
89 43
89 21
89 31
89 42
89 44
90 94
90 122
90 133
90 139
90 128
90 134
90 116
90 106
90 93
90 129
90 107
90 131
90 138
90 102
90 114
91 123
91 124
93 134
94 99
94 87
94 82
94 123
94 101
94 96
94 105
94 106
94 98
94 83
95 72
95 71
96 17
96 24
96 22
96 16
96 19
97 126
97 125
97 136
97 123
97 101
97 108
97 122
97 115
97 111
97 112
97 131
97 128
97 114
97 137
97 104
97 119
97 102
97 109
97 110
97 120
97 135
97 99
97 132
97 107
98 21
98 23
98 17
98 16
98 12
98 15
98 42
98 22
98 8
98 14
98 62
98 13
98 10
98 47
98 19
98 44
98 39
98 48
98 24
98 5
98 35
98 7
98 6
98 20
98 9
98 58
98 11
99 62
100 53
100 62
100 70
100 63
100 68
100 58
100 54
101 115
101 107
101 138
101 142
101 144
101 139
101 121
101 145
101 123
102 92
102 100
102 85
102 89
103 43
104 80
106 47
107 97
107 98
107 102
107 96
107 94
107 122
107 119
107 135
107 140
107 95
108 113
108 121
108 119
108 118
108 124
108 122
108 125
108 117
108 128
108 132
108 120
108 131
109 88
109 85
109 94
109 86
110 15
110 6
110 19
110 13
110 14
110 4
110 16
110 7
110 11
111 144
112 30
112 33
112 34
112 29
113 46
114 3
114 1
114 4
116 137
116 138
116 144
116 142
116 140
116 143
116 145
116 139
117 92
119 57
119 55
120 94
120 95
121 136
121 58
121 64
121 135
121 138
121 139
121 80
121 73
121 109
121 63
121 140
121 134
121 137
122 42
122 50
122 48
122 43
122 44
122 51
122 53
122 55
123 121
124 84
124 117
124 86
124 109
124 83
124 73
124 75
124 99
124 72
124 110
124 104
124 115
124 119
124 82
124 80
124 102
124 106
124 66
126 30
126 25
126 14
126 16
126 19
126 33
126 27
126 18
126 17
126 22
126 20
126 10
126 26
126 21
126 11
126 35
126 23
127 89
131 94
131 116
131 89
131 104
131 120
131 109
131 87
131 101
131 100
131 99
131 126
131 110
131 105
131 111
131 102
131 106
131 108
131 90
131 91
132 97
132 92
132 101
134 109
134 123
134 106
134 111
135 146
136 68
136 82
136 67
136 66
136 83
137 67
137 45
137 48
137 54
137 61
137 52
137 44
137 53
137 62
137 63
137 51
137 59
137 47
138 89
138 67
138 63
138 121
138 103
138 99
138 56
138 116
138 74
138 59
138 58
138 100
138 60
138 110
139 62
141 105
141 102
141 112
141 87
141 94
144 147
144 141
145 125
145 138
145 129
145 77
145 137
145 142
145 97
145 113
145 100
145 128
145 123
145 136
145 132
145 131
145 144
145 105
145 140
145 134
145 143
145 121
145 127
145 126
146 84
146 81
146 80
147 128
147 129
147 127
1 95
1 72
1 97
1 71
1 75
1 73
2 84
2 82
3 58
4 93
4 101
4 79
4 70
4 68
4 71
4 94
4 91
4 80
4 78
4 76
4 86
4 96
4 92
5 48
5 42
5 44
5 43
5 37
5 38
5 40
5 46
5 45
5 39
5 36
6 70
6 71
6 60
6 61
6 76
6 62
6 45
6 85
12 100
12 77
12 75
12 72
12 87
12 57
12 84
12 95
12 62
12 67
12 83
12 73
12 53
12 108
12 63
12 79
12 104
12 81
12 61
12 78
12 97
12 103
12 107
12 101
12 106
14 49
14 56
14 62
14 50
14 59
14 58
14 53
14 61
14 51
15 27
15 30
16 102
16 123
16 118
16 115
16 131
16 114
16 106
16 119
16 120
16 104
16 108
16 116
16 125
16 117
17 136
18 109
20 40
20 33
20 25
20 57
20 48
20 49
20 26
20 39
20 28
20 70
20 47
20 38
20 42
20 46
20 30
20 53
20 22
20 16
20 12
20 35
20 32
20 15
20 24
20 54
20 55
20 17
20 14
21 125
21 111
21 124
21 133
21 106
21 130
21 95
21 134
21 98
21 88
21 92
21 81
21 77
21 63
21 108
21 112
21 104
23 58
23 63
23 60
23 62
23 55
23 57
24 14
24 59
24 45
24 5
24 16
24 13
24 56
24 47
24 44
25 106
25 114
25 105
26 103
26 105
26 104
27 108
27 32
27 30
27 34
27 31
28 73
28 72
28 69
28 75
28 70
28 76
29 132
30 50
30 129
30 54
30 87
30 108
30 49
30 141
30 67
30 66
31 42
33 97
33 96
33 98
33 90
35 80
35 47
35 62
35 68
35 65
35 76
35 79
36 43
36 39
36 86
36 45
36 76
36 50
36 74
36 85
36 66
36 46
36 56
36 31
36 63
36 77
36 64
36 80
36 81
36 52
36 49
36 59
36 65
36 61
36 69
36 44
36 29
36 68
36 57
36 54
36 55
37 106
37 95
37 119
37 111
37 128
37 99
38 113
38 104
38 116
38 114
38 109
38 110
38 112
39 107
39 121
39 124
39 120
39 118
40 144
40 143
41 129
41 134
41 142
41 143
41 144
41 137
41 136
41 135
41 133
41 126
41 140
41 127
42 76
42 84
42 77
42 79
42 78
42 82
43 134
44 23
44 10
44 14
44 12
44 25
44 19
44 15
44 22
44 5
44 7
44 24
44 6
45 121
45 123
46 33
46 30
46 34
46 36
46 28
46 29
46 37
46 35
47 145
47 146
48 38
49 116
49 124
49 99
49 102
50 52
50 53
50 54
50 56
51 81
52 33
52 47
52 37
52 29
52 16
53 41
53 33
53 50
53 31
53 46
53 49
53 57
53 29
53 28
53 39
54 129
54 122
55 141
56 102
56 104
56 95
56 111
56 92
56 106
56 86
56 96
56 74
56 108
56 109
56 103
56 107
56 112
56 98
56 89
56 94
57 119
57 121
57 100
57 94
57 82
57 109
57 86
57 84
57 108
57 118
57 115
58 109
60 86
60 69
62 82
63 120
63 103
63 124
63 100
63 136
63 127
64 134
64 129
64 137
64 133
65 114
65 123
65 107
65 120
65 126
65 113
65 122
65 118
65 124
66 130
66 116
66 135
67 100
67 99
67 108
68 10
68 11
68 18
68 17
68 9
68 6
68 5
68 7
70 126
70 90
70 97
70 86
70 80
70 136
70 87
70 95
70 141
70 84
70 138
70 76
70 140
70 83
70 137
70 128
70 115
70 133
70 82
71 130
71 128
73 5
73 4
73 6
74 65
75 142
75 90
75 77
75 70
75 74
75 112
75 102
75 72
75 144
75 73
75 117
75 145
75 89
75 101
75 91
75 97
75 87
75 66
75 121
76 11
76 14
76 2
76 3
77 86
77 89
77 123
77 120
77 93
77 133
77 110
77 140
77 88
77 100
77 113
77 92
77 101
77 95
77 114
77 91
77 90
77 119
77 81
78 130
78 136
79 51
79 55
80 65
80 93
80 129
80 87
80 90
80 103
80 94
80 92
80 85
80 118
80 128
80 74
80 101
80 108
80 89
80 88
80 98
80 113
80 84
80 124
80 125
80 111
81 129
82 116
82 96
82 99
82 113
82 94
82 118
82 110
82 111
82 117
82 109
82 106
83 24
83 17
84 69
84 73
84 75
84 76
84 70
84 72
86 60
86 66
86 71
86 78
86 67
86 63
86 65
86 70
86 61
86 73
87 133
87 136
87 134
87 135
88 55
88 21
88 62
88 4
88 40
88 61
88 37
88 49
88 47
88 5
88 10
88 44
88 19
88 20
88 33
88 39
88 42
88 35
88 58
88 52
88 27
88 29
88 28
88 46
88 41
88 32
88 45
88 23
88 25
88 11
88 36
88 1
89 134
90 59
91 145
91 141
91 144
92 23
92 44
92 20
92 11
92 48
92 21
92 30
92 6
92 9
92 15
92 14
92 46
92 51
92 27
92 42
92 13
92 18
92 29
92 8
92 3
92 45
92 32
92 19
92 47
92 16
92 7
92 36
92 17
92 12
93 25
93 24
93 16
93 23
93 21
93 30
93 10
93 20
93 31
93 11
93 26
93 9
93 18
93 13
93 15
93 22
94 115
94 89
94 90
94 103
94 100
95 128
95 129
95 132
95 130
95 131
96 133
96 140
96 130
96 129
97 117
97 51
97 72
97 127
97 50
97 106
97 66
97 124
97 134
97 130
97 121
97 68
97 138
98 40
98 41
98 37
98 26
99 108
99 91
99 98
99 128
99 54
99 47
99 123
99 51
99 114
99 45
99 46
100 143
100 140
100 139
100 137
100 142
100 141
101 5
102 111
102 115
103 120
104 135
104 134
104 143
104 144
104 145
104 146
104 137
104 138
105 118
105 114
105 131
105 135
105 133
105 129
105 116
105 136
105 122
105 128
105 125
105 113
105 138
105 119
105 126
105 134
105 132
105 137
106 53
107 86
107 77
107 82
107 78
107 84
107 88
107 91
107 76
107 89
107 87
107 80
107 90
109 27
109 31
109 24
109 32
109 23
109 29
109 30
109 33
109 25
109 21
110 134
110 119
110 129
110 114
111 101
111 102
111 103
112 110
112 146
112 119
112 128
112 120
112 104
112 114
113 34
114 131
114 119
114 128
114 113
114 112
114 123
114 110
114 109
114 134
115 74
115 37
116 70
117 61
118 146
118 139
118 138
118 143
118 134
119 56
119 46
120 80
120 77
120 83
120 76
120 79
120 75
121 37
121 14
121 47
121 19
121 31
121 22
121 48
121 18
121 28
121 26
121 15
121 32
121 55
121 52
121 53
121 17
121 16
121 10
122 21
122 22
123 72
123 87
123 55
123 56
123 66
123 51
123 60
123 69
123 54
123 84
123 64
123 59
123 67
123 62
123 68
123 65
123 79
123 63
124 97
125 111
125 113
125 114
125 118
126 138
126 140
126 134
127 113
127 107
128 147
129 128
129 126
130 136
131 80
131 79
132 73
132 80
132 78
132 81
133 124
133 119
134 101
134 87
134 84
134 102
134 107
134 124
135 93
135 96
138 109
139 56
139 58
139 59
139 61
139 50
139 47
139 131
139 60
139 70
139 111
139 46
140 84
140 111
141 42
141 48
141 49
141 39
141 36
141 44
141 45
141 46
141 43
143 80
143 81
143 63
144 38
145 135
