92 5940
1 2
2 3
3 4
4 5
5 6
6 7
7 8
8 9
9 10
10 11
11 12
12 13
13 14
14 15
15 16
16 17
17 18
18 19
19 20
20 21
21 22
22 23
23 24
24 25
25 26
26 27
27 28
28 29
29 30
30 31
31 32
32 33
33 34
34 35
35 36
36 37
37 38
38 39
39 40
40 41
41 42
42 43
43 44
44 45
45 46
46 47
47 48
48 49
49 50
50 51
51 52
52 53
53 54
54 55
55 56
56 57
57 58
58 59
59 60
60 61
61 62
62 63
63 64
64 65
65 66
66 67
67 68
68 69
69 70
70 71
71 72
72 73
73 74
74 75
75 76
76 77
77 78
78 79
79 80
80 81
81 82
82 83
83 84
84 85
85 86
86 87
87 88
88 89
89 90
90 91
91 92
92 1
1 44
1 36
1 37
1 35
1 47
1 42
1 43
1 41
1 39
2 7
2 12
2 5
2 8
2 6
2 9
2 10
3 20
3 19
3 18
3 15
3 22
3 14
3 10
3 13
3 21
4 43
4 53
4 54
4 50
4 42
4 49
4 56
4 51
5 55
5 56
6 27
6 26
6 28
7 91
7 88
7 86
7 90
7 84
7 83
8 33
8 31
8 30
8 29
8 26
8 38
8 43
8 36
8 22
8 42
8 21
8 19
8 39
8 37
8 28
8 16
8 23
9 49
9 47
9 52
9 46
10 56
10 51
10 57
10 32
10 29
10 41
10 48
10 35
10 28
10 36
10 39
10 42
10 30
10 40
10 45
10 55
10 58
11 66
11 71
11 83
11 68
11 73
11 75
11 61
11 60
11 65
11 67
11 81
11 64
11 62
11 63
11 82
12 66
12 72
12 71
12 67
12 75
12 68
12 70
12 62
12 65
13 89
13 86
13 90
13 81
13 82
13 91
13 88
13 85
13 80
14 79
14 54
14 59
14 77
14 63
14 80
14 68
14 64
14 50
14 57
14 56
14 51
14 74
14 49
14 47
14 55
14 81
14 72
14 61
14 58
14 75
14 53
14 76
15 79
16 31
16 22
16 23
16 35
16 27
16 21
16 24
16 28
16 33
16 19
16 32
16 20
17 34
17 29
17 45
17 42
17 24
17 26
17 41
17 32
17 25
17 39
17 36
17 31
17 37
17 38
17 44
17 35
19 30
19 34
19 38
19 32
19 36
19 35
19 39
19 33
20 27
20 29
21 17
21 11
21 13
21 12
21 10
21 15
21 9
21 19
22 85
23 39
23 42
23 40
23 41
23 37
23 34
23 35
24 67
24 68
24 56
24 70
24 49
24 57
24 63
24 55
24 64
24 50
24 77
24 76
24 74
24 79
24 69
24 80
24 54
24 58
24 71
24 72
24 81
24 60
24 61
25 22
25 23
26 78
26 58
26 74
26 59
26 50
26 53
26 55
26 48
26 80
26 46
26 63
26 47
26 68
26 62
26 61
26 49
26 82
26 79
26 65
26 51
26 71
26 77
26 83
26 45
26 69
26 64
27 63
27 41
27 76
27 68
27 74
27 59
27 35
27 69
27 79
27 75
27 38
27 77
27 49
27 29
27 45
27 46
27 57
27 64
27 44
27 31
27 58
27 71
27 72
27 80
27 34
27 52
27 70
27 66
27 61
27 50
27 53
27 47
28 54
28 58
28 72
28 59
28 78
28 82
28 85
28 63
28 53
28 52
28 65
28 83
28 67
28 70
28 56
28 69
28 73
28 84
28 61
28 68
29 57
29 54
29 55
30 5
30 13
30 12
30 7
30 9
30 15
31 81
31 83
31 82
32 16
32 20
32 15
32 11
32 25
32 22
32 12
32 18
32 19
32 29
32 10
32 28
32 26
32 30
32 7
32 23
32 17
32 6
32 8
32 34
33 39
33 43
33 53
33 47
33 45
33 54
33 46
33 52
33 50
33 56
33 44
33 38
33 41
33 49
34 8
34 37
34 11
34 28
34 15
34 23
34 29
34 19
34 21
34 14
34 20
34 30
34 36
34 10
34 32
34 26
34 12
34 33
34 25
34 22
35 19
35 31
35 29
35 21
35 27
35 23
35 22
35 25
36 78
36 64
36 83
36 67
36 80
36 70
36 59
36 66
36 82
36 81
36 88
36 68
36 72
36 71
36 60
36 87
36 84
36 74
36 89
36 86
36 77
36 65
36 75
36 91
37 41
38 53
38 42
38 57
38 56
38 50
38 52
38 40
38 49
38 41
38 47
38 51
39 74
39 75
39 76
39 73
40 28
40 26
40 27
40 21
41 15
41 11
41 36
41 19
41 35
41 37
41 32
41 18
41 25
41 33
41 13
41 10
41 31
41 22
41 21
41 44
41 38
41 40
41 27
41 20
41 29
41 26
42 87
43 65
43 66
43 39
43 63
43 61
43 73
43 40
43 59
43 53
43 55
43 56
43 75
43 74
43 71
43 77
43 67
43 51
43 42
43 54
43 45
43 41
43 49
43 52
43 69
43 68
43 76
44 15
44 13
44 18
44 17
44 16
44 20
44 10
44 11
45 35
45 48
45 47
45 37
45 43
45 31
45 36
45 42
45 34
45 33
45 51
45 50
47 34
47 31
47 32
48 21
48 18
48 22
48 17
48 20
48 19
49 56
49 40
49 63
49 52
49 65
49 41
49 58
49 34
49 60
49 48
49 54
49 62
49 46
49 69
49 44
49 42
49 73
49 33
49 67
49 43
49 47
49 35
49 71
49 57
49 64
49 59
49 51
50 35
50 32
50 47
50 52
50 43
50 54
50 40
50 42
50 57
50 36
50 41
50 44
50 55
50 49
50 31
50 48
50 39
51 43
52 91
53 52
53 56
53 50
53 60
53 61
53 51
53 62
54 91
54 60
54 70
54 65
54 85
54 59
54 79
54 64
54 83
54 77
54 82
54 78
54 71
54 84
54 73
54 75
54 58
54 81
55 30
55 53
55 36
55 32
55 40
55 27
55 44
55 49
55 33
55 34
55 38
55 48
55 39
55 59
55 46
55 28
55 52
55 47
55 50
56 25
56 21
56 42
56 16
56 22
56 44
56 26
56 27
56 23
56 38
56 31
56 40
56 33
56 29
56 41
56 19
56 18
57 87
57 88
58 19
59 63
59 65
59 66
59 61
60 20
60 24
60 38
60 51
60 57
60 59
60 62
60 37
60 29
60 28
60 52
60 44
60 35
60 55
60 54
60 33
60 23
60 34
60 21
60 45
60 49
60 32
60 30
60 47
60 25
60 41
60 53
61 63
61 65
62 10
62 9
62 15
62 18
62 19
62 11
62 8
63 20
64 60
64 33
64 28
64 66
64 34
64 55
64 75
64 45
64 73
64 74
64 89
64 81
64 90
64 63
64 29
64 85
64 70
64 78
64 31
64 35
64 46
64 87
64 83
64 30
64 43
64 41
64 57
64 77
64 59
64 56
64 38
64 39
64 68
64 79
64 50
64 71
64 44
65 79
65 85
65 88
65 80
65 76
65 89
65 78
65 83
65 81
65 86
66 75
66 76
66 79
66 74
67 21
67 18
67 22
67 16
67 19
67 13
67 26
67 24
67 17
67 12
67 20
69 82
70 83
70 85
70 84
70 87
70 86
70 80
70 79
70 81
71 73
71 77
71 39
71 40
71 48
71 46
71 30
71 58
71 68
71 41
71 65
71 62
71 37
71 55
71 84
71 69
71 32
71 85
71 45
71 42
71 63
71 54
71 75
71 34
71 52
71 38
71 83
71 82
71 76
71 74
71 43
71 31
71 57
71 81
71 61
73 47
73 53
73 48
73 67
73 59
73 50
73 62
73 51
73 58
73 56
73 49
73 60
73 66
73 61
73 54
73 65
73 46
73 52
73 70
73 68
74 80
74 79
74 76
76 21
76 59
76 25
76 29
76 80
76 79
76 55
76 53
76 37
76 23
76 52
76 58
76 22
76 31
76 32
76 73
76 34
76 42
76 75
76 78
76 56
76 66
76 50
76 72
76 54
76 33
76 27
76 28
76 57
76 68
76 30
76 38
76 45
76 65
76 71
76 70
76 41
76 43
78 86
79 92
80 84
80 78
80 87
80 79
80 86
80 85
82 41
82 40
82 43
82 34
82 47
82 38
82 39
82 35
82 37
83 63
83 56
83 53
83 48
83 66
83 54
83 55
83 65
83 47
83 67
83 50
83 69
83 49
83 62
83 61
83 45
83 70
83 46
84 21
84 10
84 18
84 5
84 9
84 23
84 24
84 11
84 15
84 25
84 13
84 6
84 17
85 76
85 81
85 74
85 44
85 51
85 49
85 79
85 63
85 56
85 48
85 66
85 62
85 46
85 70
85 57
85 60
85 77
85 73
85 45
85 61
85 69
85 67
85 54
85 83
85 68
85 78
85 72
85 65
85 55
87 45
87 36
87 32
87 38
87 31
87 43
87 42
87 26
87 34
87 30
87 29
87 37
87 41
88 13
88 4
88 11
88 16
88 17
88 18
88 6
88 28
88 10
88 3
88 33
88 25
88 23
88 20
88 9
88 22
88 7
88 21
88 5
89 85
89 82
89 83
90 23
90 25
90 20
90 27
90 24
90 21
90 15
90 19
90 16
91 75
91 53
91 87
91 57
91 76
91 82
91 71
91 51
91 78
91 86
91 64
91 49
91 47
91 84
91 44
91 52
91 69
91 74
91 83
91 67
91 59
91 85
91 50
91 56
91 62
91 54
91 61
91 45
91 72
91 89
91 66
92 55
92 60
92 64
92 72
92 59
92 66
92 69
92 73
92 80
92 68
92 77
92 70
92 75
92 65
92 67
92 58
92 54
92 81
92 61
1 62
1 58
1 51
1 57
1 55
1 53
1 60
1 56
3 26
3 27
3 16
3 29
3 11
3 39
3 38
3 35
3 32
3 43
3 30
3 40
3 36
3 45
3 25
3 17
3 23
5 43
5 45
5 52
5 54
5 53
5 58
5 50
5 60
5 48
5 41
5 59
5 57
5 42
7 49
7 64
7 59
7 65
7 70
7 55
7 48
7 58
7 53
7 52
7 66
7 60
7 56
7 54
8 32
8 24
8 20
9 13
9 36
9 20
9 11
9 32
9 24
9 23
9 27
9 18
9 21
9 37
9 5
9 6
9 34
9 29
9 7
9 12
9 30
9 14
9 38
9 15
10 7
10 9
10 12
10 16
10 6
10 14
10 15
11 59
11 56
11 51
11 74
11 77
11 38
11 27
11 41
11 32
11 76
11 78
11 70
11 44
11 45
11 80
11 43
11 54
11 42
11 26
11 28
11 31
11 39
11 35
11 47
11 34
11 50
11 55
12 45
12 35
12 34
12 44
12 42
12 40
12 36
13 60
13 59
13 65
13 64
13 58
13 61
14 8
14 9
14 11
15 34
15 47
15 44
15 49
15 31
15 40
15 41
15 33
15 29
15 30
15 42
15 39
15 48
16 52
16 43
16 48
16 50
16 54
16 47
16 42
16 41
16 44
16 46
17 58
17 67
17 56
17 64
17 54
17 59
17 57
17 53
17 70
17 68
17 62
18 77
18 76
19 43
19 41
19 46
19 40
19 42
19 37
20 7
20 12
20 4
20 6
20 13
20 8
20 15
20 14
21 88
21 87
22 55
22 56
22 52
23 14
23 13
23 11
23 16
26 29
26 11
26 38
26 6
26 16
26 15
26 33
26 39
26 10
26 31
26 8
26 18
26 25
26 32
26 43
26 24
26 17
26 20
26 23
26 36
26 40
26 28
26 44
26 22
26 7
26 54
27 17
27 19
27 20
28 77
28 60
28 46
28 45
28 49
28 55
28 57
28 47
28 71
28 48
28 51
28 76
28 66
29 91
30 67
30 64
30 68
30 62
31 33
31 29
31 38
31 42
31 43
31 44
31 40
31 34
31 41
33 87
33 86
33 85
34 81
34 83
34 88
34 86
34 82
34 71
34 85
34 80
34 78
34 66
34 76
34 77
34 69
34 70
34 84
35 37
35 40
35 34
35 42
35 32
35 26
35 30
35 38
35 39
36 45
36 34
36 38
36 49
36 48
36 43
36 44
36 40
36 47
36 42
37 32
37 30
37 34
38 63
38 72
38 71
38 64
38 75
38 59
38 58
38 62
38 77
38 76
38 74
38 55
38 68
39 80
39 71
39 78
39 70
39 77
40 58
40 49
40 56
40 51
40 54
40 57
40 63
40 61
40 53
40 48
40 52
40 47
40 55
40 65
41 24
41 34
41 45
41 46
41 47
41 48
41 28
41 30
42 84
42 80
42 82
42 81
43 9
43 38
43 46
43 28
43 30
43 35
43 29
43 8
43 17
43 25
43 24
43 26
43 23
43 18
43 14
43 11
43 16
43 36
43 34
43 10
44 73
44 64
44 65
44 70
44 63
44 72
44 51
44 56
44 68
44 50
44 60
44 55
44 58
45 86
45 87
46 83
46 82
47 59
48 70
48 75
48 63
48 73
48 78
48 68
48 79
48 71
48 76
48 67
48 66
48 77
49 18
49 20
49 19
50 87
51 73
51 72
51 70
51 67
51 74
52 77
52 74
52 72
52 82
52 85
52 78
52 75
52 73
52 83
52 80
52 76
53 23
53 32
53 28
53 45
53 40
53 49
53 34
53 30
53 27
53 19
53 36
53 47
53 46
53 25
53 43
53 48
53 38
53 24
53 42
53 26
54 49
54 46
54 45
54 42
54 52
54 51
55 89
55 91
55 88
56 20
56 37
56 34
56 47
56 24
56 17
56 35
56 14
56 15
56 28
56 30
58 66
58 53
58 35
58 40
58 51
58 46
58 39
58 36
58 61
58 52
58 49
58 56
58 69
58 48
58 44
58 60
58 68
58 55
58 38
58 62
58 54
59 15
59 14
59 16
60 10
60 16
60 31
60 42
60 6
60 17
60 9
60 19
60 14
60 7
60 46
60 11
60 39
60 40
60 8
60 13
60 22
61 88
61 89
61 87
61 90
62 72
62 76
62 85
62 91
62 75
62 88
62 79
62 87
62 86
62 90
62 74
64 88
64 86
65 73
65 69
65 74
65 84
65 75
65 77
65 67
65 72
65 68
67 41
67 15
67 63
67 48
67 59
67 23
67 39
67 57
67 34
67 45
67 70
67 54
67 58
67 49
67 43
67 29
67 35
67 47
67 31
67 60
67 55
67 25
67 38
67 36
67 66
67 30
67 51
67 56
67 53
67 64
67 71
67 33
67 65
68 20
68 30
68 29
68 19
68 26
68 28
68 27
68 22
68 21
69 34
69 57
69 42
69 33
69 37
69 38
69 49
69 44
69 35
69 54
69 43
69 40
69 55
69 56
69 48
69 52
69 45
70 49
70 73
70 63
70 47
70 54
70 43
70 53
70 64
70 67
70 56
70 62
70 66
70 51
70 44
70 77
70 57
70 75
70 58
70 42
70 61
70 68
70 55
70 52
71 33
71 24
71 20
71 22
71 35
71 23
71 25
71 28
72 66
72 67
72 74
72 70
72 64
72 75
72 69
72 58
72 68
72 60
72 63
73 86
73 83
73 81
73 82
74 84
74 82
75 61
76 84
76 81
76 83
76 82
77 61
77 79
77 55
77 65
77 75
77 73
77 76
77 58
77 64
77 66
77 59
77 71
77 69
77 56
77 62
78 62
78 73
78 59
78 31
78 30
78 60
78 22
78 28
78 36
78 44
78 35
78 33
78 69
78 21
78 19
78 58
78 75
78 37
78 63
78 26
78 52
78 42
78 20
78 41
78 16
78 65
78 61
78 17
78 48
78 68
78 57
78 45
78 27
78 66
78 51
78 49
79 88
79 90
79 87
79 86
80 56
80 61
80 48
80 47
80 64
80 67
80 59
80 50
80 57
80 49
80 63
81 57
82 85
83 10
83 14
83 11
84 12
85 50
85 58
85 33
85 38
85 40
85 34
85 42
85 64
85 43
85 37
85 41
85 52
87 22
87 28
87 24
87 23
87 21
87 33
87 19
88 34
88 40
88 41
88 44
88 47
88 45
88 35
88 37
88 32
89 52
89 49
89 50
89 53
90 42
90 10
90 39
90 34
90 12
90 36
90 22
90 26
90 45
90 7
90 14
90 48
90 9
90 18
90 29
90 44
90 43
90 32
90 35
90 41
90 47
90 37
91 55
91 34
91 39
91 48
91 63
91 35
91 41
91 70
91 37
91 40
92 53
92 36
92 56
92 46
92 41
92 45
92 47
92 49
92 38
92 40
92 34
92 57
92 39
92 37
2 85
2 91
2 75
2 83
2 76
2 87
2 86
2 79
2 78
2 89
2 90
2 82
2 74
3 50
3 49
3 31
3 77
3 82
3 85
3 62
3 53
3 86
3 59
3 80
3 75
3 47
3 63
3 78
3 28
3 58
3 84
3 74
3 67
3 55
3 46
3 81
3 52
3 83
3 69
3 73
3 61
3 37
3 54
3 41
3 60
3 33
3 24
3 64
4 26
4 29
4 30
4 36
4 34
4 31
4 25
4 27
4 22
4 40
4 28
4 39
4 33
5 78
5 82
5 74
5 73
5 72
5 77
5 85
6 43
6 30
6 45
6 38
6 18
6 48
6 34
6 33
6 15
6 40
6 23
6 20
6 39
6 21
6 46
6 14
6 12
6 31
6 16
7 57
8 48
8 25
8 13
8 52
8 15
8 18
8 14
8 46
8 10
8 40
8 55
8 11
8 54
8 12
8 49
8 34
9 50
10 87
10 88
10 83
10 85
11 72
11 69
12 91
12 92
12 89
13 53
13 55
13 54
13 63
13 52
13 56
13 49
13 51
14 31
14 25
14 33
14 46
14 18
14 21
14 40
14 17
14 23
14 19
14 32
14 43
14 35
14 13
14 30
14 45
14 36
14 48
14 22
14 42
14 41
15 46
15 35
15 43
15 37
15 61
15 63
15 57
15 59
15 60
15 55
15 56
15 62
15 50
16 58
16 55
16 51
16 37
16 45
16 53
16 38
16 57
16 36
16 56
17 73
17 69
17 75
17 61
17 51
17 76
17 66
17 47
17 71
17 49
17 74
17 50
17 60
17 48
17 52
19 25
19 28
19 29
20 81
20 71
20 77
20 79
20 74
20 80
20 76
20 72
20 82
20 86
21 80
21 82
22 87
22 89
22 86
23 30
23 22
23 28
23 32
23 12
23 21
23 33
23 31
23 29
23 27
24 45
24 17
24 35
24 36
24 34
24 51
24 14
24 23
24 19
24 47
24 13
24 30
24 41
24 28
24 44
24 40
24 43
24 21
24 12
24 18
24 20
24 33
24 32
24 46
24 37
24 48
24 39
25 82
26 30
26 34
26 35
26 21
26 14
26 37
26 9
26 13
26 19
28 50
28 43
30 66
30 73
30 74
30 63
30 70
30 69
30 65
30 76
31 11
31 2
31 12
31 8
31 9
31 14
31 4
31 6
33 67
33 77
33 69
33 68
33 73
33 82
33 83
33 65
33 60
33 70
33 57
33 78
33 63
33 59
33 71
33 62
33 74
33 61
33 80
33 58
33 66
34 60
34 43
34 49
34 72
34 45
34 54
34 75
34 41
34 46
34 67
34 53
34 38
34 63
34 59
34 56
34 39
34 58
34 55
34 65
35 71
35 68
35 69
36 10
37 87
39 63
39 38
39 44
39 32
39 48
39 60
39 51
39 64
39 58
39 55
39 45
39 52
39 35
39 56
39 59
39 36
39 62
39 57
39 41
39 53
39 47
40 70
40 72
40 71
40 75
40 77
40 68
40 67
40 74
42 78
42 79
42 71
42 58
42 49
42 55
42 65
42 48
42 69
42 73
42 77
42 74
42 47
42 70
42 68
42 52
42 60
42 56
42 61
42 53
42 59
42 62
42 67
43 85
43 86
43 92
43 87
43 91
44 71
44 85
44 84
44 89
44 74
44 75
44 91
44 66
44 67
44 82
44 80
44 62
44 86
44 78
44 79
44 77
44 90
44 81
45 28
45 17
45 19
45 29
45 16
45 18
45 26
45 27
45 24
46 8
46 64
46 52
46 10
46 58
46 59
46 25
46 18
46 40
46 24
46 29
46 34
46 45
46 54
46 44
46 41
46 61
46 48
46 6
46 17
46 50
46 55
46 69
46 62
46 42
46 21
46 23
46 14
46 13
46 32
46 36
46 5
46 66
46 53
46 30
46 20
46 49
46 22
46 33
46 15
46 68
47 89
47 91
48 31
48 41
48 44
48 59
48 56
48 46
48 35
48 43
48 38
48 54
48 55
48 34
48 29
48 33
48 36
48 30
48 50
48 60
49 89
49 87
50 37
50 62
50 72
50 12
50 78
50 61
50 29
50 63
50 77
50 11
50 22
50 28
50 74
50 73
50 20
50 19
50 23
50 17
50 71
50 53
50 14
50 33
50 30
50 56
50 8
50 45
50 67
50 75
50 65
50 58
50 60
50 59
50 26
50 21
51 45
51 47
51 28
51 54
51 46
51 29
51 41
51 53
51 38
51 48
51 27
51 31
51 44
51 56
51 39
51 30
51 58
53 71
53 58
53 72
53 69
53 63
53 70
53 68
53 66
53 41
53 59
53 65
53 67
54 74
54 53
54 72
54 66
54 57
54 67
55 81
55 83
55 85
55 82
55 80
56 11
56 13
57 3
57 7
57 9
57 10
57 11
59 72
59 80
59 86
59 76
59 84
59 83
59 75
59 79
59 82
59 70
59 88
59 74
60 63
60 78
60 71
60 70
60 87
60 48
60 80
60 65
60 64
60 73
60 56
60 50
60 85
60 75
60 72
60 84
60 79
60 58
60 76
60 89
60 74
60 77
60 69
60 83
60 88
62 59
62 68
62 77
62 66
62 64
62 82
62 83
62 78
62 60
62 69
62 70
62 80
63 73
63 77
63 78
63 79
64 62
64 67
64 69
65 38
65 35
65 39
65 40
65 36
66 83
66 45
66 62
66 69
66 64
66 81
66 85
66 52
66 80
66 44
66 61
66 84
66 49
66 68
66 48
66 53
66 65
66 55
66 58
67 77
67 73
67 76
67 69
67 79
67 78
67 62
67 72
67 74
69 47
69 36
69 46
69 32
69 24
69 41
69 25
69 26
69 28
69 30
70 48
70 50
70 41
71 56
71 51
71 26
71 47
71 44
71 50
71 49
73 31
73 34
73 38
73 40
73 33
73 30
73 39
73 45
73 32
73 37
73 28
74 21
74 34
74 24
74 39
74 15
74 40
74 30
74 26
74 42
74 20
74 18
74 25
74 38
74 28
74 35
74 13
74 32
74 36
74 37
75 67
77 24
77 30
77 28
77 21
77 29
77 17
77 26
77 23
78 46
78 47
79 36
79 34
79 33
79 38
79 27
79 37
79 40
79 42
79 39
80 26
80 25
80 24
80 22
80 27
80 28
81 67
81 74
81 79
81 78
81 75
81 80
81 72
82 88
82 84
82 92
82 91
82 86
83 72
83 64
83 76
83 77
84 8
84 14
84 22
84 34
84 35
84 28
84 36
84 31
85 6
85 8
87 82
87 85
87 84
88 91
89 77
89 73
89 78
89 62
89 59
89 71
89 61
89 67
89 60
89 81
89 69
89 54
89 57
89 58
89 55
89 80
89 56
89 66
89 74
89 79
89 70
91 36
91 46
91 43
91 31
91 38
91 32
91 33
1 77
1 78
1 84
1 82
1 79
2 73
2 70
2 72
3 72
3 76
3 68
3 70
3 71
3 79
4 24
4 17
4 16
4 19
7 62
7 68
7 67
7 73
8 74
8 77
8 78
8 76
8 87
8 75
8 73
8 68
8 80
8 82
8 84
8 79
9 44
9 58
9 54
9 45
9 55
11 49
11 37
11 40
11 48
11 36
12 51
12 76
12 78
12 31
12 82
12 55
12 47
12 83
12 77
12 85
12 64
12 60
12 58
12 88
12 39
12 79
12 81
12 84
12 61
12 46
12 57
12 74
12 73
12 54
12 49
12 86
13 22
13 37
13 36
13 19
13 24
13 29
13 35
13 31
13 28
13 26
13 21
13 27
14 84
14 90
14 70
14 71
14 78
14 91
14 73
15 45
16 26
17 3
17 5
17 4
17 9
18 63
18 62
18 52
18 57
18 59
18 60
18 61
18 67
18 65
18 66
19 13
19 9
19 5
19 7
19 11
19 6
20 24
20 18
20 19
20 23
20 17
20 11
21 47
21 61
21 60
21 33
21 53
21 41
21 89
21 29
21 34
21 55
21 57
21 62
21 37
21 44
21 81
21 48
21 25
21 32
21 38
21 66
21 84
21 50
21 58
21 49
21 39
21 75
21 64
21 83
21 73
21 70
21 42
21 54
21 36
21 56
21 90
21 40
21 67
22 26
22 27
22 25
23 84
23 83
23 80
23 77
23 78
23 79
23 76
24 31
24 26
24 10
24 27
24 38
24 6
24 11
24 16
24 29
25 80
25 83
25 84
25 85
25 88
25 86
26 41
26 52
27 62
27 65
29 26
29 32
29 31
29 35
29 28
30 28
30 27
30 26
31 68
31 62
31 78
31 80
31 65
31 76
31 58
31 73
31 63
31 67
31 47
31 49
31 79
31 48
31 75
31 69
31 77
31 74
31 57
31 66
32 36
32 38
32 31
34 24
34 52
34 48
34 40
34 31
34 44
34 27
34 42
35 77
35 75
35 61
35 83
35 64
35 66
35 60
35 74
35 82
35 67
35 80
35 59
35 76
35 65
35 84
35 62
36 28
36 18
36 39
36 27
36 26
36 46
36 19
36 25
36 31
36 35
36 21
36 24
37 57
37 48
37 23
37 65
37 86
37 80
37 54
37 49
37 64
37 63
37 56
37 59
37 78
37 25
37 67
37 68
37 29
37 26
37 28
37 77
37 76
37 47
37 27
37 70
37 69
37 35
37 72
37 39
37 43
37 33
37 53
37 82
37 50
37 85
37 74
37 45
38 43
38 46
38 48
38 44
39 66
39 68
39 72
40 89
40 82
40 83
40 88
40 80
40 87
40 81
41 51
42 44
42 32
42 46
42 33
42 45
42 38
42 30
42 39
42 41
42 40
42 35
42 31
43 62
43 64
43 57
44 53
44 47
44 69
44 54
44 83
44 61
44 76
44 49
44 40
45 55
45 56
45 58
45 57
46 38
47 78
47 73
47 76
47 79
47 77
48 87
48 82
48 86
48 84
48 85
48 89
48 80
48 91
48 90
48 83
49 8
49 12
49 10
49 13
52 28
52 34
52 21
52 45
52 19
52 16
52 38
52 39
52 20
52 32
52 14
52 36
52 23
52 5
52 27
52 43
52 15
52 11
52 48
52 31
52 37
52 24
52 49
52 41
52 4
52 10
52 42
52 50
52 6
52 35
54 9
55 64
55 65
55 72
55 60
55 62
55 76
55 58
55 66
55 54
55 51
55 71
55 78
55 67
55 63
55 73
56 86
56 90
56 89
57 51
57 37
57 55
57 41
57 46
57 61
57 44
57 62
57 45
57 54
57 67
57 56
57 63
57 64
57 66
57 36
57 49
58 22
58 30
58 26
58 31
58 29
59 69
59 71
60 90
60 81
60 86
61 70
61 71
61 72
62 34
62 37
62 30
62 49
62 38
62 50
62 56
62 46
62 36
62 45
62 32
62 48
62 47
62 58
62 24
62 57
62 23
62 26
62 29
62 41
62 42
62 35
62 44
62 51
62 22
62 52
62 27
63 82
64 49
64 80
64 53
64 58
64 51
64 42
64 72
64 76
64 61
64 82
64 54
64 91
64 48
65 82
65 87
66 14
67 91
68 83
68 88
68 86
68 85
70 65
70 76
70 72
70 74
70 78
71 80
71 79
72 76
72 80
72 83
72 79
72 77
72 78
74 66
74 63
74 67
74 61
75 4
75 1
75 5
75 7
76 2
76 5
76 3
78 15
78 18
78 13
79 28
79 23
79 35
79 25
79 22
81 84
81 83
81 85
82 42
82 44
82 45
82 36
83 88
83 59
83 39
83 57
83 44
83 75
83 89
83 58
83 82
83 85
83 79
83 60
83 52
83 51
83 81
83 43
84 16
84 4
84 7
85 80
86 44
86 40
86 41
86 43
87 59
87 54
87 57
87 44
87 61
87 47
87 51
87 53
87 62
87 49
87 60
87 64
88 61
88 59
88 58
88 65
88 63
88 60
88 64
88 68
89 17
89 31
89 24
89 29
89 10
89 16
89 14
89 12
89 21
89 27
89 8
89 18
89 36
89 30
89 9
89 28
89 4
89 19
89 11
89 25
89 32
90 76
90 81
90 67
90 78
90 75
90 69
90 71
90 79
90 68
90 65
90 74
91 80
91 65
91 81
91 79
91 58
91 73
92 20
92 62
92 24
92 27
92 76
92 48
92 33
92 51
92 43
92 50
92 29
92 35
92 74
92 32
92 71
92 30
92 78
92 63
92 25
92 19
92 28
92 79
1 73
1 72
1 70
1 69
1 65
1 71
2 84
2 92
2 88
3 56
4 78
4 67
4 44
4 58
4 62
4 77
4 70
4 63
4 55
4 68
4 69
4 37
4 48
4 80
4 75
4 66
4 45
4 79
4 60
4 61
6 50
6 9
6 25
6 49
6 10
6 42
6 41
6 51
6 37
6 22
6 47
6 54
6 36
6 35
6 17
6 32
7 71
7 82
7 79
7 63
7 69
7 78
7 61
9 85
9 73
9 75
9 72
9 69
9 84
9 86
9 79
9 70
9 78
9 80
9 77
9 71
10 49
10 54
10 52
10 46
11 53
11 57
12 52
13 6
13 11
13 9
13 7
14 26
15 28
15 38
15 36
15 58
15 52
15 53
15 64
15 54
15 65
16 76
16 78
16 77
17 90
17 88
18 23
18 25
18 17
18 24
18 22
18 21
20 33
20 37
20 53
20 44
20 35
20 59
20 39
20 45
20 42
20 52
20 49
20 50
20 43
20 54
20 48
20 36
20 46
20 38
20 41
20 62
20 51
21 51
21 31
21 45
21 43
22 80
22 83
22 84
22 88
23 17
23 36
23 18
23 38
23 19
23 20
24 4
24 9
24 22
24 7
24 8
24 5
24 15
25 73
25 75
25 76
26 86
26 88
26 89
26 87
27 39
27 32
27 48
27 43
27 42
27 37
28 81
28 91
28 74
28 79
28 75
29 20
29 18
29 13
29 9
29 14
29 7
29 8
29 16
29 10
30 39
30 48
30 38
30 45
30 49
30 47
30 46
30 29
30 34
30 37
30 43
31 51
31 53
31 54
31 55
31 71
32 67
32 81
32 62
32 40
32 58
32 59
32 74
32 43
32 55
32 80
32 72
32 68
32 66
32 64
32 69
32 54
32 65
32 84
32 27
32 44
32 57
32 70
32 82
32 35
32 46
32 13
32 52
32 53
32 79
32 71
32 63
33 89
34 62
34 64
34 73
34 74
37 12
37 14
37 5
37 6
37 19
37 13
37 9
37 11
37 4
37 7
38 82
40 43
40 33
40 31
40 29
40 24
40 19
40 20
40 22
40 39
40 37
40 23
40 30
40 34
40 38
40 36
40 18
40 45
42 10
42 20
42 19
42 17
42 6
42 8
42 21
42 23
42 9
42 11
42 14
42 22
42 16
44 57
44 48
44 59
44 38
44 41
44 46
44 42
45 21
45 23
45 25
45 15
47 57
47 50
47 49
47 54
47 53
47 56
47 52
48 72
48 74
49 72
49 75
50 79
51 40
51 32
51 50
51 34
51 25
51 20
51 42
51 24
51 23
51 49
53 10
53 4
53 11
53 3
53 18
53 7
53 15
53 2
53 9
53 5
55 10
55 8
55 6
55 7
55 9
56 66
56 83
56 63
56 70
56 77
56 72
56 78
56 91
56 71
56 61
56 64
56 84
56 67
56 74
56 80
56 76
57 50
57 59
57 52
57 53
58 72
58 78
58 57
58 70
58 64
58 74
58 63
58 71
58 76
58 77
59 11
59 20
59 12
59 22
59 7
59 23
59 31
59 13
59 24
59 28
59 27
59 19
59 10
59 21
60 68
60 82
61 77
61 79
61 76
61 73
61 75
63 38
63 22
63 49
63 24
63 50
63 51
63 29
63 36
63 58
63 43
63 54
63 33
63 31
63 27
63 44
63 56
63 26
63 21
63 47
63 34
63 35
63 39
63 42
63 52
63 23
63 46
63 45
63 59
63 30
64 23
64 6
64 36
64 21
64 18
64 9
64 40
64 52
64 24
64 37
64 8
64 15
64 25
64 20
64 11
64 5
64 16
64 13
64 47
65 55
65 48
65 51
65 53
65 50
65 56
68 41
68 36
68 45
68 44
68 42
68 47
68 38
68 35
68 43
69 39
70 90
70 88
70 82
70 91
71 67
71 60
71 53
71 59
71 66
72 31
72 41
72 40
72 56
72 59
72 54
72 42
72 20
72 23
72 28
72 32
72 46
72 37
72 27
72 21
72 30
72 53
72 26
72 36
72 43
72 35
72 38
72 52
72 19
72 50
72 47
72 55
72 22
73 79
73 76
73 55
73 75
73 72
73 64
73 80
73 57
73 69
73 63
74 81
74 83
75 51
75 52
75 48
76 87
77 51
77 50
78 54
78 55
78 56
78 43
78 53
78 50
79 82
79 84
80 43
80 46
80 75
80 62
80 72
80 76
80 82
80 53
80 55
80 69
80 41
80 40
80 51
80 66
80 44
80 70
80 54
80 37
80 42
80 45
82 23
83 68
83 86
83 71
83 78
83 80
84 55
84 62
84 50
84 56
84 71
84 59
84 48
84 70
84 68
84 63
84 61
84 54
84 69
84 49
84 73
84 53
86 85
86 78
86 84
86 91
86 73
86 69
86 80
86 88
86 71
86 89
86 82
86 75
86 81
86 77
86 74
87 35
89 76
89 72
91 60
92 86
1 91
1 89
3 48
4 35
4 23
4 8
4 46
4 21
4 13
4 32
4 52
4 9
4 20
4 18
4 47
4 38
4 10
5 47
5 66
5 71
5 51
5 33
5 32
5 70
5 61
5 27
5 35
5 62
5 49
5 64
5 30
5 46
5 67
5 63
5 36
5 38
5 37
5 26
7 89
7 87
7 85
8 90
8 86
8 88
8 81
8 92
8 89
9 81
9 83
9 74
9 68
10 23
10 53
10 22
10 43
10 20
10 18
10 50
10 27
10 19
10 25
10 33
10 8
10 31
11 13
11 10
11 9
11 7
12 90
12 87
13 67
13 62
13 66
14 29
14 37
14 39
14 38
14 44
14 34
15 27
15 25
17 72
17 65
17 55
18 56
18 55
18 58
18 64
19 51
19 69
19 78
19 49
19 53
19 50
19 59
19 62
19 65
19 72
19 48
19 31
19 75
19 76
19 73
19 77
19 80
19 58
19 68
19 57
19 60
19 74
19 54
20 85
20 88
20 90
21 78
21 85
21 79
22 36
22 21
22 32
22 43
22 37
22 57
22 20
22 41
22 61
22 39
22 29
22 60
22 31
22 59
22 49
22 58
22 19
22 28
23 43
23 55
23 50
23 44
23 46
23 53
23 54
23 52
24 42
25 57
25 55
25 56
26 81
26 67
26 66
26 76
26 56
26 70
26 72
26 60
26 85
26 84
26 57
26 75
27 56
28 62
28 64
29 45
29 42
29 50
29 52
29 46
29 44
29 43
29 53
29 56
30 79
30 77
31 56
31 59
33 84
33 81
35 70
35 78
35 73
35 72
36 76
36 55
36 62
36 63
36 52
36 50
36 61
36 53
36 73
36 79
36 51
37 20
37 58
37 42
37 8
37 21
37 31
37 17
37 52
37 10
37 24
37 40
37 46
38 17
40 66
40 79
40 76
40 73
40 78
40 62
41 14
41 9
41 16
41 12
41 8
41 7
41 5
42 88
42 90
42 86
42 91
45 32
46 79
46 75
46 73
46 80
46 77
46 71
46 78
46 72
46 74
46 76
47 13
47 22
47 17
47 3
47 5
47 4
47 23
47 7
47 8
47 14
47 24
47 19
47 26
47 27
47 11
47 15
47 21
47 6
48 88
48 81
50 80
51 37
51 36
51 26
52 61
52 68
52 65
52 70
52 71
52 55
52 64
52 56
52 62
52 59
52 54
52 67
52 57
52 58
53 75
53 64
53 74
54 38
54 14
54 24
54 5
54 16
54 35
54 20
54 26
54 27
54 30
54 18
54 22
54 8
54 41
54 6
54 3
54 37
54 19
54 40
54 12
54 44
54 31
54 4
54 7
54 21
54 39
55 37
55 35
55 45
55 43
56 32
56 36
57 80
57 79
58 65
58 23
58 45
58 14
58 47
58 50
58 82
58 28
58 43
58 80
58 67
58 13
58 75
58 27
58 73
58 37
58 83
59 25
59 29
59 39
59 41
59 35
59 51
59 9
59 50
59 30
59 32
59 45
59 26
59 33
59 8
59 40
59 34
59 44
60 66
60 67
62 61
62 65
63 18
63 16
63 15
63 17
65 41
65 58
65 60
65 24
65 30
65 49
65 70
65 44
65 52
65 37
65 34
65 54
65 47
65 46
65 63
65 57
65 23
65 29
65 31
66 7
66 33
66 56
66 54
66 39
66 4
66 42
66 28
66 35
66 60
66 32
66 21
66 15
66 26
66 51
66 57
66 50
66 43
66 17
66 18
66 19
66 27
66 41
66 20
66 10
66 29
66 5
66 8
66 37
66 63
66 25
67 52
67 61
67 46
67 50
67 42
68 10
68 9
69 29
69 50
69 27
72 71
72 87
72 86
72 81
72 84
74 91
75 60
75 65
75 53
75 66
75 54
75 62
75 63
75 55
77 53
77 40
77 54
77 47
77 46
77 49
77 36
77 34
77 38
77 35
77 48
77 45
79 8
80 58
80 34
80 19
80 23
80 39
80 65
80 21
80 31
81 12
81 8
81 17
81 18
81 14
81 19
81 10
81 16
82 27
82 28
82 26
82 25
84 58
85 27
85 30
85 71
85 35
85 29
85 59
85 28
85 75
87 68
87 79
87 70
87 74
87 71
87 67
87 77
87 78
87 66
87 72
87 56
87 55
87 86
87 63
87 52
87 81
87 69
87 76
88 51
88 76
88 62
88 55
88 66
88 29
88 31
88 38
88 75
88 48
88 30
88 56
88 54
88 78
88 52
88 77
88 57
88 74
88 67
88 50
90 59
90 58
91 24
91 4
91 17
91 22
91 8
91 19
91 20
91 10
91 5
91 9
91 29
91 23
91 26
91 13
91 6
91 16
91 14
91 12
92 90
92 88
1 85
1 83
1 86
1 80
1 87
1 81
4 83
4 86
4 89
4 90
4 87
6 81
6 79
6 77
7 81
8 65
8 70
8 69
8 71
8 72
8 60
8 67
8 83
8 66
8 85
9 17
9 16
12 32
12 50
12 41
12 59
12 30
12 28
12 56
12 38
12 48
12 22
12 26
12 25
13 20
13 12
13 23
13 10
13 17
14 60
14 69
14 67
14 52
14 66
15 68
15 51
15 71
15 66
15 74
15 67
16 70
16 61
16 62
16 67
16 66
16 73
16 72
16 59
16 71
16 60
16 69
16 65
16 68
18 34
18 39
18 37
19 26
19 24
19 56
19 44
21 46
21 59
21 65
21 69
21 63
21 72
21 30
22 70
22 76
22 77
22 73
22 68
22 71
22 82
23 61
23 66
23 59
23 57
23 62
23 56
24 52
24 53
25 47
25 58
25 53
25 52
25 48
27 82
29 27
30 81
30 54
30 16
30 25
30 59
30 17
30 35
30 33
30 40
30 52
30 56
30 80
30 18
30 11
30 36
30 71
30 19
30 20
30 58
30 24
30 10
30 23
30 21
30 82
30 61
30 42
30 51
31 20
31 23
31 21
31 19
31 15
31 28
31 36
31 18
31 17
32 83
32 73
32 77
34 79
34 61
37 81
37 79
37 83
38 60
39 69
40 42
40 59
40 64
41 81
41 74
41 78
41 79
41 73
42 57
42 54
43 83
43 84
43 82
45 65
45 69
45 59
45 63
45 64
45 66
45 70
45 68
46 70
47 10
48 13
48 15
48 12
48 14
48 7
48 10
49 85
49 84
50 82
50 76
50 83
50 70
50 69
51 6
51 8
51 7
51 3
52 63
52 60
53 35
53 39
53 37
53 33
55 21
55 24
55 17
55 18
55 31
55 19
55 23
55 25
56 9
56 10
56 12
56 7
57 90
57 83
57 85
57 91
57 81
57 86
58 42
59 17
59 18
60 91
61 55
61 41
61 56
61 49
61 53
61 47
61 44
61 48
61 45
61 50
61 46
61 38
61 57
61 52
61 54
61 42
62 40
62 53
62 54
62 55
63 66
63 83
63 68
63 80
63 71
63 67
63 74
63 72
63 76
64 84
65 91
65 64
65 71
65 61
65 62
65 45
66 12
66 13
66 16
67 37
67 83
67 80
67 86
67 75
67 81
67 44
68 76
68 75
68 74
68 79
68 73
69 60
69 74
69 67
69 65
69 81
69 78
69 79
69 77
69 53
69 64
69 59
69 62
69 58
69 51
69 73
70 8
70 10
70 7
71 11
71 10
71 21
71 15
71 16
71 19
71 13
71 7
71 8
71 9
72 13
72 12
72 18
72 24
72 11
72 14
73 88
73 87
73 78
74 77
75 74
75 80
75 72
75 84
75 83
75 69
75 71
75 86
77 12
77 14
78 40
79 55
79 50
79 57
79 32
79 30
79 48
79 53
79 52
79 45
79 54
79 49
79 56
79 58
79 41
79 46
80 91
81 2
81 9
81 4
81 1
81 5
82 64
83 73
83 74
84 90
84 92
85 39
85 25
85 24
85 15
85 47
85 14
85 21
85 53
85 26
85 19
85 17
85 23
85 22
85 16
86 53
86 51
86 60
86 42
86 35
86 58
86 37
86 52
86 57
86 30
86 33
86 55
86 46
86 31
86 63
86 28
86 32
86 50
86 29
86 45
86 34
86 54
86 47
87 7
87 11
87 5
87 14
87 6
87 16
87 15
87 10
87 18
87 4
87 17
88 79
88 86
88 87
88 80
88 85
88 83
88 69
88 53
88 71
88 73
89 22
89 15
89 20
91 7
91 11
91 21
1 76
1 61
1 67
1 63
1 66
2 67
2 66
2 65
4 7
5 21
5 20
5 12
5 4
5 14
5 7
5 24
5 22
5 18
5 8
5 29
5 28
5 15
5 10
6 63
6 72
6 76
6 68
6 69
6 74
6 67
6 66
6 78
6 71
6 70
7 23
8 59
8 58
8 47
8 41
8 53
8 62
8 44
8 61
8 45
10 44
10 38
10 47
10 60
11 79
11 58
13 25
13 33
13 32
13 34
13 4
13 15
13 8
13 3
14 24
14 20
15 84
15 88
15 82
15 78
15 83
15 80
16 5
16 8
16 9
16 12
16 11
17 83
17 85
17 84
18 82
19 22
19 23
19 18
19 21
19 17
19 16
19 27
20 57
21 68
21 77
21 76
21 71
21 74
25 90
25 68
25 66
25 60
25 89
25 67
25 81
25 74
25 78
25 64
25 65
25 61
25 77
25 69
25 54
25 87
25 72
26 5
27 54
27 55
27 67
27 60
29 41
29 40
30 78
31 72
31 70
32 90
32 89
35 55
35 47
35 17
35 10
35 50
35 63
35 49
35 54
35 56
35 48
35 13
35 51
35 88
35 46
35 85
35 9
35 43
35 52
35 33
35 18
35 44
35 58
35 16
35 53
37 22
37 16
37 36
38 70
38 69
38 67
38 73
39 33
39 54
39 16
39 65
39 46
39 27
39 17
39 11
39 31
39 12
39 18
39 19
39 67
39 61
39 34
39 15
39 43
39 49
39 14
39 30
39 37
39 24
40 44
40 46
41 76
41 68
41 75
41 64
41 72
41 66
41 77
42 64
42 72
42 75
42 76
44 24
44 21
44 25
44 34
44 26
44 30
44 27
44 29
44 52
44 32
44 23
44 43
44 22
44 33
44 36
45 71
45 67
46 86
46 37
46 87
46 57
46 88
46 43
46 35
46 65
46 81
46 89
46 85
46 67
46 60
46 63
46 84
47 30
47 46
47 36
47 44
47 41
47 40
47 29
47 33
47 43
47 38
48 57
48 58
49 90
51 81
51 79
51 84
51 80
51 82
51 78
54 33
55 79
55 69
55 77
55 70
55 68
55 75
56 48
57 69
57 68
57 72
57 71
57 76
57 75
57 74
57 77
59 85
60 92
61 91
63 55
65 43
65 26
65 17
65 28
65 32
65 25
65 19
65 22
65 33
65 18
66 78
67 32
67 27
67 28
67 40
68 84
68 66
68 64
68 80
68 82
68 67
68 65
68 71
70 21
70 26
70 31
70 34
70 17
70 19
70 25
70 33
70 28
70 35
70 38
70 18
70 36
72 85
72 82
72 89
73 89
74 50
74 52
74 45
74 53
74 60
74 54
74 56
74 48
74 44
74 47
75 59
75 49
75 56
75 57
76 11
76 10
77 39
77 42
79 29
81 42
81 41
81 36
81 35
81 44
81 46
81 49
81 38
81 50
81 34
81 47
81 43
81 37
82 33
83 87
83 90
84 52
84 51
86 23
86 18
86 19
86 22
86 16
86 26
86 21
87 90
88 46
88 39
88 36
89 88
89 84
89 91
89 86
89 87
90 30
90 31
90 40
90 46
91 18
91 15
92 16
92 85
92 42
92 84
92 52
92 13
92 26
92 82
92 17
92 14
92 83
92 12
92 31
1 27
1 4
1 26
1 20
1 9
1 21
1 24
1 30
1 3
1 34
1 17
1 16
1 14
1 10
1 6
1 18
1 8
1 19
1 28
1 40
1 15
2 59
2 60
2 64
2 63
2 61
2 57
3 34
3 44
3 42
5 17
5 25
5 16
6 52
6 44
7 32
7 44
7 47
7 45
7 34
7 51
7 41
7 36
7 40
7 43
7 72
7 46
7 37
9 60
9 63
9 64
9 62
9 56
9 59
9 67
10 80
10 81
10 77
11 90
11 89
11 92
12 69
12 80
12 63
13 46
13 45
14 62
14 65
15 18
15 14
15 13
16 29
16 18
16 25
16 40
17 63
18 80
18 72
18 68
18 71
18 81
18 73
18 78
18 83
18 79
18 70
18 85
19 52
19 47
19 55
20 67
20 78
20 69
20 70
20 65
20 64
20 61
20 66
20 63
21 86
22 30
22 34
22 13
22 15
22 11
22 18
22 33
22 14
22 16
22 17
22 24
25 31
25 28
27 88
27 84
27 87
27 86
27 83
28 41
28 40
28 42
28 38
29 81
29 70
29 69
29 75
29 76
29 77
29 78
29 74
30 90
30 72
30 88
30 75
30 55
30 57
30 60
30 87
30 84
31 46
31 50
31 52
31 64
31 60
31 86
32 50
32 48
32 49
32 56
32 60
33 51
33 31
33 48
33 36
33 40
33 37
33 42
33 27
34 50
34 57
36 23
36 22
37 89
37 88
40 60
41 85
41 80
41 83
41 67
41 70
41 82
42 92
42 89
43 37
43 32
43 58
43 72
43 48
43 60
43 78
43 70
44 88
44 87
45 77
45 85
45 88
45 81
45 78
45 84
47 25
48 65
48 92
48 69
49 83
49 81
49 68
49 55
49 78
49 91
49 76
49 70
49 77
49 80
49 53
49 45
50 68
50 66
50 38
50 46
51 13
51 9
51 11
51 10
52 29
52 13
52 18
52 25
52 26
52 33
53 77
53 44
53 76
53 73
54 86
57 70
58 41
58 24
58 33
58 25
58 34
58 32
61 16
61 22
61 24
61 10
61 27
61 18
61 19
61 34
61 31
61 20
61 29
61 37
61 17
61 32
61 30
61 12
61 40
61 39
61 36
62 84
63 53
63 61
63 60
65 42
65 59
65 92
66 90
66 89
66 91
66 86
66 88
68 37
68 46
68 18
68 39
68 57
68 56
68 53
68 49
68 52
68 25
68 51
68 34
68 32
68 17
68 24
69 61
69 63
69 31
72 62
72 65
72 57
75 68
75 73
75 70
77 52
78 6
78 4
78 10
78 23
78 12
78 8
78 9
78 14
78 29
80 30
81 69
81 68
81 71
81 70
82 20
82 21
82 48
82 19
82 22
82 32
82 50
82 29
82 30
82 46
83 31
83 30
83 36
83 37
83 32
83 25
83 29
83 33
83 35
83 34
86 62
86 68
86 61
86 56
86 59
86 67
86 64
86 65
87 83
87 50
87 89
87 75
87 65
87 92
89 63
89 39
89 46
89 37
89 43
89 68
89 75
89 33
89 44
89 45
89 47
89 35
89 64
89 42
90 63
90 88
90 85
90 50
90 72
90 51
90 62
90 57
90 52
90 89
90 60
90 77
90 61
90 70
90 83
90 86
90 73
90 80
1 23
1 22
2 81
2 80
2 68
2 77
2 69
3 65
3 66
5 19
6 29
6 24
6 11
7 75
7 74
9 82
10 63
10 65
10 59
10 64
10 62
11 46
12 43
13 76
13 73
13 74
13 79
13 71
13 84
13 75
13 83
15 76
15 17
15 32
15 23
15 70
15 21
15 11
15 10
15 73
15 20
15 9
15 81
15 72
16 90
17 8
17 28
17 27
17 6
17 21
17 46
17 33
17 15
17 13
17 19
17 40
17 16
17 12
17 43
17 20
17 30
17 23
17 22
18 69
19 87
19 71
19 82
19 84
19 88
19 70
19 83
20 26
20 22
21 26
21 27
21 20
21 52
21 28
22 53
22 45
22 38
22 40
22 54
22 44
22 51
22 50
23 70
23 75
23 82
23 73
23 67
23 68
23 64
23 85
23 65
24 91
24 90
25 39
25 29
25 38
25 36
25 33
25 27
25 30
25 32
25 24
27 33
27 40
27 30
30 4
32 21
32 14
33 91
33 90
34 47
36 13
36 20
36 41
36 14
36 12
36 33
36 16
36 17
36 7
36 9
36 11
36 15
37 44
38 28
40 5
40 6
41 49
41 59
41 71
41 57
41 52
41 87
41 54
41 62
41 53
41 86
41 84
41 50
41 55
42 83
42 63
42 85
42 66
43 79
46 56
47 42
47 51
47 45
49 24
49 22
49 25
49 26
49 16
49 23
50 81
52 47
52 51
53 55
54 89
55 74
57 34
57 42
57 38
57 40
57 35
57 33
57 32
61 51
61 59
61 58
63 88
65 13
65 12
65 15
65 27
66 30
66 38
66 23
66 47
66 22
66 31
68 78
68 77
69 76
69 85
69 83
69 80
69 68
69 72
69 88
69 71
69 86
69 90
69 87
71 64
72 44
72 39
74 31
74 33
75 77
75 46
75 42
75 41
75 79
75 78
75 50
75 45
75 82
75 43
75 40
75 58
76 19
76 16
76 12
76 18
76 15
76 17
77 91
78 89
78 91
78 88
79 65
79 69
79 75
79 61
79 66
79 73
79 60
79 74
79 64
79 59
79 62
79 67
80 60
80 71
80 73
80 74
81 76
81 73
82 49
83 9
83 17
83 19
83 15
83 21
83 22
84 26
84 27
84 29
86 48
86 25
86 8
86 11
86 38
86 27
86 36
86 7
86 17
86 24
86 10
86 13
86 39
87 80
88 42
90 55
90 56
1 45
1 50
1 49
3 88
3 57
3 51
4 81
4 72
4 59
4 82
4 71
4 57
4 74
4 64
4 76
6 89
6 87
6 65
6 73
6 88
6 75
6 86
6 83
8 3
8 7
8 4
8 6
9 40
9 48
9 28
9 65
9 25
9 26
9 57
9 66
9 35
9 31
9 43
9 39
10 76
10 71
10 72
10 75
16 3
17 78
17 77
17 79
17 80
17 81
17 82
18 27
18 9
18 14
18 31
18 26
18 10
18 12
18 36
18 43
18 32
18 50
18 44
18 46
18 33
18 42
18 30
18 48
18 7
18 8
18 11
18 47
19 86
19 90
19 89
19 85
19 63
19 92
19 64
19 67
19 66
19 79
19 81
20 34
22 35
24 88
24 89
24 85
24 84
25 41
25 45
25 42
25 40
25 34
25 46
26 42
28 37
28 34
28 33
28 36
29 51
29 60
29 58
29 59
29 48
30 83
30 91
30 92
30 85
32 37
35 57
36 57
36 58
36 56
36 54
37 55
37 60
37 66
37 62
39 5
39 20
39 7
39 23
39 25
39 13
41 39
41 23
41 43
41 61
41 63
41 65
42 25
42 34
42 29
42 24
42 28
44 37
45 74
47 39
48 61
48 53
48 51
50 24
51 61
51 55
51 69
51 15
51 83
51 21
51 68
51 77
51 66
51 90
51 35
51 88
51 18
51 86
51 60
51 17
51 62
51 63
51 91
51 71
51 75
51 65
51 59
51 76
52 90
52 89
54 69
54 68
57 92
59 58
59 62
59 56
61 28
61 25
61 15
61 23
61 35
61 64
61 13
61 21
61 14
61 43
62 81
63 81
65 21
65 20
68 33
71 36
73 35
75 44
75 47
77 43
77 41
77 44
77 33
77 37
79 68
79 70
80 77
80 83
81 52
81 23
81 59
81 21
81 27
81 53
81 26
81 22
81 11
81 20
81 28
81 33
81 58
81 54
81 13
81 55
81 40
81 24
81 25
81 30
82 5
82 17
82 10
82 14
82 8
82 7
82 4
82 11
82 9
82 18
82 15
82 16
82 24
82 13
83 92
