32 748
1 2
2 3
3 4
4 5
5 6
6 7
7 8
8 9
9 10
10 11
11 12
12 13
13 14
14 15
15 16
16 17
17 18
18 19
19 20
20 21
21 22
22 23
23 24
24 25
25 26
26 27
27 28
28 29
29 30
30 31
31 32
32 1
1 13
1 11
1 14
1 6
1 8
1 9
1 12
2 26
2 25
2 28
3 26
4 16
4 14
4 17
4 7
4 11
4 12
4 18
4 10
4 8
4 15
5 18
5 16
6 20
6 25
6 24
6 22
6 19
8 22
8 24
8 26
8 25
9 22
9 25
9 28
9 29
9 26
9 27
11 21
11 20
13 5
13 12
13 11
13 15
13 10
13 16
13 7
13 8
14 3
14 5
15 23
16 27
17 10
17 6
17 4
17 9
17 7
17 13
19 7
20 31
21 9
21 8
22 12
23 8
23 9
23 1
23 11
23 3
23 10
23 4
23 5
24 21
24 16
24 15
24 18
24 19
25 16
25 17
25 15
26 5
26 4
26 3
27 17
27 29
27 25
27 23
27 18
27 30
27 20
27 21
27 26
30 26
30 29
30 27
30 24
31 4
32 16
32 15
32 13
1 5
2 29
2 20
2 27
2 23
3 30
3 24
3 29
3 21
3 31
3 19
3 15
3 28
4 30
5 26
5 20
5 12
5 21
5 23
5 3
5 11
5 15
5 14
5 19
5 4
6 13
6 9
6 8
6 14
6 23
6 10
6 21
6 11
6 28
6 16
6 4
8 4
8 10
8 12
8 6
8 2
9 16
9 3
9 8
9 17
9 7
9 14
9 21
9 12
9 18
9 19
9 15
9 6
9 20
10 8
10 7
10 5
10 6
11 16
11 13
11 15
11 10
11 14
11 17
12 21
12 20
12 17
12 19
12 23
12 25
12 22
12 27
12 16
12 18
13 6
13 17
14 28
15 30
15 22
15 29
15 27
15 32
16 18
16 20
17 8
17 16
17 14
17 20
17 23
17 21
18 25
18 26
18 27
18 16
18 21
19 28
19 27
19 30
20 25
20 22
20 26
22 31
24 14
24 11
24 12
26 19
26 20
26 16
26 17
27 13
28 1
29 27
29 25
29 23
29 22
29 26
31 13
1 21
2 16
2 19
2 13
2 18
2 24
6 26
6 27
6 30
8 5
8 7
8 3
10 16
10 22
10 19
10 15
10 18
10 12
10 9
10 13
10 20
11 22
12 8
12 5
14 26
14 24
14 23
16 12
16 14
16 15
18 4
18 3
18 6
18 8
20 10
20 7
21 12
21 10
22 6
22 9
23 7
23 13
23 6
24 29
24 28
24 27
25 22
25 19
25 12
25 21
26 10
26 9
26 12
26 13
28 24
28 25
28 22
28 20
28 26
29 15
29 13
30 18
30 20
30 17
30 15
30 14
30 22
30 23
31 6
31 11
31 10
31 7
32 12
32 14
2 31
2 22
2 21
3 1
3 2
3 6
4 21
5 29
10 24
10 26
13 28
13 25
13 18
13 21
13 26
13 22
14 21
14 19
15 10
15 11
16 10
16 19
16 5
16 23
16 22
16 4
16 9
16 8
16 7
16 11
16 6
17 30
17 25
17 29
17 32
17 26
17 31
17 28
19 21
20 29
20 28
20 27
21 6
21 4
22 20
22 18
22 16
22 28
22 21
22 27
22 25
22 24
25 6
25 7
25 8
26 6
26 7
28 14
28 21
28 15
28 17
28 16
28 13
28 12
29 16
29 14
29 18
29 21
29 17
30 9
30 10
30 6
30 8
30 5
32 19
32 17
1 29
1 30
2 6
3 10
3 16
3 11
3 13
4 26
4 27
4 29
5 2
5 10
5 8
8 14
9 11
10 28
10 31
10 25
11 30
11 28
13 20
14 18
15 19
15 9
15 18
15 20
15 4
15 7
15 17
15 21
15 3
15 13
15 31
15 28
16 21
17 24
17 27
17 22
18 20
18 11
18 13
18 12
18 15
19 25
19 17
19 16
19 14
21 14
21 18
21 26
21 19
22 32
23 29
25 10
26 23
26 21
26 24
27 15
27 16
28 27
29 28
30 25
32 30
3 25
3 22
4 22
4 20
5 27
6 18
6 17
7 23
7 28
7 16
7 18
7 24
7 27
7 20
7 26
7 13
7 21
7 22
7 15
8 23
11 26
11 24
13 32
14 25
14 11
14 29
14 17
14 31
14 9
14 22
14 10
14 20
14 30
14 27
16 13
22 7
23 19
23 16
23 20
23 22
23 17
23 21
25 14
26 31
26 28
26 30
27 5
27 4
28 18
29 24
29 12
29 20
29 19
30 28
31 20
31 18
31 26
31 17
31 25
31 19
31 24
31 30
31 16
31 28
32 22
32 23
32 28
32 29
32 26
32 25
32 18
32 24
32 27
2 11
2 17
3 14
3 12
4 19
4 13
4 6
5 30
5 25
5 22
5 24
7 25
7 29
7 19
7 14
8 32
8 28
8 31
9 23
9 24
9 31
9 32
10 23
10 17
10 29
13 24
15 26
15 25
16 2
16 3
17 11
18 24
19 11
21 15
21 25
21 17
21 13
21 16
21 29
21 11
21 20
23 14
23 25
23 26
24 22
24 23
25 11
28 11
28 10
30 4
30 7
31 27
32 21
1 16
1 15
4 31
5 7
7 5
7 2
8 30
8 27
8 29
10 30
11 9
11 4
11 8
11 25
11 2
11 23
11 7
12 9
16 25
16 29
16 24
18 22
19 10
19 15
19 13
20 14
20 8
20 11
22 19
22 17
22 30
22 29
22 15
24 7
24 13
24 17
24 10
24 9
24 8
25 2
25 4
25 3
25 9
27 19
30 19
31 29
3 18
3 20
5 13
5 28
6 31
6 3
8 19
8 17
8 15
8 16
8 20
9 30
11 31
11 32
12 15
14 13
14 12
16 26
18 28
18 29
19 23
20 17
20 6
20 5
20 18
20 19
20 15
20 4
24 5
24 6
24 4
25 24
25 23
26 8
27 22
27 24
28 32
30 21
31 23
32 11
32 10
32 7
32 9
32 5
1 17
1 18
1 7
1 10
3 7
3 9
4 25
4 24
10 4
10 14
11 29
11 18
11 19
13 4
13 3
18 23
20 3
21 32
21 30
25 27
25 29
25 28
25 30
28 9
29 32
30 13
30 11
1 28
1 26
2 32
3 17
9 13
12 29
12 31
13 9
17 15
17 12
19 18
19 26
21 7
21 5
24 26
26 22
30 12
32 20
2 8
2 9
3 5
4 28
7 17
9 5
10 21
12 28
13 30
14 16
17 19
18 30
20 30
25 20
25 13
28 19
5 31
6 12
12 26
12 24
13 19
24 30
24 32
24 31
25 5
26 25
