75 1673
1 2
2 3
3 4
4 5
5 6
6 7
7 8
8 9
9 10
10 11
11 12
12 13
13 14
14 15
15 16
16 17
17 18
18 19
19 20
20 21
21 22
22 23
23 24
24 25
25 26
26 27
27 28
28 29
29 30
30 31
31 32
32 33
33 34
34 35
35 36
36 37
37 38
38 39
39 40
40 41
41 42
42 43
43 44
44 45
45 46
46 47
47 48
48 49
49 50
50 51
51 52
52 53
53 54
54 55
55 56
56 57
57 58
58 59
59 60
60 61
61 62
62 63
63 64
64 65
65 66
66 67
67 68
68 69
69 70
70 71
71 72
72 73
73 74
74 75
75 1
1 31
3 7
3 13
3 11
3 15
3 8
3 14
4 36
4 40
4 15
4 44
4 29
4 9
4 18
4 25
4 43
4 38
4 6
4 28
4 20
4 14
4 21
4 8
4 37
4 23
4 33
4 13
4 30
4 42
4 31
4 39
5 66
5 69
5 68
5 67
6 65
6 64
6 67
6 68
6 62
7 63
7 66
8 21
8 16
8 22
8 30
8 26
8 19
8 18
8 23
8 17
9 68
10 68
10 63
10 65
11 47
11 44
11 37
11 45
11 41
11 36
11 52
11 49
11 33
11 48
11 54
11 40
12 33
12 34
12 31
13 60
13 54
13 56
13 52
13 59
13 57
14 37
17 70
17 69
17 53
17 62
17 60
17 65
17 64
17 55
17 54
18 43
18 41
18 42
18 40
18 36
18 35
18 34
18 38
18 37
19 55
19 53
19 44
19 47
19 25
19 30
19 32
19 59
19 61
19 60
19 64
19 42
19 49
19 45
19 57
19 56
19 63
19 51
19 38
19 46
19 54
19 28
19 36
19 21
19 41
19 24
19 35
19 62
21 54
21 53
21 64
21 51
21 43
21 47
21 41
21 61
21 68
21 67
21 42
21 48
21 52
21 62
21 44
21 50
21 58
21 49
21 57
21 60
21 66
22 50
22 51
23 54
23 59
23 58
23 56
24 53
24 37
24 38
24 43
24 42
24 51
24 44
24 40
24 50
24 48
24 46
24 41
24 49
24 36
25 32
25 31
25 29
25 30
26 66
26 71
26 68
27 66
27 63
27 65
27 67
28 61
29 4
29 9
29 7
29 8
31 71
31 72
31 69
31 64
31 66
31 67
33 56
34 51
34 7
34 10
34 20
34 48
34 46
34 32
34 25
34 15
34 26
34 16
34 5
34 38
34 49
34 52
34 9
34 56
34 60
34 27
34 33
34 50
34 45
34 31
34 58
34 12
34 2
34 40
34 19
34 57
34 24
34 18
34 23
34 53
34 8
34 14
34 43
34 59
34 11
34 29
34 30
35 15
35 16
35 12
35 17
36 72
36 69
36 71
36 68
37 43
37 55
37 67
37 59
37 52
37 50
37 64
37 48
37 62
37 58
37 69
37 66
37 45
37 39
37 41
37 65
37 53
37 56
37 57
37 40
37 51
37 70
38 33
39 65
39 70
39 69
40 45
40 46
40 54
40 48
40 43
40 49
40 42
40 56
40 53
40 55
41 18
42 68
43 33
43 35
43 38
43 39
43 34
43 32
43 29
43 28
43 30
43 37
44 50
44 16
44 49
44 57
44 53
44 21
44 20
44 12
44 63
44 23
44 61
44 22
44 18
44 56
44 40
44 13
44 59
44 15
44 39
44 70
44 43
44 64
44 27
44 54
44 38
44 26
44 11
44 31
44 48
44 65
44 41
44 19
44 10
44 46
44 35
44 42
44 68
46 29
46 30
46 26
46 32
46 33
47 44
47 29
47 54
47 16
47 40
47 15
47 25
47 53
47 31
47 17
47 21
47 32
47 45
47 36
47 34
47 28
47 23
47 20
47 27
47 43
47 19
47 24
47 51
47 35
47 38
47 49
49 47
49 34
49 62
49 57
49 52
49 43
49 51
49 59
49 54
49 31
49 33
49 27
49 26
49 48
49 65
49 42
49 46
49 66
49 55
49 53
49 39
49 61
49 64
49 56
49 36
49 35
51 42
51 48
51 47
51 40
51 45
52 66
52 35
52 61
52 67
52 48
52 27
52 64
52 58
52 26
52 57
52 55
52 20
52 33
52 42
52 37
52 22
52 24
52 56
52 41
52 25
52 29
52 18
52 28
52 62
52 54
52 30
52 47
52 45
52 60
52 63
52 32
52 14
53 46
53 62
53 55
53 28
53 60
53 61
53 30
53 44
53 22
53 38
53 14
53 20
53 37
53 9
53 57
53 5
53 52
53 7
53 41
53 10
53 13
53 29
53 16
53 40
53 50
53 56
53 32
53 15
53 36
53 21
53 58
53 49
53 63
53 39
53 42
53 26
54 22
55 70
55 68
56 62
56 66
56 67
56 69
56 63
57 67
57 62
57 68
57 69
57 63
57 60
57 65
58 53
58 55
58 56
59 38
59 39
59 42
59 40
59 41
60 65
60 62
60 59
62 12
62 26
62 50
62 33
62 40
62 28
62 30
62 14
62 45
62 27
62 41
62 43
62 17
62 9
62 8
62 44
62 35
62 31
62 52
62 19
62 37
62 11
62 47
62 21
62 16
62 18
62 10
62 42
64 16
64 13
64 19
64 20
65 15
65 7
65 6
65 13
65 14
65 5
65 12
65 8
66 18
66 47
66 21
66 36
66 51
66 39
66 34
66 35
66 24
66 31
66 53
66 26
66 50
66 48
66 52
66 23
66 43
66 27
66 28
66 25
66 38
66 49
66 32
66 37
67 36
67 28
67 34
67 23
67 22
67 20
67 32
67 31
67 17
67 24
67 33
67 35
67 15
68 15
69 55
69 51
69 44
69 43
69 50
69 45
69 46
69 42
69 47
69 54
69 53
69 48
69 40
70 43
70 38
70 54
70 47
70 46
70 45
70 52
70 37
70 42
70 51
70 50
70 49
70 41
70 35
70 53
71 50
71 52
71 47
71 48
71 42
71 41
71 44
71 54
71 40
72 71
73 6
73 3
73 4
74 38
74 51
74 23
74 25
74 56
74 26
74 42
74 49
74 48
74 40
74 31
74 39
74 36
74 50
74 43
74 41
74 44
74 59
74 57
74 29
74 52
74 58
74 60
74 33
74 24
1 28
1 46
1 29
1 37
1 23
1 44
1 47
1 39
1 32
1 43
1 34
1 25
1 45
1 40
1 36
1 33
2 31
2 29
3 38
3 35
3 34
3 36
3 41
3 39
4 26
4 35
4 32
4 41
5 53
5 51
5 50
6 37
6 63
6 59
6 40
6 41
6 66
6 44
6 45
6 43
6 39
6 46
6 50
6 47
6 48
6 38
6 53
6 56
6 51
7 33
7 25
7 31
7 15
7 13
7 32
7 12
7 26
7 20
7 19
7 22
7 21
7 23
7 30
8 64
9 74
9 72
9 73
10 69
10 50
10 55
10 49
10 48
10 61
10 70
10 72
10 67
10 54
10 45
10 53
10 47
10 52
10 71
10 59
11 69
12 54
12 37
12 28
12 44
12 55
12 62
12 27
12 20
12 18
12 61
12 19
12 57
12 26
12 49
12 23
12 16
12 45
12 39
12 63
12 38
12 59
12 14
12 51
12 46
12 43
12 42
12 11
12 50
12 58
12 40
13 19
13 27
13 40
13 37
13 36
13 24
13 35
13 29
13 16
13 20
13 39
13 22
13 18
13 33
13 31
13 25
14 5
14 2
15 69
15 71
15 73
15 66
15 68
15 67
17 50
17 43
17 45
17 37
17 44
17 49
17 42
17 46
17 39
17 38
17 35
18 47
18 50
18 51
18 60
18 62
18 70
18 67
18 57
18 72
18 63
18 61
18 52
18 59
18 49
18 68
18 64
19 29
19 34
19 39
19 33
19 27
19 37
20 51
21 28
21 31
21 32
22 52
22 54
22 53
22 55
23 19
23 21
23 16
23 25
23 22
23 14
23 12
24 30
24 18
24 27
24 20
24 19
24 35
24 12
24 13
24 26
24 32
24 29
24 28
25 67
25 68
26 61
26 60
26 62
27 21
27 25
27 41
27 14
27 23
27 17
27 47
27 51
27 13
27 15
27 48
27 35
27 12
27 10
27 49
27 33
27 37
27 18
27 22
27 29
27 45
27 42
27 34
27 19
27 30
27 38
28 63
28 67
28 66
28 64
29 21
29 19
29 20
29 22
29 24
30 36
31 36
31 38
31 41
31 43
31 35
32 73
32 74
35 28
35 30
35 40
35 31
35 37
35 41
35 43
35 39
35 34
36 22
36 14
36 26
36 21
36 23
36 16
36 20
36 18
36 19
37 27
37 23
37 28
37 24
37 31
37 26
37 35
37 33
37 25
38 68
38 60
38 54
38 57
38 62
38 63
38 59
38 69
38 65
38 58
38 64
39 20
39 42
39 23
39 29
39 38
39 35
39 36
39 17
39 30
39 24
39 13
39 26
39 28
39 34
39 37
39 18
39 10
39 31
39 15
40 74
40 75
40 57
40 70
40 61
40 68
40 66
40 64
40 72
40 73
40 59
41 20
42 56
42 72
42 61
42 63
42 59
42 67
42 65
42 73
42 64
42 70
42 62
42 71
43 66
43 64
43 71
43 69
43 63
44 58
45 47
46 4
46 9
46 8
47 10
47 26
47 11
47 13
47 14
47 18
47 9
48 8
48 73
48 62
48 14
48 38
48 12
48 71
48 26
48 68
48 31
48 7
48 13
48 16
48 20
48 47
48 72
48 60
48 4
48 28
48 52
48 59
48 74
48 27
48 65
48 35
48 15
48 37
48 3
48 29
48 63
48 30
48 55
48 54
48 66
48 53
48 46
48 67
48 70
48 25
48 69
48 10
48 40
48 75
48 58
48 42
48 32
48 18
50 53
50 46
50 45
50 52
50 48
50 44
50 43
51 67
51 60
51 66
51 63
52 34
52 39
52 36
52 38
52 43
53 33
53 34
53 35
54 11
54 13
54 14
54 16
54 12
55 10
55 12
55 9
58 43
58 48
58 46
58 51
58 42
58 36
58 38
58 40
58 52
58 34
58 37
58 47
58 41
59 72
59 74
61 37
61 39
61 35
62 22
63 36
63 27
63 48
63 40
63 30
63 31
63 49
63 44
63 54
63 47
63 50
63 35
63 33
63 28
63 41
63 38
63 45
65 30
65 32
65 37
65 31
65 38
65 28
66 69
66 68
66 40
66 62
66 60
66 45
66 20
66 44
66 58
66 65
66 17
66 33
66 29
66 54
66 55
66 42
66 46
66 64
67 41
67 25
67 21
67 44
67 49
67 45
67 16
67 42
67 30
67 47
67 43
67 29
68 49
68 48
68 51
68 52
68 53
68 47
68 43
69 60
69 57
69 63
69 61
69 67
69 66
69 68
70 44
71 43
71 46
71 45
72 16
72 18
72 10
72 8
72 14
72 12
72 7
72 15
73 69
73 57
73 60
73 59
73 62
73 49
73 61
73 66
73 42
73 53
73 68
73 40
73 65
73 54
73 39
73 50
73 71
73 41
73 48
74 13
75 39
75 44
75 41
75 29
75 42
75 55
75 65
75 43
75 54
75 52
75 57
75 49
75 46
75 47
75 30
75 50
75 35
75 56
75 26
75 27
75 60
75 36
75 64
75 48
1 41
1 53
1 51
1 30
1 49
1 26
1 42
2 36
2 52
2 46
2 30
2 40
2 47
2 38
2 50
2 41
2 33
2 37
2 45
2 53
2 51
3 16
3 10
3 12
4 51
4 45
4 48
4 50
6 35
6 26
6 29
6 25
6 30
6 32
6 42
6 33
6 23
6 18
7 53
7 68
7 55
7 69
7 64
7 57
7 67
7 56
7 58
7 60
7 47
7 59
9 70
10 60
10 46
10 36
10 38
10 56
10 57
10 32
10 35
10 39
10 42
10 41
11 10
11 18
11 17
11 19
11 15
11 9
12 56
12 52
12 47
14 35
14 34
14 40
14 33
15 33
15 60
15 50
15 57
15 44
15 49
15 37
15 35
15 38
15 42
15 40
15 58
15 61
15 46
15 36
15 32
15 52
15 53
15 41
15 59
16 40
16 34
16 42
16 37
16 35
16 39
17 56
17 48
17 59
17 52
17 58
17 40
17 41
17 63
18 8
18 10
18 12
18 9
20 68
21 23
21 18
21 17
21 20
21 25
21 24
22 28
22 31
22 29
22 37
22 32
22 35
23 18
24 69
24 73
24 59
24 63
24 68
24 67
24 61
24 62
24 70
24 66
24 57
25 71
25 69
25 72
25 70
26 63
26 54
26 67
26 65
26 57
26 59
26 70
26 64
27 52
27 55
27 43
27 57
27 39
27 46
27 60
27 58
27 59
28 22
28 26
28 17
28 25
28 15
28 21
30 40
30 10
30 12
30 42
30 32
30 22
30 29
30 14
30 15
30 24
30 21
30 19
30 39
30 38
30 34
30 25
30 35
30 28
31 20
31 39
31 37
31 22
31 28
31 45
31 27
31 29
31 30
31 40
31 44
31 33
33 69
33 57
33 61
33 65
33 67
33 58
33 63
33 60
34 13
35 38
36 30
36 53
36 33
36 56
36 48
36 67
36 40
36 58
36 44
36 47
36 45
36 60
36 62
36 66
36 51
36 29
36 55
36 65
36 39
36 41
36 61
36 59
36 34
38 45
38 41
38 47
38 40
38 44
38 48
38 46
40 65
40 69
40 71
41 19
41 39
41 28
41 30
41 40
41 21
41 22
41 26
41 29
41 34
41 25
41 23
41 27
42 45
42 60
42 54
42 58
42 57
42 52
42 48
42 53
42 55
42 66
42 69
43 50
43 61
43 62
43 49
43 40
43 48
43 46
43 53
43 41
43 45
43 58
43 60
43 55
45 71
45 44
45 48
45 55
45 72
45 59
45 54
45 61
45 53
45 56
45 52
45 69
45 40
45 58
45 67
45 74
45 70
45 51
45 73
45 49
45 43
45 50
46 51
46 54
46 57
46 49
46 48
46 56
46 53
47 73
47 72
48 57
48 56
48 51
49 69
49 58
49 63
49 68
49 70
49 60
49 67
50 75
51 26
51 22
51 23
51 24
51 27
51 20
51 21
51 30
52 73
53 70
53 73
54 53
54 62
54 35
54 50
54 27
54 37
54 23
54 38
54 25
54 49
54 36
54 32
54 57
54 21
54 58
54 46
54 56
54 51
54 47
54 34
54 61
54 64
54 26
54 43
54 28
54 42
54 31
54 48
54 40
54 33
56 16
56 28
56 26
56 29
56 32
56 21
56 24
56 22
56 33
56 31
56 19
56 18
56 27
57 70
57 72
57 71
57 66
59 8
59 6
60 48
60 49
61 46
61 58
61 48
61 49
61 57
61 51
61 47
61 60
61 55
61 54
62 67
62 69
62 72
63 18
63 13
63 25
63 29
63 17
63 15
63 23
63 16
63 22
63 34
63 19
63 24
65 9
65 23
65 17
65 19
65 22
65 20
65 10
65 21
65 16
65 11
66 59
67 56
67 53
67 55
