39 625
1 2
2 3
3 4
4 5
5 6
6 7
7 8
8 9
9 10
10 11
11 12
12 13
13 14
14 15
15 16
16 17
17 18
18 19
19 20
20 21
21 22
22 23
23 24
24 25
25 26
26 27
27 28
28 29
29 30
30 31
31 32
32 33
33 34
34 35
35 36
36 37
37 38
38 39
39 1
1 18
1 20
1 24
1 22
1 25
1 19
2 31
2 35
2 34
2 36
3 19
3 18
3 16
3 15
4 21
4 24
4 25
4 32
4 27
4 28
4 26
4 29
4 23
4 22
5 37
6 25
6 29
6 31
6 28
6 27
7 30
7 27
7 29
7 28
8 7
8 5
8 3
9 34
11 14
11 16
12 29
12 28
12 30
13 30
13 25
13 24
13 26
13 21
13 29
13 20
14 35
14 34
14 36
15 7
15 19
15 5
15 11
15 12
15 9
15 6
15 20
15 17
16 18
16 23
16 15
16 11
16 25
16 12
16 20
16 26
17 13
17 10
17 14
17 15
17 16
18 3
18 5
18 2
19 15
20 7
20 8
20 10
21 30
23 21
23 22
23 25
24 21
24 18
24 20
25 22
25 17
25 27
25 12
25 30
25 18
25 14
25 35
25 28
25 11
25 13
25 34
25 32
25 24
26 22
26 24
27 12
27 11
27 10
27 8
27 15
28 25
28 27
30 12
30 15
30 23
30 32
30 14
30 16
30 24
30 27
30 35
30 37
30 9
30 33
30 28
30 11
30 13
30 8
30 22
30 21
30 19
31 5
32 37
33 31
33 35
33 39
33 36
34 30
35 27
35 34
35 33
35 28
35 37
35 30
35 25
35 38
35 24
35 26
36 32
37 11
37 18
37 27
37 28
37 24
37 19
37 12
37 17
37 15
37 23
37 13
38 3
38 2
38 8
38 5
39 14
39 10
39 21
39 15
39 19
39 20
39 16
39 11
3 30
3 31
3 32
3 33
3 28
4 18
4 16
5 39
5 38
6 26
7 10
7 12
7 6
7 5
7 11
8 16
8 14
8 12
8 15
9 24
9 23
9 22
9 18
10 21
10 23
10 26
10 17
10 24
10 25
10 20
12 27
13 31
14 16
14 21
14 9
14 17
14 19
14 18
14 20
14 22
14 12
15 30
15 22
15 27
15 32
15 21
15 25
15 18
15 26
16 21
16 19
18 38
19 5
19 7
21 29
21 28
21 11
21 14
21 12
21 4
21 7
21 31
21 13
21 2
21 24
21 26
21 20
21 3
21 25
21 27
21 23
21 18
21 5
21 19
24 33
24 32
24 36
26 35
27 4
27 5
28 13
28 10
28 17
28 8
28 15
28 20
28 12
28 18
29 38
29 32
29 18
29 33
29 21
29 23
29 34
29 36
29 31
29 25
29 20
29 35
34 3
35 22
35 21
36 12
36 7
36 16
36 6
36 15
36 14
36 5
36 9
37 39
37 34
37 35
38 4
39 5
1 4
3 34
3 35
5 2
5 7
5 13
5 9
5 12
5 14
6 3
8 13
8 11
8 10
9 11
9 15
9 16
9 5
9 7
9 12
9 6
9 3
9 14
11 15
12 34
12 36
12 37
12 32
12 26
14 8
14 11
15 10
16 39
17 23
18 37
18 31
18 28
18 30
18 33
18 34
20 22
20 17
20 18
20 16
20 15
20 13
23 12
23 11
24 31
24 34
25 5
26 23
27 2
27 3
30 36
30 29
30 26
31 7
31 11
31 10
31 8
31 13
31 14
31 15
31 17
31 16
32 29
32 34
32 28
32 35
34 25
34 24
34 26
37 32
37 26
37 25
37 29
37 36
37 33
37 30
38 26
39 7
39 8
39 13
3 25
3 23
3 6
3 8
3 13
3 24
3 11
3 29
3 7
3 5
3 17
3 21
4 31
4 35
5 25
5 28
5 27
5 29
6 23
7 26
7 35
7 25
7 31
7 23
7 32
7 33
8 32
9 19
10 33
10 36
10 34
10 37
11 13
13 27
13 28
15 33
15 34
15 37
16 34
16 38
16 35
16 31
16 37
16 36
17 35
17 30
17 34
17 36
17 31
17 33
17 27
17 28
17 25
17 24
18 13
18 27
18 17
18 11
18 24
18 12
18 26
18 23
18 20
19 2
19 1
20 5
20 12
20 23
20 6
20 2
20 19
20 9
20 24
21 1
22 21
23 29
23 30
23 16
23 31
23 17
23 20
23 27
23 15
24 30
24 29
25 10
26 28
26 30
28 35
29 19
29 15
29 14
29 13
29 24
29 26
31 12
31 18
32 24
32 23
32 36
32 26
32 20
32 31
32 27
33 16
34 22
34 29
34 37
34 36
34 20
34 32
35 1
36 28
36 27
36 30
36 26
39 35
1 36
1 35
3 20
3 22
3 26
3 27
3 37
3 38
4 19
4 14
5 24
5 26
5 30
5 20
5 19
5 23
12 11
13 23
13 17
13 19
13 22
14 26
14 28
14 25
14 31
14 27
14 13
14 24
14 29
15 29
15 24
17 37
18 14
18 25
18 10
18 16
18 21
19 24
19 10
19 18
19 30
19 32
19 28
19 26
19 13
19 14
19 16
19 31
19 22
20 26
20 27
20 25
22 15
22 12
22 16
22 13
22 10
22 17
23 5
23 4
23 13
23 8
23 9
23 10
24 28
25 16
25 21
25 15
25 33
25 19
25 29
25 9
25 36
25 31
26 38
27 35
27 18
27 34
27 33
27 29
27 14
27 39
27 30
27 20
27 38
27 16
27 23
27 25
27 9
27 31
27 22
28 38
29 22
30 10
30 17
33 17
33 11
33 23
