122 13435
1 2
2 3
3 4
4 5
5 6
6 7
7 8
8 9
9 10
10 11
11 12
12 13
13 14
14 15
15 16
16 17
17 18
18 19
19 20
20 21
21 22
22 23
23 24
24 25
25 26
26 27
27 28
28 29
29 30
30 31
31 32
32 33
33 34
34 35
35 36
36 37
37 38
38 39
39 40
40 41
41 42
42 43
43 44
44 45
45 46
46 47
47 48
48 49
49 50
50 51
51 52
52 53
53 54
54 55
55 56
56 57
57 58
58 59
59 60
60 61
61 62
62 63
63 64
64 65
65 66
66 67
67 68
68 69
69 70
70 71
71 72
72 73
73 74
74 75
75 76
76 77
77 78
78 79
79 80
80 81
81 82
82 83
83 84
84 85
85 86
86 87
87 88
88 89
89 90
90 91
91 92
92 93
93 94
94 95
95 96
96 97
97 98
98 99
99 100
100 101
101 102
102 103
103 104
104 105
105 106
106 107
107 108
108 109
109 110
110 111
111 112
112 113
113 114
114 115
115 116
116 117
117 118
118 119
119 120
120 121
121 122
122 1
1 22
1 19
1 21
2 95
2 87
2 76
2 70
2 66
2 85
2 84
2 93
2 63
2 90
2 78
2 96
2 98
2 81
2 68
2 97
2 91
2 80
2 94
2 64
2 79
2 75
2 82
3 83
3 89
3 88
3 87
4 67
4 65
5 77
5 93
5 71
5 75
5 90
5 96
5 100
5 84
5 89
5 80
5 73
5 86
5 81
5 70
5 88
5 97
5 95
5 94
5 79
5 82
5 69
5 76
6 113
6 110
6 108
6 107
6 111
6 112
7 120
8 100
8 19
8 54
8 74
8 86
8 64
8 79
8 40
8 38
8 43
8 36
8 37
8 14
8 16
8 22
8 75
8 98
8 81
8 67
8 29
8 87
8 51
8 12
8 53
8 39
8 58
8 97
8 56
8 78
8 23
8 32
8 92
8 27
8 15
8 31
8 21
8 24
8 95
8 17
8 73
8 47
8 62
8 85
8 46
8 55
8 26
8 34
8 89
8 33
8 52
8 48
8 57
8 50
8 65
8 84
9 107
9 100
9 105
9 99
9 101
9 106
9 102
10 86
10 70
10 83
10 84
10 88
10 77
10 74
10 72
10 89
10 80
10 82
10 76
10 79
11 107
11 104
11 100
11 98
11 97
11 95
11 92
11 99
11 93
11 101
11 108
12 60
12 72
12 39
12 51
12 58
12 95
12 69
12 71
12 46
12 110
12 65
12 107
12 78
12 100
12 116
12 93
12 101
12 108
12 49
12 59
12 40
12 52
12 103
12 53
12 113
12 79
12 117
12 75
12 81
12 42
12 115
12 87
12 48
12 63
12 55
12 67
12 80
12 83
12 77
12 98
12 50
12 76
12 114
12 109
12 89
12 88
12 84
12 106
12 64
12 102
12 105
13 116
13 118
13 115
13 117
14 77
14 75
14 73
14 78
14 74
14 82
14 80
14 81
14 79
15 57
15 66
15 78
15 59
15 86
15 81
15 53
15 61
15 76
15 73
15 54
15 58
15 71
15 89
15 88
15 55
15 62
15 77
15 80
15 87
15 75
15 60
15 72
15 68
15 79
16 51
16 72
16 96
16 86
16 98
16 81
16 62
16 78
16 94
16 90
16 115
16 102
16 74
16 63
16 73
16 54
16 64
16 77
16 76
16 109
16 67
16 79
16 97
16 91
16 101
16 105
16 85
16 83
16 116
16 66
16 99
16 60
16 104
16 75
16 100
16 52
16 107
16 84
16 71
16 103
16 93
16 112
17 29
17 33
17 39
17 45
17 34
17 47
17 32
17 48
17 35
17 40
17 38
17 30
17 46
18 117
18 113
18 110
18 118
18 114
18 116
18 112
18 111
19 83
19 84
19 82
19 87
19 88
19 85
20 52
20 43
20 63
20 97
20 45
20 84
20 94
20 73
20 74
20 83
20 58
20 61
20 51
20 60
20 47
20 79
20 96
20 81
20 70
20 75
20 90
20 87
20 57
20 72
20 56
20 59
20 88
20 86
20 92
20 69
20 41
20 42
20 54
20 44
20 77
20 55
21 94
21 66
21 89
21 64
21 81
21 78
21 91
21 72
21 87
21 56
21 77
21 90
21 92
21 60
21 61
21 76
21 55
21 79
21 71
21 57
21 93
21 85
21 69
21 86
21 84
21 54
21 74
21 51
22 122
22 115
22 120
22 116
22 118
22 121
23 53
23 54
23 55
24 112
24 116
24 104
24 113
24 102
24 105
24 111
24 101
24 110
24 114
24 118
25 35
25 27
25 36
25 34
25 31
25 33
25 32
25 24
25 37
26 53
26 52
26 55
26 51
27 95
27 100
27 97
27 98
28 41
28 27
28 33
28 38
28 18
28 19
28 9
28 31
28 25
28 35
28 30
28 22
28 39
28 7
28 13
28 16
28 10
28 42
28 12
28 36
29 114
30 112
31 36
31 35
31 37
32 112
32 109
32 107
32 111
33 73
33 71
33 72
34 61
34 64
34 58
34 55
34 57
34 60
35 111
37 74
37 73
37 69
39 96
39 69
39 68
39 81
39 91
39 88
39 71
39 72
39 79
39 83
39 77
39 74
39 85
39 80
39 89
40 44
40 43
40 42
41 49
41 111
41 80
41 73
41 85
41 78
41 46
41 68
41 103
41 114
41 109
41 76
41 51
41 92
41 53
41 90
41 64
41 83
41 97
41 99
41 61
41 57
41 70
41 102
41 93
41 89
41 113
41 88
41 84
41 112
41 79
41 48
41 63
41 54
41 66
41 108
41 87
41 115
41 81
41 105
41 62
41 58
41 91
41 77
42 68
42 69
43 98
43 71
43 47
43 70
43 95
43 67
43 68
43 78
43 90
43 79
43 75
43 101
43 69
43 45
43 97
43 55
43 82
43 46
43 57
43 59
43 54
43 72
43 66
43 48
43 91
43 100
43 62
43 53
43 88
43 56
43 102
43 61
43 86
43 50
43 80
43 81
43 99
43 65
44 46
44 18
44 50
44 31
44 32
44 54
44 28
44 52
44 36
44 26
44 23
44 43
44 48
44 55
44 17
44 21
44 40
44 37
44 41
44 33
44 53
45 58
45 62
45 59
46 94
46 86
46 93
46 96
46 89
46 98
46 95
46 92
46 85
47 94
47 95
47 99
47 98
47 96
48 97
48 74
48 71
48 68
48 86
48 107
48 94
48 69
48 101
48 73
48 98
48 96
48 84
48 83
48 93
48 91
48 72
48 99
48 102
48 90
48 87
48 100
48 109
48 85
48 80
48 75
48 78
48 81
49 78
49 80
49 81
49 79
49 82
49 84
49 86
50 40
50 60
50 77
50 67
50 69
50 56
50 49
50 79
50 65
50 71
50 76
50 45
50 53
50 39
50 55
50 74
50 57
50 58
50 66
50 46
50 75
50 44
50 63
50 68
50 73
50 64
51 100
51 93
51 102
51 97
51 99
51 101
52 92
52 106
52 100
52 88
52 110
52 95
52 103
52 82
52 79
52 91
52 94
52 107
52 87
52 111
52 85
52 77
52 102
52 117
52 89
52 90
52 105
52 93
52 78
52 98
52 115
52 83
52 120
53 90
53 83
53 87
53 85
53 89
54 23
54 33
54 30
54 39
54 12
54 21
54 10
54 18
54 41
54 22
54 46
54 35
54 38
54 15
54 29
54 5
54 11
54 19
54 9
54 28
54 17
54 8
54 26
54 27
54 6
54 34
54 7
54 50
54 16
54 4
55 109
55 107
55 100
55 112
55 97
55 99
55 98
55 104
55 108
55 105
55 101
56 6
56 11
56 3
56 7
56 5
56 12
57 76
59 88
59 97
59 90
59 95
59 94
59 93
59 89
60 88
60 90
60 102
60 105
60 91
60 109
60 113
60 81
60 97
60 96
60 114
60 106
60 107
60 112
60 95
60 86
60 94
60 79
60 87
60 103
60 93
61 102
61 104
62 112
62 108
62 114
62 115
62 109
62 116
62 110
63 38
63 28
63 25
63 39
63 46
63 37
63 41
63 43
63 50
63 23
63 24
63 40
63 47
63 35
63 31
63 36
63 21
63 33
63 49
64 55
64 42
64 48
64 57
64 68
64 61
64 47
64 44
64 52
64 49
64 66
64 59
64 62
64 43
64 60
65 19
65 18
65 14
65 17
65 15
67 91
67 108
67 95
67 107
67 85
67 96
67 84
67 102
67 100
67 98
67 110
67 99
67 97
67 89
68 40
69 117
70 77
70 58
70 54
70 78
70 69
70 72
70 49
70 80
70 67
70 50
70 61
70 81
70 63
70 60
70 57
70 59
70 83
70 82
70 56
70 62
70 53
71 106
71 114
71 111
71 116
71 107
71 112
71 108
71 110
72 118
72 117
73 61
73 60
73 62
73 59
73 63
74 112
74 100
74 111
74 105
74 113
74 108
74 110
74 102
74 106
74 101
75 95
75 97
75 96
75 99
76 80
76 65
76 75
76 38
76 72
76 79
76 13
76 27
76 70
76 102
76 74
76 29
76 54
76 112
76 92
76 86
76 113
76 95
76 51
76 61
76 81
76 32
76 14
76 71
76 44
76 30
76 45
76 36
76 105
76 23
76 97
76 52
76 50
76 82
76 78
76 17
76 8
76 69
76 43
76 24
76 42
76 100
76 111
76 115
76 108
76 109
76 62
76 49
76 94
76 34
76 84
76 96
76 73
76 16
76 25
76 64
76 103
76 57
76 63
76 55
76 60
76 104
76 67
76 89
76 116
76 35
76 10
76 98
76 28
76 59
76 12
77 106
77 118
77 87
77 117
77 119
77 111
77 120
77 91
77 100
77 109
77 107
77 112
77 89
77 110
77 90
77 98
77 82
77 93
77 92
77 101
77 116
77 108
78 108
78 113
78 99
78 103
78 100
78 101
78 112
78 104
78 105
78 117
78 110
78 111
78 115
78 106
79 86
79 87
80 118
81 21
81 18
81 16
81 20
81 34
81 13
81 28
81 11
81 36
81 44
81 15
81 32
81 33
81 31
81 14
81 38
81 24
81 35
81 42
81 30
81 29
81 43
81 26
81 25
82 17
82 15
82 16
82 20
83 86
83 89
83 90
83 88
83 85
84 21
84 39
84 29
84 45
84 53
84 58
84 56
84 49
84 41
84 35
84 32
84 20
84 27
84 42
84 44
84 28
84 24
84 31
84 40
84 47
84 26
84 50
84 34
84 37
85 41
85 48
85 53
85 51
85 47
85 49
85 44
85 40
85 43
85 52
85 54
87 43
87 39
87 42
87 31
87 37
87 35
87 41
87 38
87 36
87 32
87 28
87 46
87 34
88 32
88 38
88 36
88 40
88 37
88 47
88 39
88 30
88 46
88 35
88 44
88 48
89 119
90 116
90 118
90 114
90 113
90 117
90 115
91 101
91 100
91 98
91 96
91 99
91 102
91 97
93 70
93 67
94 117
95 3
95 6
95 4
95 2
96 87
96 89
96 86
97 63
97 66
97 65
97 72
97 74
97 75
97 69
97 71
97 61
97 56
97 51
97 70
97 58
97 68
97 53
97 59
97 54
98 115
98 116
98 118
98 113
98 112
99 87
99 86
99 89
99 90
100 88
100 67
100 107
100 93
100 80
100 97
100 74
100 86
100 76
100 56
100 89
100 85
100 83
100 77
100 82
100 106
100 98
100 61
100 99
100 69
100 59
100 96
100 63
100 102
100 70
100 73
100 105
100 87
100 104
100 71
100 78
100 72
100 84
100 66
100 90
100 95
100 79
100 64
101 52
101 53
102 16
102 17
102 19
102 52
102 33
102 37
102 44
102 48
102 25
102 51
102 46
102 45
102 12
102 38
102 32
102 30
102 49
102 40
102 27
102 41
102 31
102 34
102 23
102 20
102 36
102 47
102 10
103 94
103 95
103 93
104 112
104 107
104 106
104 108
104 101
104 111
104 102
104 103
105 70
105 74
105 69
105 68
106 24
106 21
106 28
106 26
106 46
106 35
106 37
106 39
106 25
106 34
106 38
106 36
106 42
106 43
106 41
106 33
106 22
107 11
108 112
108 110
108 95
108 100
108 106
108 99
108 98
108 111
108 96
109 81
109 94
109 80
109 90
109 85
109 78
109 118
109 96
109 106
109 98
109 69
109 83
109 74
109 67
109 84
109 117
109 88
109 105
109 114
109 75
109 79
109 68
109 93
109 73
109 86
109 97
109 100
109 99
109 108
109 95
109 104
109 112
110 112
110 113
110 117
110 116
110 115
110 120
111 9
111 12
111 10
111 16
112 110
112 95
112 94
112 93
112 106
112 99
112 97
112 102
112 105
112 101
114 56
114 55
114 49
114 47
114 53
114 54
114 48
115 82
115 73
115 76
115 79
115 81
115 74
115 87
115 75
115 77
115 85
115 80
116 35
116 34
116 36
116 39
116 33
117 42
117 78
117 59
117 14
117 72
117 53
117 69
117 98
117 84
117 43
117 101
117 100
117 11
117 95
117 32
117 96
117 97
117 66
117 99
117 79
117 80
117 10
117 63
117 48
117 70
117 71
117 74
117 62
117 33
117 65
117 54
117 26
117 90
117 44
117 58
117 9
117 81
117 86
117 89
117 12
117 27
117 39
117 87
117 37
117 31
117 57
117 17
117 16
117 68
117 45
117 36
117 21
117 76
117 94
117 56
117 20
117 51
117 46
117 50
117 40
117 18
117 93
117 91
118 69
119 88
120 10
120 18
120 24
120 11
120 19
120 20
120 13
120 16
120 22
120 17
120 9
120 21
121 77
121 29
121 83
121 60
121 6
121 81
121 7
121 12
121 27
121 16
121 19
121 17
121 75
121 44
121 46
121 45
121 48
121 55
121 14
121 28
121 79
121 36
121 5
121 38
121 34
121 86
121 63
121 76
121 85
121 69
121 23
121 10
121 41
121 43
121 35
121 52
121 78
121 33
121 68
121 31
121 71
121 25
121 64
121 21
121 22
121 20
121 24
121 40
121 50
121 80
121 42
121 59
121 70
121 82
122 48
122 87
122 74
122 71
122 72
122 80
122 86
122 77
122 67
122 60
122 69
122 61
122 88
122 49
122 62
122 82
122 59
122 84
122 51
122 64
122 79
122 52
122 53
122 47
122 68
122 57
122 70
1 86
1 72
1 90
1 70
1 88
1 64
1 69
1 60
1 63
1 82
1 92
1 80
1 85
1 75
1 73
1 81
1 89
1 95
1 83
1 87
1 76
2 109
2 107
2 111
2 114
2 108
3 74
3 56
3 66
3 50
3 61
3 51
3 60
3 65
3 53
3 79
3 73
3 57
3 68
3 78
3 59
3 70
3 52
3 63
3 76
3 54
3 84
3 55
3 62
3 80
3 58
3 85
3 72
4 63
4 24
4 72
4 23
4 16
4 21
4 29
4 42
4 34
4 77
4 38
4 52
4 48
4 66
4 62
4 18
4 35
4 57
4 75
4 54
4 73
4 47
4 64
4 26
4 70
4 45
4 51
4 41
4 53
4 46
4 25
4 20
4 78
4 39
4 61
5 83
5 74
5 62
5 53
5 66
5 58
5 72
5 78
5 61
5 67
5 68
5 65
5 57
5 50
5 59
5 52
6 66
6 63
6 62
6 68
7 104
7 93
7 101
7 97
7 107
7 112
7 108
7 98
7 115
7 94
7 116
7 114
7 113
7 100
7 110
8 72
8 49
8 80
8 35
8 45
8 30
8 20
8 76
8 60
8 25
8 66
8 42
8 41
8 71
8 61
8 70
8 94
8 77
8 18
8 88
8 63
9 93
9 92
9 95
9 91
9 98
9 82
9 85
9 83
9 86
9 87
9 94
9 90
9 96
10 103
10 116
10 107
10 106
10 105
10 108
10 114
10 113
10 104
10 110
10 111
10 115
10 117
11 33
11 19
11 30
11 16
11 6
11 35
11 27
11 8
11 3
11 34
11 39
11 26
11 28
11 21
11 38
11 24
11 13
11 31
11 45
11 15
11 9
11 2
11 32
11 37
11 20
13 9
13 10
13 11
13 12
13 26
13 34
13 29
13 18
13 23
13 24
13 22
13 33
13 15
13 30
13 16
13 20
13 27
14 21
14 20
14 18
14 22
14 19
14 23
15 70
15 63
15 65
15 74
15 69
16 61
16 68
16 70
16 59
16 58
16 82
16 65
16 56
16 69
16 57
16 80
17 23
17 42
17 26
17 15
17 43
17 41
17 53
17 37
17 25
17 50
17 58
17 52
17 61
17 12
17 21
17 27
17 28
17 44
17 60
17 20
17 10
17 57
17 55
17 6
17 54
17 51
19 68
19 65
19 66
19 67
19 70
20 11
20 15
20 12
20 17
20 16
20 10
20 18
21 33
21 20
21 30
21 39
21 37
21 35
21 26
21 23
21 27
21 34
21 31
21 29
21 38
22 59
22 63
22 60
22 58
22 61
22 62
23 84
23 78
23 72
23 85
23 82
23 58
23 63
23 60
23 66
23 73
23 74
23 79
23 77
23 76
23 68
23 61
24 99
24 120
24 107
24 106
24 117
24 103
24 96
24 95
24 92
24 94
24 91
24 119
24 115
24 97
24 108
25 75
25 97
25 69
25 98
25 84
25 76
25 66
25 83
25 89
25 99
25 73
25 94
25 67
25 103
25 108
25 88
25 74
25 77
25 82
25 100
25 70
25 80
25 96
25 93
25 95
25 101
26 83
26 79
26 82
26 77
26 78
27 17
27 21
27 15
27 19
28 43
28 37
28 34
30 8
30 21
30 10
30 17
30 20
30 14
30 19
30 13
30 15
30 24
30 11
30 22
30 9
30 5
30 23
30 1
31 109
31 93
31 104
31 76
31 111
31 79
31 101
31 115
31 82
31 80
31 92
31 95
31 84
31 81
31 94
31 85
31 97
31 96
31 91
31 100
31 74
31 87
31 78
32 45
32 46
32 43
32 41
32 39
32 40
32 44
33 65
33 66
33 63
33 61
33 64
34 91
34 65
34 93
34 96
34 70
34 63
34 97
34 69
34 71
34 83
34 85
34 59
34 68
34 94
34 56
34 86
34 67
34 84
34 74
34 80
34 98
34 81
34 77
34 78
34 87
35 46
35 45
35 43
36 1
37 80
37 68
37 78
37 102
37 90
37 87
37 103
37 67
37 104
37 92
37 117
37 95
37 66
37 115
37 100
37 72
37 71
37 75
37 83
37 86
37 114
37 118
37 81
37 85
37 112
37 82
37 93
37 97
37 113
38 42
38 40
38 43
39 62
39 66
39 64
40 85
40 88
40 83
40 98
40 96
40 94
40 82
40 97
40 87
40 93
40 100
40 106
40 99
40 95
40 105
40 86
40 77
40 84
40 81
41 38
41 34
41 31
41 75
41 26
41 29
41 37
41 39
41 56
41 35
41 65
41 47
41 74
41 40
41 28
41 30
41 25
41 32
41 55
41 69
42 117
43 105
43 103
43 108
43 109
43 106
43 110
44 100
44 99
44 98
44 78
44 72
44 101
44 77
44 82
44 90
44 104
44 71
44 103
44 95
44 87
44 83
44 107
44 97
44 93
44 102
44 76
44 96
44 74
44 73
45 115
45 118
45 116
45 119
45 117
46 105
46 99
46 97
46 100
46 106
46 109
46 108
46 110
47 75
47 66
47 64
47 72
47 60
47 56
47 58
47 62
47 55
47 68
47 67
47 65
47 71
48 41
48 57
48 67
48 58
48 44
48 51
48 52
48 59
48 66
48 47
48 88
48 56
48 89
48 70
48 38
48 82
48 45
48 36
48 65
48 79
48 53
48 37
48 76
48 55
48 77
48 62
48 63
48 61
49 23
49 15
49 33
49 14
49 19
49 18
49 29
49 44
49 30
49 43
49 21
49 40
49 35
49 13
49 17
49 36
49 31
49 20
49 22
49 16
50 107
50 109
50 101
50 113
50 102
50 106
50 100
51 30
51 21
51 31
51 14
51 20
51 26
51 17
51 16
51 24
51 29
51 18
54 24
54 31
54 25
55 103
55 110
55 94
55 78
55 102
55 86
55 106
55 95
55 91
55 93
55 81
55 90
55 82
55 96
55 88
55 84
55 89
56 51
56 67
56 68
56 73
56 62
56 65
56 45
56 59
56 61
56 48
56 47
56 44
56 77
56 60
56 54
56 58
56 53
56 66
56 55
56 46
56 72
56 71
57 21
57 24
57 26
57 25
57 27
58 113
59 61
59 55
59 83
59 65
59 96
59 102
59 63
59 56
59 73
59 92
59 109
59 76
59 68
59 100
59 69
59 52
59 103
59 70
59 98
59 64
59 105
59 72
59 91
59 99
59 87
59 108
59 58
59 81
59 80
59 84
59 82
60 41
60 40
61 81
61 77
61 112
61 87
61 59
61 94
61 111
61 76
61 100
61 70
61 105
61 80
61 58
61 68
61 108
61 89
61 96
61 88
61 66
61 84
61 99
61 109
61 67
61 90
61 69
61 63
61 72
61 65
61 78
61 79
61 106
61 74
61 101
61 93
61 92
62 29
62 31
62 28
62 33
62 32
63 109
63 107
63 113
63 105
63 117
63 110
63 115
63 112
64 41
64 45
64 37
64 50
64 46
64 51
65 103
65 102
65 109
65 108
65 105
66 85
66 86
66 87
67 21
67 31
67 18
67 24
67 30
67 35
67 20
67 23
67 32
67 34
68 105
68 106
68 108
68 104
68 103
68 100
70 37
70 36
71 61
71 62
72 46
73 67
73 80
73 101
73 57
73 97
73 77
73 76
73 55
73 99
73 95
73 86
73 72
73 91
73 100
73 113
73 107
73 110
73 108
73 85
73 93
73 65
73 54
73 94
73 88
73 68
73 75
73 106
73 92
73 90
73 89
73 102
73 98
73 58
73 81
74 52
74 54
74 46
74 43
74 41
74 49
74 55
74 50
74 56
74 44
75 66
75 79
75 74
75 73
75 78
75 67
75 64
75 70
75 77
75 61
75 63
75 62
76 85
76 93
76 91
76 90
77 71
77 76
77 83
77 84
77 70
77 63
77 80
77 69
77 65
77 68
77 85
77 73
77 75
77 79
77 74
78 102
78 76
78 77
78 92
78 67
78 62
78 81
78 93
78 89
78 72
78 98
78 95
78 68
78 97
78 94
78 87
78 82
78 83
78 75
78 64
78 74
78 88
79 33
79 42
79 35
79 38
79 46
79 34
79 37
79 40
81 51
81 57
81 59
81 54
81 12
81 55
81 40
81 61
81 45
81 37
81 63
81 22
81 52
81 27
81 23
81 60
81 17
81 41
81 19
81 47
82 22
82 31
82 18
82 27
82 34
82 40
82 26
82 29
82 35
82 25
82 38
82 39
82 46
82 37
82 45
82 24
83 92
83 118
83 101
83 96
83 108
83 97
83 117
83 112
83 87
83 111
83 99
83 116
83 110
83 109
83 91
83 100
83 102
83 104
83 106
83 105
83 95
83 103
83 114
84 38
86 93
86 91
86 83
86 99
86 78
86 89
86 92
86 80
86 100
86 98
86 81
86 82
86 95
86 84
86 90
87 25
87 24
87 26
87 27
88 92
88 96
88 94
88 93
88 91
88 98
88 95
88 87
88 86
88 90
89 85
89 47
89 77
89 71
89 79
89 41
89 51
89 82
89 50
89 52
89 88
89 76
89 66
89 87
89 69
89 59
89 46
89 61
89 48
89 49
89 64
89 44
89 45
89 55
89 68
89 42
89 80
89 75
89 65
89 60
89 63
89 43
89 83
91 93
91 70
91 88
91 85
91 53
91 54
91 90
91 77
91 71
91 82
91 61
91 89
91 68
91 62
91 50
91 65
91 60
91 66
91 78
91 95
91 84
91 55
91 87
91 63
91 94
92 19
92 17
92 21
93 25
93 32
93 46
93 15
93 42
93 36
93 14
93 18
93 12
93 13
93 29
93 49
93 24
93 45
93 35
93 34
93 19
93 50
93 28
93 44
93 38
93 40
93 27
93 20
94 84
94 96
94 85
94 93
94 86
94 92
94 88
94 77
94 91
94 80
94 83
94 79
95 19
95 21
95 18
96 108
96 76
96 102
96 98
96 91
96 72
96 94
96 93
96 85
96 80
96 88
96 105
96 106
96 77
96 109
96 120
96 110
96 104
96 83
96 103
96 107
96 78
96 92
96 84
97 31
97 22
97 26
97 23
97 25
97 21
97 33
97 40
97 30
97 36
97 32
97 24
97 35
97 27
97 39
98 86
98 90
98 85
98 81
98 91
98 83
98 94
98 84
98 79
98 93
98 88
98 89
98 87
98 77
99 69
99 91
99 85
99 88
99 93
99 71
99 72
99 70
99 74
99 81
99 73
99 76
99 84
99 80
99 82
100 75
101 82
101 78
101 87
101 85
101 81
101 97
101 95
101 88
101 98
101 64
101 59
101 79
101 61
101 80
101 75
101 90
101 72
101 83
101 70
101 76
101 77
101 92
101 84
101 63
101 86
101 67
103 70
103 79
103 77
103 64
103 75
103 66
103 72
103 78
103 71
103 68
103 80
103 73
103 65
104 46
104 49
104 50
105 14
105 12
105 16
105 10
105 9
106 45
106 40
108 121
108 119
108 120
109 62
109 64
109 77
109 65
109 58
109 72
109 63
109 76
109 61
109 66
110 54
110 39
110 51
110 57
110 41
110 52
110 59
110 61
110 49
110 45
110 63
110 55
110 50
110 38
110 56
110 46
110 48
110 44
111 30
111 25
111 36
111 22
111 43
111 17
111 35
111 28
111 44
111 37
111 26
111 46
111 15
111 42
111 21
111 20
111 23
112 116
113 65
113 54
113 49
113 50
113 57
113 46
113 69
113 58
113 70
113 62
113 71
113 56
113 48
113 45
115 63
115 62
115 69
115 72
115 71
115 64
115 65
116 98
116 93
116 90
116 95
116 97
116 94
117 64
117 61
118 44
118 50
118 51
118 45
118 48
119 102
120 54
120 65
120 88
120 78
120 68
120 71
120 70
120 44
120 105
120 47
120 82
120 87
120 108
120 46
120 73
120 89
120 48
120 67
120 57
120 39
120 81
120 102
120 51
120 80
120 69
120 74
120 72
120 43
120 95
120 96
120 98
120 62
120 109
120 63
120 40
120 99
120 61
120 101
120 52
120 113
120 92
120 110
120 56
120 97
120 76
120 77
121 88
121 74
121 87
121 72
121 84
121 90
1 101
1 111
1 100
1 106
1 98
1 105
1 91
1 99
1 93
1 97
1 112
1 102
1 110
1 108
1 84
3 110
3 108
3 100
3 104
3 119
3 102
3 117
3 105
3 107
3 120
3 109
3 115
3 114
5 60
6 39
6 40
6 44
6 57
6 55
6 54
6 74
6 46
6 73
6 61
6 34
6 41
6 59
6 50
6 42
6 56
6 53
6 45
6 47
6 58
6 64
6 71
6 38
7 106
7 91
7 109
7 80
7 77
7 95
7 81
7 99
7 90
7 96
7 88
7 78
7 85
7 111
7 76
7 89
8 103
8 101
9 36
9 31
9 35
9 50
9 41
9 38
9 47
9 26
9 46
9 39
9 53
9 42
9 44
9 52
9 37
9 45
9 34
9 55
9 29
9 54
10 44
10 66
10 46
10 58
10 56
10 59
10 65
10 60
10 62
10 54
10 61
10 57
10 51
10 41
10 52
10 53
10 42
10 67
13 86
13 73
13 102
13 87
13 104
13 103
13 66
13 106
13 74
13 85
13 72
13 71
13 93
13 62
13 65
13 63
13 91
13 105
13 100
13 69
13 90
13 81
13 94
13 101
13 97
13 67
13 75
13 95
13 78
13 76
14 54
15 118
15 117
16 117
16 113
16 110
16 120
16 118
17 104
17 95
17 97
17 99
17 106
17 93
17 96
17 105
17 103
17 98
18 115
18 107
18 108
18 109
18 92
18 97
18 99
18 105
18 100
18 98
18 91
18 106
18 102
18 104
19 69
19 79
19 110
19 91
19 102
19 96
19 118
19 77
19 76
19 74
19 114
19 117
19 116
19 107
19 86
19 120
19 95
19 94
19 109
19 93
19 106
19 112
19 100
19 78
19 92
19 119
19 108
19 71
19 103
20 104
20 64
20 91
20 102
20 99
20 103
20 68
20 66
20 85
20 100
20 95
20 67
20 65
20 101
20 82
22 11
22 10
22 16
22 15
22 17
22 13
23 70
23 71
23 64
23 75
25 105
26 22
26 65
26 73
26 32
26 41
26 33
26 35
26 56
26 30
26 38
26 46
26 29
26 21
26 54
26 42
26 64
26 36
26 44
26 23
26 34
26 59
26 62
26 48
26 39
26 40
26 43
26 49
26 68
26 50
27 64
27 65
28 63
28 81
28 53
28 78
28 47
28 61
28 59
28 48
28 51
28 54
28 70
28 50
28 74
28 65
28 76
28 52
28 56
28 68
28 60
28 46
28 77
28 55
28 57
28 72
28 89
28 71
29 73
29 83
29 76
29 69
29 70
29 65
29 74
29 68
29 84
29 79
29 80
29 81
29 71
29 82
30 52
30 79
30 59
30 48
30 37
30 41
30 71
30 35
30 75
30 60
30 38
30 54
30 51
30 72
30 44
30 83
30 77
30 29
30 7
30 4
30 78
30 12
30 33
30 42
30 18
30 69
30 39
30 46
30 73
30 84
30 34
30 57
30 25
30 28
30 32
30 80
30 70
30 53
30 47
30 82
30 3
30 27
30 64
32 36
33 37
33 32
33 38
33 41
33 31
33 43
33 35
33 44
33 40
34 72
34 75
34 73
35 99
35 107
35 100
35 101
35 104
35 102
35 97
35 96
35 106
35 92
36 67
36 52
36 51
36 48
36 47
36 68
36 57
36 59
36 45
36 65
36 61
36 63
36 56
36 46
36 62
36 64
37 107
37 110
37 108
37 109
37 106
38 50
38 51
39 44
39 47
39 56
39 51
39 53
39 46
39 45
39 63
39 48
39 43
39 59
39 54
40 46
40 33
40 34
40 62
40 48
40 35
40 63
40 47
40 75
40 71
40 65
40 73
40 61
40 56
40 59
40 37
40 49
40 91
40 67
40 74
40 80
40 58
40 76
40 92
42 108
42 104
43 84
43 111
43 93
43 116
43 74
43 87
43 73
43 94
43 112
43 114
43 77
43 76
43 83
43 107
43 96
43 115
44 19
44 24
44 22
45 57
45 81
45 85
45 47
45 65
45 80
45 69
45 70
45 84
45 67
45 72
45 53
45 49
45 66
45 75
45 64
45 77
45 40
45 76
45 82
45 56
45 55
45 52
45 60
45 73
46 59
46 58
46 61
46 64
46 63
47 117
49 95
49 72
49 74
49 38
49 70
49 92
49 71
49 25
49 77
49 60
49 94
49 39
49 68
49 107
49 57
49 69
49 91
49 98
49 26
49 41
49 106
49 103
49 32
49 105
49 102
49 55
49 54
49 104
49 24
49 52
49 90
49 62
49 75
49 27
49 88
49 100
49 101
49 64
50 80
50 82
50 85
51 19
51 13
51 22
52 112
52 96
52 101
52 97
52 99
52 108
53 44
53 55
53 52
53 38
53 46
53 71
53 33
53 64
53 66
53 35
53 63
53 58
53 61
53 69
53 68
53 67
53 32
53 30
53 70
53 43
53 51
53 62
53 39
54 52
54 53
54 45
54 69
54 62
54 67
54 64
54 61
54 42
54 40
54 37
54 51
54 63
54 68
54 48
54 56
55 43
55 35
55 72
55 69
55 87
55 32
55 54
55 50
55 44
55 30
55 73
55 62
55 64
55 26
55 80
55 40
55 28
55 27
55 66
55 21
55 65
55 24
55 33
55 61
55 20
55 38
55 57
55 76
55 79
55 48
55 49
55 68
55 34
55 52
55 67
55 46
55 53
55 42
55 25
55 22
55 31
56 88
56 85
56 86
56 84
56 89
56 91
56 87
57 84
57 85
57 86
58 95
58 105
58 93
58 94
58 117
58 88
58 85
58 115
58 116
58 118
58 114
58 110
58 84
58 91
58 96
58 111
58 82
58 98
58 92
58 102
58 90
58 106
58 86
59 54
59 53
60 108
62 111
63 96
63 100
63 90
63 86
63 98
63 84
63 94
63 92
63 95
63 99
63 85
63 83
63 101
63 91
63 88
63 106
63 87
64 34
64 36
64 39
64 33
64 31
65 59
65 71
65 73
65 54
65 69
65 53
65 70
65 51
65 55
65 62
65 68
65 60
65 48
65 72
65 63
65 52
66 110
66 116
66 114
66 109
66 95
66 104
66 105
66 112
66 108
66 106
66 98
66 97
66 101
67 51
67 52
67 55
67 56
67 49
67 54
67 53
68 44
69 45
69 44
70 66
70 68
71 65
71 66
72 122
73 28
73 15
73 33
73 24
73 11
73 31
73 21
73 14
73 30
73 27
73 35
73 20
73 26
73 29
73 25
74 122
74 121
74 118
74 120
75 87
75 88
75 85
77 48
77 51
77 57
77 40
77 38
77 46
77 52
77 56
77 58
77 47
77 50
77 45
77 59
77 72
77 41
77 54
77 43
77 66
77 42
77 37
78 107
78 109
79 23
79 24
79 36
79 13
79 27
79 20
79 25
79 30
79 10
79 17
79 29
79 18
79 9
79 15
79 8
79 28
80 41
80 55
80 43
80 45
80 47
80 49
80 40
80 48
80 51
81 83
81 84
82 36
82 41
83 122
83 121
84 120
84 117
84 118
85 56
85 61
85 58
85 64
85 59
85 68
85 62
85 67
85 57
86 63
86 64
87 110
87 121
87 116
87 108
87 107
87 109
87 105
87 117
87 115
87 112
89 38
89 23
89 25
89 36
89 29
89 22
89 35
89 26
89 21
89 27
89 28
90 98
90 100
90 108
90 96
90 103
90 122
90 92
90 107
90 105
90 111
90 120
90 99
90 121
90 95
90 97
90 93
90 94
92 89
92 98
92 85
92 47
92 66
92 99
92 49
92 71
92 96
92 74
92 40
92 52
92 95
92 61
92 54
92 77
92 44
92 87
92 55
92 82
92 56
92 100
92 42
92 57
92 59
92 72
92 43
92 63
92 50
92 78
92 70
92 48
92 83
92 65
92 41
92 79
93 107
93 105
93 102
93 95
93 110
93 113
93 101
93 96
93 114
93 97
93 98
93 100
93 108
93 103
94 75
95 94
95 84
95 101
95 85
95 87
95 91
95 89
95 100
95 92
95 90
95 86
96 114
96 115
96 117
96 111
96 99
96 112
96 113
98 66
98 70
98 78
98 75
98 62
98 76
98 68
98 64
98 65
98 69
99 59
99 67
99 49
99 55
99 61
99 53
99 51
99 65
99 68
99 62
99 47
99 56
99 60
99 50
100 68
100 60
100 54
100 48
100 65
100 49
100 51
100 62
100 57
101 89
101 68
101 74
101 73
102 7
102 4
102 11
102 3
102 2
102 14
102 9
102 8
103 99
103 114
103 111
103 115
103 110
103 108
103 107
103 105
104 19
104 13
104 15
104 16
104 9
104 11
104 18
105 45
105 56
105 55
105 50
105 53
105 58
105 51
106 71
106 69
106 74
106 72
106 87
106 73
106 70
106 77
106 79
106 67
106 84
106 83
107 104
107 103
107 106
107 105
108 70
108 78
108 79
108 75
108 74
108 69
108 80
108 55
108 63
108 88
108 59
108 81
108 66
108 68
108 57
108 90
108 77
108 84
108 72
108 89
108 73
108 60
108 82
109 89
109 92
109 87
109 82
109 91
111 31
112 59
114 18
114 64
114 61
114 74
114 20
114 32
114 28
114 24
114 57
114 19
114 59
114 69
114 68
114 77
114 45
114 26
114 76
114 50
114 38
114 36
114 17
114 37
114 73
114 15
114 63
114 14
114 43
114 65
114 34
114 71
114 62
114 75
114 60
114 70
114 27
114 58
114 29
114 72
114 11
114 51
115 68
115 78
115 84
115 83
115 67
116 107
116 103
116 111
116 101
116 108
116 96
116 105
116 99
116 112
116 110
116 104
116 113
117 28
117 35
117 29
117 34
117 41
118 111
118 109
118 112
118 110
118 114
120 86
120 85
120 93
120 91
120 112
120 111
120 117
120 104
121 30
121 39
121 18
121 47
121 32
121 15
122 98
122 95
122 93
122 91
122 90
122 100
1 7
1 26
1 14
1 30
1 16
1 12
1 33
1 9
1 34
1 23
1 11
1 6
1 10
1 27
1 37
1 13
1 18
1 24
1 32
1 38
1 29
2 72
2 74
2 77
3 64
4 12
4 14
4 13
4 17
4 19
5 42
5 46
5 103
5 47
5 101
5 106
5 41
5 110
5 49
5 45
5 102
5 99
5 112
5 109
5 51
5 39
5 56
5 108
5 113
5 115
5 87
5 44
5 40
5 116
5 55
5 98
6 78
6 100
6 115
6 97
6 67
6 96
6 98
6 72
6 120
6 75
6 80
6 84
6 65
6 77
6 114
6 83
6 94
6 118
6 87
6 86
6 119
6 95
6 91
6 103
6 106
6 102
6 70
6 93
7 55
7 58
7 41
7 56
7 47
7 52
7 40
7 53
7 48
7 60
7 51
7 49
7 59
7 54
7 44
7 37
7 38
8 13
9 70
9 49
9 75
9 57
9 56
9 76
9 43
9 73
9 67
9 61
9 65
9 71
9 66
9 69
9 51
9 40
9 64
9 72
9 58
9 63
10 68
11 87
11 88
11 85
12 44
12 38
12 54
12 56
12 45
12 57
12 41
12 37
13 108
13 107
14 41
14 51
14 37
14 65
14 49
14 97
14 52
14 88
14 93
14 39
14 98
14 31
14 71
14 42
14 66
14 62
14 64
14 89
14 33
14 50
14 69
14 83
14 57
14 34
14 87
14 67
14 68
14 58
14 53
14 92
14 94
14 40
14 90
14 61
14 63
14 30
14 100
14 99
14 84
14 43
14 101
14 59
14 45
16 24
16 18
16 30
16 20
16 12
16 28
16 23
16 19
16 31
16 26
17 84
17 76
17 77
17 80
17 82
17 85
17 83
17 75
17 78
18 36
18 31
18 43
18 29
18 45
18 47
18 35
18 33
18 39
18 38
18 32
19 81
21 43
21 46
21 45
21 44
21 50
21 36
21 42
21 48
21 40
21 41
21 47
22 66
22 47
22 67
22 12
22 43
22 53
22 31
22 24
22 8
22 27
22 48
22 64
22 9
22 30
22 28
22 50
22 42
22 36
22 29
22 33
22 18
22 57
22 38
22 39
22 45
22 51
22 52
23 20
23 12
23 11
23 25
23 26
23 17
23 21
23 29
23 22
23 18
23 15
23 19
23 28
23 14
24 51
24 38
24 50
24 44
24 32
24 37
24 31
24 47
24 49
24 43
24 48
25 49
25 51
25 43
25 38
25 65
25 45
25 54
25 48
25 68
25 57
25 53
25 55
25 50
25 64
25 44
25 40
25 56
25 39
25 61
26 84
26 89
26 87
26 88
28 40
29 100
29 102
31 114
31 118
31 113
31 117
32 55
32 59
32 58
32 57
32 56
33 113
33 108
33 114
33 112
33 110
34 46
34 29
34 45
34 32
34 27
34 30
34 28
34 51
34 47
34 42
34 48
34 37
34 36
34 38
34 50
34 49
34 44
34 31
35 94
35 80
35 108
35 72
35 81
35 74
35 78
35 105
35 73
35 84
35 85
35 91
35 75
35 82
35 89
35 86
35 79
36 76
37 50
37 52
37 41
37 45
37 53
37 42
37 47
37 43
37 51
37 40
38 114
38 112
38 115
38 119
39 65
40 103
40 110
40 102
40 109
40 101
40 90
40 107
40 104
41 96
41 67
41 71
41 72
41 86
41 94
42 70
44 35
44 39
45 50
45 41
45 42
45 61
45 48
45 43
45 51
46 31
46 36
46 32
46 34
46 53
46 40
46 52
46 74
46 28
46 73
46 81
46 41
46 38
46 68
46 83
46 37
46 77
46 79
46 62
46 69
46 76
46 82
46 39
46 44
46 60
46 65
46 67
46 72
46 51
46 78
46 70
46 71
46 75
46 48
46 84
46 56
46 66
46 55
46 29
46 80
46 45
47 40
47 41
47 39
47 34
47 33
48 46
48 95
48 106
48 50
48 64
48 60
48 105
48 92
49 87
49 76
49 89
49 93
49 83
49 65
49 85
50 93
50 98
50 97
50 96
50 95
50 87
50 91
50 94
50 86
50 88
51 43
53 80
53 76
53 73
53 92
53 86
53 101
53 77
53 98
53 93
53 95
53 100
53 91
53 79
53 74
54 20
54 14
55 114
55 117
55 116
56 93
56 99
56 92
56 98
56 94
56 102
56 97
56 100
56 90
56 95
57 71
57 65
57 67
57 70
57 64
57 68
57 73
58 109
59 32
61 91
61 85
61 98
61 75
61 83
61 103
62 95
62 93
62 89
62 101
62 92
62 97
62 104
62 96
62 100
62 91
62 107
64 102
64 80
64 79
64 97
64 101
64 89
64 95
64 119
64 93
64 106
64 103
64 56
64 86
64 98
64 96
64 84
64 99
64 121
64 112
64 91
64 63
64 67
64 87
64 90
64 54
64 104
64 81
64 113
64 105
64 120
64 114
64 58
64 75
64 78
64 111
64 72
64 53
64 74
65 110
65 90
65 88
65 93
65 112
65 101
65 99
65 92
65 96
65 100
66 79
66 56
66 52
66 84
66 59
66 48
66 51
66 53
66 71
66 77
66 76
66 69
66 45
66 81
66 92
66 63
66 55
66 60
66 80
66 57
66 88
66 90
66 65
66 62
66 47
66 82
66 74
66 68
67 66
67 58
67 47
67 64
67 60
67 61
67 79
67 50
67 62
67 73
67 69
67 78
67 48
67 72
68 9
68 18
68 21
68 14
68 20
68 8
68 12
68 17
68 25
68 10
68 26
68 16
68 15
68 23
68 22
69 75
69 74
69 88
69 90
69 94
69 72
69 89
69 82
69 77
69 86
69 81
69 84
69 95
70 118
71 122
72 9
72 8
72 3
72 6
72 7
73 40
73 38
73 41
73 39
73 37
73 47
73 36
73 45
73 34
75 28
75 32
75 21
75 23
75 26
75 20
75 34
75 16
75 22
75 30
75 29
76 39
76 48
76 47
76 40
76 37
76 41
77 114
77 104
77 105
77 113
78 114
79 108
79 113
79 107
79 119
79 109
79 118
79 110
79 115
79 104
79 116
79 106
79 117
79 121
79 114
80 83
80 84
81 86
81 88
81 65
81 112
81 76
81 111
81 70
81 72
81 110
81 85
81 67
81 64
81 77
81 78
81 90
81 99
81 62
81 95
81 74
81 75
81 96
81 103
81 107
81 108
81 93
82 61
82 23
82 21
82 33
82 69
82 65
82 48
82 44
82 32
82 52
82 30
82 28
82 64
82 19
82 62
82 56
82 59
82 55
82 53
82 67
83 107
83 119
83 115
84 80
84 59
84 63
84 68
84 75
84 51
84 62
84 82
84 77
84 70
84 76
84 60
84 48
84 61
84 64
84 78
84 74
84 55
85 70
85 69
86 16
86 8
86 12
86 7
86 11
86 14
86 9
87 114
87 75
87 72
87 97
87 79
87 111
87 104
87 80
87 89
87 90
87 103
87 95
87 102
87 118
87 92
87 73
87 74
87 113
87 81
87 76
87 83
87 93
91 25
91 37
91 51
91 56
91 40
91 28
91 26
91 42
91 33
91 21
91 32
91 34
91 44
91 49
91 39
91 30
91 27
91 22
91 29
91 47
92 20
92 24
92 9
92 51
92 32
92 25
92 34
92 64
92 8
92 22
92 10
92 13
92 33
92 58
92 29
92 36
92 15
92 62
92 31
92 67
92 53
92 12
92 26
92 16
92 46
92 60
92 35
92 18
94 87
94 89
95 76
95 78
96 75
96 71
96 70
96 74
96 81
96 68
96 73
96 90
96 82
97 86
97 88
98 57
98 67
98 74
98 53
98 82
98 47
98 51
98 56
98 61
98 73
98 72
98 63
98 50
98 49
98 60
99 39
99 64
99 57
99 41
99 52
99 44
99 66
99 48
99 45
99 63
100 50
100 53
100 42
100 52
100 40
100 34
100 33
100 35
100 39
100 37
100 38
100 45
100 27
101 108
101 113
101 112
101 104
101 106
101 107
101 118
101 116
101 117
101 119
102 84
102 89
102 88
102 86
102 85
104 99
104 94
104 79
104 89
104 90
104 93
104 83
104 85
104 98
104 81
104 88
104 84
104 91
105 115
105 114
105 116
106 112
106 108
106 111
107 90
107 101
107 109
107 87
107 102
107 84
107 100
107 89
107 97
107 93
107 88
107 85
107 94
108 42
108 17
108 40
108 32
108 15
108 20
108 34
108 23
108 24
108 18
108 26
108 19
108 39
108 13
108 41
108 30
108 31
108 29
108 37
108 21
108 14
109 113
109 121
109 115
109 120
109 107
109 101
109 111
110 121
110 94
110 104
110 95
110 93
110 108
110 96
110 118
110 122
110 109
110 114
111 88
111 72
111 95
111 87
111 41
111 64
111 40
111 93
111 49
111 74
111 52
111 68
111 60
111 76
111 85
111 80
111 91
111 70
111 67
111 55
111 73
111 81
111 39
111 90
111 99
111 97
111 96
111 57
111 54
111 94
111 47
111 75
111 66
111 69
111 84
111 45
111 56
112 70
112 85
112 73
112 78
112 87
112 75
112 77
112 86
112 80
112 74
112 65
112 67
112 84
112 72
112 64
112 66
112 69
112 79
112 88
113 26
113 8
113 21
113 19
113 25
113 14
113 24
113 16
113 11
113 22
113 10
113 15
113 31
113 13
113 4
113 29
113 23
113 17
113 20
114 25
114 35
114 13
114 21
114 40
114 12
114 8
114 42
114 46
114 23
114 7
114 30
114 9
114 31
114 52
114 39
115 50
115 53
115 59
115 51
115 58
115 54
115 48
115 49
116 102
117 112
117 109
117 111
117 110
117 102
117 106
117 103
117 104
118 106
118 105
118 102
118 94
118 83
118 116
118 97
118 117
118 113
118 82
118 92
118 91
118 84
118 95
118 99
118 98
118 103
118 86
118 115
118 100
118 101
118 89
119 50
119 52
119 53
119 46
119 49
119 58
119 55
119 54
119 64
119 60
119 62
120 66
120 60
120 59
121 97
121 99
121 101
121 100
121 96
121 95
122 63
122 54
122 55
122 65
122 58
122 78
122 76
1 28
2 50
2 53
2 39
2 69
2 60
2 56
2 61
2 30
2 57
2 32
2 24
2 45
2 55
2 38
2 37
2 26
2 51
2 21
2 48
2 41
2 29
2 71
2 36
2 58
2 20
2 28
2 52
2 54
2 34
2 62
3 112
3 113
3 111
4 90
4 94
4 91
5 85
6 11
6 29
6 27
6 4
6 10
6 36
6 5
6 33
6 1
6 18
6 22
6 20
6 3
6 31
6 26
6 24
6 23
6 8
7 68
7 69
7 70
7 65
7 61
7 62
7 67
7 71
9 12
9 11
9 8
9 17
9 14
9 6
11 119
11 117
12 29
12 70
12 30
12 25
12 36
12 20
12 68
12 32
12 61
12 19
12 33
12 74
12 17
12 43
12 86
12 24
12 14
12 15
12 31
12 28
12 27
12 23
12 21
12 73
13 55
13 60
13 61
13 77
13 68
13 64
13 56
13 58
14 103
15 102
15 108
15 111
15 109
15 103
15 106
15 110
15 101
15 105
15 107
16 55
17 64
17 74
17 72
17 59
17 70
17 66
17 62
17 63
17 67
17 49
18 67
18 53
18 55
18 52
18 68
18 62
18 41
18 46
18 58
18 44
18 54
18 64
18 60
18 56
18 63
18 66
18 40
19 105
19 89
19 98
21 95
21 70
21 98
21 99
21 100
21 75
21 80
21 96
21 83
21 82
21 63
22 46
22 35
22 44
22 25
22 49
22 34
22 20
22 26
22 40
22 37
22 32
22 14
22 21
23 86
23 38
23 36
23 46
23 52
23 37
23 35
23 49
23 69
23 62
23 56
23 67
23 65
23 45
23 57
23 39
23 83
23 44
23 80
23 43
24 93
24 98
26 75
26 86
26 80
26 71
26 81
26 72
27 56
27 57
27 59
28 119
28 105
28 114
28 86
28 93
28 103
28 97
28 95
28 115
28 111
28 117
28 109
28 99
28 118
28 88
28 113
28 120
28 102
28 112
28 116
28 90
29 44
29 54
29 49
29 45
29 50
29 51
29 47
29 48
30 114
30 115
31 86
31 89
33 53
33 55
33 57
33 67
33 51
33 54
33 74
33 52
33 59
33 58
33 62
34 106
34 108
35 21
35 22
35 20
36 30
36 33
38 49
38 48
38 53
39 94
39 95
39 100
39 103
39 92
40 31
40 24
40 12
40 20
40 13
40 25
40 29
40 18
40 36
40 30
40 17
40 21
40 28
40 32
40 11
42 122
42 113
42 120
42 119
42 118
42 111
42 112
42 114
42 115
43 63
44 68
44 67
44 91
44 64
44 57
44 58
44 62
44 84
44 56
44 79
44 75
44 66
44 81
44 61
44 65
44 63
44 69
44 59
44 85
44 86
45 11
45 22
45 44
45 30
45 24
45 26
45 29
45 32
45 28
45 39
45 21
45 31
45 16
45 37
45 27
45 33
45 38
45 35
45 25
45 20
45 19
45 12
46 17
46 14
46 7
46 8
46 11
46 19
46 15
46 13
46 18
47 10
47 11
48 39
48 29
48 32
48 40
48 35
48 42
48 33
48 26
48 24
48 30
48 27
49 9
49 12
50 28
50 31
50 16
50 4
50 47
50 32
50 20
50 6
50 11
50 48
50 43
50 25
50 30
50 22
50 36
50 29
50 37
50 18
50 38
50 23
50 35
50 41
50 2
50 8
50 34
50 10
50 19
50 3
51 84
51 80
51 77
51 98
51 92
51 90
51 94
51 85
51 87
51 96
51 88
51 75
51 89
51 91
51 95
51 74
52 54
52 29
52 8
52 55
52 42
52 24
52 40
52 46
52 15
52 34
52 39
52 44
52 35
52 51
52 37
52 56
52 25
52 31
52 11
52 12
52 16
52 43
52 33
52 23
52 20
52 18
52 9
52 32
52 49
52 27
52 58
52 36
53 115
53 119
53 114
53 118
53 113
54 111
54 110
54 109
56 17
56 14
56 19
56 10
56 4
56 22
56 15
56 23
56 25
56 24
57 44
57 18
57 32
57 30
57 14
57 39
57 36
57 43
57 23
57 16
57 29
57 17
57 33
57 31
57 22
57 28
57 12
58 46
58 30
58 28
58 48
58 40
58 24
58 22
58 27
58 23
58 33
58 42
58 43
58 44
58 21
58 35
59 38
59 31
59 44
59 33
59 57
59 40
59 48
59 51
59 35
59 37
59 47
59 34
59 39
59 41
59 45
60 77
60 70
60 68
60 69
60 78
60 58
60 57
60 74
60 73
60 54
60 53
60 76
60 59
60 64
60 75
60 84
60 72
60 71
60 82
62 46
62 42
62 40
62 45
62 43
63 79
63 82
63 55
63 80
63 65
63 54
63 66
63 78
63 53
63 74
63 58
63 61
63 75
63 60
63 72
63 52
64 21
64 24
64 25
64 20
64 23
64 27
66 5
68 24
69 63
69 65
70 113
70 122
70 111
70 119
70 117
70 116
70 120
71 95
71 89
71 85
71 91
71 99
71 90
71 82
71 96
71 98
71 88
71 84
71 100
71 102
71 103
71 87
71 101
72 112
72 113
73 117
73 118
73 119
74 114
74 117
74 115
75 53
75 54
77 44
77 49
78 54
78 18
78 34
78 23
78 39
78 31
78 20
78 45
78 46
78 25
78 19
78 10
78 12
78 49
78 24
78 37
78 52
78 13
78 27
78 11
78 36
78 35
78 29
78 38
78 44
78 48
78 16
78 21
78 41
78 40
78 33
78 53
79 120
80 109
80 99
80 91
80 104
80 98
80 100
80 106
80 93
80 117
80 116
80 114
80 107
80 105
80 115
80 112
80 111
80 101
80 95
80 108
81 120
81 121
82 117
84 57
84 52
85 72
85 84
85 82
85 83
85 81
85 78
85 80
85 79
85 73
85 74
86 112
86 85
86 111
86 88
86 109
86 104
86 105
86 102
87 91
87 63
87 84
87 47
87 85
87 86
87 44
87 49
87 45
87 33
87 70
87 68
87 62
87 54
87 61
87 77
87 78
87 51
87 52
87 60
87 66
87 82
87 58
87 30
87 48
87 71
87 59
88 23
88 27
88 21
88 24
88 25
89 40
90 62
90 49
90 65
90 58
90 67
90 50
90 54
90 57
90 56
90 55
90 61
90 66
91 105
91 80
91 108
91 110
91 72
91 76
91 104
91 73
91 109
91 75
92 102
92 105
92 109
92 117
92 110
92 108
92 118
92 97
92 112
92 103
92 111
92 106
92 116
92 114
93 92
93 83
93 74
93 111
93 104
93 75
93 90
93 84
93 120
93 109
93 79
93 77
93 99
93 117
93 106
93 91
93 116
93 85
93 80
93 87
93 81
94 44
94 43
95 46
95 37
95 53
95 44
95 43
95 48
95 52
95 55
95 54
95 40
96 100
97 113
98 80
98 71
98 92
99 6
99 38
99 8
99 24
99 17
99 10
99 20
99 42
99 13
99 23
99 16
99 30
99 14
99 27
99 29
99 35
99 33
99 32
99 22
99 25
99 40
99 11
100 113
100 115
100 117
100 120
100 110
100 111
100 112
101 27
101 32
101 35
101 16
101 26
101 34
101 19
101 50
101 46
101 41
101 38
101 33
101 24
101 18
101 42
101 40
101 28
101 49
101 45
101 29
101 47
101 22
101 48
101 23
103 116
103 120
103 118
105 82
105 85
105 95
105 87
105 92
105 93
105 83
105 84
105 94
105 81
105 98
105 88
105 90
105 79
105 99
106 47
106 55
106 50
106 44
106 53
106 56
106 51
106 59
106 66
106 65
106 61
106 78
106 62
106 58
106 57
106 68
106 76
106 63
107 35
107 39
107 42
107 31
107 41
107 28
107 37
107 38
107 27
107 33
108 61
108 91
108 76
108 49
108 67
108 53
108 87
108 94
108 51
108 50
108 93
108 85
108 52
108 86
108 97
108 64
108 65
108 54
110 35
110 27
110 33
110 32
110 40
110 43
110 34
110 24
110 30
110 37
110 31
111 103
111 82
111 102
111 71
111 77
111 78
111 89
111 113
111 109
111 83
111 92
111 105
111 110
112 115
113 88
113 79
113 76
113 77
113 75
113 96
113 89
113 105
113 111
113 92
113 81
113 100
113 94
113 84
113 110
113 86
113 91
113 107
113 108
113 95
113 112
113 97
114 67
115 40
115 56
115 57
115 31
115 60
115 32
115 43
115 34
115 44
115 46
115 52
115 47
115 45
115 37
115 66
115 61
115 39
116 118
116 115
117 115
117 116
118 64
118 61
118 74
118 73
118 70
118 68
118 67
118 63
118 72
118 60
119 92
119 83
119 100
119 91
119 95
119 84
119 87
119 82
119 101
119 97
119 94
119 85
119 81
120 83
120 84
120 79
121 49
121 53
122 66
1 35
1 36
1 43
2 83
2 105
2 86
2 104
2 88
2 101
2 100
2 89
4 101
4 105
4 89
4 104
4 96
4 110
4 92
4 102
4 87
4 109
4 108
4 95
4 111
5 111
5 114
5 120
6 109
6 105
6 81
6 101
6 85
6 79
6 82
6 117
6 89
6 90
7 102
7 119
7 105
7 118
9 32
10 99
10 97
11 116
13 121
13 120
13 111
13 119
13 110
13 114
13 99
13 113
14 16
14 26
14 10
14 29
14 38
14 27
14 9
14 11
14 13
14 17
15 32
16 35
16 49
16 47
16 36
16 43
16 50
16 88
16 53
16 95
16 27
16 89
16 48
16 29
16 33
16 46
16 108
16 106
16 38
16 37
17 36
17 56
18 69
18 74
18 88
18 79
18 71
18 93
18 94
18 96
18 77
18 90
18 120
18 80
18 86
18 82
18 85
18 121
18 83
18 119
18 65
18 84
19 99
20 111
20 105
20 112
20 114
20 110
20 113
20 109
21 73
21 97
21 67
23 119
24 109
25 52
25 46
26 69
26 57
26 70
26 61
26 37
26 66
26 63
27 5
28 58
28 73
28 85
28 80
28 75
28 67
28 44
28 79
28 66
28 62
28 83
28 64
29 23
30 49
30 50
30 45
30 55
30 63
30 62
30 56
30 61
31 75
32 6
32 7
32 9
33 69
33 121
33 118
33 56
33 89
33 105
33 99
33 86
33 76
33 102
33 106
33 104
33 90
33 84
33 96
33 115
33 117
33 93
33 107
33 78
33 80
33 82
33 101
33 94
33 92
33 77
33 87
33 60
33 100
33 85
33 48
34 118
35 63
35 62
35 95
35 65
35 67
35 87
35 76
35 77
35 68
35 71
35 83
35 69
35 64
35 93
35 90
37 34
37 54
37 62
37 55
37 60
37 48
37 33
37 61
37 46
37 58
37 36
37 70
37 57
37 77
38 101
38 97
38 103
38 94
38 102
38 88
38 99
38 98
39 41
39 50
39 42
40 119
40 121
40 122
40 117
41 52
41 22
41 27
41 59
41 60
41 45
41 50
41 43
42 48
42 40
42 51
42 71
42 53
42 50
42 59
42 65
42 57
42 55
42 76
42 62
42 75
42 74
42 66
42 64
42 52
42 63
42 58
42 41
42 46
43 92
44 27
44 80
44 70
44 30
44 42
44 51
44 29
44 38
44 49
45 74
45 87
45 78
45 88
45 68
45 91
45 90
45 83
45 71
46 33
46 57
46 42
46 50
46 54
49 73
50 13
50 14
51 5
51 12
51 8
51 3
51 15
51 9
51 11
51 7
51 23
52 47
52 76
52 75
52 48
52 64
52 72
52 109
52 70
52 66
52 62
52 57
52 65
52 69
52 67
52 45
52 71
52 84
52 73
52 86
53 84
53 78
53 81
53 72
54 70
54 72
54 76
54 81
54 96
54 87
54 79
54 73
54 100
54 99
54 97
54 82
54 84
54 66
54 95
54 80
54 86
54 75
54 57
54 71
54 83
54 89
54 60
54 65
54 58
54 85
54 92
54 59
55 77
55 63
55 70
55 92
55 71
55 85
56 49
57 74
57 37
57 60
57 62
57 56
57 54
57 59
57 50
57 63
57 79
57 38
57 48
57 81
57 46
57 61
57 52
57 78
57 51
57 45
57 72
57 42
57 69
57 66
57 82
58 18
59 75
59 74
59 62
59 78
59 79
59 49
59 86
59 46
59 77
60 110
60 117
60 115
60 111
60 116
61 21
61 3
61 19
61 8
61 15
61 17
61 7
61 6
61 4
61 16
61 11
61 22
61 12
62 69
62 35
62 72
62 30
62 60
62 55
62 75
62 80
62 68
62 82
62 78
62 73
62 34
62 67
62 37
62 76
62 64
62 50
62 61
62 66
62 53
62 47
62 36
62 51
62 49
62 74
62 83
62 26
62 65
62 71
62 81
63 97
63 93
63 89
64 29
64 35
64 30
65 57
65 64
65 74
65 61
65 49
65 50
65 56
66 17
66 19
66 18
67 103
67 94
67 105
67 93
67 106
67 112
67 104
68 91
68 98
68 97
68 102
68 95
68 101
68 93
68 90
68 89
69 30
69 26
69 32
69 33
69 28
69 21
69 22
69 29
70 105
70 107
70 106
70 101
70 98
70 102
70 103
70 104
71 6
71 7
71 5
71 9
71 12
71 10
73 70
73 71
74 57
75 55
75 47
75 71
75 51
75 86
75 68
75 80
75 58
75 83
75 48
75 59
75 65
75 45
75 69
75 52
75 82
75 60
75 46
75 72
76 56
76 58
77 103
77 102
77 97
78 6
78 7
78 4
79 65
79 63
79 64
79 66
79 71
79 69
79 62
79 72
81 105
82 72
82 71
82 73
83 34
83 36
83 8
83 12
83 48
83 51
83 7
83 25
83 57
83 56
83 52
83 63
83 16
83 29
83 59
83 53
83 61
83 49
83 46
83 17
83 14
83 33
83 39
83 50
83 15
83 64
83 42
83 21
83 6
83 55
83 44
83 31
83 43
83 5
83 13
84 107
84 112
84 106
84 109
84 110
84 111
85 122
86 37
86 36
86 34
86 29
86 32
86 35
86 30
86 27
86 28
87 5
87 6
87 7
87 9
87 11
87 8
87 19
87 10
87 15
87 16
89 56
89 54
90 77
90 81
90 89
90 109
90 52
90 102
90 63
90 101
90 64
90 83
90 74
90 82
90 76
90 73
90 84
90 69
90 106
90 72
90 79
90 86
90 53
90 59
91 121
91 122
92 115
92 120
92 113
93 89
93 76
93 118
93 73
93 115
93 119
93 112
93 88
93 86
93 82
94 60
94 48
94 58
94 20
94 70
94 45
94 28
94 34
94 26
94 21
94 22
94 63
94 76
94 38
94 56
94 42
94 55
94 57
94 27
94 18
94 82
94 37
94 73
94 33
94 53
94 52
94 81
94 39
94 32
94 40
94 30
94 49
95 61
95 47
95 30
95 28
95 60
95 29
95 27
95 32
95 45
95 57
95 51
95 42
95 56
95 58
95 50
95 39
95 59
95 31
95 64
95 34
96 63
98 95
98 104
98 100
98 107
98 102
98 105
98 106
99 113
99 114
99 117
99 119
100 94
101 111
101 103
101 96
101 109
101 93
101 114
101 91
101 94
101 110
102 26
102 24
103 51
104 45
104 25
104 31
104 65
104 44
104 70
104 43
104 55
104 42
104 21
104 60
104 67
104 57
104 59
104 29
104 56
104 54
104 37
104 33
104 24
104 26
104 30
104 64
104 58
104 61
104 38
104 52
104 27
104 63
104 53
104 66
104 62
104 20
105 66
106 48
107 99
107 112
107 115
107 114
107 113
107 117
107 98
108 71
108 83
109 44
109 43
109 46
110 119
111 101
111 100
112 90
112 100
112 43
112 53
112 36
112 42
112 58
112 37
112 54
112 82
112 81
112 46
112 103
112 45
112 55
112 108
112 92
112 63
112 52
112 96
112 68
112 98
112 44
112 89
112 49
112 40
112 48
112 47
112 62
113 39
113 32
113 36
113 30
113 41
113 33
113 27
113 40
114 108
114 119
114 113
114 118
114 110
114 105
114 111
114 107
115 93
115 101
115 108
115 70
115 103
115 88
115 91
115 92
115 96
115 104
115 86
115 109
115 98
115 110
115 89
115 90
116 114
116 106
116 109
116 120
117 85
117 49
117 30
117 92
117 67
117 75
117 25
117 88
117 83
117 82
117 77
117 55
118 66
118 81
118 55
118 79
118 65
118 59
118 57
118 77
118 87
118 93
118 96
118 56
118 80
118 71
118 78
119 21
119 19
119 12
119 14
119 17
119 13
119 15
119 10
120 45
120 50
120 64
120 53
120 55
120 49
120 38
121 61
122 44
122 29
122 43
122 40
122 81
122 73
122 75
122 30
122 41
122 37
122 27
122 23
122 17
122 33
122 36
122 18
122 56
122 38
2 11
2 9
2 10
4 100
4 83
4 86
4 84
4 93
4 88
4 103
6 49
6 43
6 60
6 48
7 103
9 116
9 118
10 27
10 28
11 106
12 34
13 19
13 21
14 107
14 106
14 95
15 30
15 35
15 36
15 31
15 34
16 44
16 32
16 34
16 39
16 25
16 45
18 89
20 49
20 39
20 40
21 105
21 106
22 54
22 41
22 70
22 55
22 56
23 89
23 88
23 91
23 96
23 95
24 54
24 62
24 68
24 67
24 65
24 61
24 57
24 53
24 64
24 60
24 58
24 59
24 56
25 87
25 79
25 106
25 110
25 81
25 104
25 72
25 90
25 112
25 91
25 86
25 113
26 110
26 114
26 108
26 111
26 105
26 107
27 110
27 113
29 108
29 103
29 107
30 111
30 108
30 102
30 105
30 113
30 100
30 109
30 104
30 103
30 110
31 70
31 60
31 66
31 61
31 69
31 65
31 71
31 67
31 62
31 58
32 2
33 7
33 13
33 14
33 8
33 23
33 47
33 25
33 16
33 15
33 24
33 30
33 45
33 39
33 36
33 19
33 50
33 4
33 29
33 20
33 42
33 46
33 28
33 6
34 76
34 90
34 102
34 112
34 95
34 107
34 103
34 111
34 104
34 101
34 89
34 105
34 100
34 92
35 70
35 66
36 117
36 108
36 104
36 106
36 113
36 116
36 109
37 111
38 66
38 77
38 78
38 64
38 70
38 65
38 63
38 79
38 80
38 73
38 72
38 67
38 68
39 106
39 104
40 22
40 16
40 19
40 23
41 100
41 110
41 98
41 95
41 82
42 49
42 38
42 44
42 36
42 39
42 37
45 97
45 99
45 94
45 98
45 95
45 92
46 43
46 49
47 37
47 38
47 43
47 42
49 120
49 117
49 99
49 63
49 47
49 114
49 67
49 53
49 108
49 48
49 115
49 96
49 111
49 45
49 58
49 119
49 113
49 59
49 110
49 61
50 112
50 90
50 99
50 70
50 111
50 114
50 54
50 116
50 118
50 115
50 108
50 105
50 110
50 81
50 61
51 115
51 114
51 113
52 30
52 19
52 10
52 41
52 4
52 17
52 14
52 2
52 3
53 97
54 94
54 78
54 93
54 91
54 90
54 88
55 74
55 83
56 50
56 52
56 64
56 63
57 20
57 34
58 74
58 49
58 62
58 52
58 61
58 69
58 64
58 78
58 41
58 53
58 72
58 60
58 77
58 54
58 70
58 39
58 38
58 76
58 47
58 57
58 71
58 63
58 81
58 65
58 75
59 30
60 101
60 100
60 98
60 99
60 104
61 73
61 95
61 64
61 86
61 60
62 105
62 94
62 103
62 98
62 102
62 106
62 99
63 104
63 103
64 108
64 109
65 94
65 76
65 80
65 67
65 79
65 82
65 75
65 81
65 85
65 89
66 72
67 90
68 62
68 77
68 51
68 81
68 79
68 54
68 55
68 73
68 72
68 67
68 63
68 66
68 56
68 59
68 60
68 61
68 70
68 78
68 53
69 112
69 111
70 86
70 97
70 90
70 100
70 92
70 99
70 84
70 95
70 94
71 73
71 69
71 83
71 64
71 74
71 78
71 79
71 77
71 86
71 75
71 60
71 80
71 81
71 68
71 70
72 11
72 5
72 10
73 64
73 66
73 105
73 84
73 69
73 87
74 84
74 82
74 81
74 85
74 86
76 83
76 88
76 68
76 87
77 17
77 12
77 13
77 15
77 22
77 19
77 11
77 24
78 119
79 100
79 96
79 91
79 84
79 82
79 78
79 102
79 85
79 81
79 101
79 99
79 112
79 74
79 89
79 103
79 92
80 34
80 42
80 36
80 37
80 31
80 33
81 102
81 100
81 94
81 113
81 106
81 97
81 114
81 104
82 47
83 113
83 94
84 83
84 66
84 79
84 65
84 71
84 81
84 54
84 69
86 40
86 42
86 44
86 43
87 98
87 106
87 100
87 101
87 96
87 94
88 121
90 85
90 87
90 88
90 75
90 68
91 106
91 107
93 39
93 33
93 41
93 43
93 31
94 36
94 65
94 47
94 41
94 71
94 54
94 46
94 67
94 62
94 64
94 78
94 69
94 74
94 61
94 51
94 50
94 31
94 72
95 77
95 79
95 81
95 80
95 73
95 74
97 57
97 43
97 46
97 45
97 55
97 50
97 49
97 42
98 108
98 110
99 115
99 110
99 111
99 116
101 100
101 115
101 99
102 73
102 42
102 79
102 59
102 96
102 50
102 72
102 93
102 99
102 78
102 95
102 98
102 69
102 82
102 63
102 55
102 74
102 87
102 61
102 81
102 94
102 65
102 100
102 60
102 71
102 83
102 91
102 43
102 76
102 58
102 80
103 40
104 75
104 80
104 76
105 41
105 47
105 59
105 52
105 38
105 43
105 49
105 44
105 37
105 57
105 61
105 48
105 54
106 88
106 89
106 82
106 85
106 86
107 82
107 92
107 86
107 116
107 48
107 119
107 91
107 95
107 25
107 32
107 70
107 51
107 18
107 83
107 57
107 59
107 69
107 73
107 76
107 24
107 16
107 64
107 60
107 110
107 29
107 65
107 62
107 54
107 120
107 22
107 111
107 21
107 68
107 77
107 71
107 23
107 74
107 50
107 81
107 66
107 75
107 72
107 80
107 79
107 26
107 36
108 92
108 102
108 103
108 104
109 47
109 6
109 5
109 24
109 18
109 12
109 33
109 13
109 37
109 17
109 20
109 36
109 30
109 26
109 25
109 7
109 39
109 42
109 15
109 8
109 4
109 31
109 11
109 41
109 9
110 89
110 92
110 69
110 86
110 66
110 73
110 87
110 80
110 71
110 97
110 84
110 82
110 81
110 68
110 88
110 72
110 85
110 70
110 90
110 91
112 13
112 7
112 39
112 15
112 33
112 16
112 41
112 22
112 9
112 19
112 31
112 38
112 6
112 50
112 34
112 23
112 17
112 32
112 35
112 20
112 28
112 14
112 24
112 26
112 56
113 80
113 82
115 112
115 113
115 114
116 52
116 72
116 91
116 51
116 44
116 88
116 50
116 73
116 53
116 46
116 87
116 43
116 69
116 57
116 71
116 83
116 59
116 70
116 60
116 76
116 68
116 92
116 85
116 55
116 49
116 78
116 81
116 58
116 48
116 62
119 57
119 77
119 74
119 65
119 63
119 75
119 66
119 51
119 76
119 73
119 59
119 70
119 61
119 56
119 69
119 45
120 115
120 114
120 106
121 11
121 9
122 25
122 31
122 32
122 39
122 50
122 45
122 15
122 20
122 16
122 34
122 14
122 21
122 46
122 13
1 96
1 114
1 103
1 77
1 79
1 71
1 115
1 74
2 65
3 35
3 29
3 27
3 44
3 90
3 48
3 33
3 28
3 39
3 38
3 67
3 86
3 42
3 26
3 31
3 32
3 36
3 46
3 69
3 93
3 43
3 75
3 81
3 37
3 30
3 71
3 34
4 50
4 82
4 49
4 80
4 76
4 71
4 98
4 56
4 74
4 59
4 58
4 85
4 68
5 104
5 118
5 119
5 92
5 117
5 105
5 91
7 63
8 105
8 107
8 96
8 108
8 106
8 104
8 109
8 102
10 26
10 23
10 21
10 24
11 111
11 115
11 114
12 26
14 36
14 48
14 46
14 35
14 44
15 42
15 46
15 49
15 41
15 33
15 64
15 37
15 52
15 29
15 56
15 44
15 51
17 101
17 91
17 9
17 31
17 8
17 88
17 71
17 87
17 14
17 68
17 73
17 65
17 13
17 11
17 16
17 24
17 90
18 9
18 42
18 73
18 10
18 24
18 7
18 6
18 87
18 49
18 37
18 20
18 14
18 72
18 75
18 50
18 78
18 17
18 25
18 28
18 70
18 11
18 76
18 15
19 48
19 47
20 107
20 106
21 118
21 110
21 115
21 107
21 116
21 111
21 108
21 113
21 104
21 109
21 101
21 121
24 79
24 78
24 81
24 82
24 87
24 100
24 77
24 84
24 83
25 59
25 71
25 63
25 62
25 60
26 116
26 112
26 104
26 99
26 101
26 117
26 109
28 100
28 104
28 110
28 108
28 107
28 106
28 101
29 77
30 119
30 117
31 108
31 120
31 105
31 103
31 110
31 119
32 90
32 93
32 88
32 94
32 96
32 95
32 89
33 49
34 82
34 79
35 109
35 112
35 103
35 88
35 113
35 98
35 114
35 110
36 107
37 39
38 104
39 110
39 108
39 109
39 111
39 105
39 117
39 112
40 55
40 45
40 69
40 50
40 70
40 51
40 72
40 53
40 66
40 38
40 60
43 37
43 30
43 26
43 34
43 28
43 36
43 29
43 49
43 31
43 38
43 51
43 32
43 27
44 12
44 7
44 10
44 9
44 13
44 11
44 16
46 115
47 49
47 45
47 46
48 117
48 111
48 113
48 104
48 115
48 114
48 116
48 118
48 112
48 108
52 81
53 56
53 103
53 111
53 96
53 112
53 107
53 106
53 104
53 75
53 65
53 94
54 74
54 103
54 102
54 77
54 98
56 69
56 74
56 70
57 99
57 95
57 89
57 92
57 94
57 97
57 75
57 98
57 91
57 88
57 100
57 83
57 90
57 93
57 87
58 99
58 97
58 104
58 103
61 107
61 110
63 32
63 69
63 59
63 51
63 81
63 71
63 27
63 77
63 30
63 44
63 57
63 29
63 42
63 68
63 70
63 34
63 26
64 83
64 94
64 77
64 82
64 71
64 92
64 69
64 70
65 27
65 29
65 46
65 38
65 36
65 44
65 47
65 58
65 32
65 35
65 37
65 43
67 43
67 42
67 45
68 118
68 117
69 49
69 34
69 18
69 47
69 19
69 48
69 50
69 41
69 52
69 43
69 38
69 17
69 46
69 51
69 25
69 27
69 39
69 42
69 35
69 23
69 37
69 40
70 55
71 105
71 115
71 104
71 93
71 118
71 109
71 97
72 115
72 114
72 119
73 103
74 107
74 97
74 96
74 95
74 103
74 104
74 99
75 38
75 25
75 31
75 35
75 42
75 27
75 36
75 44
78 51
79 19
79 44
79 14
79 31
79 47
79 49
79 48
79 50
79 32
79 16
80 72
80 69
80 70
82 8
84 72
84 73
84 67
85 71
86 51
86 55
86 66
86 68
86 50
86 56
86 58
86 74
86 49
86 57
86 46
86 73
86 54
86 72
86 48
87 23
87 2
87 21
87 14
87 40
87 50
87 13
87 18
87 3
88 61
88 75
88 57
88 73
88 72
88 66
88 81
88 58
88 71
88 80
88 79
88 62
88 60
88 65
88 83
88 77
88 70
89 86
89 98
89 93
89 72
89 62
89 92
89 102
89 99
89 81
89 91
89 78
89 97
89 100
89 67
89 94
90 37
90 32
90 43
90 38
90 27
90 33
90 28
90 34
90 39
90 40
90 29
90 42
90 35
91 52
91 48
95 113
95 103
95 110
95 109
95 108
95 115
95 99
95 102
95 111
95 104
95 107
95 112
97 52
97 34
97 44
97 48
97 38
98 52
98 103
98 41
98 42
98 34
98 39
98 36
98 111
98 48
98 96
98 31
98 35
98 46
98 43
98 27
98 28
98 44
98 55
98 32
98 97
98 45
98 119
98 40
98 26
98 59
98 54
99 78
99 77
100 58
101 25
102 68
102 66
102 67
103 29
103 23
103 31
103 18
103 20
103 25
103 27
103 19
103 24
104 36
104 35
105 65
105 62
105 60
105 63
105 64
106 80
106 81
109 35
109 32
109 45
109 21
109 53
109 27
109 14
109 22
109 52
109 57
109 51
109 29
109 38
110 47
110 53
111 108
111 114
111 115
112 29
112 25
112 57
112 61
112 12
112 11
112 51
113 61
114 97
114 89
114 91
114 80
114 87
114 90
114 101
114 83
114 86
114 92
114 84
114 79
114 88
114 106
114 78
114 103
114 95
114 98
114 100
114 104
116 42
116 47
116 45
116 37
116 54
116 65
116 66
116 30
116 67
116 31
116 63
116 75
116 38
116 29
116 74
117 52
117 47
118 90
119 118
119 98
119 106
119 113
119 93
119 109
119 116
119 105
119 108
119 96
119 107
119 111
119 112
120 58
121 102
121 103
121 98
1 120
1 118
1 121
2 103
4 69
5 54
5 63
5 43
5 64
5 37
7 92
8 69
8 59
9 80
10 78
10 75
10 85
10 91
10 73
10 93
10 95
10 69
10 90
11 71
11 72
11 74
12 91
12 82
12 92
12 99
12 85
12 96
14 96
15 84
16 22
17 79
17 81
18 5
19 113
20 38
20 50
21 117
21 114
23 104
23 102
23 110
23 100
23 101
23 111
23 106
23 109
23 108
24 14
24 22
24 20
24 26
24 30
24 15
24 28
24 18
25 109
25 111
26 3
26 11
26 20
26 15
26 25
26 14
26 17
26 8
26 12
26 7
26 31
26 10
26 24
26 6
26 18
27 51
28 49
29 21
29 20
29 33
29 22
29 46
29 17
29 41
29 14
29 31
29 28
29 40
29 32
29 26
29 38
29 37
29 19
29 36
29 16
29 18
30 58
30 76
30 66
30 74
30 65
31 77
31 116
31 88
31 99
31 106
32 37
32 53
32 47
32 49
32 27
32 21
32 48
32 42
32 30
32 50
32 29
32 52
32 24
32 38
32 28
33 95
33 103
33 109
33 111
33 70
33 75
33 79
33 81
33 68
33 91
34 66
34 99
34 62
35 41
35 44
35 23
35 33
35 40
35 42
35 49
35 28
35 37
35 38
35 39
35 48
35 27
35 47
35 26
35 50
35 32
36 39
36 53
36 38
36 41
36 50
36 70
36 32
36 71
36 43
36 34
36 66
36 69
36 44
36 42
36 35
36 60
37 19
37 20
37 12
37 9
37 13
37 17
37 8
37 10
37 11
38 60
38 71
38 57
38 58
38 33
38 56
38 44
38 62
38 41
38 32
38 47
38 55
38 61
38 45
39 52
39 49
39 38
39 37
40 115
40 118
43 118
43 117
44 110
44 109
44 114
44 115
44 113
44 116
46 87
46 107
46 91
46 103
46 102
46 104
47 77
47 87
47 52
47 74
47 54
47 81
47 80
47 57
47 79
47 86
47 76
47 85
47 61
47 70
48 54
49 37
50 120
50 103
50 84
50 83
50 104
50 92
51 76
51 62
51 73
51 69
51 65
51 54
51 68
51 81
51 67
51 53
51 78
51 63
51 64
51 70
51 59
51 55
51 72
52 122
52 119
52 118
52 116
53 105
53 108
53 82
54 3
55 113
55 119
55 115
56 103
56 101
58 79
58 66
58 36
58 67
58 87
58 31
58 37
58 25
58 34
58 50
58 32
59 111
59 112
59 66
59 101
59 104
59 110
59 106
60 92
60 85
60 80
61 113
62 48
62 41
63 11
63 16
63 17
63 14
65 116
65 107
65 119
65 118
65 113
65 114
66 13
67 11
69 61
69 66
69 85
69 87
69 91
69 57
69 60
69 79
69 83
69 64
69 62
69 58
69 67
69 80
69 56
69 78
70 121
71 51
71 27
71 56
71 34
71 28
71 23
71 37
71 48
71 43
71 58
71 40
71 30
71 33
71 24
71 45
71 20
71 52
71 29
71 41
71 39
71 54
71 38
71 47
71 55
71 59
71 32
71 36
72 110
72 105
72 111
72 116
72 106
72 109
72 107
72 120
73 43
73 56
73 32
73 49
73 50
73 44
73 46
73 52
73 48
73 51
75 110
75 106
75 114
75 112
75 104
75 105
75 111
75 113
75 115
76 107
76 106
78 96
79 39
80 113
81 91
81 89
82 79
82 75
82 66
82 77
82 63
82 51
82 60
82 49
82 78
82 70
82 76
85 95
85 100
85 91
85 92
85 87
85 113
85 97
85 77
85 93
85 106
85 89
85 104
85 96
85 111
85 112
85 88
85 105
85 101
85 90
85 76
86 31
86 25
86 21
86 19
86 20
86 18
86 38
86 26
86 23
88 110
88 108
89 24
89 16
89 18
91 114
91 117
91 119
91 118
91 112
91 103
91 115
92 68
92 73
92 69
93 69
93 71
93 78
95 114
96 67
96 62
96 61
96 65
96 79
98 16
98 18
98 19
98 7
98 22
98 21
98 30
98 10
98 20
98 15
98 6
98 9
98 17
98 24
98 8
99 21
99 9
99 37
99 28
99 46
99 43
99 36
99 58
99 12
99 26
99 31
99 18
101 105
102 62
102 54
102 57
102 39
102 70
102 53
102 56
102 75
103 42
103 36
103 34
103 43
103 30
103 39
106 115
106 118
106 110
106 113
106 103
106 109
106 102
108 56
108 44
108 47
108 43
108 62
108 38
110 29
110 36
111 79
113 43
113 44
114 121
115 97
115 95
115 102
115 106
115 105
115 94
116 100
117 114
118 13
118 8
118 15
118 12
118 9
118 11
118 14
119 23
119 20
119 18
119 11
119 6
119 9
121 94
121 57
121 66
121 58
121 56
121 51
121 93
121 65
122 106
122 101
122 92
122 99
122 42
122 103
122 35
122 105
122 22
122 26
122 83
122 19
1 119
1 122
1 116
1 117
2 31
2 33
3 98
3 106
3 91
3 94
3 92
3 99
4 119
4 106
4 114
4 117
4 107
4 112
4 118
4 113
6 92
6 104
6 99
7 82
7 87
7 84
9 59
9 60
10 36
10 35
10 45
10 48
10 50
10 39
10 43
10 38
10 55
10 40
10 49
11 113
13 89
13 92
13 112
13 96
13 88
13 98
14 120
14 119
18 103
18 101
19 8
19 15
19 5
19 16
19 13
19 9
19 12
19 14
19 11
22 73
22 72
22 77
22 71
22 76
22 74
22 75
22 68
23 59
23 87
24 55
24 76
24 89
24 66
24 74
24 52
24 72
24 75
24 90
24 69
24 70
24 88
24 71
25 7
25 20
25 16
25 4
25 13
25 15
25 10
25 11
25 17
25 6
26 60
27 122
27 105
27 109
27 107
27 103
27 121
27 102
27 115
27 104
27 108
27 117
27 111
27 112
27 116
27 119
29 91
29 72
29 105
29 78
29 104
29 113
29 90
29 93
29 97
29 118
29 64
29 75
29 106
29 96
29 85
29 115
29 86
29 87
29 92
29 111
29 117
29 67
30 40
30 26
30 36
32 92
32 97
32 102
32 100
32 98
32 105
32 106
32 91
33 83
33 88
34 24
34 25
34 26
35 61
36 96
36 92
36 55
36 93
36 78
36 49
36 88
36 79
36 73
36 54
36 81
36 89
36 82
36 95
36 97
36 72
36 85
36 84
36 74
36 87
36 91
37 28
37 30
37 31
37 24
37 25
37 26
37 35
37 49
38 24
38 27
38 21
38 35
38 31
38 34
38 37
38 28
38 20
39 82
39 76
39 86
39 75
39 57
39 67
39 78
39 73
39 60
39 84
39 70
39 87
39 90
42 80
42 78
42 81
42 77
43 10
43 20
43 25
43 13
43 18
43 14
43 8
43 7
43 15
43 24
43 19
43 16
43 11
45 104
45 101
45 105
45 103
45 106
45 111
45 102
45 113
45 109
45 110
46 112
46 116
47 32
47 36
47 35
48 43
49 118
52 104
53 49
53 57
53 60
55 16
55 29
55 41
55 12
55 51
55 10
55 45
55 60
55 39
55 47
55 15
55 11
55 17
55 37
55 14
56 117
56 107
56 111
56 110
56 115
56 106
56 116
56 119
56 105
56 112
56 118
57 106
57 102
57 101
57 110
57 105
57 103
57 108
57 109
57 107
60 119
60 121
61 55
61 71
61 82
62 79
62 19
62 8
62 16
62 38
62 57
62 12
62 10
62 17
62 27
62 87
62 86
62 22
62 24
62 44
62 9
62 88
62 54
62 20
62 77
62 85
62 59
62 13
62 15
62 52
63 48
65 31
65 28
65 26
65 25
65 42
65 40
65 23
65 24
65 41
65 39
65 21
66 99
66 96
67 44
68 49
68 47
68 50
68 83
68 86
68 110
68 46
68 36
68 75
68 39
68 84
68 64
68 42
68 41
68 87
68 99
68 80
68 76
68 92
68 114
68 96
68 109
68 88
68 115
68 65
68 57
68 71
68 111
68 85
69 59
70 32
70 42
70 33
70 34
70 40
70 41
70 35
71 42
71 35
71 53
71 50
71 46
73 22
74 60
74 64
74 53
74 66
74 51
74 65
74 68
74 69
74 63
74 48
74 47
76 20
77 39
79 70
79 60
79 61
79 55
79 67
79 75
79 58
79 59
79 56
79 73
79 76
79 54
80 52
80 57
80 50
80 61
80 56
80 59
80 54
81 68
81 69
81 58
81 50
81 39
81 53
81 56
81 66
81 48
82 74
83 76
83 70
83 73
83 79
83 66
83 77
83 80
83 62
83 72
83 74
83 68
83 58
83 98
83 67
83 81
83 71
83 78
84 33
84 30
84 46
84 36
85 55
85 66
85 75
88 69
88 68
88 67
88 74
89 15
89 37
89 14
89 10
89 8
89 17
89 33
89 34
89 4
89 19
89 9
89 12
89 13
90 70
90 60
91 79
91 81
91 74
92 107
93 64
93 72
94 68
94 97
95 75
96 5
96 7
97 95
97 79
97 77
97 82
97 101
97 81
97 94
97 85
97 84
97 67
97 91
97 64
97 100
97 60
97 80
97 83
97 106
97 104
97 76
97 78
97 41
97 37
97 89
97 73
99 34
99 103
99 83
99 104
99 109
99 118
99 105
99 107
99 98
99 112
99 54
99 96
99 92
100 36
100 43
100 46
100 44
100 32
102 105
102 101
102 109
102 92
102 104
102 106
102 97
104 87
104 82
105 71
105 89
105 91
105 77
105 72
105 75
105 86
105 67
105 80
106 31
107 96
108 45
108 46
108 33
108 36
109 70
109 102
109 59
109 60
110 65
110 62
110 75
110 67
114 22
114 6
114 3
114 10
114 4
115 13
115 11
118 32
118 34
118 26
118 35
118 54
118 36
118 19
118 21
118 46
118 38
118 20
118 25
118 27
118 47
118 43
118 41
118 52
118 24
118 29
118 22
119 71
119 38
119 47
119 41
119 40
119 78
119 67
119 44
119 37
119 48
119 72
119 80
119 68
119 79
120 75
121 37
4 32
4 99
4 55
4 43
4 27
4 79
4 97
4 33
4 30
4 60
4 36
7 42
7 43
7 39
7 36
7 46
7 45
9 68
9 81
9 78
9 77
10 102
10 92
10 94
10 96
10 101
10 87
10 109
10 100
12 47
12 35
12 22
13 79
13 82
13 80
14 72
14 104
14 32
14 70
14 91
14 86
14 105
14 85
14 76
15 90
15 92
15 91
15 95
15 96
15 94
16 87
19 73
19 51
19 56
19 63
19 58
19 59
19 52
19 44
19 75
19 46
19 50
19 45
19 41
19 64
19 62
19 43
19 42
20 76
20 98
20 78
20 71
20 108
20 89
20 93
25 58
25 78
26 90
26 103
26 94
26 102
26 98
26 118
26 113
26 92
26 85
26 95
26 91
26 97
26 96
26 120
26 119
27 86
27 52
27 47
27 40
27 23
27 36
27 60
27 68
27 31
27 67
27 32
27 43
27 69
27 74
27 49
27 38
27 75
27 24
27 42
27 89
27 80
27 73
27 45
27 63
27 71
27 79
27 16
27 33
27 26
27 87
27 22
27 58
27 50
27 88
27 72
27 29
27 66
27 81
27 48
27 54
27 85
28 45
29 58
29 34
29 10
29 24
29 60
29 43
29 55
29 8
29 15
29 53
29 62
29 57
29 11
29 89
29 35
29 27
29 59
29 42
30 106
30 101
30 107
32 101
32 103
32 104
37 76
37 89
37 91
37 59
37 56
37 63
38 76
38 26
38 75
38 30
38 46
38 74
38 82
38 91
38 92
38 85
38 95
38 36
38 81
38 54
38 93
39 2
39 34
39 35
39 20
39 8
39 24
39 13
39 30
39 33
39 3
39 36
39 1
39 16
39 28
39 15
39 21
39 22
40 79
40 78
42 88
43 113
45 79
45 96
45 63
45 89
45 54
45 86
46 88
47 111
47 119
47 112
47 120
47 121
48 31
49 121
51 6
51 10
51 4
52 121
53 59
54 44
54 36
54 32
54 43
55 58
55 59
57 53
57 47
57 15
57 41
57 49
60 83
60 62
60 63
60 89
60 66
63 108
63 102
64 73
64 88
66 93
66 89
66 102
66 107
66 94
67 57
68 34
68 32
68 11
68 37
68 31
68 27
68 13
68 30
69 122
69 121
70 44
70 46
71 57
72 94
72 95
73 96
74 45
75 103
75 107
76 114
76 99
76 120
76 118
76 101
76 121
76 117
77 81
77 62
77 61
77 88
77 67
77 99
77 60
77 95
77 86
79 95
79 94
80 53
80 58
80 44
80 39
81 46
81 73
83 41
83 40
83 20
83 37
83 32
83 28
83 24
85 60
86 67
86 39
86 69
86 76
86 47
86 41
86 70
86 60
86 52
86 101
86 24
86 108
86 59
86 62
86 97
86 33
86 71
87 65
87 64
87 55
87 56
87 29
87 57
87 17
87 12
87 69
89 95
89 105
89 104
89 101
89 84
89 96
89 103
90 45
90 80
90 119
90 46
90 110
90 71
90 48
90 104
91 111
91 120
92 91
92 76
92 84
92 88
92 80
92 90
96 30
96 34
96 64
96 28
96 69
96 29
96 58
96 26
96 49
96 50
96 44
96 66
96 56
96 52
96 60
96 33
96 46
96 42
96 54
96 59
96 38
96 23
96 36
96 43
99 101
99 94
99 102
99 95
100 91
100 92
103 50
103 14
103 46
103 53
103 22
103 41
103 26
103 47
103 17
103 32
103 33
103 15
103 13
103 16
103 37
104 120
105 109
105 110
105 111
105 118
105 113
105 119
106 91
106 75
106 60
108 58
108 48
109 50
109 103
109 56
109 55
110 23
111 38
111 32
111 14
111 19
111 29
111 24
111 34
111 13
111 27
111 11
112 18
112 27
112 30
113 85
115 100
115 99
117 5
117 6
117 19
117 22
117 3
117 13
117 2
118 53
119 86
119 89
120 31
120 32
120 41
120 29
120 34
120 26
120 30
120 14
120 23
120 25
121 114
122 2
122 5
122 3
122 4
122 8
1 17
1 15
2 59
3 103
3 116
3 118
6 28
6 52
6 51
8 91
8 90
10 112
10 81
11 22
11 23
11 17
11 25
13 2
14 60
14 55
14 56
16 92
17 69
19 38
19 60
19 29
19 27
19 35
19 37
19 54
19 30
19 57
19 53
19 25
19 39
19 61
19 26
19 49
19 36
20 62
21 59
21 49
21 68
21 65
21 62
21 52
22 99
22 79
22 104
22 92
22 86
22 108
22 97
22 107
22 90
22 89
22 94
22 91
22 95
22 88
22 102
22 96
22 84
22 81
22 78
22 69
22 93
23 48
24 29
24 42
24 39
24 33
24 45
24 34
24 80
24 85
24 41
24 86
25 42
26 45
26 67
26 74
26 58
27 114
27 91
27 120
27 92
27 96
27 101
27 90
27 118
29 56
29 61
30 16
31 14
31 17
31 16
31 18
32 83
32 82
32 78
32 77
32 76
32 79
32 80
34 21
34 22
36 86
38 12
38 6
38 15
38 13
38 23
38 17
38 19
38 8
38 16
38 11
39 17
39 18
40 64
41 104
41 106
42 85
42 92
42 89
42 87
42 84
43 85
43 89
43 104
45 93
45 100
46 35
46 25
46 20
46 21
46 24
46 23
46 26
47 107
47 109
49 66
49 56
49 34
49 46
49 42
50 42
50 26
50 15
50 33
50 17
51 49
51 44
51 60
51 48
51 57
51 45
55 75
57 35
57 40
57 55
58 101
58 68
58 89
58 55
58 73
58 107
59 85
60 30
60 13
60 22
60 25
60 18
60 19
60 36
60 11
60 23
60 8
60 45
60 27
60 46
60 38
60 42
60 29
60 5
60 34
60 20
60 33
60 28
60 12
60 44
60 17
61 10
61 9
62 21
62 11
62 39
65 33
65 34
66 83
66 75
66 46
66 50
66 64
66 100
66 54
66 61
66 58
66 103
67 29
69 119
70 47
70 51
70 52
75 57
75 81
75 41
75 84
75 50
76 11
78 85
78 120
78 91
78 86
78 80
78 121
78 84
79 41
79 43
80 17
81 118
82 85
82 68
82 54
82 58
82 50
82 57
82 80
82 43
82 87
82 86
83 93
85 18
85 37
85 19
85 15
85 25
85 30
85 21
85 22
85 26
85 24
85 35
85 29
85 28
85 42
85 17
85 46
85 13
85 50
85 39
85 14
86 45
86 53
87 99
87 53
89 70
89 73
90 112
91 113
92 45
93 62
93 65
93 54
93 57
93 66
93 47
93 53
93 60
93 51
93 61
93 55
93 63
93 52
94 35
95 119
95 117
95 116
95 121
96 101
96 95
100 119
100 116
101 13
101 12
101 3
101 8
101 5
101 21
101 7
101 20
101 4
101 11
102 64
102 107
102 90
102 77
103 21
103 28
103 35
103 9
104 121
104 117
104 118
104 119
104 114
105 46
105 73
105 34
105 24
105 27
105 33
105 78
105 19
105 76
105 20
105 40
105 25
105 36
105 31
105 13
105 11
105 28
105 29
105 18
106 18
106 13
106 29
106 14
106 23
106 20
106 27
107 118
110 64
111 65
111 53
111 106
111 50
111 63
111 86
111 107
111 59
111 33
111 48
111 104
113 18
113 12
113 9
114 116
115 9
118 23
118 28
118 33
118 7
118 30
118 5
118 10
118 31
118 39
118 40
119 115
119 99
119 104
119 117
119 114
119 110
120 107
121 105
121 110
121 107
121 108
121 109
1 20
1 8
3 121
3 101
3 97
3 96
5 32
5 36
5 29
5 23
5 35
5 26
5 30
5 38
5 31
5 27
5 25
5 33
6 69
7 86
9 13
10 8
11 49
11 53
11 50
11 51
12 97
12 66
12 90
13 59
15 40
15 45
15 67
15 47
15 48
15 43
21 32
23 117
23 113
23 116
23 118
24 63
25 30
25 29
26 100
26 93
27 6
27 4
27 2
27 7
27 11
27 14
27 8
27 9
27 25
27 41
27 18
27 13
27 37
27 46
27 3
27 12
28 84
28 98
28 94
28 91
28 96
28 87
28 82
30 96
30 116
30 97
31 46
31 43
31 51
31 42
31 47
31 50
31 39
31 40
31 45
31 52
31 41
32 54
34 43
34 41
34 15
34 6
34 9
34 20
34 40
34 7
34 12
34 19
34 23
34 16
34 39
34 10
36 29
36 27
36 40
36 28
37 79
37 88
37 84
38 86
39 93
40 57
40 68
42 101
42 97
42 98
42 103
42 95
42 106
42 105
42 100
47 28
47 22
47 21
47 20
47 27
47 14
47 16
47 24
47 31
47 26
47 29
47 15
48 103
50 24
51 120
52 63
52 61
52 74
52 80
53 102
53 110
53 117
53 116
55 111
56 79
56 113
56 108
56 83
56 78
56 104
56 109
56 96
56 76
56 114
56 75
57 80
58 45
58 26
60 55
60 26
60 43
60 49
60 39
60 24
60 48
60 47
60 31
60 67
60 50
60 37
60 35
60 65
61 53
61 56
61 41
61 40
61 44
61 46
61 48
61 52
61 51
61 42
61 57
63 114
64 16
64 40
64 19
64 10
64 7
64 13
64 18
64 4
64 9
64 5
64 26
64 11
64 38
64 28
64 15
66 35
66 33
66 27
66 21
66 14
66 37
66 20
66 31
66 22
66 36
66 24
67 59
67 65
68 58
68 107
68 113
68 52
68 112
68 74
69 68
69 53
69 54
69 73
70 38
70 39
70 64
70 43
70 73
70 75
70 74
71 76
73 104
73 82
73 83
74 38
74 42
74 36
74 79
74 70
74 37
74 35
74 40
74 67
74 59
74 33
74 39
74 61
76 66
76 53
77 115
79 90
80 87
80 96
80 86
80 88
80 89
80 103
80 90
81 79
81 71
84 86
84 88
84 87
84 89
84 92
84 91
85 120
86 120
86 122
88 42
88 34
89 111
89 112
89 114
89 107
89 113
89 108
89 106
91 67
92 94
92 101
95 33
95 49
95 36
95 25
96 25
96 27
96 55
96 41
96 57
96 47
96 45
96 32
96 40
96 48
96 31
96 24
96 51
97 96
97 62
97 87
99 120
99 75
99 121
100 103
101 71
101 54
101 55
101 58
101 51
101 31
101 56
101 39
101 60
101 66
101 65
101 37
101 62
102 29
102 28
104 109
106 49
106 52
106 54
107 49
107 56
107 63
107 67
107 44
107 55
107 46
107 53
107 52
107 78
107 61
107 43
110 42
110 58
110 60
110 28
110 25
112 5
113 60
115 35
115 25
115 22
115 29
115 36
115 28
115 30
115 33
115 27
115 24
115 42
115 38
115 41
115 23
116 82
116 86
116 89
117 105
119 25
119 24
119 28
120 118
120 119
122 28
122 24
1 78
1 94
2 92
2 120
2 106
2 117
2 112
2 119
2 110
2 99
2 102
3 16
3 11
3 10
3 23
3 5
3 2
3 22
3 19
3 21
3 18
3 7
3 20
6 116
7 64
7 66
8 44
8 68
9 104
9 108
9 119
9 115
9 113
9 110
9 109
9 84
9 103
9 111
9 89
12 62
13 47
13 51
13 49
13 48
13 57
14 25
15 116
15 112
15 115
15 100
15 82
15 93
15 97
15 99
15 98
15 83
17 7
17 5
17 3
18 27
18 34
18 22
18 26
18 23
19 17
19 22
19 21
19 24
19 10
19 32
19 23
19 28
19 34
20 80
21 18
21 16
21 19
21 17
21 14
22 80
23 97
23 98
23 99
24 46
26 19
27 83
27 55
27 82
27 53
27 94
27 77
27 61
27 70
27 78
29 66
29 63
35 25
35 15
35 34
35 12
35 52
35 8
35 29
35 11
35 17
35 51
35 9
35 19
35 53
35 31
36 100
36 99
36 101
37 65
38 10
38 22
38 9
39 114
39 115
39 116
41 118
41 120
41 121
42 60
42 61
43 21
43 23
45 107
47 100
47 106
47 110
47 102
47 101
47 105
50 5
50 7
50 21
50 9
51 58
51 71
51 46
51 56
51 47
51 50
51 83
51 66
51 42
51 79
54 101
54 115
54 112
57 114
57 111
57 118
57 119
57 116
57 112
57 115
58 80
58 56
59 22
59 28
59 27
59 24
59 20
59 25
59 26
60 120
60 118
62 18
62 58
62 56
63 118
63 121
63 119
63 111
63 120
64 117
65 78
65 91
65 30
65 86
65 84
65 45
66 70
66 73
70 112
70 110
70 108
70 114
71 120
71 113
72 14
72 15
73 42
79 52
79 51
79 53
80 68
80 64
80 60
80 76
80 78
80 67
80 63
80 62
80 85
80 71
80 77
80 79
81 49
85 107
85 109
85 108
86 94
86 96
86 106
86 103
86 110
86 114
88 109
88 106
88 116
88 102
88 111
88 85
88 82
88 97
88 84
88 107
89 11
92 119
95 66
95 63
95 68
95 71
95 72
95 35
95 65
95 69
95 62
96 19
96 14
96 21
96 13
96 53
96 39
96 35
96 12
96 16
96 17
97 105
97 110
97 103
97 114
97 99
97 107
97 112
99 108
100 28
100 26
102 108
102 116
102 115
102 119
102 112
102 120
102 117
103 11
104 28
104 22
105 23
106 15
106 16
106 17
109 48
109 49
109 40
110 100
110 102
110 101
111 122
113 78
113 83
114 66
115 18
115 14
115 17
115 12
115 21
115 15
115 20
116 56
116 64
116 79
116 77
122 85
122 96
122 97
1 67
1 56
1 58
1 65
1 62
2 113
2 116
3 41
3 49
3 45
3 77
3 95
3 40
10 34
10 29
10 31
10 32
10 37
10 33
11 40
11 41
13 84
14 24
14 12
16 111
16 114
16 119
17 122
22 19
23 107
25 47
26 28
27 62
27 76
28 5
28 21
28 14
28 32
28 24
28 23
30 43
30 67
31 64
32 70
32 72
32 81
32 73
32 71
33 26
33 18
33 27
36 105
36 90
36 77
36 80
36 83
36 94
37 64
39 4
39 11
39 7
39 14
41 36
41 33
41 44
42 18
42 24
42 72
42 45
42 26
42 27
42 19
42 20
42 56
42 21
42 25
42 32
42 33
42 23
42 29
42 16
42 17
42 30
42 28
42 35
43 64
43 39
43 40
43 52
43 58
44 88
44 92
45 112
45 108
45 114
46 12
46 27
47 12
47 5
47 7
47 9
47 8
49 10
49 8
49 7
49 11
50 117
53 120
53 88
53 99
57 113
58 100
63 62
63 73
63 56
63 76
64 32
65 115
65 111
65 117
67 7
67 9
67 10
67 14
67 5
67 13
67 17
67 4
70 24
70 23
70 25
70 26
70 15
70 16
70 22
70 20
70 19
71 94
71 92
72 54
72 61
72 69
72 64
72 65
72 51
72 67
72 63
72 75
72 56
72 57
72 74
72 55
72 59
73 23
74 76
74 109
74 73
74 92
74 78
74 98
74 88
74 83
74 91
74 77
74 89
75 108
75 101
75 109
78 118
79 57
79 45
81 80
82 121
82 120
83 26
84 114
84 119
84 116
84 108
84 121
84 113
85 121
85 119
86 107
89 57
89 115
89 31
89 53
89 74
89 109
89 58
89 110
90 41
90 36
91 116
92 104
92 86
92 81
93 56
94 11
94 19
94 14
94 25
94 9
94 23
94 17
95 106
97 20
97 18
97 47
97 16
97 17
97 14
97 13
97 29
98 25
98 29
98 37
101 69
104 100
106 30
107 47
107 45
108 35
111 98
112 114
113 55
113 87
113 90
113 72
113 66
113 63
113 64
113 68
113 73
115 107
116 20
116 22
116 23
116 25
116 26
116 19
116 40
116 28
120 27
120 42
120 33
120 35
122 94
1 46
1 47
1 40
1 42
1 44
1 39
1 31
2 73
4 28
4 81
4 44
4 31
4 11
6 30
6 37
10 119
11 46
11 52
11 36
11 54
11 29
11 42
11 48
11 56
12 111
13 8
15 23
15 50
15 21
15 20
15 27
15 6
15 10
15 25
15 38
15 8
15 19
15 9
15 12
15 24
15 28
15 7
15 17
15 11
17 102
18 81
18 95
19 40
19 55
20 31
20 33
20 32
21 119
22 109
22 110
22 103
22 100
23 105
23 81
23 90
23 93
25 41
26 76
26 47
31 8
31 6
31 9
31 12
31 10
32 87
32 99
34 33
36 75
36 58
36 102
36 103
36 25
37 96
39 19
40 10
40 9
40 7
41 101
42 121
43 35
43 33
44 60
47 53
47 50
47 51
50 78
50 89
51 33
51 28
51 41
51 61
51 82
51 35
51 36
51 27
51 38
51 86
52 59
52 60
54 49
55 9
55 19
55 13
56 2
58 51
58 83
59 50
59 67
61 50
62 90
64 100
65 83
65 104
65 95
65 77
66 40
66 29
66 28
66 25
67 119
67 114
67 117
67 118
67 120
69 102
69 71
69 105
69 97
69 99
69 55
69 100
69 92
69 101
69 103
69 76
69 93
69 96
69 104
71 119
72 121
73 79
73 78
75 33
77 34
77 33
79 88
81 117
82 88
82 42
82 97
82 90
82 84
82 81
82 100
82 94
82 95
83 82
93 48
93 58
95 38
95 41
97 28
97 8
97 10
97 11
97 7
97 9
97 5
101 57
103 101
103 102
103 98
103 85
103 88
103 89
103 91
103 90
103 100
103 92
103 84
103 96
104 96
104 95
104 92
105 107
105 97
105 101
105 117
105 100
107 58
110 26
111 121
112 21
113 74
113 53
113 59
114 112
114 102
114 85
114 93
115 118
116 61
117 23
117 24
117 38
118 75
119 103
1 113
2 5
2 4
2 8
2 7
9 23
9 22
9 27
9 20
9 28
9 21
9 15
9 25
9 16
10 64
10 47
10 71
10 63
11 118
11 75
11 94
11 103
11 77
11 109
11 102
11 76
11 105
11 86
11 82
11 91
11 110
13 83
13 70
14 28
15 85
16 42
16 41
16 40
17 112
19 80
20 120
20 116
20 119
21 25
21 28
21 53
21 58
22 106
22 114
22 98
22 111
22 113
22 101
23 41
23 51
23 40
23 42
23 31
23 50
23 27
23 30
23 32
24 73
27 99
27 93
28 6
28 8
28 26
28 69
28 15
28 2
28 11
28 20
29 88
32 120
33 116
33 98
34 121
34 119
35 10
35 13
35 14
35 30
36 98
37 120
37 122
38 90
38 83
38 87
39 113
41 119
42 99
42 94
42 83
42 90
42 96
42 73
42 79
43 121
43 120
44 89
44 47
52 38
52 68
54 104
56 40
56 42
56 38
56 30
56 34
56 31
57 19
58 122
58 108
58 121
60 51
60 32
61 5
61 20
61 18
61 26
61 25
61 27
64 22
64 14
64 76
64 17
65 10
65 20
65 8
65 11
65 5
65 9
65 13
65 7
65 16
65 22
67 111
67 116
67 109
67 101
68 116
69 13
69 20
69 16
69 14
69 15
69 98
69 31
69 36
69 12
72 92
74 71
75 39
75 43
76 22
76 31
77 96
80 110
83 120
84 98
84 93
84 99
84 97
84 95
84 96
85 20
86 115
86 118
86 113
89 121
89 118
89 117
89 120
91 86
92 37
92 38
94 106
94 105
94 103
94 104
94 98
94 90
94 101
97 92
97 90
99 79
101 6
101 10
101 14
101 15
101 9
102 118
102 114
102 110
103 10
103 7
103 6
103 12
103 8
103 3
104 69
104 68
104 73
104 47
104 72
104 86
104 71
104 78
104 48
104 74
106 12
106 19
107 40
111 117
112 91
112 83
112 107
112 71
112 104
113 38
113 34
113 35
114 16
115 111
116 119
117 60
117 7
117 8
117 4
117 15
118 76
118 85
118 62
121 26
1 109
1 104
2 35
3 82
5 107
7 26
7 23
7 25
7 24
7 30
8 83
10 98
11 112
11 89
12 94
12 104
13 109
17 121
17 94
17 119
17 116
17 111
17 113
17 108
17 107
17 118
17 117
17 120
18 16
18 13
18 12
18 21
19 115
19 90
19 121
19 101
19 104
23 103
23 94
24 40
25 19
25 5
25 18
25 21
25 12
25 9
25 22
28 17
30 68
31 121
32 117
32 115
32 114
33 21
33 97
34 117
34 115
34 109
34 113
35 16
36 114
36 112
36 115
36 110
37 116
38 113
38 110
38 106
38 107
38 111
38 109
42 54
42 67
43 119
47 73
49 51
50 62
51 109
51 117
51 112
53 109
56 27
56 41
56 26
56 35
56 37
56 28
56 21
56 32
56 20
59 42
59 43
59 23
59 21
59 29
61 97
63 45
66 78
67 86
67 87
67 83
70 29
70 18
70 30
70 45
70 21
70 76
70 31
70 87
70 27
71 63
71 67
73 16
73 18
73 4
73 19
73 13
73 7
73 12
73 9
73 6
75 37
75 49
76 46
78 66
78 73
78 65
78 69
79 68
80 26
80 25
80 24
80 22
80 21
80 20
81 87
86 65
86 61
87 67
91 36
91 43
91 58
91 57
91 41
91 35
91 46
94 107
94 108
94 109
95 93
95 88
96 22
104 110
104 97
105 35
105 39
106 94
106 100
106 104
106 97
106 90
106 99
106 93
106 96
108 25
108 28
108 27
110 79
110 78
110 83
110 22
110 77
110 21
110 74
110 76
112 111
112 121
112 120
112 109
113 99
113 103
113 109
113 104
113 102
114 94
114 82
114 96
114 99
116 32
116 41
118 17
118 16
120 36
120 2
120 12
120 7
120 4
120 37
120 6
120 15
120 8
120 5
120 28
121 112
121 104
121 113
122 107
122 104
122 89
122 102
122 110
122 108
2 118
2 122
6 88
8 99
8 93
9 88
10 30
11 90
11 96
12 112
13 36
14 47
19 72
20 115
22 65
24 27
24 36
25 117
25 119
25 116
25 120
27 106
29 3
29 4
29 2
29 6
31 20
31 68
31 63
31 28
31 29
31 49
31 53
31 27
31 57
31 33
31 25
31 19
31 22
31 26
31 30
31 13
32 10
32 3
32 4
36 120
36 119
36 118
37 121
37 119
38 108
38 105
38 100
38 96
38 89
39 102
39 98
39 97
39 101
41 13
41 11
41 21
41 14
41 12
41 9
41 20
41 10
41 18
41 17
41 15
44 20
46 101
47 78
47 83
47 63
47 59
47 88
48 20
48 23
48 21
49 109
50 119
54 119
56 16
56 29
56 13
57 117
61 114
62 5
62 3
62 2
63 116
67 76
67 115
67 82
67 113
67 88
67 80
67 74
69 106
69 109
69 113
69 115
69 107
70 28
71 117
72 42
72 52
72 49
72 44
72 47
72 53
72 48
72 43
74 116
74 93
74 87
75 102
75 93
75 92
75 100
75 56
75 91
75 89
75 40
77 35
77 36
77 53
77 55
78 55
78 56
78 50
78 47
79 105
79 97
79 93
79 83
80 119
80 121
83 75
86 77
88 52
88 43
88 31
88 55
88 78
88 33
88 17
88 41
88 59
88 51
88 19
88 76
88 29
88 50
88 49
88 53
88 22
89 39
93 59
95 67
105 102
105 112
105 104
105 108
106 120
106 101
106 119
108 12
108 11
110 98
114 120
121 73
2 23
2 42
2 19
2 17
2 16
2 67
2 27
2 22
2 18
2 43
6 25
6 32
9 19
9 18
9 24
9 4
9 7
9 5
11 55
11 69
11 73
11 65
11 63
11 44
11 61
11 47
11 43
11 70
11 66
11 67
13 50
13 52
13 43
13 45
13 41
13 54
13 42
13 44
14 102
14 112
14 109
18 48
18 61
19 33
21 88
21 102
22 85
22 87
22 82
22 83
32 68
32 84
32 67
32 63
32 86
35 117
37 99
37 94
38 59
39 12
42 34
46 90
47 93
47 90
47 92
47 114
47 103
47 113
47 116
47 104
47 108
48 28
50 59
50 72
51 40
51 39
57 96
57 77
58 29
63 5
63 18
63 20
63 8
63 6
63 19
63 10
63 9
63 22
63 13
64 116
64 118
64 115
67 75
67 92
67 77
68 19
70 91
70 96
70 85
70 88
74 90
74 72
74 80
74 58
77 29
77 27
77 26
77 31
77 30
77 28
78 122
80 29
80 27
81 92
84 22
84 25
85 33
85 2
85 12
85 36
85 31
85 34
85 9
85 10
85 1
85 5
85 16
85 27
87 20
87 22
88 56
88 104
88 101
88 117
88 115
88 64
88 113
88 118
88 100
88 105
88 54
89 116
90 47
90 31
91 17
91 20
91 19
95 7
95 9
96 11
96 18
96 9
100 118
102 35
104 14
104 12
104 17
104 23
104 34
104 32
104 40
105 96
105 103
106 95
106 92
106 98
106 105
107 15
107 17
107 8
107 5
107 13
107 6
107 7
107 14
107 19
108 16
112 76
118 58
1 107
2 47
7 50
7 75
7 79
8 110
9 114
10 18
10 16
10 15
10 25
10 14
10 22
10 20
11 60
11 81
11 79
11 80
11 68
11 78
11 64
11 83
13 28
14 7
14 6
14 8
15 104
15 120
15 119
15 113
17 114
17 86
17 92
18 51
18 59
21 120
22 119
23 13
25 92
25 85
27 20
29 99
29 101
30 87
30 92
30 89
30 95
30 85
30 93
30 86
30 91
31 72
31 73
32 122
36 24
36 20
36 21
36 19
38 7
38 18
39 27
39 55
39 107
39 23
39 31
39 58
39 26
39 25
39 61
39 99
39 29
40 54
42 93
42 91
47 19
47 18
47 25
47 23
47 17
48 16
48 17
48 15
48 18
48 25
49 97
51 32
51 25
51 37
53 41
53 50
53 47
53 45
53 37
53 40
53 48
54 105
58 119
64 110
65 120
65 121
66 119
66 120
66 117
67 81
72 103
72 102
72 101
72 104
76 15
80 82
80 30
80 66
80 28
80 65
80 75
80 73
83 35
83 30
86 15
86 5
86 17
86 75
86 22
86 10
86 79
86 6
90 78
92 27
92 23
92 75
93 68
94 24
95 70
96 8
96 10
97 102
97 115
97 108
97 111
100 30
100 15
100 25
100 13
100 22
100 23
100 41
100 16
100 29
100 21
100 31
101 43
101 36
102 22
103 59
103 52
103 76
103 44
103 63
103 49
103 38
103 67
103 69
103 55
103 60
103 62
105 2
105 21
105 3
105 15
105 4
105 8
105 6
109 119
110 16
110 19
110 15
110 17
110 14
111 18
113 52
113 51
113 42
113 37
118 18
118 6
119 90
120 116
120 103
121 62
121 67
2 14
2 6
2 46
2 40
2 13
3 12
4 115
4 121
4 120
4 122
5 34
7 72
7 74
11 59
11 57
11 84
17 100
17 109
27 44
27 39
29 112
29 109
29 119
29 110
29 116
31 98
31 112
31 90
32 60
32 74
32 66
33 17
33 22
35 18
37 101
37 105
39 32
41 16
41 24
44 105
44 94
44 108
58 19
58 15
58 20
58 12
58 16
58 13
58 14
58 17
61 117
61 115
61 119
61 118
62 121
64 107
64 85
67 70
70 10
70 9
70 8
70 14
70 6
70 17
71 121
72 82
72 87
72 84
72 89
72 83
72 86
72 78
72 79
72 76
72 91
72 77
76 110
77 94
81 6
81 5
81 8
81 9
81 7
85 32
90 44
90 25
90 51
90 24
90 19
90 20
90 26
90 21
90 18
90 22
94 111
94 121
94 100
94 110
94 115
94 113
94 116
94 118
94 120
94 119
95 98
95 82
99 106
99 97
100 108
101 44
105 5
110 105
110 103
110 106
110 107
111 118
111 116
111 120
113 106
113 115
113 101
121 119
121 120
121 106
121 117
1 51
1 53
1 50
1 48
1 49
1 52
1 61
3 15
3 47
3 13
3 8
4 37
4 40
8 2
9 79
9 48
10 19
11 121
13 46
16 15
16 14
16 11
23 47
26 13
26 16
27 10
29 120
30 90
30 81
30 94
30 99
30 88
32 65
32 85
32 26
32 61
32 31
32 25
32 35
32 62
33 11
35 120
36 111
38 122
38 120
41 107
44 34
45 15
45 6
45 9
45 5
45 14
47 91
47 89
49 5
49 1
49 4
52 50
54 47
59 71
61 49
61 45
61 54
61 47
62 25
62 23
63 67
65 97
65 106
66 42
66 49
66 38
67 39
67 46
67 40
67 26
67 63
67 27
67 25
67 41
68 4
68 1
69 108
70 12
70 7
72 93
72 99
72 100
76 26
76 18
76 19
76 21
77 32
77 21
77 20
78 60
78 61
78 42
78 32
78 58
82 110
82 109
82 115
82 113
82 112
84 18
84 17
85 98
86 116
92 28
92 39
96 6
96 20
96 4
96 37
99 7
100 7
100 14
100 20
100 9
100 12
100 19
100 18
100 8
100 11
103 82
103 83
104 10
108 101
110 7
110 18
110 12
110 5
110 13
110 6
110 11
110 4
110 10
110 8
115 26
117 73
121 111
121 89
121 92
122 6
122 7
122 9
122 12
1 57
1 59
1 45
1 55
1 54
7 83
13 53
14 113
14 111
14 110
14 114
14 108
15 39
15 22
17 110
17 19
19 97
22 117
23 112
23 92
25 118
25 115
29 95
29 94
29 98
35 56
35 60
35 24
35 55
37 21
37 27
37 18
37 22
37 23
37 29
37 32
41 122
42 82
42 86
44 118
44 117
47 44
49 28
58 7
59 36
62 70
64 6
64 3
66 115
66 113
74 62
75 17
75 19
75 18
75 15
78 70
78 116
80 23
80 74
80 35
80 32
80 46
81 101
81 98
81 109
85 45
85 23
91 38
91 23
91 24
91 16
100 109
103 48
103 58
103 61
103 56
104 39
104 41
104 51
105 120
105 121
105 122
115 55
116 84
118 107
1 68
1 66
3 9
5 17
5 20
5 28
5 19
5 8
5 48
5 10
5 11
5 16
5 2
5 24
5 15
5 9
5 13
5 12
5 14
8 10
8 7
8 11
9 62
11 58
12 18
17 89
20 19
20 24
20 34
20 36
20 28
20 30
20 37
20 27
20 48
20 29
24 17
24 21
24 13
27 30
38 25
42 107
42 109
44 25
47 118
48 110
48 119
52 26
52 28
52 22
52 21
53 121
57 120
59 107
61 29
61 24
66 30
66 44
66 41
66 34
69 110
71 25
71 31
71 26
71 49
72 70
72 66
72 80
72 71
73 109
74 22
74 18
74 25
74 34
74 19
74 21
74 20
74 23
74 28
74 16
74 26
74 29
77 64
78 71
78 63
78 57
79 98
80 38
82 101
82 106
82 104
85 102
85 63
85 94
85 115
85 65
85 103
88 103
89 122
92 30
92 4
92 14
92 5
94 66
97 12
102 111
102 113
105 17
105 7
106 6
106 11
106 9
106 7
106 10
109 34
109 16
109 23
114 109
114 81
117 119
117 108
118 37
118 42
119 3
119 5
119 2
119 4
2 49
2 44
5 121
5 122
6 35
7 33
7 57
7 35
7 34
7 31
9 33
9 30
13 25
15 114
16 21
20 53
25 8
25 2
27 84
28 121
29 39
31 59
31 56
32 119
32 113
32 110
34 53
34 54
34 88
35 59
35 58
40 52
40 39
42 31
47 115
47 97
51 111
51 118
51 116
51 107
52 5
52 6
57 104
60 9
60 52
60 10
60 14
60 15
60 21
61 30
61 34
61 36
61 32
61 35
61 23
61 13
61 14
61 31
64 8
68 28
68 82
68 38
68 29
69 24
72 36
72 34
72 33
82 3
82 7
82 4
90 17
90 14
90 15
90 16
91 64
94 15
94 16
94 29
95 23
95 24
97 118
97 119
97 117
106 116
111 119
113 116
113 119
113 120
113 118
115 16
120 94
120 90
122 118
122 114
122 112
122 115
122 109
122 119
122 113
5 18
5 21
5 22
9 112
9 97
11 62
15 26
15 14
20 46
20 35
21 7
21 15
21 10
21 3
21 13
21 4
21 24
21 1
21 2
21 6
21 9
21 5
23 7
23 6
23 5
25 102
28 3
28 4
31 21
32 75
34 52
35 119
35 57
35 54
36 8
36 26
36 16
36 22
36 18
36 12
36 10
36 13
36 9
36 23
36 17
36 7
36 11
38 52
40 116
40 114
41 23
44 112
44 106
48 4
48 13
48 5
48 19
48 22
48 11
48 10
48 14
48 7
55 4
55 7
55 18
55 8
55 2
56 80
56 82
60 3
60 7
60 6
60 4
68 48
69 116
72 60
72 58
73 53
73 17
94 5
94 3
94 6
94 4
95 120
98 58
100 55
102 13
102 18
102 15
103 106
103 86
103 74
103 97
108 5
108 4
108 3
108 2
112 119
112 122
112 117
113 93
113 98
118 49
118 108
122 116
1 5
7 73
8 28
14 1
30 6
31 83
32 17
32 22
32 19
32 51
32 16
34 18
38 84
40 120
42 8
42 4
42 11
42 47
42 6
42 7
42 5
42 14
42 22
42 12
42 15
43 9
43 17
46 114
47 82
47 84
47 69
47 30
50 52
51 105
51 104
51 121
51 122
51 106
66 43
67 38
67 37
70 109
73 112
77 1
77 23
77 16
77 6
77 7
77 3
77 5
77 10
77 8
78 22
78 26
78 28
85 99
85 38
87 122
87 119
89 30
90 23
91 7
91 8
91 13
91 14
91 9
91 11
91 15
91 18
94 59
94 102
95 105
95 118
99 19
100 81
100 47
103 81
103 57
105 30
105 26
105 42
105 32
109 54
109 28
113 67
121 13
3 122
6 16
6 9
6 15
6 12
6 14
31 24
31 34
31 54
31 48
32 108
37 98
39 122
40 15
45 120
46 117
46 111
51 103
61 38
61 37
61 39
61 43
66 91
68 94
70 13
71 8
71 4
71 44
71 18
71 14
71 3
71 1
71 16
71 11
72 81
72 85
72 88
75 24
82 96
82 89
82 98
82 91
82 99
85 116
85 118
85 110
88 99
88 114
88 112
89 5
89 3
89 7
89 2
89 6
91 3
91 12
91 31
91 5
91 2
91 59
91 6
91 69
92 122
92 121
95 83
98 38
98 33
100 10
100 6
100 24
102 121
102 122
103 109
103 112
109 71
113 47
114 117
114 122
115 117
121 91
8 82
9 74
12 7
12 11
12 10
12 9
12 8
17 4
17 22
19 31
22 7
22 4
22 3
22 6
26 9
32 11
32 13
32 5
33 122
33 120
36 15
36 6
36 14
37 44
38 29
48 3
48 6
53 42
54 106
54 107
54 108
55 23
55 6
55 36
61 116
68 35
68 33
68 43
79 77
80 92
80 18
98 101
99 15
101 120
106 32
107 10
107 20
107 9
111 62
111 58
111 61
111 51
113 117
121 116
121 115
122 11
122 10
7 117
8 119
8 120
8 115
8 118
8 112
11 120
16 6
16 3
16 13
16 9
16 7
16 10
20 6
20 9
20 8
20 4
20 3
20 13
20 5
20 14
21 112
24 121
25 114
31 15
31 7
31 4
31 5
32 118
34 13
34 4
34 1
34 8
34 11
34 17
34 3
34 14
35 116
38 69
40 113
45 17
45 34
45 36
45 23
47 13
52 13
52 7
58 4
58 8
58 6
58 9
59 12
59 18
59 17
59 13
59 14
59 16
61 120
72 97
72 98
78 30
80 102
80 97
84 43
85 8
