111 295
1 2
2 3
3 4
4 5
5 6
6 7
7 8
8 9
9 10
10 11
11 12
12 13
13 14
14 15
15 16
16 17
17 18
18 19
19 20
20 21
21 22
22 23
23 24
24 25
25 26
26 27
27 28
28 29
29 30
30 31
31 32
32 33
33 34
34 35
35 36
36 37
37 38
38 39
39 40
40 41
41 42
42 43
43 44
44 45
45 46
46 47
47 48
48 49
49 50
50 51
51 52
52 53
53 54
54 55
55 56
56 57
57 58
58 59
59 60
60 61
61 62
62 63
63 64
64 65
65 66
66 67
67 68
68 69
69 70
70 71
71 72
72 73
73 74
74 75
75 76
76 77
77 78
78 79
79 80
80 81
81 82
82 83
83 84
84 85
85 86
86 87
87 88
88 89
89 90
90 91
91 92
92 93
93 94
94 95
95 96
96 97
97 98
98 99
99 100
100 101
101 102
102 103
103 104
104 105
105 106
106 107
107 108
108 109
109 110
110 111
111 1
1 51
1 50
1 52
2 65
2 58
2 30
2 40
2 59
2 35
2 48
2 42
2 54
2 31
2 52
2 37
2 27
2 47
2 55
2 44
2 53
2 51
2 41
2 38
2 60
2 56
2 46
2 32
2 33
2 50
3 26
3 20
3 25
3 22
3 23
4 38
4 35
4 54
4 49
4 42
4 46
4 34
4 36
4 47
4 43
4 29
4 30
4 31
4 53
4 32
4 33
4 39
5 39
5 38
5 31
5 35
5 43
5 36
5 30
5 29
5 33
5 41
6 49
6 64
6 72
6 69
6 43
6 39
6 51
6 61
6 46
6 54
6 57
6 73
6 58
6 63
6 48
6 56
6 47
6 55
6 74
6 68
6 52
6 53
8 6
8 12
8 13
8 11
9 37
9 63
9 36
9 71
9 78
9 26
9 55
9 46
9 49
9 89
9 38
9 68
9 48
9 84
9 82
9 23
9 72
9 47
9 33
9 74
9 86
9 73
9 85
9 34
9 39
9 58
9 35
9 56
9 70
9 51
9 45
9 24
9 50
9 44
9 28
9 66
9 29
9 43
9 40
9 30
9 87
9 27
9 41
9 60
9 88
9 64
9 65
10 17
10 44
10 28
10 70
10 22
10 72
10 83
10 79
10 75
10 16
10 85
10 7
10 90
10 21
10 68
10 18
10 13
10 36
10 9
10 15
10 46
10 69
10 60
10 27
10 71
10 87
10 33
10 78
10 55
10 95
10 20
10 96
10 73
10 51
10 98
10 92
10 25
10 94
10 84
10 47
10 43
10 74
10 12
10 80
10 62
10 30
10 8
10 37
10 88
10 34
