78 3376
1 2
2 3
3 4
4 5
5 6
6 7
7 8
8 9
9 10
10 11
11 12
12 13
13 14
14 15
15 16
16 17
17 18
18 19
19 20
20 21
21 22
22 23
23 24
24 25
25 26
26 27
27 28
28 29
29 30
30 31
31 32
32 33
33 34
34 35
35 36
36 37
37 38
38 39
39 40
40 41
41 42
42 43
43 44
44 45
45 46
46 47
47 48
48 49
49 50
50 51
51 52
52 53
53 54
54 55
55 56
56 57
57 58
58 59
59 60
60 61
61 62
62 63
63 64
64 65
65 66
66 67
67 68
68 69
69 70
70 71
71 72
72 73
73 74
74 75
75 76
76 77
77 78
78 1
1 77
2 43
2 40
2 39
3 76
3 68
3 63
3 67
3 75
3 66
3 70
3 71
3 64
4 14
4 26
4 43
4 45
4 66
4 32
4 29
4 53
4 35
4 24
4 25
4 61
4 48
4 57
4 42
4 37
4 28
4 11
4 22
4 13
4 31
4 38
4 20
4 23
4 63
4 34
4 47
4 15
4 16
4 27
4 36
4 41
4 64
4 51
5 17
5 15
5 19
5 16
5 20
5 18
6 27
6 28
6 42
6 66
6 26
6 62
6 33
6 20
6 36
6 51
6 64
6 34
6 30
6 21
6 31
6 73
6 17
6 52
6 23
6 24
6 67
6 59
6 70
6 32
6 49
6 29
6 45
6 68
6 63
6 38
6 25
6 58
6 16
6 55
6 54
6 47
6 57
6 56
6 65
7 15
7 10
7 16
7 11
7 9
8 42
8 41
8 44
8 40
8 38
9 22
9 21
10 39
10 45
10 47
10 50
10 43
10 46
10 49
10 42
11 73
11 71
11 69
11 72
11 70
11 74
12 20
12 54
12 34
12 18
12 60
12 19
12 14
12 52
12 29
12 35
12 43
12 55
12 9
12 39
12 28
12 58
12 41
12 36
12 30
12 42
12 11
12 44
12 45
12 46
12 24
12 15
12 40
12 51
12 47
14 58
15 17
15 52
15 34
15 25
15 53
15 63
15 41
15 27
15 47
15 33
15 40
15 57
15 74
15 66
15 65
15 70
15 29
15 46
15 49
15 22
15 69
15 73
15 44
15 39
15 43
15 42
15 61
15 54
15 23
15 21
15 35
15 20
15 71
15 51
15 28
15 58
15 59
15 38
15 32
15 19
15 55
17 25
18 43
18 17
18 33
18 31
18 52
18 39
18 48
18 49
18 34
18 26
18 40
18 47
18 51
18 36
18 32
18 21
18 44
18 30
18 25
18 28
18 20
18 23
18 24
18 35
19 43
19 53
19 46
19 47
19 21
19 30
19 42
19 34
19 38
19 36
19 29
19 39
19 33
19 48
19 32
19 27
19 55
19 25
19 35
19 49
19 26
19 44
20 23
20 35
20 37
20 52
20 31
20 45
20 27
20 26
20 39
20 29
20 32
20 42
20 49
20 41
20 43
20 50
20 40
20 44
20 34
20 28
20 47
20 48
20 33
21 51
21 48
21 50
21 52
21 46
22 55
23 77
23 76
24 30
25 31
25 23
25 28
25 30
25 24
25 21
25 20
25 34
25 29
26 57
26 52
26 43
26 54
26 53
26 51
26 47
26 49
26 42
26 45
27 49
27 56
27 46
27 47
27 43
27 52
27 53
27 55
27 57
27 45
27 44
28 54
28 59
28 68
28 70
28 62
28 51
28 69
28 61
28 65
28 53
28 50
28 57
29 69
29 61
29 64
29 52
29 53
29 70
29 71
29 55
29 58
29 49
29 66
29 54
29 63
29 50
29 51
30 33
30 34
31 45
31 46
31 41
31 43
32 19
33 76
33 77
34 73
34 71
35 33
35 31
35 32
36 69
36 73
36 71
36 75
36 77
36 78
36 76
36 70
36 68
37 69
37 73
37 67
37 72
37 66
37 74
38 49
38 47
39 66
39 70
39 65
39 59
39 64
39 63
39 67
40 21
40 15
40 7
40 32
40 27
40 6
40 20
40 9
40 28
40 36
40 24
40 29
40 14
40 12
40 17
40 31
40 33
40 13
40 25
40 34
40 8
40 16
41 40
41 39
41 43
42 41
42 32
42 29
42 36
42 34
42 26
42 40
42 27
42 39
43 31
43 29
43 28
43 32
43 33
43 27
44 54
44 57
44 55
44 56
45 67
45 69
46 75
46 74
46 72
46 73
47 67
47 66
48 56
48 58
48 68
48 67
48 62
48 57
48 65
48 60
48 71
48 61
48 73
48 59
48 64
49 56
49 58
49 61
49 53
49 63
49 60
50 18
50 22
50 25
50 23
50 12
50 24
50 15
50 13
51 61
51 67
51 71
51 58
51 65
51 66
51 70
51 63
51 68
51 56
51 69
51 64
52 2
54 34
54 33
54 35
55 24
55 28
55 33
55 31
55 22
55 35
55 30
55 29
55 25
55 23
55 37
55 21
55 38
55 39
55 27
55 26
56 18
56 36
56 39
56 51
56 43
56 50
56 37
56 24
56 49
56 30
56 47
56 52
56 26
56 25
56 40
56 44
56 55
56 28
56 20
56 48
56 31
56 34
56 21
56 46
57 31
57 32
57 47
57 30
57 40
57 44
57 28
57 29
57 33
57 34
57 50
57 48
57 49
58 57
58 60
59 34
59 33
59 31
60 51
60 49
60 48
61 37
61 41
61 43
61 39
61 47
61 30
61 45
61 49
61 29
61 31
61 42
61 32
61 48
61 35
61 40
61 34
62 72
62 70
62 61
62 54
62 66
62 73
62 76
62 77
62 78
62 57
62 56
62 53
62 51
62 74
62 59
62 50
62 68
62 67
63 31
63 29
64 49
64 38
64 48
64 46
64 43
64 42
64 40
64 47
65 47
65 50
65 40
65 49
65 43
65 51
65 44
65 38
65 42
65 48
65 46
66 72
66 71
66 75
66 73
66 74
66 76
67 60
68 74
69 59
69 58
69 66
69 46
69 63
69 51
69 47
69 50
69 57
69 53
69 45
69 37
69 41
69 62
69 40
69 49
69 60
69 43
70 72
70 66
70 74
71 62
71 69
71 61
71 60
71 67
71 64
71 66
71 63
72 62
74 56
74 51
74 50
74 55
74 47
74 52
76 37
76 29
76 31
76 33
76 36
76 32
76 39
76 34
77 49
77 47
77 46
77 55
77 42
77 58
77 59
77 40
77 53
77 65
77 69
77 74
77 64
77 66
77 71
77 56
77 50
77 45
77 67
77 63
78 52
1 74
1 62
1 71
1 63
1 72
1 69
1 65
1 75
1 70
1 61
1 58
2 13
3 39
3 22
3 23
3 21
3 32
3 30
3 27
3 28
3 20
3 35
3 29
3 34
3 33
4 6
5 48
5 41
5 46
5 38
5 40
5 39
5 49
5 45
5 50
6 22
6 19
8 64
8 67
8 76
8 62
8 47
8 68
8 65
8 69
8 59
8 72
8 66
8 50
8 73
8 74
8 70
8 55
8 60
8 58
9 65
9 66
11 56
11 55
13 52
13 41
13 48
13 61
13 53
13 20
13 37
13 60
13 47
13 62
13 38
13 28
13 65
13 54
13 46
13 40
13 64
13 44
13 22
13 24
13 56
13 33
13 29
13 21
13 63
13 42
13 32
13 39
13 26
13 58
13 59
14 66
14 64
14 63
16 54
16 64
16 57
16 47
16 51
16 48
16 69
16 46
16 60
16 43
16 61
16 58
16 52
16 66
16 53
16 56
16 68
16 62
16 44
16 59
18 61
18 45
18 50
18 55
18 54
18 60
18 41
18 65
18 66
18 73
18 46
18 56
18 63
18 69
18 68
18 53
18 72
19 66
19 62
19 72
19 54
19 64
19 41
19 45
19 59
19 58
19 69
19 40
19 50
19 61
19 71
19 51
19 68
19 70
19 75
22 32
22 40
22 52
22 54
22 33
22 36
22 48
22 21
22 30
22 38
22 37
22 49
22 41
22 35
22 26
22 43
22 27
22 46
22 28
22 45
23 37
23 45
23 49
23 43
23 66
23 67
23 57
23 70
23 40
23 36
23 69
23 51
23 52
23 35
23 41
23 42
23 56
23 39
23 44
23 34
23 61
23 55
23 58
23 54
23 50
24 64
24 65
24 61
24 69
24 67
24 71
24 55
24 77
24 63
24 75
24 66
24 58
24 60
24 68
24 54
24 53
24 62
24 70
24 78
26 29
26 33
26 34
27 64
27 62
28 36
28 21
28 40
28 22
28 31
28 42
28 33
28 52
28 55
28 16
28 23
28 24
28 45
28 46
28 34
28 49
28 18
28 48
28 44
28 35
28 32
28 26
28 30
28 47
30 18
30 26
30 28
30 25
30 29
30 27
30 20
30 19
30 32
30 23
30 22
30 24
31 38
32 64
32 63
32 69
32 71
32 68
33 20
33 16
33 14
33 23
33 21
33 25
33 19
34 39
34 40
34 42
34 31
34 32
34 36
34 37
35 71
35 74
35 72
37 49
37 51
37 46
37 58
37 59
37 43
37 64
37 52
37 63
37 56
37 45
37 61
37 53
37 68
37 44
37 60
37 71
37 62
37 47
37 48
37 41
38 42
38 43
38 51
38 46
38 48
38 41
39 62
39 50
39 51
39 49
39 52
39 60
39 57
40 57
40 35
40 58
40 62
40 56
40 39
40 49
40 23
40 59
40 45
40 38
40 46
40 19
40 51
40 60
40 53
40 18
40 42
40 54
40 10
40 47
40 55
40 50
40 43
40 44
41 36
41 38
41 27
41 28
41 23
41 37
41 34
41 19
41 29
41 26
41 32
41 24
41 25
41 33
42 62
42 60
42 37
42 52
42 59
42 48
42 31
42 53
42 56
42 46
42 63
42 28
42 44
42 33
42 66
42 65
42 57
42 49
42 50
42 58
42 30
43 42
43 22
43 13
43 21
43 47
43 52
43 12
43 40
43 53
43 48
43 18
43 10
43 46
43 51
43 50
43 15
43 55
43 11
43 45
43 34
43 17
43 19
43 26
43 49
43 41
43 14
43 36
44 41
44 46
45 20
45 19
46 9
46 10
47 16
47 17
48 52
48 50
48 55
49 70
49 76
49 72
49 74
49 78
49 73
50 31
50 27
50 32
50 29
50 28
50 38
50 26
50 37
50 30
51 31
51 34
51 33
52 59
52 61
52 57
52 55
52 56
52 58
53 15
54 36
54 38
54 21
54 22
54 20
54 7
54 10
54 30
54 3
54 1
54 29
54 12
54 5
54 37
54 11
54 8
54 27
54 32
54 2
54 28
54 19
54 26
54 39
54 40
55 76
56 32
57 56
57 59
59 57
59 38
59 53
59 49
59 39
59 42
59 36
59 41
59 28
59 47
59 20
59 54
59 32
59 25
59 51
59 37
59 46
59 55
59 22
59 44
59 19
59 40
59 21
59 30
61 74
61 72
61 71
62 32
62 30
62 28
62 31
62 26
62 33
63 30
63 37
63 42
63 26
63 38
63 33
63 12
63 52
63 54
63 40
63 43
63 47
63 14
63 16
63 35
63 49
63 28
63 48
63 51
64 70
64 68
65 69
65 75
65 71
65 64
65 67
66 64
66 61
66 59
66 60
66 62
67 59
67 61
67 57
68 63
68 61
68 62
69 75
69 76
69 71
69 74
69 73
70 69
70 64
70 68
70 61
70 75
70 77
71 53
72 20
72 21
73 65
73 71
73 75
73 76
73 66
73 72
74 48
75 44
75 43
75 39
75 23
75 32
75 27
75 29
75 30
75 41
75 40
75 42
75 38
75 25
76 30
76 38
76 35
76 43
76 41
76 42
77 37
77 43
77 38
77 41
77 34
78 35
78 23
78 45
78 61
78 48
78 32
78 26
78 54
78 49
78 27
78 58
78 42
78 50
78 29
78 46
78 57
78 43
78 53
78 31
78 28
78 24
78 40
78 51
78 37
2 25
2 24
3 2
4 18
4 17
5 72
5 71
5 75
5 73
5 77
6 53
6 69
6 61
8 56
8 61
8 57
9 31
9 37
9 35
9 36
9 30
10 5
10 7
10 9
11 32
11 30
11 31
11 37
14 27
14 29
14 24
14 30
14 25
14 23
14 22
15 67
15 75
15 62
15 60
15 72
16 63
17 21
17 19
17 16
17 24
17 23
17 14
17 10
17 12
17 13
17 20
20 55
20 53
20 68
20 57
20 67
20 63
20 59
20 54
20 56
20 58
20 64
20 51
20 65
20 61
22 72
22 47
22 44
22 57
22 63
22 58
22 42
22 74
22 62
22 68
22 71
22 65
22 60
22 50
22 76
22 75
22 66
22 51
22 53
23 20
23 14
23 10
23 17
23 25
23 12
23 18
24 46
24 72
24 56
24 45
24 59
24 50
24 73
25 57
25 61
25 59
25 60
26 55
27 6
27 5
27 8
28 77
29 47
29 44
29 45
29 37
29 33
29 28
29 35
29 46
29 38
29 34
29 31
29 42
29 40
29 39
31 42
31 54
31 52
31 51
31 39
31 48
31 47
31 56
31 58
31 49
31 44
32 24
32 25
32 23
32 26
33 62
33 61
33 60
33 56
33 57
34 23
34 21
34 17
34 27
34 16
34 22
34 19
34 25
34 24
36 72
36 74
39 75
39 72
39 74
39 76
39 73
39 69
40 66
40 67
40 68
40 63
40 65
40 69
40 72
41 68
41 62
41 55
41 72
41 58
41 70
41 64
41 74
41 73
41 69
41 67
41 57
42 47
42 67
42 54
42 55
42 61
43 69
44 18
44 17
44 19
44 16
45 38
45 70
45 61
45 43
45 52
45 29
45 68
45 53
45 62
45 39
45 66
45 41
45 73
45 54
45 51
45 72
45 50
45 58
45 40
45 31
45 49
45 47
45 65
45 64
45 36
46 37
46 29
46 33
46 30
46 31
46 35
46 38
46 25
46 32
46 24
46 23
47 30
47 41
47 28
47 27
47 35
47 37
47 36
47 29
47 34
48 66
49 75
49 77
50 7
50 17
50 14
50 20
50 9
50 10
50 21
51 15
51 17
51 23
51 18
51 20
51 24
51 19
51 28
51 21
51 22
52 50
52 51
52 62
52 54
52 49
53 38
54 69
54 66
54 59
54 72
54 62
54 70
54 67
54 73
54 74
54 64
54 61
54 60
55 42
55 34
57 51
57 53
57 61
57 60
58 75
59 23
59 13
59 14
59 16
59 35
59 17
59 27
59 26
60 41
60 31
60 27
60 36
60 34
60 40
60 33
60 42
60 29
61 21
61 18
61 28
61 27
61 23
61 26
61 19
62 22
62 21
62 20
63 10
63 15
63 11
63 9
63 17
64 44
64 51
64 45
64 50
64 41
64 52
64 53
65 23
65 16
65 4
65 13
65 11
65 12
65 18
65 5
65 20
65 27
65 6
65 7
65 15
65 22
65 24
65 8
65 21
65 26
66 33
66 50
66 37
66 52
66 28
66 21
66 20
66 23
66 27
66 17
66 45
66 39
66 6
66 15
66 22
66 7
66 44
66 24
66 35
66 40
66 49
66 32
66 53
66 41
66 8
66 38
66 48
66 29
66 25
66 13
66 31
66 46
66 51
66 55
66 5
66 30
67 4
67 8
67 15
67 13
67 3
67 5
67 14
67 6
67 10
67 11
67 2
68 12
68 10
68 15
68 11
68 13
68 18
69 31
69 26
69 30
69 23
69 28
69 42
69 27
69 36
69 38
69 44
69 25
70 63
70 62
70 73
71 37
71 56
71 54
71 42
71 39
71 47
71 44
71 40
71 46
71 43
71 52
71 41
71 38
71 57
71 36
71 48
71 50
72 16
72 17
72 10
72 23
72 5
72 15
72 18
72 19
72 9
72 7
72 22
73 20
73 24
73 23
73 27
73 26
74 40
74 35
74 13
74 33
74 26
74 19
74 16
74 39
74 29
74 21
74 31
74 30
74 42
74 18
74 11
74 22
74 20
74 24
74 27
74 34
74 17
74 15
74 8
75 69
75 71
75 70
76 44
76 55
76 46
76 48
76 47
76 52
76 40
76 50
77 51
77 57
77 54
77 48
77 68
1 37
1 19
1 20
1 27
1 21
1 16
1 36
1 29
1 41
1 32
1 45
1 8
1 7
1 9
1 43
1 22
1 34
1 44
1 17
1 15
1 39
1 28
1 30
2 27
2 57
2 47
2 56
2 30
2 38
2 53
2 23
2 48
2 37
2 50
2 29
2 49
2 36
2 51
2 46
2 28
3 26
3 24
3 25
4 69
4 76
4 70
4 73
5 27
5 21
5 24
6 4
6 5
6 13
6 10
6 18
6 15
6 9
6 14
6 3
7 20
7 24
7 19
7 13
7 12
7 14
7 23
7 22
9 29
9 59
9 43
9 42
9 56
9 58
9 49
9 54
9 51
9 41
9 60
9 33
9 40
9 48
9 44
9 52
9 39
9 57
9 34
9 53
9 61
9 50
10 67
10 68
10 69
11 47
11 44
11 52
11 49
11 40
11 35
11 61
11 46
11 43
11 38
11 60
11 50
11 42
11 41
11 48
11 62
11 65
11 53
11 29
12 27
13 27
13 25
14 52
14 61
14 46
14 60
14 51
14 53
14 48
14 47
14 55
14 59
14 56
16 75
16 77
17 35
17 58
17 52
17 28
17 37
17 68
17 43
17 41
17 50
17 34
17 45
17 60
17 44
17 69
17 53
17 49
17 36
17 71
17 38
17 26
17 57
17 63
17 51
17 47
17 61
17 70
17 62
17 54
17 40
17 46
17 29
18 11
18 12
18 15
18 27
18 13
18 3
18 9
18 6
19 14
19 16
19 10
19 7
19 24
19 23
19 15
19 18
19 13
20 60
20 30
20 62
20 46
21 65
21 62
21 74
21 69
21 71
21 75
21 64
21 70
21 67
22 56
25 36
25 27
25 55
25 51
25 49
25 44
25 52
25 47
25 42
25 33
25 38
25 48
25 45
25 22
25 58
25 56
25 68
25 46
25 63
25 65
26 14
26 18
26 9
26 17
26 10
26 11
26 19
27 14
27 15
27 17
27 11
29 48
30 6
31 75
31 77
31 74
32 45
32 65
32 49
32 50
32 43
32 57
32 48
32 52
32 51
32 54
32 56
32 62
32 46
32 58
33 9
33 13
33 10
33 17
33 26
33 28
34 66
34 68
34 54
34 57
34 51
34 62
34 52
34 46
34 69
34 45
34 44
34 55
34 43
34 49
34 60
34 67
34 61
34 65
35 15
35 13
35 14
35 17
35 26
35 16
35 8
35 11
35 28
35 12
35 21
35 25
35 24
35 20
36 12
36 14
36 13
36 16
36 17
36 11
37 39
37 35
37 27
37 30
37 32
37 25
37 36
37 26
37 33
38 68
40 74
40 64
40 76
40 75
40 61
40 70
41 52
41 49
41 53
41 56
41 54
42 45
43 65
43 64
43 66
45 48
46 21
46 22
47 72
47 54
47 61
47 58
47 73
47 51
47 49
47 74
47 52
47 70
47 50
47 64
47 71
47 56
47 69
50 34
50 46
50 39
50 47
50 41
50 40
51 78
51 74
51 77
51 76
52 34
52 40
52 48
52 32
52 35
52 33
52 31
52 43
52 36
52 42
52 38
52 44
52 41
52 39
55 46
55 48
55 52
55 51
55 43
55 50
55 49
55 44
56 29
56 33
57 36
58 69
58 68
58 66
58 67
59 67
60 37
60 32
60 38
61 69
62 36
62 40
62 39
64 33
64 32
64 35
64 24
64 34
64 27
65 28
65 9
65 19
65 14
65 25
65 10
66 69
66 70
67 56
67 70
67 71
67 66
67 69
67 64
67 72
67 62
67 55
67 73
68 67
68 72
68 76
68 70
68 73
70 47
70 46
70 49
71 21
71 27
71 33
71 29
71 45
71 23
71 18
71 20
71 30
71 32
71 28
71 34
71 22
71 25
72 34
72 29
72 27
72 13
72 14
72 30
72 25
72 28
72 24
72 11
74 9
74 6
74 12
75 57
75 28
75 37
75 36
75 60
75 61
75 24
75 45
75 50
75 58
75 62
75 52
75 47
75 26
75 51
75 55
75 56
75 46
75 59
75 48
75 34
76 65
76 63
76 56
76 64
76 66
76 54
76 49
78 56
78 72
78 55
78 71
78 44
78 38
78 66
78 62
78 47
78 76
78 63
78 39
78 75
78 70
78 68
78 69
1 35
1 47
1 51
1 52
1 53
1 42
1 49
1 48
1 38
1 50
2 10
2 8
2 9
2 16
2 6
2 15
2 7
4 67
4 74
4 72
4 65
4 68
4 71
5 58
5 55
5 56
5 57
5 53
5 63
5 59
5 61
5 51
6 60
9 32
9 38
10 64
10 66
10 71
10 63
11 45
12 76
12 71
12 72
12 70
12 74
12 73
12 75
13 68
13 70
13 67
13 73
14 77
14 78
15 30
16 73
16 72
16 65
16 76
16 74
16 70
16 71
16 67
18 7
19 65
19 67
19 63
19 60
19 37
19 57
20 73
20 70
20 66
20 74
20 75
20 71
20 72
20 69
21 63
21 72
21 61
21 59
21 68
21 66
22 39
22 34
23 68
23 59
23 64
23 71
23 65
23 73
23 63
26 74
26 75
27 58
27 61
27 63
27 60
27 51
27 48
27 50
29 22
29 19
29 11
29 13
29 12
29 20
29 14
29 15
30 45
30 39
30 36
30 35
30 10
30 15
30 21
30 16
30 37
30 48
30 44
30 42
30 11
30 40
30 12
31 23
31 29
31 36
31 27
31 33
31 35
31 34
31 40
31 37
31 24
31 26
32 67
32 39
32 59
32 42
32 37
32 44
32 47
32 29
32 38
32 28
32 60
32 31
32 40
32 55
32 66
33 49
33 53
33 50
33 46
33 47
33 44
33 55
33 43
33 48
35 50
35 23
35 37
35 5
35 59
35 56
35 38
35 53
35 45
35 43
35 7
35 10
35 27
35 39
35 22
35 49
35 34
35 51
35 57
35 40
35 46
35 42
35 19
35 58
35 18
35 60
35 2
35 47
36 15
36 9
36 20
36 6
36 5
36 21
36 8
37 54
37 29
37 42
37 40
37 55
37 31
37 28
38 34
40 30
40 26
42 35
43 25
43 30
43 23
43 20
44 64
44 68
44 58
44 66
44 69
44 67
44 52
44 53
44 61
44 59
44 63
44 51
45 37
45 34
45 33
45 35
45 32
46 27
46 20
46 6
46 16
46 3
46 26
46 14
46 19
47 53
47 46
48 46
48 42
48 36
48 16
48 38
48 35
48 29
48 27
48 26
48 32
48 47
48 21
48 24
48 34
48 22
48 20
48 44
48 17
48 54
48 37
48 18
48 12
48 40
48 28
48 33
49 68
49 69
49 51
49 37
49 43
49 35
49 46
49 52
49 33
49 41
49 34
49 44
49 39
49 42
49 65
49 66
49 48
49 40
49 64
49 54
49 47
49 59
50 35
50 60
50 36
50 43
50 52
50 55
50 53
50 56
50 45
50 59
50 58
51 49
52 30
52 29
53 33
53 35
54 53
54 51
55 14
55 15
55 12
55 20
55 16
55 19
56 16
56 14
56 15
56 17
56 23
56 22
56 27
57 62
57 65
58 48
58 53
58 49
58 43
58 54
58 46
58 45
58 61
58 44
58 56
58 47
58 51
58 50
60 39
64 55
64 54
64 58
64 57
64 56
65 56
65 59
65 57
65 60
66 19
66 12
66 18
66 10
67 31
67 28
67 34
67 30
67 16
67 19
67 37
67 29
67 18
67 35
67 33
67 24
67 20
67 26
69 33
69 34
69 35
69 39
70 60
70 59
71 10
71 12
71 9
73 42
73 33
73 38
73 34
73 43
73 30
73 36
73 49
73 46
73 25
73 28
73 31
73 32
73 50
74 73
74 70
74 66
74 72
74 65
74 60
74 62
74 63
74 57
74 64
74 58
75 68
75 66
75 77
75 67
75 74
75 73
76 15
77 15
77 11
77 8
77 20
77 19
77 21
77 17
77 16
77 9
77 6
77 7
78 59
78 64
78 60
1 40
2 42
2 44
3 10
3 12
3 13
3 14
3 16
4 19
4 12
4 10
4 21
5 54
5 60
5 32
5 36
5 64
5 29
5 7
5 31
5 34
5 33
5 14
5 9
5 23
5 44
5 35
5 43
5 12
5 30
5 26
5 52
5 47
6 76
6 77
6 75
6 74
6 71
6 72
7 53
7 57
7 55
7 51
7 58
8 77
8 78
9 73
9 69
9 67
9 70
9 64
9 71
10 65
10 53
10 55
10 48
10 57
10 51
10 62
10 56
10 61
10 59
10 52
11 63
11 76
11 78
11 68
11 67
11 66
12 38
14 69
14 71
14 68
14 65
14 72
14 67
15 37
15 48
15 31
15 18
15 64
15 7
15 36
15 10
15 8
15 11
15 12
15 50
15 13
15 5
15 56
15 4
16 55
16 42
16 49
16 39
16 38
16 41
16 35
16 50
16 34
16 40
17 11
17 15
21 76
21 73
22 31
22 18
22 29
22 15
22 19
22 20
22 24
23 30
23 31
23 28
23 27
23 26
23 38
24 49
24 48
26 48
26 46
27 76
27 75
27 78
28 75
28 78
29 75
29 76
30 17
31 18
31 11
31 20
31 9
31 19
31 16
31 15
31 13
31 10
33 36
33 37
33 42
33 39
34 75
37 50
38 36
38 31
38 37
38 32
38 33
39 56
39 41
39 47
39 38
39 44
39 37
39 53
39 54
40 22
41 65
41 76
41 61
41 44
41 60
41 51
41 63
41 78
41 48
41 46
41 47
41 77
41 71
42 64
43 63
43 56
43 62
43 39
43 35
43 37
43 54
43 67
43 60
43 38
43 68
43 58
46 68
46 69
53 46
53 51
53 49
53 45
53 41
53 50
53 43
53 42
53 55
53 48
53 44
53 56
53 39
54 75
55 53
55 45
56 59
56 54
58 73
58 71
59 75
59 77
59 76
60 20
60 15
60 19
60 12
60 13
61 33
62 55
63 34
63 39
64 39
64 66
64 61
64 59
64 37
65 61
65 58
65 54
65 53
65 52
65 55
68 49
68 51
68 55
68 58
68 60
68 56
68 65
68 64
68 59
70 41
70 53
70 45
70 54
70 50
70 51
70 52
72 12
73 16
73 19
73 6
73 11
73 3
73 7
73 5
73 9
73 17
73 12
74 69
75 19
75 31
75 16
75 20
75 22
75 18
76 69
76 67
76 68
76 71
78 22
78 21
78 18
78 19
2 68
2 64
2 61
2 66
2 63
2 67
2 69
2 72
2 73
2 70
3 72
3 69
4 50
4 46
5 65
5 67
5 70
5 69
5 66
6 44
7 61
7 48
7 31
7 29
7 36
7 33
7 30
7 44
7 49
7 41
7 32
7 43
7 34
7 59
7 54
7 47
7 64
7 40
7 62
7 63
7 42
8 5
8 7
8 4
9 63
9 72
9 68
9 55
10 58
10 54
11 64
11 57
12 48
12 49
15 14
15 24
16 37
16 24
16 20
16 5
16 2
16 18
16 1
16 14
16 19
16 31
16 32
16 4
16 27
16 45
16 3
16 12
16 9
16 22
16 13
16 25
18 5
18 10
18 16
20 18
20 9
20 25
20 24
20 11
20 12
20 16
20 15
20 8
20 19
20 13
20 6
20 7
20 10
20 5
20 4
21 47
21 38
21 54
21 41
21 34
21 36
21 53
21 60
21 37
21 45
21 49
21 35
21 43
22 61
22 64
23 62
24 20
24 16
24 21
24 13
26 12
27 54
27 59
28 41
28 63
28 37
28 38
28 60
28 71
28 67
28 56
28 72
28 66
30 14
30 53
30 8
30 49
30 52
30 38
30 46
30 50
30 41
30 13
30 7
31 6
31 61
31 67
31 17
31 55
31 50
31 25
31 14
31 7
31 22
31 28
31 60
31 5
31 66
31 63
31 57
31 53
31 8
31 64
31 30
31 59
34 53
35 75
35 76
36 32
38 6
38 9
38 7
40 73
42 78
44 60
45 75
45 63
46 5
46 7
47 18
47 44
47 25
47 21
47 60
47 32
47 13
47 9
47 33
47 31
47 26
47 12
47 22
47 23
47 55
47 40
47 43
47 59
47 38
47 14
47 10
48 39
48 43
48 53
51 25
51 27
51 29
52 27
52 9
52 8
52 21
52 5
52 4
52 14
52 18
52 7
52 22
52 16
52 11
52 23
52 24
52 17
52 20
52 15
53 66
53 67
53 68
53 62
53 61
53 63
53 64
54 65
54 68
55 60
55 64
55 62
55 63
55 61
56 70
56 58
56 69
56 63
56 71
56 65
56 72
56 68
56 64
57 23
57 25
57 27
58 23
58 20
58 24
58 26
58 35
58 34
58 29
58 40
58 25
58 27
58 28
58 18
58 42
58 17
58 41
58 39
58 33
62 60
62 58
62 49
62 52
63 23
63 24
63 19
63 45
63 25
63 20
63 36
63 22
63 50
66 65
67 43
67 44
67 32
67 52
67 46
67 53
67 49
67 40
67 42
67 27
68 54
68 42
68 53
68 41
68 57
68 46
68 48
68 52
69 10
69 6
69 7
70 44
71 65
71 58
72 64
72 46
72 35
72 44
72 66
72 57
72 32
72 31
72 67
72 70
72 48
72 33
72 65
72 59
72 42
72 61
72 75
72 54
72 71
72 52
72 39
72 36
72 47
72 41
72 38
72 68
72 49
72 51
72 56
73 29
74 41
74 59
74 53
74 25
74 54
74 45
75 35
75 33
75 53
77 22
77 30
77 28
77 24
77 23
77 60
77 44
77 35
77 31
77 61
77 27
78 65
1 67
1 64
1 68
2 35
2 45
2 34
3 74
3 73
3 62
3 78
5 28
5 25
6 78
7 46
7 50
7 38
7 45
11 58
11 34
11 36
11 54
11 51
11 59
12 68
12 59
12 61
12 50
12 64
12 62
12 65
13 16
13 15
13 19
13 18
14 11
14 9
14 16
16 33
16 36
18 22
18 14
18 8
19 52
20 36
21 40
21 77
21 56
21 78
21 39
21 42
21 55
24 40
24 38
24 43
24 42
24 39
24 35
24 47
25 50
25 41
25 40
25 54
26 8
27 65
28 13
28 11
28 10
