160 948
1 2
2 3
3 4
4 5
5 6
6 7
7 8
8 9
9 10
10 11
11 12
12 13
13 14
14 15
15 16
16 17
17 18
18 19
19 20
20 21
21 22
22 23
23 24
24 25
25 26
26 27
27 28
28 29
29 30
30 31
31 32
32 33
33 34
34 35
35 36
36 37
37 38
38 39
39 40
40 41
41 42
42 43
43 44
44 45
45 46
46 47
47 48
48 49
49 50
50 51
51 52
52 53
53 54
54 55
55 56
56 57
57 58
58 59
59 60
60 61
61 62
62 63
63 64
64 65
65 66
66 67
67 68
68 69
69 70
70 71
71 72
72 73
73 74
74 75
75 76
76 77
77 78
78 79
79 80
80 81
81 82
82 83
83 84
84 85
85 86
86 87
87 88
88 89
89 90
90 91
91 92
92 93
93 94
94 95
95 96
96 97
97 98
98 99
99 100
100 101
101 102
102 103
103 104
104 105
105 106
106 107
107 108
108 109
109 110
110 111
111 112
112 113
113 114
114 115
115 116
116 117
117 118
118 119
119 120
120 121
121 122
122 123
123 124
124 125
125 126
126 127
127 128
128 129
129 130
130 131
131 132
132 133
133 134
134 135
135 136
136 137
137 138
138 139
139 140
140 141
141 142
142 143
143 144
144 145
145 146
146 147
147 148
148 149
149 150
150 151
151 152
152 153
153 154
154 155
155 156
156 157
157 158
158 159
159 160
160 1
1 158
1 156
1 160
2 150
2 152
2 149
2 148
3 151
3 150
4 109
4 106
4 114
4 116
4 105
4 119
4 115
4 111
4 118
4 110
5 53
5 54
5 61
5 57
5 51
5 59
5 58
5 52
6 29
6 43
6 37
6 11
6 5
6 25
6 28
6 9
6 38
6 14
6 23
6 42
6 17
6 32
6 27
6 22
6 41
6 39
6 36
6 40
6 8
6 18
6 10
6 34
8 59
8 68
8 49
8 62
8 56
8 54
8 60
8 51
8 57
8 67
8 65
8 58
8 53
8 52
9 68
9 79
9 101
9 110
9 115
9 111
9 71
9 116
9 78
9 98
9 97
9 103
9 112
9 104
9 96
9 95
9 91
9 75
9 69
9 81
9 94
9 84
9 100
9 82
9 80
9 114
9 87
9 85
9 93
9 83
9 90
9 117
9 118
9 107
9 86
11 96
12 150
12 114
12 106
12 112
12 122
12 146
12 141
12 125
12 148
12 132
12 144
12 134
12 142
12 108
12 135
12 143
12 107
12 138
12 115
12 116
12 105
12 117
12 111
12 124
12 140
12 149
12 126
12 131
12 120
13 72
13 76
13 84
13 88
13 79
13 80
13 83
13 70
13 74
13 86
14 140
14 130
14 136
14 58
14 135
14 156
14 85
14 78
14 103
14 155
14 127
14 54
14 72
14 143
14 110
14 125
14 96
14 149
14 119
14 134
14 57
14 63
14 118
14 90
14 146
14 102
14 105
14 75
14 79
14 141
14 129
14 137
14 70
14 121
14 138
14 67
14 108
14 133
14 81
14 93
14 104
14 61
14 62
14 152
14 60
14 64
14 111
14 56
14 117
14 84
14 139
14 126
14 95
14 86
14 112
14 68
14 99
14 116
14 65
14 55
14 157
14 59
14 113
14 89
14 83
14 132
14 73
14 114
15 57
15 56
15 49
15 53
15 48
15 59
15 54
15 50
15 55
16 71
17 147
17 145
17 148
17 146
18 57
18 56
18 38
18 82
18 60
18 51
18 75
18 41
18 37
18 54
18 80
18 35
18 40
18 76
18 44
18 71
18 68
18 32
18 59
18 46
18 49
18 61
18 42
18 58
18 53
18 81
18 31
18 63
18 77
18 33
18 79
19 70
19 71
19 69
20 114
20 113
20 120
20 123
20 100
20 107
20 121
20 125
20 101
20 115
20 110
20 108
20 124
20 112
20 116
20 119
21 76
21 93
21 89
21 85
21 75
21 84
21 72
21 90
21 81
21 87
21 74
21 70
21 88
21 78
21 80
21 77
21 96
22 146
22 132
22 145
22 134
22 147
22 140
22 138
22 137
22 133
22 142
22 143
23 77
23 143
23 118
23 75
23 93
23 108
23 146
23 113
23 148
23 137
23 86
23 119
23 88
23 76
23 135
23 105
23 117
23 87
23 116
23 132
23 109
23 115
23 149
23 79
23 101
23 95
23 103
23 84
23 134
23 112
23 107
23 130
23 98
23 81
23 139
23 141
23 104
23 128
23 138
23 123
23 110
23 90
23 91
23 99
23 133
23 78
23 80
23 147
24 73
24 53
24 28
24 97
24 110
24 17
24 109
24 80
24 78
24 58
24 45
24 100
24 52
24 91
24 71
24 113
24 43
24 60
24 47
24 61
24 21
24 96
24 95
24 75
24 13
24 16
24 49
24 81
24 93
24 62
24 55
24 79
24 23
24 101
24 94
24 56
24 86
24 27
24 30
24 72
24 105
24 98
24 48
24 70
24 15
24 32
24 26
24 44
24 68
24 83
24 42
24 12
24 104
24 34
24 87
24 50
24 20
24 74
24 33
24 41
24 69
24 63
24 37
24 35
24 38
24 107
24 111
25 146
25 131
25 150
25 145
25 136
25 139
25 144
25 140
25 138
25 143
25 132
25 142
26 138
26 143
26 141
26 140
27 98
27 69
27 87
27 71
27 125
27 76
27 122
27 82
27 120
27 115
27 75
27 103
27 124
27 119
27 101
27 108
27 116
27 81
27 121
27 78
27 80
27 99
27 85
27 123
27 79
27 74
27 107
27 114
27 86
27 84
27 118
27 105
27 88
27 91
27 117
27 112
27 106
28 108
28 105
28 102
28 103
28 109
28 107
29 151
29 150
29 147
29 149
29 145
29 146
30 86
30 96
30 114
30 97
30 104
30 107
30 117
30 92
30 88
30 115
30 113
30 87
30 111
30 93
30 89
30 108
30 118
30 112
30 90
30 99
30 105
30 91
30 121
30 102
30 120
30 100
31 120
31 113
31 110
31 122
31 109
31 106
31 111
31 112
31 104
31 118
31 107
31 117
32 111
32 110
33 109
33 108
33 112
34 19
34 16
34 25
34 22
34 26
34 27
34 24
34 20
35 32
35 105
35 154
35 47
35 45
35 148
35 126
35 136
35 138
35 99
35 77
35 75
35 78
35 116
35 51
35 104
35 74
35 96
35 54
35 39
35 117
35 64
35 31
35 46
35 92
35 144
35 34
35 63
35 114
35 90
35 129
35 113
35 152
35 130
35 128
35 109
35 37
35 76
35 146
35 120
35 122
35 62
35 58
35 84
35 97
35 82
35 143
35 65
35 55
35 95
35 70
35 60
35 69
35 30
35 135
35 106
35 101
35 140
35 52
35 100
35 89
35 38
35 119
35 139
35 56
35 132
35 68
35 50
35 49
35 94
35 87
35 102
35 112
35 124
35 110
35 123
35 66
36 107
36 131
36 112
36 144
36 134
36 120
36 135
36 143
36 139
36 149
36 150
36 118
36 121
36 127
36 109
36 146
36 145
36 141
36 132
36 110
36 125
36 148
36 129
36 126
36 138
36 122
37 104
37 68
37 48
37 33
37 43
37 67
37 106
37 95
37 31
37 70
37 71
37 113
37 100
37 72
37 46
37 75
37 60
37 58
37 110
37 49
37 55
37 47
37 103
37 35
37 84
37 102
37 56
37 86
37 89
37 88
37 54
37 116
37 65
37 94
37 107
37 69
37 76
37 91
37 52
37 82
37 96
37 79
37 34
37 114
37 77
37 105
37 64
37 53
37 115
37 93
37 42
37 98
37 40
37 87
37 108
37 101
37 61
37 59
37 66
37 73
38 23
38 21
38 24
38 40
38 12
38 5
38 14
38 32
38 20
38 31
38 26
38 28
38 17
38 10
38 35
38 37
38 13
38 15
38 36
38 9
38 18
38 22
38 8
39 125
39 123
39 122
39 120
39 119
39 124
40 39
40 28
40 34
40 31
40 32
40 26
40 27
40 33
41 142
41 144
41 137
41 146
41 145
41 141
41 139
41 140
41 133
41 135
43 5
43 3
43 6
43 7
44 160
45 59
45 72
45 63
45 86
45 85
45 58
45 61
45 81
45 64
45 88
45 92
45 67
45 83
45 96
45 55
45 91
45 62
45 70
45 79
45 82
45 87
45 80
45 84
45 57
45 68
45 89
46 31
46 34
46 42
46 27
46 69
46 28
46 53
46 29
46 64
46 49
46 68
46 61
46 39
46 37
46 59
46 63
