133 12733
1 2
2 3
3 4
4 5
5 6
6 7
7 8
8 9
9 10
10 11
11 12
12 13
13 14
14 15
15 16
16 17
17 18
18 19
19 20
20 21
21 22
22 23
23 24
24 25
25 26
26 27
27 28
28 29
29 30
30 31
31 32
32 33
33 34
34 35
35 36
36 37
37 38
38 39
39 40
40 41
41 42
42 43
43 44
44 45
45 46
46 47
47 48
48 49
49 50
50 51
51 52
52 53
53 54
54 55
55 56
56 57
57 58
58 59
59 60
60 61
61 62
62 63
63 64
64 65
65 66
66 67
67 68
68 69
69 70
70 71
71 72
72 73
73 74
74 75
75 76
76 77
77 78
78 79
79 80
80 81
81 82
82 83
83 84
84 85
85 86
86 87
87 88
88 89
89 90
90 91
91 92
92 93
93 94
94 95
95 96
96 97
97 98
98 99
99 100
100 101
101 102
102 103
103 104
104 105
105 106
106 107
107 108
108 109
109 110
110 111
111 112
112 113
113 114
114 115
115 116
116 117
117 118
118 119
119 120
120 121
121 122
122 123
123 124
124 125
125 126
126 127
127 128
128 129
129 130
130 131
131 132
132 133
133 1
1 130
1 131
1 128
1 126
2 62
2 86
2 92
2 71
2 60
2 69
2 68
2 63
2 65
2 58
2 82
2 90
2 84
2 91
2 85
2 74
2 70
2 79
2 61
2 78
2 88
4 130
4 125
4 121
4 126
4 129
4 123
5 130
6 113
6 109
6 115
6 110
6 116
6 114
6 108
6 105
6 106
7 104
7 121
7 99
7 83
7 116
7 117
7 84
7 124
7 94
7 82
7 97
7 89
7 110
7 88
7 98
7 85
7 93
7 96
7 101
7 111
7 87
7 108
7 95
7 123
7 100
7 80
7 112
8 67
8 69
8 71
9 76
9 86
9 64
9 87
9 70
9 63
9 79
9 113
9 60
9 48
9 82
9 52
9 100
9 81
9 54
9 50
9 51
9 62
9 78
9 107
9 68
9 72
9 97
9 94
9 61
9 111
9 101
9 49
9 74
9 56
9 90
9 77
9 91
9 95
9 80
9 99
9 96
9 47
9 102
9 67
9 83
9 58
10 127
10 125
10 121
10 120
10 128
11 100
11 102
11 103
11 104
11 106
12 112
12 106
12 109
12 95
12 104
12 90
12 99
12 102
12 91
12 113
12 116
12 98
12 93
12 89
12 97
12 118
12 111
12 94
12 103
12 117
13 29
14 43
14 75
14 54
14 30
14 47
14 38
14 86
14 66
14 83
14 33
14 78
14 82
14 88
14 53
14 44
14 92
14 41
14 76
14 107
14 81
14 63
14 67
14 31
14 71
14 46
14 93
14 85
14 49
14 100
14 104
14 106
14 29
14 65
14 57
14 90
14 64
14 101
14 97
14 74
14 58
14 52
14 55
14 80
14 77
14 37
14 61
14 69
14 32
14 42
14 89
14 56
15 122
15 129
15 100
15 126
15 131
15 101
15 130
15 127
15 112
15 113
15 118
15 106
15 105
15 123
15 103
15 102
15 109
15 117
15 104
15 120
16 116
16 108
16 112
16 115
16 127
16 111
16 110
16 126
16 119
16 125
16 114
16 113
16 120
16 109
17 112
17 108
17 118
17 102
17 117
17 119
17 113
17 106
17 104
17 111
17 109
17 105
17 115
18 129
19 39
19 8
19 58
19 51
19 46
19 32
19 4
19 48
19 15
19 12
19 72
19 45
19 74
19 67
19 71
19 60
19 47
19 73
19 10
19 55
19 62
19 64
19 5
19 34
19 23
19 69
19 13
19 35
19 27
19 41
19 14
19 37
19 16
19 3
19 7
19 59
19 33
19 53
19 6
19 22
19 31
19 56
19 50
19 42
19 66
19 44
19 25
19 26
20 17
20 13
20 19
20 15
20 22
21 69
21 53
21 86
21 51
21 117
21 105
21 46
21 34
21 73
21 75
21 55
21 36
21 104
21 121
21 45
21 91
21 100
21 54
21 108
21 33
21 118
21 89
21 82
21 61
21 72
21 59
21 78
21 64
21 57
21 123
21 101
21 122
21 35
21 85
21 74
21 31
21 114
21 60
21 63
21 107
21 79
21 106
21 68
21 47
21 112
21 119
21 124
21 39
21 43
21 120
21 97
21 83
21 32
21 102
21 111
21 49
21 110
21 71
22 120
22 119
22 106
22 117
22 102
22 107
22 99
22 98
22 121
22 123
22 94
22 111
22 125
22 97
22 114
22 110
22 112
22 108
22 115
23 13
23 14
23 6
23 7
23 9
23 10
23 4
23 8
23 3
23 2
23 5
24 34
24 28
24 32
24 35
24 31
24 29
26 66
26 79
26 54
26 62
26 35
26 38
26 63
26 89
26 45
26 33
26 70
26 34
26 47
26 85
26 49
26 76
26 78
26 65
26 36
26 48
26 86
26 55
26 53
26 50
26 84
26 37
26 72
26 56
26 46
26 41
26 58
26 77
26 61
26 51
26 68
27 93
27 90
27 92
27 91
29 77
29 58
29 44
29 65
29 78
29 88
29 64
29 43
29 52
29 45
29 81
29 48
29 62
29 56
29 86
29 63
29 50
29 87
29 60
29 39
29 41
29 74
29 38
29 42
29 55
29 82
29 57
29 73
29 36
29 80
29 75
30 96
30 94
30 100
30 102
30 99
30 107
30 103
30 92
30 93
30 95
31 122
31 120
31 123
31 108
31 121
31 110
31 107
31 117
31 124
31 115
31 111
31 104
31 125
31 112
32 123
32 113
32 120
32 114
32 119
32 122
32 131
32 117
32 110
32 124
32 130
32 112
32 115
32 111
33 72
33 80
33 73
33 70
33 69
33 76
33 77
34 93
34 85
34 86
34 77
34 111
34 108
34 123
34 112
34 92
34 81
34 79
34 80
34 118
34 94
34 78
34 120
34 98
34 109
34 115
34 90
34 87
34 96
34 103
34 119
34 106
34 113
34 89
34 110
34 82
34 83
34 107
34 88
34 84
34 104
34 121
35 129
35 133
35 128
35 131
35 120
35 126
35 125
35 122
35 119
35 123
35 130
36 34
36 39
36 38
36 33
36 32
36 40
37 128
37 129
37 123
37 131
37 130
37 126
38 122
39 75
39 62
39 70
39 71
39 61
39 63
39 65
39 72
39 73
39 66
39 64
39 58
39 60
40 130
40 131
41 106
41 104
42 58
42 37
42 71
42 39
42 57
42 46
42 77
42 36
42 68
42 67
42 48
42 72
42 56
42 73
42 52
42 50
42 54
42 79
42 59
42 49
42 45
42 40
42 61
42 69
42 66
42 63
42 51
42 60
43 99
43 89
43 60
43 98
43 87
43 84
43 56
43 78
43 62
43 65
43 64
43 83
43 76
43 85
43 70
43 73
43 88
43 71
43 81
43 68
43 67
43 97
43 82
43 63
43 58
44 51
44 47
44 52
44 46
45 127
46 52
46 31
46 29
46 67
46 63
46 27
46 72
46 33
46 37
46 45
46 44
46 55
46 24
46 80
46 25
46 36
46 39
46 38
46 77
46 84
46 81
46 42
46 82
46 66
46 41
46 57
46 32
46 85
46 83
46 50
46 69
46 30
46 68
46 65
46 51
46 75
46 71
46 53
46 49
47 119
47 118
47 116
48 102
48 105
48 103
48 104
48 108
49 85
49 76
49 84
49 80
49 77
49 87
49 79
49 78
50 7
50 10
50 17
50 16
50 8
50 9
50 6
50 15
50 11
51 121
51 120
51 117
51 119
52 23
52 37
52 42
52 29
52 32
52 21
52 36
52 35
52 18
52 41
52 19
52 31
52 27
52 26
52 33
52 30
53 101
53 108
53 95
53 104
53 100
53 93
53 92
53 105
53 110
53 103
53 96
53 97
53 94
54 82
54 77
54 79
54 72
54 70
54 67
54 66
54 76
54 75
54 80
54 69
54 71
54 83
54 68
54 74
55 41
55 16
55 46
55 79
55 33
55 67
55 34
55 61
55 72
55 51
55 12
55 40
55 48
55 30
55 24
55 18
55 19
55 44
55 11
55 49
55 68
55 58
55 52
55 50
55 31
55 70
55 59
55 29
55 36
55 54
55 65
55 38
55 37
55 21
55 85
55 22
55 43
55 80
55 45
55 83
55 60
55 57
55 27
55 78
56 129
56 130
56 124
56 128
56 123
57 89
57 87
57 88
58 53
58 57
58 62
58 72
58 69
58 50
58 66
58 68
58 73
58 55
58 63
58 74
58 49
58 75
58 60
58 67
58 70
59 75
59 48
59 52
59 25
59 26
59 20
59 67
59 18
59 53
59 72
59 51
59 38
59 57
59 33
59 65
59 22
59 82
59 81
59 31
59 54
59 19
59 78
59 39
59 34
59 64
59 37
59 73
59 21
59 74
59 56
59 47
59 61
59 71
59 50
59 42
59 46
60 129
60 125
60 128
60 117
60 130
60 120
60 127
60 123
60 124
61 108
61 107
61 113
61 109
61 111
62 38
62 48
62 37
62 44
62 47
62 46
62 43
62 39
62 45
63 75
63 43
63 46
63 57
63 70
63 67
63 52
63 66
63 47
63 56
63 65
63 73
63 40
63 59
63 39
63 38
63 53
63 44
63 45
63 54
63 77
63 62
63 58
63 69
63 71
63 74
64 36
64 45
64 42
64 43
64 37
64 38
64 35
65 34
65 26
65 37
65 39
65 25
65 31
65 29
65 38
65 36
65 33
65 35
66 37
66 32
66 41
66 38
66 34
66 30
66 31
66 42
66 39
67 121
67 126
67 124
67 127
67 132
67 118
67 122
67 117
67 130
67 129
67 131
68 22
68 17
68 19
68 21
69 101
70 55
70 53
70 50
70 51
70 52
71 43
71 57
71 5
71 13
71 36
71 38
71 34
71 46
71 31
71 29
71 51
71 40
71 20
71 54
71 41
71 33
71 10
71 28
71 9
71 26
71 7
71 27
71 32
71 24
71 56
71 53
71 14
71 39
71 25
71 15
71 12
71 11
71 55
71 37
72 80
72 64
72 63
72 17
72 86
72 89
72 75
72 55
72 16
72 38
72 74
72 60
72 77
72 69
72 31
72 47
72 22
72 88
72 36
72 68
72 52
72 82
72 8
72 33
72 50
72 57
72 76
72 19
72 23
72 14
72 39
72 28
72 3
72 7
72 59
72 29
72 6
72 4
72 27
72 43
72 78
72 84
72 51
72 56
72 49
72 58
72 26
72 10
72 20
72 53
72 87
72 62
72 18
72 5
72 67
72 30
72 46
73 100
74 79
74 76
74 68
74 54
74 84
74 66
74 60
74 88
74 87
74 70
74 73
74 57
74 61
74 78
74 69
74 85
74 71
74 89
74 58
74 80
74 86
74 53
74 63
75 99
75 80
75 115
75 64
75 89
75 110
75 71
75 70
75 67
75 92
75 108
75 86
75 82
75 113
75 90
75 81
75 94
75 91
75 68
75 74
75 105
75 66
75 103
75 84
75 72
75 106
75 87
75 95
75 107
75 63
76 67
76 94
76 85
76 56
76 87
76 75
76 83
76 78
76 86
76 92
76 52
76 69
76 73
76 66
76 70
76 60
76 104
76 91
76 93
76 82
76 80
76 63
76 95
76 96
76 71
76 84
76 57
76 102
76 51
76 81
76 59
76 90
76 65
76 79
77 12
77 15
77 18
77 17
78 25
78 22
78 26
78 27
78 9
78 12
78 8
78 13
78 6
78 17
78 7
78 16
78 19
78 14
78 28
78 11
81 126
81 129
81 127
81 131
81 128
82 118
82 120
82 117
82 122
82 121
82 116
82 123
82 115
83 118
83 117
83 108
83 124
83 126
83 111
83 121
83 123
83 106
83 113
83 105
83 127
83 109
83 116
83 114
83 125
84 117
84 78
84 116
84 77
84 106
84 104
84 109
84 114
84 82
84 87
84 119
84 107
84 122
84 83
84 88
84 103
84 86
84 74
84 112
84 111
84 70
84 125
84 102
84 91
84 123
84 93
84 100
84 89
84 92
84 118
84 90
84 115
84 95
84 71
84 72
85 68
85 76
85 70
85 69
85 63
85 81
85 66
85 58
85 71
85 75
85 56
85 62
85 82
85 48
85 47
85 91
85 55
85 51
85 53
85 73
85 61
85 74
85 57
85 52
85 59
85 46
85 50
85 67
85 54
86 35
86 51
86 43
86 31
86 28
86 48
86 52
86 42
86 46
86 59
86 38
86 27
86 34
86 60
86 66
86 63
86 40
86 44
86 54
86 50
86 32
86 33
86 53
87 25
87 19
87 22
87 21
87 24
87 18
87 23
88 32
88 46
88 76
88 38
88 98
88 40
88 97
88 35
88 99
88 81
88 61
88 43
88 85
88 86
88 47
88 100
88 58
88 80
88 72
88 92
88 64
88 93
88 82
88 45
88 51
88 90
88 74
88 55
88 91
88 87
88 69
88 56
88 75
88 66
88 50
88 34
88 68
88 70
88 41
88 67
88 36
88 84
88 54
88 49
88 57
89 127
90 46
90 48
90 47
90 50
91 73
91 107
91 54
91 89
91 67
91 70
91 99
91 78
91 51
91 100
91 69
91 80
91 111
91 106
91 75
91 65
91 72
91 85
91 102
91 77
91 104
91 83
91 60
91 103
91 81
91 108
91 63
91 57
91 97
91 52
91 58
91 112
91 56
91 53
91 93
91 61
91 109
91 74
91 113
91 84
93 73
93 61
93 70
93 68
93 59
93 66
93 62
93 46
93 43
93 40
93 38
93 78
93 77
93 72
93 39
93 71
93 74
93 44
93 55
93 69
93 48
93 37
93 81
93 64
93 54
93 41
93 52
93 50
93 80
93 42
93 35
93 36
93 47
94 124
94 126
95 34
95 29
95 30
95 36
95 37
95 35
95 31
95 28
96 49
96 45
96 37
96 27
96 28
96 31
96 26
96 30
96 22
96 53
96 44
96 36
96 29
96 50
96 51
96 48
96 25
96 39
96 35
96 42
98 122
98 118
98 119
99 51
99 85
99 46
99 49
99 61
99 55
99 65
99 87
99 54
99 41
99 72
99 66
99 44
99 82
99 76
99 74
99 78
99 80
99 75
99 67
99 63
99 89
99 69
99 59
99 52
99 73
99 86
99 77
99 71
99 60
99 50
99 62
99 53
100 117
100 121
100 118
100 122
100 113
100 119
100 120
100 111
100 114
102 58
102 78
102 40
102 46
102 27
102 43
102 48
102 71
102 38
102 33
102 65
102 70
102 37
102 69
102 44
102 55
102 54
102 76
102 68
102 82
102 26
102 66
102 34
102 64
102 53
102 52
102 31
102 47
102 74
102 77
102 42
102 36
102 23
102 39
102 30
102 72
103 82
103 60
103 73
103 107
103 106
103 95
103 80
103 79
103 101
103 100
103 63
103 77
103 72
103 102
103 62
103 69
103 65
103 98
103 64
103 89
103 93
103 67
103 94
103 68
103 71
103 96
103 99
103 75
103 74
104 75
104 76
104 77
104 78
105 88
105 87
105 94
105 70
105 84
105 110
105 101
105 93
105 74
105 89
105 102
105 83
105 92
105 72
105 82
105 97
105 78
105 103
105 98
105 91
105 79
105 109
105 99
105 96
105 100
105 77
105 104
106 82
106 98
106 100
106 95
106 110
106 81
106 109
106 92
106 111
106 104
106 89
106 96
106 85
106 105
106 99
106 91
106 108
106 93
106 86
107 77
107 60
107 53
107 71
107 68
107 52
107 63
107 67
107 72
107 58
107 59
107 54
107 66
107 65
107 50
107 73
107 51
107 76
107 49
109 127
109 128
110 77
110 93
110 76
110 89
110 78
110 75
110 88
110 86
110 87
110 82
110 83
110 90
110 94
110 91
111 122
111 89
111 96
111 92
111 110
111 121
111 88
111 130
111 123
111 124
111 127
111 109
111 91
111 113
111 93
111 125
111 126
111 99
111 119
111 97
111 98
111 128
111 103
111 114
112 131
112 126
112 119
112 124
112 116
112 120
112 122
112 125
112 128
113 73
113 71
113 74
113 80
113 83
113 81
113 77
113 70
113 82
114 75
114 88
114 90
114 70
114 82
114 72
114 92
114 96
114 64
114 60
114 83
114 102
114 120
114 124
114 97
114 94
114 111
114 65
114 107
114 112
114 78
114 61
114 89
114 79
114 77
114 68
114 73
114 113
114 58
114 125
114 101
114 84
114 99
114 105
114 80
114 106
114 104
114 63
114 93
114 59
114 123
114 74
115 25
115 33
115 32
115 28
115 37
115 46
115 30
115 26
115 27
115 45
115 43
115 31
115 35
116 122
116 79
116 124
116 96
116 95
116 98
116 108
116 126
116 107
116 110
116 91
116 78
116 113
116 103
116 82
116 97
116 81
116 84
116 127
116 90
116 80
116 89
116 114
116 129
116 121
116 101
116 106
116 130
116 77
116 100
116 112
116 119
116 120
116 86
116 115
117 95
117 68
117 87
117 69
117 90
117 94
117 67
117 84
117 72
117 91
117 82
117 76
117 89
117 92
117 86
117 73
117 81
117 70
117 96
117 78
117 93
117 64
117 80
118 129
118 131
118 128
118 127
119 92
119 96
119 89
119 97
119 94
120 33
120 45
120 52
120 54
120 56
120 40
120 42
120 36
120 48
120 38
120 46
120 50
120 32
120 35
120 41
121 48
121 44
121 45
121 49
121 42
121 47
122 79
123 108
123 103
123 112
123 106
123 113
123 117
123 109
123 116
123 105
124 10
124 12
124 14
124 15
125 105
125 108
125 109
125 111
125 104
125 110
125 102
126 64
126 62
126 43
126 92
126 54
126 49
126 45
126 89
126 38
126 79
126 77
126 28
126 91
126 93
126 65
126 59
126 26
126 69
126 96
126 72
126 32
126 67
126 78
126 86
126 90
126 82
126 98
126 97
126 33
126 83
126 35
126 53
126 36
126 88
126 99
126 100
126 94
126 71
126 66
126 47
126 48
126 34
126 56
126 63
126 24
126 50
127 123
127 114
127 120
127 125
127 122
127 116
127 117
127 119
128 109
128 112
128 108
128 113
128 116
128 102
128 119
128 106
128 117
128 107
128 103
129 14
129 8
129 16
129 10
129 12
129 13
130 127
130 129
130 128
131 15
131 4
131 14
131 3
131 12
131 2
131 7
131 8
131 6
131 13
131 11
132 29
132 13
132 21
132 12
132 30
132 25
132 10
132 27
132 17
132 33
132 34
132 32
132 11
132 26
132 15
132 36
132 37
132 38
132 16
132 23
132 9
133 125
1 104
1 121
1 120
1 110
1 102
1 109
1 116
1 107
1 115
1 101
1 105
1 108
2 125
2 121
2 123
2 120
2 127
2 119
3 68
3 67
4 22
4 26
4 24
4 21
4 17
4 31
4 25
4 18
4 23
4 33
4 29
4 30
4 16
5 59
5 60
5 62
5 61
6 117
7 24
7 22
7 21
7 20
8 50
8 46
8 77
8 58
8 63
8 87
8 39
8 22
8 36
8 29
8 42
8 52
8 81
8 38
8 20
8 32
8 15
8 30
8 21
8 54
8 48
8 65
8 62
8 44
8 47
8 72
8 37
8 60
8 35
8 31
8 73
8 75
8 79
8 25
8 66
8 43
8 16
8 61
8 18
8 51
8 49
8 34
9 75
9 93
9 103
9 108
9 105
9 106
9 89
10 86
10 91
10 93
10 109
10 104
10 99
10 105
10 88
10 92
10 100
10 106
11 78
11 76
12 86
12 83
12 44
12 127
12 34
12 73
12 115
12 122
12 77
12 124
12 42
12 49
12 39
12 76
12 72
12 107
12 47
12 123
12 108
12 65
12 60
12 52
12 101
12 58
12 46
12 74
12 35
12 125
12 119
12 43
12 85
12 59
12 30
12 87
12 55
12 114
12 68
12 79
12 45
12 71
12 66
12 96
12 38
12 81
12 120
12 41
12 82
12 48
12 110
12 75
12 126
13 129
13 126
13 122
13 118
13 127
13 124
13 123
13 128
14 129
14 128
15 75
15 72
15 81
15 68
15 74
15 76
15 71
16 90
16 86
16 89
17 101
17 103
17 107
17 100
17 99
17 110
17 98
18 130
18 126
19 115
19 100
19 112
19 110
19 116
19 103
19 117
19 119
19 114
19 102
19 105
19 111
19 113
19 108
19 118
20 77
20 81
20 84
20 108
20 103
20 95
20 110
20 96
20 105
20 79
20 99
20 82
20 91
20 109
20 80
20 76
20 100
20 107
20 83
20 102
20 94
20 87
21 126
21 115
21 116
21 128
22 78
22 104
22 100
22 81
22 96
22 77
22 76
22 88
22 103
22 93
22 75
22 84
22 90
22 82
22 89
22 101
22 85
22 79
23 64
23 47
23 66
23 45
23 44
23 49
23 53
23 39
23 67
23 50
23 46
23 62
23 37
23 57
23 48
23 51
23 63
23 61
23 38
23 56
23 55
23 59
23 52
24 119
24 118
25 14
25 58
25 31
25 59
25 32
25 12
25 53
25 46
25 61
25 50
25 57
25 36
25 47
25 21
25 54
25 13
25 28
25 60
25 33
25 41
25 56
25 40
25 9
25 55
25 49
25 18
25 30
25 38
25 43
25 35
25 51
25 8
25 29
25 48
27 21
27 20
27 24
28 35
28 39
28 43
28 47
28 38
28 37
28 42
28 34
29 66
29 68
29 72
29 79
29 61
29 71
31 35
31 49
31 44
31 27
31 47
31 36
31 42
31 30
31 62
31 60
31 51
31 63
31 28
31 37
31 43
31 48
31 39
31 56
31 46
31 58
31 61
31 59
32 75
32 76
33 94
33 107
33 98
33 100
33 91
33 74
33 106
33 97
33 89
33 92
33 109
33 75
33 81
33 79
33 104
33 87
33 95
33 105
33 90
33 108
33 84
33 82
34 99
34 97
35 112
36 120
36 131
36 128
36 121
36 122
36 130
36 126
38 69
38 48
38 60
38 41
38 43
38 47
38 59
38 70
38 36
38 52
38 42
38 63
38 64
38 46
38 57
38 29
38 31
38 68
38 35
38 61
38 65
38 58
38 32
38 34
38 30
38 66
38 62
38 54
39 123
39 124
40 90
40 107
40 91
40 72
40 69
40 42
40 46
40 63
40 85
40 47
40 87
40 100
40 86
40 56
40 61
40 60
40 45
40 58
40 101
40 82
40 99
40 75
40 84
40 53
40 113
40 92
40 65
40 88
40 103
40 57
40 94
40 109
40 98
40 114
40 64
40 54
40 62
40 59
40 79
40 106
40 104
40 110
40 105
40 112
40 43
40 97
41 126
41 118
41 79
41 81
41 108
41 97
41 96
41 84
41 60
41 95
41 85
41 125
41 82
41 80
41 105
41 114
41 121
41 119
41 93
41 89
41 100
41 130
41 112
41 64
41 127
41 131
41 132
41 122
41 72
41 133
41 117
41 102
41 129
41 123
41 109
41 76
41 67
41 98
41 91
41 62
41 78
41 83
43 77
43 79
43 59
43 92
43 91
43 69
43 61
43 94
43 90
43 75
43 86
43 66
44 11
44 12
44 13
45 112
46 40
47 81
47 82
48 51
48 63
48 52
48 53
48 66
48 69
48 71
48 58
48 64
48 76
48 57
48 56
48 54
48 60
48 72
48 68
49 127
49 124
49 117
49 113
49 119
49 102
49 110
49 101
49 106
49 111
49 103
49 121
49 126
49 129
49 125
49 128
49 107
49 122
49 123
50 132
50 131
51 126
51 118
51 125
51 127
51 124
51 123
52 97
52 74
52 88
52 86
52 92
52 90
52 78
52 77
52 87
52 93
52 73
52 95
52 75
52 84
52 71
52 96
52 85
52 70
53 59
53 60
53 81
53 75
53 66
53 63
53 68
53 58
53 70
53 76
53 67
53 80
53 61
53 64
53 56
54 37
54 43
54 46
54 41
54 44
54 48
54 36
54 45
56 93
56 92
57 94
57 92
57 96
57 97
57 109
57 100
57 110
57 98
57 102
57 91
57 115
57 93
57 116
57 114
57 121
57 118
57 90
57 117
57 104
57 107
57 108
57 103
58 23
58 22
58 19
58 16
58 24
59 80
59 90
59 98
59 123
59 108
59 127
59 114
59 109
59 97
59 125
59 96
59 105
59 76
59 79
59 115
59 126
59 99
59 119
59 111
59 117
59 93
59 95
59 112
59 89
59 120
59 83
59 122
59 118
59 128
59 121
59 124
59 113
59 84
59 86
59 77
60 76
60 74
60 85
60 73
60 75
60 71
60 55
60 66
60 68
60 79
60 67
60 59
60 84
60 83
60 80
60 82
60 53
60 81
60 54
60 69
61 80
61 49
61 94
61 69
61 82
61 58
61 103
61 55
61 86
61 74
61 71
61 75
61 52
61 70
61 48
61 112
61 105
61 76
61 73
61 53
61 93
61 101
61 50
61 77
61 60
61 91
61 88
61 67
61 78
61 106
61 92
61 72
61 104
62 128
63 121
63 122
63 119
64 127
64 131
64 130
64 133
66 35
66 19
66 27
66 24
66 23
66 20
66 36
66 25
66 29
67 97
67 87
67 96
67 91
67 85
67 95
67 89
67 90
68 49
68 41
68 61
68 43
68 58
68 30
68 40
68 38
68 32
68 48
68 56
68 59
68 24
68 47
68 55
68 31
68 26
68 57
68 39
68 52
68 37
68 35
68 70
68 28
68 62
68 44
68 33
68 42
68 54
70 64
70 30
70 86
70 62
70 89
70 63
70 34
70 22
70 35
70 27
70 67
70 79
70 25
70 54
70 77
70 83
70 82
70 68
70 65
70 85
70 41
70 60
70 47
70 84
70 36
70 39
70 61
70 90
70 42
70 32
70 38
70 59
70 20
70 87
70 31
70 75
70 94
70 74
70 23
70 93
70 49
70 57
70 56
70 81
71 87
71 86
71 97
71 89
71 85
71 94
71 83
71 101
71 104
71 84
71 103
71 82
71 88
71 99
72 37
72 41
72 25
72 40
72 44
72 34
72 24
72 32
73 12
73 11
73 17
73 16
73 13
74 100
75 25
75 23
75 24
76 88
76 54
76 58
76 62
76 74
76 55
76 68
76 48
77 45
77 46
77 50
77 51
77 49
77 53
77 43
77 56
77 55
77 48
78 98
78 111
78 99
78 100
78 107
78 109
78 96
78 105
78 106
78 103
79 99
79 93
79 94
79 89
79 96
79 97
79 91
79 98
80 59
80 79
80 66
80 86
80 37
80 45
80 90
80 88
80 50
80 89
80 64
80 44
80 52
80 70
80 48
80 57
80 53
80 46
80 83
80 71
80 75
80 84
80 62
80 42
80 77
80 58
80 41
80 38
80 67
80 91
80 68
80 85
80 76
81 103
81 113
81 118
81 120
81 116
81 96
81 92
81 85
81 105
81 112
81 98
81 114
81 83
81 108
81 89
81 121
81 97
81 84
81 117
81 88
81 90
81 87
81 91
81 115
81 106
81 99
82 127
82 129
82 125
82 119
82 132
82 126
84 54
84 31
84 12
84 69
84 47
84 45
84 62
84 9
84 76
84 17
84 7
84 48
84 43
84 40
84 26
84 14
84 56
84 8
84 11
84 75
84 67
84 32
84 29
84 39
84 13
84 25
84 52
84 21
84 58
84 61
84 15
84 36
84 49
84 73
84 55
84 51
84 22
84 10
84 34
84 57
84 23
84 38
86 64
86 71
86 68
86 72
86 67
87 109
87 126
87 120
87 129
87 128
87 115
87 102
87 117
87 127
87 112
87 108
87 133
87 113
87 101
87 105
87 125
87 111
87 132
87 118
87 104
87 131
87 103
88 94
88 96
88 95
89 130
89 126
89 129
89 132
89 131
89 124
90 78
90 77
90 52
90 64
90 70
90 68
90 75
90 99
90 109
90 95
90 87
90 93
90 53
90 74
90 83
90 92
90 49
90 51
90 86
90 54
90 112
90 73
90 94
90 107
90 69
90 71
90 66
90 108
90 106
90 72
90 59
90 85
90 57
90 84
90 67
90 102
90 101
90 81
90 60
91 32
91 31
91 28
92 52
92 44
92 50
92 37
92 40
92 38
92 42
92 51
92 48
92 45
92 49
93 14
93 82
93 58
93 13
93 76
93 85
93 49
93 60
93 30
93 12
93 32
93 34
93 11
93 83
93 67
93 84
93 45
93 79
93 53
93 86
93 9
93 23
93 57
93 65
93 19
93 22
93 24
93 21
93 28
93 25
94 41
94 27
94 58
94 19
94 70
94 54
94 36
94 32
94 31
94 43
94 33
94 48
94 24
94 39
94 49
94 56
94 50
94 34
94 26
94 28
94 47
94 40
94 63
94 69
94 35
94 52
94 66
94 51
94 65
94 73
94 71
94 18
94 55
94 64
94 20
94 38
95 128
95 129
96 128
97 22
97 20
97 21
97 17
97 26
97 24
97 19
98 42
98 38
98 41
98 24
98 27
98 25
98 39
98 28
98 37
98 33
98 29
99 118
99 117
99 119
100 133
100 131
101 63
101 84
101 75
101 37
101 58
101 90
101 41
101 97
101 33
101 42
101 43
101 91
101 47
101 100
101 40
101 34
101 71
101 28
101 98
101 103
101 31
101 94
101 44
101 86
101 74
101 104
101 35
101 70
101 62
101 77
101 49
101 60
101 76
101 68
101 72
101 79
101 106
101 57
101 48
101 73
101 83
101 99
101 50
101 45
101 82
101 32
101 105
101 61
101 96
102 81
102 92
102 90
102 80
102 73
102 86
102 94
102 67
102 87
102 88
102 75
102 89
102 62
102 84
102 79
103 40
103 39
103 43
104 64
104 61
104 60
104 65
105 107
105 122
105 115
105 123
105 119
105 117
105 111
105 114
105 124
105 116
105 121
105 120
106 64
106 59
106 51
106 55
106 58
106 63
106 65
106 54
106 56
106 52
106 50
106 48
106 49
106 61
107 133
109 114
109 103
109 113
109 108
109 107
109 101
109 100
109 112
111 101
111 102
112 73
112 58
112 40
112 80
112 74
112 84
112 52
112 39
112 62
112 79
112 75
112 63
112 59
112 66
112 96
112 44
112 41
112 69
112 43
112 94
112 88
112 71
112 47
112 37
112 64
112 78
112 67
112 95
112 38
112 57
112 85
112 99
112 81
112 77
112 92
112 36
112 87
112 48
113 37
113 56
113 42
113 60
113 41
113 57
113 52
113 48
113 31
113 27
113 30
113 51
113 53
113 58
113 49
113 45
113 59
113 36
114 122
115 106
115 101
115 112
115 100
115 121
115 110
115 104
115 122
115 120
115 117
115 103
115 113
115 118
116 42
116 36
116 57
116 40
116 54
116 41
116 46
116 53
116 58
116 55
116 38
116 65
116 43
116 47
116 48
116 50
116 59
116 51
116 49
117 121
117 125
117 124
117 123
118 30
118 21
118 17
118 15
118 41
118 32
118 18
118 49
118 27
118 40
118 29
118 24
118 43
118 16
118 35
118 22
118 44
118 36
118 33
118 26
118 19
118 28
118 10
118 39
118 11
118 25
118 14
119 70
119 72
119 79
119 80
119 71
119 76
119 75
119 81
120 119
120 122
120 125
121 63
121 37
121 53
121 31
121 60
121 54
121 40
121 46
121 43
121 41
121 61
121 30
121 56
121 51
121 50
121 38
121 33
121 35
121 64
121 58
121 39
121 52
121 28
122 106
122 109
122 99
122 86
122 102
122 95
122 101
122 110
122 119
122 87
122 92
122 113
122 112
122 120
122 98
122 107
122 83
122 91
122 88
122 84
122 114
122 103
122 118
122 96
122 105
123 121
123 114
123 115
123 119
123 118
123 101
123 100
123 122
123 99
123 102
123 104
123 110
124 76
124 74
124 73
124 72
125 39
125 24
125 31
125 32
125 38
125 26
125 33
125 42
125 36
125 29
125 27
125 25
126 118
127 72
127 65
127 74
127 71
127 73
127 67
127 68
127 69
129 59
129 43
129 47
129 52
129 51
129 56
129 40
129 45
129 58
129 50
129 57
129 54
129 63
129 42
129 44
130 49
131 127
131 129
131 125
131 126
131 128
132 124
132 125
133 108
133 106
133 110
1 23
1 68
1 61
1 60
1 74
1 76
1 51
1 32
1 58
1 83
1 77
1 72
1 87
1 88
1 40
1 84
1 34
1 36
1 33
1 22
1 66
1 85
1 30
1 65
1 82
1 46
1 52
1 24
1 73
1 90
1 57
1 28
1 86
1 56
1 80
1 81
1 54
1 75
1 39
1 71
1 43
1 89
1 64
1 55
1 91
1 49
1 63
2 80
2 105
2 101
2 53
2 44
2 45
2 73
2 96
2 109
2 64
2 40
2 76
2 59
2 46
2 35
2 48
2 34
2 97
2 47
2 36
2 77
2 25
2 57
2 37
2 29
2 26
2 51
2 38
2 66
2 41
2 30
2 43
2 98
2 49
2 33
2 106
2 99
2 75
2 94
2 27
3 88
3 105
3 106
3 74
3 79
3 109
3 84
3 95
3 113
3 69
3 101
3 73
3 98
3 103
3 80
3 96
3 93
3 110
3 92
3 72
3 82
3 78
3 91
3 104
3 70
3 86
3 112
3 97
3 65
3 85
3 87
4 74
4 69
4 83
4 75
4 79
4 71
4 88
4 84
4 76
4 72
4 86
4 87
4 77
4 80
4 85
4 78
4 89
5 53
5 68
5 54
5 69
5 65
5 64
5 58
5 57
6 97
6 99
6 92
6 96
6 95
6 90
6 100
6 101
6 104
6 98
7 49
7 51
7 50
8 117
8 118
8 116
8 115
8 114
9 65
9 71
9 31
9 66
9 41
9 46
9 57
9 43
9 35
9 37
9 38
9 55
9 69
9 40
9 73
9 33
9 34
10 122
12 105
12 100
12 92
14 28
14 35
14 36
14 10
14 11
14 59
14 45
14 17
14 8
14 60
14 70
14 84
14 68
14 87
14 91
14 16
14 18
14 21
14 20
14 50
14 79
14 40
15 9
15 8
15 4
15 3
15 6
15 5
15 10
16 73
16 84
16 78
16 71
16 85
16 74
16 72
16 79
16 76
16 70
16 81
16 80
17 126
18 108
18 116
18 111
18 113
18 120
18 109
18 118
18 110
19 11
19 17
20 33
20 38
20 28
20 14
20 35
20 27
20 31
20 16
20 32
20 23
20 25
20 18
20 29
20 24
21 66
21 62
21 70
21 80
21 76
21 67
22 54
22 44
22 37
22 47
22 35
22 40
22 50
22 36
22 38
22 51
22 56
22 48
22 46
22 53
22 52
23 85
23 93
23 110
23 123
23 76
23 109
23 91
23 124
23 81
23 113
23 89
23 112
23 115
23 122
23 94
23 95
23 102
23 77
23 73
23 121
23 107
23 114
23 104
23 120
23 87
23 92
23 75
23 119
23 125
23 117
23 99
23 79
23 90
23 96
23 74
23 126
23 105
24 116
24 117
25 108
25 91
25 92
25 96
25 94
25 106
25 89
25 93
25 99
25 102
25 107
25 104
25 105
25 97
25 101
25 88
25 95
25 110
27 79
27 76
27 72
27 73
27 83
27 75
27 74
27 71
28 63
28 84
28 65
28 67
28 50
28 74
28 58
28 104
28 55
28 107
28 62
28 94
28 61
28 95
28 101
28 32
28 54
28 115
28 114
28 98
28 109
28 81
28 83
28 60
28 97
28 51
28 41
28 49
28 66
28 25
28 33
28 112
28 27
28 78
28 103
28 89
28 92
28 69
28 111
28 56
28 99
28 86
28 100
28 53
28 30
28 36
28 46
28 24
28 105
28 93
28 48
28 85
30 42
30 43
30 44
30 40
31 22
31 23
31 25
31 21
32 41
32 58
32 46
32 52
32 54
32 47
32 60
32 49
32 43
32 51
32 53
32 38
32 57
32 39
32 36
32 40
32 45
32 59
32 44
33 99
33 96
33 103
33 86
33 93
34 69
34 41
34 66
34 74
34 31
34 63
34 29
34 24
34 73
34 37
34 42
34 30
34 44
34 50
34 49
34 67
34 56
34 48
34 57
34 25
34 52
34 40
34 68
34 28
34 36
34 45
34 51
34 55
34 43
34 62
34 75
34 76
34 61
35 102
35 110
35 115
35 95
35 91
35 97
35 116
35 103
35 96
35 94
35 104
35 99
35 106
35 107
35 109
35 101
35 114
35 108
36 117
36 119
36 116
36 118
36 124
37 82
37 80
37 79
37 76
37 93
37 92
37 84
37 98
37 81
37 95
37 97
37 90
37 94
37 89
38 80
38 78
38 76
38 75
38 81
39 109
39 110
39 115
39 106
39 113
39 117
39 121
39 118
39 114
39 112
39 119
39 108
39 120
42 124
42 114
42 125
42 120
42 129
42 127
42 115
42 118
42 121
42 119
42 122
43 111
43 116
43 114
43 106
43 119
43 110
43 105
43 101
43 109
43 100
43 103
43 108
43 104
43 102
44 112
44 111
44 107
44 104
44 106
44 108
44 103
45 97
45 96
45 110
45 105
45 125
45 120
45 113
45 89
45 111
45 102
45 86
45 108
45 80
45 98
45 109
45 83
45 122
45 90
45 118
45 85
45 88
45 119
45 116
45 84
45 93
45 94
45 103
45 117
45 81
45 121
46 109
46 106
46 110
46 111
47 38
47 37
48 122
48 119
48 109
48 117
48 123
48 125
48 120
48 112
48 121
48 118
48 115
49 16
49 26
49 12
49 8
49 24
49 3
49 5
49 19
49 11
49 10
49 6
49 15
49 20
49 4
49 18
49 14
50 105
50 95
50 99
50 97
50 98
50 100
50 102
50 103
52 60
52 63
52 61
52 64
53 77
53 73
53 82
53 107
53 90
53 106
53 85
53 74
53 79
53 84
53 111
53 78
53 71
53 69
53 102
53 89
53 86
54 93
54 91
54 86
54 85
54 89
54 94
54 98
54 78
54 81
54 87
55 47
55 71
55 66
55 76
55 42
55 63
55 82
55 75
55 39
55 74
55 35
55 53
55 64
56 91
56 76
56 107
56 78
56 101
56 106
56 94
56 102
56 103
56 75
56 77
56 74
56 105
56 98
56 82
57 48
57 44
57 42
57 50
57 40
57 46
57 49
57 54
57 32
57 38
57 33
57 36
57 41
57 53
57 35
58 33
58 28
58 26
58 25
58 29
58 34
58 35
59 41
59 29
59 44
59 45
59 36
59 58
59 28
59 32
60 39
60 20
60 25
60 12
60 13
60 40
60 37
60 8
60 23
60 15
60 41
60 36
60 17
60 43
60 27
60 21
60 7
60 9
60 19
60 16
60 11
60 30
60 22
60 18
61 122
61 120
61 126
61 124
61 125
61 123
62 25
62 28
63 72
63 68
64 124
64 126
65 52
65 53
65 50
65 54
65 45
65 51
65 62
65 44
65 47
65 55
65 49
65 48
65 64
66 120
66 107
66 98
66 69
66 65
66 79
66 61
66 88
66 115
66 94
66 70
66 124
66 76
66 100
66 92
66 101
66 63
66 86
66 125
66 108
66 78
66 97
66 105
66 117
66 72
66 104
66 111
66 91
66 89
66 106
66 121
66 74
66 81
66 127
66 113
66 84
66 87
66 73
66 102
67 98
67 78
67 60
67 114
67 74
67 82
67 106
67 116
67 104
67 112
67 107
67 92
67 61
67 105
67 113
67 125
67 111
67 73
67 83
67 70
67 80
67 99
67 110
67 81
67 120
67 72
67 77
67 65
67 88
67 64
67 76
67 101
67 119
67 63
68 99
68 94
68 64
68 77
68 74
68 84
68 67
68 89
68 90
68 96
68 95
68 93
68 101
68 92
68 79
68 88
68 66
68 78
68 75
68 102
68 87
68 76
68 82
68 81
68 80
69 113
69 128
69 127
69 116
69 125
69 115
69 120
69 126
69 111
69 118
69 117
69 121
69 122
71 21
71 35
72 71
72 61
72 66
72 70
73 78
73 79
73 85
73 76
73 83
73 81
73 84
74 96
75 62
75 93
75 77
75 73
75 112
75 102
75 100
75 83
75 111
75 69
75 121
75 118
75 79
75 116
75 117
75 88
75 104
75 78
75 61
76 72
76 45
76 64
76 43
76 50
76 44
77 21
77 25
77 19
77 23
77 29
77 27
78 127
78 123
78 129
78 122
78 119
78 130
78 126
79 123
79 114
79 105
79 104
79 124
79 126
79 110
79 125
79 121
79 111
79 107
79 108
79 102
79 103
79 109
79 116
79 115
79 119
80 95
80 54
80 72
80 69
80 61
80 60
80 63
80 92
80 96
80 78
80 97
80 98
80 93
80 74
80 55
80 94
80 87
80 73
81 133
82 92
82 111
82 86
82 109
82 89
82 90
82 110
82 98
82 113
82 108
82 93
82 91
82 96
82 79
82 81
82 103
82 77
82 105
82 95
82 114
82 107
83 55
83 54
83 120
83 102
83 60
83 71
83 40
83 82
83 49
83 81
83 85
83 59
83 87
83 66
83 65
83 89
83 77
83 53
83 61
83 86
83 110
83 115
83 73
83 64
83 56
83 42
83 41
83 94
83 92
83 75
83 72
83 45
83 58
83 69
83 96
83 100
83 46
83 107
83 52
83 119
83 68
83 103
83 90
83 67
83 78
83 38
84 120
84 124
86 97
86 102
86 99
86 100
87 100
87 74
87 94
87 93
87 70
87 95
87 81
87 86
87 98
87 71
87 92
87 85
87 106
87 89
87 96
87 97
87 84
87 83
87 82
87 80
88 109
88 121
88 101
88 104
88 117
88 110
88 108
88 115
88 119
88 114
88 122
88 103
88 111
88 123
88 113
88 107
88 118
88 112
89 59
89 56
89 63
89 62
89 77
89 65
89 73
89 66
89 69
89 55
89 57
89 75
89 68
89 60
89 71
89 61
89 58
89 80
91 41
91 86
91 82
91 71
91 42
91 87
91 45
91 44
91 64
91 49
91 46
91 38
91 76
91 59
91 55
91 40
91 50
92 5
92 33
92 15
92 14
92 17
92 34
92 29
92 25
92 32
92 22
92 24
92 31
92 18
92 26
92 10
92 21
92 7
92 4
92 35
92 8
92 23
92 11
93 63
93 95
93 99
93 89
93 103
93 115
93 114
93 110
93 106
93 101
93 75
93 90
93 104
93 116
93 92
93 100
93 112
93 88
93 51
94 110
94 106
94 83
94 115
94 105
94 103
94 77
94 76
94 99
94 62
94 102
94 90
94 93
94 96
94 84
94 59
94 112
94 104
94 45
94 86
94 97
94 114
94 44
94 42
94 111
94 53
94 79
94 46
94 68
94 85
94 67
94 100
94 101
94 60
94 75
94 92
94 88
94 57
94 72
95 121
95 120
95 119
95 124
95 123
95 126
95 127
96 92
96 86
96 93
96 90
97 91
97 95
97 99
97 93
97 96
97 89
97 94
97 88
97 86
98 115
98 117
98 123
98 125
98 121
98 126
99 23
99 33
99 43
99 20
99 16
99 47
99 26
99 28
99 36
99 17
99 18
99 27
99 31
99 32
99 30
99 38
99 15
99 19
99 29
99 35
99 21
99 37
101 46
103 119
103 118
103 120
103 121
104 71
104 70
104 67
104 68
105 73
105 76
105 75
105 80
105 85
105 90
106 79
106 87
106 101
106 80
106 77
106 84
106 103
106 102
106 88
106 83
106 90
106 97
107 116
107 113
107 115
107 114
108 79
108 66
108 67
108 72
108 76
108 68
108 63
108 77
108 70
108 75
108 64
109 42
109 38
109 46
109 40
109 31
109 36
109 41
109 37
109 34
109 43
109 33
109 47
109 35
110 42
110 53
110 51
110 54
110 60
110 52
110 59
110 55
110 44
110 39
110 62
110 37
110 45
111 11
111 12
112 65
112 51
112 55
112 49
112 46
112 70
112 53
112 60
112 54
113 33
113 32
113 38
113 35
113 28
114 98
114 109
114 117
114 116
114 108
114 91
114 103
115 129
115 126
115 127
117 106
117 99
117 105
117 88
117 104
117 107
117 102
117 110
117 85
117 116
117 97
117 115
117 108
117 103
117 119
117 109
118 80
118 62
118 75
118 78
118 65
118 77
118 63
118 69
118 74
118 72
118 64
118 79
120 17
120 22
120 28
120 8
120 16
120 12
120 10
120 6
120 29
120 18
120 7
120 27
120 15
120 19
120 9
121 21
121 74
121 24
121 62
121 1
121 16
121 73
121 80
121 5
121 66
121 13
121 15
121 32
121 72
121 9
121 75
121 20
121 65
121 4
121 69
121 10
121 27
121 68
121 76
121 26
121 71
121 34
121 3
121 79
121 12
121 14
121 2
121 18
121 29
124 103
124 100
124 99
124 97
124 98
125 128
125 129
125 127
125 122
125 130
125 121
126 121
126 124
126 131
126 119
126 122
126 128
126 123
127 86
127 83
127 85
127 90
127 96
127 95
127 91
127 87
127 82
127 80
127 94
128 89
128 25
128 45
128 93
128 85
128 19
128 78
128 96
128 68
128 28
128 63
128 84
128 75
128 88
128 92
128 54
128 42
128 43
128 27
128 30
128 72
128 90
128 73
128 61
128 100
128 76
128 101
128 38
128 49
128 87
128 74
128 55
128 60
128 46
128 44
128 80
128 53
128 59
128 34
128 33
128 22
128 56
128 99
128 62
128 35
128 47
128 98
128 20
128 91
130 121
130 120
130 115
130 117
130 122
130 118
130 114
131 28
131 52
131 67
131 19
131 26
131 35
131 66
131 65
131 42
131 39
131 34
131 72
131 27
131 54
131 48
131 53
131 21
131 31
131 43
131 70
131 59
131 64
131 63
131 74
131 20
131 78
131 36
131 40
131 75
131 38
131 50
131 60
131 46
131 45
131 37
131 49
131 77
131 25
131 51
131 69
132 92
132 89
132 121
132 91
132 72
132 109
132 78
132 51
132 104
132 75
132 93
132 120
132 112
132 52
132 116
132 107
132 117
132 59
132 100
132 114
132 48
132 105
132 110
132 45
132 54
132 50
132 99
132 55
132 53
132 95
132 90
132 47
132 118
132 86
132 58
132 85
132 83
132 80
132 84
132 119
132 76
132 79
132 46
132 61
132 62
132 63
132 69
132 71
133 66
133 60
133 58
133 59
133 62
133 72
133 71
133 61
133 73
133 67
1 18
1 31
1 29
1 20
1 44
1 37
1 45
1 15
1 12
1 14
2 103
2 111
2 112
2 113
2 104
2 124
2 116
2 110
2 100
2 118
2 102
3 125
3 121
3 123
3 120
3 124
3 122
3 114
3 117
4 82
4 97
4 56
4 104
4 102
4 103
4 63
4 53
4 65
4 94
4 96
4 90
4 95
4 70
4 100
4 66
4 58
4 68
4 91
4 54
4 101
4 93
4 98
4 92
4 81
5 88
5 86
5 84
5 85
6 15
6 9
6 16
6 17
6 18
6 14
6 12
7 81
7 78
8 78
8 84
8 40
8 53
8 88
8 82
8 56
8 45
8 57
8 89
8 74
8 86
8 55
8 92
8 90
8 80
8 83
8 41
8 64
8 59
9 44
9 42
9 36
9 39
9 32
9 45
11 131
11 129
11 128
12 130
12 129
12 128
12 121
13 44
13 43
13 41
14 118
14 117
14 124
14 115
14 113
14 110
14 109
14 119
14 127
14 121
14 112
14 122
14 108
14 120
16 82
16 77
16 83
16 87
17 114
17 124
17 125
17 116
18 33
18 32
18 34
18 35
18 36
20 43
20 42
20 51
20 56
20 58
20 44
20 54
20 48
20 63
20 41
20 72
20 40
20 39
20 74
20 47
20 86
20 75
20 85
20 53
20 98
20 45
20 46
20 88
20 34
20 97
20 93
20 65
21 95
21 77
21 94
21 92
21 93
21 99
22 20
22 16
22 19
22 17
22 25
24 64
24 68
24 43
24 66
24 67
24 56
24 48
24 52
24 60
24 42
24 63
24 44
24 46
24 54
24 57
24 47
24 49
24 59
25 98
25 69
25 71
25 103
25 74
25 75
25 76
25 72
25 81
25 79
25 78
25 70
25 83
25 77
25 87
25 100
25 73
26 102
26 108
26 109
26 103
26 104
26 106
27 14
27 8
27 12
27 6
27 9
27 17
27 7
27 2
27 15
27 10
27 3
28 82
28 91
28 79
28 88
28 77
28 70
28 90
28 106
28 80
28 72
28 71
29 119
29 125
29 124
29 120
29 122
30 9
30 15
30 10
30 11
30 13
31 81
31 74
31 68
31 24
31 79
31 64
31 38
31 33
31 70
31 71
31 54
31 80
31 57
31 53
31 75
31 29
31 82
31 73
31 15
31 78
31 77
31 50
31 18
31 19
31 40
31 41
32 90
32 82
32 80
32 85
32 86
32 93
32 83
32 88
32 84
33 112
33 114
33 110
33 101
33 116
33 111
34 64
34 70
34 105
34 127
34 65
34 117
34 126
34 91
34 130
34 114
34 129
34 71
34 128
34 100
34 124
35 121
36 89
36 100
36 93
36 90
36 103
36 85
36 106
36 94
36 91
36 102
36 98
36 83
36 105
36 104
36 97
36 95
36 96
37 27
37 6
37 17
37 9
37 29
37 23
37 24
37 16
37 5
37 28
37 19
37 13
37 12
37 15
37 8
37 10
37 18
37 14
37 3
37 21
38 101
38 99
38 102
38 98
40 68
40 71
40 67
41 103
41 94
41 99
41 92
42 123
43 80
43 93
43 72
43 95
44 123
46 99
46 88
46 98
46 100
46 93
46 95
46 96
46 86
46 91
46 79
46 90
46 101
46 87
47 52
47 55
47 54
47 59
47 60
47 64
47 62
47 57
49 82
49 114
49 116
49 74
49 93
49 91
49 90
49 108
49 133
49 105
49 65
49 120
49 81
49 69
49 66
49 63
49 68
49 132
49 67
49 100
49 94
49 118
49 95
49 99
49 92
49 104
49 83
49 109
49 96
50 79
50 84
50 59
50 90
50 55
50 82
50 62
50 81
50 67
50 85
50 71
50 66
50 70
50 56
50 75
50 76
50 73
50 89
50 74
50 80
50 72
50 87
50 68
52 114
53 87
53 91
54 129
55 77
55 84
55 87
55 32
55 69
55 89
55 73
56 40
56 39
57 39
57 28
57 61
57 45
57 37
57 27
57 43
57 23
57 66
57 34
57 51
57 62
57 30
57 55
57 65
57 64
57 63
57 26
57 59
58 32
58 48
58 36
58 21
58 40
58 20
58 27
58 12
58 11
58 38
58 42
58 37
58 78
58 17
58 41
58 65
58 61
58 13
58 54
58 76
58 46
58 18
58 15
59 91
59 94
59 87
59 85
59 92
60 49
60 28
60 48
60 86
60 63
60 38
60 57
60 62
60 50
60 78
60 56
60 35
60 58
60 34
60 87
60 31
60 45
60 47
61 65
61 64
61 68
62 20
62 17
62 18
63 92
63 91
64 104
64 108
64 118
64 98
64 113
64 112
64 94
64 117
64 103
64 120
64 93
64 96
64 99
64 101
64 121
64 106
64 122
64 115
64 97
64 109
64 102
64 105
65 98
65 110
65 100
65 108
65 107
65 122
65 119
65 121
65 101
65 90
65 91
65 102
65 106
65 111
65 103
65 116
65 124
65 123
65 92
65 99
65 105
65 118
65 93
65 117
65 115
66 109
66 116
66 96
66 99
66 114
66 110
66 103
67 11
67 12
69 99
69 103
69 94
69 93
69 100
69 102
69 119
69 114
69 105
69 112
69 106
69 110
69 98
70 133
70 131
71 30
71 17
71 22
71 18
71 23
72 85
72 81
73 50
73 28
73 23
73 40
73 34
73 56
73 59
73 55
73 48
73 24
73 29
73 57
73 49
73 35
73 54
73 38
73 42
73 43
73 26
73 58
73 46
73 37
74 110
74 111
74 116
74 112
74 109
74 115
74 108
74 125
74 120
74 118
74 121
74 122
74 124
76 31
76 38
76 29
76 36
76 16
76 23
76 17
76 33
76 24
76 34
76 19
76 21
76 32
76 15
76 49
76 14
76 22
76 47
76 25
76 18
76 41
76 42
77 96
77 93
77 101
77 103
77 102
77 104
77 100
77 97
78 80
78 77
78 82
78 76
78 85
78 83
78 74
78 75
80 51
80 25
80 105
80 35
80 128
80 119
80 19
80 28
80 14
80 49
80 9
80 29
80 27
80 108
80 102
80 31
80 117
80 123
80 26
80 47
80 10
80 118
80 18
80 104
80 13
80 16
80 113
80 12
80 107
80 8
80 101
80 103
80 17
80 24
80 23
80 43
80 65
80 106
80 99
80 111
80 11
80 122
81 122
82 112
82 104
82 130
82 88
82 102
82 101
82 124
82 97
82 131
82 106
83 9
83 8
83 6
85 79
85 43
85 80
85 65
85 49
85 78
85 77
85 45
85 83
85 64
86 47
86 62
86 57
86 39
86 37
86 49
86 58
86 36
87 37
87 31
87 33
87 41
87 52
87 30
87 48
87 43
87 45
87 39
87 44
87 49
87 54
87 28
87 46
87 34
87 51
87 32
87 55
88 102
88 83
89 87
89 70
89 83
89 86
89 67
89 79
89 88
89 84
89 85
89 78
89 74
89 76
89 72
89 82
90 98
91 130
91 132
92 91
92 114
92 110
92 97
92 98
92 111
92 95
92 105
92 103
92 107
92 112
92 109
92 96
92 90
93 105
94 30
94 37
94 25
95 60
95 55
95 63
95 52
95 59
95 64
95 54
95 56
95 66
96 41
96 55
96 43
96 58
96 59
96 57
96 52
96 40
96 32
96 56
97 132
98 51
98 49
98 92
98 73
98 47
98 83
98 78
98 81
98 62
98 89
98 44
98 50
98 65
98 68
98 84
98 86
98 60
98 91
98 46
98 56
98 57
98 59
98 63
98 58
98 52
98 79
98 85
98 66
98 71
98 74
98 48
99 115
99 116
99 123
99 108
99 101
99 106
99 110
99 129
99 102
99 113
99 112
99 109
99 121
99 120
99 104
100 73
100 75
100 77
100 69
100 66
100 68
100 74
100 72
100 76
101 10
101 11
101 22
101 23
101 13
101 21
101 17
101 27
101 19
101 15
101 24
101 16
101 29
102 49
102 35
102 51
102 50
102 32
102 29
103 114
103 113
103 116
103 115
104 101
104 103
104 99
104 100
105 62
105 63
106 26
106 25
106 23
107 23
107 33
107 26
107 13
107 32
107 36
107 35
107 12
107 21
107 10
107 20
107 19
107 27
107 29
107 30
107 31
107 16
107 24
108 55
108 61
108 56
108 54
108 53
108 62
108 52
109 30
109 48
109 45
109 28
110 34
110 46
110 65
110 117
110 131
110 114
110 56
110 115
110 106
110 84
110 13
110 103
110 15
110 108
110 101
110 124
110 127
110 35
110 112
110 68
110 64
110 133
110 14
110 129
110 107
110 119
110 18
110 81
110 126
110 43
110 16
110 67
110 33
110 12
110 58
110 104
110 121
110 25
110 70
110 116
110 61
110 118
110 66
110 98
110 105
110 74
110 92
110 49
110 69
110 22
110 109
110 17
110 122
110 24
111 42
111 49
111 56
111 24
111 26
111 55
111 35
111 63
111 21
111 40
111 60
111 29
111 39
111 22
111 54
111 58
111 27
111 31
111 34
111 46
111 23
111 45
111 36
111 51
111 50
111 28
111 47
112 97
113 63
113 88
113 61
113 64
113 79
113 67
113 68
113 69
113 54
113 72
114 121
114 95
114 119
114 118
115 8
115 5
115 4
115 9
116 2
117 132
119 52
119 51
119 50
119 47
119 43
119 45
119 44
119 48
119 46
119 53
120 114
120 115
120 117
121 89
121 105
121 114
121 91
121 90
121 118
121 82
121 101
121 128
121 95
121 67
121 102
121 117
121 123
121 78
121 116
121 94
121 96
121 88
121 113
121 106
121 125
121 97
121 129
121 83
121 100
121 107
121 126
121 85
121 110
121 86
121 93
121 115
122 14
122 25
122 23
122 12
122 24
122 26
122 16
122 17
122 10
122 22
122 20
122 18
122 27
122 9
122 30
123 111
124 61
124 90
124 78
124 62
124 58
124 56
124 88
124 92
124 66
124 65
124 91
124 53
124 68
124 70
124 87
124 60
124 83
124 69
124 75
124 84
124 79
124 95
124 64
124 71
124 54
124 57
125 119
125 114
125 112
125 115
125 131
125 132
125 120
125 117
127 81
127 62
127 89
127 63
127 84
127 78
127 76
127 77
127 64
128 104
128 105
128 110
128 97
128 86
128 95
129 66
129 38
129 29
129 48
129 74
129 33
129 72
129 49
129 73
129 67
129 36
129 70
129 55
129 60
129 31
129 30
129 62
129 71
129 46
129 61
129 41
130 71
130 84
130 72
130 83
130 82
130 80
130 74
130 70
130 69
130 75
130 87
130 81
131 58
131 56
131 41
131 44
131 57
131 68
131 62
132 108
132 94
132 96
132 103
132 106
133 82
1 19
1 42
1 17
1 27
1 25
1 38
1 35
1 16
1 48
1 59
1 53
1 41
1 21
2 117
2 122
3 49
3 50
3 53
3 54
3 51
3 56
3 55
4 57
4 55
4 62
4 64
4 61
5 24
5 38
5 23
5 43
5 52
5 56
5 55
5 63
5 47
5 48
5 49
5 27
5 30
5 41
5 45
5 35
5 31
5 44
5 36
5 34
5 26
5 33
5 50
6 24
6 23
6 21
6 26
7 126
7 122
7 125
7 119
7 128
7 120
8 28
8 24
8 19
8 33
8 12
8 10
8 23
8 26
8 11
9 117
9 110
9 118
9 119
9 122
10 111
10 110
10 102
11 23
11 61
11 45
11 74
11 31
11 60
11 46
11 88
11 33
11 68
11 53
11 54
11 44
11 55
11 49
11 42
11 66
11 62
11 69
11 72
11 70
11 82
11 25
11 80
11 75
11 50
11 39
11 67
11 56
11 47
11 27
11 37
11 84
11 83
11 57
11 85
11 59
11 71
12 57
12 61
12 78
12 88
13 55
13 50
13 47
13 51
13 52
13 49
13 53
14 99
14 123
14 98
14 96
14 94
14 102
15 30
15 31
15 32
16 21
16 22
17 120
17 122
18 11
18 10
18 12
19 29
19 52
19 28
19 38
19 49
19 36
20 92
20 66
20 60
20 64
20 90
20 69
20 59
20 57
20 61
20 73
21 81
21 103
21 84
21 88
21 87
21 90
24 90
24 93
24 94
24 92
26 30
26 23
26 10
26 24
26 22
26 25
26 11
26 14
26 32
26 16
26 18
26 29
27 94
27 109
27 95
27 116
27 111
27 105
27 119
27 107
27 99
27 85
27 100
27 114
27 84
27 117
27 108
27 96
27 86
27 98
27 104
27 88
27 113
28 122
28 125
28 116
28 117
28 119
28 120
29 47
29 49
29 59
29 54
30 36
30 52
30 51
30 39
30 53
30 50
30 55
30 59
30 58
30 35
30 46
30 47
30 48
30 54
31 66
31 76
31 52
31 85
31 65
31 34
31 90
31 86
31 93
31 84
31 89
31 72
31 88
31 26
31 92
31 67
31 69
31 91
32 69
32 71
32 95
32 102
32 99
32 74
32 118
32 100
32 78
32 105
32 67
32 91
32 73
32 64
32 116
32 94
32 68
32 97
32 107
32 92
32 108
32 81
32 77
32 96
32 104
33 53
33 48
33 56
33 54
33 51
34 47
34 39
34 58
34 46
34 60
34 59
35 118
35 117
35 124
36 115
37 68
37 74
37 91
37 73
37 96
37 78
37 70
37 88
37 64
37 69
37 67
37 65
37 77
37 63
37 75
38 74
40 1
41 73
41 87
41 59
41 65
41 70
41 86
41 57
41 66
41 58
41 69
41 90
41 101
41 63
41 61
41 71
42 95
42 96
42 94
43 107
44 75
44 71
44 74
44 91
44 93
44 73
44 89
44 79
44 98
44 88
44 85
44 82
44 67
44 72
44 99
44 97
44 86
44 90
44 76
44 77
44 81
44 94
44 80
45 47
45 72
45 74
45 18
45 68
45 57
45 31
45 44
45 76
45 23
45 70
45 24
45 34
45 73
45 43
45 30
45 62
45 35
45 66
45 40
45 38
45 28
45 33
45 49
45 39
45 25
45 56
45 22
45 41
45 58
45 75
45 52
45 64
45 59
45 54
45 32
45 79
45 51
45 29
45 78
45 26
46 60
46 59
46 43
46 48
46 56
46 54
46 58
47 90
47 97
47 91
47 84
47 96
47 94
47 83
47 78
47 69
47 99
47 85
47 79
47 95
47 74
47 101
47 89
47 93
47 73
47 87
48 75
48 86
48 80
48 81
48 78
48 83
48 96
48 94
48 92
48 87
48 74
48 84
48 95
48 82
48 91
49 37
49 35
49 43
49 61
49 53
49 59
49 56
49 51
49 54
49 47
49 48
49 60
49 58
49 36
49 55
49 57
49 52
50 24
50 25
50 26
51 113
51 115
51 116
51 106
51 111
51 114
51 112
52 43
52 28
52 34
52 38
52 40
52 44
52 22
54 10
54 97
54 51
54 15
54 112
54 56
54 20
54 32
54 113
54 47
54 33
54 49
54 27
54 58
54 13
54 17
54 62
54 40
54 102
54 18
54 42
54 64
54 16
54 11
54 104
54 24
54 107
54 61
54 30
54 59
54 96
54 103
54 60
54 25
54 95
54 35
54 52
54 31
54 108
54 63
54 111
54 88
54 106
54 12
54 38
54 99
54 50
55 62
55 23
55 88
55 28
55 13
55 26
55 25
56 72
56 60
56 46
56 53
56 38
56 73
56 63
56 47
56 64
56 42
56 51
56 44
56 50
56 45
56 67
56 41
56 48
56 61
56 62
56 52
57 120
57 128
57 119
57 124
57 122
57 126
57 131
58 52
59 88
60 109
60 105
61 43
61 66
61 45
61 40
61 51
61 63
61 41
61 46
62 14
62 19
62 3
62 32
62 6
62 12
62 31
62 5
62 40
62 33
62 41
62 42
62 15
62 22
62 35
62 8
62 27
62 4
62 23
62 26
63 60
63 42
63 48
63 37
63 55
64 44
65 114
65 120
66 64
66 57
66 62
66 48
66 50
66 40
66 43
66 59
66 95
66 60
66 85
66 77
66 68
66 46
66 71
66 80
66 47
68 111
68 112
68 114
68 110
70 96
70 108
70 97
70 101
70 103
70 95
70 106
70 110
70 99
70 107
70 109
70 98
71 124
71 123
71 105
71 121
71 106
71 128
71 100
71 115
71 126
71 127
71 116
71 107
71 113
71 125
71 122
71 108
71 110
71 109
71 119
72 42
72 48
73 120
73 112
73 109
73 126
73 124
73 113
73 108
73 115
73 121
73 105
73 114
73 122
73 127
73 110
73 102
73 119
73 101
73 106
73 107
74 113
74 103
74 107
74 105
74 104
74 102
74 106
74 119
74 114
75 97
75 98
75 114
75 101
75 96
76 53
76 61
77 60
77 65
77 64
77 72
77 67
77 57
77 74
77 62
77 69
77 73
77 80
77 68
78 40
78 56
78 46
78 52
78 43
78 47
78 54
78 44
78 41
78 55
78 49
78 42
79 113
79 112
79 106
80 125
80 127
81 64
81 59
81 62
81 52
81 42
81 51
81 54
81 43
81 47
81 48
81 50
81 55
81 63
81 57
81 53
81 56
81 70
81 69
81 61
81 45
81 66
82 70
82 60
82 78
82 61
82 73
82 75
82 76
82 67
82 63
82 66
82 58
82 65
82 72
82 74
82 68
83 104
83 93
83 74
83 80
83 88
83 79
83 98
83 91
83 76
83 97
86 101
86 95
86 114
86 115
86 113
86 103
86 109
86 106
86 96
87 116
87 72
87 69
87 50
87 79
87 63
87 35
87 99
87 114
87 124
87 78
87 107
87 75
87 47
87 77
87 121
87 76
87 56
87 64
87 36
87 61
87 60
88 48
88 42
88 44
89 20
89 23
89 22
90 80
90 76
90 79
90 89
91 129
92 121
92 124
92 127
92 123
92 122
92 126
93 56
94 121
94 122
95 125
96 46
96 34
96 61
96 60
97 125
97 126
97 124
97 127
99 90
99 105
99 83
99 114
99 97
99 88
99 111
99 96
99 92
99 84
99 95
99 103
100 112
100 102
100 95
100 106
100 109
100 103
100 108
100 96
100 97
100 110
101 64
101 78
101 85
101 81
101 67
101 69
101 65
102 85
103 130
103 132
104 93
104 54
104 55
104 43
104 80
104 36
104 58
104 69
104 34
104 35
104 40
104 48
104 66
104 56
104 73
104 42
104 87
104 39
104 52
104 72
104 90
104 91
104 50
104 62
104 57
104 79
104 45
104 81
104 86
105 113
105 112
106 118
106 116
106 127
106 122
106 128
109 13
109 20
109 26
109 10
109 22
109 25
109 16
109 8
109 9
109 17
109 14
109 21
109 12
109 27
109 29
109 4
109 23
110 85
110 72
110 48
110 63
110 50
110 57
110 79
110 36
110 73
110 71
111 72
111 78
111 104
111 115
111 95
111 84
111 81
111 87
111 86
111 105
111 107
111 100
111 116
111 74
111 80
111 85
111 94
111 75
111 76
112 83
113 126
113 124
113 125
113 127
114 55
114 53
114 66
114 76
114 57
114 52
114 69
114 67
114 62
115 83
115 76
115 69
115 81
115 73
115 71
115 75
115 78
116 16
116 14
116 13
116 15
117 113
117 114
117 120
118 8
118 23
118 13
118 38
118 31
118 20
118 7
118 12
118 34
119 34
120 99
120 90
120 94
120 105
120 91
120 92
120 93
120 109
120 107
120 87
120 104
120 100
120 95
120 96
120 89
120 97
122 104
122 97
123 126
126 120
126 102
126 116
126 115
126 104
126 125
126 103
126 85
126 111
126 87
126 105
126 108
126 114
126 80
126 109
126 84
126 117
126 81
126 132
126 106
126 112
126 133
127 104
127 105
128 118
128 125
128 121
128 126
128 114
128 115
129 87
129 93
129 90
129 97
129 86
129 94
129 98
129 84
129 89
129 88
129 95
130 46
130 61
130 62
130 58
130 63
130 42
130 53
130 68
130 79
130 76
130 43
130 78
130 73
130 39
130 44
130 40
130 64
130 59
130 47
130 50
131 30
132 28
132 22
132 19
132 14
132 20
132 31
133 92
133 89
133 88
133 91
1 127
2 67
2 95
2 52
2 93
2 87
2 56
2 54
2 89
4 28
4 10
4 20
4 14
4 52
4 46
4 51
4 40
4 44
4 35
4 39
4 9
4 43
4 38
4 27
4 50
4 36
4 42
4 19
4 47
4 34
6 39
6 30
6 22
6 28
6 36
6 35
6 11
6 13
6 29
6 43
6 25
6 40
6 34
8 108
8 111
8 106
8 93
8 107
8 113
8 112
8 104
8 98
8 102
8 95
8 91
8 109
8 99
9 124
9 125
9 123
10 81
10 76
10 77
10 67
10 62
10 63
10 64
10 75
10 70
10 74
10 90
10 83
10 73
10 66
10 87
10 71
10 82
10 65
11 34
11 14
11 15
11 26
11 30
11 28
11 29
11 40
11 22
11 35
11 17
11 20
11 16
12 8
12 37
12 16
12 36
12 32
12 27
12 24
12 40
12 14
12 22
12 20
12 33
12 21
12 19
12 31
12 10
12 26
13 7
13 12
13 30
13 32
13 19
13 31
13 6
13 34
13 27
13 18
13 9
13 20
13 36
13 25
13 24
13 28
13 23
13 10
13 15
13 35
14 72
14 73
15 44
15 61
15 29
15 62
15 27
15 37
15 53
15 63
15 42
15 49
15 50
15 56
15 43
15 54
15 35
15 28
15 48
15 36
15 33
15 41
15 51
15 66
15 67
15 55
15 34
16 102
16 103
17 62
17 63
17 73
17 52
17 46
17 69
17 49
17 74
17 50
17 51
17 61
17 66
17 43
17 71
17 55
17 59
17 67
17 42
17 75
17 60
17 56
17 53
17 65
18 39
18 78
18 29
18 64
18 23
18 57
18 44
18 25
18 63
18 76
18 40
18 30
18 54
18 68
18 62
18 71
18 73
18 52
18 50
18 75
18 41
18 49
18 47
18 60
18 26
18 42
18 70
18 72
18 77
18 69
18 59
18 61
19 70
19 43
20 68
20 71
21 109
22 49
22 57
22 64
22 55
22 62
23 131
23 129
25 15
26 83
26 80
26 75
26 81
26 87
26 74
26 69
26 71
26 73
26 88
26 82
26 64
26 59
27 122
27 121
28 126
28 127
28 132
28 128
28 113
28 123
28 118
28 110
29 76
30 73
30 75
30 62
30 71
30 68
30 63
30 60
30 77
30 61
30 83
30 65
30 79
30 72
30 69
30 81
31 106
31 94
31 87
31 114
31 113
31 83
31 96
31 126
31 103
31 99
31 102
33 18
33 17
33 11
33 21
33 16
33 14
33 9
33 8
33 25
33 15
33 22
33 24
33 7
33 12
34 72
34 101
35 68
35 45
35 77
35 62
35 48
35 84
35 98
35 60
35 56
35 92
35 57
35 78
35 47
35 42
35 67
35 105
35 61
35 88
35 55
35 87
35 66
35 90
35 52
35 63
35 41
35 93
35 59
35 53
35 43
35 80
35 49
35 86
35 81
35 40
35 64
35 83
35 73
36 59
36 64
36 110
36 72
36 79
36 114
36 108
36 84
36 67
36 112
36 78
36 92
36 107
36 66
36 60
36 86
36 63
36 76
36 75
36 99
36 69
36 74
37 11
37 20
38 119
38 120
38 121
39 128
39 130
39 127
39 129
39 131
39 126
40 121
40 127
40 125
40 117
40 122
40 120
41 45
41 38
41 52
41 43
41 49
41 37
41 46
41 44
41 53
41 56
41 40
41 34
41 51
43 74
44 23
44 16
44 39
44 18
44 42
44 24
44 10
44 22
44 15
44 30
44 40
44 35
44 19
44 31
44 20
44 25
44 36
45 128
45 129
46 5
46 17
46 9
46 15
46 11
46 22
46 8
46 13
46 34
46 61
46 6
46 12
46 20
46 21
46 18
46 14
46 23
46 26
48 50
48 55
48 47
49 9
49 7
50 63
50 91
50 53
50 64
50 92
50 58
50 86
50 94
50 78
50 69
50 52
50 88
52 72
52 83
52 76
53 113
53 115
54 90
54 101
54 100
54 92
55 6
55 7
55 8
55 9
55 5
56 55
56 22
56 17
56 34
56 28
56 36
56 14
56 13
56 19
56 54
56 30
56 49
56 43
56 12
56 15
56 25
56 32
56 35
56 31
56 26
56 58
56 27
56 10
56 11
56 23
56 18
57 14
57 29
57 47
57 82
57 68
57 18
57 70
57 81
57 83
57 25
57 13
57 75
57 67
57 95
57 52
57 31
57 60
57 73
57 15
57 20
57 105
57 101
57 79
57 99
57 19
57 16
58 124
58 119
58 123
58 111
58 98
58 115
58 116
58 101
58 106
58 104
58 99
58 112
58 97
58 103
58 120
58 107
58 118
58 105
60 72
61 57
62 21
63 28
63 32
63 84
63 80
63 31
63 25
63 16
63 19
63 23
63 41
63 35
63 18
63 34
63 81
63 85
63 82
63 51
63 30
63 76
63 21
63 27
63 49
63 20
63 26
63 79
63 83
63 33
64 132
66 131
67 100
67 103
67 115
67 94
67 86
67 109
67 102
67 75
67 84
67 71
68 20
68 29
68 16
68 60
68 105
68 53
68 18
68 108
68 36
68 98
68 72
68 104
68 83
68 103
68 109
68 46
68 25
68 107
68 63
69 104
69 108
69 107
70 24
70 21
70 29
70 28
70 17
70 19
70 16
71 112
72 65
72 54
73 118
73 116
73 125
73 117
74 48
74 59
74 32
74 50
74 41
74 38
74 33
74 35
74 37
74 52
74 46
74 31
74 55
74 43
74 44
74 51
74 47
75 57
75 48
75 59
75 55
75 51
75 52
75 47
75 60
75 85
75 53
75 50
75 58
75 54
76 28
76 27
76 20
77 35
77 26
77 10
77 20
77 11
77 24
77 22
77 9
77 33
77 30
77 16
77 31
77 32
78 50
78 36
78 57
78 51
78 38
78 59
78 45
79 74
79 62
79 42
79 64
79 40
79 33
79 35
79 28
79 38
79 70
79 22
79 59
79 29
79 67
79 49
79 52
79 75
79 68
79 31
79 57
79 23
79 44
79 66
79 45
79 27
79 47
79 51
79 36
79 37
79 65
79 24
79 55
79 21
79 53
80 100
82 15
82 25
82 31
82 24
82 27
82 23
82 16
82 17
82 21
82 26
82 33
82 29
82 20
83 32
83 51
83 57
83 44
83 99
83 70
83 35
83 31
83 47
83 34
83 63
83 95
83 43
83 33
83 39
84 63
84 35
84 37
84 41
84 50
84 20
84 6
84 64
84 5
84 33
84 42
84 24
84 60
84 16
84 66
84 18
84 53
84 30
84 65
84 59
85 126
86 112
86 110
87 68
87 66
87 65
87 67
87 57
89 12
89 35
89 50
89 32
89 10
89 52
89 14
89 51
89 40
89 19
89 37
89 17
89 16
89 21
89 7
89 47
89 36
89 48
89 42
89 6
89 27
89 25
89 24
89 49
89 46
89 34
89 30
89 13
89 45
89 18
89 41
89 54
89 64
89 29
89 11
90 117
90 103
90 125
90 104
90 111
90 118
90 124
90 115
90 105
90 123
90 119
90 116
90 121
90 114
90 127
91 90
91 94
91 88
91 79
93 102
93 96
93 111
93 97
93 108
93 113
94 23
95 51
95 46
95 49
95 47
95 48
96 102
96 105
96 104
96 107
96 106
98 72
98 69
98 64
98 67
99 79
100 70
100 59
100 65
100 61
100 57
100 64
101 52
101 107
101 95
101 38
101 88
101 59
101 30
101 53
101 54
101 93
101 51
101 26
101 109
101 87
101 39
101 92
101 55
101 56
101 108
101 80
103 126
103 125
103 128
103 129
103 131
104 85
104 82
104 102
104 94
104 107
104 95
104 83
104 89
104 88
104 98
105 61
105 53
105 57
105 81
105 64
105 50
105 54
105 65
105 56
105 58
105 59
105 66
105 49
105 48
105 60
105 86
106 71
106 74
106 72
106 75
107 79
107 74
107 78
107 62
108 102
108 105
108 104
109 106
109 111
110 100
110 102
110 97
112 105
112 110
112 108
112 114
112 104
112 109
112 118
113 66
113 65
113 62
114 34
114 29
114 15
114 21
114 45
114 7
114 43
114 6
114 42
114 47
114 13
114 11
114 40
114 27
114 22
114 3
114 26
114 56
114 12
114 51
114 19
114 4
114 54
114 23
114 28
114 9
114 49
114 37
114 30
114 10
114 5
114 35
116 5
116 3
117 129
117 130
118 112
118 117
118 108
118 116
118 111
118 107
118 109
119 90
119 54
119 69
119 74
119 63
119 67
119 87
119 83
119 60
119 86
119 73
119 57
119 77
119 68
119 64
119 93
119 95
119 91
119 56
120 88
120 84
120 98
120 85
121 87
121 84
121 77
122 35
122 41
122 42
122 36
122 4
122 28
122 31
122 5
122 6
122 13
122 8
122 39
122 11
122 48
122 19
122 33
122 34
122 46
122 43
123 57
123 45
123 46
123 51
123 49
123 29
123 39
123 20
123 40
123 58
123 26
123 63
123 25
123 60
123 18
123 55
123 38
123 17
123 47
123 31
123 32
123 21
123 42
123 53
123 27
123 24
123 62
123 22
123 54
124 41
124 43
126 68
126 75
126 60
126 73
126 70
127 53
127 56
127 48
127 52
127 51
127 50
127 61
127 66
127 70
127 54
128 17
128 15
128 12
128 14
128 16
128 13
129 18
130 4
130 3
130 5
131 103
131 91
131 95
131 79
131 76
131 89
131 82
131 92
131 94
131 71
131 101
131 88
131 87
131 93
131 86
131 98
131 99
131 100
132 115
133 123
133 115
133 117
133 118
133 119
133 124
3 63
3 62
3 64
3 60
4 73
5 25
5 28
6 62
7 18
7 2
7 6
7 3
7 15
7 19
7 5
7 11
8 130
8 132
9 84
11 65
13 22
14 13
14 6
14 12
14 9
14 39
14 25
14 24
14 23
14 27
14 48
14 26
14 7
15 107
15 110
15 116
15 119
15 108
16 122
17 96
17 85
17 94
17 92
17 86
17 95
17 88
17 90
18 53
18 55
18 48
20 70
21 127
22 80
22 86
22 87
22 95
22 83
22 91
23 65
23 60
23 72
23 69
23 68
23 58
24 61
24 65
25 39
25 34
25 42
26 42
26 43
26 39
26 60
26 31
26 28
26 67
26 52
27 68
27 77
27 65
27 78
27 55
27 80
27 66
27 67
27 51
27 61
27 46
27 53
27 59
27 69
27 64
27 63
27 45
27 44
27 49
27 52
27 82
27 54
28 121
29 98
29 89
29 93
29 91
29 83
29 101
29 105
29 100
29 99
29 102
29 51
29 90
29 67
29 84
30 38
30 74
30 49
30 26
30 29
30 66
30 25
30 57
30 34
30 32
30 24
30 33
30 67
30 64
31 45
31 17
33 131
34 27
35 127
36 56
36 62
36 57
36 81
36 68
36 71
36 82
36 80
36 77
37 104
37 86
37 108
37 110
37 100
37 105
37 87
37 85
37 99
37 102
38 107
38 112
38 104
38 100
38 114
38 105
38 111
38 109
38 108
39 4
39 76
39 3
39 49
39 43
39 18
39 88
39 15
39 9
39 41
39 85
39 56
39 78
39 46
39 47
39 45
39 37
39 33
39 57
39 53
39 87
39 44
39 13
39 31
39 68
39 38
39 14
39 48
39 30
39 36
39 74
39 6
39 2
39 28
39 54
39 8
39 32
39 23
39 80
39 67
39 50
39 27
39 10
39 22
39 84
39 59
39 21
39 26
39 52
39 29
40 70
40 77
40 95
40 74
40 80
40 102
40 111
40 73
40 108
40 89
40 96
40 93
40 78
42 65
42 53
42 64
42 55
43 129
43 126
43 128
43 130
43 127
44 102
44 110
44 115
44 124
44 125
44 128
44 130
44 122
44 105
44 119
44 109
45 130
46 89
46 70
46 74
46 94
46 105
46 73
46 76
46 102
46 107
46 78
47 27
47 21
47 34
47 39
47 19
47 53
47 20
47 36
47 15
47 32
47 43
47 14
47 11
47 18
47 30
47 44
47 49
47 12
47 46
47 25
47 40
47 10
47 29
47 42
47 33
47 35
48 97
48 93
48 85
48 99
48 107
48 113
48 126
48 106
48 73
48 101
48 114
49 44
50 101
50 107
50 118
50 121
50 117
50 106
50 114
50 109
50 110
50 123
50 116
50 113
51 50
51 49
51 45
51 47
51 44
52 39
52 45
52 47
52 48
53 50
53 122
53 55
53 109
53 117
53 47
53 42
53 72
53 44
53 88
53 121
53 43
53 98
53 120
53 48
53 124
53 62
53 52
53 116
53 83
53 99
54 109
54 105
54 116
54 114
54 121
54 118
54 117
55 126
55 129
55 128
55 125
56 37
56 29
58 31
59 131
59 129
59 130
60 77
60 70
61 89
61 83
61 85
62 80
62 84
62 76
62 88
62 79
62 82
62 81
62 85
62 78
62 77
63 129
63 120
63 123
63 125
63 128
63 126
64 20
64 40
64 14
64 39
64 41
64 26
64 15
64 13
64 27
64 28
64 24
64 33
64 17
64 25
64 30
64 31
64 32
66 122
66 130
66 123
66 133
68 73
68 86
68 85
68 106
69 55
69 52
69 51
70 91
70 72
70 69
70 78
70 92
70 66
71 111
71 117
72 93
72 91
72 92
72 90
72 83
73 80
73 77
73 82
74 34
74 40
74 39
77 117
77 112
77 120
77 105
77 108
77 121
77 119
77 114
77 118
77 116
77 107
77 111
78 101
78 113
78 117
78 91
78 104
78 125
78 124
78 110
78 116
78 108
78 112
78 102
78 121
79 39
79 41
79 34
79 32
79 26
79 30
80 114
80 115
80 112
80 116
80 110
81 46
81 67
81 60
81 79
81 65
81 58
81 71
81 77
81 80
81 73
82 94
82 69
82 84
82 62
82 80
82 59
82 71
82 100
83 62
84 98
84 97
84 99
84 105
85 100
85 27
85 32
85 98
85 42
85 90
85 89
85 84
85 72
85 102
85 35
85 38
85 103
85 30
85 95
85 93
85 39
85 40
85 26
85 96
85 29
85 97
85 99
85 94
85 106
85 87
87 90
87 53
88 127
88 125
88 124
88 133
88 120
88 126
90 5
91 127
92 128
92 130
92 131
93 117
93 109
95 78
95 76
95 81
95 69
95 61
95 85
95 80
95 62
95 79
95 82
95 75
95 86
95 88
95 73
95 53
95 77
95 71
95 67
95 70
96 120
98 54
98 75
98 77
98 70
98 61
98 82
100 89
100 94
100 93
102 91
102 100
102 93
102 99
102 97
103 59
103 57
103 58
103 61
104 123
104 122
104 126
104 121
106 76
106 124
106 69
106 121
106 66
106 73
106 126
106 78
106 70
106 115
107 132
107 131
108 93
108 95
108 91
108 98
108 88
108 94
108 101
108 103
108 100
108 110
110 80
112 90
112 91
113 129
113 131
113 132
113 128
115 40
115 55
115 58
115 54
115 48
115 60
115 47
115 34
115 56
115 52
115 42
115 51
115 38
115 59
115 57
115 61
115 41
117 40
117 53
117 52
117 50
117 54
117 55
117 47
117 44
117 51
117 48
117 38
117 49
118 73
118 104
118 76
118 96
118 89
118 94
118 84
118 70
118 110
118 97
118 100
118 105
118 99
118 90
118 95
118 85
118 82
118 106
118 81
118 83
119 59
119 66
119 58
119 55
120 39
120 25
120 21
120 24
120 30
121 92
121 108
121 119
121 104
121 120
121 70
121 99
121 81
121 109
121 103
121 111
121 98
122 58
122 55
122 66
122 71
122 73
122 51
122 67
122 65
122 70
122 53
122 57
122 76
122 69
122 56
122 68
123 95
123 94
123 96
123 97
125 21
125 28
125 37
125 45
125 22
125 46
125 35
127 75
127 79
128 120
128 123
128 111
129 101
129 104
129 96
129 100
130 91
130 92
130 89
130 90
131 55
131 22
131 18
131 17
131 16
131 47
131 23
131 61
131 33
131 32
132 35
132 4
132 24
132 6
132 5
132 7
133 41
133 43
133 40
1 103
1 67
1 94
1 97
1 96
1 106
1 99
1 98
1 70
1 95
2 28
2 39
2 42
3 130
3 128
5 11
5 13
5 32
5 12
5 22
5 14
5 21
5 16
5 20
5 17
6 19
7 118
9 17
9 19
9 16
10 114
10 112
10 107
10 115
10 119
10 116
13 65
14 62
15 133
15 125
15 128
15 132
16 54
16 60
16 58
16 61
16 57
16 59
17 93
17 91
18 100
18 98
18 82
18 90
18 85
18 104
18 88
18 84
18 74
18 86
18 95
18 93
18 67
18 83
18 96
18 80
18 79
18 89
18 97
18 87
19 63
19 89
19 61
19 75
19 86
19 80
19 92
19 90
19 68
19 93
19 91
19 83
19 87
19 78
19 88
19 79
19 82
20 111
20 101
20 104
20 106
21 131
21 132
21 129
21 130
22 45
22 42
23 80
23 54
23 84
23 70
23 88
23 82
23 83
24 130
25 10
25 7
25 11
25 5
25 6
26 95
26 101
26 91
26 97
26 105
26 93
26 99
27 89
27 87
28 102
31 100
31 55
31 97
32 56
32 35
32 55
32 31
32 48
35 69
35 65
35 58
35 72
37 125
37 48
37 103
37 119
37 121
37 58
37 107
37 122
37 62
37 72
37 118
37 52
37 101
37 71
37 113
37 56
37 59
37 54
37 127
37 53
37 115
37 83
37 120
37 66
37 117
37 111
38 50
38 40
39 77
39 82
39 69
42 62
43 48
43 33
43 28
43 40
43 45
43 42
43 32
43 37
43 34
43 39
43 29
43 38
43 36
44 63
44 68
44 65
44 83
44 70
44 69
44 87
45 42
45 37
46 97
46 103
46 92
47 77
47 16
47 56
47 67
47 23
47 13
47 26
47 71
47 80
47 88
47 61
47 41
47 31
47 63
47 72
47 45
47 24
47 70
47 68
47 66
48 111
48 90
48 100
48 65
48 67
48 70
48 88
48 98
48 62
49 41
49 29
49 39
49 38
49 31
49 46
49 32
49 22
49 64
49 45
49 33
50 104
50 93
50 96
51 83
51 81
51 61
51 82
51 59
51 80
51 72
51 77
51 70
51 64
51 67
51 79
51 76
51 63
52 51
52 46
52 49
52 54
52 57
52 58
52 55
52 50
53 114
53 118
53 112
54 122
54 115
54 73
54 119
54 84
54 65
56 66
56 69
56 68
57 56
58 96
58 86
58 95
58 94
58 71
58 102
58 88
58 84
58 89
58 100
58 82
58 85
58 108
58 93
58 81
58 77
58 92
58 83
60 42
60 51
60 33
60 32
61 54
61 47
61 44
61 56
62 104
62 96
62 112
62 107
62 92
62 111
62 100
62 98
62 94
62 105
62 110
62 108
62 113
63 50
63 4
63 8
63 22
63 14
63 7
63 10
63 15
63 6
63 36
63 5
63 9
64 90
64 92
64 89
64 91
64 95
65 42
65 43
65 40
66 52
66 51
66 49
67 79
67 62
67 69
67 93
68 119
68 118
68 91
68 116
68 100
68 71
68 121
68 115
69 23
69 42
69 39
69 33
69 48
69 43
69 47
69 37
69 25
69 16
69 34
69 18
69 28
69 44
69 24
69 32
69 19
69 17
69 26
69 21
69 20
69 49
70 100
70 117
70 120
70 114
70 113
70 111
70 123
70 102
70 121
70 115
70 112
70 116
71 102
72 101
72 103
72 104
72 105
73 20
73 21
73 15
73 10
73 19
74 92
74 97
74 90
74 94
74 72
74 93
74 91
74 77
74 83
74 101
74 99
74 98
75 130
75 120
75 128
75 131
75 127
75 126
75 124
75 122
77 81
77 66
77 82
77 83
77 85
77 71
77 61
77 75
77 58
77 79
77 76
78 53
78 60
79 6
79 7
79 9
80 21
80 32
81 101
81 68
81 100
81 109
81 119
81 110
81 78
81 94
81 86
81 74
81 72
81 76
81 49
81 124
81 104
81 102
82 99
83 122
84 79
84 94
84 19
84 68
84 80
84 44
84 81
85 101
85 92
86 4
86 1
86 2
87 20
87 38
87 62
87 10
87 4
87 58
87 1
87 15
87 6
87 16
87 9
87 2
87 17
87 13
87 3
87 12
87 73
87 26
87 27
88 73
88 77
88 79
89 96
89 98
89 91
89 109
89 102
89 94
89 100
89 111
89 112
89 93
89 103
89 107
89 121
89 133
89 106
89 108
89 117
89 105
89 99
89 101
89 114
89 115
90 110
90 88
90 113
90 97
90 100
90 96
90 82
92 76
92 79
92 71
92 83
92 81
92 75
92 73
92 77
92 70
93 91
93 87
96 95
96 99
97 31
97 39
97 59
97 42
97 27
97 60
97 49
97 58
97 29
97 44
97 47
97 30
97 55
97 57
97 48
97 38
97 37
97 46
97 41
97 33
97 32
97 25
97 43
98 76
99 64
99 56
99 57
100 52
100 60
100 55
100 45
100 53
100 47
100 56
100 50
100 67
100 71
101 18
101 20
102 124
102 129
102 119
102 117
102 131
102 133
102 118
102 123
102 128
102 132
102 121
103 83
103 76
103 81
103 70
103 78
104 108
104 111
104 109
104 114
104 112
106 113
106 114
106 112
106 119
106 117
107 128
107 126
107 127
108 89
108 83
108 81
108 82
108 85
108 87
108 86
109 102
109 90
109 105
109 86
109 96
109 97
109 95
109 115
109 91
109 93
109 104
109 99
109 94
109 89
111 82
111 73
111 79
112 35
112 32
112 33
112 28
112 26
112 31
112 34
113 24
113 40
113 43
113 47
113 23
113 34
113 50
113 20
113 39
113 22
113 26
114 44
114 71
114 46
114 48
114 87
114 85
116 73
116 92
116 83
116 123
116 87
116 102
116 75
116 76
116 85
116 70
116 64
116 111
116 125
116 109
116 93
116 105
116 67
117 100
117 111
117 98
117 112
119 22
119 26
119 20
119 23
119 21
119 24
120 55
120 81
120 65
120 70
120 74
120 80
120 63
120 68
120 57
120 59
120 73
120 82
120 83
120 86
120 78
122 132
123 130
123 128
123 120
123 98
124 63
125 41
125 57
125 89
125 18
125 30
125 72
125 47
125 68
125 70
125 95
125 96
125 91
125 69
125 19
125 83
125 88
125 93
125 99
125 63
125 81
125 59
125 55
125 79
125 23
125 67
125 53
125 34
125 50
125 62
125 73
125 87
125 74
125 65
125 75
125 97
125 71
125 54
125 49
125 58
125 60
125 43
125 44
125 20
127 14
127 12
127 8
127 10
127 13
127 18
127 9
127 23
127 11
127 24
128 32
128 36
128 31
129 17
129 68
129 21
129 53
129 64
129 22
129 34
129 23
129 39
129 37
129 27
129 26
129 24
129 20
130 14
130 26
130 17
130 20
130 28
130 25
130 23
130 22
130 16
130 18
130 29
131 104
131 83
131 90
131 96
131 80
131 97
131 73
131 85
132 102
132 111
132 101
2 9
2 20
2 7
2 14
2 19
2 4
2 15
2 6
2 17
2 12
3 75
5 92
5 82
5 80
5 76
5 89
5 93
5 79
5 78
5 91
6 83
6 81
6 107
6 85
6 103
6 78
6 87
6 89
6 82
6 88
6 79
6 80
6 102
6 112
6 111
7 92
7 90
8 85
8 76
8 17
8 70
8 14
8 13
10 80
10 103
10 79
10 98
10 101
10 78
10 95
10 108
10 117
10 85
10 113
10 97
10 94
11 101
11 95
11 97
11 81
11 93
11 77
11 86
11 91
11 89
11 90
11 92
11 94
12 80
12 63
12 56
12 62
12 84
12 70
12 64
12 53
13 56
13 54
15 114
15 115
15 111
15 121
16 32
16 31
17 78
17 77
17 80
17 72
17 84
17 128
17 127
17 79
17 121
17 123
17 89
17 81
18 38
18 65
18 43
18 45
18 46
18 58
18 92
18 94
18 51
18 66
18 37
19 109
19 126
19 77
19 121
19 65
19 94
19 76
19 104
19 85
19 40
19 98
19 81
19 106
19 128
19 101
19 97
20 50
20 30
20 36
20 52
20 49
21 56
21 113
21 65
21 58
21 96
21 52
21 98
22 66
22 69
22 74
22 92
22 71
22 68
22 61
22 63
22 105
23 100
23 78
23 97
23 108
23 106
23 98
23 86
24 23
24 21
27 110
27 123
27 101
27 118
27 124
27 125
27 102
27 127
27 115
27 103
27 126
28 10
28 9
28 12
29 11
29 7
29 13
29 12
29 10
30 91
30 87
30 70
30 80
30 88
30 90
30 85
30 97
30 45
30 37
30 41
30 56
30 98
30 89
30 78
33 78
34 20
34 17
34 21
34 19
34 23
35 75
35 89
35 82
36 113
37 116
37 106
37 114
38 116
39 11
39 25
39 24
39 19
39 20
40 118
40 124
40 128
40 126
40 119
41 55
41 29
41 39
41 36
41 26
41 50
41 31
41 35
41 33
41 47
42 104
42 88
42 98
42 116
42 93
42 101
42 99
42 113
42 86
42 109
42 78
42 100
42 76
42 117
42 90
42 111
42 82
42 102
42 83
42 97
42 107
42 84
42 87
42 108
43 25
43 24
43 22
43 6
43 11
43 19
43 17
43 15
43 23
43 31
43 10
43 13
43 5
43 21
43 30
43 7
43 3
44 118
44 120
44 131
44 126
44 129
46 117
46 128
46 124
46 113
46 127
46 125
46 126
46 118
46 112
46 123
47 92
47 86
47 65
48 11
48 8
48 10
48 9
49 30
49 17
49 34
49 25
49 23
49 13
49 40
49 28
49 42
50 112
50 108
50 115
52 69
52 82
52 81
52 80
52 79
52 68
52 67
54 120
54 123
55 119
55 97
55 109
55 111
55 104
55 113
55 105
55 106
55 107
55 115
55 118
55 120
55 99
55 112
55 86
55 98
55 121
55 110
55 114
55 102
55 94
56 79
56 87
56 83
56 88
56 80
56 86
56 89
57 10
57 5
57 17
57 21
57 69
57 24
57 7
57 22
58 113
60 113
60 114
61 13
61 15
61 16
61 10
61 9
62 61
62 71
62 69
62 65
62 64
62 59
62 73
62 53
62 72
62 54
62 67
65 87
65 86
65 88
65 89
66 26
66 54
66 33
66 75
66 45
66 44
67 57
67 58
67 48
67 55
67 53
67 52
67 56
70 46
70 40
70 58
70 37
70 45
71 52
71 59
71 50
71 62
71 60
72 100
72 35
72 95
72 106
72 96
72 108
72 97
72 94
72 99
72 102
72 79
73 111
74 126
74 117
74 123
74 127
75 123
75 132
75 109
75 133
75 119
76 37
76 39
78 68
78 70
78 72
78 62
78 65
78 71
78 67
78 73
79 127
82 44
82 42
82 50
82 64
82 55
82 54
82 46
82 56
82 40
82 57
82 53
82 51
82 49
82 47
82 28
82 30
82 45
82 32
83 10
83 7
84 130
84 129
84 126
84 121
85 6
86 41
87 59
87 8
87 42
87 7
87 91
87 14
87 11
90 55
90 65
90 63
90 61
91 117
91 126
91 128
91 95
91 121
91 123
91 122
91 120
91 118
91 96
91 98
91 115
91 125
91 114
93 125
93 126
95 38
95 42
95 43
95 41
95 40
96 111
96 100
96 110
96 91
96 108
97 40
97 53
97 34
97 45
97 35
97 36
97 61
97 54
97 52
97 62
97 50
97 51
98 109
98 104
98 120
98 106
98 112
98 108
98 93
98 116
98 95
98 96
98 113
98 101
98 100
98 107
98 97
99 126
99 124
99 128
99 125
99 130
99 122
100 46
100 43
100 48
100 38
100 41
100 37
100 49
100 54
100 51
102 61
102 104
102 96
102 108
102 63
102 107
102 101
102 98
102 59
103 105
103 90
103 97
103 88
103 110
103 86
103 92
103 112
103 117
104 96
104 97
105 118
105 129
105 95
105 127
107 93
107 92
111 20
111 33
111 68
111 43
111 25
111 66
111 37
111 67
111 83
111 62
111 44
111 30
111 64
111 57
111 19
111 53
111 77
111 71
111 32
112 101
113 91
113 96
113 85
113 84
113 95
113 89
113 93
114 17
114 18
114 16
116 10
116 20
116 4
116 9
116 21
116 17
116 8
116 18
116 12
116 23
117 45
117 57
117 58
118 115
118 93
118 124
118 68
118 113
118 101
118 121
118 98
118 123
118 126
118 130
118 88
118 66
118 71
118 92
118 125
119 88
120 23
120 26
120 34
120 37
121 131
121 130
122 77
122 116
122 62
122 47
122 111
122 52
122 63
122 75
122 32
122 82
122 60
122 90
122 15
122 81
122 121
122 108
122 94
122 100
122 115
122 64
122 61
122 7
122 72
122 89
122 80
122 59
123 19
123 34
123 48
123 23
123 44
123 52
123 41
123 43
123 36
123 50
123 35
123 56
123 30
124 89
124 80
124 85
125 113
125 101
125 116
125 118
125 123
125 106
125 107
126 46
126 44
126 58
126 41
126 57
126 74
126 52
126 55
126 51
126 76
126 40
127 26
127 28
127 25
127 27
129 116
129 119
129 113
129 117
129 118
130 41
132 81
132 64
132 44
132 67
132 88
132 57
132 49
132 42
132 40
132 70
132 77
132 18
132 66
132 41
132 39
132 82
132 74
133 80
2 81
3 90
4 112
4 106
4 107
4 113
4 105
4 118
4 117
4 115
4 114
5 94
5 95
5 90
5 77
5 83
5 81
5 97
6 94
6 91
7 65
7 64
7 57
7 105
7 60
7 68
7 61
7 106
7 73
7 69
7 76
7 77
7 58
7 67
7 72
7 113
7 102
7 62
7 66
7 75
7 115
8 103
8 105
8 101
8 94
8 96
9 92
9 85
10 126
10 118
10 123
11 19
11 13
11 21
11 18
12 67
13 125
13 109
13 100
13 86
13 97
13 117
13 84
13 70
13 130
13 82
13 107
13 96
13 116
13 93
13 68
13 64
13 67
13 88
13 106
13 111
13 120
13 115
13 72
13 75
13 112
13 103
13 104
13 80
13 91
13 119
13 78
13 105
13 81
13 77
13 94
13 71
14 126
14 95
14 130
14 105
14 111
15 70
15 89
15 92
15 84
15 90
15 86
15 99
15 58
15 95
15 93
15 79
15 69
15 60
15 91
15 98
15 57
15 64
15 94
15 59
15 65
15 73
15 88
16 91
16 88
16 97
16 93
16 92
16 96
18 124
18 122
18 121
18 123
20 11
22 43
22 41
22 34
22 32
22 39
23 118
24 27
24 26
26 133
26 131
27 128
27 131
27 133
27 120
28 64
28 59
28 76
28 75
28 68
30 23
30 16
30 17
30 21
30 18
30 22
30 27
31 98
31 101
31 95
32 106
32 65
32 103
32 70
32 109
32 121
32 62
32 50
32 63
32 101
32 79
32 61
32 98
33 115
33 113
33 117
33 125
33 118
33 121
34 102
35 76
35 79
35 74
35 85
36 19
36 11
36 25
36 5
36 2
36 3
36 4
36 21
36 18
36 15
36 23
36 14
36 7
36 13
36 16
37 49
37 33
37 35
37 60
37 46
37 36
37 50
37 44
37 45
37 40
37 55
37 42
37 41
37 39
37 32
37 51
37 61
37 30
38 92
38 117
38 128
38 95
38 124
38 110
38 103
38 125
38 115
38 127
38 106
38 129
38 93
39 35
39 34
40 34
40 23
40 33
40 30
40 24
40 26
40 25
40 22
40 32
40 31
41 17
41 16
41 24
41 20
41 32
41 48
41 107
41 13
41 21
41 27
41 74
41 15
41 54
41 28
41 110
41 14
41 22
41 68
42 15
42 28
42 34
42 24
42 33
42 23
42 35
42 31
42 29
42 26
42 22
42 16
42 13
42 32
43 121
43 117
43 125
43 115
43 118
43 131
43 120
44 58
44 62
44 95
44 50
44 54
44 53
44 60
44 92
44 78
44 84
44 64
45 6
45 10
45 9
45 14
45 7
45 13
45 12
46 62
46 64
47 50
47 22
51 89
51 88
51 87
51 85
52 111
52 104
52 107
52 115
52 99
52 94
52 100
52 102
52 62
52 110
52 66
52 116
52 91
52 108
52 106
54 128
54 124
57 76
57 78
57 84
57 72
57 80
57 86
57 85
57 74
58 79
58 91
58 90
58 30
58 39
58 64
58 87
60 10
61 36
61 37
61 42
62 11
62 57
62 55
62 36
62 51
62 49
62 50
62 52
62 13
62 29
62 10
62 16
63 61
64 47
64 46
65 68
65 80
65 46
65 75
65 83
65 94
65 78
65 84
65 57
65 79
65 59
65 72
65 70
65 41
65 69
65 56
65 58
65 81
65 30
65 71
65 67
66 53
67 108
68 65
69 131
70 13
70 26
70 15
71 8
71 6
73 51
73 39
73 65
73 70
73 75
73 30
73 4
73 6
73 25
73 14
73 7
73 22
73 61
73 8
73 63
73 68
73 41
73 66
73 31
73 9
73 67
73 44
73 32
73 36
73 33
73 27
74 36
74 64
74 67
74 65
74 42
74 62
74 49
75 10
75 20
75 12
75 26
75 7
75 8
75 22
75 16
75 6
75 14
75 13
75 11
75 15
76 131
78 24
78 15
78 30
78 31
78 34
78 23
78 29
78 35
78 37
80 133
80 130
80 131
80 129
80 120
82 87
83 21
83 17
83 20
83 22
83 16
83 13
83 4
86 30
86 17
86 14
86 25
86 16
86 22
86 24
86 15
86 26
88 71
88 60
88 65
88 62
88 63
88 59
89 97
89 92
89 95
91 13
91 10
91 11
92 99
92 102
95 58
95 33
95 45
95 21
95 65
95 18
95 57
95 22
95 32
95 25
95 44
96 83
96 81
96 109
96 80
96 79
96 101
96 72
96 88
96 87
96 77
96 103
96 82
96 84
97 15
97 12
97 28
97 13
97 11
97 16
97 18
97 10
98 132
99 91
99 81
101 66
103 127
104 74
105 40
105 42
105 45
105 27
105 19
105 17
105 26
105 36
105 41
105 28
105 31
105 22
105 24
105 37
105 46
105 39
105 25
105 55
105 29
105 34
105 33
105 30
107 69
108 90
108 84
108 107
108 97
108 106
109 119
109 121
109 124
109 117
109 122
110 20
110 19
112 106
112 130
112 121
112 111
112 123
112 115
112 117
113 112
113 116
113 115
114 36
115 64
115 74
115 66
115 63
115 65
115 67
116 104
116 118
116 128
117 60
117 59
117 29
117 31
117 20
117 15
117 28
117 41
117 75
117 56
117 36
117 27
117 74
117 30
117 22
117 79
117 33
117 62
117 39
117 65
117 32
117 83
117 37
117 17
117 18
117 34
117 71
117 21
117 35
117 16
118 86
122 93
123 73
123 84
123 80
123 83
123 59
123 75
123 82
123 86
123 68
123 81
123 77
123 78
123 72
123 61
124 102
124 111
124 105
124 114
124 110
124 115
124 101
124 107
124 113
124 108
126 61
127 131
128 11
128 10
128 29
128 8
128 24
128 6
128 4
128 21
129 102
129 99
129 107
129 91
129 85
129 69
129 105
129 78
129 83
129 80
129 77
129 65
129 103
129 82
131 29
132 56
132 68
132 60
132 43
132 65
133 98
133 100
133 101
1 111
2 83
3 94
3 100
3 108
3 111
3 57
3 76
3 61
3 77
3 47
3 58
3 107
3 83
3 43
3 99
4 67
5 74
5 105
5 109
5 103
5 102
5 73
5 98
5 72
5 108
5 71
5 99
5 75
5 107
5 96
6 72
6 71
6 119
6 120
6 86
6 76
6 84
6 131
6 77
6 74
6 125
6 59
6 75
6 63
6 67
6 132
6 65
6 64
6 73
6 124
6 126
6 118
6 130
6 68
6 66
6 61
7 63
7 59
7 53
7 55
10 96
10 84
11 3
11 8
11 4
11 7
11 5
13 69
13 79
13 60
13 74
13 62
13 59
13 57
13 66
13 58
13 63
13 61
15 78
15 85
15 77
15 83
16 121
16 117
16 124
16 118
17 70
17 87
17 76
17 83
18 91
18 56
18 81
19 124
19 130
19 129
19 131
20 115
20 89
20 122
20 114
20 112
20 78
20 116
20 62
20 119
20 120
20 55
20 118
20 117
20 67
21 125
22 59
23 101
23 127
23 116
23 111
23 130
23 103
23 128
24 112
24 62
24 95
24 123
24 76
24 87
24 91
24 85
24 78
24 113
24 122
24 109
24 115
24 127
24 75
24 103
24 89
24 100
24 128
24 111
24 97
24 84
24 74
24 114
24 82
24 121
24 73
24 129
24 99
24 101
24 88
24 77
24 132
24 106
24 131
24 83
24 98
24 81
24 79
26 100
26 98
27 26
27 41
27 19
27 40
27 23
27 58
27 57
27 32
27 81
27 36
27 56
27 33
27 13
27 48
27 25
27 11
27 31
27 43
27 18
27 62
27 50
27 60
27 30
27 39
28 130
29 37
29 32
29 35
30 121
31 130
31 105
31 20
31 118
31 129
31 131
33 47
33 38
33 50
33 44
33 64
33 61
33 63
33 65
33 49
33 59
33 60
33 57
33 41
33 36
33 43
33 45
33 46
33 58
34 95
35 16
35 11
35 9
35 10
35 15
36 46
36 70
36 65
36 48
36 41
36 54
36 55
36 47
36 43
36 53
38 45
38 55
38 51
38 49
38 56
39 116
39 111
40 37
40 28
40 21
40 38
40 12
40 44
40 35
40 49
40 9
40 20
40 39
40 7
40 50
40 8
40 16
40 19
40 48
40 13
42 105
42 112
42 75
42 106
42 81
42 91
42 80
45 60
45 71
45 63
45 69
45 87
45 91
47 100
47 98
47 104
47 106
47 108
47 107
47 102
47 103
47 109
48 89
48 77
48 59
48 61
49 97
49 98
50 111
53 119
55 101
55 95
55 96
55 116
55 100
55 117
55 103
56 70
56 71
58 14
59 110
59 106
59 100
59 104
59 102
59 107
59 101
63 2
64 34
65 128
65 129
65 126
65 132
65 125
66 58
67 128
67 123
69 60
69 64
69 66
69 65
69 50
69 63
69 45
69 73
69 75
69 61
69 56
69 54
69 58
69 74
69 68
69 53
71 42
71 65
71 70
71 81
71 76
71 64
71 49
71 61
71 45
71 75
71 74
71 19
72 112
72 115
72 118
72 113
72 107
72 111
72 109
73 47
75 37
75 41
75 39
75 43
75 49
76 98
76 99
76 89
76 100
76 103
76 97
77 91
77 92
77 89
77 88
77 84
77 86
77 98
77 95
77 99
77 94
78 94
78 88
78 63
78 69
78 93
78 84
78 61
78 87
78 89
79 84
79 85
79 60
79 69
79 63
79 58
79 61
79 87
79 76
79 56
79 88
79 72
79 78
79 77
81 93
81 75
82 19
82 37
82 41
82 39
82 43
82 48
82 52
82 35
83 112
83 101
84 110
84 96
84 101
84 108
84 113
85 15
85 25
85 37
85 20
85 19
85 41
85 88
85 14
85 28
85 23
85 34
85 16
86 65
86 56
86 73
86 83
86 91
86 55
86 74
86 69
86 90
86 70
86 85
86 80
86 45
86 81
86 94
86 75
87 110
87 122
89 104
89 53
90 37
90 62
90 41
90 45
90 58
90 39
90 38
90 40
90 36
90 129
90 122
90 120
90 42
90 130
91 19
91 30
91 35
91 37
91 39
91 14
91 27
91 36
91 33
91 29
91 16
91 23
91 43
91 8
91 22
91 18
91 25
91 12
91 21
92 60
92 59
92 41
92 82
92 87
92 43
92 27
92 56
92 28
92 86
92 80
92 30
92 78
92 36
92 84
92 57
92 39
92 85
92 63
92 94
92 88
92 72
92 66
92 69
92 46
92 67
92 58
92 74
94 128
94 130
94 127
95 92
95 97
95 87
95 84
95 101
95 111
95 106
95 110
95 89
95 99
95 90
95 103
95 105
95 98
95 104
95 83
96 98
98 130
99 11
100 116
100 123
100 115
101 14
101 36
103 108
103 111
103 109
104 22
104 26
104 21
104 28
104 27
104 24
106 53
106 46
106 68
106 57
106 94
106 44
106 67
106 60
107 47
108 111
108 112
108 116
108 114
109 74
109 69
109 75
109 64
109 80
109 88
109 82
109 70
109 59
109 73
109 61
109 81
109 56
109 67
109 58
109 84
109 85
109 71
109 68
110 47
110 38
110 40
110 41
111 90
112 100
112 93
112 103
112 107
112 102
113 118
113 106
113 108
113 122
113 103
113 130
113 94
113 102
113 111
113 100
113 107
113 98
113 109
113 121
113 120
114 50
115 107
115 111
115 130
115 131
115 123
115 109
115 114
118 50
118 103
118 45
118 114
118 54
118 60
118 37
118 91
118 52
118 46
118 51
118 56
118 61
118 67
118 42
119 107
119 106
119 115
119 100
119 62
119 109
119 117
119 35
119 65
119 78
119 61
119 118
119 101
119 32
119 38
119 114
119 98
119 84
119 85
119 33
119 108
119 111
119 121
119 103
120 53
120 51
120 47
120 62
121 22
121 23
121 11
121 25
122 29
122 38
122 40
123 90
123 87
123 91
123 107
123 74
124 51
124 55
124 52
124 50
125 90
125 86
125 84
125 85
127 59
130 34
130 30
130 65
130 45
130 35
130 38
130 54
130 48
130 33
130 52
130 60
131 123
132 128
132 122
132 129
132 127
133 65
133 63
133 68
133 56
133 79
133 54
133 70
133 55
133 76
133 81
133 78
1 119
1 78
1 117
1 118
2 72
3 81
3 71
3 118
3 89
4 109
4 124
4 120
4 116
4 128
4 119
4 122
4 127
5 122
6 70
8 27
9 29
14 116
14 103
15 26
15 25
15 38
15 39
16 107
16 106
17 129
18 112
18 117
18 119
18 115
18 125
22 31
22 58
22 27
22 60
22 18
22 33
22 67
24 53
24 70
24 50
24 38
24 39
24 37
24 69
24 45
24 71
24 51
24 40
26 21
26 40
26 12
26 44
26 20
26 13
26 8
27 97
28 131
28 129
29 111
29 103
29 94
29 116
29 115
29 104
29 114
29 108
29 107
29 85
31 119
31 116
32 72
33 71
33 30
33 32
33 28
33 68
33 40
33 39
33 52
33 35
33 31
34 131
34 122
34 133
34 125
35 54
35 50
35 51
36 51
36 52
36 49
38 91
38 83
38 97
38 87
38 88
38 79
38 85
38 77
39 92
39 51
39 89
39 90
39 81
39 79
42 85
42 89
42 92
43 50
43 113
43 123
43 51
43 122
43 53
43 124
43 41
43 57
43 46
43 55
43 52
43 35
45 27
45 48
45 92
45 82
45 36
45 65
45 67
45 55
45 61
50 61
50 38
50 57
50 65
50 41
50 43
50 45
50 46
50 36
51 30
51 32
52 117
52 119
52 118
52 129
52 128
52 121
53 51
53 46
53 49
57 111
57 113
57 127
57 129
57 112
57 106
60 65
60 64
60 44
61 110
61 100
62 103
62 115
62 121
62 99
62 126
62 91
62 118
62 93
62 120
62 95
62 122
62 116
62 89
62 102
63 130
63 124
63 131
64 8
64 68
64 60
64 76
64 70
64 16
64 12
64 56
64 21
64 22
64 82
64 72
64 67
64 61
64 54
64 10
64 71
64 111
64 11
64 86
64 88
64 83
64 100
64 80
64 59
64 19
64 6
64 48
64 63
64 7
64 119
64 110
64 107
64 18
64 116
64 79
65 97
66 129
66 126
66 128
69 91
69 90
69 89
69 88
69 92
69 109
69 86
70 18
70 43
70 48
70 76
70 105
70 14
70 88
70 80
70 104
71 4
72 122
72 117
72 120
72 119
72 123
73 69
73 64
74 95
76 129
76 127
77 40
77 34
77 37
77 38
77 41
77 42
79 54
79 48
79 50
79 43
80 82
81 20
81 36
81 26
81 25
81 35
81 22
81 19
81 29
81 27
81 24
85 118
85 119
85 117
85 115
86 133
86 129
86 132
87 123
88 78
92 9
93 121
93 124
93 118
95 15
95 23
95 13
95 118
95 116
95 117
95 50
95 93
95 100
95 114
95 91
95 113
95 24
95 68
95 74
95 14
95 72
95 107
95 112
95 115
95 26
95 11
95 27
95 109
95 20
96 65
96 63
96 62
97 81
97 90
97 92
97 77
97 80
97 84
97 75
97 78
97 87
98 88
98 105
98 103
98 110
98 90
98 102
98 87
99 93
99 127
99 94
99 107
100 20
100 21
100 12
100 44
100 31
100 28
100 4
100 7
100 15
100 40
100 6
100 32
100 58
100 24
100 9
100 27
100 35
100 33
100 18
100 62
100 42
100 25
100 30
100 63
100 16
101 89
102 95
103 123
103 122
106 21
106 10
106 15
106 12
106 17
106 16
106 22
106 13
106 11
107 48
107 46
107 57
107 55
107 56
108 96
108 80
108 92
110 32
110 26
110 31
110 30
110 29
111 16
111 17
111 15
112 127
113 76
113 75
114 133
114 132
115 99
116 71
116 74
116 68
117 43
117 42
117 46
119 102
119 104
120 49
120 44
121 55
121 59
121 36
122 74
122 78
122 85
123 15
123 14
123 16
123 13
124 104
124 121
124 112
124 106
124 122
124 109
124 119
124 116
127 37
127 55
127 43
127 36
127 57
127 58
127 47
127 38
127 60
127 49
128 65
128 48
128 50
128 69
128 52
128 57
128 51
129 92
129 25
129 35
130 51
130 66
130 67
130 88
130 57
130 86
130 93
130 77
131 124
131 118
131 109
131 112
131 115
131 120
131 114
131 113
131 110
132 97
132 98
132 113
133 69
133 74
1 112
1 92
1 114
3 59
3 52
4 108
4 110
5 46
5 29
5 40
5 42
7 56
7 70
7 71
8 110
8 68
9 114
9 116
9 112
9 115
9 109
10 6
10 3
10 7
11 38
11 36
11 48
11 63
11 41
11 52
13 89
13 48
13 95
13 121
13 76
13 110
13 42
13 92
13 101
13 114
16 95
16 94
16 100
16 98
16 101
16 99
18 103
23 40
24 41
24 55
24 58
26 117
26 122
26 120
26 125
26 123
26 127
26 124
26 115
26 118
28 18
28 23
28 26
28 22
29 20
30 101
30 105
30 104
30 76
32 42
32 66
32 89
33 124
33 122
35 111
35 113
36 58
38 7
38 5
38 44
38 24
38 19
38 17
38 113
38 20
38 26
38 4
38 14
38 28
38 53
38 6
38 27
38 67
38 18
38 21
38 33
38 86
38 25
38 90
38 10
38 8
38 15
38 13
38 89
39 122
39 125
40 76
40 83
40 81
42 25
42 47
42 41
42 44
42 27
42 38
44 26
44 21
44 32
44 28
44 41
44 38
44 34
44 27
45 107
45 104
45 101
45 114
46 120
46 121
46 119
49 72
49 71
49 62
49 73
50 77
50 48
50 49
54 110
54 57
55 20
55 14
55 92
55 17
55 81
55 90
55 10
55 15
55 91
56 85
56 81
57 123
57 125
59 63
59 66
59 11
59 15
59 17
59 16
59 14
59 43
59 69
59 24
59 40
59 30
61 30
61 35
61 21
61 24
61 38
61 31
61 34
61 27
61 23
61 79
61 25
61 33
61 81
61 26
61 84
61 22
61 17
61 32
61 18
63 101
63 99
63 90
63 100
63 93
63 107
63 95
63 86
63 109
63 102
63 87
63 89
63 106
63 105
63 78
63 104
63 94
64 73
64 87
64 58
64 75
64 69
64 84
64 77
64 85
64 66
64 74
65 63
66 119
66 118
68 122
68 120
68 124
68 123
70 126
70 128
70 124
70 127
71 3
73 71
73 72
74 26
74 29
74 27
74 25
77 14
77 13
78 81
78 92
78 86
79 82
79 71
79 92
79 86
79 73
79 81
79 83
80 33
80 30
80 15
80 22
81 41
82 34
83 30
83 19
83 36
83 14
83 11
83 37
83 24
83 12
83 5
83 29
