120 10526
1 2
2 3
3 4
4 5
5 6
6 7
7 8
8 9
9 10
10 11
11 12
12 13
13 14
14 15
15 16
16 17
17 18
18 19
19 20
20 21
21 22
22 23
23 24
24 25
25 26
26 27
27 28
28 29
29 30
30 31
31 32
32 33
33 34
34 35
35 36
36 37
37 38
38 39
39 40
40 41
41 42
42 43
43 44
44 45
45 46
46 47
47 48
48 49
49 50
50 51
51 52
52 53
53 54
54 55
55 56
56 57
57 58
58 59
59 60
60 61
61 62
62 63
63 64
64 65
65 66
66 67
67 68
68 69
69 70
70 71
71 72
72 73
73 74
74 75
75 76
76 77
77 78
78 79
79 80
80 81
81 82
82 83
83 84
84 85
85 86
86 87
87 88
88 89
89 90
90 91
91 92
92 93
93 94
94 95
95 96
96 97
97 98
98 99
99 100
100 101
101 102
102 103
103 104
104 105
105 106
106 107
107 108
108 109
109 110
110 111
111 112
112 113
113 114
114 115
115 116
116 117
117 118
118 119
119 120
120 1
2 62
2 66
2 71
2 64
2 70
2 69
2 67
2 63
3 115
3 114
3 118
3 120
4 104
4 105
4 106
4 94
4 95
4 99
4 103
4 107
4 116
4 101
4 111
4 108
4 93
4 114
4 117
4 109
5 47
5 49
5 43
5 46
5 39
5 42
5 40
5 50
5 48
5 38
6 27
6 26
6 24
6 28
8 76
8 65
8 62
8 75
8 71
8 67
8 61
8 74
8 72
8 63
8 64
8 68
9 11
9 13
9 12
10 108
10 110
10 107
11 33
11 29
11 31
11 34
11 30
11 26
12 84
12 101
12 90
12 55
12 96
12 70
12 62
12 103
12 92
12 108
12 80
12 93
12 54
12 95
12 69
12 53
12 64
12 75
12 94
12 72
12 66
12 106
12 73
12 81
12 67
12 83
12 85
12 107
12 109
12 52
12 78
12 61
12 56
12 100
12 71
12 104
12 82
12 79
13 66
13 88
13 56
13 62
13 98
13 69
13 49
13 82
13 76
13 72
13 99
13 30
13 84
13 38
13 53
13 64
13 25
13 55
13 31
13 91
13 32
13 52
13 92
13 85
13 24
13 50
13 97
13 48
13 26
13 40
13 58
13 93
13 29
13 36
13 83
13 42
13 45
13 61
13 87
13 51
13 22
13 94
13 33
13 70
13 73
13 35
13 80
13 27
13 46
14 36
14 29
14 44
14 37
14 19
14 35
14 42
14 21
14 20
14 23
14 25
14 24
14 39
14 34
14 40
14 28
15 54
16 51
16 52
17 105
17 117
17 113
17 114
17 109
17 111
17 107
17 108
17 115
17 103
17 119
17 106
17 99
17 101
18 35
18 47
18 33
18 44
18 15
18 16
18 36
18 24
18 13
18 41
18 40
18 30
18 37
18 22
18 14
18 23
18 38
18 39
18 21
18 28
18 48
19 49
19 84
19 72
19 89
19 53
19 91
19 73
19 77
19 57
19 62
19 94
19 68
19 30
19 74
19 76
19 78
19 61
19 50
19 38
19 47
19 90
19 69
19 33
19 86
19 34
19 45
19 51
19 46
19 83
19 43
19 44
19 64
19 75
19 52
19 92
19 60
19 63
19 39
19 36
19 59
19 88
20 71
20 68
20 67
21 79
21 86
21 94
21 90
21 93
21 83
21 88
21 84
21 87
21 89
22 59
22 60
22 63
22 62
22 58
22 65
22 57
23 31
23 43
23 9
23 20
23 51
23 54
23 47
23 13
23 34
23 32
23 33
23 49
23 7
23 41
23 39
23 29
23 14
23 30
23 11
23 26
23 5
23 40
23 19
23 8
23 37
23 17
23 38
23 27
23 52
24 67
24 92
24 96
24 111
24 85
24 93
24 86
24 102
24 91
24 72
24 95
24 77
24 82
24 88
24 65
24 100
24 89
24 94
24 97
24 112
24 107
24 75
24 87
24 104
24 84
24 79
24 80
24 101
24 98
24 114
24 108
24 73
24 116
24 106
24 69
24 90
24 115
24 76
25 14
25 17
25 22
25 13
25 12
25 23
25 16
25 29
25 28
25 20
27 25
27 22
27 33
27 24
27 29
27 15
27 17
27 21
27 31
27 26
27 20
27 23
28 116
28 118
30 36
30 25
30 32
30 35
30 26
30 27
31 93
31 99
31 100
31 98
31 96
31 94
32 98
32 90
32 99
32 97
32 96
33 105
35 76
35 77
36 32
36 33
36 31
37 109
37 100
37 101
37 110
37 97
37 103
37 96
37 93
37 106
37 104
37 108
37 95
39 73
39 61
39 64
39 65
39 77
39 66
39 74
39 75
39 68
39 63
40 46
40 50
40 49
40 45
40 44
40 39
40 52
40 38
40 37
41 100
41 110
41 93
41 118
41 101
41 115
41 106
41 119
41 117
41 94
41 99
41 112
41 116
41 113
41 103
42 113
42 107
42 105
42 103
42 111
42 114
42 117
42 108
42 116
43 80
43 79
43 81
43 66
43 72
43 67
43 85
43 75
43 83
43 82
43 68
43 74
44 22
44 15
44 16
44 14
44 20
44 12
44 17
44 23
45 72
45 73
45 67
45 63
45 65
45 64
45 66
45 61
45 71
45 68
45 70
45 74
45 58
47 45
47 46
48 34
48 36
48 39
48 38
48 33
48 32
49 70
49 78
49 61
49 72
49 55
49 59
49 63
49 67
49 64
49 60
49 62
49 71
49 79
49 75
49 77
49 52
49 48
49 81
49 54
50 63
50 73
50 83
50 66
50 67
50 77
50 61
50 58
50 79
50 81
50 68
50 57
50 78
50 74
50 62
50 72
50 85
50 86
50 75
51 95
51 97
51 94
51 96
52 16
52 33
52 38
52 26
52 28
52 20
52 21
52 35
52 37
52 19
52 36
52 31
52 24
52 27
52 15
52 22
53 44
53 80
53 94
53 67
53 95
53 101
53 30
53 106
53 34
53 79
53 35
53 56
53 13
53 23
53 97
53 64
53 82
53 58
53 45
53 74
53 20
53 92
53 84
53 47
53 49
53 108
53 78
53 109
53 66
53 31
53 73
53 40
53 25
53 88
53 107
53 19
53 46
53 85
53 57
53 36
53 18
53 75
53 76
53 72
53 65
53 16
53 22
53 11
53 98
53 21
53 33
53 17
53 100
53 77
53 26
53 12
53 14
53 86
53 50
53 29
53 59
53 71
53 39
53 70
53 37
53 69
54 58
54 59
54 52
54 63
54 64
54 60
54 57
55 43
55 33
55 42
55 47
55 32
55 51
55 52
55 31
55 50
55 49
55 38
55 40
55 45
55 44
55 36
56 79
56 76
56 75
56 71
56 73
56 72
56 78
57 88
57 87
57 104
57 89
57 91
57 108
57 101
57 103
57 82
57 86
57 102
57 98
57 97
57 84
57 96
57 99
57 83
57 93
57 81
57 90
57 94
59 45
59 51
59 43
59 46
59 48
59 50
60 20
60 18
60 21
60 22
61 58
61 63
61 65
61 64
61 60
62 98
62 95
62 99
63 91
63 98
63 95
63 104
63 94
63 103
63 97
63 93
64 94
64 79
64 84
64 96
64 76
64 69
64 95
64 93
64 91
64 81
64 74
64 72
64 70
64 66
64 83
64 78
64 82
64 68
64 92
65 56
65 73
65 78
65 80
65 59
65 63
65 51
65 49
65 74
65 64
65 61
65 75
65 55
65 54
65 70
65 62
65 48
65 67
65 77
65 57
66 29
67 10
67 25
67 9
67 6
67 27
67 22
67 18
67 19
67 21
67 3
67 24
67 26
67 7
67 16
67 23
69 71
69 48
69 41
69 85
69 62
69 61
69 43
69 81
69 51
69 39
69 63
69 49
69 72
69 80
69 52
69 74
69 75
69 67
69 37
69 82
69 68
69 60
69 77
69 78
69 59
69 44
69 50
70 117
70 116
70 118
70 115
71 102
71 114
71 118
71 113
71 108
71 101
71 115
71 103
71 104
71 110
71 111
71 107
71 116
71 98
72 68
72 58
72 78
72 75
72 76
72 54
72 66
72 49
72 77
72 47
72 71
72 69
72 48
72 70
72 81
72 55
72 62
72 61
72 50
72 59
72 60
73 97
73 95
73 82
73 84
73 93
73 72
73 76
73 83
73 98
73 103
73 102
73 70
73 94
73 104
73 110
73 108
73 91
73 81
73 77
73 106
73 101
73 71
73 105
73 87
73 109
73 80
73 100
74 116
74 114
74 115
75 73
75 88
75 96
75 89
75 106
75 94
75 92
75 99
75 105
75 83
75 103
75 77
75 97
75 86
75 98
75 109
75 90
75 91
75 100
75 84
75 79
75 81
75 93
75 102
75 74
76 58
76 30
76 41
76 28
76 32
76 25
76 52
76 23
76 46
76 54
76 53
76 21
76 57
76 19
76 20
76 29
76 18
76 49
76 37
76 15
76 31
76 44
76 38
76 43
76 48
76 40
76 50
76 47
76 34
76 56
77 64
77 67
77 68
78 32
78 37
78 27
78 29
78 24
78 33
78 28
78 36
78 26
78 34
79 65
79 100
79 90
79 78
79 86
79 73
79 103
79 87
79 106
79 101
79 70
79 75
79 84
79 85
79 77
79 89
79 63
79 76
79 71
79 96
79 69
79 91
79 97
79 95
79 68
80 109
80 117
80 115
80 116
80 108
80 111
80 113
81 79
81 48
81 80
81 65
81 94
81 62
81 59
81 93
81 89
81 56
81 57
81 73
81 83
81 71
81 68
81 47
81 84
81 52
81 87
81 51
81 63
81 85
81 88
81 91
81 78
81 53
81 75
81 45
81 61
81 55
81 72
82 49
82 53
82 43
82 46
82 45
82 42
82 50
82 55
82 54
82 51
83 33
83 32
85 29
85 30
85 27
85 15
85 19
85 20
85 31
85 18
85 21
85 24
85 26
85 23
86 64
87 95
87 106
87 96
87 109
87 101
87 103
87 85
87 92
87 100
87 112
87 97
87 90
87 93
87 104
87 105
87 98
87 110
88 2
89 96
89 83
89 97
89 99
89 84
89 82
89 85
89 98
89 86
89 91
90 67
90 63
90 65
90 62
91 113
91 110
91 109
92 55
92 69
92 74
92 89
92 67
92 95
92 78
92 79
92 94
92 73
92 91
92 52
92 88
92 77
92 87
92 65
92 63
92 54
92 70
92 60
92 56
92 83
92 86
92 71
92 75
93 35
93 19
93 13
93 34
93 16
93 14
93 30
93 17
93 28
93 24
93 26
93 29
93 33
93 18
94 28
94 42
94 41
94 30
94 40
94 36
94 35
94 37
94 34
94 32
94 29
95 18
95 19
95 9
95 13
95 7
95 20
95 5
95 8
95 11
95 15
96 9
96 11
96 12
97 91
97 72
97 68
97 93
97 71
97 66
97 90
97 64
97 87
97 81
97 63
97 67
97 62
97 77
97 69
97 75
97 57
97 65
97 92
97 58
97 94
97 74
97 73
97 70
97 55
97 83
98 116
98 114
98 113
98 111
98 110
99 85
99 92
99 101
99 106
99 93
99 84
99 96
99 78
99 82
99 117
99 94
99 116
99 110
99 88
99 80
99 108
99 112
99 119
99 86
99 98
99 103
99 115
99 81
99 87
99 97
99 102
99 91
100 33
100 23
100 37
100 15
100 6
100 5
100 12
100 18
100 28
100 32
100 8
100 16
100 10
100 30
100 34
100 29
100 21
100 7
100 31
100 25
100 17
101 92
101 77
101 88
101 81
101 82
101 86
101 104
101 87
101 85
101 84
101 100
101 97
101 94
101 80
101 99
101 103
101 105
101 91
101 89
101 107
101 106
102 29
102 24
102 23
102 31
102 34
102 27
102 30
102 26
102 28
102 35
102 32
103 109
103 111
103 112
104 44
104 45
104 43
105 100
105 88
105 69
105 76
105 101
105 67
105 90
105 108
105 93
105 104
105 99
105 89
105 79
105 80
105 87
105 64
105 83
105 72
105 74
105 66
105 85
105 82
105 68
105 103
105 78
106 25
106 20
106 29
106 33
106 39
106 28
106 37
106 34
106 22
106 21
106 32
106 18
106 40
106 24
106 36
106 23
107 70
107 62
107 71
107 66
107 60
107 67
107 61
107 74
107 76
107 64
107 59
108 78
108 61
108 68
108 65
108 67
108 71
108 87
108 59
108 50
108 49
108 58
108 74
108 92
108 45
108 89
108 88
108 54
108 60
108 47
108 80
108 76
108 77
108 57
108 91
108 48
108 66
108 44
108 52
108 64
109 77
109 75
109 81
109 79
109 69
109 82
109 78
109 72
110 96
110 89
110 92
110 93
110 90
111 87
111 85
111 86
111 90
111 88
112 87
112 83
112 106
112 75
112 104
112 96
112 71
112 62
112 67
112 81
112 110
112 63
112 69
112 105
112 84
112 70
112 66
112 90
112 85
112 86
112 101
112 68
112 93
112 111
112 74
112 89
112 65
112 77
112 100
112 103
113 3
113 11
113 9
113 14
113 4
113 7
113 16
113 5
113 19
113 2
113 18
113 8
114 106
114 108
116 77
116 67
116 76
116 78
116 75
116 64
116 73
116 68
116 79
116 66
117 110
117 114
117 111
117 109
118 103
118 93
118 101
118 79
118 83
118 110
118 89
118 102
118 111
118 92
118 107
118 105
118 95
118 88
118 85
118 81
118 91
118 86
118 94
118 109
118 108
118 96
118 114
118 87
119 94
119 78
119 86
119 75
119 83
119 102
119 97
119 85
119 101
119 77
119 92
119 93
119 95
119 87
119 88
119 82
119 103
119 79
119 100
119 90
119 109
119 99
120 119
1 29
1 18
1 26
1 31
1 22
1 30
1 12
1 25
1 14
1 19
1 27
1 24
1 11
2 39
3 83
3 75
3 111
3 81
3 98
3 89
3 99
3 106
3 102
3 113
3 108
3 109
3 103
3 101
3 107
3 96
3 112
3 92
3 95
3 110
3 88
3 77
3 85
3 97
3 104
3 91
4 48
5 92
5 91
5 79
5 87
5 90
5 89
5 85
6 113
6 112
6 109
6 110
7 85
7 55
7 89
7 57
7 107
7 15
7 77
7 63
7 82
7 60
7 40
7 87
7 94
7 39
7 65
7 73
7 111
7 80
7 70
7 72
7 79
7 106
7 33
7 93
7 96
7 36
7 91
7 23
7 20
7 90
7 98
7 30
7 113
7 47
7 34
7 53
7 104
7 25
7 31
7 35
7 103
7 62
7 101
7 102
7 112
7 16
7 67
7 110
7 109
7 38
7 22
7 69
7 56
7 14
7 105
7 37
7 95
7 19
7 18
7 24
7 52
7 42
7 29
7 21
7 32
9 84
9 82
9 80
9 83
9 78
10 48
10 67
10 36
10 15
10 71
10 82
10 28
10 83
10 65
10 22
10 13
10 79
10 42
10 17
10 32
10 44
10 58
10 18
10 37
10 49
10 76
10 77
10 53
10 80
10 86
10 84
10 62
10 45
10 66
10 26
10 52
10 50
10 33
10 81
10 64
10 59
10 24
10 74
10 51
10 25
10 23
10 55
10 75
10 38
10 57
10 72
10 16
10 14
10 40
10 60
10 69
11 72
11 60
11 42
11 65
11 67
11 59
11 70
11 41
11 39
11 32
11 43
11 54
11 51
11 61
11 48
11 73
11 50
11 40
11 53
11 75
11 49
11 63
11 52
11 71
11 68
11 22
11 28
11 74
11 35
11 44
12 97
12 99
14 100
14 103
14 101
14 98
15 93
15 97
15 99
15 94
15 100
15 98
16 46
16 92
16 91
16 69
16 61
16 41
16 74
16 36
16 40
16 35
16 81
16 72
16 80
16 65
16 55
16 50
16 56
16 89
16 57
16 47
16 70
16 45
16 93
16 42
16 86
16 39
16 78
16 59
16 58
16 68
16 71
16 88
16 60
16 54
16 66
16 90
16 67
16 87
16 84
17 47
17 58
17 61
17 51
17 85
17 71
17 53
17 46
17 44
17 78
17 70
17 80
17 82
17 55
17 50
17 79
17 62
17 48
17 64
17 67
17 49
17 59
17 56
17 63
17 76
17 77
17 84
18 10
18 9
19 105
19 98
19 102
19 100
19 104
19 99
20 105
20 107
20 106
21 91
22 105
22 110
22 103
22 106
22 104
22 102
22 107
23 83
23 98
23 113
23 44
23 117
23 50
23 15
23 114
23 84
23 48
23 45
23 60
23 110
23 55
23 56
23 78
23 85
23 108
23 97
23 94
23 82
23 71
23 59
23 69
23 10
23 96
23 68
23 112
23 106
23 107
23 116
23 87
23 22
23 104
23 25
23 73
23 63
23 111
23 58
23 118
23 88
23 101
23 100
23 62
23 91
23 12
23 21
23 74
23 105
23 109
23 6
23 99
23 76
23 81
23 90
23 72
24 109
24 110
24 117
25 91
25 93
25 92
27 92
27 89
27 101
27 88
27 103
27 97
27 94
27 81
27 102
27 106
27 87
27 84
27 85
27 93
27 83
27 104
28 64
28 82
28 65
28 72
28 81
28 80
28 70
28 67
28 63
28 69
28 71
28 68
29 16
29 18
29 19
29 15
29 20
30 39
30 29
30 55
30 47
30 40
30 42
30 56
30 57
30 23
30 45
30 46
30 48
30 49
30 41
30 28
30 38
30 60
30 53
30 51
30 24
30 20
30 61
30 19
30 62
30 59
30 33
30 34
31 70
31 82
31 84
31 91
31 65
31 85
31 62
31 74
31 78
31 61
31 97
31 60
31 54
31 57
31 87
31 76
31 58
31 105
31 103
31 69
31 72
31 67
31 55
31 90
31 77
31 89
31 73
31 107
31 50
31 71
31 88
31 53
31 95
31 86
31 81
32 60
32 76
32 56
32 62
32 55
32 78
32 52
32 70
32 58
32 63
32 69
32 73
32 61
32 74
32 54
32 68
32 79
33 106
33 52
33 84
33 69
33 77
33 61
33 65
33 80
33 107
33 70
33 108
33 75
33 64
33 81
33 73
33 86
33 95
33 111
33 74
33 100
33 90
33 87
33 62
33 109
33 78
33 71
33 103
33 96
33 89
33 92
33 79
33 82
33 58
33 99
33 85
33 56
33 51
33 101
34 92
34 95
34 94
35 15
35 33
35 38
35 34
35 28
35 27
35 18
35 31
35 39
35 41
35 16
35 19
35 22
35 24
36 64
36 76
36 65
36 80
36 84
36 81
36 72
36 68
36 75
36 82
36 78
36 73
36 70
36 83
36 69
38 108
38 87
38 78
38 95
38 89
38 106
38 82
38 107
38 91
38 96
38 77
38 90
38 113
38 98
38 94
38 84
38 81
38 79
38 103
38 101
38 80
38 105
38 111
39 21
39 19
39 18
39 17
40 27
40 23
40 24
40 25
41 43
41 44
41 39
41 36
42 60
42 64
42 62
42 53
42 54
42 55
42 47
42 48
42 56
42 50
43 23
43 27
43 29
43 19
43 20
43 24
43 30
44 19
44 18
45 14
45 15
45 12
45 16
45 13
45 10
46 77
46 33
46 37
46 83
46 52
46 82
46 70
46 90
46 84
46 53
46 38
46 56
46 61
46 79
46 80
46 93
46 92
46 69
46 55
46 35
46 67
46 81
46 41
46 66
46 36
46 94
46 49
46 31
46 89
46 91
46 87
46 54
46 68
46 71
46 59
46 88
47 101
47 99
47 98
48 54
48 52
48 50
49 118
49 120
50 42
50 40
51 45
51 31
51 32
51 37
51 35
51 47
51 39
51 34
51 36
51 41
51 48
51 42
51 56
51 43
51 33
51 54
51 49
51 50
52 49
52 50
52 51
52 54
53 116
53 114
53 117
54 82
54 98
54 105
54 78
54 95
54 92
54 85
54 99
54 94
54 108
54 81
54 93
54 119
54 102
54 80
54 88
54 97
54 87
54 103
54 106
54 86
54 114
54 116
54 111
54 118
54 84
54 83
55 93
55 90
55 95
55 94
55 98
55 91
56 82
56 77
57 48
57 47
57 53
57 49
58 117
59 95
59 92
59 89
59 84
59 85
59 93
59 88
59 94
60 85
60 83
60 79
60 75
60 78
60 84
60 81
61 114
61 115
61 111
61 84
61 109
61 96
61 98
61 112
61 117
61 107
61 113
61 108
61 79
61 99
61 106
61 81
61 102
61 110
61 93
61 77
61 76
61 116
61 100
61 105
61 80
61 89
61 95
61 104
62 108
62 101
62 116
62 106
62 107
62 109
62 111
62 117
62 114
63 60
63 61
64 106
64 110
64 109
64 107
64 104
64 117
64 105
64 111
65 96
65 95
65 100
65 103
65 105
65 104
65 102
66 81
66 69
66 82
66 80
66 68
66 70
66 79
66 71
66 77
66 74
67 48
67 56
67 52
67 63
67 50
67 54
67 61
67 58
67 46
67 65
67 60
67 64
67 49
67 53
67 51
67 62
67 55
67 44
67 42
68 22
68 21
68 13
68 10
68 8
68 9
68 23
68 17
68 16
69 54
69 45
69 58
69 47
69 65
69 57
69 46
69 66
70 2
70 14
70 4
70 7
70 16
70 10
70 20
70 6
70 12
70 22
70 3
70 9
70 21
70 11
71 34
71 33
72 38
72 40
72 13
72 27
72 19
72 36
72 14
72 51
72 30
72 18
72 53
72 28
72 23
72 34
72 26
72 41
72 39
72 57
72 22
72 29
72 33
72 52
72 16
72 20
72 32
72 44
73 13
73 36
73 44
73 47
73 28
73 41
73 48
73 53
73 18
73 56
73 11
73 49
73 50
73 22
73 15
73 19
73 6
73 52
73 37
73 8
73 31
73 38
73 33
73 30
73 12
73 46
73 16
73 27
73 7
73 29
73 54
73 39
73 14
73 43
73 51
74 72
74 88
74 106
74 100
74 24
74 46
74 30
74 28
74 107
74 40
74 61
74 96
74 65
74 37
74 73
74 82
74 86
74 108
74 91
74 51
74 26
74 41
74 25
74 81
74 62
74 105
74 54
74 102
74 45
74 78
74 47
74 92
74 80
74 57
74 110
74 89
74 111
74 44
74 56
74 95
74 77
74 94
74 63
74 71
74 90
74 52
74 55
74 84
74 59
75 31
75 33
75 38
75 44
75 34
75 32
75 42
75 43
75 35
76 51
76 45
76 33
76 39
77 59
77 57
77 55
77 56
77 54
79 102
79 114
79 109
79 115
79 108
81 38
81 46
81 29
81 42
81 66
81 30
81 44
81 39
81 36
81 43
81 26
81 67
81 50
81 64
81 41
81 25
81 24
81 69
81 34
82 41
82 40
82 37
82 44
83 108
83 106
83 109
83 105
84 64
84 56
84 53
84 59
84 51
84 63
84 54
84 52
84 60
84 49
85 104
85 88
85 90
85 110
85 82
85 108
85 92
85 100
85 83
85 102
85 107
85 111
85 98
85 94
85 106
85 89
85 101
86 65
86 62
86 66
87 72
87 71
87 69
87 73
88 116
88 117
88 119
88 114
89 59
89 75
89 52
89 45
89 49
89 67
89 78
89 22
89 23
89 36
89 61
89 66
89 57
89 51
89 62
89 63
89 72
89 48
89 28
89 25
89 77
89 26
89 21
89 58
89 44
89 33
89 39
89 54
89 76
89 30
89 41
89 74
89 55
89 24
89 34
89 73
89 32
89 70
90 113
90 114
90 112
91 45
91 75
91 66
91 77
91 33
91 70
91 89
91 29
91 28
91 102
91 65
91 37
91 82
91 54
91 52
91 39
91 81
91 103
91 64
91 32
91 94
91 59
91 31
91 93
91 73
91 55
91 98
91 99
91 38
91 101
91 97
91 27
91 56
91 71
91 51
91 47
91 30
91 62
91 61
91 95
91 80
91 44
91 100
91 69
91 68
91 46
91 105
91 36
91 48
91 88
91 96
91 84
92 34
92 59
92 24
92 62
92 26
92 64
92 48
92 28
92 61
92 35
92 31
92 53
92 21
92 50
92 42
92 37
92 45
92 27
92 66
92 57
92 29
92 47
92 30
92 23
92 49
93 92
94 116
94 117
94 115
94 111
94 113
94 112
94 107
94 118
95 67
96 84
96 80
96 79
96 77
96 86
96 76
96 87
96 90
96 89
96 82
96 78
97 115
97 117
97 106
97 108
97 102
97 95
97 101
97 109
97 103
97 107
97 99
97 113
97 100
97 104
97 96
98 59
98 55
98 46
98 56
98 57
98 51
98 50
98 60
98 49
98 47
98 58
99 83
99 89
100 96
100 54
100 74
100 75
100 65
100 99
100 58
100 89
100 55
100 73
100 104
100 84
100 80
100 53
100 61
100 92
100 62
100 77
100 72
100 90
100 52
100 103
100 51
100 91
100 107
100 66
100 95
100 106
100 108
100 64
100 105
100 60
100 67
100 85
102 43
102 63
102 44
102 45
102 64
102 49
102 65
102 58
102 66
102 67
102 61
102 55
102 52
102 50
102 57
103 77
103 78
103 58
103 80
103 66
103 63
103 56
103 73
103 90
103 92
103 94
103 60
103 84
103 62
103 87
103 64
103 76
103 59
103 55
103 57
103 54
103 67
103 53
103 68
103 74
103 65
103 88
104 66
104 49
104 95
104 59
104 91
104 88
104 58
104 33
104 34
104 67
104 89
104 82
104 100
104 74
104 83
104 40
104 54
104 39
104 25
104 94
104 29
104 75
104 70
104 42
104 102
104 69
104 41
104 79
104 101
104 35
104 72
104 47
104 86
104 36
104 96
104 37
104 93
104 27
104 92
104 103
104 87
104 46
104 71
104 78
104 80
104 65
105 55
105 46
105 49
105 45
105 47
105 43
105 60
105 44
105 54
105 41
105 48
105 50
105 53
106 110
106 114
106 112
107 94
108 15
108 17
109 50
110 12
110 11
110 9
110 7
110 14
110 5
110 15
111 91
113 87
113 80
113 95
113 73
113 71
113 89
113 66
113 72
113 75
113 69
113 88
113 83
113 70
113 90
113 81
113 96
113 67
113 98
113 92
113 86
113 93
113 76
114 67
114 94
114 69
114 63
114 104
114 97
114 92
114 99
114 66
114 81
114 102
114 82
114 78
114 98
114 110
114 71
114 79
114 89
114 65
114 105
114 68
114 84
114 88
114 80
114 101
114 93
114 73
114 96
114 87
114 90
114 100
114 77
115 67
115 74
115 18
115 36
115 59
115 47
115 21
115 69
115 75
115 64
115 76
115 53
115 65
115 26
115 83
115 27
115 34
115 79
115 61
115 24
115 35
115 57
115 68
115 58
115 60
115 62
115 30
115 39
115 28
115 42
115 20
115 25
115 63
115 54
115 66
115 55
115 82
115 29
115 41
116 88
116 87
116 86
117 116
117 113
117 112
118 80
118 78
118 62
118 73
118 76
118 69
118 72
118 70
118 71
118 61
118 60
118 77
118 63
118 84
118 58
118 75
118 66
118 67
119 38
119 31
119 33
119 32
119 36
119 30
119 39
119 37
119 34
120 117
120 118
1 109
1 105
1 112
1 110
1 106
1 111
2 22
2 24
2 27
2 32
2 26
2 35
2 33
2 36
2 34
2 21
3 86
4 55
4 77
4 57
4 81
4 91
4 74
4 54
4 92
4 82
4 52
4 61
4 79
4 56
4 53
4 73
4 86
4 84
4 89
4 69
4 63
4 90
4 71
4 76
4 96
4 85
4 98
4 67
5 3
5 7
5 1
5 9
6 111
6 119
6 96
6 91
6 94
6 100
6 106
6 97
6 117
6 118
6 90
6 99
6 95
6 104
6 102
7 88
7 92
7 97
7 86
7 83
8 49
8 27
8 30
8 20
8 26
8 43
8 47
8 38
8 19
8 7
8 48
8 35
8 45
8 37
8 40
8 17
8 34
8 39
8 21
8 28
8 16
8 12
8 11
8 13
8 50
8 23
8 31
8 42
8 5
8 32
8 2
8 36
9 75
9 74
10 118
10 70
10 89
10 46
10 54
10 47
10 117
10 114
10 101
10 85
10 106
10 98
10 102
10 91
10 103
10 112
10 94
10 63
10 92
10 93
10 116
10 105
10 109
11 9
11 6
11 15
11 13
11 8
11 5
11 16
11 7
11 10
12 21
12 24
12 16
12 20
12 15
12 22
12 17
13 110
13 112
13 106
13 104
13 105
13 108
13 109
13 103
14 16
14 13
14 22
14 32
14 33
14 31
14 9
14 26
14 17
14 6
14 5
14 8
15 119
15 120
16 104
16 102
17 39
17 35
17 43
17 32
17 27
17 30
17 33
17 38
17 41
17 21
17 22
17 36
17 29
17 20
17 26
17 45
18 93
18 106
18 98
18 89
18 104
18 90
18 101
18 103
18 96
18 91
18 109
18 110
18 102
18 94
18 92
18 107
18 113
19 107
19 103
19 111
19 113
19 109
21 107
21 82
21 106
21 103
21 100
21 101
21 92
21 109
21 69
21 75
21 95
21 78
21 70
21 102
21 105
21 66
21 62
21 65
21 111
21 68
21 71
21 96
21 72
22 18
22 24
22 21
22 19
22 20
23 70
23 61
23 67
23 53
23 57
23 64
23 36
23 42
24 38
24 56
24 53
24 49
24 44
24 54
24 62
24 64
24 45
24 58
24 46
24 37
24 51
24 41
24 43
24 61
24 60
24 35
24 34
25 114
25 111
25 110
25 112
26 109
26 108
26 95
26 100
26 99
26 91
26 102
26 103
26 107
26 96
26 101
26 105
26 110
26 98
26 94
27 120
27 119
28 108
28 101
28 96
28 100
28 110
28 106
28 98
28 97
28 109
28 117
28 115
29 85
29 102
29 84
29 95
29 101
29 83
29 94
29 93
29 76
29 98
29 82
29 80
29 70
29 79
29 72
29 103
29 96
29 87
29 90
29 89
29 75
29 73
29 68
30 103
30 91
30 93
30 104
30 107
30 106
30 97
30 96
30 108
30 98
30 100
30 105
31 33
31 34
31 38
31 27
31 41
31 35
31 37
31 30
32 72
32 82
32 85
32 77
32 71
32 81
33 45
33 72
33 48
33 68
33 49
33 91
33 83
33 46
33 93
33 60
33 94
33 47
33 57
33 59
33 66
33 67
34 87
34 88
34 93
34 82
34 85
34 81
34 84
34 96
34 83
34 89
34 90
35 111
35 117
35 113
35 115
35 119
35 108
35 118
36 67
36 74
36 71
37 105
37 94
37 114
37 117
37 90
37 82
37 79
37 113
37 118
37 89
37 92
37 91
37 112
37 78
37 80
37 116
37 83
37 119
38 51
38 53
38 50
39 20
39 36
39 24
39 13
39 26
39 16
39 28
39 43
39 31
39 27
39 44
39 42
39 30
39 33
39 38
39 25
39 32
39 15
40 100
40 82
40 81
40 86
40 84
40 83
40 103
40 97
40 102
40 87
40 80
40 89
40 91
40 95
40 101
40 85
40 88
40 96
41 23
41 22
41 24
41 25
41 27
41 26
41 30
41 29
41 34
42 106
43 78
44 88
44 67
44 91
44 81
44 99
44 78
44 70
44 84
44 80
44 94
44 85
44 76
44 92
44 72
44 71
44 87
44 74
44 65
44 93
44 97
44 75
44 90
45 69
45 59
45 62
45 60
46 19
46 24
46 18
46 85
46 26
46 40
46 45
46 23
46 75
46 74
46 72
46 20
46 57
46 22
46 44
46 65
46 29
46 58
46 43
46 73
46 30
46 51
46 76
46 21
46 63
46 95
46 50
46 28
47 115
47 114
47 117
48 112
48 109
48 111
48 114
48 113
48 107
49 16
49 9
49 14
49 17
49 8
49 26
49 10
49 30
49 34
49 35
49 25
49 22
49 7
49 45
49 29
49 36
49 39
49 42
49 20
49 19
49 31
49 11
49 33
50 43
50 64
50 55
50 27
50 30
50 65
50 29
50 47
50 54
50 45
50 36
50 38
50 34
50 46
50 60
50 41
50 70
50 44
50 35
50 56
50 53
51 75
51 82
51 84
51 79
51 76
51 81
51 83
51 80
52 44
52 47
52 45
52 43
53 42
53 43
54 68
54 69
54 66
55 34
55 10
55 11
55 25
55 16
55 19
55 28
55 24
55 29
55 20
55 39
55 35
55 6
55 2
55 27
55 23
55 4
55 46
55 15
55 21
55 7
55 12
55 18
55 13
55 8
56 104
56 112
56 103
56 96
56 115
56 95
56 90
56 88
56 108
56 85
56 113
56 98
56 110
56 114
56 94
56 101
56 99
56 100
56 87
56 89
57 112
57 100
57 106
57 116
57 111
57 110
57 114
57 105
57 113
58 75
58 84
58 81
58 83
58 77
58 80
59 107
59 90
59 104
59 87
59 81
59 98
59 99
59 101
59 86
59 97
59 102
59 105
60 114
60 116
61 44
61 43
62 70
62 61
62 59
62 68
62 67
62 64
62 69
63 117
64 60
64 63
64 67
64 71
64 59
65 110
65 109
66 48
66 44
66 51
66 45
66 43
66 49
66 52
66 46
66 53
67 13
67 11
69 73
69 56
69 55
69 76
69 84
69 79
69 53
69 64
70 75
70 77
71 55
71 58
71 54
71 66
71 69
71 52
71 49
71 53
71 57
71 60
71 59
71 64
71 56
71 70
71 73
71 48
71 50
72 114
72 108
72 105
72 93
72 94
72 98
72 106
72 110
72 109
72 95
72 99
72 97
72 101
72 117
72 96
72 103
73 78
73 92
73 96
73 89
73 75
74 50
77 72
77 75
77 71
77 61
77 65
77 69
77 70
77 62
77 60
77 58
78 47
78 48
79 74
79 72
80 34
80 50
80 39
80 48
80 49
80 47
80 36
80 37
80 38
80 35
80 42
81 100
81 106
81 111
81 101
81 108
81 102
81 104
82 39
82 38
83 43
83 39
83 6
83 12
83 37
83 76
83 9
83 71
83 41
83 77
83 38
83 21
83 65
83 63
83 23
83 85
83 47
83 54
83 5
83 98
83 73
83 24
83 91
83 11
83 90
83 64
83 46
83 40
83 51
83 81
83 42
83 15
83 56
83 80
83 48
83 44
83 57
83 31
83 52
83 69
83 17
83 25
83 19
83 16
83 87
83 60
83 94
83 95
83 30
83 35
83 27
83 88
83 74
83 13
83 20
83 29
83 89
84 107
84 88
84 95
84 57
84 104
84 108
84 83
84 89
84 93
84 61
84 98
84 82
84 110
84 77
84 80
84 109
84 73
84 79
84 70
84 55
84 102
84 62
84 86
84 101
84 100
84 87
84 106
84 69
84 99
85 55
85 43
85 57
85 47
85 65
85 46
85 33
85 36
85 51
85 32
85 62
85 60
85 59
85 50
85 52
85 38
85 48
85 64
85 34
85 42
85 45
86 101
86 107
86 100
86 105
86 91
86 96
86 95
86 103
86 110
86 93
86 108
88 111
88 109
88 112
88 115
88 110
89 12
89 17
89 31
89 20
89 13
89 15
89 29
89 27
90 115
90 118
90 106
90 111
90 108
90 116
90 110
90 104
90 119
92 108
92 107
93 57
93 75
93 41
93 72
93 65
93 53
93 55
93 83
93 52
93 81
93 48
93 66
93 61
93 50
93 67
93 49
93 51
93 69
93 68
93 58
93 62
93 64
93 37
93 46
93 77
93 39
93 44
93 59
93 76
93 36
95 58
95 68
95 70
95 55
95 76
95 72
95 81
95 71
95 56
95 61
95 64
95 63
95 78
95 77
95 60
95 80
96 88
96 81
96 83
96 75
96 85
96 91
97 59
97 54
97 51
98 40
98 38
98 35
98 45
98 36
98 44
98 41
98 39
99 61
99 65
99 49
99 44
99 62
99 47
99 63
99 57
99 51
99 52
99 70
99 59
99 46
99 56
99 66
100 116
100 113
100 120
100 115
100 117
101 52
101 50
101 51
101 53
102 88
102 79
102 84
102 87
102 85
102 86
102 80
103 46
103 39
103 45
103 43
104 112
104 76
104 106
104 85
104 90
104 51
104 52
104 64
104 68
104 62
104 111
104 98
104 53
104 108
104 77
104 84
104 56
106 71
106 68
106 90
106 97
106 79
106 72
106 70
106 92
106 80
106 84
106 75
106 95
106 85
106 81
106 73
106 67
106 93
106 94
106 76
107 115
107 112
107 113
107 111
107 106
107 117
107 114
107 109
107 110
107 104
109 87
109 90
109 84
109 67
109 89
109 65
109 86
109 88
109 70
109 74
109 83
109 76
109 91
109 80
109 85
109 66
110 32
110 33
110 29
110 28
110 31
110 34
111 99
111 97
112 98
112 99
112 94
112 97
113 68
113 78
113 77
114 23
115 32
115 49
115 37
115 46
115 38
115 45
115 52
115 33
115 40
115 48
115 50
116 120
116 118
117 71
117 72
117 65
117 80
117 69
117 77
117 76
117 68
117 70
118 49
118 47
118 68
118 64
118 74
118 52
118 65
118 51
118 59
118 57
118 46
118 48
120 28
120 18
120 20
120 15
120 24
120 17
120 23
120 21
120 29
120 30
120 19
120 22
120 25
1 61
1 91
1 83
1 36
1 35
1 42
1 80
1 44
1 52
1 60
1 23
1 65
1 78
1 47
1 79
1 82
1 85
1 43
1 40
1 62
1 50
1 49
1 76
1 84
1 63
1 45
1 67
1 64
1 89
1 53
1 17
1 86
1 90
1 56
1 66
1 75
1 46
1 68
1 51
2 54
2 53
2 50
2 47
2 46
2 73
2 68
2 59
2 44
2 72
2 42
2 40
2 43
2 51
2 61
2 60
2 38
2 55
2 58
3 87
3 84
3 93
4 45
4 46
4 47
4 43
4 51
4 50
4 49
5 95
5 99
5 86
5 102
5 98
5 100
5 94
5 104
6 85
6 103
6 105
6 87
6 108
6 101
6 93
6 107
6 98
6 89
7 41
7 12
7 17
8 78
8 79
8 77
9 35
9 16
9 31
9 40
9 41
9 23
9 37
9 33
9 34
9 15
9 44
9 18
9 32
9 27
9 20
9 17
9 39
9 19
9 25
9 36
10 61
10 39
10 34
10 43
10 29
10 56
10 30
10 35
11 36
11 46
11 38
11 47
11 37
13 63
13 68
13 17
13 16
13 19
13 23
13 34
13 59
13 39
13 43
13 60
13 47
13 41
13 15
13 57
13 20
13 54
13 65
14 46
14 49
14 54
14 43
14 48
14 45
14 55
14 50
14 47
15 104
15 95
15 106
15 102
15 96
15 103
16 97
16 75
16 83
16 95
16 85
16 76
16 77
17 52
17 42
17 72
17 60
17 54
17 37
17 66
17 75
17 65
17 68
18 86
18 85
18 81
18 97
18 99
18 82
18 95
18 100
18 87
18 80
18 79
18 88
18 84
20 95
20 97
20 93
20 104
20 92
20 96
20 94
20 99
21 74
21 40
21 34
21 16
21 64
21 47
21 24
21 30
21 25
21 56
21 29
21 59
21 18
21 19
21 44
21 31
21 51
21 49
21 48
21 17
21 50
21 39
21 36
21 63
21 41
21 15
21 60
21 38
21 46
21 67
21 20
22 45
22 44
22 42
22 48
22 36
22 49
22 39
22 41
22 34
23 66
23 79
23 65
23 80
23 89
23 86
24 113
25 5
25 6
25 4
26 92
26 93
27 12
27 11
27 7
27 13
27 8
27 16
28 90
28 88
28 95
28 86
28 93
29 107
29 118
29 115
29 109
29 104
29 106
29 105
29 117
30 90
31 40
31 56
31 52
31 39
31 47
31 43
31 66
31 68
31 48
31 45
31 63
31 79
31 75
31 42
31 36
31 46
32 75
33 43
33 20
33 40
33 38
33 35
33 23
33 16
33 29
33 42
33 21
33 24
33 76
33 31
33 55
33 63
33 15
33 39
33 19
33 32
33 27
33 36
33 44
33 28
33 25
33 54
33 13
33 14
34 86
36 63
36 66
36 62
36 77
38 104
38 97
38 99
38 102
38 100
39 96
39 90
39 94
39 101
39 104
39 89
39 100
39 99
39 95
39 92
40 28
40 77
40 60
40 30
40 71
40 51
40 76
40 99
40 112
40 110
40 106
40 70
40 33
40 43
40 64
40 34
40 26
40 42
40 22
40 54
40 105
40 31
40 63
40 109
40 57
40 104
40 56
40 58
40 75
40 67
40 65
40 90
40 115
40 92
40 53
40 69
40 61
40 55
40 48
40 66
41 45
41 46
41 40
42 76
42 77
42 69
42 68
42 65
42 66
42 75
43 32
43 22
43 13
43 26
43 18
43 28
43 11
43 15
43 16
43 34
45 77
45 99
45 107
45 110
45 86
45 91
45 90
45 105
45 78
45 98
45 50
45 103
45 88
45 106
45 82
45 92
45 84
45 52
45 87
45 96
45 81
45 104
45 51
45 93
45 57
45 54
45 85
45 97
45 75
45 111
45 101
46 48
47 17
47 18
47 11
47 10
47 3
47 14
47 4
47 15
47 5
47 1
47 8
47 2
47 9
48 66
48 68
48 72
48 67
48 69
48 65
49 103
49 104
49 100
49 119
49 113
49 99
49 108
49 98
49 117
49 97
49 114
49 106
49 105
49 109
49 107
49 93
49 102
49 101
49 116
50 71
50 87
50 91
50 97
50 82
50 95
50 99
50 93
50 101
50 80
50 59
51 101
52 96
52 99
52 87
52 98
52 94
52 103
52 101
52 84
52 105
52 108
52 92
52 86
52 88
52 110
52 85
52 100
52 95
53 99
53 110
53 103
53 102
54 107
54 113
55 116
56 42
56 45
57 69
57 76
57 59
57 80
57 68
57 62
57 66
57 73
57 65
57 75
57 95
57 60
57 79
57 78
57 77
57 72
57 56
57 63
58 79
58 89
58 112
58 88
58 110
58 100
58 111
58 101
58 76
58 87
58 82
58 99
58 86
58 113
58 74
58 91
58 93
58 96
58 105
58 108
58 106
58 102
58 78
58 104
58 85
58 103
59 27
59 30
59 31
59 29
60 64
60 49
60 44
60 54
60 62
60 72
60 63
60 66
60 65
60 67
60 48
60 56
60 57
60 50
60 71
60 69
60 59
61 40
62 112
63 59
63 53
63 43
63 46
63 45
63 37
63 57
63 38
63 55
63 49
63 40
63 58
63 62
63 52
63 36
63 39
63 41
63 47
63 42
64 35
64 38
64 10
64 27
64 24
64 25
64 39
64 11
64 54
64 23
64 18
64 30
64 34
64 33
64 36
64 19
64 15
64 13
64 17
64 20
64 49
64 42
64 48
64 44
64 58
64 26
64 55
64 22
64 50
64 53
64 31
64 14
64 43
64 62
64 47
65 111
66 57
66 56
67 38
67 40
67 47
67 41
68 106
68 115
68 109
68 102
68 108
68 111
68 104
68 105
68 116
70 58
70 56
70 44
70 43
70 51
70 49
70 46
70 57
70 59
70 60
70 55
70 50
70 48
70 61
71 38
71 29
71 46
71 44
71 31
71 36
71 51
71 35
71 40
71 30
71 39
72 31
74 23
75 87
75 71
78 118
79 111
79 119
79 98
79 110
79 107
79 118
79 104
79 117
79 99
80 60
80 86
80 74
80 100
80 64
80 65
80 89
80 53
80 69
80 55
80 102
80 43
80 92
80 73
80 79
80 77
80 99
80 91
80 98
80 104
80 96
80 97
80 52
80 78
80 62
80 63
80 54
80 72
80 70
80 71
80 68
80 61
80 93
81 31
81 35
81 28
81 40
81 37
81 33
83 101
83 104
83 97
83 68
83 58
83 72
83 79
83 93
83 62
83 99
83 103
83 86
83 59
83 78
83 96
83 66
84 17
84 24
84 23
84 19
84 27
84 18
84 25
84 31
84 21
84 28
84 29
85 96
85 84
85 105
85 99
85 97
85 93
85 91
85 95
85 87
85 103
86 23
86 79
86 78
86 18
86 55
86 47
86 77
86 82
86 20
86 21
86 63
86 36
86 26
86 46
86 80
86 32
86 30
86 25
86 27
86 43
86 28
86 24
86 68
86 38
86 74
86 33
86 22
86 45
86 53
86 73
86 34
86 72
86 75
86 40
86 70
86 50
86 59
86 61
86 71
87 94
87 91
87 83
87 82
87 86
87 81
87 102
87 84
88 15
88 21
88 12
88 18
88 20
88 19
88 22
88 13
89 92
89 116
89 104
89 106
89 107
89 65
89 79
89 60
89 111
89 114
89 88
89 108
89 102
89 69
89 95
89 68
89 101
89 87
89 115
89 105
90 81
90 98
90 77
90 102
90 105
90 86
90 96
90 94
90 93
90 89
90 84
90 101
91 43
91 40
91 41
91 34
91 42
91 35
92 10
93 70
95 54
95 53
95 52
95 57
95 59
98 107
98 103
98 106
98 105
98 108
98 104
98 100
98 117
98 109
99 55
99 45
99 53
99 39
99 50
99 40
99 48
99 54
99 60
99 58
99 42
100 98
101 75
101 63
101 67
101 79
101 76
101 70
101 71
101 72
101 83
101 64
101 62
101 61
101 59
101 73
101 58
101 78
101 68
101 49
101 74
102 101
102 90
102 75
102 53
102 100
102 82
102 92
102 56
102 59
102 73
102 62
102 54
102 89
102 99
102 78
102 81
102 96
102 69
102 76
102 71
102 72
102 70
102 48
103 93
103 95
104 99
104 120
104 115
104 97
104 117
104 114
104 110
105 36
105 70
105 51
105 33
105 63
105 39
105 58
105 34
105 77
105 37
105 56
105 61
105 35
105 30
105 73
105 75
106 118
106 117
106 116
106 115
106 120
107 33
107 30
107 36
107 37
107 32
108 51
108 56
109 57
109 40
109 41
109 25
109 48
109 61
109 11
109 22
109 64
109 51
109 58
109 19
109 54
109 21
109 9
109 18
109 56
109 45
109 26
109 47
109 28
109 63
109 59
109 62
109 42
109 17
109 14
109 23
109 15
109 43
109 24
109 27
109 44
109 35
110 100
110 99
110 105
110 102
110 97
110 104
110 107
111 115
111 116
111 117
111 113
111 120
111 118
112 76
112 79
112 78
112 80
113 60
113 57
113 62
113 74
113 63
113 85
113 54
113 61
113 55
113 82
113 56
114 112
115 99
115 92
115 98
115 93
115 95
115 90
115 89
117 73
117 85
117 63
117 82
117 95
117 40
117 25
117 19
117 74
117 45
117 90
117 83
117 91
117 64
117 86
117 27
117 43
117 23
117 75
117 29
117 17
117 55
117 60
117 36
117 53
117 28
117 42
117 66
117 67
117 93
117 50
117 35
117 59
117 44
117 96
117 81
117 32
117 92
117 58
117 41
117 30
117 24
117 48
117 51
117 37
117 97
118 25
118 22
118 40
118 43
118 45
118 37
118 42
118 30
118 36
118 35
118 38
118 28
118 26
118 41
118 21
118 29
118 23
118 50
118 33
118 53
120 31
1 6
2 87
2 93
2 95
2 96
2 75
2 88
2 85
2 91
2 76
2 82
2 94
2 77
2 84
2 78
2 79
2 80
3 90
3 100
3 72
3 94
3 80
3 79
3 73
3 71
4 58
4 64
4 72
4 70
4 68
4 80
4 88
4 66
8 87
8 97
8 100
8 94
8 111
8 81
8 109
8 80
8 102
8 99
8 96
8 41
8 73
8 82
8 84
8 59
8 108
8 88
8 104
8 53
8 92
8 60
8 103
8 66
8 57
8 46
8 95
8 107
8 51
8 44
8 101
9 28
9 46
9 21
9 26
9 8
9 6
9 24
9 47
9 43
9 22
9 45
9 30
9 29
9 14
10 19
10 20
10 27
10 5
10 9
10 3
10 31
10 4
11 118
11 120
11 119
12 7
12 36
12 11
12 28
12 10
12 32
12 9
12 18
12 30
12 33
12 37
12 26
12 29
12 38
12 31
13 117
13 119
14 41
14 27
14 52
14 53
14 51
14 30
14 38
15 55
15 52
15 47
15 56
15 57
15 50
15 51
15 42
16 15
16 13
16 20
16 22
16 19
16 23
17 118
18 69
18 57
18 77
18 76
18 55
18 64
18 62
18 58
18 73
18 68
18 66
18 70
18 59
18 61
18 54
18 71
18 63
19 70
19 58
19 80
19 54
19 37
19 15
19 48
19 27
19 55
19 26
19 4
19 9
19 12
19 3
19 35
19 22
19 7
19 28
19 2
19 10
19 24
19 40
19 17
19 5
19 41
19 71
19 31
19 18
19 6
20 53
20 47
20 46
20 52
20 42
20 51
20 45
20 38
20 54
20 48
20 50
20 49
22 64
22 68
22 69
25 65
25 36
25 42
25 60
25 86
25 84
25 87
25 63
25 62
25 81
25 44
25 50
25 79
25 73
25 49
25 89
25 78
25 70
25 39
25 85
25 56
25 71
25 64
25 104
25 55
25 59
25 52
25 47
25 90
25 103
25 96
25 41
25 75
25 67
25 80
25 76
25 105
25 82
25 107
25 37
25 34
25 35
25 74
25 57
26 113
26 112
28 120
29 22
29 3
29 36
29 65
29 9
29 11
29 49
29 55
29 35
29 25
29 26
29 58
29 39
29 13
29 40
29 46
29 57
29 45
29 52
29 28
29 43
29 66
29 8
29 59
29 27
29 23
29 5
29 33
29 67
29 54
29 4
29 56
29 32
29 31
29 12
29 48
30 37
30 44
30 43
31 7
31 5
31 6
32 44
32 50
32 64
32 65
32 46
32 48
32 57
32 47
32 66
33 50
34 57
34 67
34 65
34 58
34 66
34 56
35 82
35 89
35 52
35 83
35 58
35 80
35 46
35 47
35 72
35 84
35 87
35 55
35 60
35 88
35 66
35 71
35 67
35 73
35 51
35 49
35 61
35 63
35 70
35 75
35 57
35 78
35 79
35 53
36 79
37 99
37 102
37 111
38 68
38 66
38 62
38 73
38 55
38 64
38 56
38 58
38 61
38 71
38 67
38 57
38 69
39 53
39 50
40 114
40 94
40 116
40 108
40 107
40 93
40 111
40 98
41 107
41 108
41 111
42 36
42 33
42 44
42 17
42 30
42 45
42 20
42 31
42 40
42 18
42 38
42 21
42 26
42 39
42 25
42 49
42 15
42 32
42 28
42 24
42 35
42 22
42 51
43 86
43 91
43 93
43 99
43 98
43 94
43 97
43 92
43 100
43 88
47 44
47 13
47 41
47 37
47 39
47 32
47 27
47 24
47 33
47 40
47 6
47 34
47 7
47 25
47 23
47 16
47 36
47 28
47 30
47 22
47 50
47 20
48 51
48 53
48 56
48 62
48 60
48 59
48 57
48 58
48 61
48 55
48 63
50 90
50 84
50 88
50 103
50 96
50 92
50 69
50 98
50 100
50 94
50 89
51 109
51 110
51 114
51 112
51 108
52 97
52 89
53 52
53 28
53 41
53 60
53 24
53 27
53 63
53 38
53 32
55 84
55 80
55 78
55 75
55 81
55 92
55 82
55 87
55 76
55 86
55 77
57 109
58 92
58 72
58 109
58 73
58 66
58 71
58 107
58 68
59 32
59 28
59 26
60 7
60 13
60 10
60 11
61 101
61 87
61 82
61 92
61 85
61 90
61 97
61 83
61 103
62 24
62 30
62 29
62 25
62 31
62 27
63 80
63 84
63 87
63 79
63 90
63 82
63 92
63 85
63 81
64 85
64 89
64 77
64 87
64 80
64 108
64 88
64 100
64 97
64 75
64 86
65 101
66 7
67 116
67 117
67 114
68 46
68 41
68 44
68 70
68 74
68 65
68 53
68 51
68 47
68 54
68 58
68 80
68 63
68 62
68 79
68 73
68 66
68 71
68 48
68 60
68 77
68 64
68 72
68 55
68 50
68 78
71 75
71 84
71 82
71 62
71 63
71 79
71 61
71 68
71 80
71 86
71 67
71 74
71 83
71 47
71 78
72 79
72 83
72 87
72 89
72 82
72 85
72 74
72 104
72 65
72 107
72 100
72 102
72 63
72 90
73 99
73 59
73 86
73 65
73 88
73 58
73 69
73 61
73 64
73 63
74 101
74 98
74 64
74 68
74 85
74 104
74 70
74 93
74 76
74 99
74 97
74 103
74 67
75 111
75 110
76 59
76 64
76 70
76 61
76 67
76 69
76 63
76 68
76 71
78 21
78 17
78 46
78 39
78 98
78 70
78 12
78 30
78 15
78 84
78 68
78 99
78 31
78 86
78 93
78 16
78 91
78 19
78 74
78 51
78 80
78 101
78 55
78 60
78 35
78 41
78 67
78 11
78 56
78 82
78 92
78 65
78 97
78 54
78 96
78 62
78 72
78 61
78 87
78 22
78 18
78 89
78 73
78 53
78 59
78 94
78 63
78 42
78 49
79 42
79 41
79 37
79 44
79 40
79 31
79 39
79 38
79 34
80 90
80 84
80 46
80 44
80 59
80 75
80 58
80 88
80 67
80 87
80 76
80 51
80 82
80 85
81 92
81 49
81 74
81 58
81 76
81 70
82 26
82 36
82 18
82 32
82 25
82 17
82 24
82 31
82 35
82 23
82 21
82 27
84 20
84 11
84 1
84 4
84 12
84 13
84 15
84 3
84 2
84 7
84 8
84 26
85 112
85 116
85 117
85 119
85 115
86 41
86 44
86 42
87 36
87 34
88 106
88 105
89 80
89 81
91 108
91 112
91 116
91 111
91 118
91 117
91 107
91 104
91 106
92 100
92 84
92 97
92 68
92 80
92 90
92 96
92 82
93 9
93 11
93 8
93 7
93 15
93 12
93 20
93 23
93 10
93 21
93 6
93 5
93 22
93 4
94 83
94 90
94 79
94 89
94 78
94 93
94 91
94 72
94 71
94 88
94 87
94 75
94 92
94 80
94 81
95 50
95 48
95 40
95 51
95 46
95 41
95 39
95 43
96 103
96 116
96 112
96 109
96 119
96 110
96 113
96 117
96 101
96 104
96 102
96 115
97 105
97 85
97 84
97 88
98 37
98 31
98 28
98 29
98 27
98 32
98 26
98 34
98 33
99 17
99 15
99 6
99 13
99 10
99 11
99 23
99 16
99 19
99 20
99 12
99 8
100 50
100 46
100 44
100 36
100 27
100 45
100 38
100 39
100 24
100 47
100 43
100 22
100 40
100 26
101 115
102 93
102 91
102 41
102 37
102 83
102 94
102 46
102 95
102 60
102 38
104 107
105 96
105 102
105 62
105 31
105 109
105 113
105 114
105 91
105 97
105 111
105 57
105 95
105 84
105 52
105 119
105 98
105 116
105 59
105 65
105 118
105 112
105 38
105 28
106 66
106 63
106 69
107 93
107 89
107 86
107 90
107 105
107 84
107 100
107 98
107 97
107 87
107 92
107 101
107 88
107 102
107 85
107 95
107 91
108 94
108 99
108 79
108 90
108 100
108 93
108 96
108 97
108 83
108 85
108 82
108 86
108 75
109 10
109 33
109 16
109 30
109 20
110 54
110 53
110 52
110 51
110 55
110 57
110 46
110 56
110 48
111 103
111 104
112 51
112 48
112 46
112 82
112 40
112 95
112 61
112 73
112 91
112 23
112 56
112 92
112 57
112 32
112 36
112 35
112 59
112 33
112 38
112 29
112 54
112 45
112 49
112 39
112 42
112 60
113 42
113 40
113 48
113 47
113 51
113 39
113 37
113 41
113 44
114 60
114 62
114 59
115 80
116 112
116 110
116 108
116 119
116 114
117 54
117 52
117 34
117 47
117 33
117 46
117 38
118 32
118 44
118 24
118 54
118 55
119 117
119 111
119 116
119 114
120 95
120 109
120 100
120 96
120 101
120 114
120 94
120 93
120 105
120 92
120 115
120 104
120 111
120 108
120 99
2 41
3 68
5 73
5 82
5 76
5 107
5 61
5 66
5 70
5 68
5 84
5 59
5 60
5 71
5 97
5 101
5 81
5 88
5 72
5 75
5 103
5 74
7 84
8 56
8 54
9 79
9 111
9 90
9 93
9 103
9 86
9 91
9 89
9 97
9 98
9 101
9 95
9 102
9 76
9 108
9 92
9 87
9 109
9 112
9 99
9 77
9 94
11 20
13 71
13 81
13 78
13 74
13 79
13 77
14 67
14 57
14 56
14 66
14 61
14 64
14 63
14 69
15 68
15 86
15 82
15 63
15 79
15 84
15 62
15 78
15 87
15 73
15 72
15 65
15 80
15 74
15 85
15 76
15 81
15 71
15 90
16 111
16 96
16 79
16 100
16 94
16 106
16 107
16 110
16 98
16 105
16 108
16 62
16 82
16 64
17 91
17 90
17 89
17 102
17 83
17 104
17 88
17 93
17 87
17 74
17 97
17 73
17 69
17 95
17 86
18 45
18 43
18 49
18 51
18 52
20 16
20 14
20 12
20 15
20 25
20 19
20 26
20 22
20 18
20 24
21 61
21 43
21 52
21 42
21 35
21 57
21 53
22 87
22 94
22 101
22 73
22 93
22 80
22 85
22 109
22 66
22 99
22 84
22 97
22 98
22 100
22 76
22 89
22 70
22 67
22 90
22 91
23 102
24 83
25 68
25 98
25 101
25 46
25 83
25 38
25 27
25 69
25 109
25 48
25 95
25 97
25 99
25 43
25 100
25 24
25 77
25 31
25 72
25 102
25 66
25 53
25 106
25 94
25 32
25 58
25 51
26 65
26 63
26 68
26 58
26 60
26 66
27 50
27 45
27 49
27 41
27 48
27 44
27 42
28 87
28 84
28 79
28 103
28 94
28 91
28 102
28 99
28 92
29 86
29 62
29 100
29 88
29 60
29 69
29 51
29 92
29 63
29 97
29 99
30 119
30 117
30 114
30 113
30 115
31 110
31 109
32 86
32 67
32 87
32 88
32 84
32 89
32 83
33 37
35 56
35 8
35 45
35 17
35 12
35 64
35 14
35 62
35 44
35 32
35 74
35 20
35 29
35 7
35 48
35 54
35 42
35 25
35 50
35 59
35 43
35 11
36 52
36 87
36 89
36 57
36 44
36 40
36 56
36 93
36 35
36 43
36 47
36 90
36 34
36 51
36 38
36 86
36 94
36 48
36 55
36 92
36 58
36 41
36 96
36 61
36 54
37 68
37 64
37 70
37 76
37 87
37 75
37 72
37 71
37 77
37 74
37 65
37 63
37 84
37 67
37 98
38 114
38 112
38 115
38 110
39 58
40 12
40 15
40 17
40 35
40 14
40 21
40 13
40 16
40 20
40 32
40 11
41 47
41 48
41 49
41 37
41 50
43 35
43 40
43 39
43 37
44 112
44 110
44 111
44 102
44 106
44 104
44 105
44 109
44 108
44 100
45 115
45 102
45 112
45 109
45 117
45 113
45 100
45 108
47 86
47 87
47 89
47 92
47 102
47 90
47 91
47 94
47 85
48 71
48 87
48 80
48 82
48 64
48 79
48 78
48 99
48 46
48 84
48 70
48 93
48 97
48 94
48 45
48 47
48 85
48 91
48 75
50 106
50 102
50 104
51 23
51 27
51 29
51 26
51 40
51 38
51 24
51 25
52 14
52 25
52 42
52 48
52 46
52 64
52 40
52 56
52 61
52 55
52 17
52 41
52 58
52 30
52 59
52 63
52 39
53 62
53 61
54 96
54 90
54 100
54 110
54 104
55 30
55 48
55 26
55 54
55 37
55 53
56 37
56 43
56 39
56 40
56 38
57 92
58 48
58 49
58 56
58 46
58 45
58 44
58 57
58 52
58 38
58 40
58 53
58 54
59 117
59 118
60 105
60 106
60 107
62 91
62 92
63 51
63 54
63 50
65 118
65 116
65 108
65 119
65 114
65 117
66 63
66 61
66 78
66 84
66 38
66 85
66 27
66 41
66 92
66 64
66 36
66 26
66 42
66 89
66 30
66 22
66 32
66 37
66 31
66 60
66 72
66 55
66 50
66 28
66 76
66 25
66 83
66 75
66 24
67 37
67 45
67 35
69 33
69 32
69 34
70 74
70 65
70 63
70 66
70 72
72 116
72 120
72 91
72 88
72 84
72 86
72 118
72 112
72 111
72 115
73 119
74 109
75 85
75 107
75 114
75 82
75 113
75 104
77 88
77 87
77 90
77 89
77 86
79 43
79 45
79 49
79 52
79 62
79 36
79 50
79 35
79 58
79 66
79 60
79 51
79 46
79 47
80 101
80 94
81 6
81 10
81 7
81 5
81 11
82 34
83 53
83 75
83 34
83 82
83 49
83 45
83 26
83 61
83 50
84 111
84 105
84 112
86 115
86 116
86 114
87 70
87 60
87 67
87 64
87 74
87 77
87 76
87 61
87 66
87 63
87 65
87 62
87 75
88 76
88 78
88 84
88 80
88 98
88 68
88 71
88 96
88 86
88 74
88 70
88 72
88 97
88 94
88 93
88 85
88 66
88 75
90 46
90 47
90 50
90 51
90 52
90 45
90 44
91 17
91 14
91 15
91 16
91 49
91 60
91 50
91 23
91 58
91 53
91 24
91 26
91 25
91 12
91 57
92 16
92 20
92 22
92 17
94 102
94 109
94 85
94 101
94 105
94 97
94 114
94 99
94 86
94 106
95 119
96 38
96 41
96 34
96 42
96 40
96 37
96 36
97 118
97 116
98 71
98 69
98 70
98 61
98 66
98 73
98 74
98 64
98 67
98 72
98 63
98 62
99 72
99 75
99 77
99 90
100 94
100 102
100 88
100 97
100 86
100 83
101 66
101 69
102 9
102 18
102 21
102 13
102 11
102 25
102 19
102 16
102 22
102 17
102 15
103 79
103 51
103 49
103 81
103 86
103 50
103 69
103 61
103 89
103 71
103 82
103 75
106 77
106 78
106 83
107 26
107 38
107 35
107 29
107 31
107 39
107 34
107 25
107 43
107 28
107 23
108 117
108 113
108 114
108 115
109 52
109 55
109 106
109 71
109 98
109 99
109 104
109 73
109 103
109 105
109 68
109 60
109 102
109 107
109 101
109 92
109 53
109 93
110 61
110 62
110 64
111 62
111 70
111 52
111 54
111 74
111 67
111 81
111 61
111 82
111 56
111 72
111 83
111 71
111 77
111 50
111 78
111 75
111 48
111 64
111 58
111 79
111 55
111 60
111 53
111 63
112 55
112 17
112 11
112 50
112 53
112 20
112 14
112 41
112 30
112 13
112 31
112 24
112 44
112 52
112 15
112 19
112 47
112 43
112 16
112 12
112 37
112 34
113 94
113 103
113 99
113 97
113 101
113 91
113 102
114 107
114 109
115 15
115 19
115 31
115 16
115 12
115 13
115 17
115 23
116 107
116 109
116 81
116 96
116 84
116 69
116 94
116 80
116 106
116 89
116 74
116 97
116 70
116 91
116 93
116 111
116 100
116 99
116 85
116 72
117 101
117 102
117 106
117 105
118 106
118 104
118 82
118 99
118 98
118 90
118 97
118 112
119 26
119 18
119 27
119 53
119 19
119 49
119 12
119 16
119 9
119 43
119 45
119 51
119 40
119 28
119 5
119 21
119 47
119 7
119 15
119 6
119 13
119 10
119 56
119 35
1 55
1 58
1 57
1 48
2 103
2 90
2 97
2 99
2 102
2 89
2 98
2 83
2 81
2 101
2 106
2 105
3 51
4 42
4 62
4 59
4 60
5 36
5 34
6 70
6 68
6 81
6 61
6 82
6 66
6 59
6 78
6 64
6 84
6 62
6 72
6 83
6 67
6 75
6 80
6 79
9 107
9 96
9 110
9 105
9 104
9 88
11 57
11 56
11 55
12 40
12 43
12 41
12 42
12 35
12 44
16 116
16 118
16 117
16 109
16 115
17 96
17 57
17 100
17 92
19 112
19 114
21 32
21 37
21 33
21 26
23 92
23 103
23 95
24 78
24 74
24 103
26 16
26 18
26 20
27 110
27 115
27 109
27 114
27 107
27 112
27 113
28 107
28 112
28 111
32 51
33 88
33 53
33 98
34 47
34 39
34 31
34 46
34 36
34 37
34 38
34 33
34 43
34 48
34 50
34 28
34 42
34 41
34 30
34 40
34 49
36 114
36 116
36 115
36 118
36 113
36 119
37 115
39 80
39 109
39 108
39 87
39 76
39 69
39 62
39 102
39 85
39 91
39 78
39 86
39 60
39 110
39 93
39 107
39 59
39 111
39 103
39 84
42 71
43 52
43 54
43 51
43 46
43 41
43 57
43 53
43 58
43 45
43 59
43 60
43 61
43 49
43 50
44 50
44 66
44 51
44 53
44 55
44 62
44 57
44 49
44 63
44 64
44 52
44 61
44 59
45 27
45 28
45 29
45 26
46 114
46 104
46 109
46 116
46 107
46 115
46 119
46 106
46 113
46 102
46 103
46 100
48 110
48 106
48 105
49 111
49 112
50 10
50 13
50 17
50 14
50 20
51 60
51 53
51 91
51 107
51 85
51 74
51 93
51 71
51 63
51 58
51 99
51 59
51 68
51 104
51 66
51 67
51 73
51 100
51 64
51 57
51 55
51 65
51 87
51 90
51 62
52 71
52 83
52 57
52 60
52 66
52 91
52 62
52 67
52 90
52 82
52 77
52 68
52 80
52 65
52 76
53 112
53 111
53 115
53 105
53 113
54 101
54 71
54 76
54 48
54 47
54 61
54 56
54 49
54 53
54 75
54 77
54 89
54 50
54 51
54 73
54 62
55 73
57 22
57 23
57 27
57 31
57 26
57 25
58 51
59 114
59 82
59 79
59 72
59 112
59 73
59 70
59 76
59 115
59 80
59 77
59 68
59 106
59 69
59 74
59 111
59 110
59 83
59 75
59 100
59 113
59 96
59 109
59 63
60 26
60 30
60 52
60 39
60 14
60 31
60 55
60 23
60 36
60 37
60 42
60 25
60 12
60 28
60 35
60 51
60 17
60 43
60 38
60 53
60 19
60 29
60 24
60 58
61 48
61 39
61 42
61 46
62 89
62 77
62 93
62 88
62 81
62 86
62 78
62 85
62 90
62 94
62 80
63 66
63 68
63 48
63 67
63 65
63 69
63 72
63 70
63 71
65 14
65 11
65 8
65 16
65 15
65 7
66 88
66 91
66 86
66 73
66 87
67 106
67 97
67 108
67 98
67 100
67 110
67 111
67 103
67 101
67 105
68 103
68 114
68 117
69 91
69 89
70 68
70 73
71 109
73 90
73 85
73 79
74 69
74 87
74 112
74 66
74 83
74 60
75 65
75 60
75 67
75 66
75 52
75 64
75 51
75 58
75 63
75 57
75 54
75 59
75 55
75 56
76 99
76 104
76 95
76 91
76 96
76 98
76 94
76 106
76 92
76 100
76 103
76 87
76 89
76 83
76 102
76 93
77 115
77 114
77 116
79 93
79 81
79 88
79 94
79 92
79 105
80 20
80 29
80 23
80 26
80 33
80 21
80 24
80 32
80 28
80 27
80 30
81 96
81 99
81 103
81 105
81 97
83 70
86 69
87 79
87 80
87 68
87 78
88 73
88 92
88 79
88 67
88 91
88 87
89 110
89 112
90 56
90 57
90 61
90 58
90 60
90 55
90 64
91 114
91 115
92 18
92 19
93 82
93 78
93 71
93 80
93 74
94 74
94 70
94 65
94 63
94 96
94 76
94 100
94 84
94 98
94 67
94 73
95 115
95 98
95 102
95 113
95 117
95 108
95 112
95 107
95 101
95 103
97 119
99 31
99 33
99 35
99 34
99 41
99 43
99 32
99 27
100 93
100 87
101 119
103 23
103 17
103 26
103 21
103 14
103 27
103 15
103 20
103 25
103 28
103 24
104 113
105 25
105 14
105 20
105 32
105 11
105 27
105 12
105 17
105 21
105 13
105 18
105 22
105 40
106 99
106 102
106 101
106 104
106 82
106 74
106 98
106 91
106 100
109 113
109 112
109 94
109 100
109 97
109 115
109 108
111 94
111 96
111 95
111 101
111 92
112 5
112 25
112 3
112 7
112 8
112 4
112 26
112 10
112 22
112 27
113 100
114 4
114 24
114 6
114 9
114 10
114 31
114 11
114 21
114 25
114 18
114 30
114 17
114 13
114 22
114 29
114 19
114 8
114 20
114 14
114 12
114 26
115 113
115 119
115 118
115 107
115 109
115 105
115 106
115 112
115 108
116 49
116 50
116 48
116 65
116 61
116 52
116 55
116 59
116 60
116 54
116 57
116 62
117 39
117 10
117 22
117 12
117 21
117 26
118 120
119 57
119 58
119 60
120 48
1 59
2 113
2 114
3 27
3 26
3 29
3 25
3 31
3 35
3 34
4 112
4 83
4 102
4 78
6 15
6 56
6 39
6 32
6 16
6 36
6 45
6 52
6 11
6 34
6 8
6 31
6 30
6 20
6 58
6 37
6 21
6 40
6 19
6 55
6 23
6 42
6 14
6 33
6 18
6 10
6 12
6 47
7 46
7 48
7 43
8 69
9 72
12 68
13 107
13 100
13 90
13 86
13 96
13 95
14 119
15 101
15 92
16 44
16 73
16 48
16 49
16 53
16 43
17 81
18 46
18 42
19 42
20 59
20 78
20 82
20 62
20 61
20 43
20 89
20 81
20 79
20 109
20 60
20 80
20 85
20 73
20 55
20 108
20 72
20 58
20 69
20 44
20 56
20 110
20 64
20 103
20 87
20 75
20 65
20 66
20 57
21 23
22 35
23 93
25 54
26 23
26 19
26 21
26 14
27 78
27 70
27 64
27 65
27 57
27 79
27 73
27 60
27 69
27 59
27 58
27 72
27 67
27 61
27 68
29 50
29 53
29 47
29 44
29 64
29 61
30 65
30 64
30 67
30 54
30 66
30 50
30 63
31 51
31 59
31 64
32 21
32 17
32 27
32 25
32 19
32 59
32 40
32 38
32 13
32 24
32 22
32 20
32 39
32 41
32 16
32 31
32 29
32 45
32 34
32 37
32 15
34 101
35 9
36 42
37 86
37 81
37 88
38 116
38 118
39 14
39 23
40 117
40 120
41 54
41 96
41 32
41 52
41 92
41 57
41 81
41 82
41 59
41 33
41 91
41 97
41 31
41 56
41 75
41 64
41 38
41 85
41 71
41 95
41 55
41 53
41 70
41 89
41 83
41 88
41 62
42 58
42 46
42 41
42 23
42 29
42 61
42 52
42 57
42 34
42 37
43 4
43 10
43 21
43 6
43 2
43 12
43 5
43 14
43 17
43 8
44 43
44 31
44 25
44 3
44 36
44 28
44 7
44 46
44 39
44 11
44 37
44 13
44 26
44 30
44 35
44 8
44 24
44 33
48 5
48 17
48 28
48 22
48 3
48 29
48 16
48 7
48 19
48 6
48 27
48 10
48 9
48 31
48 20
48 30
48 23
48 21
50 76
50 52
51 105
51 98
51 106
51 102
51 103
52 114
52 115
52 102
52 116
52 112
52 113
52 107
53 120
53 119
54 32
54 34
54 45
54 33
54 43
54 35
54 37
54 46
56 69
56 66
56 93
56 97
56 105
56 64
56 86
56 84
56 68
56 65
56 67
56 83
57 42
57 45
57 55
57 50
57 51
57 43
58 25
60 118
60 108
60 120
60 109
60 102
60 115
60 104
60 111
60 113
61 28
61 26
61 18
61 12
61 19
61 29
61 13
61 16
61 15
61 30
61 10
61 6
61 8
61 11
61 20
61 9
61 24
62 74
62 73
63 14
63 9
63 13
63 12
63 16
63 17
64 16
64 29
64 21
64 40
64 37
64 9
64 12
65 87
66 95
67 109
67 112
67 113
69 99
69 98
69 101
69 100
70 80
70 79
70 78
72 80
72 92
74 118
74 119
75 112
75 108
75 116
75 117
76 108
77 53
77 46
77 50
77 48
77 39
77 41
77 40
77 45
77 66
77 52
77 63
78 111
78 113
78 114
78 115
78 109
80 112
80 106
81 95
81 98
81 109
82 88
82 90
82 85
82 79
82 84
84 9
85 72
85 69
85 76
85 74
85 67
85 61
85 71
85 66
86 109
86 104
86 112
86 113
87 99
88 37
88 40
88 49
88 41
88 55
88 51
88 47
88 50
88 39
88 46
88 44
88 52
88 42
88 48
89 109
89 100
89 94
89 113
90 54
90 39
90 53
90 40
90 49
90 30
90 36
90 37
90 38
90 33
90 31
90 32
91 90
92 99
92 117
92 119
92 51
92 106
92 102
92 104
92 113
92 116
92 111
92 109
92 114
92 103
92 58
92 98
92 120
92 85
92 101
93 3
93 1
95 109
95 111
95 110
96 111
96 92
96 64
96 65
96 94
96 67
96 120
96 66
96 68
96 100
96 114
96 106
96 93
96 63
96 72
96 105
96 74
98 88
98 90
98 94
98 87
98 93
98 97
98 86
98 85
99 18
99 21
99 29
99 25
99 14
99 37
99 30
99 28
99 26
99 22
101 7
101 18
101 13
101 11
101 16
101 14
101 8
102 33
102 36
103 72
103 85
103 83
104 60
104 73
104 63
104 55
104 48
104 50
104 32
104 30
104 38
104 28
106 87
107 116
108 101
108 98
109 37
109 39
110 103
110 101
111 114
112 102
113 45
113 38
113 64
113 49
113 34
113 65
113 35
113 58
113 43
113 32
113 59
115 43
115 44
116 63
117 87
117 103
117 94
118 27
118 34
120 103
120 107
120 106
120 102
3 36
3 33
3 38
7 117
7 118
8 85
8 91
9 117
9 69
9 100
9 67
9 71
9 115
9 81
9 65
9 114
9 85
9 116
9 106
10 78
10 68
10 96
10 90
10 88
10 73
11 18
11 19
11 21
11 27
11 17
12 5
12 23
12 59
12 45
12 47
12 19
12 50
12 25
12 6
12 49
12 57
12 60
13 114
13 115
15 22
15 25
15 20
15 24
15 26
15 18
19 56
20 74
21 104
21 112
21 110
21 114
21 113
22 112
22 86
22 113
22 83
22 108
22 92
22 95
22 111
22 88
25 108
27 99
28 89
30 99
30 95
30 109
30 101
30 94
31 120
32 108
33 104
33 112
33 115
33 110
35 106
35 91
35 68
35 93
35 81
35 109
35 94
35 96
35 104
35 98
35 99
35 90
35 105
35 69
35 103
36 106
36 88
36 101
36 108
36 102
36 60
36 91
36 97
36 109
36 85
36 99
36 95
36 112
36 107
36 104
37 62
38 25
38 47
38 27
38 31
38 43
38 36
38 34
38 54
38 37
38 24
38 30
38 42
38 48
38 52
38 29
38 40
38 46
38 33
38 49
38 41
39 97
39 113
39 105
39 117
39 106
39 116
40 113
41 80
41 66
41 76
41 78
41 16
41 74
41 61
41 35
41 28
41 21
41 68
41 98
41 17
41 77
41 60
41 19
41 84
41 51
41 87
41 79
41 15
41 90
41 73
43 114
43 118
43 112
43 119
43 120
43 113
43 116
44 48
44 89
44 58
44 95
44 73
44 83
44 69
44 68
44 38
44 54
44 41
44 29
44 77
44 56
44 98
44 40
44 27
44 47
44 21
45 49
45 53
45 44
45 89
45 95
45 79
45 48
45 47
45 94
46 99
46 97
47 19
48 35
48 37
48 43
48 40
48 15
48 26
48 14
48 41
48 13
49 83
49 80
49 85
49 86
50 25
50 11
50 8
50 16
50 48
50 6
50 7
50 22
50 28
50 12
50 18
50 31
50 15
50 33
50 9
50 37
53 104
54 72
54 79
54 65
55 83
56 92
56 91
57 36
57 41
57 37
57 38
58 97
58 98
58 94
58 95
59 103
60 70
60 77
60 76
60 74
60 73
62 102
62 87
62 79
62 97
62 84
62 76
62 100
62 75
62 83
62 82
62 105
62 103
63 77
63 73
63 86
63 75
63 78
63 74
64 45
64 32
64 46
64 61
64 57
64 52
64 73
65 82
65 68
65 81
65 79
65 71
65 76
65 69
66 39
66 47
66 19
66 20
66 35
66 18
66 40
66 16
67 96
67 59
67 79
67 91
67 82
67 36
67 39
67 78
67 74
67 94
67 92
67 34
67 93
67 69
67 66
67 85
67 33
67 84
67 57
67 99
67 80
67 32
67 90
67 70
67 75
71 90
71 97
71 95
71 88
71 91
71 100
71 87
71 85
71 92
71 94
72 64
72 67
75 80
75 95
75 101
75 118
76 60
76 65
76 73
76 75
76 55
76 79
76 66
76 88
76 84
76 97
76 85
76 90
77 102
77 110
77 109
77 108
77 107
77 111
77 106
77 105
77 104
78 50
78 44
78 58
78 69
78 57
78 45
78 66
78 64
79 61
79 59
81 120
82 8
83 18
84 78
84 33
84 91
84 92
84 66
84 47
84 37
84 76
84 43
84 74
84 75
84 35
84 81
84 32
84 96
84 30
84 42
84 41
84 48
84 39
84 45
85 56
85 70
85 80
85 28
85 63
85 79
85 44
85 77
85 75
85 81
85 54
85 49
85 35
87 89
89 118
89 119
90 92
90 85
90 48
90 87
90 109
90 83
90 72
90 82
90 59
90 69
90 74
90 75
90 99
90 97
90 103
90 107
92 14
92 15
93 103
93 110
93 100
93 107
93 105
93 108
93 99
93 106
93 101
93 109
95 97
95 84
95 92
95 86
95 74
95 94
95 83
95 104
95 88
95 99
95 79
95 90
95 100
95 73
97 50
97 48
97 56
97 52
97 53
97 61
98 21
98 18
98 19
99 3
99 2
99 1
99 4
100 69
100 68
100 70
100 59
101 41
101 32
101 37
101 35
101 34
101 38
101 36
101 40
101 39
102 40
105 86
105 81
105 92
106 30
106 35
106 19
106 15
106 38
106 41
106 13
106 26
106 10
106 12
106 42
107 22
107 24
107 52
107 50
107 40
107 21
107 48
107 53
107 47
107 54
108 7
108 16
108 18
108 12
108 11
108 8
108 21
108 22
108 19
108 25
108 9
108 14
110 106
110 98
110 91
110 109
110 108
110 94
111 1
111 8
111 14
111 10
111 5
111 12
111 15
111 22
111 9
111 25
111 19
111 20
111 24
111 21
111 23
113 46
113 33
114 64
114 70
114 74
116 98
116 90
117 9
117 78
117 57
117 15
117 13
117 16
117 61
117 62
117 8
117 18
117 11
117 89
117 98
117 100
117 84
117 31
117 6
117 20
119 91
1 39
1 20
1 74
1 32
1 37
1 70
1 41
1 10
1 54
1 34
1 7
1 72
1 33
1 71
1 69
2 49
2 17
2 92
2 31
2 37
2 8
2 12
2 19
2 56
2 11
2 86
2 74
2 13
2 7
2 23
2 18
2 65
2 25
4 100
4 97
5 80
5 93
6 57
7 99
7 50
7 75
7 58
7 44
7 51
7 100
7 108
7 74
7 54
7 78
7 64
7 45
7 116
9 53
9 52
11 117
11 109
11 116
11 106
11 110
11 113
11 105
11 114
11 115
13 37
13 44
14 58
14 76
14 75
14 60
14 77
14 73
14 68
14 70
14 72
16 63
17 34
17 31
17 28
17 40
17 24
17 23
18 50
18 56
18 26
18 25
18 60
18 20
18 17
18 32
18 65
19 85
19 87
20 88
20 86
20 63
20 90
20 91
20 83
21 13
21 14
21 12
21 10
22 56
24 57
25 19
26 118
27 35
27 38
27 34
27 32
28 114
28 104
28 105
30 77
30 84
30 83
30 76
30 102
30 74
30 78
30 86
31 17
31 20
31 24
31 25
31 28
32 105
32 101
34 105
34 104
34 100
34 112
34 109
34 110
34 113
34 103
34 106
34 98
34 107
37 73
37 66
38 117
38 119
39 67
40 59
40 79
40 78
40 68
40 74
40 36
40 72
41 14
41 20
41 18
42 102
42 99
42 100
42 98
43 76
43 70
43 69
43 47
43 48
43 55
43 65
43 64
43 56
43 77
43 73
43 42
43 63
46 86
47 65
47 60
47 64
47 71
47 68
47 66
47 76
47 72
47 53
47 61
47 75
47 63
47 73
47 69
49 115
51 115
51 117
52 106
52 104
53 51
54 40
54 22
54 70
54 39
54 30
54 29
54 74
54 44
54 20
54 31
54 36
54 27
54 25
54 38
55 96
55 85
55 89
57 52
59 52
59 53
59 40
59 119
59 62
59 67
59 78
59 71
59 39
59 116
59 54
59 44
59 61
59 41
59 55
59 57
59 58
59 47
60 117
61 4
61 5
61 14
62 17
62 13
62 44
62 22
62 47
62 18
62 58
62 40
62 16
62 43
62 15
62 57
62 32
62 21
62 42
62 51
62 12
62 48
62 54
62 53
62 20
62 56
62 11
62 41
62 9
62 37
62 46
62 45
63 44
63 35
66 90
66 54
66 94
66 58
66 65
66 62
66 34
66 93
66 59
67 28
67 20
67 43
67 31
67 30
68 6
69 28
69 40
69 42
69 21
69 36
69 22
69 27
69 25
69 35
69 31
70 69
70 85
70 62
70 67
70 81
70 64
70 86
70 87
70 53
70 52
70 84
71 105
71 106
72 56
72 46
72 15
72 25
72 17
72 8
72 12
72 42
72 24
72 35
72 37
74 32
74 36
74 43
74 48
74 49
74 33
74 29
74 34
74 35
74 38
74 31
75 27
75 46
75 61
75 29
75 62
75 49
75 53
75 45
75 37
75 41
75 72
75 28
75 47
75 30
76 101
76 86
76 107
77 79
77 81
77 82
77 80
78 23
78 25
79 12
79 13
79 25
79 32
79 17
79 29
79 28
79 33
79 24
79 23
79 16
79 20
79 19
79 30
79 14
79 11
79 10
80 40
80 57
81 77
81 86
82 89
82 94
82 92
82 108
82 104
82 87
82 80
82 103
82 81
82 98
82 101
82 97
82 105
82 107
82 96
83 120
83 118
84 71
84 68
84 65
87 24
87 20
87 21
87 23
87 16
87 18
88 113
89 64
90 35
94 46
94 59
94 54
94 25
94 52
94 45
94 16
94 48
94 53
94 18
94 57
94 22
94 24
94 31
94 38
94 27
94 56
94 61
94 55
94 17
95 49
95 75
95 47
95 65
95 69
96 2
96 28
96 5
96 19
96 29
96 13
96 24
96 16
96 25
96 4
96 23
96 31
96 7
96 26
96 39
96 30
96 44
96 17
96 33
96 27
96 43
96 3
96 35
96 32
97 86
97 80
97 47
97 46
97 60
97 45
97 43
97 79
97 89
98 92
98 91
99 111
100 19
100 41
100 2
100 13
100 78
100 49
100 48
100 76
100 20
100 42
100 81
100 4
100 79
100 9
100 82
100 11
101 90
101 95
101 96
102 104
102 105
102 106
103 36
103 38
103 13
103 42
103 40
103 41
103 22
103 32
103 47
103 48
103 31
103 52
103 33
103 70
105 71
106 2
106 7
106 9
106 1
106 5
106 4
106 8
107 63
107 65
108 33
108 23
108 42
108 69
108 38
108 10
108 37
108 40
108 24
108 6
108 81
108 73
108 53
108 27
108 28
108 70
108 41
108 43
108 36
108 35
108 46
108 62
108 26
109 6
110 118
110 119
111 68
111 69
111 89
111 84
111 76
111 98
113 36
113 53
113 26
113 17
113 6
113 10
113 25
113 15
113 12
113 23
113 24
113 22
113 21
113 50
113 28
114 56
114 49
114 47
114 86
114 55
114 40
114 57
114 39
114 85
114 53
114 76
114 43
114 58
114 45
119 46
119 50
119 72
119 98
119 41
119 67
119 80
119 84
119 61
119 44
119 89
119 66
119 96
119 69
119 62
119 65
120 81
120 42
120 62
120 50
120 56
120 66
120 41
120 72
120 47
120 38
120 40
120 63
120 79
120 77
120 43
120 53
120 75
120 39
120 59
120 65
120 55
120 44
120 46
120 73
120 54
120 70
3 59
4 120
4 119
5 8
5 18
5 30
5 23
5 14
5 21
5 26
5 22
5 25
5 12
5 24
5 16
5 13
6 77
7 114
8 25
8 14
8 10
8 33
8 15
8 22
8 18
9 113
9 118
11 45
12 74
12 77
13 120
13 116
13 113
14 92
14 93
14 102
14 94
14 96
14 91
14 95
15 115
15 118
15 116
16 112
19 97
19 108
19 96
19 95
19 110
19 93
20 27
20 33
20 28
20 36
20 35
20 31
20 32
20 39
20 29
21 116
21 118
21 115
22 53
22 51
22 46
22 52
22 61
22 71
22 47
23 35
23 115
24 21
24 22
24 23
24 10
24 14
24 18
24 11
24 20
24 17
26 50
26 49
26 51
27 62
27 55
27 36
27 39
27 54
27 66
27 118
27 51
27 111
27 53
27 40
27 90
27 108
27 74
27 77
27 95
27 82
27 47
27 80
27 117
27 100
27 46
27 75
27 52
28 54
28 73
28 60
28 47
28 45
28 56
28 43
28 53
28 44
28 66
28 46
28 40
28 58
28 52
28 49
28 39
28 61
28 42
29 34
29 37
30 89
30 110
30 88
30 112
30 92
30 85
30 111
31 26
31 11
31 13
31 12
31 22
31 19
32 28
32 35
32 26
34 111
34 97
34 102
35 21
35 30
35 26
36 46
36 45
36 21
36 20
36 23
36 15
36 17
36 25
36 24
36 19
36 30
36 59
36 26
36 49
36 29
36 22
37 48
37 47
37 57
37 27
37 25
37 36
37 55
37 44
37 45
37 24
37 28
37 69
37 61
37 26
37 59
37 29
37 32
37 46
37 52
37 42
37 31
38 35
38 32
41 105
42 87
42 97
42 79
42 94
42 78
42 88
42 91
42 82
42 96
42 115
42 89
42 101
42 83
43 71
44 34
45 83
45 80
46 108
46 110
48 24
49 44
49 38
51 88
51 89
53 68
55 114
55 110
55 108
55 105
55 106
55 102
55 107
55 104
55 109
55 97
55 88
55 111
57 21
57 29
57 30
57 28
57 13
57 34
58 90
58 63
58 69
58 55
58 67
59 91
60 100
60 103
60 97
60 99
60 101
62 113
62 96
62 71
62 110
62 66
62 65
63 27
63 21
63 31
63 29
63 33
63 20
63 34
63 18
63 26
63 25
63 28
63 19
64 56
65 30
65 28
65 40
65 36
65 34
65 38
65 32
65 39
67 115
68 57
68 59
68 61
68 43
69 86
69 87
71 32
73 115
73 116
73 111
73 113
73 112
73 114
73 107
75 68
75 69
75 70
75 78
76 72
76 62
76 74
77 98
77 96
77 103
77 97
77 101
77 100
79 55
79 53
79 54
82 76
82 91
82 106
82 100
82 109
82 93
82 86
82 102
82 111
82 110
85 73
85 13
85 17
85 68
85 14
85 39
85 22
85 58
85 16
85 25
85 12
85 37
85 40
86 37
86 39
86 35
88 100
88 103
88 107
88 99
88 101
90 100
90 95
90 117
92 33
92 46
92 40
92 44
92 41
92 32
92 39
92 38
93 90
93 95
93 96
93 111
93 91
93 112
93 89
93 86
94 68
94 62
94 77
95 42
95 44
96 70
96 69
96 55
96 58
96 71
96 52
96 56
96 53
96 73
96 59
97 82
101 60
102 51
103 91
106 88
106 56
106 57
106 64
106 60
106 65
106 61
106 86
107 49
107 42
107 16
107 17
107 46
107 41
107 19
108 32
109 32
110 114
110 115
110 113
111 16
114 42
114 50
114 46
114 51
114 44
114 48
115 22
116 32
120 61
120 52
120 34
120 32
120 60
120 26
120 16
120 51
120 37
120 14
120 13
1 28
1 38
6 65
6 51
6 54
6 71
6 60
6 73
6 76
6 44
6 63
6 35
6 69
6 43
9 66
9 73
9 70
11 14
12 102
12 113
12 112
13 18
14 80
14 85
14 88
14 90
14 89
14 86
14 83
14 71
14 74
15 33
15 27
15 29
15 32
15 30
18 115
18 108
18 114
18 74
18 78
18 111
18 118
18 75
18 117
18 67
18 112
18 72
20 70
20 77
21 85
21 81
21 76
21 97
22 29
22 30
23 75
25 33
25 21
25 40
28 74
28 75
28 78
28 83
28 77
29 21
30 79
30 72
31 21
31 23
31 29
32 102
32 80
32 94
32 100
32 53
32 107
32 92
32 93
33 12
33 11
33 10
33 5
33 17
33 6
33 7
33 30
34 74
34 60
34 53
34 55
34 77
34 27
34 51
34 32
34 69
34 54
34 29
34 64
34 72
34 44
34 75
34 61
34 80
34 62
34 79
34 76
35 40
36 103
37 51
37 43
37 40
37 39
37 50
39 22
39 29
41 109
43 105
43 111
43 101
43 108
43 95
43 106
43 109
44 9
44 10
45 116
45 56
45 76
45 114
45 118
45 119
46 78
46 60
46 39
46 42
46 27
46 34
46 25
46 32
47 112
47 107
47 111
47 110
49 46
49 47
50 49
51 22
51 19
51 18
51 14
51 20
51 16
51 15
52 93
55 74
56 49
56 35
56 41
56 63
56 46
56 61
56 53
56 44
56 62
56 59
56 48
56 102
56 74
56 70
56 36
57 107
59 65
59 64
59 49
59 66
60 47
60 41
60 46
61 91
62 7
63 76
63 89
63 83
66 98
66 99
66 96
66 101
66 97
67 77
67 71
67 86
67 76
67 8
67 87
67 29
67 83
67 12
67 15
68 101
69 23
69 6
69 17
69 8
69 38
69 10
69 15
69 9
69 83
69 11
69 12
69 19
69 18
70 39
70 42
70 35
70 37
70 32
70 36
71 65
71 81
72 45
74 13
74 7
74 8
74 9
74 14
74 18
74 5
74 22
74 21
74 12
74 6
75 6
75 39
75 24
75 20
75 40
75 18
75 19
75 13
75 26
75 23
75 22
75 16
75 25
75 21
77 36
77 34
77 31
77 19
77 35
77 25
77 27
77 42
77 24
77 20
77 21
79 116
80 56
80 95
80 105
80 107
80 83
83 107
83 100
83 102
84 113
85 41
85 78
87 29
87 56
87 44
87 54
87 28
87 47
87 53
87 55
87 19
87 50
87 45
87 48
87 27
87 37
87 40
87 51
87 57
87 38
87 49
87 52
87 46
87 33
87 59
87 58
87 32
88 25
88 29
88 30
88 24
88 27
89 103
89 93
90 42
91 78
91 86
91 63
91 74
91 76
92 36
93 85
93 87
93 79
93 84
93 88
94 64
94 60
94 82
94 58
94 110
95 62
98 120
98 119
98 115
101 43
101 44
101 42
101 48
105 115
105 107
106 44
106 45
106 47
106 43
106 31
107 57
107 55
107 68
107 69
110 65
110 71
110 59
110 58
110 116
110 79
110 83
110 77
110 67
110 87
110 75
110 69
110 95
110 82
110 66
110 60
110 73
110 81
110 88
110 68
110 80
110 78
110 84
111 66
112 119
112 117
112 120
113 29
113 30
114 72
114 75
115 84
115 85
115 78
115 86
117 79
117 108
117 56
117 49
117 104
118 100
119 48
119 70
119 76
119 54
119 52
119 42
119 68
119 55
119 63
119 64
119 59
119 71
120 49
120 64
120 57
120 36
120 35
120 67
1 87
1 81
1 88
3 39
3 15
3 40
3 17
3 32
3 13
3 18
3 37
3 23
3 12
3 10
3 22
3 16
3 20
5 112
6 120
6 115
8 83
8 52
8 90
8 86
8 70
8 89
8 98
9 48
9 57
9 51
9 49
9 50
9 58
9 54
9 55
10 87
11 102
11 97
11 93
11 104
11 101
11 95
11 99
11 96
11 94
12 98
12 105
13 21
13 28
14 97
15 61
15 77
15 67
15 91
15 58
15 105
15 88
15 109
15 75
15 70
16 103
16 99
16 101
17 19
17 15
17 14
17 16
19 106
20 98
21 108
22 96
22 116
22 118
22 114
24 48
24 47
26 45
26 48
26 41
26 46
26 31
26 43
26 28
26 35
26 44
26 30
26 39
26 29
26 34
28 113
29 91
29 78
29 81
29 77
29 74
34 118
34 119
34 108
34 117
34 116
34 120
34 114
35 23
35 65
35 37
36 100
36 105
36 110
36 120
36 117
40 29
41 67
41 102
41 69
41 86
41 65
44 60
46 62
48 44
50 26
50 19
50 32
50 39
50 21
53 91
53 89
53 83
53 81
54 67
55 67
55 66
55 70
55 63
55 69
55 68
55 64
58 116
58 115
59 56
59 42
60 95
60 93
60 90
60 96
60 91
60 88
60 86
60 112
60 87
60 98
61 86
61 88
61 94
63 112
63 111
65 6
66 23
66 21
66 17
68 84
68 88
68 81
68 83
69 118
69 117
70 13
70 19
70 29
70 18
70 17
70 28
70 24
70 27
70 25
73 23
73 34
73 20
73 25
73 24
73 26
73 32
74 113
74 117
75 115
76 82
77 73
77 74
82 73
82 71
82 69
82 75
82 77
82 78
82 68
83 67
84 46
85 53
87 31
87 26
87 30
88 108
88 77
88 102
88 81
88 82
90 71
90 73
90 78
90 88
90 79
91 67
91 72
91 79
92 115
92 118
92 112
94 43
94 66
94 50
94 51
94 39
96 10
97 44
97 39
97 36
97 37
97 38
97 31
97 41
98 81
98 84
98 65
98 78
98 79
98 68
98 89
99 24
99 36
100 35
101 27
101 25
101 20
101 26
101 22
101 17
101 19
102 42
104 116
105 26
107 83
107 81
107 75
107 73
107 103
107 78
107 72
107 79
110 17
110 8
110 24
110 20
110 13
110 18
110 21
110 22
110 26
110 27
110 16
112 107
112 109
114 103
115 114
115 117
116 95
116 101
116 104
116 113
116 115
116 105
117 99
117 107
1 77
2 100
2 104
2 109
2 108
2 116
2 111
2 110
7 66
7 71
8 55
9 38
11 84
11 86
12 88
12 87
12 91
12 89
12 86
14 84
14 79
14 62
14 59
14 81
14 87
14 78
19 67
19 66
19 65
20 34
22 79
22 82
22 81
22 78
24 12
24 15
24 19
25 118
25 115
25 113
25 117
30 116
32 115
32 111
32 109
32 117
32 106
32 110
32 113
32 95
32 119
32 114
33 41
34 45
37 107
39 112
40 73
42 112
42 109
42 118
42 110
42 119
42 92
42 104
43 104
43 89
43 96
43 84
45 20
45 6
45 5
45 8
45 9
45 17
45 4
45 11
45 19
46 64
47 120
47 119
48 18
51 30
52 78
52 79
52 72
52 81
52 70
55 112
55 113
56 117
56 111
56 116
56 106
56 118
56 109
56 120
57 12
60 34
60 45
60 68
60 40
60 82
60 94
61 17
63 88
64 102
64 99
64 101
64 103
64 90
64 98
65 26
65 24
65 21
65 23
65 17
65 13
66 107
66 111
66 108
66 109
