103 1530
1 2
2 3
3 4
4 5
5 6
6 7
7 8
8 9
9 10
10 11
11 12
12 13
13 14
14 15
15 16
16 17
17 18
18 19
19 20
20 21
21 22
22 23
23 24
24 25
25 26
26 27
27 28
28 29
29 30
30 31
31 32
32 33
33 34
34 35
35 36
36 37
37 38
38 39
39 40
40 41
41 42
42 43
43 44
44 45
45 46
46 47
47 48
48 49
49 50
50 51
51 52
52 53
53 54
54 55
55 56
56 57
57 58
58 59
59 60
60 61
61 62
62 63
63 64
64 65
65 66
66 67
67 68
68 69
69 70
70 71
71 72
72 73
73 74
74 75
75 76
76 77
77 78
78 79
79 80
80 81
81 82
82 83
83 84
84 85
85 86
86 87
87 88
88 89
89 90
90 91
91 92
92 93
93 94
94 95
95 96
96 97
97 98
98 99
99 100
100 101
101 102
102 103
103 1
1 79
1 84
1 81
1 85
2 97
2 67
2 66
2 65
2 68
2 73
2 96
2 91
2 85
2 75
2 79
2 88
2 76
2 95
2 92
2 90
2 82
2 70
2 84
2 93
2 72
3 54
3 40
3 46
3 48
3 28
3 41
3 58
3 43
3 57
3 64
3 27
3 56
3 52
3 63
3 47
3 51
3 36
3 38
3 61
3 62
3 33
3 37
3 35
3 42
4 68
4 67
4 72
4 58
4 59
4 60
4 63
4 70
4 75
4 66
4 76
4 73
4 65
4 81
4 64
4 71
4 80
4 61
5 75
5 72
5 74
7 31
7 40
7 32
7 29
7 22
7 30
7 38
7 27
7 23
7 37
7 28
7 25
9 13
10 59
10 33
10 38
10 34
10 53
10 78
10 46
10 63
10 35
10 43
10 80
10 30
10 79
10 44
10 50
10 72
10 37
10 51
10 39
10 67
10 61
10 47
10 48
10 64
10 75
10 31
10 42
10 85
10 27
10 49
10 77
10 66
10 58
10 83
10 60
10 41
10 29
10 73
10 68
10 62
10 57
11 100
11 97
12 45
12 52
12 44
12 70
12 51
12 42
12 41
12 65
12 58
12 46
12 43
12 62
12 68
12 47
12 61
12 72
12 69
12 63
12 60
12 48
12 40
12 50
13 41
13 55
13 46
13 54
13 56
13 50
13 57
13 58
13 48
13 59
14 57
14 61
14 59
14 65
14 56
14 64
14 60
14 67
15 28
15 24
15 26
15 30
16 86
16 85
16 88
16 89
16 92
16 95
16 91
16 96
17 7
17 10
17 9
18 34
18 36
18 33
18 35
18 30
18 32
18 28
18 25
19 50
19 22
19 54
19 27
19 63
19 38
19 41
19 51
19 23
19 34
19 53
19 58
19 62
19 30
19 45
19 60
19 59
19 16
19 17
19 13
19 15
19 44
19 43
19 28
19 11
19 70
19 35
19 25
19 69
19 12
19 57
19 42
19 55
19 37
19 56
19 67
19 46
19 61
20 24
20 90
20 66
20 36
20 45
20 56
20 52
20 28
20 68
20 81
20 79
20 62
20 67
20 60
20 75
20 65
20 77
20 96
20 57
20 84
20 61
20 70
20 34
20 85
20 29
20 55
20 30
20 35
20 46
20 94
20 64
20 92
20 40
20 69
20 97
20 58
20 98
20 63
20 25
20 78
20 83
20 26
20 49
20 95
20 53
20 91
20 89
20 51
20 71
21 30
21 16
21 10
21 39
21 19
21 37
21 38
21 41
21 42
21 35
21 24
21 12
21 9
21 18
21 28
21 27
21 13
21 40
21 44
21 34
21 32
22 97
22 92
22 96
22 99
22 94
23 98
23 100
23 97
24 50
24 67
24 41
24 52
24 61
24 72
24 66
24 54
24 47
24 56
24 40
24 57
24 64
24 71
24 70
24 55
24 59
24 43
24 38
24 73
24 46
24 60
24 68
24 49
24 42
25 30
25 39
25 37
25 22
25 38
25 42
25 41
25 27
25 32
25 29
25 36
25 24
25 33
25 23
26 39
26 34
26 38
26 37
26 36
26 32
27 46
27 36
27 35
27 25
27 44
27 26
27 39
27 34
27 45
27 33
27 37
27 32
28 94
28 92
28 97
28 89
28 98
28 93
29 62
30 23
30 58
30 34
30 54
30 46
30 50
30 24
30 70
30 65
30 41
30 63
30 40
30 55
30 45
30 37
30 66
30 60
30 51
30 26
30 42
30 32
30 43
30 29
30 59
30 48
30 33
30 22
30 39
30 69
30 27
30 36
30 52
31 99
31 100
32 65
34 39
34 41
34 38
34 44
34 31
34 36
34 43
34 42
34 48
34 37
34 50
34 40
34 30
35 94
35 80
35 60
35 65
35 89
35 75
35 58
35 63
35 88
35 85
35 99
35 100
35 86
35 87
35 61
35 97
35 59
35 81
35 67
35 95
35 57
35 78
35 72
35 96
35 77
35 79
35 71
35 70
35 62
35 92
36 60
36 64
36 41
36 31
36 48
36 65
36 40
36 66
36 68
36 45
36 58
36 46
36 32
36 38
36 54
36 61
36 52
36 43
36 51
36 34
36 47
36 57
36 30
36 39
36 67
36 44
36 69
37 99
37 55
37 48
37 59
37 71
37 69
37 45
37 63
37 53
37 93
37 88
37 84
37 76
37 96
37 51
37 90
37 66
37 46
37 101
37 70
37 100
37 68
37 81
37 95
37 79
37 78
37 61
37 42
37 73
37 49
37 89
37 56
37 97
37 87
37 47
37 72
37 94
37 62
38 61
38 8
38 47
38 41
38 79
38 84
38 11
38 16
38 52
38 40
38 82
38 62
38 86
38 53
38 23
38 54
38 43
38 64
38 12
38 9
38 49
38 56
38 35
38 17
38 74
38 65
38 22
38 48
38 36
38 7
38 28
38 14
38 80
38 85
38 44
38 27
38 33
38 81
38 37
38 78
38 67
38 51
38 73
38 20
38 31
38 46
38 30
38 15
39 32
39 41
39 35
39 36
39 34
39 37
39 44
39 31
40 81
40 79
41 27
41 46
41 53
41 61
41 64
41 35
41 43
41 54
41 58
41 59
41 52
41 49
41 23
41 36
41 30
41 32
41 48
41 63
41 47
41 50
41 56
41 31
41 24
41 39
41 51
41 29
42 95
42 88
42 97
42 89
42 93
42 96
42 98
43 45
43 22
43 59
43 57
43 39
43 24
43 40
43 60
43 19
43 58
43 54
43 34
43 23
43 51
43 61
43 47
43 32
43 46
43 18
43 26
43 31
43 21
43 56
43 29
43 41
43 33
43 49
44 47
44 46
44 52
44 49
44 48
45 34
45 27
45 39
45 30
45 24
45 23
45 25
45 41
45 35
45 22
45 31
45 32
45 20
45 19
45 16
45 21
45 37
45 38
45 26
45 43
45 28
46 77
46 86
46 87
46 76
46 83
46 82
46 79
46 88
46 85
46 78
47 92
47 101
47 102
47 103
47 94
48 63
48 57
48 61
48 64
48 54
48 55
48 65
48 58
48 52
49 92
49 90
49 91
49 96
49 95
50 29
50 28
50 18
50 14
50 24
50 21
50 30
50 16
50 23
50 20
50 12
50 31
51 67
51 48
51 62
51 43
51 66
51 70
51 45
51 57
51 59
51 60
51 53
51 61
51 50
51 46
51 44
51 47
53 25
53 22
53 21
54 72
54 77
54 70
54 74
54 78
54 81
54 75
55 62
55 66
55 57
55 100
55 85
55 68
55 64
55 74
55 70
55 78
55 86
55 99
55 87
55 83
55 96
55 80
55 67
55 58
55 72
55 91
55 60
55 97
55 81
55 98
55 101
55 75
55 89
55 82
55 92
55 77
55 63
56 101
56 96
56 94
56 95
57 77
57 61
57 75
57 73
57 71
57 85
57 86
57 81
57 83
57 82
57 67
57 64
57 84
57 80
57 63
57 76
57 70
57 66
58 93
58 88
58 96
58 97
58 86
58 95
58 89
58 85
58 87
58 94
59 57
59 52
59 51
59 67
59 62
59 61
59 49
59 53
59 55
59 66
59 47
60 13
60 15
60 30
60 39
60 14
60 22
60 29
60 9
60 41
60 7
60 19
60 21
60 12
60 32
60 6
60 10
60 25
60 40
60 20
60 17
60 34
60 37
60 11
61 79
61 66
61 82
61 85
61 68
61 69
61 77
61 71
61 84
61 64
61 80
61 83
61 74
61 78
61 72
62 72
62 64
62 69
62 71
62 68
62 66
63 69
63 58
63 84
63 68
63 77
63 76
63 81
63 62
63 73
63 75
63 85
63 83
63 54
63 70
63 55
63 78
63 61
63 72
63 59
63 57
64 24
64 13
64 17
64 33
64 15
64 21
64 19
64 28
64 20
64 34
64 36
64 38
64 16
64 42
64 40
64 43
64 37
64 27
64 41
64 29
64 22
65 53
65 20
65 52
65 15
65 41
65 50
65 48
65 47
65 43
65 46
65 24
65 8
65 35
65 44
65 16
65 7
65 49
65 19
65 40
65 32
65 33
65 12
65 54
65 51
65 30
65 42
65 22
65 13
65 23
65 11
65 14
65 28
66 101
66 98
66 97
66 96
68 48
68 51
68 46
69 36
69 41
69 31
69 30
69 34
69 33
69 37
69 40
69 38
69 43
69 32
70 54
70 53
71 4
71 5
72 86
72 91
72 85
72 82
72 90
72 95
72 79
72 93
72 98
72 83
72 87
72 78
72 81
72 94
73 89
73 84
73 94
73 76
73 61
73 64
73 95
73 56
73 63
73 51
73 77
73 59
73 78
73 81
73 68
73 93
73 70
73 57
73 86
73 75
73 55
73 92
74 60
74 57
74 51
74 43
74 64
74 58
74 45
74 41
74 42
74 65
74 63
74 56
74 50
74 38
74 55
74 52
74 40
74 59
74 62
75 38
75 32
75 39
75 40
75 33
75 41
75 30
75 27
75 29
75 43
75 37
75 44
75 24
75 36
78 54
78 44
78 50
78 57
78 55
78 43
78 45
78 62
78 64
78 48
78 47
78 65
78 42
78 61
78 60
78 51
79 19
79 20
79 18
80 71
80 40
80 49
80 48
80 38
80 62
80 55
80 51
80 52
80 54
80 56
80 68
80 63
80 64
80 50
80 66
80 70
80 58
80 36
80 43
80 39
80 69
80 44
80 60
81 47
82 39
82 37
82 38
83 74
83 73
84 72
84 69
84 67
84 73
84 64
84 76
84 65
84 74
84 71
85 90
85 83
85 87
85 91
85 84
85 82
86 75
86 73
86 68
86 82
86 80
86 72
86 81
86 71
86 77
87 83
87 89
87 81
87 93
87 90
87 91
87 82
88 63
88 64
88 65
88 67
88 69
89 36
89 51
89 45
89 35
89 38
89 39
89 49
89 44
89 43
89 50
89 34
89 53
89 37
90 29
90 24
90 75
90 17
90 81
90 80
90 77
90 84
90 18
90 37
90 56
90 52
90 38
90 20
90 22
90 72
90 61
90 35
90 55
90 30
90 25
90 68
90 47
90 50
90 45
90 54
90 66
90 33
90 48
90 59
90 31
90 65
90 58
90 49
90 60
90 42
90 46
90 79
90 44
90 85
90 78
90 39
91 78
91 95
91 54
91 89
91 72
91 93
91 57
91 86
91 51
91 58
91 71
91 75
91 81
91 60
91 67
91 97
91 61
91 52
91 76
91 82
91 85
91 80
91 99
91 83
91 53
91 96
91 74
91 66
91 50
91 56
91 90
92 53
92 52
92 54
93 9
93 4
93 6
93 5
93 7
94 82
94 81
95 14
95 18
95 17
95 16
95 11
95 19
95 12
96 68
96 67
98 47
98 42
98 40
98 38
98 43
98 46
98 37
99 62
99 64
99 46
99 52
99 51
99 49
99 58
99 60
99 48
99 55
99 59
99 47
100 45
100 49
100 44
101 9
101 13
101 8
101 15
101 7
102 13
102 14
102 12
103 48
103 49
103 51
103 44
103 45
2 26
2 11
2 27
2 32
2 31
2 14
2 23
2 18
2 15
2 24
2 10
2 20
2 22
2 13
2 19
2 29
3 73
3 85
3 79
3 83
3 78
3 80
3 60
3 67
3 84
3 59
3 68
3 66
3 76
4 74
4 85
4 86
4 82
4 84
4 57
4 69
4 62
5 78
6 62
6 53
6 68
6 61
6 54
6 67
6 59
6 63
6 58
6 56
6 69
6 65
7 69
7 70
7 74
8 28
8 25
8 26
8 27
8 23
8 18
8 20
9 21
9 35
9 15
9 27
9 20
9 31
9 24
9 29
9 8
9 28
9 36
9 33
9 18
9 11
9 32
11 65
11 57
11 59
11 60
11 68
11 62
11 63
11 55
11 61
11 64
13 18
13 36
13 37
13 63
13 60
13 12
13 44
13 26
13 22
13 62
13 42
13 51
13 61
13 24
13 19
13 33
13 25
13 34
13 27
13 29
13 38
13 23
13 43
13 32
13 15
13 20
14 52
14 26
14 27
14 19
14 54
14 21
14 47
14 29
14 28
14 45
14 51
14 46
14 42
14 23
14 40
14 22
14 38
14 44
14 33
14 43
14 36
14 63
14 31
14 35
14 30
14 49
14 48
14 32
15 103
16 64
16 77
16 65
16 78
16 67
16 63
16 75
16 72
16 68
17 70
17 22
17 61
17 28
17 14
17 75
17 40
17 82
17 85
17 46
17 59
17 43
17 31
17 48
17 42
17 67
17 35
17 62
17 45
17 74
17 56
17 77
17 47
17 32
17 15
17 73
17 50
17 51
17 52
17 44
17 53
17 19
17 30
17 23
17 49
17 33
17 65
17 27
17 34
17 64
17 37
17 78
17 41
17 69
17 20
17 25
18 82
18 80
