55 2190
1 2
2 3
3 4
4 5
5 6
6 7
7 8
8 9
9 10
10 11
11 12
12 13
13 14
14 15
15 16
16 17
17 18
18 19
19 20
20 21
21 22
22 23
23 24
24 25
25 26
26 27
27 28
28 29
29 30
30 31
31 32
32 33
33 34
34 35
35 36
36 37
37 38
38 39
39 40
40 41
41 42
42 43
43 44
44 45
45 46
46 47
47 48
48 49
49 50
50 51
51 52
52 53
53 54
54 55
55 1
1 50
1 46
1 48
2 4
3 53
3 49
3 55
3 48
3 50
3 51
3 52
3 46
3 47
4 9
4 6
4 10
5 10
6 47
7 36
7 34
8 33
9 16
9 13
9 7
9 18
9 5
9 17
9 11
9 15
10 15
10 5
10 14
10 9
10 13
11 44
13 50
13 51
13 48
13 54
13 52
13 49
14 45
14 46
15 51
15 44
15 36
15 50
15 41
15 40
15 48
15 49
15 39
15 53
15 43
15 52
15 45
16 14
16 18
16 8
16 12
16 11
16 13
16 15
18 3
18 27
18 37
18 34
18 23
18 32
18 20
18 29
18 12
18 21
18 30
18 13
18 35
18 7
18 31
18 36
18 9
18 15
18 38
18 14
18 17
18 28
18 24
18 5
19 32
19 35
20 38
20 33
20 41
20 32
20 34
20 39
20 36
21 14
21 8
21 15
21 9
21 17
21 20
21 18
22 27
24 52
24 48
24 50
24 51
24 53
24 46
25 39
25 44
25 38
25 42
25 32
25 33
25 31
25 35
25 43
25 27
25 29
26 9
26 18
26 10
26 13
26 20
26 17
26 12
27 20
27 21
27 22
27 19
27 26
28 45
28 39
28 40
28 44
31 41
31 43
31 42
32 8
32 9
32 10
33 44
33 45
34 25
34 16
34 14
34 21
34 20
34 13
34 28
34 18
34 19
34 27
34 23
36 40
36 39
36 46
36 44
36 43
36 38
37 7
37 8
37 3
38 22
38 21
39 26
39 43
39 27
39 41
39 33
39 34
39 24
39 32
39 47
39 28
39 38
39 20
39 49
39 19
39 36
39 42
39 45
40 31
40 45
40 44
40 49
40 30
40 47
40 50
40 35
40 37
40 39
40 48
40 34
40 33
40 32
41 16
41 23
41 22
41 15
41 18
41 25
41 20
42 35
42 37
42 40
43 45
43 46
43 50
43 52
43 51
43 47
44 46
45 20
45 22
45 24
45 23
46 40
46 41
48 26
48 22
48 23
48 19
48 10
48 25
48 27
48 11
48 18
48 14
49 30
49 27
49 6
49 24
49 12
49 14
49 26
49 22
49 29
49 20
49 16
49 17
49 25
49 10
49 11
49 15
49 19
50 15
50 16
50 12
50 26
50 5
50 9
50 13
50 21
50 19
50 7
50 11
50 25
50 22
50 10
50 14
50 4
50 17
51 38
52 15
52 17
52 18
53 37
53 38
53 39
54 8
54 28
54 30
54 26
54 9
54 32
54 12
54 33
54 17
54 10
54 36
54 11
54 20
54 7
54 27
54 31
54 18
54 24
54 19
2 29
2 30
2 38
2 44
2 26
2 34
2 32
2 36
2 45
2 41
2 39
2 27
2 28
3 37
3 39
4 24
4 31
4 27
4 26
4 32
4 33
4 30
5 31
5 32
5 30
5 29
6 33
6 32
6 40
6 43
6 42
6 34
6 49
6 46
6 54
6 51
6 30
6 45
6 55
6 37
6 41
6 31
6 35
6 39
7 30
7 28
7 29
7 33
7 35
7 27
7 32
8 53
8 55
8 54
8 49
8 51
10 17
10 26
10 19
10 25
10 22
10 21
10 20
10 24
12 14
13 2
13 4
13 11
13 10
13 15
13 12
14 37
14 43
14 39
14 44
15 7
15 11
15 6
15 3
15 10
16 55
17 41
17 42
17 39
17 45
17 43
17 44
18 22
18 26
20 47
20 17
20 30
20 24
20 45
20 9
20 43
20 14
20 29
20 26
20 13
20 10
20 35
20 28
20 16
20 37
20 27
20 40
20 44
20 11
20 22
20 25
20 46
21 19
21 13
21 12
22 43
22 42
22 39
22 47
22 41
22 36
22 31
22 46
22 25
22 24
22 44
22 34
22 35
22 29
22 37
22 28
22 30
22 49
22 50
23 21
23 19
23 30
23 33
23 26
23 32
23 36
23 22
24 44
24 41
24 39
24 45
24 38
24 43
25 36
25 37
25 51
25 40
25 46
25 49
25 50
25 48
26 43
26 40
26 46
26 55
26 50
26 39
26 51
26 52
26 47
26 54
26 42
27 35
27 43
27 32
27 48
27 25
27 39
27 42
27 29
27 44
27 23
27 30
27 24
27 41
27 37
27 46
28 32
28 35
28 43
28 41
28 33
28 37
28 25
28 38
29 36
29 38
29 31
29 28
29 22
29 25
29 34
29 20
29 43
29 40
29 21
29 18
29 16
29 47
29 26
29 50
29 32
29 27
29 48
29 49
29 33
29 15
29 37
30 53
30 55
30 54
30 52
31 25
31 12
31 19
31 13
31 1
31 9
31 24
31 40
31 27
31 10
31 30
31 3
31 8
31 15
31 6
31 11
31 29
31 16
31 39
31 14
31 22
31 35
31 45
31 2
31 5
31 17
31 33
32 44
32 47
32 40
32 43
33 46
33 49
33 50
33 43
33 48
35 23
35 21
35 31
35 14
35 25
35 42
35 9
35 34
35 38
35 32
35 49
35 22
35 15
35 26
35 20
35 39
35 29
35 47
35 12
35 40
35 44
35 11
35 10
36 22
36 24
36 23
36 28
37 26
37 25
37 20
37 24
38 41
38 30
38 29
38 34
38 26
38 33
38 36
39 23
39 22
41 28
41 30
41 31
41 32
42 53
42 52
42 49
42 51
42 50
42 46
44 14
44 41
44 23
44 43
44 38
44 31
44 12
44 35
44 18
44 17
44 21
44 28
44 24
44 16
44 33
44 47
44 11
44 36
44 25
44 39
44 10
45 49
46 45
46 53
46 52
46 43
46 49
46 50
46 37
46 42
46 54
46 39
46 36
47 23
47 44
47 34
47 40
47 30
47 45
47 35
47 39
47 32
47 38
47 29
47 25
47 24
47 26
47 28
47 36
47 20
48 51
48 47
48 52
49 40
49 51
49 44
49 46
49 45
49 52
50 33
50 18
50 36
50 35
50 39
50 40
50 24
50 41
50 42
50 23
50 37
50 31
50 27
50 29
50 20
51 49
51 48
51 55
51 47
51 53
52 29
52 42
52 10
52 33
52 27
52 28
52 34
52 20
52 23
52 26
52 25
52 11
52 7
52 22
52 39
52 16
52 38
52 37
52 21
52 35
52 32
53 12
54 42
54 45
54 47
55 47
55 48
55 49
1 44
2 50
2 46
2 49
2 31
2 40
2 43
2 52
2 51
2 33
2 37
3 30
3 34
3 29
3 35
3 31
3 33
5 52
7 51
7 49
7 53
8 11
8 34
8 20
8 15
8 22
8 28
8 21
8 13
8 24
8 36
8 17
8 26
8 25
8 32
8 35
8 19
9 51
9 52
10 54
10 55
10 49
10 47
10 53
10 51
10 48
11 55
13 6
13 9
13 17
13 16
13 5
13 3
14 9
14 7
14 5
15 31
15 29
15 30
18 42
19 49
21 31
21 39
21 28
21 29
21 33
21 36
21 24
21 40
21 32
22 26
23 52
23 55
24 42
24 40
26 34
27 10
27 33
27 16
27 8
27 15
27 7
27 14
27 18
27 6
27 17
27 5
29 46
29 44
30 34
30 33
30 36
30 35
30 40
30 32
30 41
31 47
31 53
31 51
31 48
31 52
32 24
32 30
32 41
32 27
32 25
32 37
32 28
32 20
32 31
32 34
32 23
32 39
32 38
32 22
33 39
33 38
34 44
34 51
34 50
34 39
34 38
34 45
34 52
34 37
34 47
34 43
34 49
34 46
34 42
35 55
35 52
35 51
35 50
35 53
36 49
36 50
36 16
36 29
36 45
36 32
36 42
36 19
36 25
36 21
36 20
36 30
36 34
36 27
36 48
36 26
37 51
37 48
37 49
37 54
37 52
38 40
38 43
38 48
38 49
38 46
38 47
38 51
38 52
38 42
39 31
39 29
39 30
39 37
40 19
40 26
40 24
40 15
40 21
40 18
40 17
40 22
41 43
43 53
44 30
44 42
44 32
45 53
45 50
46 44
47 6
48 29
48 32
48 36
48 21
48 35
48 31
48 37
48 34
48 33
49 43
49 48
49 55
49 41
49 47
49 53
49 42
50 48
50 44
50 46
51 39
51 37
51 41
51 40
53 49
53 48
53 46
53 52
53 50
54 29
55 50
55 38
55 46
55 44
55 28
55 20
55 42
55 52
55 35
55 41
55 14
55 26
55 23
55 30
55 37
55 32
55 29
55 13
55 18
55 40
55 39
55 51
55 24
55 34
55 19
55 25
55 54
1 28
1 36
1 34
1 37
1 30
1 33
2 25
2 18
2 21
2 23
2 20
2 19
3 24
3 23
3 26
3 21
3 17
3 20
4 13
4 18
4 17
4 16
5 44
5 50
5 53
5 47
5 51
7 3
8 44
8 43
9 19
10 50
10 46
11 41
11 39
11 40
13 26
13 33
13 29
13 27
13 28
13 32
13 35
14 40
14 42
14 47
15 19
15 25
15 20
15 21
15 26
15 27
15 23
16 38
16 33
16 32
16 35
16 36
17 21
17 19
17 29
17 13
17 22
17 26
17 20
17 14
17 23
17 24
17 12
18 25
19 29
19 28
19 31
19 22
19 27
19 30
19 24
21 48
21 51
21 49
23 49
23 50
24 7
24 9
24 15
24 4
24 8
24 18
24 12
24 16
24 3
24 21
24 14
26 32
26 45
26 37
26 36
26 35
26 38
26 49
26 30
26 48
27 12
27 9
28 22
28 17
28 16
28 18
28 15
28 19
28 24
28 30
29 39
31 37
31 26
31 23
31 28
31 21
31 18
33 9
33 12
33 10
33 14
33 11
35 45
36 51
37 6
38 37
39 44
41 11
41 17
41 10
41 19
41 14
44 37
44 40
45 10
45 8
45 6
45 7
45 9
46 18
46 21
46 23
46 24
46 17
47 14
47 19
47 16
47 50
47 17
47 21
47 43
47 37
47 31
47 41
47 18
47 27
49 8
51 16
51 15
51 13
51 17
52 45
52 43
52 41
53 44
53 40
53 41
55 43
1 51
1 55
1 49
1 52
3 38
3 36
4 34
4 28
4 23
4 36
4 25
5 13
6 25
6 22
6 24
6 23
6 26
6 44
6 27
6 50
6 28
6 29
7 39
7 38
7 50
7 45
7 42
7 48
7 44
7 37
7 47
8 29
8 30
8 27
9 45
9 50
9 48
10 35
10 37
10 40
10 38
10 39
10 31
10 34
11 31
11 23
11 20
11 32
11 30
11 27
11 22
12 16
12 17
12 15
14 31
14 32
14 30
14 29
16 46
16 49
17 46
17 47
17 53
17 52
17 38
17 55
17 48
17 50
19 25
19 14
19 11
19 26
19 23
19 21
19 17
19 12
19 10
23 48
24 22
24 31
24 28
24 33
24 36
24 26
24 49
24 32
24 20
24 54
24 47
24 27
24 35
24 34
25 34
25 41
25 19
25 24
25 22
25 30
25 23
25 21
25 17
27 40
28 46
28 47
30 29
30 26
30 24
30 27
31 34
32 21
33 27
33 30
33 24
33 18
33 16
33 20
33 19
33 28
33 29
33 26
34 48
34 53
34 54
34 55
34 41
35 41
35 43
36 35
37 21
37 14
37 15
37 18
38 20
38 19
40 11
40 6
40 9
42 54
43 49
44 6
44 3
44 4
47 13
47 15
48 24
49 32
50 45
50 47
51 25
51 26
52 47
52 46
53 47
53 51
53 43
53 45
1 17
1 21
1 19
1 20
2 35
3 13
3 15
3 18
3 22
3 25
3 12
4 12
5 49
6 36
6 38
7 41
8 47
8 48
8 46
11 9
11 10
11 2
11 8
11 3
11 5
12 41
12 39
12 35
12 40
12 38
12 33
13 18
13 8
15 37
15 46
15 42
15 35
15 38
15 47
16 43
16 48
16 44
16 42
18 11
18 10
19 6
20 8
20 7
20 5
21 26
21 23
21 25
22 20
23 20
23 25
25 13
25 11
25 20
25 7
25 15
25 45
25 28
25 16
27 51
27 52
28 42
30 50
30 49
31 49
31 36
31 38
31 44
32 19
32 46
32 17
32 18
32 36
32 29
32 35
32 42
32 26
33 42
33 40
33 41
33 37
33 36
34 40
35 37
36 33
36 41
37 22
37 31
37 23
37 19
37 32
37 28
38 11
38 15
38 10
38 12
38 16
38 18
38 14
39 16
39 11
39 13
39 15
39 21
39 12
40 46
41 55
44 20
45 13
45 15
45 4
45 12
45 2
45 5
46 27
46 34
46 35
46 38
46 31
46 33
46 28
46 25
46 29
47 22
48 50
48 53
48 54
51 54
53 16
54 52
54 46
54 43
54 48
54 51
54 41
54 44
54 53
55 45
1 40
1 43
1 41
3 44
3 45
3 43
3 41
4 15
4 19
4 21
4 20
5 48
6 48
7 26
8 45
8 39
9 43
9 40
9 41
9 44
9 42
11 7
13 39
13 38
13 23
13 22
13 24
13 21
13 20
13 25
13 37
14 17
14 16
15 22
16 52
16 53
16 47
16 50
17 31
17 37
17 32
17 34
17 35
17 28
17 25
18 6
18 4
19 52
19 51
19 53
20 15
20 18
20 31
20 19
20 23
21 4
21 7
21 5
21 6
21 11
22 40
22 38
26 33
26 29
26 23
26 28
26 24
28 36
28 34
28 27
28 31
28 48
29 17
29 14
29 8
29 23
29 10
29 12
29 9
29 11
30 23
30 21
30 19
32 52
32 51
32 55
32 45
32 54
33 13
36 47
36 52
36 54
37 30
37 40
37 29
37 34
37 42
37 35
37 36
37 43
37 33
37 44
38 23
38 24
38 25
38 28
40 36
40 38
40 53
40 28
40 27
40 43
41 47
41 50
41 48
42 30
42 24
42 28
42 25
42 22
42 26
43 18
43 20
43 19
43 34
43 32
43 17
43 26
43 24
43 33
43 22
43 25
44 13
45 11
45 3
46 3
47 11
47 9
47 8
48 30
48 43
48 44
48 28
48 40
48 46
51 27
51 31
51 45
51 42
51 30
51 34
51 32
51 29
51 50
53 32
53 31
53 42
53 36
54 40
54 35
54 37
54 25
55 21
55 22
2 11
2 12
3 40
3 32
3 42
4 8
4 29
4 2
4 22
4 11
4 1
4 14
5 41
5 42
5 37
6 18
6 13
6 5
6 14
6 11
6 21
6 8
6 19
6 10
7 22
7 19
7 20
7 23
9 36
9 21
9 27
9 20
9 38
9 34
9 31
9 28
9 30
9 39
9 32
12 51
12 48
12 50
12 42
12 53
15 32
15 33
16 39
16 40
16 37
17 30
17 27
18 8
19 48
19 47
20 52
21 43
21 27
21 42
21 35
22 32
23 37
25 6
25 10
25 8
25 9
26 41
26 21
26 8
26 11
26 6
26 19
26 5
26 16
26 7
26 22
29 53
30 37
30 39
30 44
30 42
30 45
31 7
35 17
35 13
35 18
35 27
35 30
36 53
37 45
37 13
37 41
37 16
37 10
37 27
38 50
39 48
39 46
39 51
39 53
39 54
41 51
42 19
42 17
42 13
43 29
43 23
43 28
47 33
49 13
49 23
50 6
52 9
52 24
52 12
52 30
52 13
52 8
52 19
54 23
54 21
55 31
1 13
4 40
4 39
4 41
4 45
4 44
4 46
5 3
5 4
5 7
5 9
7 31
7 43
8 16
8 41
8 18
8 12
8 38
8 42
8 40
9 54
10 33
10 41
10 32
10 42
10 52
10 45
14 2
14 18
14 10
14 25
14 19
14 1
14 8
14 26
14 28
14 24
14 11
14 21
14 6
15 14
16 27
16 45
16 24
16 26
16 34
16 28
17 36
18 48
21 38
21 34
22 33
23 34
23 28
24 55
24 19
24 23
24 37
24 29
24 30
26 31
27 38
27 31
29 19
30 38
32 50
32 48
33 4
35 33
35 24
35 28
38 35
38 7
38 44
38 8
38 31
38 5
38 3
39 14
40 42
41 40
45 33
46 30
48 55
51 24
51 28
52 14
53 26
53 24
53 22
53 33
53 23
54 5
1 45
2 17
2 14
2 16
2 13
2 10
3 19
4 7
5 21
6 52
8 31
9 35
9 33
9 46
9 37
10 18
11 47
11 45
11 49
12 8
12 10
12 11
12 7
12 9
13 44
13 47
13 46
13 43
14 33
14 38
14 48
14 41
14 50
14 35
14 34
15 54
17 54
20 51
20 42
20 50
20 48
21 54
21 50
21 53
22 53
22 54
22 51
22 52
22 48
29 52
29 24
29 6
29 51
29 42
34 29
34 36
34 30
34 32
34 31
38 27
38 13
39 52
39 55
42 45
42 41
42 38
42 36
42 48
42 39
43 13
43 12
43 16
43 15
45 18
45 26
45 16
45 35
45 27
45 21
45 17
45 28
46 6
46 8
46 9
46 1
46 7
46 4
46 5
47 5
47 7
47 10
49 33
49 21
49 37
49 36
49 28
49 31
49 34
49 35
50 38
50 34
51 20
51 21
51 23
51 18
51 19
52 4
52 5
54 39
54 22
54 38
55 3
55 5
55 2
1 54
2 22
2 9
2 15
2 24
6 12
6 15
7 14
7 13
7 9
7 10
7 24
7 21
7 5
7 12
7 15
7 18
7 25
9 49
9 47
10 44
10 43
11 38
11 42
11 37
11 43
12 28
12 27
12 23
12 22
12 31
12 21
12 26
12 19
12 18
12 24
12 30
12 32
13 36
13 40
14 52
14 51
14 49
15 12
15 18
15 17
16 29
16 31
17 15
17 16
20 12
20 6
21 30
22 9
22 6
22 2
22 1
22 8
22 7
23 54
27 13
28 52
28 53
28 51
29 54
30 46
30 48
30 43
30 51
30 28
30 47
33 2
33 5
33 7
33 6
33 3
33 1
37 4
41 38
41 39
41 33
41 37
42 27
42 16
42 33
42 29
42 18
42 15
42 32
42 23
42 31
42 20
42 34
42 14
42 21
44 34
46 14
47 46
48 41
48 45
48 39
49 54
50 8
50 3
52 6
1 53
2 8
2 6
4 50
5 36
5 38
5 33
5 34
7 52
11 35
11 33
11 29
11 34
11 46
13 45
13 53
13 41
15 24
15 13
16 5
16 4
16 9
16 10
16 2
19 40
19 46
19 34
19 45
19 43
19 36
19 37
22 21
23 14
26 44
29 13
29 35
29 45
31 46
32 15
32 13
32 16
32 12
33 52
33 51
36 6
36 5
36 3
38 6
41 5
43 30
43 36
43 38
43 42
43 35
43 31
43 39
45 38
45 39
45 37
46 51
46 48
48 15
48 6
48 13
48 16
48 8
48 20
48 5
49 18
49 9
50 55
53 35
53 28
53 29
54 34
54 16
1 6
1 25
1 18
1 23
1 16
1 7
1 10
1 11
3 9
3 2
3 7
3 11
3 6
3 27
3 14
4 37
4 35
4 38
5 45
5 39
5 43
5 46
7 17
10 36
11 19
11 15
11 13
11 14
12 20
13 34
15 9
16 30
16 23
16 21
16 19
16 20
18 33
19 18
19 38
19 15
19 16
23 40
23 38
25 14
26 15
27 50
27 54
27 55
27 49
34 2
34 1
