86 2313
1 2
2 3
3 4
4 5
5 6
6 7
7 8
8 9
9 10
10 11
11 12
12 13
13 14
14 15
15 16
16 17
17 18
18 19
19 20
20 21
21 22
22 23
23 24
24 25
25 26
26 27
27 28
28 29
29 30
30 31
31 32
32 33
33 34
34 35
35 36
36 37
37 38
38 39
39 40
40 41
41 42
42 43
43 44
44 45
45 46
46 47
47 48
48 49
49 50
50 51
51 52
52 53
53 54
54 55
55 56
56 57
57 58
58 59
59 60
60 61
61 62
62 63
63 64
64 65
65 66
66 67
67 68
68 69
69 70
70 71
71 72
72 73
73 74
74 75
75 76
76 77
77 78
78 79
79 80
80 81
81 82
82 83
83 84
84 85
85 86
86 1
1 43
1 33
1 49
1 31
1 28
1 25
1 40
1 39
1 48
1 41
1 38
1 47
1 36
1 27
1 44
1 45
1 26
2 66
2 63
2 79
2 78
2 51
2 61
2 68
2 60
2 58
2 73
2 56
2 85
2 55
2 62
2 74
2 50
2 53
2 54
2 71
2 49
2 72
2 67
2 75
4 57
4 55
4 54
5 62
5 14
5 17
5 52
5 26
5 59
5 75
5 68
5 51
5 31
5 78
5 45
5 38
5 7
5 54
5 42
5 12
5 61
5 30
5 57
5 33
5 70
5 24
5 64
5 49
5 41
5 63
5 60
5 11
5 40
5 36
5 46
5 25
5 18
5 8
5 58
5 50
5 44
5 23
5 39
5 19
5 76
5 32
5 35
5 22
5 28
6 76
6 74
6 78
6 73
6 72
6 84
6 80
6 71
7 20
7 18
7 21
8 64
8 68
8 55
8 56
8 62
8 59
8 57
8 61
8 71
8 54
8 69
9 52
9 36
9 44
9 63
9 57
9 27
9 55
9 29
9 40
9 32
9 58
9 62
9 48
9 51
9 41
9 43
9 60
9 56
9 50
9 46
9 53
9 49
9 31
10 60
10 49
10 44
10 57
10 53
10 45
10 48
10 59
10 55
10 52
10 47
10 46
11 65
11 68
11 64
12 50
12 52
12 51
12 55
13 23
13 17
13 19
13 21
13 20
14 10
16 20
16 18
16 21
16 25
16 24
17 28
17 25
17 34
17 43
17 29
17 24
17 45
17 52
17 55
17 56
17 23
17 36
17 42
17 35
17 31
17 48
17 39
17 30
17 51
17 49
19 74
20 33
20 29
20 25
20 31
20 32
20 27
20 24
20 30
21 42
21 50
21 41
21 68
21 46
21 48
21 49
21 47
21 62
21 65
21 32
21 59
21 72
21 31
21 69
21 73
21 66
21 36
21 74
21 51
21 40
21 29
21 39
21 30
21 53
21 71
21 35
22 81
22 71
22 80
22 77
22 84
22 74
22 79
22 82
22 75
22 76
23 71
23 70
23 74
23 76
25 84
25 86
26 52
26 56
26 50
26 72
26 64
26 55
26 65
26 57
26 61
26 63
26 69
26 68
26 70
26 58
26 54
26 51
27 83
27 84
28 65
28 53
28 73
28 69
28 79
28 56
28 74
28 68
28 55
28 63
28 59
28 71
28 51
28 57
28 78
28 66
28 62
28 50
28 76
28 77
28 70
29 54
29 49
29 37
29 47
29 32
29 51
29 53
29 22
29 26
29 43
29 34
29 46
29 38
29 56
29 27
29 50
29 21
29 39
29 45
29 35
29 42
30 79
30 78
32 79
33 5
33 24
33 17
33 20
33 13
33 27
33 12
33 15
33 25
33 16
33 11
33 10
33 4
33 6
33 18
33 9
33 3
34 80
34 71
34 81
34 76
34 70
34 68
34 73
34 69
34 72
35 22
35 49
35 54
35 27
35 17
35 43
35 40
35 34
35 44
35 52
35 30
35 42
35 51
35 50
35 32
35 53
35 46
35 56
35 26
35 47
35 45
35 55
35 48
35 29
35 38
36 51
36 26
36 50
36 33
36 42
36 46
36 49
36 31
36 38
36 28
36 41
36 29
36 32
36 43
36 30
36 44
36 27
37 27
37 26
37 24
37 23
38 16
38 13
38 7
38 15
38 14
38 5
38 9
38 11
38 12
39 30
39 10
39 31
39 34
39 14
39 24
39 32
39 9
39 20
39 29
39 22
39 23
39 15
39 35
39 16
40 25
40 31
40 27
40 23
40 13
40 22
40 20
40 14
40 29
40 28
40 19
42 74
42 68
42 72
42 40
42 61
42 59
42 70
42 84
42 81
42 56
42 75
42 34
42 85
42 73
42 36
42 83
42 65
42 60
42 82
42 79
42 39
42 57
42 33
42 37
42 63
42 31
42 64
42 55
42 50
42 76
42 47
42 41
42 71
42 35
42 58
43 18
43 42
43 16
43 40
43 26
43 37
43 36
43 12
43 22
43 34
43 14
43 20
43 38
43 15
43 21
43 41
43 25
43 30
43 27
43 24
43 17
46 60
46 66
46 63
46 64
46 62
48 19
48 22
48 25
48 26
48 30
48 24
48 33
48 32
48 21
48 31
49 81
49 70
49 80
49 68
49 79
49 78
49 74
49 71
49 72
49 82
49 73
49 77
50 78
50 80
50 86
50 85
50 77
50 84
50 79
52 30
52 33
52 35
52 25
52 32
52 34
52 29
53 27
53 34
53 29
53 31
53 36
53 33
53 22
53 35
53 41
53 32
53 38
53 24
54 61
54 66
54 57
54 59
54 58
54 63
56 62
57 44
57 54
57 46
57 48
57 60
57 45
57 61
57 72
57 63
57 67
57 69
57 41
57 64
57 62
57 55
57 65
57 70
57 56
58 2
58 4
58 6
58 12
58 13
58 10
58 5
58 8
59 76
59 80
59 78
59 82
59 75
60 72
60 74
60 73
60 75
61 4
62 56
62 54
62 53
62 57
63 23
63 27
63 40
63 21
63 22
63 28
63 24
63 37
63 31
63 19
63 32
63 29
63 25
63 39
63 26
64 22
64 13
64 20
64 24
64 21
64 15
64 17
64 23
65 69
65 70
65 84
65 80
65 77
65 71
65 83
65 85
65 76
65 73
65 78
65 68
66 20
66 25
66 43
66 36
66 37
66 44
66 30
66 42
66 22
66 32
66 24
66 29
66 18
66 40
66 26
66 45
66 28
66 19
67 43
67 36
67 41
67 37
67 33
67 38
67 34
67 27
67 29
67 31
67 40
67 39
68 73
68 70
68 71
69 49
69 47
69 31
69 34
69 50
69 39
69 52
69 30
69 42
69 35
69 48
69 32
69 43
69 37
69 38
69 44
69 45
69 54
70 79
70 68
70 76
70 64
70 61
70 72
70 66
70 60
70 73
70 78
70 75
70 57
70 77
70 58
70 67
71 66
71 80
71 51
71 75
71 50
71 59
71 65
71 67
71 55
71 79
71 61
71 73
71 76
71 56
71 64
71 78
71 57
71 49
71 74
73 72
73 79
73 78
73 82
73 84
73 77
73 83
74 13
74 12
74 14
74 15
74 16
74 11
75 82
75 84
76 85
76 72
76 81
76 80
76 73
76 82
76 84
76 79
77 70
79 40
79 37
79 43
79 41
79 34
79 16
79 31
79 26
79 27
79 42
79 35
79 24
79 44
79 28
79 22
79 25
79 29
79 20
80 31
80 40
80 43
80 64
80 61
80 18
80 33
80 25
80 52
80 58
80 11
80 30
80 26
80 19
80 63
80 29
80 32
80 56
80 10
80 66
80 55
80 34
80 13
80 62
80 48
80 49
80 54
80 71
80 50
80 39
80 36
80 17
80 14
80 42
80 38
80 37
80 65
80 46
80 35
81 36
81 38
81 40
82 34
82 47
82 27
82 22
82 39
82 26
82 38
82 24
82 30
82 33
82 20
82 44
82 21
82 40
82 43
82 48
82 41
82 36
82 18
82 51
82 31
83 15
83 22
83 25
83 19
83 32
83 23
83 47
83 44
83 29
83 14
83 40
83 27
83 36
83 37
83 24
83 18
83 48
83 21
83 38
83 42
84 72
84 67
84 71
84 68
85 13
85 12
85 24
85 17
85 19
85 20
85 18
85 5
85 14
85 10
85 8
86 73
86 72
86 74
86 71
1 50
1 52
1 42
2 80
2 76
2 70
3 58
3 60
3 64
3 61
3 62
4 26
4 41
4 24
4 21
4 33
4 27
4 25
4 19
4 34
4 36
4 23
4 31
4 32
4 37
5 82
5 84
5 73
5 81
5 77
5 74
5 79
7 32
7 42
7 36
7 19
7 16
7 44
7 15
7 22
7 41
7 30
7 37
7 24
7 45
7 29
7 27
7 35
7 43
7 23
7 28
7 39
8 11
8 10
9 64
9 47
9 69
9 74
9 67
9 59
9 61
9 54
9 72
9 66
9 45
10 75
10 73
10 70
10 71
11 62
11 56
11 61
11 58
11 63
11 59
11 69
11 70
11 57
11 60
12 69
12 64
12 59
12 72
12 60
12 63
12 68
12 70
12 73
12 65
12 66
13 4
15 66
15 72
15 63
15 69
15 71
15 70
15 68
15 73
15 64
16 86
16 78
16 75
16 74
16 80
16 81
16 76
16 85
18 32
18 33
19 71
19 55
19 70
19 63
19 64
19 59
19 58
19 65
19 56
19 77
19 69
19 61
19 66
20 36
21 34
21 26
21 33
21 28
22 67
22 59
22 72
22 61
22 63
22 64
22 66
22 68
22 73
22 58
24 85
24 83
24 84
25 27
25 18
25 24
25 16
25 20
25 19
25 28
25 37
25 23
25 36
25 21
25 34
25 29
25 30
25 22
25 38
25 33
26 60
26 59
26 43
26 48
26 67
27 2
28 45
28 43
28 26
28 19
28 37
28 38
28 41
28 21
28 22
28 31
28 40
28 25
28 33
28 18
28 35
28 42
28 36
28 46
29 82
29 76
29 78
29 74
29 75
29 79
30 28
30 19
30 33
30 15
30 18
30 8
30 13
30 11
30 6
30 21
30 5
30 23
30 10
30 17
30 16
30 27
30 34
30 25
30 29
30 14
32 30
32 31
32 26
32 27
32 25
32 34
32 28
33 84
33 86
35 5
35 2
35 4
36 63
36 59
37 53
37 61
37 31
37 41
37 62
37 30
37 59
37 67
37 81
37 74
37 71
37 77
37 69
37 50
37 64
37 40
37 60
37 63
37 76
37 33
37 45
37 79
37 51
37 80
37 47
37 52
37 36
37 34
37 39
37 68
37 73
38 67
38 70
38 69
38 66
38 68
38 64
39 71
39 55
39 78
39 61
39 57
39 64
39 56
39 80
39 73
39 67
39 58
39 63
39 60
39 54
39 72
39 53
39 70
39 69
41 80
41 72
41 82
41 76
41 83
41 79
41 73
42 77
42 66
43 47
43 48
43 52
43 68
43 32
43 67
43 57
43 33
43 51
43 59
43 31
43 62
43 39
43 55
43 56
43 53
43 46
43 50
44 73
44 65
44 68
44 69
44 64
44 63
44 71
45 43
45 49
45 47
45 42
46 69
46 70
47 16
47 40
47 18
47 35
47 53
47 36
47 21
47 15
47 25
47 43
47 33
47 27
47 23
47 49
47 45
47 51
47 30
47 39
47 26
47 42
47 34
47 32
47 19
47 54
47 44
47 50
47 24
47 41
47 37
47 20
48 74
48 78
48 72
48 75
48 76
48 77
49 59
49 63
49 62
49 58
49 67
49 66
49 60
49 57
49 56
49 64
49 55
49 69
50 64
50 55
50 48
50 57
50 56
50 65
50 72
50 71
50 43
50 60
50 67
50 66
50 54
50 49
50 68
50 62
50 76
50 74
50 46
51 56
51 57
52 59
52 44
52 47
52 57
52 64
52 50
52 55
52 46
52 60
52 65
52 42
52 48
52 62
53 9
53 26
53 19
53 20
53 16
53 17
53 10
53 18
53 12
53 15
53 21
53 11
54 25
54 30
54 42
54 41
54 40
54 27
54 47
54 51
54 50
54 21
54 34
54 43
54 20
54 49
54 31
54 39
54 35
54 45
54 19
54 24
54 46
55 69
55 71
55 72
56 73
56 77
56 61
56 75
56 80
56 66
56 68
56 74
56 63
56 65
56 64
56 71
56 72
56 67
56 79
57 47
57 78
57 34
57 74
57 42
57 51
57 43
57 33
57 66
57 75
57 71
57 50
57 31
57 37
57 28
57 40
57 73
57 76
57 36
57 59
57 49
58 22
58 31
58 23
58 32
58 24
58 28
58 27
58 33
58 36
58 25
60 39
60 44
60 34
60 42
60 27
60 21
60 20
60 35
60 25
60 45
60 37
60 18
60 28
60 43
60 40
60 41
60 29
60 30
61 85
62 22
62 25
62 23
62 24
63 81
63 83
63 86
63 82
63 85
64 52
64 55
64 68
64 69
64 61
64 58
64 63
64 70
64 60
64 54
64 62
65 27
65 26
65 32
65 24
65 29
65 25
65 21
65 30
65 33
65 18
67 56
67 25
67 55
67 51
67 45
67 32
67 16
67 54
67 52
67 57
67 53
67 47
67 44
67 46
67 20
67 19
67 23
67 58
68 82
68 80
69 62
69 65
69 61
69 60
69 53
69 40
69 36
69 56
69 55
69 59
69 58
70 40
70 42
70 46
70 48
70 49
70 51
70 52
70 43
70 50
70 44
71 63
71 68
71 69
72 49
73 62
73 61
73 66
73 60
74 60
74 40
74 59
74 35
74 34
74 57
74 63
74 39
74 52
74 56
74 41
74 45
74 47
74 36
74 37
74 55
74 53
74 54
75 21
75 19
75 20
75 18
75 14
75 23
75 17
77 69
77 35
77 31
77 81
77 76
77 49
77 47
77 64
77 45
77 52
77 58
77 73
77 33
77 46
77 54
77 44
77 30
77 43
77 79
77 56
77 32
77 41
77 80
77 55
77 23
77 60
77 71
77 59
77 50
77 62
77 72
77 63
77 36
78 34
78 32
79 73
79 84
79 65
79 78
79 75
79 70
79 66
79 72
79 76
79 64
79 77
79 81
79 69
79 83
80 16
80 22
80 12
80 9
80 21
80 23
80 6
80 24
80 7
81 79
84 13
84 4
84 19
84 15
84 11
84 7
84 5
84 6
84 17
84 18
85 42
86 64
86 63
86 60
86 46
86 66
86 57
86 53
86 70
86 48
86 52
86 44
86 47
86 67
86 62
86 54
86 65
1 84
1 85
2 27
2 33
2 29
2 41
2 28
2 40
2 38
2 31
2 44
3 46
3 48
3 43
3 51
3 52
3 44
4 48
4 50
4 30
4 28
4 46
4 56
4 49
4 58
4 51
4 40
4 29
4 39
4 35
4 43
4 52
5 13
6 36
6 35
6 31
6 33
7 66
8 12
10 20
11 79
11 80
11 85
11 84
11 67
11 66
11 72
11 83
11 74
11 76
11 82
11 71
12 45
12 47
12 42
12 39
12 48
12 38
12 43
12 46
12 36
13 52
13 61
13 49
13 75
13 66
13 47
13 64
13 46
13 72
13 48
13 63
13 44
13 67
13 71
13 55
13 76
13 69
13 58
13 54
13 62
13 74
14 76
14 75
14 73
14 74
14 81
14 79
14 68
14 77
14 71
14 83
14 82
14 72
14 80
15 61
15 58
15 57
15 59
15 62
16 62
16 51
16 50
16 47
16 58
16 48
16 44
16 55
16 77
16 68
16 61
16 79
16 71
16 73
16 67
16 45
16 60
16 69
16 54
16 65
17 41
17 59
17 47
17 54
17 44
17 50
17 46
17 60
17 63
17 57
17 62
17 61
18 20
18 23
18 22
19 54
20 76
20 75
21 17
21 11
21 9
21 7
21 4
21 13
21 14
21 10
21 12
21 19
21 25
22 36
22 18
22 32
22 34
22 25
22 17
22 29
22 16
22 35
22 14
22 27
22 31
22 26
22 15
22 13
23 41
23 42
23 43
24 10
26 78
26 79
26 76
26 77
26 71
26 75
27 29
27 32
27 33
28 15
28 9
28 7
28 11
28 12
28 10
28 8
29 68
29 70
29 66
29 63
29 67
29 72
29 61
29 59
29 55
31 48
31 57
31 49
31 52
31 54
31 58
31 50
31 53
31 56
31 59
31 47
31 61
32 20
32 18
32 15
32 19
32 24
32 29
33 83
35 11
35 19
35 8
35 23
35 14
35 7
35 6
35 21
35 20
36 62
36 61
37 70
37 28
37 48
37 25
37 44
37 78
37 75
37 55
37 82
37 58
37 32
37 49
37 66
37 43
37 65
37 29
38 62
38 61
38 44
38 43
38 49
38 45
38 50
38 55
38 54
38 51
38 52
38 53
38 48
38 47
38 58
39 62
40 17
40 21
40 18
41 1
41 3
41 5
41 23
41 36
41 18
41 16
41 32
41 33
41 28
41 27
41 2
41 13
41 24
41 19
41 15
41 29
41 9
41 34
41 31
41 7
41 20
41 26
41 35
42 49
43 45
43 66
43 35
43 54
43 58
43 61
44 14
44 12
44 13
45 36
45 32
45 27
45 31
45 29
45 30
45 34
45 28
45 35
46 73
46 18
46 31
46 30
46 71
46 9
46 38
46 68
46 25
46 39
46 59
46 58
46 65
46 32
46 48
46 19
46 43
46 20
46 12
46 74
46 55
46 54
46 72
46 17
46 33
46 26
46 51
46 45
46 27
46 77
46 16
46 57
46 75
46 40
46 67
46 34
46 7
46 11
46 29
46 21
46 42
46 36
47 8
47 6
47 9
47 10
50 42
50 35
50 47
50 36
50 39
50 38
50 40
51 33
52 68
52 63
52 69
52 67
52 51
52 58
52 66
52 56
54 53
54 48
54 44
55 64
55 66
55 68
55 65
55 63
56 43
56 37
56 32
56 38
56 33
56 42
56 34
56 41
58 54
58 51
58 63
58 61
58 57
58 53
58 55
58 50
58 60
59 29
59 68
59 26
59 58
59 22
59 81
59 51
59 30
59 64
59 13
59 61
59 44
59 14
59 11
59 39
59 56
59 15
59 20
59 54
59 35
59 74
59 32
59 17
59 36
59 83
59 53
59 70
59 37
59 25
59 69
59 63
59 47
59 50
59 34
59 52
59 27
59 73
59 45
61 81
61 84
61 82
62 52
62 30
62 34
62 43
62 47
62 29
62 40
62 59
62 49
62 31
62 41
62 55
62 36
62 45
62 50
62 39
62 51
62 38
62 48
63 20
63 54
63 65
63 10
63 62
63 72
63 50
63 36
63 70
63 12
63 57
63 73
63 68
63 46
63 8
63 49
63 7
63 58
63 14
63 59
63 11
63 67
63 18
63 69
63 51
63 52
63 13
63 71
63 42
63 16
64 48
64 75
64 59
64 53
64 57
64 67
64 56
64 50
64 80
64 49
64 77
64 78
64 51
64 73
64 72
64 81
65 67
65 60
65 57
65 58
65 63
65 62
65 61
66 16
67 79
67 70
67 82
67 69
67 72
67 77
67 74
67 78
67 76
69 27
69 23
69 28
69 29
69 22
69 19
69 20
70 69
70 65
70 62
72 69
72 61
72 65
72 76
72 54
72 55
72 40
72 74
72 37
72 80
72 79
72 51
72 60
72 68
72 42
72 50
72 70
72 66
72 58
72 35
72 45
72 53
72 78
72 67
72 56
72 62
72 44
73 36
73 39
73 35
73 57
73 53
73 43
73 30
73 49
73 45
73 44
73 33
73 42
73 37
73 32
73 29
73 41
73 55
73 52
73 54
73 51
73 34
74 19
74 25
74 22
74 31
74 7
74 8
74 23
74 33
74 6
74 18
74 30
74 27
74 10
74 9
74 21
75 71
75 69
76 48
76 45
76 44
76 47
78 22
78 18
78 11
78 21
78 16
78 12
78 15
78 13
78 31
78 23
78 25
78 30
78 17
79 46
79 60
79 52
79 50
79 54
79 51
79 45
79 62
79 58
79 36
79 53
79 59
79 57
79 61
80 72
80 67
80 57
80 60
80 68
80 59
80 74
80 76
80 70
81 21
81 15
81 17
81 19
81 23
82 69
82 67
82 68
82 65
82 74
82 72
82 75
84 78
85 48
85 49
85 53
85 55
85 52
86 19
86 23
86 30
86 26
86 18
86 29
86 20
86 22
86 32
86 25
1 80
1 82
1 81
1 77
1 76
1 78
2 77
2 82
3 79
3 82
3 81
3 80
3 78
4 86
5 27
5 34
5 21
5 10
5 29
5 16
6 53
6 61
6 67
6 55
6 50
6 48
6 58
6 49
6 47
6 54
6 51
6 56
6 57
8 81
8 79
8 82
8 77
8 78
8 85
8 80
8 76
9 11
9 12
9 8
10 40
10 41
10 43
10 35
11 54
11 53
12 49
12 62
12 57
12 61
13 37
13 26
13 22
