190 9105
1 2
2 3
3 4
4 5
5 6
6 7
7 8
8 9
9 10
10 11
11 12
12 13
13 14
14 15
15 16
16 17
17 18
18 19
19 20
20 21
21 22
22 23
23 24
24 25
25 26
26 27
27 28
28 29
29 30
30 31
31 32
32 33
33 34
34 35
35 36
36 37
37 38
38 39
39 40
40 41
41 42
42 43
43 44
44 45
45 46
46 47
47 48
48 49
49 50
50 51
51 52
52 53
53 54
54 55
55 56
56 57
57 58
58 59
59 60
60 61
61 62
62 63
63 64
64 65
65 66
66 67
67 68
68 69
69 70
70 71
71 72
72 73
73 74
74 75
75 76
76 77
77 78
78 79
79 80
80 81
81 82
82 83
83 84
84 85
85 86
86 87
87 88
88 89
89 90
90 91
91 92
92 93
93 94
94 95
95 96
96 97
97 98
98 99
99 100
100 101
101 102
102 103
103 104
104 105
105 106
106 107
107 108
108 109
109 110
110 111
111 112
112 113
113 114
114 115
115 116
116 117
117 118
118 119
119 120
120 121
121 122
122 123
123 124
124 125
125 126
126 127
127 128
128 129
129 130
130 131
131 132
132 133
133 134
134 135
135 136
136 137
137 138
138 139
139 140
140 141
141 142
142 143
143 144
144 145
145 146
146 147
147 148
148 149
149 150
150 151
151 152
152 153
153 154
154 155
155 156
156 157
157 158
158 159
159 160
160 161
161 162
162 163
163 164
164 165
165 166
166 167
167 168
168 169
169 170
170 171
171 172
172 173
173 174
174 175
175 176
176 177
177 178
178 179
179 180
180 181
181 182
182 183
183 184
184 185
185 186
186 187
187 188
188 189
189 190
190 1
1 120
1 132
1 125
1 124
1 130
1 118
1 119
1 131
1 123
1 126
2 130
2 127
2 128
3 161
3 142
3 173
3 171
3 172
3 167
3 164
3 144
3 153
3 169
3 145
3 157
3 170
3 149
3 143
3 146
3 158
4 65
4 97
4 80
4 98
4 96
4 67
4 94
4 79
4 82
4 86
4 102
4 101
4 92
4 66
4 83
4 64
4 70
4 71
4 103
4 95
4 100
4 74
4 77
4 69
4 84
4 78
4 85
5 80
5 94
5 73
5 100
5 102
5 78
5 107
5 83
5 75
5 105
5 97
5 89
5 86
5 79
5 72
5 88
5 104
5 74
5 101
5 81
5 99
5 95
5 93
6 121
6 108
6 95
6 128
6 112
6 100
6 127
6 117
6 132
6 130
6 115
6 103
6 111
6 110
6 109
6 122
6 105
6 94
6 126
6 119
6 114
6 125
7 122
7 47
7 28
7 132
7 84
7 73
7 24
7 69
7 123
7 43
7 94
7 67
7 115
7 48
7 59
7 99
7 71
7 62
7 86
7 105
7 82
7 46
7 37
7 60
7 114
7 85
7 89
7 68
7 127
7 130
7 38
7 70
7 29
7 76
7 102
7 75
7 61
7 92
7 120
7 108
7 36
7 39
7 32
7 72
7 23
7 35
7 128
7 77
7 93
7 22
7 116
7 113
7 133
7 91
7 97
7 83
7 19
7 54
7 103
7 131
7 57
7 125
7 49
7 98
7 34
7 124
7 56
7 121
7 63
7 112
7 87
7 20
7 96
7 111
8 177
9 173
9 170
9 169
9 172
9 174
10 144
10 166
10 128
10 149
10 160
10 138
10 134
10 155
10 157
10 137
10 153
10 145
10 163
10 162
10 147
10 132
10 127
10 133
10 154
10 142
10 131
10 158
10 146
10 143
10 165
10 164
10 152
11 152
12 34
12 36
13 168
13 152
13 166
13 153
13 159
13 164
13 162
13 169
13 167
13 151
13 154
13 157
13 165
14 143
14 140
14 139
14 142
14 144
14 123
14 133
14 131
14 153
14 161
14 129
14 145
14 135
14 122
14 138
14 132
14 128
14 159
14 119
14 158
14 152
14 147
14 121
14 151
14 148
14 120
14 146
14 157
14 130
15 87
15 86
15 93
15 88
15 77
15 95
15 85
15 83
15 73
15 79
15 94
15 70
15 72
15 74
15 81
15 76
15 91
15 82
15 80
16 87
16 83
16 85
16 93
16 95
16 82
16 86
16 94
16 92
18 161
18 163
18 159
18 158
18 162
19 80
19 71
19 74
19 77
19 75
19 72
19 79
19 78
19 65
19 66
19 73
19 67
20 146
20 124
20 149
20 133
20 132
20 141
20 139
20 142
20 128
20 154
20 144
20 130
20 147
20 137
20 122
20 156
20 131
20 121
20 152
20 134
20 153
20 117
20 119
20 140
20 127
20 145
20 143
20 138
21 120
21 60
21 62
21 93
21 91
21 106
21 61
21 71
21 55
21 127
21 119
21 79
21 70
21 94
21 69
21 81
21 110
21 56
21 109
21 105
21 58
21 57
21 92
21 125
21 86
21 103
21 95
21 116
21 75
21 87
21 108
21 84
21 78
21 83
21 96
21 82
21 126
21 76
21 63
21 72
21 64
21 66
21 129
21 104
21 107
21 112
21 97
21 65
22 187
22 183
22 185
23 160
23 165
23 163
23 161
23 158
23 164
24 154
24 111
24 144
24 145
24 149
24 161
24 151
24 118
24 119
24 104
24 150
24 125
24 128
24 137
24 131
24 135
24 134
24 147
24 130
24 152
24 143
24 142
24 140
24 139
24 158
24 123
24 146
24 157
24 110
24 132
24 133
24 153
24 159
24 127
24 129
24 120
24 102
24 107
24 155
24 106
25 113
25 108
25 112
25 109
25 115
25 110
26 144
26 142
26 147
26 150
26 148
26 152
26 140
26 151
26 145
27 46
27 48
28 68
28 123
28 102
28 80
28 95
28 135
28 98
28 57
28 71
28 93
28 118
28 60
28 82
28 117
28 90
28 76
28 110
28 125
28 81
28 83
28 66
28 116
28 134
28 85
28 53
28 127
28 132
28 124
28 55
28 113
28 79
28 67
28 70
28 133
28 64
28 62
28 72
28 54
28 128
28 111
28 86
28 96
28 105
28 92
28 121
28 58
28 59
28 94
28 65
28 89
28 131
28 74
28 129
28 112
28 108
28 84
29 135
29 121
29 141
29 137
29 132
29 131
29 134
29 125
29 143
29 127
29 124
29 139
29 133
29 140
29 138
29 126
29 128
29 145
30 161
30 99
30 111
30 71
30 162
30 51
30 133
30 142
30 89
30 59
30 148
30 113
30 173
30 103
30 145
30 128
30 168
30 152
30 90
30 144
30 83
30 62
30 82
30 66
30 175
30 166
30 140
30 100
30 87
30 107
30 72
30 150
30 64
30 135
30 178
30 98
30 131
30 55
30 137
30 86
30 127
30 70
30 50
30 167
30 159
30 74
30 85
30 116
30 81
30 58
30 165
30 49
30 79
30 118
30 77
30 84
30 56
30 68
30 121
30 151
30 54
30 96
30 169
30 123
30 97
30 109
30 154
30 73
30 110
30 126
30 91
30 57
30 102
30 171
30 160
30 88
30 122
30 138
30 92
30 172
30 164
31 160
31 152
31 153
31 164
31 167
31 163
31 165
31 159
31 166
31 155
31 168
32 150
32 148
32 149
32 151
33 128
33 112
33 79
33 124
33 110
33 104
33 125
33 96
33 119
33 113
33 118
33 123
33 108
33 153
33 80
33 127
33 101
33 97
33 140
33 142
33 93
33 89
33 98
33 138
33 103
33 102
33 94
33 157
33 150
33 100
33 133
33 135
33 148
33 145
33 95
33 134
33 158
33 109
33 144
33 151
33 85
33 83
33 137
33 77
33 116
33 149
33 99
33 114
33 82
33 81
33 143
34 114
34 96
34 110
34 105
34 152
34 71
34 99
34 97
34 131
34 90
34 133
34 136
34 107
34 115
34 155
34 134
34 82
34 102
34 137
34 140
34 73
34 129
34 84
34 119
34 86
34 88
34 149
34 117
34 141
34 108
34 148
34 106
34 146
34 74
34 78
34 154
34 80
34 103
34 113
34 127
34 130
34 83
34 139
34 116
34 81
34 79
34 98
34 143
34 124
34 72
34 101
34 93
34 125
35 114
35 92
35 96
35 88
35 134
35 95
35 101
35 116
35 133
35 120
35 117
35 93
35 107
35 127
35 110
35 126
35 94
35 137
35 115
35 128
35 113
35 111
35 139
35 90
35 100
35 91
35 112
35 125
35 119
35 118
35 131
35 135
35 129
35 103
35 98
35 108
36 66
36 42
36 56
36 48
36 78
36 72
36 85
36 71
36 73
36 80
36 61
36 57
36 76
36 44
36 83
36 67
36 59
36 74
36 49
36 86
36 84
36 69
36 52
36 63
36 55
36 62
36 46
36 77
36 60
36 64
37 173
37 180
37 170
37 167
37 172
37 168
37 177
37 169
37 171
37 166
38 77
38 93
38 123
38 95
38 138
38 97
38 91
38 64
38 71
38 145
38 89
38 84
38 82
38 119
38 79
38 135
38 110
38 73
38 99
38 83
38 107
38 65
38 76
38 137
38 68
38 101
38 78
38 102
38 117
38 85
38 75
38 143
38 86
38 112
38 120
38 72
38 87
38 130
38 140
38 104
38 147
38 81
38 96
38 125
38 88
38 126
38 66
38 142
38 124
38 132
38 98
38 108
38 131
38 94
38 105
38 128
39 149
39 122
39 144
39 157
39 133
39 151
39 106
39 154
39 115
39 142
39 120
39 156
39 121
39 147
39 99
39 110
39 129
39 148
39 127
39 155
39 141
39 153
39 128
39 111
39 130
39 140
39 132
39 152
39 150
39 119
39 124
39 135
39 103
39 131
39 97
39 143
39 116
39 93
39 112
40 171
40 170
40 158
40 165
40 159
40 154
40 155
40 167
40 157
40 164
40 166
40 162
40 163
41 113
41 126
41 130
41 127
41 122
41 112
41 118
41 128
41 110
41 129
41 120
41 111
41 108
41 123
41 121
41 114
42 150
42 148
42 155
42 157
42 161
42 162
42 163
42 149
42 164
42 165
42 169
42 151
42 153
42 171
42 174
42 167
42 158
42 173
44 168
44 183
44 172
44 170
44 173
44 178
44 180
44 171
44 177
44 174
44 176
45 94
45 84
45 87
45 92
45 83
45 88
45 90
45 85
45 93
46 43
46 48
46 50
46 51
46 59
46 55
46 58
46 45
46 56
46 61
46 49
46 60
47 151
47 152
47 150
47 156
47 157
47 159
47 154
47 155
48 128
48 91
48 82
48 83
48 113
48 85
48 105
48 120
48 108
48 109
48 75
48 118
48 121
48 87
48 131
48 137
48 100
48 96
48 86
48 78
48 149
48 80
48 117
48 148
48 114
48 140
48 125
48 95
48 110
48 112
48 136
48 107
48 99
48 144
48 150
48 93
48 77
48 143
48 103
48 146
48 84
48 90
48 138
48 145
48 130
48 141
48 104
48 152
48 122
48 124
48 134
48 119
49 189
49 184
49 183
49 180
49 187
49 186
49 182
49 173
49 178
49 181
49 177
49 188
50 47
50 53
50 65
50 58
50 66
50 49
50 69
50 74
50 73
50 70
50 71
50 67
50 55
50 62
50 56
50 64
50 77
50 59
50 46
50 78
50 75
50 72
50 54
52 29
52 37
52 42
52 41
52 46
52 49
52 44
52 40
52 35
52 47
52 50
52 33
52 34
52 32
52 51
52 45
52 43
53 155
53 154
53 163
53 145
53 149
53 148
53 162
53 146
53 160
53 156
53 167
53 166
53 165
53 143
53 147
53 161
53 153
53 158
53 157
54 73
54 58
54 45
54 49
54 66
54 64
54 67
54 56
54 75
54 68
54 72
54 62
54 53
54 57
54 60
55 154
55 155
55 151
55 152
55 153
56 169
56 177
56 172
56 171
56 173
56 179
56 174
56 178
57 140
57 154
57 136
57 153
57 147
57 113
57 135
57 133
57 116
57 124
57 114
57 117
57 152
57 109
57 118
57 134
57 127
57 115
57 108
57 137
57 151
57 143
57 145
57 110
57 138
57 141
57 122
57 129
57 120
58 132
58 121
58 87
58 134
58 122
58 146
58 96
58 151
58 157
58 85
58 148
58 108
58 144
58 147
58 97
58 113
58 136
58 94
58 149
58 126
58 109
58 118
58 130
58 129
58 86
58 84
58 154
58 139
58 145
58 92
58 89
58 119
58 127
58 140
58 104
58 128
58 88
58 117
58 101
58 123
58 112
58 156
58 110
58 137
58 131
58 155
58 116
58 98
60 79
60 81
60 80
60 78
61 138
62 93
62 81
62 95
62 88
62 82
62 87
62 84
62 83
62 80
62 85
62 98
63 113
63 134
63 115
63 106
63 133
63 110
63 140
63 138
63 139
63 108
63 128
63 137
63 132
63 114
63 125
63 142
63 126
63 103
63 118
63 130
63 120
63 107
63 127
63 143
63 129
63 135
63 141
63 123
63 119
63 121
64 46
64 44
64 45
65 23
66 99
66 109
66 106
66 101
66 108
66 107
66 102
66 100
67 87
67 117
67 85
67 129
67 131
67 56
67 75
67 115
67 101
67 92
67 96
67 80
67 86
67 70
67 53
67 52
67 128
67 65
67 69
67 110
67 119
67 64
67 100
67 107
67 58
67 122
67 73
67 94
67 55
67 49
67 99
67 54
67 130
67 98
67 97
67 72
67 113
67 78
67 76
67 90
67 109
67 118
67 77
67 134
67 132
67 91
67 114
67 102
67 95
67 133
67 57
67 108
67 93
67 83
67 116
67 105
67 74
67 126
67 111
68 51
68 47
68 52
68 48
68 46
68 53
69 92
69 120
69 119
69 153
69 125
69 154
69 159
69 97
69 107
69 90
69 117
69 156
69 135
69 133
69 115
69 114
69 108
69 110
69 142
69 139
69 152
69 160
69 134
69 126
69 101
69 95
69 105
69 141
69 122
69 96
69 104
69 130
69 118
69 93
69 124
69 112
69 113
69 143
69 121
69 98
69 145
69 103
69 148
69 129
69 146
69 144
69 91
69 162
70 59
70 86
70 54
70 55
70 74
70 99
70 52
70 94
70 53
70 67
70 57
70 80
70 96
70 102
70 73
70 66
70 105
70 75
70 104
70 77
70 79
70 64
70 51
70 91
70 76
70 61
70 81
70 97
70 50
71 101
71 144
71 92
71 112
71 146
71 149
71 127
71 126
71 84
71 89
71 130
71 155
71 115
71 110
71 159
71 120
71 137
71 95
71 78
71 123
71 141
71 157
71 119
71 85
71 134
71 94
71 90
71 138
71 80
71 114
71 77
71 108
71 109
71 98
71 104
71 150
71 152
71 121
71 105
71 79
71 82
71 91
71 117
71 153
71 106
71 147
71 139
71 86
71 116
71 143
71 103
71 135
71 132
71 83
72 67
72 64
72 102
72 110
72 88
72 78
72 98
72 66
72 81
72 107
72 75
72 58
72 87
72 90
72 105
72 86
72 80
72 68
72 79
72 96
72 55
72 60
72 74
72 56
72 94
72 71
72 57
72 61
72 93
72 69
72 62
72 103
72 101
72 97
72 109
72 111
72 82
72 59
73 45
73 47
73 43
73 42
74 171
74 142
74 150
74 165
74 148
74 160
74 156
74 153
74 144
74 143
74 157
74 155
74 161
74 170
74 166
74 172
74 149
74 141
74 146
74 164
74 158
75 143
75 134
75 137
75 131
75 152
75 126
75 112
75 130
75 118
75 133
75 114
75 147
75 120
75 140
75 127
75 121
75 111
75 141
75 135
75 148
75 115
75 108
75 107
75 116
75 124
75 146
75 129
76 155
76 159
76 149
76 163
76 142
76 164
76 138
76 151
76 156
76 146
76 136
76 141
76 162
76 157
76 147
76 143
76 166
76 168
76 139
77 118
77 105
77 114
77 117
77 109
77 104
77 115
77 113
77 111
78 48
78 96
78 52
78 81
78 82
78 75
78 61
78 88
78 41
78 72
78 102
78 106
78 56
78 54
78 47
78 57
78 77
78 65
78 100
78 68
78 58
78 97
78 67
78 95
78 42
78 73
78 50
78 90
78 107
78 99
78 62
78 64
78 55
78 45
78 98
78 46
78 87
78 104
78 86
78 80
78 89
78 71
78 66
79 159
79 152
79 164
79 155
79 149
79 157
79 165
79 163
79 161
79 153
79 158
79 156
80 51
80 136
80 99
80 116
80 58
80 134
80 86
80 91
80 117
80 50
80 63
80 130
80 110
80 46
80 97
80 62
80 53
80 31
80 113
80 87
80 74
80 66
80 54
80 41
80 75
80 121
80 133
80 56
80 44
80 39
80 59
80 131
80 122
80 84
80 52
80 25
80 77
80 35
80 123
80 95
80 135
80 23
80 27
80 137
80 61
80 104
80 88
80 114
80 83
80 105
80 72
80 29
80 55
80 94
80 112
80 60
80 90
80 43
80 132
80 68
80 28
80 115
80 76
80 89
80 22
80 128
80 82
80 106
80 125
80 120
80 45
80 26
81 130
81 124
81 150
81 155
81 153
81 140
81 132
81 154
81 114
81 180
81 115
81 142
81 183
81 122
81 148
81 187
81 151
81 113
81 158
81 136
81 109
81 163
81 168
81 101
81 102
81 116
81 119
81 105
81 156
81 134
81 152
81 120
81 121
81 162
81 182
81 128
81 110
81 104
81 131
81 184
81 141
81 177
81 175
81 146
81 117
81 165
81 161
81 185
81 145
81 172
81 139
81 106
81 181
81 169
81 125
81 108
81 147
81 137
82 52
83 41
83 38
83 74
83 65
83 67
83 35
83 44
83 54
83 64
83 49
83 69
83 56
83 70
83 36
83 62
83 71
83 57
83 48
83 55
83 51
83 63
83 66
83 59
83 37
83 52
83 46
83 73
83 50
83 72
84 71
84 58
84 39
84 65
84 55
84 76
84 45
84 46
84 64
84 41
84 43
84 56
84 72
84 62
84 44
84 77
84 50
84 57
84 73
84 36
84 38
84 49
84 51
84 68
84 52
84 61
84 54
85 55
85 39
85 44
85 48
85 49
85 47
85 31
85 33
85 37
85 38
85 45
85 54
85 35
85 42
85 50
85 52
86 126
86 123
86 145
86 124
86 152
86 122
86 151
86 117
86 115
86 144
86 129
86 143
86 101
86 156
86 154
86 150
86 102
86 127
86 139
86 131
86 104
86 140
86 134
86 141
86 113
86 130
86 149
86 137
86 121
86 153
86 132
86 128
86 133
86 109
86 106
86 107
86 157
87 170
87 174
87 175
87 181
87 173
87 167
87 180
87 176
87 172
88 153
88 79
88 112
88 149
88 99
88 109
88 106
88 142
88 143
88 130
88 96
88 156
88 119
88 115
88 108
88 146
88 123
88 91
88 132
88 136
88 82
88 87
88 158
88 100
88 98
88 102
88 128
88 131
88 138
88 85
88 90
88 148
88 154
88 140
88 147
88 159
88 137
88 144
88 105
88 150
88 111
88 141
88 135
88 97
88 129
88 133
88 126
88 118
88 114
88 122
89 91
89 66
89 56
89 113
89 64
89 84
89 115
89 116
89 94
89 74
89 57
89 117
89 123
89 80
89 103
89 81
89 105
89 70
89 78
89 85
89 102
89 82
89 100
89 104
89 97
89 93
89 96
89 106
89 126
89 112
89 121
89 65
89 76
89 77
89 124
89 55
89 68
89 118
89 88
89 111
89 120
89 83
89 73
89 101
89 54
90 48
90 41
90 45
90 50
90 44
90 46
91 25
91 28
91 26
91 27
92 168
92 166
92 170
92 151
92 169
92 154
92 157
92 175
92 172
92 174
92 163
92 159
92 158
92 160
92 164
93 41
93 24
93 42
93 28
93 33
93 20
93 40
93 32
93 18
93 35
93 43
93 27
93 34
93 36
93 25
93 38
93 37
94 57
94 23
94 31
94 34
94 39
94 26
94 71
94 6
94 43
94 4
94 55
94 8
94 36
94 37
94 18
94 65
94 10
94 15
94 53
94 59
94 52
94 22
94 5
94 14
94 64
94 62
94 42
94 29
94 66
94 19
94 63
94 70
94 38
94 27
94 44
94 58
94 49
94 7
94 17
94 24
94 50
94 60
94 69
94 33
94 51
94 20
94 11
94 28
95 23
96 64
96 68
96 74
96 63
96 78
96 73
96 71
96 66
96 77
96 61
96 62
96 69
96 76
97 99
97 112
97 105
97 93
97 119
97 147
97 103
97 143
97 148
97 162
97 152
97 80
97 135
97 150
97 145
97 121
97 164
97 128
97 104
97 131
97 134
97 96
97 125
97 87
97 122
97 141
97 127
97 120
97 124
97 85
97 151
97 149
97 138
97 88
97 107
97 101
97 161
97 108
97 133
97 81
97 153
97 132
97 142
97 117
97 100
97 163
97 94
97 110
97 129
97 89
97 160
97 114
97 156
97 146
98 39
98 42
98 41
98 40
99 149
99 140
99 145
99 138
99 152
99 164
99 139
99 146
99 135
99 155
99 131
99 142
99 150
99 144
99 132
99 162
99 148
99 147
99 158
99 154
99 153
100 118
100 116
100 110
100 114
100 122
100 119
100 111
100 117
101 186
101 178
101 182
101 175
101 184
101 180
101 179
101 183
102 186
103 146
103 130
103 68
103 79
103 155
103 55
103 84
103 148
103 99
103 81
103 112
103 53
103 142
103 74
103 136
103 67
103 69
103 92
103 82
103 64
103 52
103 122
103 111
103 124
103 93
103 107
103 134
103 143
103 102
103 127
103 138
103 73
103 72
103 106
103 137
103 59
103 54
103 153
103 132
103 83
103 108
103 86
103 90
103 152
103 95
103 56
103 63
103 101
103 62
103 131
103 120
103 105
103 96
103 116
103 110
103 77
103 156
103 114
103 80
103 91
103 58
103 89
103 87
103 139
103 98
103 61
103 126
103 141
103 113
104 31
104 34
104 27
104 29
104 28
104 24
104 32
105 125
105 127
105 122
105 128
106 149
106 155
106 165
106 169
106 175
106 153
106 161
106 173
106 160
106 171
106 170
106 162
106 152
106 174
106 157
106 154
106 158
106 148
107 65
107 70
107 63
107 87
107 72
107 86
107 77
107 49
107 58
107 53
107 73
107 83
107 66
107 85
107 50
107 67
107 69
107 51
107 76
107 64
107 47
107 62
107 57
107 55
107 60
107 74
107 81
108 17
108 42
108 16
108 36
108 38
108 44
108 24
108 43
108 40
108 20
108 25
108 35
108 21
108 18
108 33
108 37
108 31
109 92
109 99
109 84
109 96
109 83
109 88
109 101
109 97
109 87
109 100
109 95
110 189
112 186
112 187
112 185
112 184
112 189
114 174
114 180
114 156
114 135
114 106
114 147
114 169
114 117
114 131
114 142
114 179
114 128
114 145
114 107
114 170
114 111
114 125
114 116
114 162
114 164
114 110
114 141
114 176
114 123
114 150
114 143
114 121
114 134
114 136
114 132
114 166
114 167
114 151
114 144
114 104
114 155
114 168
114 181
114 105
114 140
114 165
114 159
114 149
114 163
114 152
114 126
114 158
114 112
115 124
115 122
115 121
115 161
115 120
115 163
115 149
115 140
115 139
115 145
115 138
115 131
115 132
115 128
115 147
115 137
115 158
115 144
115 129
115 155
115 162
115 123
115 156
115 153
115 142
115 125
115 118
115 117
116 64
116 61
116 68
116 60
116 66
116 67
117 73
117 81
117 105
117 88
117 84
117 103
117 91
117 74
117 80
117 75
117 100
117 89
117 71
117 83
117 77
117 82
117 76
117 79
117 90
117 97
117 93
117 92
117 85
118 34
118 56
118 41
118 52
118 37
118 40
118 49
118 47
118 33
118 38
118 51
118 54
118 42
118 44
118 28
118 32
118 57
118 55
118 36
118 53
119 109
119 115
119 117
119 113
119 114
119 110
120 49
120 52
120 56
120 47
120 50
120 43
120 45
120 44
120 48
121 134
121 136
121 137
121 130
121 129
121 127
121 124
121 120
121 123
121 135
121 132
122 155
122 160
122 159
122 156
123 180
123 172
123 173
123 179
123 174
123 181
123 165
123 178
123 175
123 166
123 182
124 141
124 145
124 147
124 138
124 142
124 148
124 139
124 150
124 140
124 133
124 135
124 134
124 132
124 143
125 132
125 143
125 138
125 134
125 140
125 141
125 137
125 144
125 135
125 147
125 136
126 10
126 13
126 33
126 39
126 19
126 16
126 26
126 41
126 29
126 61
126 17
126 32
126 50
126 20
126 48
126 11
126 67
126 15
126 54
126 59
126 12
126 55
126 30
126 46
126 14
126 31
126 9
126 53
126 45
126 35
126 44
126 60
127 37
127 63
127 39
127 58
127 55
127 61
127 70
127 60
127 42
127 64
127 41
127 46
127 52
127 47
127 38
127 69
127 50
127 66
127 49
127 53
127 65
127 54
128 48
128 51
128 35
128 50
128 58
128 11
128 19
128 56
128 47
128 14
128 46
128 37
128 55
128 16
128 59
128 57
128 42
128 22
128 43
128 52
128 17
128 62
128 25
128 40
128 30
128 49
128 63
128 38
128 53
128 13
128 26
128 61
128 21
128 39
129 162
129 168
129 178
129 180
129 174
129 172
129 163
129 176
129 167
129 173
129 165
129 170
129 159
129 160
129 177
130 97
130 100
130 114
130 60
130 65
130 72
130 146
130 61
130 80
130 112
130 132
130 62
130 71
130 125
130 152
130 98
130 77
130 101
130 88
130 143
130 74
130 133
130 51
130 87
130 96
130 94
130 138
130 50
130 115
130 109
130 47
130 90
130 104
130 140
130 73
130 139
130 102
130 145
130 64
130 68
130 126
130 106
130 66
130 55
130 45
130 119
130 83
130 57
130 70
130 56
130 76
130 127
130 120
130 149
130 46
130 86
130 148
130 141
130 92
130 137
130 124
130 111
130 75
130 110
130 129
130 95
130 108
131 72
131 73
132 161
132 157
132 159
132 145
132 143
132 164
132 153
132 147
132 151
132 138
132 149
132 154
132 146
132 165
132 139
132 160
132 150
132 140
132 163
132 162
134 185
134 187
135 158
135 163
135 167
135 154
135 164
135 181
135 161
135 175
135 180
135 169
135 156
135 157
135 173
135 165
135 166
135 172
135 153
135 159
136 187
137 81
137 70
137 80
137 86
137 78
137 71
137 68
137 87
137 84
137 75
137 69
137 74
137 76
137 72
137 77
137 88
137 83
138 134
138 116
138 133
138 119
138 127
138 131
138 130
138 128
138 125
138 132
138 120
138 121
138 126
138 129
139 122
139 125
139 132
139 118
139 123
139 130
139 116
139 124
139 121
139 127
139 131
140 126
140 177
140 156
140 164
140 150
140 178
140 171
140 165
140 159
140 155
140 162
140 146
140 173
140 128
140 152
140 157
140 145
140 132
140 153
140 139
140 129
140 131
140 147
140 158
140 170
140 151
140 136
140 166
140 163
140 123
140 174
140 161
141 143
141 97
141 88
141 101
141 113
141 93
141 103
141 75
141 110
141 76
141 102
141 108
141 125
141 131
141 127
141 111
141 116
141 106
141 117
141 140
141 121
141 92
141 70
141 130
141 91
141 81
141 138
141 107
141 77
141 118
141 104
141 124
141 71
141 69
141 105
141 137
141 89
141 112
141 134
141 109
141 84
141 132
141 96
141 119
141 95
141 136
142 141
142 138
142 140
142 139
143 99
143 97
144 49
144 56
144 54
144 55
144 62
144 47
144 53
144 48
144 52
145 61
145 17
145 45
145 79
145 60
145 84
145 80
145 28
145 82
145 37
145 69
145 58
145 52
145 35
145 59
145 70
145 39
145 67
145 83
145 62
145 78
145 72
145 14
145 20
145 25
145 54
145 85
145 66
145 23
145 68
145 27
145 48
145 15
145 31
145 56
145 30
145 29
145 36
145 38
145 64
145 22
145 43
145 40
145 76
145 63
145 44
145 65
145 57
145 55
145 24
146 24
146 21
146 17
146 31
146 9
146 28
146 12
146 14
146 7
146 5
146 27
146 13
146 26
146 6
146 18
146 30
147 91
147 87
147 90
147 93
147 89
147 92
147 86
148 184
148 187
148 186
149 180
149 181
149 178
149 177
150 174
150 173
150 172
151 64
151 65
151 74
151 67
151 69
151 63
151 72
151 75
151 71
151 62
151 78
151 66
152 145
152 175
152 165
152 166
152 127
152 159
152 150
152 149
152 157
152 141
152 136
152 167
152 142
152 138
152 146
152 171
152 164
152 147
152 128
152 162
152 151
152 130
152 155
152 131
152 174
152 170
152 172
152 148
152 126
152 139
152 176
152 168
152 156
153 125
153 133
153 124
153 121
153 136
153 126
153 129
153 134
153 123
153 122
154 106
154 108
154 104
155 104
155 117
155 81
155 107
155 142
155 129
155 136
155 84
155 144
155 123
155 124
155 140
155 99
155 94
155 138
155 147
155 83
155 139
155 122
155 87
155 93
155 113
155 120
155 108
155 128
155 130
155 127
155 91
155 86
155 115
155 125
155 112
155 118
155 116
155 143
155 111
155 146
155 105
155 149
155 90
155 121
155 106
155 135
155 134
155 89
156 168
156 172
156 169
157 152
157 153
157 129
157 135
157 154
157 138
157 156
157 151
157 155
157 136
157 147
157 139
157 140
157 146
157 130
157 148
157 144
157 134
157 142
158 89
158 85
158 91
158 87
158 94
158 86
158 88
159 183
159 175
159 153
159 173
159 172
159 155
159 157
159 154
159 182
159 166
159 156
159 151
159 179
159 169
159 180
159 177
159 152
159 146
159 144
159 168
159 145
159 184
159 149
159 162
159 176
159 171
159 158
160 56
160 88
160 60
160 65
160 95
160 68
160 64
160 86
160 79
160 92
160 87
160 91
160 74
160 49
160 93
160 72
160 52
160 77
160 57
160 81
160 82
160 94
160 78
160 80
160 62
160 75
160 50
160 58
160 67
160 73
160 69
160 85
160 84
161 65
161 68
161 63
161 61
161 67
161 60
161 69
161 62
162 131
162 78
162 83
162 82
162 91
162 79
162 144
162 148
162 109
162 116
162 138
162 72
162 69
162 99
162 64
162 149
162 115
162 100
162 65
162 124
162 125
162 73
162 112
162 121
162 118
162 154
162 66
162 142
162 81
162 151
162 75
162 104
162 97
162 110
162 153
162 135
162 139
162 140
162 101
162 86
162 146
162 141
162 147
162 152
162 119
162 103
162 128
162 84
162 87
162 145
162 76
162 117
162 111
162 94
162 130
162 67
162 74
163 126
163 131
163 147
163 118
163 145
163 138
163 123
163 136
163 140
163 119
163 120
163 141
163 132
163 117
163 149
163 137
163 144
163 150
163 139
163 134
164 80
164 102
164 123
164 131
164 114
164 112
164 101
164 89
164 106
164 82
164 132
164 86
164 87
164 117
164 110
164 85
164 100
164 104
164 94
164 96
164 105
164 84
164 122
164 76
164 103
164 125
164 130
164 111
164 93
164 95
164 109
164 92
164 90
164 127
164 124
164 120
165 163
165 89
165 167
165 171
165 140
165 121
165 143
165 112
165 66
165 129
165 84
165 137
165 158
165 87
165 78
165 173
165 150
165 119
165 88
165 113
165 116
165 172
165 102
165 144
165 162
165 161
165 153
165 91
165 105
165 160
165 77
165 108
165 96
165 85
165 79
165 135
165 136
165 76
165 141
165 152
165 83
165 147
165 100
165 122
165 168
165 81
165 110
165 133
165 68
165 65
165 98
165 131
165 155
165 111
165 71
165 93
165 132
165 73
165 103
165 126
165 159
165 118
165 128
165 80
165 74
165 95
165 125
165 138
166 39
166 67
166 87
166 50
166 46
166 44
166 68
166 49
166 69
166 98
166 92
166 80
166 84
166 75
166 48
166 90
166 65
166 97
166 70
166 79
166 41
166 72
166 76
166 83
166 57
166 56
166 52
166 86
166 61
166 59
166 55
166 78
166 96
166 53
166 93
166 77
167 141
167 149
167 163
167 164
167 142
167 152
167 161
167 169
167 147
167 166
167 143
167 144
167 171
167 150
167 165
167 151
167 153
167 146
168 39
168 33
168 37
168 38
168 50
168 45
168 48
168 40
168 34
168 47
168 41
168 43
169 138
169 136
169 145
169 147
169 132
169 135
169 139
169 143
169 140
169 137
169 144
169 146
170 160
171 30
171 29
171 21
171 27
171 31
171 26
171 20
171 28
171 23
172 167
172 183
172 176
172 179
172 169
172 168
172 175
172 187
172 178
172 184
172 182
172 164
172 186
172 174
173 92
173 98
173 79
173 78
173 113
173 61
173 120
173 67
173 93
173 103
173 84
173 81
173 108
173 116
173 115
173 118
173 125
173 65
173 128
173 107
173 60
173 63
173 66
173 77
173 90
173 91
173 109
173 127
173 62
173 73
173 88
173 100
173 101
173 87
173 72
173 71
173 122
173 83
173 64
173 126
173 89
173 121
174 14
174 15
174 13
174 19
175 184
175 185
175 181
175 168
175 167
175 162
175 165
175 188
175 186
175 171
175 169
175 180
175 182
175 178
175 159
175 163
175 161
175 164
175 170
175 172
175 160
176 125
176 126
178 170
178 164
178 166
178 161
178 167
178 160
179 124
180 107
180 108
181 23
181 11
181 15
181 21
181 8
181 12
181 16
181 19
181 20
181 17
182 43
182 74
182 135
182 94
182 132
182 61
182 37
182 44
182 126
182 63
182 52
182 137
182 62
182 38
182 117
182 146
182 87
182 145
182 100
182 107
182 80
182 121
182 69
182 106
182 58
182 119
182 86
182 108
182 102
182 116
182 91
182 65
182 141
182 45
182 88
182 134
182 112
182 136
182 138
182 41
182 57
182 75
182 82
182 109
182 104
182 120
182 47
182 68
182 67
182 49
182 54
182 140
182 79
182 105
182 60
182 96
182 127
182 56
182 66
182 123
182 92
182 142
182 128
182 139
182 85
182 113
182 84
182 115
182 122
182 71
182 99
182 46
182 48
182 76
183 186
183 187
183 188
183 185
184 128
184 126
185 112
185 75
185 114
185 116
185 95
185 104
185 93
185 113
185 73
185 118
185 86
185 71
185 79
185 83
185 98
185 94
185 97
185 119
185 78
185 100
185 99
185 110
185 102
185 105
185 89
185 101
185 81
185 84
185 85
185 70
185 96
185 91
185 88
185 87
185 90
185 74
185 103
185 115
185 69
185 107
185 72
187 100
187 107
187 57
187 99
187 89
187 58
187 65
187 51
187 108
187 111
187 47
187 75
187 55
187 97
187 44
187 110
187 54
187 102
187 50
187 84
187 95
187 88
187 96
187 66
187 61
187 49
187 103
187 94
187 93
187 64
187 101
187 73
187 86
187 72
187 59
187 83
187 71
187 90
187 78
187 67
188 183
188 184
188 174
188 180
188 182
188 187
188 175
188 186
188 171
188 176
188 172
188 178
188 185
189 166
189 138
189 171
189 165
189 122
189 140
189 156
189 154
189 146
189 121
189 145
189 136
189 128
189 135
189 120
189 168
189 129
189 130
189 142
189 118
189 172
189 169
189 164
189 132
189 150
189 127
189 119
189 133
189 139
189 116
189 167
189 170
190 101
190 122
190 138
190 34
190 103
190 50
190 132
190 119
190 24
190 70
190 95
190 54
190 28
190 124
190 89
190 33
190 75
190 92
190 37
190 10
190 47
190 63
190 58
190 65
190 142
190 68
190 41
190 102
190 121
190 60
190 18
190 111
190 46
190 105
190 106
190 123
190 127
190 57
190 31
190 45
190 52
190 117
190 137
190 27
190 93
190 26
190 113
190 74
190 134
190 6
190 120
190 109
190 133
190 72
190 9
190 25
190 115
190 32
190 53
190 56
190 16
190 59
190 61
190 21
190 71
190 87
190 83
190 79
190 49
190 126
190 69
190 14
190 110
190 130
190 112
190 22
190 140
190 85
190 40
190 99
190 131
190 135
190 78
190 44
190 36
190 19
1 127
1 172
1 159
1 155
1 166
1 163
1 158
1 173
1 113
1 162
1 133
1 167
1 164
1 165
1 134
1 142
1 140
1 136
1 168
1 175
1 139
1 128
1 146
1 122
1 156
1 169
1 114
1 117
1 160
1 153
1 176
1 170
1 151
2 94
3 98
3 104
3 118
3 100
3 102
3 111
3 110
3 116
3 109
3 106
3 113
3 105
3 114
3 115
3 99
3 112
3 117
3 107
4 31
4 30
4 32
5 146
5 153
5 163
5 148
5 165
5 161
5 164
5 151
5 159
5 150
5 166
5 160
6 49
6 99
6 41
6 27
6 77
6 71
6 47
6 34
6 72
6 67
6 33
6 35
6 106
6 46
6 50
6 102
6 65
6 32
6 87
6 118
6 104
6 91
6 75
6 66
6 70
6 88
6 113
6 76
6 73
6 30
6 78
6 101
6 59
6 86
6 53
6 40
6 48
6 81
6 79
6 83
6 93
6 63
6 28
6 97
6 89
6 96
6 84
6 29
6 43
6 58
6 51
6 98
7 51
8 136
9 45
9 142
9 108
9 66
9 136
9 124
9 60
9 129
9 42
9 97
9 84
9 54
9 46
9 51
9 35
9 107
9 130
9 38
9 149
9 116
9 104
9 89
9 48
9 40
9 111
9 59
9 94
9 49
9 156
9 110
9 52
9 34
9 143
9 113
9 87
9 164
9 98
9 86
9 53
9 36
9 166
9 125
9 137
9 145
9 47
9 158
9 128
9 141
9 118
9 165
9 65
9 76
9 56
9 126
9 41
9 72
9 159
9 74
9 119
9 147
9 61
9 162
9 50
9 114
9 102
9 69
9 148
9 73
9 103
9 80
9 55
9 135
9 99
9 44
9 62
9 82
9 88
9 161
9 115
9 167
9 79
9 85
9 144
10 136
10 108
10 148
10 150
10 178
10 104
10 181
10 130
10 126
10 111
10 103
10 112
10 173
10 106
10 140
10 176
10 177
10 114
10 123
10 175
10 168
10 172
10 159
10 118
10 129
10 117
10 170
10 135
10 141
10 161
10 156
10 167
10 122
10 171
10 139
11 57
11 61
11 59
11 55
11 60
11 69
11 65
11 68
11 62
11 70
12 145
12 148
12 146
13 78
13 87
13 89
13 86
13 88
13 84
13 85
13 82
14 149
15 128
15 137
15 111
15 126
15 102
15 127
15 92
15 113
15 143
15 121
15 140
15 139
15 115
15 112
15 138
15 117
15 106
15 136
15 123
15 119
15 109
15 131
15 96
15 120
15 118
15 135
15 107
15 142
15 130
15 134
15 114
16 153
16 119
16 112
16 121
16 122
16 139
16 106
16 174
16 116
16 138
16 154
16 131
16 157
16 102
16 105
16 114
16 100
16 150
16 104
16 143
16 134
16 163
16 165
16 125
16 103
16 129
16 109
16 169
16 123
16 159
16 132
16 160
16 111
16 156
16 148
16 166
16 108
16 128
16 113
16 107
16 168
16 133
16 162
16 167
18 63
18 70
18 69
18 48
18 47
18 56
18 53
18 66
18 60
18 67
18 62
18 49
18 64
18 65
18 71
18 54
18 68
18 50
18 57
18 59
18 72
20 93
20 100
20 96
20 98
20 97
21 146
21 147
21 156
21 153
21 145
21 157
21 144
21 155
21 154
21 149
22 77
22 70
22 75
22 65
22 68
22 79
22 78
22 69
22 71
22 66
22 72
23 138
23 148
23 134
23 141
23 144
23 137
23 146
23 135
23 140
23 139
24 167
24 164
24 171
24 165
24 169
24 156
24 170
24 168
24 163
24 174
25 118
25 139
25 131
25 152
25 120
25 154
25 133
25 165
25 141
25 151
25 125
25 134
25 159
25 136
25 127
25 162
25 116
25 123
25 163
25 117
25 164
25 126
25 111
25 157
25 150
25 147
25 124
25 161
25 119
25 121
25 137
25 138
25 148
26 153
26 160
26 149
26 181
26 178
26 180
26 171
26 175
26 177
26 179
26 176
26 174
26 159
26 172
26 168
26 164
26 162
26 170
26 167
26 182
26 157
26 156
26 169
27 9
27 12
27 11
28 19
28 24
28 26
28 20
28 14
28 34
28 23
28 16
28 13
28 27
28 17
28 30
28 31
29 177
29 178
29 175
30 108
31 61
31 27
31 68
31 73
31 43
31 55
31 38
31 97
31 28
31 58
31 45
31 82
31 67
31 88
31 108
31 37
31 98
31 29
31 106
31 75
31 35
31 103
31 93
31 72
31 60
31 71
31 104
31 92
31 44
31 64
31 30
31 50
31 78
31 100
31 42
31 33
31 90
31 86
31 59
31 76
31 77
31 91
31 96
31 89
31 79
31 101
31 102
31 87
31 46
31 40
31 39
31 95
31 53
31 80
31 69
31 94
31 65
32 36
32 35
32 37
32 34
33 36
33 49
33 26
33 76
33 64
33 35
33 39
33 92
33 120
33 54
33 15
33 111
33 52
33 14
33 13
33 60
33 122
33 130
33 90
33 126
33 69
33 55
33 46
33 18
33 47
33 59
33 23
33 73
33 105
33 16
33 132
33 24
33 58
33 72
33 61
33 65
33 22
33 129
33 19
33 86
33 48
33 38
33 51
33 115
33 74
33 20
33 44
33 32
33 30
33 71
33 68
33 45
33 41
33 25
33 106
33 29
33 27
33 70
33 31
33 131
34 128
34 123
35 158
35 184
35 170
35 165
35 171
35 161
35 177
35 169
35 173
35 167
35 153
35 160
35 172
35 185
35 157
35 148
35 164
35 180
35 156
35 154
35 182
35 168
35 146
35 150
35 152
35 147
35 181
36 79
36 100
36 89
36 96
36 98
36 88
36 90
36 101
36 91
36 99
36 93
37 76
37 83
37 105
37 80
37 73
37 87
37 79
37 103
37 85
37 89
37 84
37 75
37 96
37 100
37 106
37 78
37 72
37 102
37 98
37 93
37 86
37 74
37 104
37 99
37 108
37 88
39 61
39 65
39 63
40 106
40 103
40 107
40 108
40 102
41 65
41 37
41 82
41 8
41 48
41 58
41 51
41 45
41 44
41 74
41 68
41 31
41 71
41 61
41 73
41 80
41 64
41 81
41 7
41 5
41 18
41 27
41 22
41 36
41 38
41 3
41 25
41 4
41 13
41 11
41 43
41 34
41 69
41 47
41 14
41 57
41 28
41 62
41 32
41 33
41 56
41 6
41 17
41 63
41 75
41 9
41 19
41 79
41 16
42 130
42 136
42 159
42 104
42 95
42 154
42 110
42 142
42 101
42 124
42 100
42 139
42 99
42 170
42 120
42 98
42 117
42 128
42 140
42 115
42 141
42 152
42 143
42 119
42 127
42 123
42 97
42 138
42 111
42 113
42 129
42 131
42 109
42 106
42 160
42 114
42 145
42 147
43 169
43 175
43 171
43 174
43 176
43 168
43 173
46 110
46 106
46 107
46 111
46 115
46 114
46 118
46 117
46 112
47 166
47 144
47 140
47 171
47 160
47 167
47 138
47 170
47 177
47 181
47 172
47 117
47 148
47 132
47 162
47 141
47 174
47 125
47 184
47 134
47 119
47 168
47 147
47 122
47 145
47 139
47 169
47 161
47 133
47 180
47 185
47 116
47 175
47 153
47 173
47 118
47 183
47 124
48 135
48 133
48 139
48 147
48 129
48 132
49 190
50 161
50 168
50 170
50 156
50 169
50 150
50 147
50 159
50 145
50 162
50 172
50 146
50 157
50 152
50 154
50 144
50 164
51 153
51 164
51 170
51 165
51 158
51 156
51 171
51 154
51 167
51 161
51 160
51 172
51 162
52 93
52 98
52 82
52 99
52 90
52 96
52 87
52 85
52 89
52 86
52 95
52 83
52 100
52 84
53 136
53 106
53 134
53 105
53 123
53 132
53 140
53 139
53 111
53 124
53 122
53 109
53 135
53 116
53 118
53 108
53 113
53 133
53 129
53 138
53 114
53 112
53 141
54 69
54 65
55 44
55 48
55 42
55 41
55 63
55 53
55 69
55 50
55 67
55 78
55 47
55 39
55 46
55 76
55 68
55 77
55 35
55 60
55 75
55 36
55 59
55 38
55 57
55 51
55 54
55 65
55 62
55 80
55 43
55 72
55 66
55 49
56 103
56 121
56 100
56 119
56 99
56 114
56 105
56 108
56 95
56 107
56 110
56 113
56 106
56 112
56 120
56 116
56 124
56 98
56 111
57 21
57 6
57 31
57 10
57 25
57 7
57 17
57 15
57 38
57 9
57 22
57 8
57 16
57 36
57 11
57 27
57 12
57 37
57 34
57 20
57 29
58 22
58 15
58 10
58 14
58 19
58 18
58 17
58 24
58 16
58 12
58 20
60 118
60 117
61 86
61 77
61 84
61 80
61 82
61 83
61 81
61 79
62 107
62 132
62 105
62 115
62 124
62 135
62 91
62 138
62 127
62 131
62 111
62 137
62 125
62 109
62 126
62 96
62 113
62 121
62 122
62 110
62 104
62 120
62 108
62 100
62 97
62 86
62 140
62 139
62 116
62 89
62 123
62 103
62 94
62 130
62 134
62 90
63 136
63 144
64 184
64 182
65 80
65 110
65 77
65 84
65 74
65 98
65 99
65 109
65 91
65 78
65 90
65 100
65 94
65 76
65 69
65 93
65 70
65 71
65 79
65 82
65 68
65 73
65 111
65 102
65 87
65 81
66 178
66 169
66 176
66 170
66 174
66 181
66 171
66 175
66 179
67 160
67 171
67 166
67 164
67 159
67 168
67 162
67 167
67 165
67 170
67 169
68 65
68 71
68 62
68 64
68 72
69 167
69 186
69 138
69 132
69 184
69 168
69 137
69 151
69 175
69 188
69 170
69 164
69 123
69 180
69 161
69 147
69 174
69 166
69 163
69 165
69 172
69 187
69 155
69 127
69 173
69 109
69 182
69 131
69 128
69 136
69 178
69 149
69 176
69 179
70 78
70 82
70 88
70 85
70 83
70 87
71 93
72 91
72 92
73 148
73 145
73 143
73 147
73 142
73 141
73 149
73 144
74 151
74 147
74 140
74 152
76 111
76 117
76 105
76 104
76 109
76 107
76 108
76 122
76 120
76 102
76 119
76 114
76 103
76 121
76 118
77 62
77 59
77 66
77 50
77 44
77 63
77 54
77 56
77 60
77 58
77 61
77 70
77 47
77 49
77 52
77 68
77 69
77 65
77 64
77 42
78 8
78 20
78 21
78 13
78 19
78 17
78 11
78 9
78 12
78 16
79 117
79 104
79 102
79 111
79 105
79 95
79 99
79 121
79 106
79 88
79 112
79 110
79 98
79 119
79 91
79 96
79 93
79 113
79 116
79 120
79 89
80 118
80 111
81 11
81 24
81 95
81 103
81 57
81 51
81 46
81 126
81 160
81 143
81 99
81 89
81 64
81 85
81 36
81 123
81 29
81 144
81 42
81 107
81 4
81 66
81 83
81 44
81 94
81 70
81 171
81 138
81 2
81 56
81 9
81 25
81 93
81 38
81 47
81 100
81 133
81 39
81 48
81 157
81 15
81 61
81 77
81 53
81 167
81 72
81 149
81 73
81 54
81 45
81 31
81 97
81 84
81 23
81 52
81 96
81 33
81 16
81 79
81 98
81 43
81 1
81 12
81 63
81 87
81 129
81 166
81 170
81 75
81 127
81 41
81 112
81 111
82 42
83 180
85 23
85 36
85 26
85 57
85 62
85 15
85 58
85 51
85 34
85 29
85 56
85 19
85 59
85 11
85 17
85 32
85 46
85 24
85 9
85 41
85 64
85 40
85 12
85 53
85 27
85 43
85 16
86 37
86 75
86 64
86 49
86 79
86 72
86 84
86 57
86 73
86 89
86 35
86 70
86 82
86 60
86 80
86 56
86 88
86 68
86 51
86 62
86 38
86 81
86 39
86 66
86 76
86 61
86 58
86 65
86 32
86 34
86 63
86 54
86 33
86 78
86 50
86 92
86 43
86 44
86 90
86 46
86 53
86 71
87 185
87 156
87 179
87 163
87 168
87 145
87 162
87 183
87 148
87 182
87 151
87 186
87 142
87 150
87 159
87 144
87 178
87 165
87 143
87 152
87 147
87 161
87 184
87 166
88 160
88 157
88 155
88 161
88 151
89 147
89 149
89 140
89 157
89 158
89 167
89 169
89 148
89 137
89 154
89 150
89 162
89 141
89 133
89 165
89 132
89 155
89 142
89 161
89 138
89 146
89 136
89 166
89 156
90 100
90 65
90 60
90 119
90 110
90 85
90 32
90 149
90 40
90 38
90 35
90 122
90 63
90 36
90 92
90 99
90 81
90 59
90 134
90 58
90 43
90 117
90 79
90 95
90 39
90 147
90 152
90 121
90 129
90 128
90 53
90 42
90 86
90 148
90 145
90 93
90 112
90 98
90 105
90 80
90 136
90 123
90 54
90 109
90 118
90 64
90 70
90 120
90 88
90 151
90 68
90 138
90 94
90 131
90 116
90 104
90 73
90 33
90 76
90 141
90 135
90 57
90 34
90 132
90 146
90 102
90 126
90 139
90 74
90 84
90 67
90 37
90 49
91 141
91 117
91 127
91 82
91 94
91 152
91 84
91 116
91 157
91 132
91 129
91 124
91 149
91 120
91 115
91 145
91 97
91 143
91 113
91 85
91 131
91 125
91 137
91 153
91 81
91 111
91 93
91 138
91 147
91 144
91 148
91 135
91 102
91 104
91 155
91 142
91 103
91 106
91 87
91 105
91 126
91 95
91 109
91 151
91 110
91 118
91 101
91 122
91 88
91 83
91 134
92 36
92 22
92 11
92 42
92 17
92 30
92 8
92 26
92 19
92 12
92 20
92 21
92 37
92 28
92 32
92 40
92 25
92 23
92 27
92 35
92 13
92 41
92 14
93 105
93 104
93 96
93 100
93 103
93 99
93 97
93 98
94 67
94 61
94 48
94 88
94 81
94 72
94 84
94 86
94 80
94 77
94 54
94 78
94 83
94 41
94 87
94 75
95 113
95 119
95 148
95 141
95 135
95 140
95 125
95 154
95 139
95 149
95 120
95 126
95 123
95 124
95 129
95 131
95 110
95 108
95 115
95 153
95 133
95 138
95 147
95 145
95 111
95 142
95 114
95 122
95 121
95 150
96 127
96 131
96 134
96 128
96 133
96 126
97 95
97 66
97 83
97 73
97 70
97 67
97 65
97 68
97 86
97 76
97 69
97 78
97 79
97 82
97 75
97 90
97 84
98 111
98 109
98 110
98 106
99 113
99 159
99 143
99 122
99 103
99 105
99 98
99 137
99 101
99 119
99 109
99 106
99 102
99 104
99 156
99 157
99 160
99 117
99 123
99 141
99 151
99 114
99 161
99 120
99 124
100 171
100 158
100 159
100 161
100 172
100 164
100 162
100 170
100 163
100 160
101 164
101 169
101 168
101 176
101 163
101 174
101 177
101 162
102 89
102 98
102 108
102 87
102 109
102 113
102 93
102 121
102 105
102 111
102 122
102 116
102 110
102 90
102 119
102 96
102 92
102 107
102 115
102 104
102 83
102 82
102 120
102 101
102 86
102 118
102 100
102 112
102 129
103 7
103 12
103 8
103 14
103 13
103 9
103 11
104 48
104 94
104 72
104 25
104 47
104 53
104 70
104 52
104 57
104 62
104 79
104 21
104 20
104 33
104 93
104 11
104 40
104 22
104 75
104 82
104 13
104 8
104 50
104 17
104 63
104 55
104 71
104 73
104 14
104 68
104 39
104 38
104 66
104 92
104 54
104 84
104 64
104 49
104 37
104 95
104 98
104 61
104 69
104 96
104 18
104 91
104 30
104 60
105 156
105 155
105 137
105 147
105 145
105 146
105 131
105 133
105 132
105 130
105 139
105 148
105 150
105 149
105 140
106 189
106 187
106 183
106 188
107 99
107 104
107 167
107 89
107 88
107 134
107 118
107 170
107 79
107 156
107 90
107 174
107 152
107 145
107 120
107 155
107 103
107 164
107 169
107 124
107 149
107 157
107 119
107 106
107 78
107 158
107 171
107 111
107 129
107 123
107 139
107 127
107 80
107 117
107 131
107 132
107 122
107 150
107 71
107 128
107 162
107 148
107 137
107 166
107 172
107 100
107 92
107 91
107 98
107 138
107 101
107 121
107 141
108 90
108 79
108 114
108 169
108 145
108 113
108 80
108 96
108 151
108 173
108 123
108 131
108 128
108 110
108 157
108 177
108 107
108 148
108 116
108 147
108 86
108 133
108 135
108 111
108 126
108 141
108 170
108 101
108 112
108 136
108 150
108 77
108 82
108 122
108 144
108 167
108 149
108 130
108 125
108 83
108 88
108 142
108 85
108 97
108 104
108 87
108 156
108 138
108 100
108 120
108 175
108 154
108 95
108 124
108 176
108 153
108 119
108 152
108 164
108 174
108 92
108 132
108 78
108 160
108 89
108 117
108 134
109 175
109 176
109 169
109 172
109 164
109 187
109 181
109 188
109 174
109 178
109 179
109 177
109 171
109 184
109 182
109 170
109 186
109 180
109 168
109 167
110 124
110 120
110 126
110 127
110 113
110 115
110 122
110 123
110 112
110 125
110 121
110 118
111 132
111 119
111 113
111 130
111 129
111 99
111 106
111 107
111 126
111 118
111 128
111 103
111 139
111 137
111 127
111 116
111 134
111 123
111 105
111 102
111 104
111 110
112 57
112 76
112 74
112 59
112 75
112 55
112 84
112 78
112 56
112 63
112 45
112 82
112 48
112 62
112 64
112 51
112 49
112 65
112 69
112 47
112 61
112 79
112 80
112 53
112 85
112 52
112 54
112 68
112 44
112 73
113 148
113 147
113 150
113 152
113 149
114 139
115 187
115 179
115 176
115 185
115 178
115 180
115 182
115 177
116 159
116 163
116 162
116 164
116 160
116 165
117 161
117 168
117 160
117 169
117 166
117 165
117 164
118 123
118 127
118 121
118 126
118 128
119 144
119 162
119 154
119 145
119 156
119 143
119 151
119 149
119 152
119 146
119 157
119 160
119 148
120 150
120 166
120 142
120 137
120 155
120 141
120 151
120 161
120 147
120 157
120 169
120 136
120 168
120 165
120 152
120 159
120 149
120 135
120 138
120 170
120 144
120 143
120 146
121 172
121 166
121 165
121 168
121 186
121 190
121 183
121 174
121 177
121 179
121 182
121 175
121 184
121 188
121 181
121 167
121 173
122 41
122 42
123 45
123 52
123 51
123 47
123 46
124 43
124 34
124 48
124 16
124 44
124 19
124 38
124 22
124 46
124 52
124 13
124 54
124 28
124 39
124 33
124 41
124 26
124 42
124 53
124 55
124 18
124 47
124 32
124 49
124 21
124 30
124 27
125 67
125 65
125 64
126 123
126 129
126 125
126 137
126 136
126 135
126 128
126 131
126 122
126 124
127 25
127 32
127 34
127 27
127 48
127 28
127 45
127 40
127 43
127 35
127 31
128 180
128 164
128 172
128 169
128 166
128 171
128 178
128 167
128 170
128 165
128 176
128 179
128 181
129 147
129 148
130 85
130 89
130 81
131 79
131 71
131 50
131 26
131 60
131 83
131 63
131 85
131 32
131 54
131 65
131 41
131 31
131 36
131 59
131 27
131 74
131 86
131 75
131 51
131 38
131 46
131 49
131 47
131 61
131 52
131 34
131 68
131 81
131 56
131 77
131 82
131 64
131 24
131 25
131 30
131 57
131 70
131 43
131 58
131 62
131 33
133 175
133 174
134 10
134 31
134 52
134 43
134 14
134 11
134 36
134 22
134 53
134 19
134 45
134 7
134 34
134 56
134 6
134 26
134 48
134 23
134 30
134 8
134 17
134 44
134 46
134 27
134 29
134 16
134 35
134 32
134 28
134 42
134 4
135 74
135 65
135 75
135 58
135 66
135 70
135 63
135 57
135 68
135 76
135 71
135 59
135 62
136 125
136 134
136 133
136 127
136 132
136 124
136 129
137 100
137 95
137 90
137 99
137 105
137 103
137 101
137 91
137 110
137 93
137 96
138 51
138 81
138 86
138 93
138 66
138 65
138 91
138 46
138 87
138 45
138 38
138 47
138 58
138 55
138 80
138 89
138 44
138 56
138 83
138 39
138 37
138 78
138 59
138 88
138 85
138 57
138 73
138 71
138 69
138 60
138 43
139 63
139 50
139 57
139 64
139 65
139 76
139 51
139 80
139 83
139 58
139 71
139 60
139 84
139 79
139 74
139 61
139 66
139 53
139 72
139 73
139 52
139 82
139 75
139 69
140 50
140 52
140 40
140 66
140 56
140 45
140 59
140 48
140 46
140 64
140 67
140 44
140 61
140 43
140 55
140 58
140 38
141 54
141 51
141 45
141 61
141 63
141 49
141 46
141 62
141 60
141 48
141 58
141 56
141 53
142 157
142 154
142 153
142 137
142 144
142 132
142 128
142 151
142 136
142 158
142 133
142 161
142 123
142 159
142 126
142 155
142 125
142 130
142 147
142 127
142 146
142 150
142 135
143 184
143 185
143 180
143 182
143 183
145 118
145 153
145 160
145 95
145 125
145 120
145 157
145 138
145 150
145 92
145 137
145 119
145 121
145 123
145 154
145 113
145 98
145 100
145 96
145 111
145 101
145 115
145 131
145 139
145 93
145 97
145 91
145 142
145 135
145 88
145 159
145 152
145 140
145 132
145 130
145 114
145 151
145 106
145 124
146 107
146 155
146 76
146 151
146 84
146 85
146 136
146 68
146 66
146 152
146 159
146 139
146 150
146 104
146 65
146 82
146 168
146 111
146 164
146 74
146 163
146 115
146 140
146 135
146 138
146 79
146 112
146 141
146 103
146 109
146 121
146 116
146 105
146 110
146 86
146 167
146 87
146 172
146 102
146 119
146 90
146 108
146 148
146 144
146 161
146 124
146 173
146 174
146 101
146 118
146 143
146 129
146 80
146 137
146 166
146 95
146 162
146 98
146 134
146 75
146 72
146 91
146 126
146 158
146 160
146 171
146 156
146 64
146 154
146 114
147 47
147 45
147 46
147 50
147 39
147 40
147 37
147 38
147 43
147 36
147 42
149 163
149 162
149 152
149 167
149 157
149 144
149 155
149 165
149 159
149 154
149 161
149 146
149 158
149 148
149 139
149 147
149 142
149 160
150 115
151 158
151 139
151 146
151 142
151 156
151 157
151 149
151 143
151 141
151 153
152 74
152 73
152 75
152 71
152 68
153 96
153 93
153 109
153 110
153 104
153 92
153 108
153 86
153 97
153 115
153 111
153 103
153 118
153 91
153 88
153 83
153 101
153 98
153 85
153 120
153 113
153 81
153 89
153 102
153 76
153 80
153 94
153 99
154 175
154 182
154 180
154 189
154 184
154 174
154 171
154 187
154 173
154 178
154 188
154 176
154 181
155 22
155 26
155 23
155 34
155 19
155 21
155 32
155 27
155 28
155 18
155 20
156 60
156 63
157 75
157 76
157 74
158 144
158 132
158 120
158 130
158 110
158 145
158 106
158 148
158 112
158 157
158 109
158 115
158 127
158 121
158 126
158 122
158 114
158 146
158 133
158 151
158 152
158 138
158 125
158 149
158 123
158 128
158 99
158 160
158 141
158 103
158 143
158 116
158 162
158 137
158 104
158 111
158 102
158 108
158 156
158 135
158 150
158 117
158 113
158 147
159 161
159 95
159 123
159 65
159 78
159 92
159 83
159 114
159 126
159 90
159 136
159 103
159 147
159 73
159 120
159 101
159 104
159 82
159 84
159 67
159 121
159 110
159 74
159 109
159 81
159 75
159 105
159 127
159 139
159 93
159 141
159 167
159 140
159 77
159 125
159 148
159 138
159 163
159 98
159 135
159 86
159 122
159 102
159 69
159 164
159 133
159 111
159 89
159 80
159 132
159 130
159 119
159 170
159 62
159 66
159 107
159 64
159 118
160 61
160 59
160 44
160 45
160 47
160 71
160 41
160 48
160 40
160 66
160 51
160 63
160 54
160 42
161 134
161 139
161 136
161 148
161 140
161 146
161 151
161 149
161 142
161 135
161 133
161 132
162 132
162 133
162 127
162 157
162 143
162 161
162 156
162 158
162 155
162 126
163 148
164 118
164 128
164 115
164 129
164 113
164 116
164 108
165 117
165 99
165 104
165 115
165 107
165 106
166 185
166 186
166 184
167 113
167 116
167 111
167 112
167 115
168 62
168 68
168 66
168 83
168 60
168 97
168 88
168 54
168 92
168 55
168 81
168 63
168 76
168 70
168 77
168 89
168 75
168 72
168 56
168 93
168 85
168 73
168 59
168 67
168 46
168 58
168 44
168 74
168 79
168 71
168 64
168 94
168 91
169 13
169 20
169 22
169 15
169 12
169 24
169 19
169 21
169 14
169 25
169 18
170 32
170 89
170 21
170 70
170 26
170 91
170 82
170 53
170 84
170 20
170 67
170 72
170 97
170 33
170 28
170 39
170 47
170 31
170 78
170 15
170 44
170 68
170 38
170 102
170 64
170 73
170 90
170 16
170 25
170 42
170 103
170 96
170 75
170 60
170 61
170 108
170 34
170 22
170 93
170 106
170 29
170 37
170 45
170 46
170 88
170 36
170 74
170 23
170 17
170 52
170 55
170 79
170 51
170 110
170 83
170 57
170 101
170 35
170 48
170 92
170 41
170 49
170 19
171 68
171 76
171 73
171 99
171 97
171 86
171 114
171 67
171 88
171 77
171 59
171 60
171 89
171 72
171 58
171 90
171 71
171 63
171 111
171 91
171 93
171 108
171 80
171 61
171 104
171 70
171 101
171 92
171 112
171 109
171 66
171 115
171 103
171 96
171 105
171 84
172 60
172 132
172 112
172 133
172 135
172 119
172 131
172 63
172 147
172 111
172 120
172 73
172 138
172 155
172 127
172 87
172 121
172 76
172 57
172 102
172 103
172 72
172 77
172 114
172 58
172 100
172 125
172 109
172 142
172 143
172 117
172 55
172 157
172 124
172 110
172 149
172 67
172 84
172 101
172 66
172 141
172 146
172 61
172 106
172 54
172 116
172 150
172 151
172 74
172 115
172 71
172 59
172 128
172 92
172 65
172 129
172 144
172 104
172 56
172 107
173 7
173 11
173 56
173 30
173 59
173 1
173 43
173 45
173 57
173 2
173 32
173 20
173 27
173 14
173 49
173 36
173 25
173 8
173 38
173 42
173 39
173 41
173 13
173 23
173 10
173 5
173 46
173 51
173 29
173 17
173 34
173 48
173 15
173 24
173 28
173 21
173 53
174 125
174 140
174 161
174 164
174 146
174 142
174 119
174 141
174 110
174 130
174 149
174 112
174 157
174 143
174 116
174 135
174 136
174 109
174 151
174 115
174 114
174 137
174 132
174 121
174 160
174 155
174 117
174 122
174 159
174 129
174 124
174 111
174 162
174 118
174 158
174 139
175 155
175 152
175 154
175 156
175 157
176 188
177 132
177 126
177 136
177 121
177 134
177 120
177 123
177 130
177 118
177 135
177 128
177 125
177 127
178 52
178 60
178 53
178 56
178 55
179 104
179 101
179 85
179 83
179 127
179 118
179 110
179 123
179 117
179 60
179 100
179 107
179 125
179 134
179 94
179 73
179 65
179 87
179 119
179 61
179 78
179 146
179 88
179 130
179 129
179 97
179 128
179 126
179 116
179 108
179 66
179 142
179 111
179 90
179 69
179 86
179 135
179 122
179 95
179 133
179 63
179 77
179 103
179 62
179 80
179 141
179 76
179 148
179 67
179 70
179 68
179 72
179 145
179 143
179 79
179 115
179 82
179 109
179 136
181 165
181 137
181 184
181 172
181 170
181 168
181 146
181 155
181 152
181 138
181 147
181 134
181 110
181 126
181 156
181 180
181 113
181 112
181 120
181 117
181 139
181 133
181 144
181 176
181 129
181 158
181 135
181 186
181 127
181 151
181 169
181 178
181 119
181 125
181 150
181 115
181 116
181 174
181 183
181 143
181 185
181 130
181 118
181 149
181 136
181 175
181 148
181 109
181 187
181 132
181 108
181 102
181 159
181 153
181 179
181 107
181 104
182 114
184 15
184 12
184 9
184 11
184 6
184 19
184 13
184 20
184 21
184 18
184 8
184 7
184 17
184 23
184 4
185 14
185 13
185 8
185 38
185 27
185 56
185 16
185 18
185 40
185 22
185 39
185 49
185 47
185 25
185 30
185 32
185 33
185 21
185 42
185 51
185 17
185 41
185 45
185 29
185 46
185 10
185 52
185 28
185 55
185 15
185 44
185 24
185 7
186 110
186 121
186 98
186 109
186 137
186 123
186 136
186 96
186 106
186 99
186 112
186 125
186 102
186 138
186 101
186 90
186 116
186 132
186 130
186 133
186 131
186 93
186 105
186 140
186 91
186 108
186 94
186 139
186 111
186 103
187 113
187 116
187 117
188 90
188 99
188 98
188 106
188 85
188 93
188 91
188 101
188 103
188 89
188 100
188 97
188 94
188 84
189 49
189 84
189 83
189 104
189 70
189 103
189 93
189 87
189 47
189 63
189 48
189 64
189 55
189 79
189 57
189 85
189 86
189 82
189 68
189 74
189 88
189 80
189 91
189 52
189 65
189 81
189 75
189 97
189 53
189 90
189 62
189 76
189 61
189 105
189 92
189 72
189 108
189 100
190 165
190 157
190 183
190 161
190 173
190 180
190 162
190 171
190 163
190 172
190 164
190 176
190 182
190 181
190 174
1 19
1 10
1 9
1 25
1 23
1 20
1 3
1 16
1 4
1 12
1 22
1 5
1 26
1 6
1 14
1 21
2 102
2 103
2 110
2 116
2 125
2 105
2 111
2 114
2 101
2 120
2 112
2 99
2 121
2 119
2 123
2 124
2 115
2 122
2 100
2 117
2 118
2 108
3 178
3 181
3 177
3 179
4 147
4 152
4 138
4 144
4 145
4 149
4 168
4 150
4 135
4 143
4 161
4 172
4 173
4 165
4 153
4 166
4 140
4 171
4 134
4 141
4 154
4 164
4 169
4 142
4 170
4 159
6 18
6 19
6 21
6 26
7 170
7 156
7 177
7 153
7 180
7 167
7 126
7 150
7 79
7 78
7 107
7 142
7 106
7 174
7 144
7 141
7 135
7 137
7 171
7 138
7 169
7 101
7 178
7 173
7 183
7 185
7 168
7 166
7 175
7 157
7 176
7 163
7 66
7 136
7 117
7 151
7 172
7 154
7 129
7 160
7 149
8 116
8 133
8 158
8 124
8 146
8 145
8 159
8 153
8 120
8 132
8 156
8 142
8 138
8 150
8 143
8 170
8 128
8 157
8 147
8 141
8 165
8 149
8 134
8 164
8 125
8 127
8 166
8 162
8 118
8 123
8 121
8 126
9 160
9 181
9 177
9 188
9 183
9 187
9 179
9 180
9 186
9 163
11 160
11 161
11 159
11 156
11 158
12 184
12 183
12 189
12 186
13 95
13 79
13 80
13 96
13 91
13 81
13 94
13 100
13 104
13 83
13 92
13 97
13 90
14 170
14 177
14 163
14 164
14 162
14 171
14 180
14 173
14 176
14 178
14 179
14 168
14 166
14 182
14 175
14 181
15 172
15 159
15 108
15 66
15 122
15 99
15 148
15 97
15 129
15 165
15 145
15 125
15 162
15 124
15 149
15 100
15 147
15 174
15 187
15 157
15 75
15 184
15 173
15 69
15 141
15 182
15 90
15 133
15 179
15 105
15 156
15 169
15 167
15 185
15 63
15 176
15 78
15 188
15 68
15 186
15 183
15 180
15 161
15 132
15 151
15 153
15 166
15 160
15 150
15 171
16 43
16 37
16 52
16 47
16 36
16 51
16 53
16 22
16 45
16 40
16 56
16 42
16 38
16 44
16 28
16 41
16 48
16 50
17 65
17 55
17 30
17 40
17 31
17 27
17 60
17 20
17 49
17 37
17 53
17 62
17 64
17 25
17 43
17 26
17 69
17 73
17 21
17 48
17 59
17 66
17 56
17 38
17 50
17 54
17 58
17 22
17 71
17 42
17 67
17 29
17 39
17 51
17 41
17 70
17 28
18 149
18 150
18 152
19 113
19 116
19 112
19 109
19 90
19 60
19 124
19 84
19 96
19 49
19 57
19 54
19 117
19 88
19 86
19 81
19 53
19 118
19 92
19 64
19 105
19 95
19 104
19 128
19 83
19 101
19 56
19 93
19 131
19 97
19 114
19 125
19 61
19 89
19 45
19 82
19 121
19 107
19 47
19 106
19 108
19 68
19 94
19 91
19 100
19 111
19 110
19 98
19 115
20 162
20 173
20 178
20 169
20 150
20 159
20 181
20 179
20 175
20 167
20 170
20 166
20 163
20 174
20 155
20 161
20 165
20 176
20 160
20 172
20 171
20 177
21 98
21 160
21 124
21 114
21 123
21 135
21 137
21 150
21 139
21 118
21 138
21 100
21 152
21 142
21 115
21 122
21 102
21 131
21 111
21 101
21 132
21 99
21 141
22 24
22 9
22 46
22 4
22 11
22 26
22 29
22 33
22 35
22 8
22 42
22 10
22 15
22 3
22 49
22 21
22 48
22 39
22 47
22 16
22 14
22 17
22 19
22 31
22 5
22 34
23 153
23 162
23 126
23 128
23 167
23 157
23 116
23 119
23 176
23 150
23 136
23 151
23 125
23 124
23 143
23 122
23 142
23 127
23 156
23 154
23 152
23 174
23 118
23 120
23 123
23 171
23 170
23 168
23 115
24 178
24 180
24 177
25 104
25 107
25 102
25 105
26 115
26 124
26 103
26 101
26 112
26 107
26 111
26 123
26 118
26 122
26 102
26 105
26 114
26 109
26 104
27 147
27 145
28 77
28 51
28 87
28 73
28 61
28 69
28 75
28 56
28 52
28 49
28 78
29 90
29 91
29 84
29 88
29 81
29 94
29 96
29 89
29 87
29 85
30 170
31 142
31 139
31 116
31 121
31 141
31 131
31 129
31 133
31 113
31 128
31 118
31 112
31 110
31 143
31 125
31 132
31 109
31 107
31 117
31 134
31 115
31 119
31 124
31 99
32 175
32 172
32 170
32 173
33 63
33 62
34 112
34 121
34 118
34 120
34 122
34 100
35 32
35 54
35 31
35 19
35 78
35 44
35 59
35 33
35 104
35 142
35 81
35 17
35 60
35 22
35 149
35 82
35 105
35 25
35 99
35 61
35 68
35 70
35 67
35 39
35 26
35 124
35 23
35 77
35 47
35 122
35 21
35 71
35 84
35 109
35 41
35 20
35 141
35 58
35 83
35 130
35 138
35 63
35 45
35 18
35 52
35 28
35 49
35 132
35 56
35 40
35 69
35 85
35 51
35 155
35 50
35 55
35 57
35 27
35 66
36 32
36 65
36 75
36 35
36 38
36 45
36 39
36 43
36 30
36 51
36 28
36 26
36 29
36 58
36 50
36 41
36 47
38 133
38 111
38 136
38 90
38 109
38 118
38 122
38 103
38 127
38 141
38 106
38 100
39 80
39 84
39 83
39 81
40 152
40 135
40 146
40 143
40 137
40 175
40 160
40 144
40 178
40 156
40 136
40 168
40 139
40 133
40 140
40 131
40 177
40 149
40 142
40 148
40 150
40 130
41 96
41 85
41 102
41 93
41 103
41 107
41 87
41 100
41 98
41 94
41 91
41 99
41 106
41 90
41 89
41 104
41 84
42 132
42 146
42 122
42 137
42 144
42 121
42 135
42 118
42 134
42 112
42 107
42 156
43 91
43 119
43 163
43 72
43 134
43 85
43 102
43 112
43 137
43 99
43 124
43 115
43 114
43 103
43 153
43 143
43 118
43 133
43 69
43 157
43 80
43 93
43 128
43 95
43 110
43 111
43 107
43 127
43 71
43 82
43 158
43 130
43 88
43 149
43 152
43 132
43 142
43 70
43 106
43 104
43 90
43 144
43 155
43 135
43 101
43 97
43 76
43 79
43 77
43 117
43 73
43 148
43 98
43 145
43 83
43 151
43 161
43 74
43 100
43 140
43 105
43 89
43 139
43 92
44 124
44 46
44 37
44 54
44 80
44 108
44 41
44 43
44 110
44 32
44 65
44 115
44 92
44 104
44 73
44 89
44 35
44 40
44 116
44 36
44 55
44 30
44 31
44 113
44 58
44 69
44 94
44 118
44 85
44 59
44 47
44 93
44 120
44 102
44 39
44 74
44 117
44 70
44 95
44 27
44 100
44 119
44 103
44 78
44 109
44 23
44 38
44 67
44 91
44 34
44 112
44 101
44 25
44 56
44 83
44 53
44 50
44 105
44 77
44 75
44 97
44 24
44 81
44 84
44 62
45 86
45 106
45 103
45 104
45 82
45 95
45 97
45 105
45 96
46 154
46 155
47 112
47 120
48 167
48 168
49 171
49 172
49 169
49 170
49 167
50 27
50 29
50 31
50 26
51 140
51 139
51 141
52 15
52 8
52 36
52 30
52 39
52 12
52 24
52 19
52 38
52 17
52 31
52 22
52 28
52 14
52 7
52 10
52 27
52 23
52 18
54 108
55 147
55 150
55 156
55 148
55 149
55 143
55 146
55 144
55 157
56 89
56 70
56 170
56 146
56 168
56 74
56 67
56 92
56 101
56 96
56 76
56 167
56 88
56 151
56 81
56 77
56 134
56 65
56 127
56 152
56 94
56 137
56 62
56 138
56 91
56 90
56 149
56 104
56 75
56 117
56 58
56 160
56 136
56 133
56 122
56 125
56 64
56 148
56 144
56 71
56 141
56 84
56 142
56 145
56 162
56 66
56 129
56 156
56 80
56 161
56 150
56 153
56 109
56 143
56 166
57 94
57 49
57 82
57 65
57 77
57 90
57 69
57 84
57 61
57 63
57 56
57 54
57 53
57 79
57 76
57 66
57 33
57 45
57 43
57 40
57 75
57 89
57 64
57 85
57 88
57 42
57 50
57 70
57 87
57 30
57 68
57 52
57 60
57 86
57 81
57 91
59 107
59 163
59 94
59 109
59 95
59 149
59 145
59 159
59 106
59 142
59 147
59 141
59 125
59 168
59 143
59 189
59 182
59 102
59 150
59 162
59 116
59 122
59 110
59 87
59 144
59 158
59 135
59 100
59 165
59 178
59 179
59 115
59 137
59 174
59 99
59 129
59 160
59 118
59 148
59 139
59 88
59 111
59 157
59 92
59 169
59 152
59 132
59 176
59 104
59 101
59 155
59 188
59 97
59 96
59 91
59 120
59 131
59 140
59 112
59 133
59 173
59 98
59 153
59 172
59 136
59 177
59 146
59 164
59 86
59 105
60 73
60 33
60 48
60 90
60 72
60 50
60 67
60 35
60 31
60 51
60 38
60 56
60 59
60 49
60 58
60 29
60 62
60 34
60 32
60 57
60 19
60 54
60 22
60 47
60 95
60 74
60 65
60 69
60 82
60 40
60 24
60 27
60 77
60 55
60 85
60 39
60 21
60 94
60 91
60 41
60 68
60 20
60 46
60 43
60 42
60 88
61 58
61 43
61 48
61 55
61 18
61 64
61 69
61 19
61 44
61 67
61 29
61 45
61 28
61 33
61 54
61 63
61 41
61 30
61 47
61 17
61 39
61 59
61 42
61 32
61 68
61 65
61 23
61 38
61 66
61 57
61 15
61 35
62 171
62 172
62 170
62 169
62 173
64 35
64 33
64 36
64 38
64 37
64 34
64 40
65 174
66 71
66 75
66 78
66 70
66 77
66 69
66 62
66 61
66 64
66 63
66 73
67 13
67 26
67 14
67 23
67 12
67 10
67 11
67 15
67 17
67 29
67 22
67 30
67 25
67 21
68 139
68 151
68 155
68 135
68 149
68 143
68 137
68 153
68 140
68 148
68 150
68 145
68 134
68 147
69 36
69 102
69 72
69 157
69 169
69 51
69 32
69 24
69 41
69 79
69 47
69 116
69 37
69 43
69 71
69 50
69 75
69 27
69 40
69 34
69 88
69 76
69 30
69 22
69 82
69 83
69 78
69 57
69 35
69 64
69 89
69 48
69 52
69 81
69 140
69 23
69 25
69 42
69 61
69 62
69 77
69 31
69 63
69 55
69 66
69 84
69 45
69 68
69 38
70 101
70 115
70 93
70 111
70 113
70 119
70 118
70 117
70 89
70 95
70 90
70 110
70 109
70 84
71 20
71 9
71 24
71 19
71 16
71 23
71 7
71 10
71 8
71 11
71 12
72 187
72 181
72 180
72 178
72 183
72 184
72 185
73 115
73 116
73 111
73 108
73 105
73 110
73 124
73 136
73 113
73 129
73 122
73 140
73 146
73 137
73 138
73 98
73 106
73 94
73 130
73 99
73 109
73 95
73 96
73 102
73 125
73 97
73 133
73 112
73 120
73 126
74 39
74 46
74 41
74 36
74 42
74 37
74 40
74 38
74 35
74 43
74 34
74 33
74 44
75 132
75 159
75 154
75 153
75 164
75 163
75 138
75 149
75 158
75 151
75 150
75 156
75 136
75 161
75 139
76 53
76 55
77 153
77 163
77 164
77 161
77 158
77 157
77 151
77 159
77 155
77 165
77 162
77 167
77 166
77 154
77 149
78 84
78 101
78 83
78 117
78 118
78 116
78 111
78 114
78 103
78 110
78 112
78 91
78 115
78 94
78 108
78 105
79 74
79 30
79 39
79 101
79 114
79 15
79 92
79 127
79 49
79 84
79 109
79 46
79 12
79 65
79 58
79 17
79 94
79 128
79 35
79 78
79 40
79 90
79 20
79 31
79 77
79 24
79 50
79 133
79 122
79 64
79 42
79 86
79 72
79 33
79 130
79 67
79 83
79 125
79 28
79 29
79 85
79 103
79 131
79 70
79 55
79 37
79 132
79 62
79 115
79 38
79 41
79 44
79 10
79 27
79 52
79 60
79 47
79 81
79 59
79 22
79 32
79 43
79 9
79 73
79 66
79 123
79 7
79 6
80 155
80 163
80 157
80 164
80 159
80 158
80 161
80 162
81 76
81 71
81 90
81 58
81 78
81 88
81 65
81 91
81 74
81 92
81 80
82 153
82 155
82 150
82 154
82 148
82 157
82 147
82 151
83 146
83 141
83 130
83 132
83 144
83 143
83 129
83 134
83 151
83 142
83 147
83 136
83 128
83 150
83 133
83 131
83 149
83 152
84 37
84 27
84 47
84 48
84 19
84 29
84 23
84 59
84 30
84 33
84 63
84 53
84 42
84 26
84 20
84 31
84 67
85 177
85 180
85 176
85 175
85 171
85 172
86 94
86 112
86 100
86 108
86 119
86 95
86 77
86 67
86 85
86 114
86 111
86 83
86 98
86 74
86 59
86 91
86 105
87 65
87 57
87 38
87 63
87 54
87 56
87 14
87 44
87 13
87 64
87 17
87 60
87 24
87 8
87 43
87 10
87 49
87 61
87 69
87 26
87 11
87 40
87 71
87 48
87 31
87 52
87 33
87 50
87 18
87 25
87 41
87 68
87 9
87 22
87 55
87 59
88 120
88 127
88 107
88 121
88 116
88 86
88 125
88 95
88 93
88 117
88 110
88 124
89 75
89 63
89 71
89 67
90 101
90 107
90 108
90 83
90 111
90 82
90 103
92 119
92 115
92 121
92 118
92 114
92 120
93 144
93 136
93 142
93 131
93 135
93 143
93 133
93 132
94 154
94 147
94 129
94 138
94 126
94 142
94 155
94 158
94 139
94 135
94 133
94 144
94 153
94 127
94 157
94 125
94 131
94 149
94 140
94 134
95 172
95 169
95 159
95 161
95 156
95 160
95 163
95 167
95 173
95 170
95 174
95 168
95 158
95 151
96 105
96 95
96 109
96 120
96 111
96 121
96 106
96 115
96 92
96 116
96 114
96 99
96 102
96 104
96 112
96 103
96 123
96 110
96 93
96 124
96 94
98 189
98 168
98 172
98 182
98 163
98 181
98 167
98 159
98 178
98 169
98 179
98 184
98 158
98 162
98 175
98 180
98 174
98 183
98 186
99 136
99 173
99 167
99 121
99 127
99 112
99 129
99 125
99 130
99 171
99 163
99 166
99 110
99 174
99 116
99 118
99 128
99 126
99 133
99 172
99 115
100 121
100 129
100 120
100 125
100 136
100 123
100 137
100 132
100 131
100 128
101 145
101 146
101 107
101 147
101 138
101 153
101 140
101 149
101 150
101 119
101 105
101 137
101 133
101 109
101 144
101 154
101 124
101 120
101 136
101 139
101 118
101 123
101 148
101 127
101 106
101 117
101 129
101 113
101 111
102 114
102 117
102 123
102 125
102 106
103 147
103 149
103 145
103 140
104 163
104 178
104 176
104 166
104 173
104 170
104 165
104 172
104 174
104 168
105 124
105 120
105 123
106 102
106 84
106 101
106 100
106 81
106 86
106 78
106 85
106 103
106 75
106 76
106 96
106 72
106 80
106 97
106 91
106 87
106 73
106 77
107 180
107 182
107 184
107 186
107 185
108 143
109 104
109 127
109 114
109 132
109 123
109 106
109 122
109 130
109 118
109 131
109 111
109 129
109 103
109 126
109 125
109 112
109 105
109 102
109 128
109 124
110 40
110 48
110 47
110 39
110 41
110 42
111 78
111 96
111 92
111 69
111 68
111 122
111 72
111 75
111 74
111 142
111 157
111 148
111 90
111 159
111 138
111 156
111 79
111 150
111 91
111 141
111 98
111 93
111 160
111 117
111 67
111 76
111 80
111 70
111 147
111 144
111 149
111 71
111 124
111 136
111 87
111 101
111 73
111 146
111 145
111 84
111 94
111 121
111 81
111 85
111 155
111 100
111 108
112 102
112 117
112 125
112 114
112 116
112 111
112 106
