74 4598
1 2
2 3
3 4
4 5
5 6
6 7
7 8
8 9
9 10
10 11
11 12
12 13
13 14
14 15
15 16
16 17
17 18
18 19
19 20
20 21
21 22
22 23
23 24
24 25
25 26
26 27
27 28
28 29
29 30
30 31
31 32
32 33
33 34
34 35
35 36
36 37
37 38
38 39
39 40
40 41
41 42
42 43
43 44
44 45
45 46
46 47
47 48
48 49
49 50
50 51
51 52
52 53
53 54
54 55
55 56
56 57
57 58
58 59
59 60
60 61
61 62
62 63
63 64
64 65
65 66
66 67
67 68
68 69
69 70
70 71
71 72
72 73
73 74
74 1
1 44
1 57
1 58
1 46
1 64
1 49
1 48
1 54
1 50
1 42
1 43
1 47
1 56
1 60
1 40
1 53
2 29
2 27
2 30
3 74
3 72
3 67
3 61
3 65
3 71
3 62
3 64
3 73
4 32
4 31
4 35
4 34
4 27
6 29
6 50
6 53
6 43
6 62
6 39
6 28
6 44
6 63
6 54
6 33
6 60
6 59
6 51
6 36
6 26
6 47
6 41
6 32
6 27
6 37
6 34
6 42
8 68
8 72
8 65
8 69
8 71
8 67
9 59
9 57
10 62
10 63
10 64
10 60
11 71
11 72
11 74
12 74
13 49
13 38
13 34
13 53
13 44
13 40
13 57
13 43
13 32
13 70
13 59
13 30
13 39
13 66
13 62
13 64
13 61
13 65
13 41
13 69
13 29
13 33
13 47
13 55
13 36
13 60
13 52
14 66
14 68
14 67
15 36
15 35
16 2
17 53
17 54
19 35
19 44
19 56
19 47
19 48
19 58
19 42
19 43
19 52
19 41
19 54
19 46
19 61
19 55
19 49
19 39
19 50
19 40
20 52
20 65
20 68
20 63
20 53
20 54
20 59
20 62
20 66
20 61
20 55
20 60
20 58
20 57
21 62
21 66
21 63
21 67
21 68
21 73
21 70
22 31
22 34
22 33
22 32
22 37
22 28
22 38
22 24
22 35
22 25
23 19
23 17
23 18
23 20
23 16
24 73
25 22
25 27
25 21
25 24
26 48
27 63
27 36
27 35
27 70
27 50
27 65
27 23
27 49
27 39
27 24
27 54
27 52
27 21
27 46
27 25
27 48
27 47
27 59
27 42
27 32
27 41
27 30
27 62
27 67
27 56
27 40
27 55
27 34
27 68
27 44
28 38
29 66
29 68
29 62
29 70
29 64
29 61
30 44
30 43
31 46
31 37
31 26
31 42
31 28
31 33
31 41
31 35
31 40
31 25
31 23
31 30
31 43
31 39
32 49
32 61
32 51
32 55
32 46
32 37
32 48
32 41
32 54
32 50
32 31
32 58
32 57
32 63
32 52
32 22
32 39
32 59
32 30
32 60
32 62
32 43
32 35
32 40
32 56
33 74
34 66
34 67
35 46
35 54
35 50
35 49
35 58
35 45
35 47
35 56
35 48
36 55
36 61
36 68
36 66
36 56
36 65
36 64
36 60
36 58
37 70
37 69
37 67
37 74
37 73
38 3
38 33
38 17
38 5
38 25
38 28
38 24
38 11
38 18
38 26
38 10
38 13
38 16
38 19
38 9
38 36
38 14
38 30
38 23
38 37
38 6
39 16
39 20
39 32
39 24
39 35
39 25
39 12
39 37
39 15
39 26
39 30
39 23
39 21
39 36
39 10
39 33
39 19
39 11
39 17
39 18
39 7
41 2
41 20
41 3
41 18
41 16
41 21
41 10
41 15
41 9
41 12
41 8
42 54
42 53
42 23
42 24
42 30
42 25
42 51
42 39
42 38
42 47
42 48
42 26
42 46
42 28
42 31
42 33
42 52
42 34
42 37
42 50
44 25
45 48
45 49
45 52
45 53
46 54
46 52
46 56
46 50
46 58
46 59
46 55
47 67
47 60
47 74
47 69
47 70
47 71
47 62
47 72
47 64
47 58
47 68
48 45
48 43
48 42
49 53
49 51
49 52
49 56
49 58
49 55
49 59
49 57
49 62
49 63
50 55
50 21
50 19
50 54
50 31
50 56
50 61
50 59
50 58
50 13
50 33
50 30
50 37
50 67
50 69
50 48
50 65
50 70
50 10
50 53
50 35
50 16
50 42
50 36
50 24
50 38
50 5
50 71
50 63
50 27
50 39
50 9
50 26
50 8
50 32
50 22
50 4
50 7
50 12
50 66
50 49
53 13
53 16
54 16
54 25
54 33
54 31
54 45
54 49
54 41
54 28
54 12
54 22
54 46
54 7
54 11
54 51
54 24
54 18
54 39
54 30
54 36
54 13
54 27
54 44
54 20
54 9
54 34
54 26
54 42
54 48
54 47
55 52
55 48
55 60
55 49
55 54
55 63
55 62
55 61
55 47
55 58
55 53
55 64
56 16
56 23
56 25
56 26
56 17
56 20
56 18
56 22
57 40
57 42
57 41
57 39
57 33
57 34
58 39
58 34
58 40
58 25
58 19
58 36
58 26
58 20
58 16
58 32
58 24
58 35
58 43
58 41
58 21
58 29
58 17
58 33
58 18
58 30
58 38
59 63
59 45
59 46
59 55
59 50
59 47
59 58
59 61
59 54
59 52
59 51
60 68
60 71
60 70
62 56
62 55
62 60
62 54
65 18
65 5
65 30
65 4
65 6
65 22
65 33
65 14
65 21
65 10
65 7
65 28
65 11
65 16
65 3
65 32
65 26
65 12
65 23
66 69
66 64
66 60
66 48
66 65
66 55
66 61
66 62
66 68
66 51
66 50
66 63
67 41
67 43
67 21
67 11
67 62
67 45
67 51
67 19
67 60
67 47
67 37
67 59
67 74
67 9
67 15
67 46
67 32
67 70
67 73
67 29
67 69
67 24
67 38
67 33
67 35
67 63
67 22
67 17
67 61
67 71
67 18
67 66
67 55
67 36
67 25
67 49
67 72
67 64
67 31
67 27
67 23
67 13
67 44
67 39
67 50
67 48
67 40
68 62
68 64
69 63
70 44
70 46
70 36
70 39
70 42
70 40
70 43
70 45
71 40
71 50
71 45
71 44
71 43
71 52
71 39
71 32
71 36
71 47
71 51
71 49
71 46
71 38
71 53
71 30
72 46
72 55
72 51
72 47
72 52
72 54
72 58
72 50
73 29
73 28
73 32
73 31
73 26
73 34
74 73
2 35
2 36
4 49
4 51
4 52
4 53
5 56
5 45
5 44
5 16
5 18
5 33
5 26
5 41
5 53
5 30
5 40
5 57
5 21
5 19
5 47
5 42
5 13
5 34
5 48
5 49
5 11
5 31
5 29
5 52
5 54
5 15
5 20
5 14
5 51
5 36
5 22
5 37
6 2
6 11
6 12
6 10
6 13
6 8
6 19
6 9
6 16
6 14
6 17
7 54
7 52
7 42
7 45
7 47
7 48
7 53
7 49
8 63
8 62
9 30
9 54
9 34
9 18
9 38
9 56
9 11
9 24
9 49
9 55
9 52
9 33
9 46
9 48
9 41
9 44
9 25
9 32
9 40
9 21
9 42
9 15
9 45
9 51
9 47
9 17
9 31
9 50
9 39
9 37
9 29
10 17
10 22
10 24
10 18
10 20
10 21
10 14
12 48
12 45
13 31
13 37
13 35
14 43
14 39
14 35
14 29
14 34
14 32
14 41
14 28
14 33
14 36
15 37
15 39
15 38
15 40
16 50
16 35
16 48
16 36
16 32
16 46
16 29
16 52
16 47
16 34
16 45
16 43
16 31
16 54
16 38
16 33
16 53
16 42
16 28
17 50
17 48
17 49
17 52
17 40
17 45
17 46
17 44
18 39
18 36
18 40
18 31
18 28
18 27
18 30
18 32
18 29
18 22
18 38
18 37
19 37
19 38
20 39
20 37
20 34
20 35
20 38
20 42
20 40
20 33
21 38
21 43
21 39
21 42
21 44
21 45
23 1
23 2
24 22
24 16
24 20
24 26
24 32
24 21
24 28
24 29
24 11
24 31
24 27
24 14
24 10
24 30
24 15
24 12
24 13
24 34
25 18
25 17
26 46
26 37
26 43
26 45
26 50
26 60
26 51
26 66
26 52
26 56
26 39
26 32
26 67
26 18
26 61
26 49
26 68
26 20
26 42
26 53
26 35
26 17
26 33
26 54
26 65
26 34
26 62
26 44
26 21
26 36
26 23
26 29
26 64
26 59
26 38
27 33
27 29
27 26
28 60
28 48
28 52
28 58
28 56
28 44
28 62
28 51
28 61
28 57
28 53
28 43
28 47
28 45
29 7
29 48
29 20
29 46
29 44
29 49
29 17
29 33
29 26
29 41
29 52
29 8
29 15
29 19
29 37
29 18
29 35
29 51
29 9
29 27
29 38
29 25
29 16
29 32
29 39
29 34
30 57
30 53
30 50
30 55
30 49
30 48
31 67
31 66
31 70
31 65
33 55
33 54
33 59
33 56
35 74
36 69
37 10
37 13
37 9
37 12
38 31
38 44
38 43
38 27
38 15
38 46
38 42
38 34
38 22
38 21
38 29
38 32
38 50
38 48
38 52
38 41
39 59
39 58
39 57
39 50
39 53
39 54
39 56
39 60
39 38
39 51
39 61
39 45
39 42
39 43
40 54
40 53
40 57
40 59
41 66
41 69
41 58
41 57
41 67
41 56
41 68
41 70
42 72
42 69
43 24
43 23
43 13
43 19
43 17
43 18
43 21
44 68
44 69
45 37
45 58
45 59
45 50
45 68
45 60
45 35
45 47
45 64
45 43
45 57
45 38
45 32
45 56
45 51
45 31
45 33
45 55
45 39
45 41
45 44
45 36
45 34
46 63
46 73
46 71
46 66
46 64
46 68
46 70
46 61
46 72
46 69
46 57
47 23
48 17
48 21
48 37
48 11
48 20
48 28
48 60
48 19
48 16
48 58
48 35
48 50
48 22
48 18
48 10
48 40
48 54
48 51
48 57
48 41
48 14
48 32
48 59
48 36
48 31
48 27
48 33
48 44
48 25
48 46
48 61
49 73
49 71
49 72
49 70
49 66
50 73
50 72
50 68
51 41
51 44
51 42
51 50
51 53
51 46
51 39
51 45
51 48
51 58
52 69
52 71
52 68
53 63
53 58
53 64
53 60
54 72
55 11
55 8
55 25
55 21
55 2
55 16
55 9
55 7
55 32
55 34
55 19
55 31
55 20
55 10
55 23
55 22
55 6
55 4
55 14
55 17
55 35
56 7
56 8
56 2
56 3
56 6
57 45
57 46
58 3
58 6
58 13
58 11
58 7
58 12
58 8
58 5
59 36
59 26
59 25
59 31
59 39
59 38
59 43
59 41
59 37
59 29
59 30
59 32
61 31
61 11
61 14
61 10
61 29
61 19
61 18
61 23
61 30
61 21
61 13
61 27
61 16
62 53
63 67
63 61
63 70
63 60
63 62
63 69
63 65
64 13
64 4
64 11
64 12
64 9
64 10
65 46
65 38
65 41
65 50
65 42
65 37
65 43
65 45
65 47
66 35
66 33
68 58
68 57
68 60
68 59
68 38
68 52
68 53
68 54
68 51
68 39
68 56
68 49
68 50
68 47
68 41
68 45
69 36
69 38
69 37
70 41
70 28
70 30
70 35
70 26
70 32
70 27
70 31
71 22
71 24
71 25
72 38
73 66
73 67
73 64
74 48
74 63
74 58
74 50
74 62
74 65
74 66
74 67
74 52
74 59
74 54
74 47
74 49
74 53
1 24
1 21
1 23
1 28
1 17
1 18
1 30
2 28
2 31
2 32
2 37
2 26
2 25
3 50
3 66
3 51
3 57
3 69
3 46
3 48
3 47
3 59
3 55
3 54
3 58
3 53
3 63
4 61
4 60
4 65
4 62
5 8
5 10
6 49
6 48
6 46
7 29
7 36
7 35
7 41
7 30
7 34
7 40
7 33
7 38
7 43
7 28
8 57
8 56
9 35
9 20
9 43
9 22
9 27
9 26
9 23
9 19
10 13
10 7
10 9
10 8
11 38
11 39
12 57
12 62
12 61
12 54
12 56
12 53
12 50
12 52
12 64
12 60
12 43
12 47
12 44
12 68
13 54
13 50
13 56
13 68
13 46
13 48
13 58
13 63
13 51
13 72
13 42
14 18
14 7
14 8
14 1
14 19
14 11
14 25
14 4
14 17
14 3
14 22
14 10
14 12
14 20
14 9
15 44
16 71
16 74
16 73
17 20
17 27
17 16
17 30
17 21
17 24
17 26
17 15
17 35
17 31
17 32
17 19
17 38
17 34
17 39
18 13
18 17
18 11
18 14
18 7
18 16
18 10
18 8
18 20
18 12
20 64
20 69
20 67
20 56
21 36
21 40
21 41
21 30
21 32
21 28
21 35
22 53
22 56
22 70
22 43
22 68
22 49
22 69
22 45
22 62
22 71
22 58
22 55
22 54
22 63
22 51
22 67
22 65
22 44
22 41
22 66
22 57
22 50
23 29
23 28
23 32
23 31
23 38
23 33
23 37
25 45
25 43
25 49
25 48
25 41
25 44
25 39
26 58
27 53
27 51
28 64
28 46
28 55
28 59
29 65
29 60
30 21
30 12
30 15
30 23
30 16
30 20
30 26
30 18
30 13
30 32
30 17
30 10
30 11
31 50
31 54
31 55
31 49
31 56
31 51
31 53
31 57
32 28
32 36
32 23
32 25
32 24
32 29
32 20
33 1
33 2
33 3
34 5
34 6
34 9
34 10
35 68
35 62
35 67
35 72
35 69
35 65
35 73
35 61
35 70
35 63
36 50
36 44
36 48
36 32
36 39
36 30
36 29
36 40
36 46
36 33
36 35
36 42
38 45
38 40
39 71
40 31
40 29
41 31
41 27
41 33
41 11
41 28
41 30
41 25
41 7
41 23
41 14
41 22
41 6
41 34
42 18
42 12
42 17
42 14
42 15
42 21
42 10
43 74
43 73
43 71
44 56
44 55
44 54
44 58
44 61
44 60
44 53
44 57
45 54
46 44
46 42
46 40
46 43
47 53
47 56
47 59
47 55
47 51
47 37
47 50
47 66
47 36
47 63
47 41
47 57
47 42
47 45
47 46
47 61
47 38
48 67
48 64
48 56
48 65
48 53
48 47
48 66
49 31
49 34
49 30
49 32
49 35
49 29
49 27
49 38
49 37
49 45
49 36
49 48
49 42
49 28
49 25
49 33
49 43
50 74
51 40
51 37
52 47
52 61
52 57
52 51
52 58
52 54
52 59
52 60
53 71
54 32
54 35
54 40
54 37
54 38
55 26
55 24
57 71
58 64
58 63
58 57
58 60
58 46
58 42
58 62
58 55
58 44
58 53
58 48
58 61
60 72
61 69
61 68
61 65
61 67
61 73
62 65
63 50
63 49
63 48
63 43
63 35
63 47
63 42
63 38
63 41
63 46
64 62
64 63
65 73
65 72
65 71
66 73
66 72
66 71
68 61
68 48
69 33
69 25
69 21
69 30
69 27
69 34
69 23
69 24
69 29
69 28
69 35
70 55
70 57
70 53
70 52
71 4
71 12
71 11
71 9
71 8
71 14
71 3
71 5
73 50
73 47
73 57
73 37
73 55
73 36
73 58
73 56
73 43
73 48
73 39
73 40
73 51
73 45
73 35
73 52
1 73
1 67
1 69
1 70
1 71
1 74
2 72
2 69
2 68
3 30
3 38
3 28
3 34
3 44
3 29
3 37
3 41
3 43
3 36
3 27
3 45
4 63
4 66
4 48
4 38
4 57
4 36
4 47
4 67
4 33
4 42
4 58
4 37
4 54
4 39
4 56
5 60
5 58
5 55
6 58
7 71
7 73
8 61
10 33
10 32
12 51
14 62
14 63
14 61
14 65
14 60
15 64
15 68
15 69
15 67
15 59
15 66
15 65
16 59
16 60
16 57
17 11
17 14
17 13
18 26
18 1
18 6
18 34
18 33
18 24
18 15
19 26
19 29
19 12
19 11
19 34
19 18
19 32
19 22
19 33
19 36
19 28
19 25
19 13
19 23
20 72
20 73
22 18
22 26
22 30
22 14
22 36
22 21
22 27
22 17
23 69
23 67
24 39
25 63
25 62
26 63
28 31
28 36
28 39
28 33
28 34
28 37
29 24
29 22
29 21
29 28
30 67
30 45
30 61
30 63
30 60
30 62
30 66
30 46
30 58
30 64
30 47
31 22
31 24
31 34
31 18
31 19
31 44
31 27
31 38
31 36
32 34
32 47
32 44
32 38
32 26
32 42
32 53
33 41
33 40
33 24
33 37
33 39
33 49
33 23
33 48
33 31
33 27
33 50
33 46
33 52
33 51
33 45
33 47
33 30
34 61
34 60
34 63
35 42
35 28
35 32
35 34
35 30
35 31
35 29
35 24
35 33
35 44
35 37
35 39
35 43
35 23
35 26
35 40
36 19
36 20
36 17
38 35
39 14
40 39
40 37
40 38
40 34
41 65
41 62
41 54
41 60
41 61
41 64
41 63
42 58
42 44
42 65
42 62
42 56
42 63
42 55
42 60
42 36
42 61
42 41
42 68
42 66
42 29
42 32
43 29
44 35
44 46
44 37
44 32
44 33
44 42
44 39
44 30
44 43
44 31
44 41
45 14
45 11
45 15
45 17
45 19
45 13
46 19
46 15
46 21
48 39
48 55
48 38
49 39
49 44
49 47
50 57
50 47
50 62
50 52
51 31
51 29
51 33
51 27
51 26
51 34
51 30
52 20
52 16
53 67
54 17
54 21
54 19
55 50
55 51
56 32
56 30
56 33
56 31
57 38
57 47
57 37
57 36
57 50
57 49
58 9
59 68
59 65
59 69
60 58
60 59
60 46
60 53
60 56
60 54
60 49
60 52
61 20
61 35
61 47
61 42
61 8
61 34
61 26
61 7
61 45
61 43
61 12
61 24
61 25
61 48
61 28
61 15
61 17
61 9
61 46
65 25
68 42
68 43
68 55
68 46
68 44
69 53
69 48
69 55
69 54
69 59
69 49
69 51
70 47
70 38
70 37
71 33
71 26
71 31
72 31
72 34
72 33
72 41
72 30
72 42
72 45
72 23
72 32
72 36
72 27
72 66
72 43
72 48
72 26
72 49
72 60
72 40
72 44
72 37
72 56
72 65
72 64
72 22
72 57
73 41
73 23
73 27
73 24
73 38
73 21
73 19
73 30
73 20
73 33
1 52
2 34
2 7
2 14
2 38
2 21
2 11
2 39
2 24
2 40
2 19
2 10
2 33
2 13
2 18
2 8
3 22
3 35
3 31
3 14
3 39
3 25
3 18
3 49
3 21
3 16
3 26
3 40
3 23
3 24
3 15
3 13
3 10
4 17
4 22
4 29
4 15
4 28
4 25
4 26
4 30
5 25
5 12
5 32
5 7
5 27
5 9
5 28
5 17
6 20
6 23
6 22
6 24
6 15
7 55
10 52
10 51
10 55
11 65
11 63
11 56
11 59
11 55
11 51
11 60
11 50
11 58
11 62
11 69
11 66
11 53
11 49
12 17
13 22
13 28
13 8
13 10
13 11
13 9
13 26
13 16
13 24
13 20
13 6
13 25
13 18
13 15
14 16
15 28
15 26
15 27
16 12
16 8
16 9
17 51
17 28
17 12
17 22
17 25
17 41
17 42
17 43
17 29
17 33
17 23
17 37
19 24
19 27
19 21
19 15
19 17
19 16
21 34
22 29
22 40
22 42
22 46
24 41
24 40
25 73
28 11
28 10
28 15
28 12
28 13
29 47
29 36
29 40
29 42
30 65
30 52
30 69
30 71
30 68
30 51
33 38
33 53
33 36
33 42
33 43
33 32
34 72
35 41
35 38
36 28
36 31
37 42
37 51
37 48
37 47
37 41
37 44
37 39
37 49
37 50
38 53
38 57
38 56
38 71
38 55
38 63
38 59
38 62
38 64
38 58
38 68
38 67
38 65
38 47
38 54
38 60
39 72
40 64
40 69
40 65
40 68
42 40
42 22
42 35
42 19
42 27
42 20
42 49
43 48
43 38
43 45
43 37
43 46
43 47
43 27
43 28
43 25
43 32
43 35
43 40
44 6
45 23
45 20
45 27
45 12
45 30
45 21
45 22
45 18
45 25
46 32
46 36
46 41
46 33
46 35
46 31
46 38
47 20
47 40
47 21
47 44
47 30
47 29
47 19
47 27
47 39
47 25
49 60
49 64
49 65
51 56
54 15
54 8
55 27
55 28
56 59
57 21
57 13
57 18
57 15
57 17
57 22
57 27
57 12
57 30
57 28
57 35
57 31
57 16
57 24
58 10
58 15
59 34
59 40
59 17
59 18
59 27
59 20
59 23
59 21
59 42
59 16
60 39
60 30
60 37
60 29
60 24
60 18
60 21
60 35
60 32
60 38
60 26
60 41
60 25
60 20
60 31
60 40
61 6
62 69
63 71
63 68
63 73
65 31
66 40
66 52
66 38
66 42
66 47
66 41
66 34
66 43
66 44
67 52
67 56
67 57
67 65
67 54
68 74
70 56
70 58
71 28
71 27
73 44
73 60
73 53
73 54
74 57
74 55
74 45
74 43
74 56
1 20
1 22
2 16
2 4
2 6
2 12
4 64
4 70
6 21
6 25
6 5
6 18
6 3
7 56
8 66
8 73
8 70
9 36
10 27
10 41
10 42
10 25
10 47
10 44
10 40
10 35
10 31
10 36
10 29
10 34
10 43
10 38
11 31
11 13
11 45
11 37
11 18
11 7
11 52
11 33
11 26
11 16
11 27
11 14
11 9
11 35
11 29
11 8
11 19
11 17
11 48
11 23
11 40
11 28
11 46
11 44
11 22
12 67
12 55
12 59
12 65
13 71
13 73
14 23
14 26
16 61
16 62
16 64
17 9
18 50
18 51
19 14
19 5
19 6
19 30
19 3
19 10
19 8
19 31
20 19
20 15
20 16
20 18
21 6
21 20
21 8
21 19
21 18
21 23
21 7
21 13
22 48
22 52
23 56
23 53
23 45
23 44
23 52
23 49
23 46
23 60
23 59
23 54
23 42
23 50
23 48
23 43
24 70
24 68
25 37
25 14
25 10
25 36
25 33
25 13
25 23
25 12
25 9
25 28
25 40
25 15
25 50
25 20
25 7
25 46
25 32
25 8
25 29
25 19
26 41
28 40
28 35
29 6
29 10
29 11
29 13
32 64
32 27
32 72
32 45
32 66
32 67
32 71
34 38
34 36
34 42
34 51
34 45
34 53
34 47
34 49
34 46
34 48
34 37
34 39
36 52
36 51
37 68
37 66
37 65
38 51
38 61
38 49
39 27
39 22
39 29
40 47
40 25
40 46
40 23
40 24
40 27
40 26
40 22
40 32
40 35
40 43
40 50
40 61
40 45
40 58
41 72
42 57
42 59
44 59
44 65
44 64
44 66
45 16
46 53
47 32
47 31
49 41
49 40
52 19
53 28
53 19
53 27
53 20
53 26
53 29
53 23
53 22
53 18
53 34
54 23
54 10
54 29
55 39
55 46
55 67
55 69
55 57
55 65
55 71
55 42
55 41
55 66
55 68
55 40
55 37
56 34
56 11
56 28
56 12
56 27
56 10
56 29
56 9
56 5
56 36
56 13
56 35
57 20
57 44
57 43
57 26
57 29
57 23
58 23
59 49
59 53
61 51
61 55
61 50
61 49
61 52
61 54
62 39
62 35
62 40
62 38
63 44
63 39
63 45
64 24
64 23
64 18
64 17
64 15
64 22
65 44
66 57
66 54
66 53
66 56
67 42
67 53
68 72
68 70
69 26
69 9
69 12
69 14
69 19
69 32
69 15
69 13
69 7
69 8
69 5
69 31
69 20
70 59
71 6
71 7
71 13
72 35
72 25
73 22
74 20
74 11
74 19
74 24
74 16
74 23
74 5
74 12
74 31
74 13
74 18
74 10
74 21
74 28
74 22
74 25
74 15
74 6
74 8
74 29
1 13
1 25
1 10
1 34
1 14
1 32
1 16
2 71
3 56
4 72
4 73
5 24
5 23
6 31
6 45
6 40
7 69
7 66
7 68
7 65
7 70
8 43
8 34
8 28
8 46
8 27
8 52
8 47
8 37
8 31
8 30
8 29
8 44
8 45
8 32
8 51
8 38
8 50
8 24
8 36
9 71
9 62
9 63
9 64
9 72
9 66
9 61
9 67
9 70
10 67
10 73
10 65
10 46
10 28
10 50
10 45
10 72
10 68
10 48
10 59
10 71
10 70
10 57
10 58
10 26
10 66
11 61
12 32
12 49
12 29
12 34
12 33
12 35
12 42
12 46
12 39
12 37
12 31
12 38
14 64
14 59
14 58
14 57
15 29
15 21
15 25
15 22
15 13
15 20
15 14
17 36
20 31
20 41
20 43
20 36
20 32
21 53
21 49
21 52
21 31
21 24
21 37
21 26
21 29
21 33
21 50
21 48
21 25
21 46
22 39
23 65
23 57
23 58
23 68
23 55
23 61
23 63
23 66
23 70
23 62
24 5
24 7
24 23
24 2
24 6
24 1
25 61
25 60
26 22
27 37
27 43
28 68
28 69
28 72
28 74
28 71
30 35
30 36
30 22
30 39
30 14
30 38
30 34
30 19
30 28
30 40
30 29
30 42
30 41
30 25
31 29
33 28
33 29
33 35
34 4
34 25
34 28
34 23
34 22
34 16
34 29
34 27
34 19
34 18
34 26
34 14
34 17
34 31
34 3
34 7
34 20
35 12
35 13
35 6
35 7
35 11
39 49
40 28
40 9
40 21
40 18
40 44
40 17
40 12
40 10
40 42
40 11
40 49
40 6
40 36
40 7
40 13
41 55
43 8
43 6
43 11
43 12
43 7
43 15
45 24
45 28
45 26
45 29
45 40
46 28
46 25
46 27
46 45
46 26
46 30
46 29
46 37
46 23
48 71
48 68
48 74
48 69
48 73
49 46
49 61
49 54
50 6
50 11
51 35
52 10
52 29
52 27
52 32
52 37
52 15
52 36
52 4
52 33
52 2
52 23
52 25
52 26
52 30
52 22
52 24
52 14
52 7
52 11
52 34
52 8
55 74
58 27
59 70
59 73
59 72
59 67
60 57
60 55
60 66
60 69
60 74
60 62
60 73
62 74
63 20
63 19
63 13
63 17
63 55
63 29
63 56
63 14
63 28
63 34
63 15
63 52
63 25
63 26
63 36
63 53
63 18
63 54
64 53
64 54
64 48
64 50
64 52
64 49
65 74
67 30
67 26
68 36
68 32
68 40
68 31
68 37
68 33
70 24
70 22
70 34
70 23
70 29
70 48
70 51
70 25
70 50
71 41
1 55
1 51
1 59
2 63
2 67
3 42
4 41
4 50
4 55
4 59
4 46
4 43
5 73
5 72
6 56
7 1
7 6
7 4
7 2
8 21
8 26
8 18
8 16
8 19
8 10
8 20
8 22
8 25
8 17
8 12
8 15
9 53
10 53
12 36
12 41
12 30
15 52
15 60
15 61
15 55
15 62
15 56
15 57
15 63
15 53
15 58
16 11
16 6
16 5
17 47
18 44
18 42
18 47
18 41
18 46
18 43
20 48
20 45
20 28
20 26
20 29
20 44
21 57
21 54
21 58
21 55
21 51
21 60
21 56
21 47
21 61
23 21
23 34
23 26
23 30
23 47
23 39
23 22
23 40
23 36
23 51
24 47
24 37
24 67
24 51
24 63
24 43
24 45
24 50
24 58
24 46
24 64
24 61
24 49
24 33
24 44
24 69
24 62
24 65
24 55
25 47
25 55
25 58
25 52
25 53
26 15
26 13
26 14
27 20
27 15
27 10
27 22
27 17
27 12
27 9
27 11
27 19
27 14
28 70
28 73
34 58
34 64
34 59
34 65
34 55
35 22
36 25
36 26
36 34
37 56
37 57
39 41
40 67
40 56
40 63
40 52
40 51
40 55
40 62
43 69
44 18
45 42
46 11
46 1
46 16
46 3
46 20
46 10
46 6
46 7
46 2
46 8
46 17
46 5
46 18
46 12
47 13
47 16
47 17
47 12
47 22
47 15
48 29
49 74
50 41
50 40
50 44
50 45
50 46
51 7
51 2
51 9
51 5
51 20
51 18
51 25
51 3
51 14
51 16
51 8
51 24
51 22
51 15
52 39
52 41
52 43
52 40
52 38
54 73
55 73
55 72
56 21
56 38
56 62
56 49
56 42
56 54
56 24
56 41
56 52
56 45
56 47
56 39
56 44
56 58
56 50
56 72
56 37
56 60
56 46
56 51
56 40
56 69
56 61
57 60
57 59
61 44
61 57
61 41
61 58
61 56
61 40
62 52
62 47
62 43
62 59
62 50
62 58
62 57
62 48
62 51
62 61
63 31
65 59
65 63
65 68
65 51
65 52
65 69
65 61
65 62
65 60
65 53
65 58
66 37
66 36
66 27
66 49
66 30
66 29
66 28
66 32
68 30
68 29
68 26
68 63
68 24
68 28
68 34
71 19
71 21
71 35
71 10
71 54
71 42
71 23
71 34
71 48
71 18
72 63
72 61
74 41
74 33
74 35
74 38
74 42
74 39
74 34
74 40
74 14
74 36
74 51
1 63
1 66
1 61
1 68
1 65
1 72
2 47
2 45
2 23
2 41
2 46
2 22
7 5
7 3
7 9
7 12
7 13
7 10
7 15
7 14
8 58
8 60
10 54
10 56
11 20
14 6
14 13
15 51
15 50
15 49
15 47
15 54
16 72
16 66
16 70
16 69
16 67
17 67
17 68
17 65
18 25
18 23
18 21
20 24
20 23
20 25
21 64
21 65
22 9
24 59
24 54
24 48
25 56
25 51
25 57
25 54
26 55
26 57
27 45
28 65
28 67
28 66
29 14
29 53
29 59
29 55
29 45
29 56
29 31
30 59
30 56
31 47
31 45
33 61
34 70
36 49
36 41
36 59
36 47
36 27
37 6
37 3
37 7
37 14
37 2
37 8
37 4
38 70
39 73
40 60
43 41
43 22
43 31
43 20
43 34
44 16
46 60
47 5
47 33
47 35
47 2
47 6
47 26
47 28
47 24
47 34
48 24
48 26
49 22
49 24
49 21
50 17
50 15
50 28
50 23
51 28
51 36
52 35
52 31
53 74
56 68
56 66
56 70
57 70
57 67
57 68
57 66
58 22
59 22
59 33
59 35
59 24
60 67
61 2
61 3
62 70
63 51
63 58
63 57
63 59
64 42
64 40
65 70
66 31
66 26
66 59
66 58
66 45
66 46
68 23
68 18
68 20
68 16
68 17
68 14
68 15
68 13
68 22
68 8
68 21
69 52
69 50
70 67
70 66
71 57
71 59
71 66
71 67
71 64
71 60
72 10
72 15
72 13
72 12
72 14
73 11
73 12
73 9
3 60
6 30
7 46
7 59
7 39
7 62
7 37
7 57
7 61
7 64
7 51
8 7
10 30
10 49
11 47
11 36
11 41
11 42
16 18
16 22
16 21
16 20
16 15
16 13
17 66
17 63
17 55
17 71
17 56
17 58
17 64
17 57
17 61
17 60
18 45
18 4
18 35
19 62
19 66
19 60
20 71
23 35
23 27
24 35
24 19
24 42
24 53
24 36
24 38
25 71
25 68
25 64
25 65
25 66
25 42
25 67
25 38
25 69
27 16
27 38
28 41
29 58
29 57
30 27
30 24
31 60
31 63
31 59
31 64
31 62
31 61
32 19
32 21
32 65
33 58
33 57
35 4
37 43
37 40
38 69
38 73
38 74
39 70
39 74
39 69
40 30
40 33
43 60
44 73
44 72
44 74
44 62
46 51
46 62
46 49
48 63
48 62
49 26
49 23
51 63
51 68
51 59
51 32
51 21
51 64
51 61
51 49
51 57
51 43
51 38
51 65
51 55
51 23
52 73
53 50
53 47
57 14
58 52
58 49
58 51
59 44
59 48
60 36
60 28
60 33
61 72
61 70
61 66
61 74
63 72
63 66
64 2
64 26
64 20
64 8
64 31
64 3
64 14
64 16
64 28
64 7
64 30
65 64
67 3
67 6
67 5
67 14
67 12
67 1
67 8
67 20
67 7
68 9
68 19
68 10
68 11
69 39
69 44
69 46
69 45
69 40
69 61
69 56
69 62
69 57
69 41
69 42
72 29
74 68
74 46
74 44
74 26
74 60
1 45
2 5
3 2
3 1
4 45
6 4
8 74
9 58
9 60
11 64
11 57
11 43
13 45
14 74
14 72
14 73
15 6
16 37
16 68
16 65
16 58
16 56
16 63
16 49
16 44
16 41
17 69
17 62
19 59
19 53
21 59
24 66
25 1
25 35
25 2
25 31
25 34
25 59
27 57
27 58
28 50
28 63
28 54
29 50
29 54
30 70
31 7
31 9
31 8
31 14
31 12
33 62
33 69
33 65
33 66
33 64
36 43
36 38
38 20
39 65
39 63
39 64
40 20
40 14
40 19
42 45
43 66
43 52
43 16
43 30
43 50
43 33
43 65
43 53
43 49
43 72
43 56
43 59
43 55
43 36
43 51
43 14
43 26
45 8
46 65
46 67
48 34
48 7
48 3
48 23
48 30
48 4
48 12
48 5
48 8
48 15
48 6
48 13
50 29
50 14
50 25
50 20
50 18
51 60
51 47
51 62
52 42
53 31
53 25
54 58
54 56
54 61
54 52
54 57
55 5
55 15
55 3
55 13
55 18
56 53
57 9
59 66
59 62
59 56
60 43
60 63
60 44
60 48
60 45
60 51
60 50
60 47
61 71
62 44
62 30
62 29
62 28
62 31
62 41
62 37
62 25
62 45
62 34
62 42
62 23
67 28
68 35
69 73
70 17
70 18
70 12
70 11
70 9
70 15
70 20
70 13
70 10
70 14
72 24
72 28
73 49
73 59
73 62
74 71
1 33
1 31
1 41
1 35
2 15
2 17
5 62
5 66
5 64
5 46
5 69
5 65
7 27
7 44
13 23
13 21
13 19
14 30
14 31
14 24
16 19
16 23
16 24
16 14
17 59
19 69
20 46
22 61
22 60
23 14
23 15
24 60
28 24
28 27
28 42
28 32
29 74
30 37
30 54
34 32
34 33
34 24
35 5
36 12
36 13
36 9
36 10
36 16
36 11
36 18
36 15
37 23
37 19
37 25
37 18
37 26
37 15
37 28
37 21
37 20
37 24
37 11
39 28
39 1
39 2
39 9
39 3
39 5
39 8
40 72
40 71
41 59
44 20
44 22
44 23
45 61
45 66
45 70
45 72
45 63
45 65
45 71
47 49
47 52
52 66
52 55
52 63
52 62
52 64
53 56
53 10
53 36
53 14
53 44
53 51
53 52
53 9
53 30
53 37
53 24
53 43
53 32
53 38
53 35
53 57
53 48
53 41
53 33
53 40
53 39
53 49
57 19
57 7
57 8
57 10
58 31
61 36
61 37
61 38
61 39
61 22
61 32
62 73
63 32
63 30
63 33
63 40
63 37
64 37
64 33
64 38
64 34
64 39
64 35
69 47
70 60
70 62
70 63
71 20
71 37
71 58
71 17
74 30
74 37
2 65
2 70
2 66
3 20
4 23
4 18
4 24
4 19
4 20
4 21
4 40
4 44
7 50
8 23
8 33
8 14
8 42
8 40
8 53
8 13
8 54
8 35
8 11
12 14
12 15
15 72
15 70
15 46
16 51
22 72
24 57
24 56
26 47
26 70
29 43
31 69
31 72
31 73
33 22
34 30
36 21
36 23
36 22
37 63
37 64
38 12
38 8
39 67
39 66
44 67
48 52
49 67
51 17
52 48
52 67
52 28
52 45
52 49
52 46
52 50
52 70
52 44
54 43
55 70
56 55
56 48
57 62
58 28
59 57
60 42
62 64
63 22
63 21
63 16
63 27
63 12
64 55
64 57
67 58
68 65
70 68
70 72
70 69
73 46
73 42
1 39
1 38
1 37
2 58
2 59
2 57
2 61
2 56
2 62
2 55
4 69
4 71
5 50
6 69
6 70
8 39
8 41
8 48
8 55
8 59
11 32
11 25
11 24
11 10
11 15
11 34
13 27
15 17
15 4
15 10
15 7
15 19
15 18
15 8
15 9
17 10
17 5
17 7
17 3
17 6
17 8
17 4
18 55
18 52
18 57
18 58
19 57
19 63
19 64
19 51
20 70
20 74
24 9
24 18
25 72
25 74
28 19
28 30
28 26
28 14
28 25
28 22
28 16
28 18
28 23
29 23
32 12
32 17
32 15
32 18
32 7
32 8
32 9
32 13
32 5
35 52
35 53
35 51
35 57
39 48
39 44
39 52
39 47
39 46
40 48
41 48
47 54
48 9
49 68
51 6
51 12
51 10
51 11
55 43
55 45
56 63
56 71
56 67
56 64
58 14
58 45
61 60
61 63
61 59
61 64
61 53
62 68
62 66
62 72
62 71
63 24
63 9
66 25
69 17
70 73
70 74
72 9
72 18
72 6
72 20
72 7
72 11
72 8
72 21
72 16
1 9
1 36
1 12
1 8
1 7
1 19
1 26
2 1
3 8
3 9
3 11
3 6
3 33
3 5
3 12
3 32
5 38
5 59
5 39
7 16
7 22
7 20
7 21
11 70
11 68
11 67
12 18
12 28
12 26
12 27
12 25
12 23
12 24
12 21
13 7
14 48
14 38
14 52
14 45
14 44
14 47
14 49
14 51
14 42
14 53
16 40
16 39
16 30
17 1
17 2
18 56
20 50
21 72
23 25
23 7
23 5
23 4
23 6
24 52
25 16
25 30
26 4
26 8
26 5
26 9
27 64
27 66
27 72
27 71
27 61
29 5
31 21
31 17
33 44
34 40
35 25
35 19
35 27
35 15
35 21
35 10
35 20
35 8
37 16
37 27
37 32
37 30
37 36
37 31
37 22
37 1
39 31
39 34
43 39
46 48
47 65
49 69
50 34
50 43
53 61
53 59
53 62
54 59
54 53
54 50
58 73
58 50
58 72
58 71
58 69
58 68
58 67
58 65
58 70
58 66
61 5
62 32
64 66
64 61
65 55
65 54
65 67
68 71
68 66
68 67
69 11
70 64
73 10
73 18
73 15
73 16
73 25
73 14
3 17
3 70
3 68
3 52
5 70
6 38
6 35
7 67
7 58
7 32
7 31
15 73
20 47
20 51
22 7
22 6
22 10
22 12
22 8
22 11
24 71
30 74
30 72
30 73
33 60
33 63
34 21
36 54
44 70
44 50
44 71
44 34
44 21
44 27
44 24
44 47
44 36
46 9
46 13
47 14
51 19
52 17
52 5
52 18
52 1
52 21
52 6
52 3
52 12
52 9
53 17
54 63
54 60
54 64
54 65
55 38
55 36
55 33
56 65
56 43
57 2
57 3
59 28
60 65
64 44
64 70
64 69
64 46
64 71
64 51
64 60
64 73
64 68
64 59
64 67
64 72
65 49
69 58
70 4
70 6
70 8
70 1
70 5
70 19
70 7
70 16
70 2
71 68
71 61
71 62
71 73
71 70
71 69
72 53
74 32
2 64
2 54
2 73
8 4
8 6
8 2
9 12
9 8
12 40
15 30
15 41
15 23
15 43
15 45
15 31
15 32
15 33
15 34
15 42
15 48
16 26
16 25
18 68
18 63
18 69
18 65
18 61
18 62
18 72
18 59
18 67
20 27
20 30
20 22
21 27
22 59
22 13
22 47
24 17
26 71
26 74
26 73
34 68
34 69
35 16
35 18
35 17
35 14
36 57
36 62
36 63
37 34
38 72
40 5
41 51
41 47
41 49
41 53
41 39
41 50
41 46
41 45
41 43
42 13
44 29
44 4
44 1
44 17
44 2
44 9
44 13
44 10
44 3
44 38
44 19
44 28
44 5
44 8
45 5
45 9
45 4
45 6
48 72
50 2
50 3
51 66
54 66
54 70
54 68
54 69
54 67
56 14
57 54
57 48
57 52
57 55
57 53
57 63
60 64
61 33
62 33
62 36
64 41
64 43
68 7
68 12
69 43
71 63
71 65
1 27
3 7
7 23
7 18
7 17
7 19
8 64
10 39
12 73
12 72
14 56
14 37
14 55
14 70
14 50
14 71
16 55
19 71
19 65
19 70
19 68
22 19
22 15
22 20
23 41
25 4
25 3
25 5
26 7
27 31
28 9
28 6
28 8
28 5
31 52
33 15
34 57
34 62
35 55
35 59
37 33
38 7
39 55
41 52
42 11
43 54
47 43
51 13
52 56
53 46
53 68
53 21
53 11
53 65
53 12
53 42
53 66
53 69
55 44
57 56
57 65
57 51
59 71
59 64
62 67
64 47
69 16
71 15
71 16
73 13
73 17
1 29
2 20
2 9
5 68
5 63
5 43
6 67
6 55
6 64
6 61
6 71
6 52
10 61
11 21
11 30
12 16
12 58
12 66
12 71
15 24
18 60
18 64
19 45
21 10
22 16
27 73
28 21
28 17
28 20
29 63
31 5
31 6
31 4
33 20
33 18
34 41
36 72
36 73
36 45
36 53
39 62
39 13
39 6
39 4
43 61
44 51
44 49
57 72
62 12
62 24
62 18
62 15
62 21
62 4
62 10
62 5
62 27
62 16
62 19
62 22
62 3
63 3
63 8
63 2
64 1
64 5
64 21
64 25
