94 6520
1 2
2 3
3 4
4 5
5 6
6 7
7 8
8 9
9 10
10 11
11 12
12 13
13 14
14 15
15 16
16 17
17 18
18 19
19 20
20 21
21 22
22 23
23 24
24 25
25 26
26 27
27 28
28 29
29 30
30 31
31 32
32 33
33 34
34 35
35 36
36 37
37 38
38 39
39 40
40 41
41 42
42 43
43 44
44 45
45 46
46 47
47 48
48 49
49 50
50 51
51 52
52 53
53 54
54 55
55 56
56 57
57 58
58 59
59 60
60 61
61 62
62 63
63 64
64 65
65 66
66 67
67 68
68 69
69 70
70 71
71 72
72 73
73 74
74 75
75 76
76 77
77 78
78 79
79 80
80 81
81 82
82 83
83 84
84 85
85 86
86 87
87 88
88 89
89 90
90 91
91 92
92 93
93 94
94 1
1 71
1 79
1 76
1 69
1 72
1 70
1 77
1 75
3 36
3 35
3 34
3 33
3 32
3 38
4 77
4 90
4 65
4 82
4 91
4 78
4 62
4 79
4 72
4 63
4 75
4 68
4 80
4 59
4 86
4 71
4 93
4 70
5 46
5 35
5 38
5 52
5 40
5 43
5 42
5 41
5 39
5 37
5 48
5 44
6 89
6 90
6 88
6 87
7 53
7 54
7 51
8 40
8 41
9 79
9 80
9 75
9 73
9 61
9 62
9 72
9 67
9 63
9 76
9 60
9 64
9 82
9 69
9 71
9 81
9 78
10 17
10 13
10 25
10 14
10 21
10 12
10 9
10 23
10 18
10 8
10 3
10 16
10 4
11 69
11 78
11 70
11 77
11 68
11 73
11 75
11 74
12 23
12 27
12 41
12 16
12 24
12 31
12 54
12 19
12 14
12 55
12 47
12 45
12 20
12 38
12 34
12 51
12 33
12 40
12 39
12 28
12 22
12 53
12 49
12 43
12 52
12 15
12 44
13 52
13 60
13 41
13 54
13 53
13 69
13 45
13 49
13 46
13 71
13 35
13 39
13 37
13 57
13 58
13 38
13 42
13 68
13 30
13 34
13 67
13 43
13 32
13 65
13 51
14 91
14 85
14 92
14 93
14 84
14 90
14 82
15 60
15 63
15 61
15 64
16 69
16 73
16 63
16 62
16 70
16 60
16 78
16 65
16 68
16 79
16 61
16 57
16 67
16 55
16 71
16 77
16 66
16 81
17 83
17 86
17 88
17 84
17 87
18 17
18 14
18 40
18 15
18 29
18 39
18 13
18 34
18 32
18 38
18 16
18 42
18 43
18 35
18 30
18 36
18 20
18 26
18 28
18 22
19 85
20 77
21 35
21 46
21 41
21 48
21 52
21 49
21 44
21 38
21 39
21 43
21 34
21 37
21 50
21 33
21 36
21 42
22 58
23 80
23 79
23 81
24 47
24 46
25 60
26 60
26 49
26 29
26 59
26 50
26 38
26 35
26 45
26 58
26 46
26 30
26 39
26 36
26 54
26 43
26 44
26 53
26 48
26 34
26 56
26 57
27 86
27 56
27 82
27 64
27 55
27 58
27 48
27 61
27 79
27 62
27 74
27 53
27 72
27 67
27 51
27 57
27 44
27 45
27 75
27 54
27 68
27 85
27 83
27 81
27 77
27 87
27 73
27 60
28 55
28 56
28 52
28 49
28 48
28 65
28 47
28 58
28 60
28 50
28 59
28 51
28 57
28 66
28 46
28 63
29 57
29 64
29 61
29 51
29 69
29 60
29 68
29 59
29 55
29 74
29 52
29 62
29 47
29 71
29 67
29 56
29 73
29 48
30 45
30 38
30 43
30 55
30 22
30 53
30 18
30 33
30 46
30 52
30 34
30 51
30 19
30 20
30 27
30 21
30 39
30 49
30 29
30 32
30 35
30 24
30 40
31 75
31 73
31 77
32 49
32 50
33 4
34 50
34 61
34 51
34 47
34 58
34 56
34 54
34 52
34 46
34 45
34 65
34 42
34 67
34 63
34 57
34 62
34 38
34 48
34 39
35 61
35 52
35 64
35 51
35 69
35 53
35 65
35 62
35 48
35 60
35 55
35 71
35 70
35 49
35 57
35 59
36 70
36 35
36 69
36 76
36 33
36 65
36 38
36 26
36 66
36 68
36 44
36 61
36 40
36 28
36 48
36 47
36 23
36 79
36 60
36 55
36 77
36 39
36 63
36 46
36 62
36 56
36 74
36 73
36 67
36 72
36 64
36 24
36 59
36 78
36 32
36 51
36 54
37 17
37 15
37 18
37 21
38 84
38 80
38 83
38 85
38 81
39 50
39 51
39 48
39 52
41 66
41 64
41 54
41 56
41 83
41 63
41 79
41 70
41 57
41 78
41 77
41 71
41 59
41 58
41 84
41 62
41 76
41 67
41 55
42 69
42 64
42 75
42 71
42 67
42 70
42 74
43 45
44 32
44 29
44 30
45 13
45 5
45 17
45 23
45 15
45 19
45 29
45 25
45 16
45 12
45 14
45 32
45 27
45 7
45 26
45 24
45 20
45 30
45 11
46 44
46 40
46 45
46 42
47 89
47 88
48 93
48 86
48 85
48 80
48 82
48 78
48 77
48 90
48 87
48 75
48 91
49 37
49 40
49 41
49 36
49 43
50 85
50 92
50 87
50 89
50 90
51 83
51 86
51 80
51 88
51 81
51 82
51 91
51 87
51 90
52 56
52 55
52 48
52 50
52 49
53 12
53 16
53 11
53 10
53 5
53 8
53 4
53 15
53 17
53 1
53 9
54 48
54 49
54 50
54 53
54 39
54 74
54 34
54 29
54 37
54 28
54 36
54 41
54 67
54 58
54 40
54 32
54 73
54 57
54 60
54 30
54 56
54 27
54 31
54 69
54 44
54 70
55 27
56 85
56 87
58 36
58 33
58 37
58 38
58 39
59 75
59 83
59 76
59 74
59 73
59 82
59 81
61 56
61 53
61 54
61 78
61 55
61 67
61 74
61 75
61 70
61 63
61 77
61 66
61 71
62 46
62 22
62 17
62 19
62 41
62 61
62 21
62 49
62 25
62 30
62 69
62 31
62 57
62 59
62 32
62 13
62 39
62 64
62 38
62 44
62 68
62 24
62 66
62 15
62 14
62 56
62 20
62 65
62 18
62 16
62 52
62 50
62 45
62 23
64 34
64 38
64 35
64 44
64 67
64 52
64 49
64 22
64 61
64 73
64 56
64 37
64 59
64 60
64 4
64 13
64 72
64 62
64 71
64 21
64 55
64 78
64 50
64 19
64 63
64 45
64 33
64 46
64 14
64 54
64 9
64 53
64 16
64 11
64 66
64 76
64 5
64 29
64 18
64 40
64 47
64 68
64 48
64 10
64 15
64 7
64 41
64 25
65 5
66 82
66 81
66 77
66 75
66 80
66 79
66 84
66 74
66 78
66 73
67 69
68 51
68 79
68 81
68 82
68 53
68 73
68 55
68 66
68 85
68 74
68 62
68 75
68 41
68 57
68 59
68 49
68 64
68 54
68 48
68 84
68 44
68 65
68 72
68 40
68 39
68 78
68 76
68 47
68 45
68 77
68 60
69 84
69 85
71 28
71 27
71 23
71 17
71 26
71 29
71 25
71 21
72 33
72 32
72 39
72 30
72 38
72 31
72 42
72 34
72 35
73 75
73 84
73 71
73 77
73 79
73 82
73 78
73 81
75 40
75 41
75 43
75 44
76 63
76 50
76 55
76 61
76 70
76 56
76 68
76 58
76 57
76 60
76 52
76 51
76 66
77 24
77 31
77 23
77 21
77 39
77 29
77 28
77 33
77 25
77 27
77 34
77 41
77 30
77 37
78 66
78 74
78 75
78 73
78 70
78 69
79 63
79 65
80 89
80 91
80 92
80 88
81 39
81 36
81 40
81 25
81 31
81 37
81 33
81 22
81 26
81 44
81 24
81 34
81 38
81 27
81 42
82 58
82 53
82 57
82 60
82 59
83 26
83 23
83 24
83 35
83 30
83 33
84 75
84 79
84 91
84 82
84 78
84 89
84 73
84 72
84 77
85 81
85 79
85 75
85 76
85 82
85 84
86 57
86 44
86 68
86 72
86 74
86 42
86 69
86 43
86 50
86 53
86 76
86 65
86 52
86 55
86 67
86 59
86 61
86 75
86 66
86 54
86 48
86 71
87 86
88 69
88 72
88 81
88 61
88 71
88 56
88 67
88 77
88 78
88 75
88 65
88 59
88 63
88 64
88 70
88 53
89 55
89 59
89 46
89 58
89 53
89 43
89 47
89 40
89 57
89 45
89 52
90 94
91 28
91 40
91 27
91 60
91 49
91 18
91 34
91 51
91 29
91 52
91 44
91 53
91 15
91 47
91 37
91 30
91 25
91 59
91 33
91 41
91 54
91 23
91 16
91 58
91 39
91 46
91 55
92 75
92 77
92 76
93 75
93 78
93 73
93 77
93 72
93 81
94 72
94 60
94 59
94 75
94 64
94 74
94 62
94 70
94 69
94 67
94 73
1 64
1 62
1 63
2 61
2 59
2 69
2 39
2 38
2 37
2 67
2 32
2 55
2 40
2 52
2 45
2 47
2 51
2 41
2 34
2 35
2 70
2 46
2 56
2 49
2 58
2 42
2 53
3 37
3 22
3 46
3 45
3 21
3 24
3 50
3 43
3 44
3 47
3 40
3 28
3 29
3 27
3 31
3 42
4 40
4 38
4 41
4 44
4 43
4 45
4 32
4 31
4 33
4 46
4 34
5 73
5 65
5 72
5 75
5 71
5 62
5 54
5 59
5 76
5 79
5 69
5 70
5 77
5 58
5 66
5 55
5 61
5 67
6 82
6 81
6 77
6 76
7 28
7 30
7 49
7 45
7 61
7 44
7 65
7 33
7 63
7 66
7 25
7 58
7 27
7 60
7 67
7 75
7 47
7 26
7 70
7 37
7 29
7 36
7 71
7 35
7 46
7 74
7 64
7 34
7 73
7 52
7 41
7 48
7 40
7 42
7 38
7 50
8 34
8 21
8 20
8 23
8 37
8 32
8 38
8 26
8 33
8 30
8 29
8 16
9 84
10 41
10 38
10 40
10 36
10 35
11 15
11 22
11 20
11 29
11 28
11 16
11 25
11 24
11 18
12 78
12 79
12 80
12 83
12 82
13 86
13 87
13 84
13 80
13 79
13 77
13 78
15 66
15 56
15 58
15 59
15 67
15 52
16 47
16 49
16 40
16 37
16 59
16 36
16 34
16 52
16 39
16 35
16 58
16 46
16 56
16 32
16 51
17 72
17 40
17 41
17 56
17 66
17 58
17 77
17 44
17 79
17 53
17 80
17 85
17 54
17 81
17 29
17 61
17 27
17 31
17 35
17 57
17 45
17 78
17 60
17 32
17 49
17 38
17 21
17 28
17 52
17 59
17 48
17 63
17 26
17 20
17 71
17 76
17 22
17 64
17 43
17 75
17 74
17 50
17 55
17 65
17 39
18 94
19 49
19 48
20 90
20 88
21 62
21 59
21 60
21 56
22 35
22 10
22 46
22 16
22 37
22 28
22 49
22 51
22 25
22 24
22 45
22 11
22 27
22 44
22 52
22 29
22 20
22 15
22 33
22 17
22 18
22 36
22 14
22 30
22 21
22 13
23 10
23 13
23 16
23 14
23 15
24 69
24 73
24 75
24 72
24 74
24 68
24 70
24 71
24 67
25 80
25 79
27 38
27 37
27 35
27 39
28 73
28 69
28 71
29 80
29 78
29 81
29 82
30 37
31 61
31 81
31 65
31 93
31 71
31 80
31 94
31 89
31 87
31 72
31 63
31 83
31 70
31 82
31 84
31 85
31 67
31 66
31 64
31 76
31 68
31 88
31 79
32 54
32 78
32 67
32 84
32 68
32 79
32 72
32 86
32 81
32 53
32 62
32 69
32 85
32 34
32 59
32 28
32 60
32 63
32 56
32 80
32 52
32 51
32 73
32 27
32 35
32 88
32 41
32 82
32 71
32 61
32 75
32 57
32 46
32 65
32 29
32 55
32 74
33 15
33 16
33 8
33 17
33 10
33 11
33 13
34 40
34 43
35 72
35 73
35 82
35 77
35 76
35 80
35 78
35 74
35 75
35 83
36 71
37 90
37 91
38 18
38 21
38 27
38 16
38 34
38 17
38 15
38 11
38 23
38 35
38 25
38 14
38 12
38 7
38 10
38 24
38 9
38 30
38 19
39 92
39 91
40 53
40 52
40 51
40 54
41 74
41 80
41 73
41 75
42 36
42 44
42 54
42 48
42 23
42 37
42 29
42 30
42 49
42 45
42 40
42 52
42 57
42 62
42 53
42 55
42 56
42 28
42 33
42 58
42 51
42 32
42 26
42 27
42 60
42 47
42 41
42 31
43 35
43 51
43 38
43 42
43 52
43 46
43 47
43 41
43 55
43 36
43 54
43 53
44 81
44 89
44 83
44 86
44 84
44 80
44 88
44 87
45 79
45 76
45 77
45 75
45 72
46 73
46 74
46 77
46 86
46 43
46 51
46 85
46 53
46 72
46 78
46 81
46 52
46 56
46 55
46 64
46 75
46 60
46 66
46 76
46 62
46 49
46 69
46 68
46 59
46 58
46 54
47 31
47 32
47 29
48 56
48 58
48 45
48 50
48 54
48 44
48 57
48 47
48 43
48 52
48 53
48 51
50 91
51 31
51 27
51 32
51 38
51 30
51 24
51 28
51 37
51 33
51 25
51 40
51 42
52 70
52 65
52 42
52 69
52 43
52 77
52 68
52 66
52 58
52 64
52 45
52 73
52 80
52 63
52 60
52 76
52 61
52 71
52 74
52 62
53 20
53 22
53 21
53 29
53 31
53 27
53 18
53 25
53 24
53 33
53 28
53 26
54 12
56 61
56 54
56 73
56 66
56 77
56 78
56 65
56 71
56 67
56 60
56 70
56 53
56 63
56 58
56 64
56 75
56 72
56 50
57 82
57 71
57 73
57 76
57 79
57 72
57 81
57 74
58 86
59 78
59 77
59 80
59 71
59 85
60 24
60 51
60 7
60 31
60 53
60 40
60 42
60 36
60 38
60 17
60 46
60 33
60 32
60 18
60 23
60 52
60 6
60 26
60 27
60 19
60 12
60 37
60 44
60 9
60 29
60 25
60 43
60 49
60 16
60 11
60 15
60 21
60 48
60 55
61 15
61 21
61 24
61 22
61 16
61 19
63 25
64 43
65 43
65 45
65 50
65 47
65 44
65 49
65 41
65 48
66 64
66 57
66 68
66 55
66 60
66 54
66 63
66 71
66 65
66 53
66 45
66 69
66 51
66 49
66 58
66 47
67 80
67 82
68 33
68 38
68 26
68 29
68 27
68 37
68 56
68 4
68 42
68 10
68 8
68 25
68 46
68 11
68 58
68 19
68 6
68 52
68 18
68 5
68 9
68 35
68 32
68 3
68 30
68 31
68 23
68 61
69 49
69 72
69 74
69 66
69 76
69 79
69 58
69 43
69 47
69 75
69 56
69 46
69 78
69 60
69 82
69 65
69 87
69 68
69 80
69 63
69 52
69 51
69 73
69 71
69 64
69 44
69 62
69 57
70 60
70 58
71 12
71 19
71 8
71 10
71 9
71 14
71 13
71 15
71 6
72 53
73 37
73 41
73 29
73 36
73 34
73 39
73 31
73 35
73 43
74 58
74 51
74 55
74 46
74 43
74 42
74 61
74 59
74 45
74 54
74 49
74 52
74 47
74 53
75 47
75 36
75 54
75 53
75 37
75 55
75 59
75 35
75 50
75 45
75 49
75 48
75 57
76 15
76 22
76 14
76 25
76 23
76 20
76 16
76 24
76 13
76 11
77 76
77 57
77 75
77 63
77 83
77 79
77 64
77 59
77 74
77 60
77 69
77 61
77 65
77 71
77 72
77 66
78 72
79 50
79 52
80 66
80 75
80 53
80 65
80 79
80 50
80 70
80 71
80 52
80 59
80 55
80 68
80 72
80 51
80 56
80 60
80 73
80 69
80 61
81 93
82 36
82 49
82 31
82 46
82 25
82 22
82 52
82 42
82 28
82 38
82 44
82 54
82 24
82 30
82 50
82 43
82 41
82 34
82 45
82 23
83 89
83 88
83 90
84 23
84 20
84 24
84 30
84 26
84 29
84 31
84 32
84 25
85 25
85 29
85 23
85 31
85 21
85 28
85 27
85 22
86 92
86 85
86 93
86 89
86 90
86 77
87 53
87 62
87 66
87 57
87 61
87 67
87 65
87 55
87 54
87 63
88 50
88 54
88 52
88 58
88 60
89 69
89 67
89 77
89 75
89 68
89 73
89 74
89 71
89 72
89 66
89 76
89 64
89 65
90 68
90 60
90 71
90 67
90 65
90 73
90 57
90 70
90 58
90 56
90 61
90 69
90 55
90 59
91 75
91 68
91 64
91 69
91 74
91 66
91 63
91 65
91 70
92 13
92 11
92 14
92 19
92 23
92 12
92 22
92 9
92 17
92 24
92 16
92 18
92 25
92 28
93 44
93 42
93 45
94 27
94 25
94 26
1 52
1 55
1 57
1 53
3 20
3 23
3 17
4 30
6 48
6 47
6 64
6 55
6 57
6 52
6 58
6 83
6 65
6 54
6 53
6 51
6 73
6 68
6 56
6 44
6 91
6 63
6 59
6 71
6 80
6 74
6 43
7 86
7 88
7 87
7 89
8 51
8 54
8 55
8 47
8 57
8 53
8 49
8 52
9 74
9 77
10 60
10 71
10 75
10 77
10 78
10 61
10 74
10 65
10 69
10 58
10 63
10 59
10 50
10 48
10 56
10 76
10 52
10 68
10 47
10 49
10 51
10 54
11 14
11 31
11 19
11 33
11 38
11 36
11 32
11 37
11 26
12 77
12 11
12 48
12 32
12 36
12 88
12 84
12 62
12 90
12 74
12 29
12 26
12 81
12 87
12 30
12 66
12 10
12 65
12 89
12 9
12 58
12 35
12 42
12 59
12 18
12 50
12 76
12 69
12 57
12 63
12 72
12 71
12 8
13 18
13 22
13 24
13 19
13 25
13 21
13 16
13 20
13 11
14 63
14 60
14 62
14 61
16 72
16 82
16 85
16 80
16 83
16 76
16 74
17 82
18 61
18 58
18 60
18 75
18 71
18 74
18 62
18 59
18 67
18 64
18 56
18 69
18 66
18 63
18 68
18 72
18 70
19 65
19 53
19 37
19 58
19 61
19 42
19 47
19 43
19 44
19 55
19 45
19 63
19 38
19 57
19 46
19 56
19 39
19 60
20 2
20 3
20 6
20 7
20 9
20 11
20 8
21 82
21 80
21 79
21 84
21 92
21 90
21 94
21 83
21 91
21 78
21 88
22 89
22 87
22 90
23 37
23 33
23 28
23 27
23 35
23 32
23 30
23 34
23 26
23 31
23 29
24 63
24 78
24 76
24 64
24 65
25 74
25 47
25 50
25 83
25 61
25 54
25 32
25 65
25 51
25 34
25 43
25 29
25 37
25 75
25 82
25 44
25 58
25 67
25 84
25 63
25 64
25 62
25 48
25 53
25 28
25 30
25 42
25 40
25 36
25 31
25 33
25 78
25 45
26 70
28 93
29 28
29 40
29 27
29 42
29 18
29 24
29 46
29 41
29 20
29 36
29 50
29 19
29 17
29 49
29 21
29 39
29 31
29 45
29 37
29 43
30 44
30 36
30 41
30 42
30 28
31 43
31 47
31 42
31 41
31 45
33 22
33 23
33 26
33 20
34 81
34 83
34 74
34 76
34 78
34 82
34 77
34 84
34 73
34 69
34 80
35 81
36 49
36 50
36 53
36 45
37 89
37 88
38 74
39 46
39 35
39 32
39 42
39 33
39 47
39 41
39 38
39 36
39 34
39 45
40 65
40 79
40 61
40 80
40 72
40 78
40 67
40 62
40 77
40 76
40 74
40 63
40 68
40 73
41 68
41 89
41 72
41 86
41 88
41 90
41 87
41 91
42 93
43 91
44 71
44 64
44 82
44 65
44 72
44 62
44 79
44 70
44 48
44 68
44 56
44 75
44 67
44 50
44 73
44 61
44 57
44 78
44 49
44 55
44 54
44 59
45 39
45 40
46 27
46 32
46 26
46 31
47 43
47 39
47 41
49 39
49 38
49 42
50 79
50 73
50 74
50 80
50 56
50 59
50 65
50 75
50 69
50 57
50 55
50 77
50 64
50 70
50 76
50 78
50 63
51 84
52 36
52 33
52 22
52 28
52 24
52 30
52 41
52 32
52 40
52 25
52 37
52 39
52 38
52 31
52 35
52 18
52 47
52 19
52 46
52 44
52 27
53 30
53 40
53 42
53 37
53 49
53 41
53 48
53 50
53 32
53 46
53 47
53 52
54 72
54 80
54 68
54 76
54 65
54 66
54 63
54 59
54 71
54 75
54 61
54 78
54 84
55 50
55 45
55 54
55 48
55 49
55 47
55 53
56 10
56 6
56 8
56 5
57 37
57 39
57 35
57 38
58 69
58 52
58 26
58 66
58 49
58 50
58 79
58 34
58 44
58 72
58 67
58 46
58 28
58 61
58 29
58 64
58 77
58 41
58 82
58 31
58 35
58 40
58 48
58 54
58 80
58 43
58 55
58 32
58 71
58 57
58 65
58 62
58 70
58 47
58 68
58 83
59 79
59 84
60 54
60 34
60 50
60 59
60 57
60 47
60 30
61 90
61 93
61 86
61 87
61 82
61 88
61 81
61 84
63 67
63 72
63 73
63 71
63 68
63 75
64 74
64 77
64 79
64 75
64 82
65 84
65 85
66 76
67 43
67 59
67 51
67 63
67 48
67 41
67 55
67 42
67 49
67 37
67 47
67 52
67 65
67 53
67 45
67 44
67 61
68 63
68 28
68 43
68 67
68 71
70 57
70 72
70 21
70 51
70 46
70 73
70 78
70 62
70 47
70 24
70 25
70 16
70 18
70 48
70 82
70 64
70 29
70 15
70 75
70 44
70 37
70 30
70 20
70 69
70 76
70 35
70 22
70 17
70 45
70 43
70 91
70 31
70 61
70 19
70 32
70 56
70 55
70 27
70 33
70 28
70 80
70 52
70 49
70 36
70 40
70 38
71 67
71 62
71 66
72 66
72 67
72 61
72 62
73 72
73 68
74 80
74 70
74 76
74 65
74 71
74 67
74 44
74 60
74 72
74 79
74 62
74 68
74 69
74 48
74 64
74 57
74 50
75 67
75 51
75 87
75 38
75 73
75 88
75 83
75 85
75 80
75 72
75 79
75 81
75 39
75 62
75 70
75 61
75 77
75 56
75 52
75 58
75 63
75 84
75 74
76 18
76 19
78 57
78 60
78 63
78 44
78 67
78 65
78 55
78 45
78 49
78 46
78 71
78 76
78 58
78 64
78 56
78 61
78 77
78 51
78 54
78 48
79 77
79 84
79 82
79 83
80 64
80 63
80 62
81 45
81 62
81 43
81 67
81 53
81 47
81 70
81 61
81 74
81 72
81 50
81 59
81 76
81 75
81 41
81 48
81 60
81 56
81 54
81 73
83 10
83 7
83 5
83 2
84 76
84 74
84 83
87 74
87 60
87 71
87 76
87 69
87 59
87 56
87 51
87 75
88 17
88 12
88 14
88 15
89 19
90 76
90 79
90 80
91 45
91 35
91 21
91 36
91 56
91 31
91 57
91 43
91 22
91 42
92 85
92 87
93 28
93 24
93 20
93 11
93 12
93 22
93 13
93 17
93 25
93 23
93 29
93 9
93 34
93 31
93 27
93 36
93 33
94 83
94 77
94 79
94 76
94 81
94 86
94 85
94 93
94 78
94 87
1 65
1 44
1 47
1 45
1 87
1 81
1 46
1 43
1 84
1 50
1 61
1 59
1 82
1 41
1 78
1 85
1 86
1 42
1 54
1 68
1 66
1 67
1 60
3 30
4 55
4 22
4 26
4 18
4 21
4 60
4 24
4 47
4 53
4 35
4 15
4 52
4 25
4 49
4 42
4 51
4 50
4 16
4 39
4 48
4 13
4 29
4 56
5 31
5 22
5 23
5 32
5 29
5 27
5 34
5 30
5 26
6 78
6 79
7 90
7 92
7 91
8 13
8 17
8 19
8 12
9 92
9 87
9 90
9 85
10 55
10 53
10 62
10 66
10 67
10 57
11 57
11 64
11 72
11 58
11 80
11 62
11 67
11 61
11 76
11 81
11 71
11 79
12 67
12 68
13 28
13 48
13 23
13 36
13 33
13 29
13 26
13 50
14 58
14 64
14 65
14 55
14 51
14 48
14 49
14 71
14 52
14 50
14 68
14 57
14 47
14 56
15 18
15 17
16 42
16 29
16 27
16 23
16 24
16 22
16 50
16 31
16 33
16 53
16 45
16 21
16 54
16 41
16 26
17 68
18 48
18 47
18 49
18 50
18 44
18 46
19 18
19 25
19 26
19 24
19 23
19 21
20 71
20 69
20 67
20 75
20 80
20 78
20 61
20 79
20 68
20 62
20 64
20 76
20 74
20 72
20 63
23 76
23 84
23 82
23 74
23 77
25 39
25 46
25 41
26 79
26 61
26 89
26 86
26 77
26 82
26 87
26 71
26 40
26 72
26 88
26 63
26 73
26 78
26 65
26 51
26 69
26 41
26 90
26 85
26 75
26 52
26 47
27 89
27 88
28 16
29 54
30 47
30 57
31 57
31 55
31 60
31 51
31 54
31 50
31 58
31 62
31 48
31 53
32 47
32 25
32 20
32 90
32 66
32 58
32 42
32 76
32 77
32 43
32 21
32 48
32 89
32 30
33 29
33 24
33 30
33 27
33 31
33 19
33 32
34 85
34 87
34 70
34 71
34 88
34 72
35 17
35 30
35 26
35 10
35 18
35 7
35 28
35 25
35 43
35 39
35 37
35 38
35 54
35 68
35 20
35 31
35 46
35 12
35 40
35 24
35 21
35 32
35 33
35 56
35 14
35 58
35 19
35 15
35 8
35 11
35 22
36 57
36 58
37 56
37 52
37 55
37 50
37 57
37 48
38 46
38 29
38 43
38 37
38 42
38 32
38 49
38 33
38 41
38 28
38 26
38 44
39 62
39 61
39 59
39 70
39 60
39 64
39 73
39 63
39 58
39 72
39 66
40 25
40 47
40 8
40 21
40 29
40 7
40 24
40 43
40 13
40 46
40 26
40 30
40 38
40 44
40 36
40 11
40 12
40 20
40 10
40 17
40 28
40 18
40 14
40 22
40 37
40 32
40 35
41 25
41 11
41 13
41 22
41 26
41 17
41 15
41 12
41 24
41 20
41 14
42 78
42 87
42 76
42 88
42 89
42 86
42 73
42 77
42 80
42 85
42 81
44 53
47 92
48 63
48 73
48 70
48 67
48 68
48 69
48 71
48 72
48 62
49 87
49 89
50 62
50 82
50 83
50 71
50 81
50 72
51 72
51 65
51 64
51 69
51 66
51 67
51 68
52 34
52 29
53 35
53 43
53 36
53 39
53 45
54 15
54 35
54 25
54 52
54 19
54 77
54 16
54 64
54 45
54 14
54 21
54 62
54 20
54 23
55 36
55 32
55 38
55 35
55 33
56 91
56 90
56 86
56 88
57 12
57 8
57 7
57 13
57 10
57 17
57 15
59 87
59 86
59 90
60 94
61 40
61 49
61 52
61 37
61 38
61 45
61 34
61 51
61 29
61 39
61 50
61 41
61 32
61 58
61 46
61 33
61 36
61 31
62 75
62 82
62 76
62 71
62 81
62 70
62 85
62 74
62 72
62 73
63 32
63 31
64 83
64 91
64 86
64 89
65 81
65 71
65 78
65 88
65 70
65 74
65 86
65 79
65 75
66 42
66 41
66 46
66 61
66 62
66 40
66 52
67 57
67 58
67 66
67 64
67 35
67 32
67 38
67 73
67 74
67 70
67 72
67 50
67 31
70 68
70 81
70 67
70 89
70 79
70 90
70 77
70 84
70 88
70 86
70 87
70 85
70 74
71 92
71 93
73 27
73 28
74 63
74 56
75 28
75 26
75 23
75 29
75 21
76 5
76 7
76 6
77 53
78 33
78 38
78 34
78 29
78 43
78 41
78 35
78 32
78 36
78 31
79 58
79 59
80 37
80 34
80 38
80 42
80 40
80 43
80 48
81 52
81 49
82 92
82 94
83 59
83 71
83 70
83 67
83 72
83 73
83 76
83 74
83 75
83 68
83 56
83 66
83 60
83 55
83 77
83 62
84 17
84 16
84 7
84 13
84 11
84 5
84 21
84 22
84 14
84 10
84 9
84 18
85 49
85 40
85 37
85 46
85 43
85 24
85 54
85 47
85 30
85 18
85 45
85 32
85 33
85 42
85 19
85 44
85 20
85 53
86 35
86 32
86 29
86 60
86 37
86 58
86 46
86 41
86 38
86 34
86 33
86 45
86 47
87 13
87 11
87 8
87 9
87 12
87 6
89 38
89 63
89 42
89 33
89 51
89 61
89 62
89 44
89 60
89 41
89 49
89 54
89 31
89 39
89 35
90 75
90 74
91 88
91 90
91 89
92 5
92 6
93 79
93 80
94 63
94 51
94 58
94 54
94 66
94 55
94 52
94 61
94 68
94 65
2 18
2 24
2 26
2 16
2 36
2 20
2 17
2 13
2 11
2 43
2 29
2 12
2 5
2 23
2 31
2 30
2 6
2 19
3 81
3 77
3 75
3 85
3 84
3 87
3 82
3 74
3 83
4 66
4 20
4 61
4 28
4 37
4 23
4 67
4 57
4 73
5 15
5 4
5 8
5 12
5 14
5 9
5 10
6 66
6 62
6 67
6 45
6 75
6 61
6 49
6 86
6 60
6 39
6 40
6 42
7 21
7 23
7 24
7 20
8 78
8 75
8 80
8 64
8 72
8 76
8 63
8 79
8 71
8 66
8 77
9 88
9 86
9 83
10 79
10 83
10 80
10 84
10 85
10 70
10 82
10 86
11 66
11 65
12 70
12 61
12 64
14 67
14 72
14 70
15 53
15 54
15 84
15 69
15 86
15 85
15 87
15 81
15 79
15 88
15 82
15 75
15 72
15 55
15 76
15 92
15 62
15 51
15 89
15 65
15 90
15 80
16 18
16 44
16 43
16 19
18 51
19 12
19 34
19 8
19 13
19 33
19 10
19 31
19 4
19 16
19 9
19 15
19 17
19 2
19 30
19 27
19 5
19 11
19 22
19 28
19 29
20 59
20 51
20 57
20 44
20 55
20 41
20 36
20 33
20 50
20 52
20 53
20 45
20 34
20 43
20 49
20 46
20 38
20 54
20 29
22 41
22 54
22 53
22 48
22 43
22 50
22 55
23 90
23 93
23 92
23 94
25 76
26 11
26 66
26 32
26 64
26 23
26 76
26 19
26 10
26 24
26 13
26 31
26 16
26 12
26 25
26 67
26 80
26 62
26 55
26 8
26 68
26 33
26 74
27 12
27 1
27 11
27 6
27 3
27 10
27 2
28 81
28 82
30 88
30 86
30 85
30 90
30 87
31 44
31 33
31 27
31 74
31 24
31 26
31 52
31 38
31 35
31 29
31 25
31 23
32 92
32 93
33 28
33 21
33 25
35 94
36 30
36 43
36 52
36 41
36 34
36 42
36 27
39 16
39 18
39 14
39 10
39 13
39 11
40 33
40 48
40 50
40 55
40 45
40 42
41 61
41 48
41 40
41 50
41 44
41 47
41 52
41 49
41 46
41 39
41 43
42 68
42 61
42 66
42 59
43 61
43 68
43 56
43 82
43 60
43 59
43 70
43 63
43 73
43 78
43 58
43 72
43 84
43 66
43 67
43 69
43 76
44 74
44 76
45 31
45 28
46 79
46 83
46 57
46 80
46 84
46 67
46 63
46 71
47 68
47 71
47 69
47 72
47 70
48 81
48 88
48 83
48 89
48 84
49 7
49 8
50 67
50 60
50 66
50 58
51 53
51 54
51 55
52 14
52 20
52 5
52 23
52 17
52 10
52 4
52 9
52 13
52 12
52 2
52 16
53 87
53 84
53 89
53 85
53 86
55 60
55 52
55 43
55 74
55 65
55 61
55 70
55 62
55 57
55 63
55 73
55 68
55 69
55 59
55 58
55 64
56 59
56 68
56 55
56 81
56 74
56 62
56 69
56 76
56 84
56 80
57 66
57 85
57 59
57 56
57 68
57 54
57 75
57 62
57 67
57 63
57 64
57 77
57 86
57 83
57 88
58 92
58 94
58 93
59 27
59 26
60 56
60 63
60 64
62 53
62 47
62 54
62 48
63 78
63 76
63 80
64 2
64 3
65 82
65 83
65 87
68 91
68 89
68 88
68 92
69 12
69 23
69 35
69 9
69 19
69 41
69 10
69 59
69 7
69 30
69 26
69 27
69 29
69 36
69 40
69 33
69 37
69 39
69 42
69 20
69 25
69 3
69 6
69 50
69 32
69 54
69 22
69 38
69 31
69 34
69 5
69 15
69 28
69 4
69 53
70 26
70 41
70 50
70 42
70 39
70 14
70 53
71 20
71 16
71 18
71 24
72 76
72 70
72 77
72 75
72 74
72 71
72 69
72 65
73 85
73 83
73 86
74 31
74 41
74 36
74 37
74 34
74 33
74 35
74 30
75 71
75 69
75 78
75 66
75 82
75 65
76 78
76 80
76 85
76 83
76 86
78 39
79 76
79 48
79 39
79 60
79 89
79 75
79 35
79 78
79 64
79 67
79 72
79 36
79 40
79 38
79 47
79 55
79 34
79 54
79 61
79 51
79 68
79 42
79 90
79 45
79 41
79 91
79 86
79 62
79 44
79 85
79 74
79 87
79 88
79 49
80 44
80 57
80 41
80 39
80 35
80 46
80 54
80 58
80 49
81 64
81 68
81 66
81 58
84 94
85 83
85 87
86 24
86 25
86 31
86 6
86 36
86 27
86 23
86 51
86 21
86 10
86 28
86 7
86 5
86 16
86 20
86 22
86 14
86 11
87 83
87 78
87 77
87 82
87 79
88 94
89 82
89 81
89 84
91 85
91 80
91 86
91 79
91 81
92 64
93 62
93 63
94 39
94 35
94 57
94 38
94 49
94 37
94 44
94 50
94 32
94 16
94 42
94 28
94 71
94 19
94 20
94 31
94 47
94 18
94 45
94 33
94 43
94 48
94 40
1 74
1 80
1 48
1 49
1 83
1 58
2 50
2 44
2 28
2 33
2 27
2 60
2 64
3 25
3 26
3 16
3 19
4 89
4 84
4 83
4 76
4 85
4 81
5 80
5 74
5 82
5 78
5 60
5 63
5 81
5 68
6 46
6 41
6 28
6 22
6 32
6 30
6 36
6 21
6 34
6 38
6 26
6 27
6 29
6 23
6 25
7 43
8 36
8 42
8 44
8 39
8 45
8 46
8 48
9 13
9 14
9 16
9 11
10 88
11 39
11 42
11 35
12 75
12 73
13 47
13 56
13 55
14 7
14 6
14 4
15 91
16 25
16 38
16 30
16 28
17 67
17 69
18 37
18 78
18 54
18 53
18 76
18 82
18 79
18 73
18 55
18 83
18 52
19 6
19 7
19 36
19 40
19 41
19 14
20 18
20 39
20 17
20 26
20 30
20 22
20 42
20 19
20 23
20 27
20 32
21 40
22 62
22 74
22 77
22 69
22 73
22 79
22 66
22 75
22 67
22 61
22 81
22 63
22 72
22 71
23 52
23 53
23 57
23 56
24 31
24 32
24 34
26 28
26 42
26 37
27 49
28 77
28 85
28 76
28 83
28 87
28 84
28 86
29 72
29 77
29 87
29 83
29 84
29 75
29 85
29 90
29 76
29 89
29 86
30 59
30 61
30 50
30 58
30 62
30 60
30 54
32 31
32 45
32 26
32 40
32 37
32 44
33 14
34 33
34 28
34 27
34 32
34 31
34 24
35 9
35 13
38 75
38 78
39 67
41 21
41 23
41 10
41 8
41 16
41 18
43 57
44 66
45 85
45 82
45 81
45 86
46 15
46 11
46 10
46 7
46 13
46 25
46 12
46 20
46 22
46 16
46 8
46 19
46 23
46 24
47 73
47 59
47 38
47 42
47 61
47 77
47 46
47 33
47 66
47 63
47 78
47 40
47 34
47 67
47 74
47 57
47 49
47 35
47 51
47 76
47 81
47 82
48 66
48 64
50 10
50 4
50 8
51 61
51 29
51 56
51 35
51 57
51 39
51 34
51 26
51 46
51 43
51 59
51 23
51 49
51 62
51 45
53 55
54 26
54 33
54 46
54 38
54 43
54 22
54 42
55 34
55 37
55 39
56 82
57 36
58 30
58 27
58 22
58 20
58 21
58 45
59 35
59 34
59 23
59 18
59 15
59 38
59 25
59 21
59 39
59 7
59 6
59 4
59 24
59 37
59 9
59 14
59 19
59 10
59 17
59 22
60 90
60 92
60 88
60 89
60 87
61 72
62 51
63 84
63 85
63 79
63 83
63 90
63 82
63 89
66 70
67 46
67 34
67 36
67 40
70 93
71 50
71 46
71 65
71 52
71 77
71 40
71 60
71 34
71 48
71 74
71 64
71 63
71 51
71 54
71 45
71 41
71 69
71 68
71 38
71 33
71 57
71 59
71 49
71 55
71 35
72 45
72 78
72 51
72 41
72 54
72 37
72 81
72 83
72 57
72 80
72 59
72 60
72 52
72 43
72 85
72 87
72 56
72 79
72 63
72 68
72 86
72 64
73 76
73 80
73 87
75 42
75 17
75 22
75 33
75 19
75 25
75 15
75 31
75 18
75 20
75 13
75 24
75 27
75 16
76 8
76 4
76 3
77 51
77 46
77 42
77 49
77 48
77 52
77 44
77 54
77 56
77 55
78 50
78 53
79 46
80 19
80 15
80 18
80 11
80 20
80 17
80 13
81 51
81 63
81 55
81 65
81 46
82 79
82 81
83 48
84 19
84 33
84 15
84 36
85 89
85 90
85 77
85 91
85 80
86 40
87 80
87 89
87 85
87 70
87 68
88 31
88 41
88 44
88 30
88 45
88 47
88 43
88 46
88 34
88 28
88 29
88 40
88 38
88 33
88 32
88 37
88 35
88 36
89 92
89 94
90 12
90 21
90 18
90 15
90 16
90 20
90 11
90 13
92 81
92 79
94 13
94 41
94 22
94 15
94 34
94 30
94 24
94 29
94 23
1 73
1 51
2 81
2 63
2 74
2 71
2 82
2 78
2 80
2 79
2 83
2 77
2 66
2 73
2 72
2 76
3 6
3 5
3 2
3 13
3 10
3 12
4 12
7 14
7 13
7 16
7 10
7 15
7 18
7 6
7 12
8 60
8 61
8 43
8 58
8 56
8 31
8 35
9 65
11 10
11 9
11 17
13 74
13 82
13 89
13 83
13 81
13 85
13 76
13 92
14 53
14 45
14 44
14 43
15 83
16 48
18 80
20 58
20 56
22 2
22 3
22 4
23 44
23 41
23 58
23 38
23 54
23 55
23 47
23 36
23 39
23 42
23 49
23 51
24 79
26 14
26 15
26 22
26 20
26 21
26 18
27 69
27 71
27 65
27 70
28 80
28 91
28 79
28 90
28 88
28 78
30 78
30 84
30 79
32 64
32 70
33 72
33 65
33 76
33 51
33 74
33 71
33 39
33 43
33 77
33 50
33 68
33 81
33 48
33 58
33 56
33 79
33 49
33 45
33 55
33 47
33 41
33 67
33 78
33 80
33 44
33 42
33 54
33 69
34 75
34 79
35 47
35 23
35 42
35 45
35 29
35 41
35 50
35 27
35 16
36 80
36 86
36 75
36 91
36 87
36 85
36 83
36 90
36 88
36 84
37 44
37 43
37 33
37 47
37 35
37 32
37 40
37 34
37 45
37 41
39 37
39 44
39 30
39 43
39 49
40 89
40 88
41 69
42 90
42 92
44 43
44 41
44 46
44 40
44 47
45 49
45 51
45 2
45 41
45 50
45 43
45 47
45 56
45 42
45 38
45 36
45 53
45 4
45 18
45 8
45 35
45 55
45 9
45 6
45 57
45 22
45 52
46 65
46 70
46 48
47 60
48 34
49 66
49 60
49 62
49 61
49 59
49 58
49 65
49 64
49 63
50 47
50 53
50 61
50 54
50 52
50 48
52 79
52 78
53 57
53 65
53 60
53 44
53 56
53 59
53 66
53 61
53 23
53 51
53 64
53 38
53 34
54 10
54 5
54 8
54 7
54 6
55 30
55 26
55 24
55 25
55 20
55 23
55 21
56 20
56 32
56 27
56 31
56 22
56 16
56 18
56 33
56 25
56 29
56 15
56 26
56 17
56 19
56 28
57 18
57 5
57 27
57 11
57 9
57 25
57 23
57 21
57 4
57 22
57 6
57 14
57 19
57 20
58 24
59 54
59 69
59 46
59 63
59 53
59 61
59 43
59 48
59 58
59 52
59 44
59 70
59 40
59 45
59 41
59 56
59 49
59 57
59 55
59 72
59 68
59 47
60 72
60 83
60 91
60 74
60 73
60 86
60 78
60 77
60 84
60 82
60 76
60 75
60 80
60 85
61 28
61 35
61 30
63 50
63 49
63 48
63 37
63 44
63 57
63 39
63 54
63 46
63 51
63 53
63 52
64 70
64 69
65 13
65 11
65 22
65 15
65 20
65 19
65 10
65 12
65 16
65 18
65 17
66 34
66 35
66 59
66 32
66 28
66 50
66 33
66 56
66 39
66 36
66 38
66 37
67 21
67 26
67 24
68 86
68 83
68 87
69 24
70 83
71 32
71 22
71 31
71 5
71 1
71 4
71 7
72 21
72 19
72 25
72 24
72 27
72 28
72 23
72 16
73 40
73 38
74 12
75 34
78 81
78 82
78 85
78 80
79 71
79 73
79 70
80 47
80 45
81 29
81 28
81 23
82 84
82 86
82 87
83 8
83 6
84 64
84 62
85 66
85 65
85 73
85 88
85 72
86 15
86 18
86 17
87 72
88 51
88 24
88 20
88 27
88 48
88 21
88 16
88 7
88 10
88 26
88 5
88 6
88 39
88 8
88 22
88 23
88 11
88 9
89 34
89 37
89 32
89 50
89 28
89 23
89 25
89 26
89 30
89 36
89 48
90 53
90 51
90 46
90 62
90 64
90 66
90 48
90 50
90 54
90 49
90 45
91 83
92 35
93 74
1 26
1 24
1 23
1 25
2 21
2 7
2 10
2 14
3 39
4 64
5 56
5 57
5 51
6 93
6 84
7 81
7 77
7 57
7 59
7 76
7 83
7 80
7 78
7 55
7 62
7 72
7 82
7 56
8 59
8 62
8 50
8 65
9 45
9 59
9 28
9 46
9 48
9 57
9 34
9 66
9 51
9 38
9 40
9 49
9 33
9 41
9 36
9 47
9 53
9 29
9 39
9 68
9 31
9 35
10 64
11 83
11 88
11 90
11 89
11 84
11 86
12 91
12 93
13 44
13 40
15 73
15 71
15 74
16 84
17 19
18 6
18 3
18 4
18 5
19 74
19 73
19 71
19 75
20 15
21 13
21 15
22 56
22 59
22 57
23 43
23 40
23 46
25 55
25 71
25 57
25 70
25 73
25 69
27 46
27 43
27 47
29 91
30 77
30 69
30 64
30 70
30 63
30 73
30 67
30 65
30 83
30 75
30 76
30 91
30 68
31 90
31 69
31 56
31 78
31 86
33 70
33 66
34 29
34 26
34 37
34 23
34 49
34 44
34 22
34 41
37 73
37 85
37 67
37 83
37 71
37 66
37 82
37 84
37 75
37 77
37 65
37 78
37 69
37 76
37 72
38 65
39 83
39 89
39 90
39 86
39 85
40 16
40 19
40 27
41 51
42 50
42 72
42 65
42 63
42 38
42 34
42 35
42 46
43 87
43 75
43 77
43 85
43 79
43 89
44 31
44 33
44 25
44 28
44 26
45 67
45 66
45 84
45 59
45 74
45 34
45 69
45 62
45 44
45 48
45 70
45 58
45 37
45 33
45 68
45 71
45 78
45 54
45 61
45 64
45 80
46 82
47 45
47 26
47 36
47 27
47 24
47 62
47 20
47 65
47 56
47 22
47 25
47 19
47 30
47 52
47 23
47 50
48 18
48 29
48 20
48 33
48 42
48 39
48 79
48 60
48 21
48 46
48 74
48 24
48 38
48 65
48 35
48 28
48 17
48 41
48 30
48 36
48 23
49 82
49 88
49 85
50 22
50 41
50 34
50 33
50 23
50 31
50 42
50 32
50 25
50 36
50 29
50 21
50 30
50 19
50 40
50 20
51 19
51 14
51 17
51 18
51 50
51 21
51 22
51 16
51 36
51 44
51 48
52 90
52 91
52 94
53 58
53 68
53 69
53 62
53 63
53 75
53 67
53 78
55 75
55 66
55 79
55 72
55 88
55 78
55 87
55 82
55 84
55 80
55 85
55 81
57 31
57 32
57 29
57 26
57 30
58 23
59 62
59 51
59 66
59 50
59 67
59 42
60 71
60 65
60 68
60 69
60 58
60 66
60 81
61 18
61 27
61 25
61 12
61 23
61 17
61 10
62 26
62 11
62 60
62 12
62 40
62 7
62 42
62 27
62 33
62 67
62 36
62 35
62 55
64 24
64 27
65 52
65 57
65 61
65 54
65 64
65 59
65 63
65 58
66 44
66 43
68 20
68 24
68 17
69 13
69 17
69 16
71 70
73 53
73 51
73 49
73 32
73 21
73 48
73 24
73 61
73 55
73 56
73 30
73 18
73 50
73 45
73 25
73 33
73 57
73 58
73 46
73 23
73 54
73 19
74 26
74 32
74 24
74 38
75 30
75 32
75 46
76 42
76 41
77 58
77 80
77 73
77 62
78 87
78 88
78 83
78 90
78 89
80 27
80 24
80 23
80 25
81 89
81 86
81 92
81 87
82 75
82 76
82 89
82 80
82 88
82 85
83 58
83 53
83 54
83 61
83 52
86 80
86 84
86 64
86 73
86 62
86 81
86 82
86 70
86 79
87 84
88 13
88 18
89 20
89 7
89 56
89 12
89 24
89 70
89 14
89 29
89 15
89 16
89 27
89 18
91 71
91 72
91 73
91 61
91 62
91 67
92 41
92 50
92 39
92 54
92 61
92 63
92 52
92 48
92 56
92 58
92 36
92 34
92 51
92 32
92 57
92 42
92 38
92 55
92 43
92 44
92 53
92 62
92 31
92 59
93 3
93 5
93 8
93 14
93 16
93 18
94 36
1 92
6 9
6 11
6 8
7 32
7 31
9 56
9 54
9 50
10 39
10 81
10 32
10 7
10 44
10 42
10 46
10 20
10 31
10 15
10 73
10 30
10 93
10 26
10 37
10 34
13 88
14 69
14 73
14 74
15 12
15 9
15 10
15 13
17 51
19 32
20 89
21 70
21 69
21 72
21 65
21 45
21 61
21 73
21 67
21 64
21 71
21 66
21 68
21 57
21 63
22 26
22 39
22 31
22 34
22 42
24 54
24 66
24 59
24 61
24 58
24 55
27 52
27 92
27 50
27 63
27 76
27 78
27 91
27 84
27 59
28 61
28 62
28 67
28 70
28 54
28 68
28 64
28 72
29 53
32 36
32 38
33 18
35 79
36 9
36 8
36 11
37 31
37 39
37 49
37 25
37 24
38 68
38 57
38 71
38 55
38 31
38 67
38 61
38 50
38 59
38 66
38 52
38 51
38 64
38 53
38 56
38 45
38 54
40 23
41 93
41 94
41 92
43 24
43 25
43 26
44 42
44 85
44 58
44 52
44 38
44 60
44 63
44 51
44 39
44 77
44 37
45 73
45 21
45 60
45 93
45 83
45 92
45 91
47 91
47 90
47 87
48 55
48 27
48 25
48 40
48 26
48 22
49 90
50 86
51 60
51 63
52 54
52 57
54 82
54 83
54 79
54 86
54 81
54 87
54 85
55 92
55 93
55 91
56 83
57 51
57 45
57 55
57 42
57 41
57 65
57 49
57 47
57 46
57 69
57 44
57 80
57 70
57 48
58 56
58 60
58 75
58 89
58 78
58 42
58 74
58 85
58 88
58 81
61 20
61 47
61 59
61 7
61 26
61 48
61 8
61 14
61 9
61 6
63 33
63 27
63 36
63 30
64 51
66 93
67 60
67 71
67 62
70 5
70 3
71 85
71 83
71 86
71 79
71 76
71 82
72 84
72 90
72 82
72 91
73 64
73 65
73 62
73 59
73 52
73 69
73 70
73 63
74 25
74 73
74 40
74 29
74 66
75 89
76 33
76 54
76 40
76 69
76 45
76 72
76 47
76 32
76 28
76 65
76 44
76 35
76 49
76 71
76 37
76 67
76 75
76 48
76 39
76 43
76 38
76 36
77 70
77 67
78 68
80 30
80 33
80 21
80 16
80 29
80 22
80 31
80 28
81 35
81 32
82 90
83 15
83 25
83 20
83 21
83 17
83 12
83 13
83 34
83 9
83 32
84 63
84 80
84 61
84 68
84 66
84 81
84 60
84 59
84 58
85 63
85 64
85 41
85 71
85 34
85 78
85 62
85 36
85 68
85 38
85 61
85 55
85 52
85 39
85 50
85 51
85 59
85 70
86 56
86 78
86 49
87 64
88 62
88 57
88 49
90 92
92 72
92 74
92 69
92 73
92 67
92 65
92 60
92 71
93 40
93 56
93 51
93 32
93 58
93 35
93 54
93 49
93 38
93 59
93 52
93 39
93 61
94 46
94 21
1 40
2 48
3 62
3 68
3 59
3 73
3 58
3 48
3 51
3 71
3 72
3 66
3 64
3 55
3 60
4 36
5 50
5 64
6 31
6 20
6 24
8 25
8 15
8 10
8 14
8 28
8 27
9 44
9 32
9 42
10 28
10 29
12 37
13 64
13 66
13 62
13 31
13 75
13 73
13 70
13 72
13 61
13 63
14 79
14 78
15 78
15 77
16 10
16 15
16 11
16 20
17 47
18 89
18 81
18 57
18 65
18 88
18 77
18 85
19 80
19 52
19 50
19 76
19 81
19 78
19 68
19 70
19 69
19 35
19 64
19 54
19 67
19 72
20 87
20 84
20 73
20 82
20 83
20 81
20 91
20 92
20 70
24 13
24 12
24 10
24 16
24 7
24 15
25 77
29 32
29 33
29 35
30 82
30 74
30 80
31 21
31 19
31 22
31 16
31 17
31 15
31 20
31 18
34 15
34 10
34 8
34 17
34 12
34 7
34 13
34 19
34 9
34 14
34 36
35 34
35 44
35 63
37 36
37 23
37 14
37 27
37 16
37 30
37 4
37 8
37 12
37 6
37 19
37 20
37 13
37 10
37 22
37 5
37 28
37 7
38 72
38 76
38 77
39 79
39 74
39 71
39 76
39 78
39 65
39 75
40 31
41 45
42 82
42 79
43 81
43 83
44 13
47 86
47 85
47 84
47 75
49 47
49 71
49 46
49 56
49 57
49 51
49 72
49 73
49 55
49 52
49 68
49 54
51 47
51 15
52 59
52 72
52 67
53 81
53 74
53 82
53 76
53 77
53 72
54 4
54 24
54 17
54 3
54 13
55 46
55 3
55 13
55 8
55 41
55 22
55 10
55 18
55 31
55 40
55 11
55 29
55 9
55 6
55 51
55 14
56 79
58 10
58 25
58 12
58 9
58 19
58 15
58 18
59 30
59 28
59 31
59 29
59 16
59 11
60 93
62 10
62 6
62 9
63 24
63 26
63 29
64 58
65 68
65 38
65 35
65 67
65 55
65 76
65 33
65 53
65 46
65 42
65 39
65 30
65 37
65 56
65 69
67 83
67 86
67 76
67 84
67 87
67 81
67 77
67 78
69 61
70 23
70 34
71 75
71 43
71 61
71 56
71 47
71 53
71 58
71 73
71 37
72 47
72 46
73 91
73 93
76 73
76 74
78 91
79 81
79 69
81 20
81 21
82 55
83 50
83 51
83 47
83 46
83 49
84 43
84 40
84 42
84 39
86 13
86 2
86 19
86 39
86 1
86 30
87 58
89 11
89 22
89 17
89 9
90 25
90 34
90 31
90 41
90 38
90 23
90 24
90 39
90 36
90 44
90 28
90 52
90 29
90 63
90 47
90 33
90 43
91 76
91 87
91 84
91 77
92 82
92 78
92 84
92 88
92 80
93 21
93 46
93 26
93 7
93 10
93 30
93 6
93 15
93 41
93 47
94 53
1 20
1 27
1 28
1 22
3 76
3 69
3 70
3 79
4 88
4 74
8 67
8 68
8 69
9 70
11 40
11 45
11 49
11 46
11 34
11 13
11 48
11 52
11 27
11 41
11 51
11 43
13 90
14 80
15 68
17 70
17 89
17 93
17 73
17 90
20 12
20 14
21 87
21 89
21 86
23 25
23 19
24 77
25 59
25 38
27 80
30 56
33 89
33 92
34 64
34 66
34 68
35 84
38 20
38 36
40 39
41 27
41 28
41 29
43 86
44 69
47 58
49 81
49 80
49 78
50 38
50 37
51 89
53 13
53 19
54 18
55 44
57 52
57 50
57 60
58 84
58 63
58 90
58 76
61 85
61 83
62 28
62 37
62 29
62 43
65 34
65 28
65 25
65 29
65 31
65 6
65 3
65 14
65 7
65 23
65 8
65 2
65 21
65 4
68 50
68 90
68 36
68 80
68 70
69 45
69 48
70 63
70 66
70 59
72 89
74 9
74 10
75 10
75 12
77 32
77 50
77 40
77 47
77 38
77 43
78 59
80 74
80 67
80 78
80 76
81 83
82 56
82 62
82 48
82 63
84 34
84 27
84 12
85 9
85 7
85 16
85 12
85 15
85 11
85 6
85 13
87 91
87 90
88 76
88 85
88 84
88 74
90 7
90 8
90 9
91 50
92 91
92 89
92 90
93 67
93 69
93 71
93 82
93 66
93 68
94 82
2 91
2 92
2 87
2 88
2 89
3 18
4 87
4 92
5 53
6 70
6 72
8 74
8 70
9 25
9 37
9 24
9 12
9 21
9 17
9 20
9 27
9 26
9 22
9 23
14 59
15 25
15 31
15 33
15 24
15 29
15 37
15 26
15 39
15 36
15 35
15 30
15 27
15 14
16 12
16 6
16 7
16 14
16 8
16 5
20 35
20 31
21 77
21 75
21 85
21 76
22 64
22 65
22 68
22 47
23 12
23 2
23 17
23 8
23 5
23 20
23 21
24 83
24 89
24 81
24 90
24 56
24 85
24 52
24 51
24 50
24 49
24 48
24 62
24 91
24 82
24 57
25 10
25 14
25 11
25 17
25 9
28 6
28 10
28 11
28 5
31 91
33 38
33 35
33 40
36 82
38 48
38 47
39 69
39 31
39 68
39 84
39 57
39 25
39 28
39 77
39 54
39 53
39 82
39 81
40 49
40 70
40 56
40 64
40 59
40 75
43 30
43 40
43 32
43 71
43 65
43 62
43 19
43 29
43 74
43 50
43 31
43 21
43 64
43 28
43 22
43 39
43 37
43 49
43 80
45 63
46 6
46 18
46 14
46 9
46 3
46 2
46 4
46 5
47 79
47 83
48 61
48 59
48 76
49 86
49 91
50 39
50 49
50 68
50 44
51 10
52 89
52 87
55 19
55 12
55 15
55 16
56 89
57 94
57 91
57 93
57 89
58 73
59 64
62 8
62 4
63 47
64 31
65 24
65 26
65 27
67 13
67 12
67 14
67 9
67 11
67 15
67 10
68 34
71 11
71 39
72 88
73 47
73 44
73 60
74 27
74 23
76 34
76 29
76 30
76 31
77 88
78 93
78 24
78 37
78 20
78 47
78 28
78 62
78 86
78 40
78 22
78 25
79 26
79 20
79 25
79 21
79 31
79 15
79 10
79 13
79 33
79 30
79 12
79 18
79 27
79 17
79 14
79 16
79 37
80 85
80 83
80 87
80 86
81 69
82 40
82 51
82 33
82 32
82 37
82 39
83 38
83 42
83 40
83 37
83 82
83 94
83 65
83 64
83 79
83 39
83 57
83 81
83 36
83 86
83 45
83 78
83 63
83 69
83 80
83 85
83 93
84 67
84 69
87 10
87 18
87 16
87 17
88 25
88 19
89 86
89 87
91 13
91 24
91 19
91 82
91 38
91 20
91 26
92 70
93 43
93 37
94 91
94 89
94 80
94 92
94 84
1 90
3 88
3 86
3 80
3 78
6 69
7 69
7 68
8 24
8 11
8 6
9 19
9 15
9 55
9 89
10 22
10 33
10 45
10 43
10 24
10 19
11 8
11 7
12 85
14 66
16 87
16 86
17 62
17 37
18 84
21 55
21 58
21 53
22 76
22 78
23 70
23 75
23 72
23 60
23 67
23 59
23 64
23 61
23 63
23 71
23 78
23 66
23 62
23 83
24 4
24 5
24 3
27 24
27 16
27 13
27 25
27 32
27 66
27 14
27 30
27 23
27 31
27 19
27 20
28 30
28 33
28 24
28 38
28 7
28 8
28 41
28 22
28 26
28 44
28 19
28 39
28 32
28 14
28 15
28 2
28 12
28 13
28 4
28 45
28 9
28 31
28 36
28 53
28 34
28 18
28 23
30 10
30 12
31 49
31 46
33 52
33 53
34 53
34 60
34 59
34 55
35 67
35 66
39 80
39 88
42 16
42 18
43 88
44 94
44 90
44 91
44 93
47 64
47 44
47 54
49 13
50 24
51 74
51 78
51 79
51 76
51 92
51 77
51 75
51 93
51 85
52 82
52 86
52 92
52 81
52 75
52 83
52 85
53 88
53 91
53 92
53 93
55 89
55 83
55 86
56 51
56 46
56 49
56 44
56 43
56 42
56 92
56 48
56 93
56 40
57 40
59 65
60 79
61 60
61 80
61 69
61 44
61 79
62 77
63 58
63 60
63 55
63 56
64 26
64 17
64 20
66 83
67 94
67 90
67 93
67 91
68 7
69 77
69 81
69 67
70 10
70 11
70 12
70 8
70 9
71 89
71 91
74 82
74 86
74 77
74 85
76 90
77 19
77 16
77 15
77 14
77 18
79 24
79 6
79 8
79 32
79 29
79 56
79 28
79 11
82 78
82 69
82 35
82 66
82 77
82 61
82 70
82 67
82 65
82 72
82 74
82 68
84 35
84 8
84 3
84 6
84 28
85 57
85 67
85 69
86 63
87 43
87 47
87 46
88 73
88 83
88 82
88 42
88 87
88 79
89 78
90 32
90 35
90 42
90 40
90 27
92 47
92 46
1 9
1 11
1 38
1 18
1 19
1 33
1 36
1 34
