76 5627
1 2
2 3
3 4
4 5
5 6
6 7
7 8
8 9
9 10
10 11
11 12
12 13
13 14
14 15
15 16
16 17
17 18
18 19
19 20
20 21
21 22
22 23
23 24
24 25
25 26
26 27
27 28
28 29
29 30
30 31
31 32
32 33
33 34
34 35
35 36
36 37
37 38
38 39
39 40
40 41
41 42
42 43
43 44
44 45
45 46
46 47
47 48
48 49
49 50
50 51
51 52
52 53
53 54
54 55
55 56
56 57
57 58
58 59
59 60
60 61
61 62
62 63
63 64
64 65
65 66
66 67
67 68
68 69
69 70
70 71
71 72
72 73
73 74
74 75
75 76
76 1
1 61
1 62
1 60
1 65
1 63
2 57
2 61
2 58
4 9
4 11
4 6
4 8
5 41
5 43
5 45
5 51
5 39
5 52
5 40
5 38
5 44
5 47
6 22
6 26
6 27
6 19
6 28
6 23
7 15
7 19
7 18
8 71
8 72
9 73
9 74
10 45
10 46
10 47
11 45
11 42
11 41
11 44
11 40
12 29
12 32
12 33
13 16
13 53
13 50
13 17
13 23
13 51
13 52
13 28
13 35
13 47
13 48
13 31
13 49
13 15
13 29
13 21
13 24
13 44
13 33
13 46
13 34
13 26
13 22
13 38
13 25
13 43
13 30
14 68
14 58
14 65
14 63
14 71
14 70
14 56
14 57
14 66
14 61
14 69
15 64
17 74
18 31
18 25
18 32
18 26
18 24
18 27
18 30
20 14
20 34
20 36
20 8
20 41
20 17
20 16
20 45
20 4
20 27
20 29
20 6
20 44
20 10
20 18
20 40
20 15
20 13
20 48
20 46
20 11
20 26
20 28
21 67
21 57
21 50
21 65
21 60
21 62
21 68
21 51
21 56
21 52
21 55
21 54
21 61
21 63
22 20
22 15
22 18
22 24
22 16
23 70
23 71
24 45
25 9
25 15
25 14
25 13
26 71
26 69
26 68
26 70
26 72
28 10
29 36
29 43
29 39
29 37
29 34
29 41
31 30
31 37
31 19
31 39
31 47
31 18
31 36
31 34
31 42
31 64
31 48
31 46
31 21
31 65
31 54
31 25
31 45
31 16
31 14
31 33
31 23
31 49
31 66
31 63
31 52
31 38
31 26
31 43
31 61
31 41
31 51
31 59
31 57
31 56
31 58
31 40
32 59
32 60
33 57
33 56
33 54
33 53
33 58
34 7
35 63
35 57
35 59
35 51
35 48
35 62
35 49
35 58
35 52
35 53
36 59
36 61
37 31
37 30
37 33
38 55
38 59
38 57
38 58
38 53
39 72
39 74
39 68
39 75
39 69
40 73
40 67
40 64
40 44
40 47
40 42
40 58
40 51
40 50
40 55
40 61
40 68
40 56
40 63
40 75
40 52
40 49
40 72
40 43
40 59
41 37
41 34
41 36
41 39
42 36
42 40
42 38
42 31
42 32
42 34
43 15
43 8
43 14
43 27
43 17
43 20
43 26
43 6
43 21
43 19
43 10
43 7
43 23
45 52
45 56
45 50
45 48
45 53
45 57
45 43
45 54
45 58
45 51
46 75
46 76
48 69
49 54
49 61
49 62
49 52
49 53
49 60
49 59
51 60
52 61
52 66
52 65
52 64
52 57
52 63
52 59
52 69
52 68
52 70
53 42
53 36
53 37
53 41
53 38
53 39
54 11
54 36
54 22
54 31
54 10
54 1
54 24
54 13
54 6
54 23
54 15
54 20
54 8
54 28
54 35
54 25
54 17
54 9
54 2
54 27
54 12
54 29
54 14
54 21
55 15
55 14
56 45
56 44
56 42
57 59
57 61
57 60
58 20
58 45
58 48
58 26
58 43
58 55
58 53
58 30
58 71
58 56
58 25
58 33
58 34
58 23
58 28
58 61
58 75
58 49
58 50
58 62
58 37
58 31
58 70
58 73
58 67
58 57
58 27
58 29
58 19
58 18
58 44
58 54
58 46
58 66
59 46
59 51
59 36
59 39
59 54
59 44
59 45
59 37
59 55
59 42
59 53
59 49
60 15
60 47
60 17
60 40
60 22
60 19
60 30
60 37
60 33
60 12
60 34
60 48
60 13
60 44
60 39
60 31
60 25
60 43
60 26
60 21
60 35
60 23
61 63
61 60
62 68
62 69
62 72
63 38
63 35
63 53
63 37
63 60
63 50
63 54
63 27
63 30
63 44
63 31
63 51
63 62
63 52
63 58
63 33
63 28
63 36
63 45
63 26
63 47
63 41
63 55
63 57
64 69
64 68
64 63
64 67
65 45
65 36
65 47
65 35
65 42
65 39
65 32
65 48
65 56
65 44
65 30
65 43
65 54
65 50
65 38
65 46
65 52
65 33
65 49
66 27
66 22
66 25
66 26
66 30
66 29
67 22
67 26
67 16
67 41
67 21
67 29
67 32
67 24
67 27
67 34
67 18
67 15
67 36
67 14
67 35
67 19
67 31
67 38
68 14
68 13
68 16
68 9
68 11
68 12
69 72
70 54
70 53
70 51
70 52
70 55
71 53
71 50
71 43
71 57
71 56
71 44
71 58
71 61
71 40
71 47
71 38
71 42
71 46
71 41
71 54
71 49
71 36
72 44
72 50
72 49
72 46
72 51
72 48
73 34
73 33
73 31
73 37
74 32
74 27
74 34
74 26
74 22
74 35
74 30
74 28
75 65
75 64
76 34
1 29
1 28
1 30
1 25
1 27
2 76
3 41
3 42
3 39
3 40
3 37
4 73
4 71
4 69
5 21
5 20
5 29
5 25
5 15
5 37
5 42
5 46
5 24
5 34
5 36
5 28
5 23
5 26
5 48
5 27
5 19
5 14
6 32
7 17
7 16
7 14
7 10
8 50
8 51
8 49
8 55
8 53
8 56
9 62
9 69
9 64
9 58
9 53
9 67
9 56
9 65
9 63
10 67
10 62
10 58
10 63
10 66
10 59
10 61
10 57
11 39
11 23
11 53
11 25
11 47
11 27
11 52
11 31
11 35
11 32
11 48
11 29
11 38
11 46
11 22
11 55
11 57
11 51
11 58
11 36
11 26
12 24
12 22
12 42
12 40
12 26
12 2
12 9
12 58
12 6
12 64
12 57
12 15
12 1
12 19
12 45
12 48
12 47
12 41
12 61
12 7
12 35
12 14
12 43
12 27
12 46
12 37
12 63
12 51
12 56
12 34
12 8
12 25
12 23
12 52
12 50
12 4
12 44
12 20
13 39
13 55
13 54
14 50
14 52
14 54
14 53
15 43
15 46
16 13
16 9
16 14
16 6
16 7
16 12
17 59
17 58
17 62
17 73
17 46
17 48
17 41
17 50
17 54
17 61
17 63
17 56
17 69
17 52
17 57
17 53
17 64
17 66
17 72
17 70
18 45
19 31
19 42
19 30
19 32
19 39
19 27
19 29
19 41
19 26
19 36
19 38
19 35
20 25
20 23
20 19
21 27
21 26
21 25
22 71
22 72
22 67
23 44
23 22
23 18
23 15
23 37
23 45
23 26
23 29
23 31
23 17
23 42
23 16
23 30
23 27
23 43
23 33
24 44
24 40
24 39
24 38
24 41
24 34
24 43
24 35
24 42
25 66
25 62
25 61
25 67
25 68
25 70
25 65
26 65
26 63
27 31
27 37
27 44
27 39
27 43
27 30
27 34
27 32
27 36
27 45
28 50
28 49
28 43
28 52
28 53
28 54
28 45
28 46
28 47
29 72
29 73
29 75
30 7
31 60
31 62
33 26
33 23
33 13
33 7
33 9
33 21
33 20
33 16
33 45
33 31
33 18
33 40
33 12
33 8
33 41
33 32
33 5
33 38
33 24
33 22
33 36
33 19
33 25
33 15
33 37
33 6
34 47
34 41
34 44
34 48
34 49
34 56
34 51
34 39
34 50
34 43
34 42
34 52
35 50
35 54
35 56
35 55
36 49
36 46
36 52
36 50
36 43
36 48
36 47
36 54
36 42
37 40
37 34
37 44
37 36
37 35
37 48
37 42
37 45
37 50
37 49
37 46
37 41
38 43
38 40
38 54
38 35
38 41
38 50
38 37
38 47
38 33
38 45
38 51
38 49
38 34
39 59
39 73
39 61
39 60
39 65
39 63
39 67
39 70
39 71
40 39
40 45
40 37
40 35
40 54
40 48
40 33
40 31
40 34
40 30
40 36
40 57
40 53
42 45
42 48
42 44
42 46
43 16
43 24
43 11
43 25
45 3
45 1
45 4
46 28
46 30
46 32
46 25
46 24
46 29
46 27
47 31
47 28
47 24
47 35
47 22
47 25
47 21
47 23
47 42
47 19
47 30
47 36
47 32
47 39
47 18
47 38
47 33
48 68
48 72
48 71
49 68
49 69
49 70
49 65
49 75
49 72
49 74
50 1
50 3
52 19
52 11
52 13
52 10
52 23
52 26
52 8
52 18
52 15
52 25
52 12
52 24
53 69
53 58
53 48
53 50
53 62
53 55
53 68
53 64
53 49
53 51
53 61
53 66
53 67
53 56
54 19
54 16
55 47
56 49
56 50
56 54
56 52
56 40
56 43
57 55
57 67
57 65
57 39
57 43
57 42
57 52
57 62
57 47
57 63
57 45
57 44
57 51
57 66
59 75
59 73
59 70
59 71
60 63
60 65
60 59
60 62
61 68
61 69
61 55
61 56
61 66
61 67
61 57
62 2
62 38
62 1
62 30
62 3
62 17
62 24
62 16
62 37
62 35
62 34
62 5
62 18
62 9
62 22
62 29
62 6
62 14
62 20
62 25
62 15
62 12
63 61
63 67
63 56
63 59
63 65
64 7
64 16
64 21
64 10
64 17
64 9
64 18
65 7
66 7
67 30
67 25
67 23
67 28
68 60
68 63
68 71
68 67
68 65
68 61
68 66
68 58
69 71
69 61
69 60
69 64
69 66
69 67
70 46
70 64
70 62
70 42
70 43
70 65
70 59
70 60
70 56
70 58
70 61
70 47
70 50
70 44
71 48
71 29
71 55
71 51
71 65
71 32
71 34
71 59
71 62
71 33
71 31
71 45
71 64
71 60
71 63
71 66
71 67
71 37
72 12
72 13
72 9
72 14
72 10
72 6
73 66
73 65
73 67
74 36
74 39
74 50
74 40
74 42
74 51
74 54
74 53
74 41
74 47
74 37
74 33
75 74
76 39
76 42
76 44
76 43
76 36
76 35
76 41
76 37
1 5
1 10
1 6
1 4
1 17
1 3
1 11
1 15
1 7
1 16
2 11
2 15
2 14
2 17
2 12
2 10
3 56
3 64
3 72
3 57
3 30
3 60
3 48
3 34
3 49
3 53
3 50
3 46
3 43
3 36
3 27
3 66
3 33
3 32
3 26
3 75
3 31
3 67
3 76
3 38
3 70
3 68
3 35
4 74
5 73
5 61
5 55
5 62
5 70
5 59
5 54
5 64
5 63
5 49
5 69
5 67
5 68
5 66
5 50
5 76
5 58
6 14
6 20
6 15
6 10
6 9
6 17
6 16
6 21
6 11
7 45
7 44
7 46
7 60
7 51
7 50
7 54
7 43
7 53
7 41
7 49
7 42
7 62
7 48
7 57
8 57
8 40
8 65
8 39
8 66
8 41
8 45
8 52
8 38
8 43
8 63
8 59
8 68
8 60
8 58
8 64
8 46
9 59
9 57
9 66
10 28
10 25
10 26
11 43
12 49
13 62
14 20
14 19
14 33
14 32
14 22
14 28
14 29
14 31
16 33
16 31
16 27
16 25
16 28
16 26
18 21
19 74
20 59
20 66
20 64
20 53
20 57
20 62
20 67
20 60
20 65
20 52
20 55
20 63
20 70
20 71
20 54
20 51
21 44
21 49
21 53
21 46
21 45
22 40
22 48
22 47
22 41
22 32
22 44
22 35
22 46
22 57
22 50
22 61
22 37
22 36
22 51
22 56
22 43
22 64
22 54
22 39
22 28
22 53
22 21
22 27
22 19
22 65
22 45
22 42
23 67
23 69
23 65
23 59
23 61
23 63
23 75
23 73
23 62
23 66
24 62
25 34
25 37
25 40
25 36
25 46
25 30
25 27
25 29
25 28
25 31
25 47
25 39
25 44
25 33
26 41
26 37
26 42
26 32
26 31
26 43
26 24
26 49
26 48
26 51
26 58
26 56
26 28
26 57
26 54
26 34
26 25
26 59
26 45
26 33
26 47
26 35
26 40
28 37
28 27
28 33
28 22
28 38
28 23
28 36
28 31
28 35
28 34
29 13
30 36
30 35
30 24
30 23
30 37
30 21
30 19
30 32
30 29
30 33
30 17
32 21
33 39
33 28
33 29
33 27
33 30
34 61
34 60
34 62
34 53
34 55
34 63
34 54
35 44
36 73
36 67
36 68
36 64
36 72
36 62
36 70
36 74
38 9
38 3
38 6
38 2
38 5
38 11
39 44
39 41
39 34
39 38
39 49
39 51
39 46
39 47
39 36
39 53
39 42
39 33
39 52
39 45
40 19
40 32
40 14
40 13
40 25
40 11
40 20
40 8
40 15
40 12
40 9
40 28
40 23
40 22
40 17
40 29
40 24
41 55
41 68
41 61
41 67
41 57
41 69
41 70
41 58
41 64
41 56
45 49
45 47
46 41
46 45
46 40
46 34
46 23
46 21
46 33
46 35
46 42
46 38
46 44
47 34
47 41
48 20
48 23
48 22
49 40
49 33
49 25
49 21
49 42
49 14
49 30
49 43
49 41
49 34
49 38
49 11
49 17
49 19
49 16
49 20
49 23
49 28
49 18
49 12
49 10
49 35
49 26
49 32
49 9
49 22
50 52
51 29
51 48
51 35
51 26
51 32
51 38
51 47
51 25
51 44
51 36
51 33
51 42
51 34
51 31
51 41
52 14
54 59
54 60
54 58
55 68
55 66
55 70
57 10
58 60
59 41
59 64
59 38
59 57
59 56
59 62
59 74
59 52
59 66
59 47
59 65
59 50
61 71
61 73
61 74
62 64
63 48
63 70
63 66
63 49
63 42
63 69
63 71
63 43
63 39
63 68
64 56
64 62
64 50
64 46
64 51
64 60
64 42
64 52
64 54
64 53
64 55
64 49
64 43
64 58
64 48
64 40
65 55
66 14
66 23
66 19
66 9
66 21
66 15
66 11
66 28
66 20
66 10
67 56
67 64
67 66
67 53
67 71
67 54
67 59
67 70
67 60
67 62
68 54
69 48
69 56
69 68
69 49
69 59
69 58
69 46
69 73
69 51
69 55
69 50
69 53
69 43
69 63
69 47
69 52
69 62
70 49
70 48
70 45
71 39
72 34
72 63
72 75
72 60
72 56
72 27
72 32
72 42
72 53
72 61
72 33
72 71
72 64
72 39
72 37
72 43
72 40
72 69
72 58
72 62
72 26
72 38
72 59
72 47
72 70
72 30
72 66
73 68
73 69
73 71
73 70
74 48
75 47
75 37
75 43
75 40
75 48
75 44
75 41
75 42
75 38
75 33
75 52
76 63
76 64
2 63
2 64
2 65
3 21
3 16
3 14
3 15
3 28
3 19
3 29
3 20
3 24
3 25
4 7
4 12
4 15
4 10
4 14
5 32
5 35
6 67
6 57
6 59
6 68
6 61
6 63
6 65
6 72
7 27
7 24
7 26
7 23
8 42
9 40
9 37
9 39
9 41
9 38
9 34
9 44
9 52
9 55
9 54
9 47
9 35
9 36
9 46
10 8
10 9
10 6
10 5
11 21
11 28
11 33
11 20
11 17
11 24
11 16
11 19
11 34
13 36
13 68
13 74
13 71
13 70
13 58
13 32
13 64
13 40
13 69
13 41
13 65
13 60
13 73
13 76
13 75
13 37
13 27
13 61
14 51
14 47
14 49
15 66
15 56
15 70
15 57
15 58
15 67
15 63
15 69
15 62
15 55
16 74
17 22
17 31
17 39
17 21
17 47
17 14
17 16
17 15
17 38
17 40
17 23
17 24
17 28
17 20
17 25
17 26
17 27
17 34
17 43
18 34
18 29
18 38
18 36
18 37
18 40
18 41
18 35
18 43
19 44
19 45
19 28
19 46
19 34
19 48
19 49
22 30
22 29
22 33
22 25
22 11
22 14
22 12
22 34
22 10
22 17
22 31
23 40
23 48
23 36
23 54
23 38
23 55
23 35
23 52
23 56
23 34
23 39
23 58
23 47
23 57
25 22
25 21
25 24
26 61
26 62
26 52
26 64
26 60
26 53
27 56
27 54
28 58
29 57
29 53
29 58
29 59
29 60
30 28
30 25
30 26
32 53
32 62
32 58
32 56
32 54
33 47
34 10
34 9
34 15
34 18
34 12
34 11
34 17
34 16
34 6
34 24
34 13
34 21
34 5
35 32
35 40
35 33
35 38
35 28
35 34
35 37
36 39
36 35
36 56
36 38
36 55
36 41
36 45
36 53
36 44
37 65
37 64
37 69
38 36
38 32
39 54
39 50
39 55
39 35
39 48
39 37
39 43
40 18
40 38
40 27
40 26
41 50
41 19
41 10
41 8
41 9
41 51
41 30
41 44
41 40
41 13
41 17
41 27
41 22
41 21
41 33
41 16
41 29
41 18
41 28
41 48
41 20
41 23
41 31
41 15
42 53
42 57
42 59
42 60
42 54
42 62
42 65
42 49
42 55
42 63
43 9
43 12
43 13
44 31
44 37
44 25
44 39
44 36
44 35
44 26
44 33
44 30
44 23
44 28
44 21
44 41
44 22
44 40
44 29
44 43
45 55
46 50
46 39
46 52
46 67
46 61
46 56
46 64
46 60
46 43
46 22
46 62
46 55
46 65
46 58
47 67
47 66
47 73
47 69
47 70
47 64
48 46
48 58
48 47
48 51
48 54
48 55
48 42
48 40
48 57
48 39
50 68
50 69
50 67
50 65
50 72
51 28
51 24
51 45
51 43
52 48
52 51
53 71
53 70
53 72
54 39
54 40
54 41
55 67
55 73
55 63
55 74
55 71
56 18
56 23
56 21
56 16
56 20
56 22
58 13
58 17
58 15
58 12
58 14
58 22
58 24
60 46
60 38
61 40
61 8
61 37
61 34
61 47
61 22
61 21
61 13
61 20
61 31
61 15
61 35
61 14
61 41
61 44
61 17
61 18
61 42
61 19
61 29
61 11
61 28
61 43
61 39
61 30
61 16
62 8
62 11
62 10
63 34
63 29
63 46
63 32
64 38
64 39
64 47
64 35
64 41
65 68
65 69
65 64
65 60
65 61
65 62
66 55
66 34
66 65
66 41
66 50
66 60
66 38
66 45
66 52
66 61
66 58
66 54
66 56
66 64
66 39
66 62
66 53
67 61
67 72
67 69
67 52
67 44
67 42
67 51
67 46
67 57
67 73
67 49
67 43
68 32
68 41
68 38
68 20
68 28
68 18
68 43
68 34
68 19
68 40
68 31
68 44
68 29
68 22
68 24
68 21
68 15
69 45
69 65
69 57
70 68
70 66
70 67
71 52
73 35
73 57
73 55
73 25
73 64
73 62
73 53
73 46
73 36
73 21
73 51
73 32
73 30
73 48
73 23
73 26
73 43
73 59
73 38
73 24
73 60
73 47
73 39
73 52
73 27
75 32
75 31
76 72
1 40
1 38
1 34
1 33
1 35
1 31
1 36
1 32
2 16
2 33
2 31
2 22
2 24
2 27
2 32
2 20
2 13
2 19
2 23
2 29
2 25
2 18
2 28
2 30
2 4
2 7
2 6
3 44
3 23
3 18
4 61
4 57
4 47
4 45
4 42
4 46
4 64
4 48
4 40
4 50
4 54
4 59
4 58
4 56
4 65
4 41
4 44
4 62
4 43
4 49
5 74
6 71
6 70
6 73
7 35
8 62
8 28
8 44
8 47
8 61
8 34
8 32
8 54
8 31
8 37
8 48
8 67
8 69
9 72
9 76
9 71
9 68
10 64
11 9
11 10
13 42
15 21
15 23
15 24
15 20
16 52
16 49
16 50
16 53
17 9
17 12
17 7
17 6
17 13
17 29
17 30
17 8
17 4
17 5
18 12
18 11
18 13
19 47
19 43
19 52
20 35
20 43
20 37
20 49
20 32
20 47
20 50
20 56
20 58
21 42
21 36
21 38
21 39
21 43
22 13
22 8
22 9
23 51
23 46
23 49
23 50
24 36
24 37
24 33
24 52
24 48
24 47
24 49
24 51
24 50
26 38
26 30
26 36
26 46
27 73
27 74
28 59
28 61
28 65
28 64
28 60
28 56
28 63
29 7
29 10
30 70
30 69
30 71
30 68
32 24
32 18
32 25
32 22
32 20
32 23
32 19
32 39
32 12
32 14
32 16
32 13
32 27
32 15
32 38
32 31
32 30
33 17
33 10
33 14
33 4
33 35
35 68
35 76
35 71
35 64
35 73
35 70
35 72
35 74
35 60
35 61
36 30
36 28
36 26
36 31
36 22
36 29
36 25
37 27
37 14
37 10
37 29
37 28
37 24
37 7
37 8
37 25
37 12
37 32
37 26
37 18
37 9
37 23
38 56
40 70
40 66
40 65
41 73
41 71
41 65
41 63
41 60
44 46
44 48
44 54
44 55
44 47
44 52
45 26
45 22
45 13
45 17
45 16
45 24
45 9
45 15
45 14
45 6
45 20
45 5
45 11
45 18
45 25
45 23
46 31
46 26
47 52
47 54
47 50
47 49
47 53
47 46
47 45
47 56
47 51
47 44
48 13
48 12
49 7
49 5
49 2
49 13
49 8
49 3
49 15
49 4
50 48
50 39
50 45
50 49
50 44
50 47
50 43
50 42
51 27
52 49
52 58
52 50
52 67
52 60
52 62
52 46
52 56
52 54
54 74
54 72
54 70
55 64
56 13
56 11
56 26
56 5
56 14
56 24
56 27
56 28
56 17
56 10
56 8
58 42
58 52
58 39
58 51
58 47
60 49
60 53
60 52
60 54
60 55
60 51
61 70
61 65
61 72
62 67
62 70
62 71
64 44
64 59
64 45
65 31
65 40
65 53
65 37
65 34
66 74
67 12
68 47
68 35
68 30
68 45
68 50
68 36
68 46
69 44
70 11
70 10
70 19
70 16
70 13
70 18
70 20
74 14
74 7
74 11
74 5
74 13
74 9
74 15
74 6
74 16
74 17
75 28
75 21
75 25
75 26
75 23
75 30
75 22
76 15
76 16
1 47
2 68
2 60
2 62
4 22
5 17
5 16
5 13
5 18
9 42
9 48
10 68
10 41
10 54
10 35
10 48
10 32
10 55
10 50
10 44
10 60
10 42
10 33
10 49
10 52
10 31
10 34
10 27
10 65
10 53
10 40
10 39
11 62
11 63
12 72
13 59
13 56
13 63
14 67
14 42
14 55
14 44
14 48
14 59
14 64
14 41
14 62
15 45
15 53
15 44
15 48
15 47
15 54
15 49
15 50
16 43
16 47
16 32
16 45
16 41
16 57
16 48
16 35
16 46
16 18
16 23
16 42
16 59
16 30
16 24
16 19
16 38
16 20
16 51
16 22
16 56
16 40
17 37
18 23
18 14
18 17
18 22
18 16
19 24
19 25
20 9
20 7
20 12
21 64
22 59
22 49
22 52
22 58
22 55
22 62
22 60
23 9
23 21
23 19
23 11
23 20
23 10
24 19
24 23
24 16
24 32
24 26
24 29
24 27
24 28
24 20
24 14
24 22
24 31
24 46
24 21
24 30
24 17
25 16
25 12
25 19
25 18
25 20
25 17
26 50
28 14
28 8
28 9
28 18
28 16
28 13
29 35
29 51
29 49
29 50
29 28
29 46
29 42
29 24
29 31
29 40
29 19
29 23
29 26
29 33
29 22
29 20
29 21
29 38
29 47
29 52
29 55
29 27
30 46
30 53
30 50
30 47
31 67
31 68
32 64
32 70
32 69
32 65
32 63
32 72
32 66
32 74
33 72
35 31
36 57
37 72
37 70
38 74
39 23
39 24
41 4
41 7
41 3
41 5
42 30
42 35
42 33
42 52
42 51
42 41
42 39
43 48
45 61
45 44
45 63
45 41
45 59
45 42
45 60
46 66
46 63
46 72
46 73
46 70
46 68
47 29
47 27
49 27
51 39
51 55
51 50
51 30
51 57
51 56
51 37
52 40
52 42
52 41
52 45
52 38
53 45
53 59
53 52
53 60
53 46
53 43
53 65
54 53
54 76
54 69
54 52
54 61
54 56
54 67
54 64
54 51
55 42
55 54
55 52
55 58
55 53
55 46
55 45
55 48
55 49
56 9
56 12
57 35
57 41
57 38
57 36
57 48
59 58
60 50
60 42
60 56
60 57
60 58
60 41
62 66
64 57
65 63
65 57
66 6
67 47
67 45
67 39
67 40
68 37
70 33
70 34
70 35
70 39
70 32
70 31
70 40
70 36
71 35
72 65
72 74
73 54
73 49
75 50
75 49
76 22
76 7
76 31
76 13
76 30
76 28
76 9
76 26
76 29
76 17
76 38
76 19
76 25
76 8
76 20
76 21
76 10
76 12
2 26
2 39
2 37
2 48
2 35
2 21
2 49
2 34
2 46
2 51
2 45
2 38
3 12
3 47
3 11
3 22
3 55
3 54
3 58
3 9
3 52
3 13
4 24
4 23
4 25
6 3
6 5
7 59
7 71
7 63
7 68
7 70
7 65
7 58
7 64
7 61
7 67
7 55
7 47
8 11
9 33
9 43
9 29
9 45
9 32
9 31
10 56
10 51
12 38
14 60
15 27
16 68
16 69
16 66
16 64
16 65
17 55
17 60
17 44
17 49
17 33
17 35
18 47
18 39
18 49
19 50
20 68
21 47
22 6
22 26
22 38
22 7
22 2
24 13
24 12
25 45
25 38
25 43
27 4
27 46
27 24
27 48
27 14
27 12
27 35
27 41
27 21
27 20
27 2
27 16
27 23
27 11
27 33
27 29
27 18
27 22
27 42
27 9
27 10
27 13
27 40
28 48
30 51
30 48
30 41
30 49
30 52
30 42
30 38
30 45
30 39
30 40
31 9
31 2
31 1
31 5
31 3
31 6
31 4
32 41
32 51
32 49
32 47
32 44
32 46
32 43
34 59
34 57
34 58
35 67
35 69
35 66
37 71
37 74
38 61
39 66
39 64
39 62
41 59
41 66
41 62
41 72
42 13
42 24
42 16
42 25
42 14
42 17
42 19
42 15
42 18
42 23
43 22
43 2
43 37
43 3
43 30
43 28
43 42
43 41
43 33
43 35
43 32
44 57
44 56
44 58
44 59
44 51
46 48
46 37
46 49
46 51
46 36
47 15
47 58
47 20
47 60
47 14
47 65
47 40
47 61
47 57
47 13
47 63
47 17
47 59
48 64
48 73
48 70
48 66
48 67
48 74
49 29
49 31
49 24
49 36
50 66
50 70
51 23
51 17
51 22
51 15
51 10
51 18
51 13
52 74
52 75
54 33
54 26
54 34
54 42
54 7
54 18
54 43
54 30
54 38
55 29
55 43
55 44
55 28
55 35
55 38
55 24
55 26
55 30
55 23
55 27
55 37
55 41
55 21
55 40
55 18
55 13
55 31
55 12
56 55
56 58
56 60
57 13
57 14
57 7
57 15
57 5
58 68
58 69
58 63
58 64
59 34
59 63
59 61
59 48
59 33
62 73
64 13
64 22
64 3
64 6
64 12
64 28
64 23
64 19
64 27
64 14
64 26
64 25
64 30
64 4
66 35
66 31
66 33
66 36
66 32
68 75
68 74
68 73
68 64
69 54
69 40
69 42
72 45
74 18
75 20
75 18
75 16
76 48
76 49
1 49
1 52
1 48
1 44
1 46
1 50
1 53
1 45
1 54
1 41
1 42
1 55
2 67
2 70
2 71
2 74
2 73
2 69
3 51
4 20
4 13
4 19
4 17
6 4
8 27
8 29
8 23
8 22
8 21
8 24
8 35
8 13
8 15
8 26
8 16
8 17
8 14
8 19
8 36
8 25
9 75
12 30
12 21
12 31
12 28
12 17
13 45
13 67
14 17
14 4
14 12
14 5
14 10
14 6
14 13
14 3
15 60
17 75
19 16
19 23
19 18
19 21
19 14
23 28
23 25
23 41
23 13
25 51
25 49
26 74
26 73
28 19
29 17
29 18
29 25
30 14
30 27
30 44
30 43
30 12
30 22
30 16
30 13
31 10
31 13
32 37
34 68
34 65
34 72
34 64
34 75
34 70
34 71
34 69
34 67
35 43
35 47
35 42
35 30
36 75
36 69
36 71
37 11
37 5
37 4
37 3
38 25
40 71
41 25
41 26
42 74
43 39
43 36
48 36
48 32
48 50
48 35
48 52
48 44
48 38
48 43
49 66
49 67
50 40
50 54
50 22
50 41
50 14
50 11
50 19
50 21
50 34
50 37
50 23
50 56
50 29
50 25
50 53
50 9
50 13
50 20
50 35
50 26
50 12
50 17
50 46
50 27
50 24
51 67
51 46
51 63
51 64
51 68
51 49
51 54
51 20
51 62
51 65
51 19
52 44
52 34
52 35
52 55
52 33
52 43
52 47
52 36
52 30
52 37
53 16
53 15
53 13
53 12
53 17
55 57
55 60
55 62
55 61
55 59
55 50
56 3
56 7
56 6
56 4
56 29
56 19
57 75
57 74
57 73
57 71
58 16
59 21
59 25
59 23
59 32
59 20
59 29
59 40
59 27
59 24
59 22
59 43
59 31
60 66
60 67
60 64
60 73
60 72
60 74
61 54
61 38
61 51
61 49
61 50
62 36
62 40
62 32
62 44
62 41
62 39
62 28
63 23
63 21
63 24
64 11
65 20
65 27
65 17
65 22
65 15
65 18
65 19
65 24
65 16
65 14
65 28
67 65
67 75
67 58
67 74
70 2
70 3
70 7
70 12
70 23
70 9
70 37
70 4
70 38
70 29
70 8
70 17
70 26
70 30
70 21
70 28
70 5
70 22
70 25
70 6
72 28
73 7
74 72
75 66
76 61
76 65
76 68
76 66
76 62
76 60
4 39
4 38
5 12
5 22
5 8
5 11
5 9
9 26
9 27
9 60
9 30
9 70
9 61
11 18
11 14
11 13
14 76
15 59
15 52
16 70
17 45
18 63
18 62
18 58
18 61
18 60
18 64
18 65
19 8
19 9
19 13
19 17
19 5
19 3
19 7
19 6
19 15
19 12
20 73
21 28
21 30
21 40
21 29
21 34
21 37
21 32
21 31
21 41
23 12
24 74
25 6
25 10
25 8
25 7
25 5
26 66
27 50
27 53
27 60
27 62
27 63
27 70
27 64
27 61
27 69
27 52
27 72
27 55
27 67
27 68
28 41
28 39
28 40
28 30
30 60
30 55
30 59
30 54
30 57
30 61
30 56
30 62
32 45
32 42
32 52
32 50
32 40
34 46
34 40
34 45
35 46
35 65
37 22
37 20
37 19
37 21
37 15
38 52
39 22
39 7
39 21
39 13
39 2
39 19
39 8
39 14
39 9
39 11
39 10
39 18
39 3
40 74
42 50
42 56
42 72
42 47
42 71
42 64
42 75
42 66
42 69
42 73
43 75
43 74
44 68
44 66
44 64
44 67
45 73
46 54
46 57
47 72
47 71
47 75
48 18
48 16
48 19
48 17
49 6
53 19
53 24
53 31
53 26
53 33
53 29
53 14
53 30
53 22
53 35
55 65
55 72
56 38
56 39
56 41
57 33
58 65
60 29
60 20
60 24
60 32
60 27
61 59
63 40
64 76
64 73
64 75
65 71
65 58
65 72
65 29
66 68
66 69
67 63
68 70
68 56
68 57
68 59
68 72
68 51
68 62
68 76
72 41
72 52
72 35
73 41
73 45
73 44
73 50
73 29
74 68
74 58
74 60
74 61
74 66
74 59
74 62
74 65
74 67
74 64
75 39
75 35
75 57
75 34
75 51
75 56
75 45
75 46
75 36
76 4
76 6
76 23
76 14
76 11
1 69
1 43
1 51
1 57
1 71
1 37
1 68
1 66
2 72
2 75
3 5
3 1
3 7
3 8
3 10
3 6
4 72
4 63
4 67
4 60
4 68
4 75
5 60
6 38
6 51
6 54
6 12
6 50
6 25
6 53
6 36
6 24
6 37
6 18
6 46
6 42
6 49
6 47
6 33
6 52
6 55
6 13
6 45
6 41
6 43
6 30
6 40
6 48
6 8
6 39
6 31
7 39
7 36
7 38
7 40
7 37
8 18
8 12
11 50
11 30
11 37
15 71
15 61
15 72
15 75
15 73
15 68
15 74
15 65
16 60
17 19
18 46
19 22
19 37
19 40
22 68
22 63
22 66
22 70
25 54
25 56
25 53
25 52
27 6
27 3
27 5
28 42
28 55
28 44
28 51
33 73
33 71
34 37
34 38
34 29
34 32
34 33
34 31
34 30
34 36
35 23
35 26
35 29
35 20
35 25
35 41
35 39
35 18
35 24
35 27
37 61
37 60
38 72
38 73
39 58
40 62
40 69
40 60
42 9
42 27
42 58
42 37
42 28
42 11
42 29
42 10
47 43
47 37
47 26
50 31
50 30
50 28
50 33
51 14
51 11
51 16
52 29
52 28
52 31
53 63
55 39
56 67
56 64
56 61
56 68
56 59
57 27
57 26
57 28
58 41
58 36
58 21
58 35
59 28
59 26
60 69
60 68
60 75
61 26
61 27
61 58
61 64
61 25
61 48
61 36
61 24
61 23
62 27
63 3
63 10
63 7
63 2
63 8
63 1
64 66
64 61
64 70
65 26
68 33
71 2
71 9
71 20
71 17
71 30
71 28
71 23
71 18
71 16
71 19
71 7
71 12
71 4
71 21
71 1
71 13
73 72
73 61
73 42
73 63
73 58
73 40
74 52
74 55
74 63
74 57
74 49
74 56
1 14
1 12
1 8
2 5
2 1
7 76
7 75
7 72
12 11
12 18
12 36
13 72
14 34
14 40
14 39
14 46
14 30
14 37
15 31
15 22
15 38
15 28
15 39
15 40
15 32
15 33
15 25
15 30
15 29
15 36
16 21
18 53
18 55
18 44
18 51
18 48
18 54
18 42
18 56
20 69
20 33
20 61
20 30
20 38
20 72
20 42
21 2
21 4
21 5
21 7
23 60
23 53
24 64
24 65
24 61
24 63
24 66
24 60
24 59
25 50
25 60
25 63
25 58
25 71
25 64
25 55
26 29
26 55
26 44
26 39
26 67
27 49
29 11
29 14
29 12
30 34
31 53
34 23
34 22
36 60
36 63
38 29
39 57
40 16
42 70
42 61
44 60
44 63
44 53
44 69
44 65
44 61
44 70
45 71
46 53
46 59
47 62
48 34
48 25
48 41
48 28
48 26
48 33
48 11
48 14
48 27
48 30
48 21
50 16
50 10
50 18
50 4
50 15
50 8
51 40
52 72
52 73
53 18
55 4
55 1
55 2
57 72
61 33
61 46
64 72
64 71
66 8
67 50
67 48
67 55
68 39
68 10
68 7
68 3
68 6
68 4
68 52
68 42
68 25
68 26
68 2
68 23
70 41
70 57
70 73
70 74
71 68
71 69
72 25
72 31
72 29
72 54
72 23
74 12
74 29
74 21
74 31
74 20
75 15
1 72
5 71
8 33
9 12
9 23
9 18
9 25
9 28
9 20
9 15
9 16
9 22
9 24
11 2
11 1
11 5
11 3
11 6
11 7
12 39
12 10
14 45
14 43
15 51
15 37
15 41
16 73
17 51
17 36
18 70
18 59
18 69
18 66
18 68
20 74
21 69
24 75
25 76
26 20
26 1
26 3
26 7
26 10
26 8
26 4
26 6
26 13
26 14
26 18
26 12
26 23
26 21
28 57
28 62
29 56
29 66
29 32
29 64
29 65
29 62
29 48
29 44
29 54
33 61
33 60
33 65
33 59
33 63
34 76
34 74
34 73
34 66
35 45
36 58
36 51
36 66
37 59
37 67
37 68
38 71
38 68
38 69
39 6
43 34
45 30
45 28
45 32
45 29
45 31
45 33
46 7
46 10
46 12
46 9
46 6
48 37
48 8
48 24
48 31
48 15
49 51
49 46
50 38
50 63
50 36
50 57
51 59
51 58
51 53
51 70
51 61
52 20
52 21
53 44
53 47
54 37
54 44
54 49
54 48
54 57
54 46
56 37
56 47
57 19
59 18
59 17
59 19
59 16
59 15
59 14
62 43
63 15
63 17
63 14
63 4
63 19
63 20
65 21
65 25
65 23
69 24
69 26
69 31
69 28
70 69
73 28
75 60
76 58
76 52
76 45
76 46
76 47
76 59
76 53
76 70
1 26
1 64
1 59
1 56
3 17
4 21
4 27
4 26
4 28
4 29
7 52
13 9
13 12
13 2
13 18
13 19
13 11
13 10
13 3
13 6
14 35
14 36
16 36
16 34
17 71
17 65
17 67
19 11
20 24
21 48
24 57
24 56
25 73
27 58
28 11
30 72
30 73
31 44
31 50
32 26
37 55
37 58
37 52
37 13
37 47
37 54
38 27
38 26
40 10
40 21
41 76
41 75
42 68
44 34
45 62
45 70
45 65
45 27
45 35
45 40
45 64
45 66
45 36
45 68
45 72
46 71
46 69
47 68
47 55
48 62
48 45
48 56
48 59
48 63
48 60
50 64
50 61
50 55
50 59
50 58
51 66
55 34
55 33
56 25
57 30
59 30
60 18
60 11
60 14
60 10
62 4
66 18
66 17
66 16
66 12
69 35
69 41
69 21
69 22
69 36
69 25
69 37
69 38
69 39
69 27
69 34
70 63
72 57
72 36
76 18
1 58
1 39
2 47
2 52
2 53
2 59
2 36
2 41
2 54
2 44
2 40
2 55
3 61
3 65
3 63
3 62
4 51
4 53
7 21
7 20
10 19
10 43
10 17
10 24
10 29
10 21
10 18
10 15
10 37
10 38
10 16
10 20
11 54
11 56
12 62
15 42
16 67
16 62
16 63
16 71
16 72
18 57
18 52
19 55
19 62
19 72
19 58
19 57
19 51
19 75
19 60
19 53
19 73
19 68
19 56
19 71
19 66
20 31
25 23
25 32
25 11
26 15
26 22
26 16
27 66
28 24
28 32
28 21
28 7
28 15
28 25
28 5
28 17
29 76
29 63
29 70
29 69
29 67
32 3
32 6
32 8
32 9
32 10
33 68
33 70
33 66
35 6
38 12
38 8
39 27
39 17
39 28
39 32
39 29
39 20
42 12
43 50
43 52
43 51
44 19
44 38
44 27
44 24
44 42
45 12
45 19
45 38
45 37
45 7
45 8
47 16
49 45
49 44
49 48
49 47
51 12
51 21
53 11
53 5
53 8
55 76
55 69
55 75
56 15
57 53
57 46
57 56
57 49
61 10
62 58
62 65
62 60
62 49
62 54
62 55
62 45
62 53
62 48
62 57
62 50
62 46
68 17
69 30
69 23
69 19
69 33
69 20
69 29
71 26
71 24
71 25
72 55
74 70
74 71
75 5
75 2
76 40
76 54
76 56
76 51
4 32
4 33
4 36
4 35
4 52
4 34
5 30
5 33
7 56
7 66
8 20
10 30
10 13
10 36
13 20
19 33
19 10
21 20
21 11
21 35
21 9
21 16
21 13
21 17
21 23
21 15
22 3
22 4
22 5
23 14
24 15
25 59
25 74
25 72
25 57
25 69
26 19
27 51
27 47
28 74
28 66
28 69
28 70
28 71
28 72
29 71
29 74
30 64
30 63
31 55
32 48
33 43
33 44
33 42
35 21
35 22
36 14
36 21
36 17
36 34
36 12
36 40
36 15
36 16
36 32
36 20
36 23
36 27
37 16
38 48
38 30
38 28
38 23
38 42
38 20
38 46
39 56
39 31
39 26
39 25
39 30
43 31
44 4
44 11
44 8
44 7
44 12
44 9
44 6
45 67
47 9
49 39
49 37
50 62
51 72
51 71
53 32
53 25
53 21
53 34
56 53
56 62
57 20
57 18
58 32
60 45
60 36
62 7
64 37
64 31
64 32
64 29
65 70
65 75
65 67
65 73
65 74
66 63
66 59
71 70
71 73
72 20
72 24
72 22
72 18
74 44
74 45
74 46
75 72
75 71
76 57
76 69
1 19
1 9
2 42
2 43
3 74
3 71
4 66
5 31
6 74
7 74
11 67
11 66
11 64
12 73
12 75
12 70
12 69
14 38
16 39
16 37
18 33
19 63
19 67
19 69
19 65
23 74
23 72
23 68
24 58
24 55
24 53
27 8
31 15
31 35
31 17
31 22
31 11
31 29
32 29
32 28
33 62
33 64
35 15
35 19
35 13
37 63
37 66
38 22
38 21
38 16
38 19
39 4
39 5
39 12
39 15
39 16
40 76
43 66
43 63
43 65
48 6
48 5
48 4
48 7
48 1
48 2
48 3
50 7
51 74
51 73
53 57
54 45
54 47
54 66
54 32
57 16
57 8
57 31
57 12
57 24
57 22
58 38
65 41
66 70
66 72
69 32
69 13
69 11
69 16
69 15
71 75
71 74
73 56
75 61
75 67
75 62
75 54
7 69
9 51
10 74
10 73
10 72
10 69
12 59
12 55
12 53
12 67
12 66
16 11
16 15
17 42
17 32
17 68
18 71
18 74
18 67
23 8
24 67
27 38
27 25
30 4
30 2
30 1
31 72
31 73
31 71
31 69
31 70
31 28
31 27
34 28
38 70
41 52
41 46
41 54
41 49
43 5
45 75
48 65
48 53
48 61
60 28
61 76
62 19
62 23
62 26
62 21
63 72
63 75
63 76
63 73
65 12
66 73
66 71
66 57
68 55
68 53
71 76
72 76
75 73
76 55
2 56
2 50
2 66
4 55
6 29
7 31
7 12
7 9
7 22
7 28
7 33
7 29
11 71
11 70
11 72
12 76
16 54
16 58
16 61
19 4
19 1
22 73
24 8
25 35
27 59
27 71
29 5
29 61
29 15
29 9
29 45
29 4
32 75
37 56
37 43
37 53
37 51
38 7
38 24
38 10
38 15
38 31
38 14
38 13
43 45
43 46
43 4
43 18
43 38
44 49
44 50
49 58
49 55
52 71
53 28
53 23
53 27
56 30
56 34
56 31
56 33
56 32
58 72
58 74
59 9
59 12
59 13
59 11
65 51
67 8
67 6
67 7
70 27
70 24
71 27
74 25
74 43
74 8
75 55
75 63
75 58
75 29
7 30
10 22
10 23
11 73
18 7
18 10
20 39
21 72
21 70
24 73
24 72
24 71
25 75
29 16
33 46
33 49
33 48
35 16
38 66
38 63
38 67
38 65
38 62
38 64
41 45
41 43
43 40
44 62
47 4
47 5
47 2
49 73
52 32
52 27
54 65
55 32
55 51
56 65
56 66
56 46
56 51
56 63
59 8
59 67
67 10
68 8
68 27
69 9
69 10
69 7
69 12
71 11
71 22
71 10
71 8
71 14
73 16
73 17
73 14
73 13
73 20
73 18
73 11
73 12
74 24
74 23
74 19
75 17
75 19
75 11
75 3
75 10
75 9
75 12
75 24
75 6
75 1
75 14
75 13
75 8
4 70
4 37
8 30
10 70
12 16
14 21
16 29
16 8
16 44
16 5
16 3
16 4
18 15
18 9
18 6
23 5
23 2
23 4
27 26
27 19
27 17
30 65
30 58
30 67
32 67
32 68
32 73
37 39
41 14
42 8
42 22
42 21
43 76
43 73
44 17
44 10
44 5
44 20
44 16
44 18
44 13
45 21
45 34
46 14
46 11
46 13
46 16
50 74
50 76
51 7
51 9
54 71
57 70
57 54
57 50
57 69
59 35
59 68
59 72
59 69
61 53
62 51
62 47
66 42
68 48
71 5
71 6
73 19
74 38
75 70
75 69
3 73
6 76
11 15
14 7
15 12
15 5
15 1
15 2
15 7
15 11
15 3
15 14
15 13
15 6
15 19
19 61
19 54
19 59
32 71
33 76
33 52
33 51
33 75
33 55
33 67
35 9
35 12
35 17
35 14
35 10
36 65
37 17
40 6
43 59
43 57
43 60
43 53
47 8
47 12
47 10
47 7
47 11
48 75
53 74
53 75
53 73
54 63
56 69
56 71
56 70
61 45
61 52
62 76
62 75
62 74
63 16
63 13
63 22
64 34
64 24
64 33
68 5
72 68
76 67
8 70
9 4
11 4
11 8
13 66
15 18
15 26
16 2
18 5
18 4
18 2
18 8
18 3
18 28
21 58
25 42
26 75
26 76
32 17
32 36
32 34
32 35
41 32
41 35
42 76
48 29
50 60
54 73
56 72
61 32
62 61
62 31
62 56
62 13
62 42
62 59
64 15
64 8
64 5
66 24
66 13
66 43
74 69
75 27
76 73
76 75
1 18
1 24
1 20
6 60
6 62
9 17
9 14
12 60
12 68
17 11
21 59
24 76
30 74
30 66
32 55
32 57
34 26
34 25
34 20
34 27
36 13
36 9
36 19
36 24
36 18
36 11
36 10
38 44
41 1
43 71
43 61
43 67
43 58
43 68
43 62
43 56
43 69
44 74
44 72
50 32
52 16
52 17
52 39
54 68
56 35
56 36
56 48
58 9
58 8
59 4
59 7
59 6
59 5
62 52
63 18
63 9
63 11
63 12
66 44
67 33
67 37
67 20
73 4
73 22
73 8
73 15
73 9
5 57
5 56
6 58
7 32
11 49
18 50
19 64
20 75
21 33
22 76
22 69
28 4
28 20
31 20
31 8
40 46
42 7
42 20
43 54
43 49
46 17
46 15
46 8
49 63
50 2
51 8
54 50
55 22
55 36
62 33
63 74
67 13
67 4
72 17
75 68
76 50
76 71
1 13
1 21
1 22
5 65
5 53
6 56
15 17
15 10
15 4
15 9
15 8
16 10
21 12
21 10
21 6
21 8
21 14
24 54
29 2
29 3
29 8
29 6
30 9
30 11
30 10
30 18
30 15
30 20
37 62
40 4
40 5
41 53
41 12
41 6
41 2
41 47
41 11
42 26
52 22
61 75
66 46
66 40
71 15
74 73
3 59
9 2
9 8
9 11
9 3
9 5
9 13
12 71
13 5
13 1
13 4
13 8
16 55
20 22
25 41
27 57
34 14
35 5
47 3
49 57
49 64
51 69
54 3
54 4
55 20
55 19
57 40
58 6
64 36
67 3
67 5
67 9
67 17
69 18
69 6
69 8
69 2
76 74
1 75
1 73
2 9
2 8
7 73
14 27
14 25
15 76
25 48
28 26
34 19
37 57
43 55
44 75
44 71
45 39
58 76
60 5
60 9
60 6
65 76
66 48
66 49
66 37
66 47
66 51
69 5
4 18
6 44
15 35
16 75
24 7
24 18
24 10
24 9
24 11
27 75
27 65
41 24
43 64
53 40
54 62
55 11
55 16
55 10
55 17
55 25
60 70
60 71
73 75
76 24
76 27
1 67
4 16
6 64
6 66
11 68
14 75
19 70
20 5
21 74
21 18
21 71
21 24
21 19
30 75
31 12
36 8
36 7
36 6
38 76
38 75
43 72
43 70
44 73
44 76
46 18
50 71
50 73
51 75
60 16
68 49
69 17
72 8
72 5
72 7
75 59
3 45
11 60
14 8
14 11
15 34
27 15
33 11
38 17
38 18
43 47
47 74
57 37
58 5
58 2
58 10
58 11
58 3
58 4
65 13
70 14
70 15
72 19
9 50
11 59
18 72
21 66
26 17
26 11
27 7
28 6
28 2
28 1
28 3
28 12
30 6
30 5
32 11
35 3
35 1
36 4
58 40
65 11
65 9
65 8
67 76
76 5
1 23
3 69
9 19
9 21
9 7
12 74
13 57
14 26
24 4
24 2
24 5
24 3
28 68
28 73
28 67
28 75
35 75
48 76
55 6
55 9
55 8
55 5
57 68
57 76
70 72
70 76
70 75
72 11
72 16
1 76
4 31
4 30
21 1
33 50
41 74
44 14
44 15
52 9
56 73
56 76
56 75
56 74
64 20
8 76
8 75
12 54
35 4
35 11
40 2
40 3
40 7
47 1
65 5
65 2
65 10
65 4
65 3
4 2
4 3
7 34
11 65
21 73
23 64
26 9
32 61
45 69
46 20
50 5
57 32
57 23
57 25
57 21
61 7
76 33
6 75
29 1
53 3
53 6
53 4
53 7
53 1
53 10
53 9
4 1
8 10
9 6
21 75
42 6
46 3
46 1
47 76
48 10
76 32
6 69
8 5
10 75
22 75
31 7
38 4
49 56
57 17
57 9
57 34
65 59
67 2
67 1
72 67
5 3
14 23
14 24
23 32
36 3
36 2
36 5
37 75
53 20
61 9
63 25
69 74
69 75
72 21
75 7
75 4
17 10
18 20
41 38
42 67
44 32
54 5
23 7
57 11
75 53
5 72
5 75
10 14
10 7
11 69
11 61
17 2
31 75
31 74
32 4
32 2
33 69
38 60
50 6
57 64
10 76
14 2
24 68
32 7
32 5
36 33
37 73
49 71
74 10
5 7
5 4
5 10
5 1
20 3
45 74
69 76
71 3
7 25
26 5
48 9
66 5
66 3
1 74
1 70
6 2
6 1
35 8
46 5
46 19
14 72
46 74
59 10
72 1
72 4
7 3
36 76
45 10
49 1
52 76
55 7
55 3
64 74
8 73
8 74
9 49
14 9
14 16
14 18
20 2
21 76
31 24
47 6
64 1
64 2
73 6
73 2
73 5
73 1
73 10
73 3
18 73
28 76
50 75
10 71
17 3
17 1
33 74
29 68
32 76
43 29
57 2
57 3
57 4
24 1
39 76
45 2
59 76
66 4
7 4
11 74
11 75
12 3
35 7
51 5
51 6
51 3
51 1
66 2
66 1
69 3
69 4
76 3
7 5
7 11
7 2
7 1
7 13
8 4
8 7
8 6
24 69
44 1
44 2
44 3
67 11
18 75
24 70
26 2
60 7
60 8
60 4
4 76
5 2
65 6
52 7
52 1
52 2
52 4
73 76
11 76
14 74
76 2
14 73
22 74
59 3
61 5
10 1
10 4
10 3
37 6
42 3
42 5
66 75
72 3
72 2
57 29
6 35
6 34
7 6
69 14
10 12
27 76
54 75
61 12
63 6
17 76
8 3
61 6
23 76
74 76
30 76
74 4
24 6
35 2
12 65
22 1
51 4
51 2
34 8
21 3
37 2
49 76
19 76
53 76
63 5
23 6
72 15
37 76
46 4
