20 186
1 2
2 3
3 4
4 5
5 6
6 7
7 8
8 9
9 10
10 11
11 12
12 13
13 14
14 15
15 16
16 17
17 18
18 19
19 20
20 1
1 10
1 4
1 8
1 5
1 7
1 11
1 9
2 17
2 13
2 16
3 17
4 14
4 15
5 7
5 10
6 4
6 5
6 8
7 12
7 13
8 15
8 16
8 19
9 13
9 6
9 8
9 15
9 12
9 5
9 14
9 11
13 7
14 7
14 11
14 8
14 9
15 7
15 8
15 9
15 10
16 15
17 15
17 16
18 2
19 5
20 4
2 18
3 9
3 12
4 6
4 2
4 7
4 3
5 3
5 4
5 8
6 11
6 12
6 13
7 17
7 18
9 16
9 17
9 20
10 6
10 7
10 14
10 12
11 20
11 15
11 18
12 18
13 6
13 11
13 16
13 10
13 4
13 8
13 15
14 12
15 11
15 3
15 1
15 6
15 5
15 2
16 10
18 8
18 3
18 10
18 9
18 6
2 20
2 19
3 14
4 16
5 17
5 14
5 9
5 18
5 16
5 19
5 11
6 9
7 9
7 4
7 10
7 3
7 6
9 7
10 3
12 10
14 17
14 16
15 4
16 11
16 9
16 8
17 14
18 16
19 16
19 17
19 18
19 14
19 12
1 3
2 10
2 12
3 19
4 10
4 9
5 12
5 13
8 18
9 18
11 13
11 14
11 19
12 11
12 14
13 9
13 12
13 5
15 20
16 18
16 19
17 8
17 13
17 9
17 12
18 14
18 17
18 11
19 11
19 10
19 13
19 15
20 10
20 11
3 15
3 18
3 10
3 13
4 8
4 11
4 13
