44 1431
1 2
2 3
3 4
4 5
5 6
6 7
7 8
8 9
9 10
10 11
11 12
12 13
13 14
14 15
15 16
16 17
17 18
18 19
19 20
20 21
21 22
22 23
23 24
24 25
25 26
26 27
27 28
28 29
29 30
30 31
31 32
32 33
33 34
34 35
35 36
36 37
37 38
38 39
39 40
40 41
41 42
42 43
43 44
44 1
1 21
1 29
1 17
1 14
1 20
1 24
1 30
1 35
1 23
1 16
1 28
1 40
1 22
1 18
1 19
2 24
2 25
2 27
2 29
4 37
4 33
4 39
4 34
4 35
4 41
5 4
5 3
5 9
5 12
5 10
5 1
5 13
6 24
7 25
7 18
7 29
7 27
7 21
7 26
7 19
7 31
7 28
7 22
8 41
8 37
8 39
8 36
9 15
9 19
9 20
9 14
9 13
9 12
9 17
9 11
9 16
10 28
10 38
10 40
10 29
10 37
10 30
10 35
10 36
11 28
12 30
12 29
13 29
13 34
13 23
13 33
13 22
13 36
13 30
13 21
13 24
13 32
13 35
13 20
14 37
14 41
15 39
16 29
16 27
16 23
16 24
16 25
17 33
17 31
17 26
17 32
17 25
18 9
18 20
18 21
18 16
18 13
18 22
18 10
18 11
18 12
18 23
19 30
19 27
19 23
19 26
19 29
21 19
21 18
21 25
21 20
21 24
22 40
22 32
22 39
22 28
22 37
22 36
22 27
24 16
24 4
24 29
24 19
24 7
24 1
24 15
24 27
24 17
24 2
24 22
24 21
24 6
24 13
24 11
24 20
25 41
26 29
26 28
27 24
27 15
27 18
27 17
27 16
30 33
30 32
30 35
31 36
31 25
31 28
31 21
31 18
31 35
31 29
31 24
31 30
31 19
31 34
31 27
32 14
33 36
33 42
33 38
33 37
33 41
33 29
33 27
33 28
33 40
34 21
34 22
34 18
34 20
35 40
36 33
36 32
37 19
37 17
37 23
37 24
37 16
37 21
37 22
37 25
38 19
39 3
39 6
39 7
39 5
40 23
40 20
40 24
40 32
40 39
40 28
40 35
40 34
40 31
40 27
40 22
40 36
41 30
41 21
41 23
41 29
41 20
41 32
41 25
41 35
41 34
41 19
41 24
41 28
42 11
43 9
43 19
43 12
43 15
43 11
43 10
43 17
43 18
43 8
44 27
44 22
44 24
44 30
44 26
44 23
44 25
44 31
1 41
1 42
3 33
3 17
3 27
3 12
3 26
3 30
3 40
3 31
3 5
3 19
3 24
3 9
3 22
3 20
3 13
3 23
3 6
3 35
3 14
3 10
3 18
3 15
3 28
3 37
3 29
3 7
3 25
4 20
4 21
4 16
4 18
4 11
4 15
4 14
4 12
4 17
5 37
5 35
6 14
6 16
6 15
6 11
7 30
7 36
7 37
7 35
7 32
7 33
8 20
8 12
8 15
8 10
8 17
8 23
8 13
8 24
8 16
8 21
8 19
9 34
9 33
10 39
10 22
10 43
10 26
10 42
10 41
10 33
10 27
11 14
11 26
11 16
11 15
11 19
11 23
11 25
11 18
11 29
11 17
12 31
12 33
12 32
12 37
12 39
12 40
12 41
13 37
13 31
13 40
13 39
13 38
14 20
14 17
14 19
14 18
15 18
17 15
17 19
17 20
18 14
19 12
19 8
19 13
19 17
19 18
19 16
20 10
20 17
20 12
20 7
20 16
20 8
20 15
20 6
21 4
21 6
22 21
22 15
22 18
22 25
22 20
22 24
23 32
23 33
23 37
23 34
24 36
24 34
24 35
24 38
25 6
26 16
26 11
26 12
26 13
26 10
27 23
27 14
27 13
27 8
27 5
27 6
27 22
27 11
27 9
27 12
27 19
27 10
27 4
28 37
28 35
29 39
29 40
30 25
30 29
30 23
30 24
30 18
30 17
30 27
30 14
30 36
30 28
30 15
30 10
30 21
31 20
32 13
32 15
32 20
32 25
32 22
32 21
32 11
33 18
33 24
33 17
35 31
35 32
37 31
37 27
37 29
37 32
37 26
38 33
38 35
38 32
38 34
38 29
38 31
38 30
39 32
39 33
40 13
40 11
42 38
42 26
42 25
42 41
42 32
42 30
42 33
42 37
42 28
42 34
42 31
43 42
43 40
43 39
44 38
1 33
1 32
1 26
1 31
2 26
2 23
3 11
3 16
4 25
4 30
4 27
4 29
4 28
5 25
5 24
5 20
5 19
5 23
5 16
5 15
5 21
5 18
6 18
7 16
7 20
7 9
7 6
7 12
7 15
7 17
7 11
7 13
7 23
8 33
9 18
10 2
12 27
12 28
13 19
13 26
13 41
13 15
13 17
13 25
13 28
13 27
14 6
15 23
15 28
15 22
15 25
15 26
15 32
15 29
15 30
16 30
18 15
19 41
19 40
19 44
19 39
20 34
20 36
21 29
21 28
21 36
21 34
21 33
21 35
21 32
22 10
22 9
23 16
23 18
23 20
23 19
23 17
24 42
24 40
24 41
25 18
25 12
25 11
25 17
25 13
25 7
25 15
25 14
25 20
28 39
28 34
29 10
29 12
30 16
30 11
30 20
30 19
31 42
31 33
31 37
31 40
31 38
32 6
32 5
33 30
33 31
33 35
34 12
35 24
35 26
35 23
35 28
35 27
36 31
37 34
37 39
37 28
37 12
37 40
37 10
37 18
37 30
37 14
37 13
37 15
37 33
39 18
39 16
39 23
39 19
39 22
39 17
40 33
40 29
40 18
40 30
40 8
40 16
40 7
40 12
40 17
40 26
40 15
40 9
40 21
41 27
41 26
42 7
42 6
42 3
42 5
43 16
43 21
43 22
43 20
44 20
44 16
44 17
44 19
44 21
44 32
44 18
44 35
44 15
44 29
1 39
2 16
2 22
2 14
2 21
2 19
2 18
2 20
4 40
4 42
8 6
8 4
9 32
9 28
9 24
9 29
9 27
9 22
9 26
9 21
11 43
12 14
12 15
14 7
14 4
14 12
14 16
14 9
14 10
14 8
15 41
15 43
17 12
17 21
17 22
17 28
17 14
17 13
17 30
17 24
21 13
21 14
21 17
22 7
22 8
22 14
23 38
27 36
27 33
27 32
27 38
28 33
28 30
28 31
29 19
29 13
29 18
29 15
29 17
32 7
34 36
34 23
34 37
34 19
34 25
34 24
34 40
34 33
34 31
34 16
34 39
34 38
34 17
38 14
38 18
38 17
38 15
38 16
39 28
40 25
40 6
40 5
40 19
41 39
41 36
41 37
42 27
43 34
43 33
44 13
44 7
44 14
44 12
44 11
44 10
1 27
3 2
4 43
4 44
5 40
5 26
5 30
5 27
5 22
5 39
5 29
6 26
6 27
6 31
6 28
6 33
7 38
8 28
8 27
9 23
9 25
10 31
11 4
11 5
11 7
12 19
12 24
12 21
12 22
12 18
12 20
12 17
14 23
14 25
14 32
14 26
14 24
14 28
14 31
15 34
15 36
15 38
15 40
16 32
16 31
17 40
17 38
18 7
18 8
19 11
19 15
19 14
20 3
20 2
20 1
21 23
21 38
21 39
21 26
21 16
21 42
21 15
21 30
21 44
22 42
22 35
22 34
22 33
22 30
22 38
22 41
24 28
24 33
24 32
25 34
25 31
25 30
25 32
27 35
27 39
27 25
27 30
27 26
29 38
29 36
30 39
30 40
30 43
30 37
30 42
31 13
31 9
31 5
31 6
31 10
31 8
31 15
31 7
31 11
32 38
32 35
33 22
33 20
33 16
33 21
33 4
33 9
33 13
33 2
33 10
33 15
33 8
33 1
33 6
34 13
35 12
35 13
35 15
39 38
39 37
39 36
39 42
3 41
4 9
4 10
4 7
6 4
6 5
7 3
9 43
11 33
11 36
12 43
12 42
12 38
14 30
15 35
16 28
16 26
17 39
17 29
17 34
17 23
17 42
18 24
19 34
20 31
20 33
21 3
21 11
21 10
21 5
21 9
22 19
22 31
22 26
22 17
23 42
23 25
23 44
23 27
23 29
23 30
23 36
23 39
23 21
25 27
25 29
26 32
26 31
26 39
26 40
26 35
26 33
30 34
32 9
32 12
33 39
33 43
34 11
36 24
36 19
36 29
36 30
36 16
36 28
36 21
36 23
36 15
36 20
38 13
38 12
39 27
39 24
41 4
41 6
41 10
41 11
41 8
42 22
42 23
42 24
43 7
43 13
44 37
44 33
44 36
1 25
5 32
5 31
6 34
6 32
7 14
8 30
8 29
9 31
10 21
10 24
10 12
10 17
10 23
10 9
15 31
16 39
16 38
18 42
18 44
19 31
19 38
19 37
21 8
21 7
24 31
26 8
26 5
26 3
28 16
28 19
28 11
28 15
28 10
28 12
28 17
28 21
29 32
29 33
29 37
29 35
30 26
31 22
32 23
34 15
35 19
35 38
35 30
35 37
35 39
35 22
35 29
35 20
35 33
37 36
37 35
38 37
38 28
38 27
41 12
41 33
41 15
41 14
41 18
41 22
41 16
41 31
43 14
43 29
43 32
43 31
43 26
43 28
43 23
44 39
1 3
1 12
1 4
1 7
1 10
3 34
5 33
5 34
6 43
7 24
8 11
8 2
8 25
8 14
8 22
8 18
8 7
8 5
8 26
9 44
11 30
11 35
11 39
11 27
11 22
11 21
11 3
11 34
11 8
11 37
11 32
11 20
12 25
14 22
14 5
14 11
16 40
16 37
19 21
20 24
20 23
21 31
21 27
21 12
21 2
24 12
24 37
24 14
24 18
24 23
24 30
26 19
28 44
28 42
31 23
31 17
32 43
34 29
34 32
34 30
34 27
34 28
35 7
36 26
36 27
37 5
37 9
37 11
37 6
39 4
40 38
44 42
44 43
2 12
2 15
3 32
6 8
6 10
7 39
7 42
7 40
7 41
11 38
12 11
13 10
13 9
13 11
13 18
14 33
15 37
15 33
17 10
18 34
19 6
20 29
22 12
22 13
23 28
23 26
23 31
24 43
25 19
25 23
25 8
25 4
25 16
26 24
26 25
26 21
26 38
26 37
26 22
26 23
26 34
26 20
26 30
26 36
27 31
29 20
31 26
32 37
32 36
33 14
33 11
34 9
34 6
34 7
34 5
34 26
36 14
38 23
38 20
38 26
38 24
39 31
39 30
41 40
42 8
42 10
43 41
44 5
44 6
44 4
1 11
1 8
1 13
1 9
2 33
2 36
2 38
2 39
2 32
2 34
2 30
3 36
3 21
3 38
9 3
10 44
11 40
16 14
16 18
16 21
16 20
16 22
16 15
17 11
18 36
18 35
18 33
20 38
21 43
23 22
27 40
27 41
27 34
27 42
32 42
32 40
33 32
34 44
36 34
41 9
41 7
42 35
42 36
42 39
2 17
5 2
6 36
6 39
6 29
6 22
6 30
6 23
6 19
6 37
6 38
8 34
8 38
8 35
8 32
9 30
9 7
10 34
11 10
12 7
12 9
12 5
12 2
12 3
12 4
12 1
13 1
14 21
16 33
16 35
16 34
17 16
17 27
18 27
18 28
19 24
19 22
20 32
23 35
24 39
26 14
26 18
26 17
26 15
26 9
28 2
28 1
31 12
35 10
35 16
35 17
36 13
36 12
38 41
38 40
39 8
39 11
39 10
42 29
43 36
43 38
43 35
44 41
2 37
2 35
4 23
5 28
6 42
6 40
7 44
8 40
12 35
13 8
13 7
13 3
13 4
15 12
15 27
15 11
15 24
15 13
15 14
16 7
16 13
16 6
16 9
16 5
16 19
16 10
16 12
16 11
18 17
21 40
25 24
25 28
25 3
25 22
25 10
25 5
27 21
28 40
28 41
28 38
29 42
38 22
38 25
39 9
39 13
39 15
39 12
39 20
39 14
40 44
40 43
4 26
4 24
5 43
5 36
5 41
6 13
6 12
8 31
10 20
13 12
13 16
15 17
18 41
18 37
18 38
18 43
19 35
20 5
20 4
23 13
23 12
23 3
23 2
23 8
23 40
23 5
23 11
23 14
23 10
27 37
27 43
28 26
28 27
30 41
30 44
31 14
31 16
32 16
32 17
33 26
33 23
33 25
33 19
33 7
34 8
36 4
36 6
39 21
40 14
41 38
42 12
42 13
42 15
43 37
43 24
44 34
4 8
6 17
10 15
10 14
10 7
10 6
10 25
10 19
11 24
11 13
13 42
20 28
20 27
20 30
20 25
20 26
20 18
23 6
23 4
24 26
25 36
25 38
25 35
25 40
28 20
28 22
28 18
28 32
28 23
29 34
32 39
34 10
37 43
38 21
1 6
1 15
2 31
3 42
6 25
6 21
7 4
7 10
7 1
7 5
7 2
8 3
