19 206
1 2
2 3
3 4
4 5
5 6
6 7
7 8
8 9
9 10
10 11
11 12
12 13
13 14
14 15
15 16
16 17
17 18
18 19
19 1
1 7
2 15
2 16
2 13
2 14
5 14
5 12
6 9
6 4
6 5
6 10
6 8
6 3
7 14
7 15
9 16
9 12
9 13
10 14
10 12
10 13
11 14
12 14
12 16
14 16
14 19
15 18
15 17
16 14
17 2
17 7
17 6
17 10
17 9
17 4
17 12
17 13
18 13
18 15
18 16
19 18
1 9
1 5
1 8
2 12
2 11
3 2
7 12
8 6
8 11
8 4
8 10
9 14
9 15
10 9
10 7
10 8
11 16
11 13
11 15
12 18
12 11
12 17
13 12
13 10
14 13
14 12
15 8
15 10
15 12
15 7
16 5
16 3
16 10
16 9
16 4
17 8
18 10
19 13
19 17
1 11
1 13
4 18
5 3
5 4
5 8
6 12
6 13
6 11
7 10
7 13
7 6
7 11
9 6
9 8
9 7
9 17
12 4
12 8
12 7
13 18
13 19
13 15
13 16
18 12
1 14
1 16
2 10
2 17
2 8
3 14
3 11
3 12
3 13
3 16
3 10
3 15
3 8
5 16
5 17
6 14
10 1
11 9
11 10
16 7
16 8
17 11
17 15
19 8
19 5
19 4
3 9
4 9
4 8
4 15
4 11
4 13
4 17
4 16
5 2
6 16
6 15
8 15
8 16
11 17
12 9
12 15
13 4
13 8
13 5
17 14
19 14
6 17
7 9
8 14
13 7
13 6
13 9
14 5
15 19
17 16
18 6
18 5
18 9
1 18
2 18
8 7
8 5
8 13
9 11
12 10
16 19
18 11
19 2
19 9
19 11
19 7
19 10
1 19
3 7
3 5
3 6
7 18
10 2
11 2
12 2
12 6
