126 8546
1 2
2 3
3 4
4 5
5 6
6 7
7 8
8 9
9 10
10 11
11 12
12 13
13 14
14 15
15 16
16 17
17 18
18 19
19 20
20 21
21 22
22 23
23 24
24 25
25 26
26 27
27 28
28 29
29 30
30 31
31 32
32 33
33 34
34 35
35 36
36 37
37 38
38 39
39 40
40 41
41 42
42 43
43 44
44 45
45 46
46 47
47 48
48 49
49 50
50 51
51 52
52 53
53 54
54 55
55 56
56 57
57 58
58 59
59 60
60 61
61 62
62 63
63 64
64 65
65 66
66 67
67 68
68 69
69 70
70 71
71 72
72 73
73 74
74 75
75 76
76 77
77 78
78 79
79 80
80 81
81 82
82 83
83 84
84 85
85 86
86 87
87 88
88 89
89 90
90 91
91 92
92 93
93 94
94 95
95 96
96 97
97 98
98 99
99 100
100 101
101 102
102 103
103 104
104 105
105 106
106 107
107 108
108 109
109 110
110 111
111 112
112 113
113 114
114 115
115 116
116 117
117 118
118 119
119 120
120 121
121 122
122 123
123 124
124 125
125 126
126 1
1 94
1 36
1 37
1 58
1 43
1 105
1 34
1 32
1 74
1 52
1 35
1 46
1 103
1 71
1 39
1 97
1 87
1 54
1 92
1 95
1 77
1 45
1 49
1 60
1 101
1 99
1 106
1 100
1 80
1 53
1 73
1 75
1 40
1 93
1 56
1 78
1 104
1 41
1 91
1 57
1 111
1 72
1 84
1 42
1 88
1 86
1 50
1 102
1 110
1 65
2 64
2 70
2 39
2 37
2 84
2 35
2 27
2 71
2 41
2 51
2 55
2 75
2 59
2 29
2 79
2 50
2 78
2 69
2 54
2 31
2 44
2 30
2 46
2 38
2 81
2 60
2 26
2 43
2 32
2 66
2 49
2 42
2 82
2 83
2 72
2 47
2 73
3 113
3 102
3 106
3 118
3 112
3 111
3 120
3 110
3 101
3 103
3 114
3 108
3 104
4 80
4 76
4 82
4 81
4 71
4 79
4 74
5 125
6 82
6 76
6 87
6 80
6 85
6 75
6 79
6 77
6 81
6 78
6 83
7 112
7 107
7 108
7 110
7 111
8 101
8 110
8 118
8 114
8 106
8 107
8 113
8 111
8 105
8 103
8 109
8 116
8 117
8 115
9 93
9 90
9 87
9 88
9 83
9 89
9 91
10 92
10 110
10 95
10 94
10 106
10 109
10 105
10 91
10 102
10 107
10 103
10 100
10 96
11 40
11 36
11 44
11 41
12 110
12 111
12 112
13 113
13 121
13 125
13 117
13 90
13 111
13 122
13 92
13 123
13 110
13 89
13 112
13 93
13 83
13 102
13 106
13 119
13 95
13 96
13 114
13 86
13 104
13 100
13 115
13 85
13 103
13 107
13 120
14 93
15 89
15 87
15 91
15 96
15 90
15 98
15 97
15 86
15 88
16 52
16 54
16 55
16 50
16 57
16 44
16 56
16 45
17 122
17 116
17 125
17 121
17 126
17 114
17 120
17 124
18 68
18 107
18 93
18 102
18 86
18 90
18 108
18 94
18 89
18 81
18 70
18 105
18 78
18 104
18 96
18 85
18 101
18 88
18 73
18 106
18 87
18 99
18 83
18 72
18 110
18 103
18 74
18 79
19 104
19 103
19 108
19 105
19 107
22 102
22 65
22 50
22 89
22 64
22 101
22 85
22 96
22 108
22 122
22 94
22 33
22 69
22 114
22 117
22 66
22 67
22 107
22 70
22 58
22 68
22 99
22 39
22 106
22 51
22 59
22 55
22 98
22 118
22 109
22 45
22 36
22 121
22 43
22 123
22 75
22 35
22 41
22 110
22 49
22 77
22 115
22 61
22 81
22 93
22 62
22 57
22 78
22 46
22 91
22 84
22 42
22 63
22 73
22 82
22 76
22 54
22 88
22 87
24 114
24 113
24 112
24 111
25 73
25 77
25 70
25 62
25 71
25 53
25 69
25 68
25 78
25 74
25 76
25 80
25 60
25 61
25 63
25 72
25 56
25 65
25 67
25 54
26 86
26 88
26 84
26 92
26 85
26 87
26 90
27 62
27 55
27 58
27 72
27 77
27 59
27 52
27 75
27 71
27 65
27 51
27 64
27 61
27 49
27 56
27 67
27 69
27 60
27 54
27 53
27 57
27 44
28 37
28 12
28 25
28 26
28 11
28 36
28 16
28 34
28 17
28 39
28 13
28 33
28 32
28 23
28 20
28 18
28 10
28 31
28 35
28 30
29 32
29 22
29 51
29 52
29 40
29 50
29 9
29 25
29 27
29 14
29 54
29 17
29 20
29 19
29 56
29 15
29 21
29 18
29 35
29 44
29 34
29 26
29 11
29 46
29 16
29 33
29 43
30 105
30 90
30 104
30 98
30 92
30 100
30 106
30 91
30 102
30 103
30 94
30 99
31 120
32 94
32 95
33 73
33 79
33 84
33 75
33 83
33 80
33 72
33 74
33 82
34 104
34 105
35 37
35 38
35 41
35 40
36 20
36 15
36 10
36 14
36 11
36 26
36 27
36 18
36 24
36 9
36 19
36 13
37 95
37 94
37 84
37 106
37 78
37 101
37 90
37 47
37 27
37 54
37 50
37 65
37 98
37 20
37 104
37 67
37 74
37 79
37 93
37 66
37 86
37 68
37 62
37 60
37 41
37 53
37 100
37 80
37 96
37 29
37 18
37 25
37 49
37 19
37 51
37 58
37 52
37 56
37 77
37 61
37 42
37 39
37 31
37 59
37 88
37 24
37 99
37 35
37 71
37 72
37 45
37 63
37 16
37 40
37 83
38 57
38 52
38 50
38 70
38 61
38 53
38 48
38 62
38 71
38 73
38 67
38 51
38 65
38 36
38 64
38 42
38 35
38 63
38 46
38 40
38 34
38 45
38 69
39 51
39 43
39 45
39 38
39 49
39 37
39 50
39 34
39 44
39 42
39 35
40 10
40 8
40 13
40 29
40 33
40 11
40 38
40 22
40 28
40 26
40 34
40 37
40 14
40 25
40 18
40 32
40 23
40 30
40 19
40 16
40 39
40 31
41 66
41 51
41 64
41 54
41 69
41 61
41 57
41 52
41 67
41 68
41 58
41 65
41 62
41 55
42 35
42 54
42 71
42 69
42 47
42 65
42 52
42 51
42 44
42 62
42 38
42 78
42 76
42 60
42 37
42 49
42 46
42 77
42 40
42 73
42 66
42 58
42 41
42 48
42 64
43 12
43 36
43 34
43 30
43 19
43 18
43 22
43 28
43 39
43 31
43 21
43 35
43 32
43 20
43 13
43 11
43 25
43 24
43 17
43 15
44 94
44 78
44 55
44 50
44 60
44 93
44 96
44 58
44 61
44 73
44 83
44 75
44 95
44 62
44 68
44 101
44 71
44 86
44 70
44 57
44 59
44 90
44 56
44 74
44 53
44 82
44 84
44 46
44 80
44 81
44 91
44 47
44 97
44 49
44 64
44 63
45 65
45 57
45 56
45 50
45 41
45 55
45 48
45 62
45 51
45 33
45 38
45 44
45 63
45 61
45 49
45 40
45 52
45 59
45 32
45 35
46 72
46 79
46 64
46 41
46 54
46 42
46 32
46 30
46 67
46 52
46 71
46 76
46 58
46 37
46 62
46 69
46 31
46 45
46 66
46 61
46 26
46 60
46 74
46 59
46 57
46 78
46 77
46 63
46 73
46 39
46 38
47 69
47 40
47 85
47 61
47 49
47 60
47 67
47 81
47 46
47 89
47 78
47 79
47 80
47 62
47 70
47 77
47 63
47 50
47 59
47 42
47 87
47 56
47 58
47 74
47 37
47 52
47 43
47 88
47 73
47 68
47 83
47 57
47 51
47 86
47 66
47 53
47 65
48 70
48 61
48 51
48 79
48 80
48 50
48 45
48 43
48 74
48 44
48 75
48 53
48 57
48 58
48 76
48 56
48 71
48 60
48 66
48 73
48 82
48 78
48 83
48 55
49 116
49 106
49 108
49 111
49 105
49 117
49 107
49 112
50 6
50 7
51 115
51 116
51 112
51 111
52 114
52 113
52 111
52 119
52 118
52 117
53 59
53 71
53 65
53 74
53 61
53 67
53 63
53 66
53 73
53 75
54 99
54 95
54 92
54 96
54 94
54 104
54 101
54 90
55 39
55 34
55 45
55 52
55 35
55 42
55 38
55 49
55 46
55 32
55 43
55 57
55 33
55 37
55 41
55 36
56 18
56 15
56 12
56 11
56 22
56 10
56 13
56 16
56 14
56 20
57 118
57 116
57 110
57 120
57 109
57 114
57 113
57 112
58 26
58 43
58 36
58 11
58 8
58 50
58 16
58 10
58 17
58 7
58 21
58 24
58 41
58 19
58 20
58 35
58 47
58 51
58 52
58 23
58 42
58 37
58 33
58 27
58 40
58 34
58 54
58 29
58 12
58 25
58 30
58 46
58 44
59 32
59 119
59 95
59 68
59 29
59 67
59 66
59 114
59 116
59 113
59 54
59 45
59 37
59 79
59 71
59 69
59 31
59 73
59 34
59 84
59 57
59 28
59 44
59 78
59 99
59 85
59 92
59 53
59 86
59 87
59 88
59 97
59 52
59 91
59 76
59 117
59 83
59 82
59 109
59 41
59 36
59 70
59 120
59 94
59 49
59 80
59 101
59 56
59 89
59 115
59 110
59 46
59 47
59 112
59 74
59 72
59 96
59 102
59 108
60 55
60 51
60 44
60 54
60 43
60 45
60 53
60 47
60 48
60 50
62 17
62 12
62 15
62 8
62 6
62 3
62 16
62 10
62 13
62 11
62 18
63 56
63 62
63 60
63 61
63 57
63 58
64 109
64 110
64 105
65 89
65 92
65 90
65 91
66 82
66 83
67 115
67 108
67 90
67 102
67 97
67 96
67 101
67 89
67 103
67 105
67 87
67 93
67 95
67 112
67 104
67 92
67 114
67 99
68 113
68 118
68 115
68 112
69 63
69 81
69 77
69 75
69 62
69 65
69 72
69 67
69 76
69 80
69 78
69 82
69 86
69 83
70 64
70 61
70 62
70 65
70 58
70 67
70 66
70 59
71 99
71 106
71 101
71 97
71 95
71 92
71 105
71 96
71 93
71 98
71 102
72 61
72 59
72 69
72 68
72 63
72 70
72 67
72 62
72 66
73 49
73 50
73 47
73 46
73 44
74 60
74 91
74 94
74 69
74 72
74 65
74 80
74 63
74 88
74 83
74 97
74 85
74 76
74 82
74 81
74 68
74 89
74 78
74 90
74 66
74 77
74 87
74 95
74 59
74 62
74 86
75 93
76 86
76 85
77 103
77 109
77 108
77 110
77 105
77 106
77 111
77 114
77 107
78 84
78 86
78 87
78 88
78 85
78 89
79 52
79 48
79 51
79 50
79 57
79 49
79 56
80 123
80 124
80 126
80 125
81 35
81 38
81 33
81 42
81 37
81 53
81 47
81 41
81 43
81 46
81 45
81 39
81 40
81 34
81 50
82 112
82 95
82 105
82 118
82 110
82 101
82 94
82 103
82 100
82 115
82 109
82 113
82 90
82 96
82 107
82 92
82 98
82 114
82 89
82 108
82 102
83 7
83 8
83 6
83 4
83 14
83 9
83 13
83 5
84 114
84 122
84 123
84 121
84 116
84 120
84 118
84 115
84 113
85 59
85 69
85 70
85 84
85 56
85 57
85 54
85 76
85 68
85 87
85 49
85 88
85 60
85 82
85 55
85 50
85 83
85 46
85 72
85 91
85 92
85 62
85 90
85 75
85 48
85 77
85 65
85 61
85 71
85 80
86 89
86 91
86 94
86 98
86 81
86 97
86 95
86 93
86 90
86 88
87 50
87 77
87 76
87 101
87 105
87 65
87 103
87 104
87 110
87 74
87 44
87 45
87 117
87 124
87 61
87 55
87 34
87 53
87 63
87 40
87 106
87 68
87 123
87 71
87 78
87 42
87 38
87 46
87 36
87 54
87 41
87 62
87 99
87 64
87 84
87 56
87 114
87 108
87 107
87 37
87 59
87 97
87 92
87 90
87 86
87 72
87 57
87 113
87 109
87 94
87 69
87 93
87 111
87 67
87 73
87 121
87 47
87 95
87 48
87 102
88 91
88 103
88 102
88 82
88 111
88 94
88 81
88 108
88 87
88 96
88 101
88 109
88 83
88 105
88 93
89 98
89 97
89 99
91 71
91 83
91 82
91 77
91 87
91 90
91 64
91 61
91 100
91 75
91 72
91 63
91 94
91 62
91 81
91 96
91 97
91 98
91 88
91 89
91 65
91 59
91 84
92 39
92 36
92 34
92 63
92 89
92 68
92 80
92 78
92 45
92 42
92 32
92 86
92 56
92 66
92 54
92 75
92 79
92 52
92 74
92 35
92 62
92 59
92 48
92 28
92 58
92 64
92 85
92 41
92 30
92 53
92 83
92 65
92 51
92 55
92 46
92 61
92 90
92 60
95 25
95 26
95 24
95 55
95 42
95 67
95 51
95 31
95 33
95 22
95 58
95 52
95 59
95 60
95 21
95 29
95 45
95 18
95 27
95 28
95 66
95 41
95 53
95 30
95 54
95 56
95 70
95 39
95 23
95 43
95 37
95 47
95 68
95 16
95 38
95 61
96 39
96 25
96 27
96 49
96 35
96 21
96 37
96 42
96 34
96 47
96 29
96 30
96 44
96 40
96 28
96 41
96 23
96 46
96 32
96 36
96 22
96 26
96 50
96 24
96 54
96 55
97 89
97 80
97 96
97 90
97 81
97 91
97 82
97 87
97 92
97 99
97 85
97 95
98 121
98 104
98 116
98 123
98 103
98 109
98 118
98 117
98 113
98 106
98 120
98 119
98 108
99 79
99 108
99 123
99 105
99 97
99 85
99 115
99 82
99 91
99 81
99 94
99 84
99 83
99 101
99 103
99 102
99 116
99 92
99 121
99 119
99 73
99 124
99 110
99 122
99 74
99 75
99 118
99 117
99 96
99 76
99 95
100 93
100 89
100 90
100 105
100 97
100 94
100 81
100 109
100 85
100 77
100 99
100 84
100 98
100 95
100 83
100 86
100 104
100 96
100 80
101 93
101 90
101 92
101 109
101 103
101 89
101 86
101 106
101 94
101 100
101 98
101 85
101 104
101 99
101 83
101 107
102 100
102 84
102 81
102 95
102 97
102 94
102 92
102 83
102 98
102 93
102 82
102 88
102 104
102 96
102 90
102 91
102 86
103 58
103 59
104 108
104 106
105 65
105 67
105 64
106 25
106 21
106 26
106 22
107 89
107 82
107 103
107 81
107 83
107 93
107 92
107 102
107 97
107 87
107 96
107 86
107 100
107 91
107 80
107 101
108 36
108 39
108 40
109 121
109 104
109 118
109 108
109 112
109 116
109 103
109 117
109 113
109 111
109 106
110 113
110 114
110 109
110 107
111 17
111 40
111 31
111 42
111 41
111 37
111 13
111 15
111 22
111 19
111 34
111 20
111 24
111 33
111 30
111 43
111 29
111 26
111 23
111 38
111 21
112 66
113 37
113 45
113 39
113 33
113 38
113 46
113 47
113 18
113 36
113 23
113 49
113 44
113 32
113 20
113 31
113 21
113 48
113 29
113 40
113 34
113 17
113 27
114 44
114 16
114 26
114 21
114 38
114 35
114 31
114 33
114 45
114 25
114 41
114 30
114 17
114 28
114 29
114 37
114 32
114 42
115 38
115 53
115 51
115 47
115 57
115 54
115 64
115 48
115 59
115 41
115 63
115 50
115 58
115 49
115 68
115 69
115 40
115 55
115 52
116 33
116 45
116 6
116 29
116 66
116 36
116 40
116 39
116 18
116 28
116 23
116 75
116 60
116 26
116 67
116 22
116 64
116 71
116 73
116 21
116 41
116 76
116 19
116 11
116 34
116 51
116 17
116 52
116 46
116 30
116 47
116 57
116 72
116 59
116 42
116 38
116 69
116 32
116 65
116 12
116 25
116 24
116 68
116 16
116 50
117 123
117 125
117 124
118 14
118 15
118 7
118 8
118 12
118 18
118 17
118 6
118 10
119 105
119 112
119 88
119 87
119 108
119 103
119 90
119 104
119 100
119 111
119 96
119 115
119 109
119 107
119 97
119 92
119 98
119 93
119 85
119 95
119 101
120 114
120 103
120 110
120 100
120 94
120 115
120 107
120 108
120 79
120 93
120 97
120 96
120 111
120 102
120 80
120 77
120 98
120 104
120 76
120 87
120 123
120 101
120 109
120 78
120 112
120 125
120 85
120 82
120 105
120 86
122 75
122 78
122 90
122 79
122 77
122 86
122 87
122 82
122 85
122 88
122 89
122 73
123 111
123 113
123 110
123 115
123 102
123 106
123 105
123 108
123 107
123 109
124 106
124 118
124 117
124 115
124 107
124 108
124 116
124 112
125 53
125 51
125 52
125 58
125 50
125 45
125 49
125 57
125 59
125 48
125 61
126 112
126 113
2 109
2 107
3 95
3 94
3 88
3 92
3 93
3 91
3 100
3 96
3 97
4 51
4 40
4 52
4 41
4 43
4 39
4 42
4 45
4 48
4 53
4 49
4 44
5 123
5 122
5 121
6 86
6 118
6 104
6 109
6 121
6 100
6 95
6 103
6 90
6 122
6 125
6 111
6 115
6 97
6 113
6 92
6 117
6 99
6 110
6 84
6 106
6 107
6 119
6 114
6 102
6 89
6 116
6 108
7 76
7 80
7 77
7 82
7 92
7 65
7 62
7 81
7 88
7 60
7 59
7 61
7 53
7 95
7 55
7 57
7 87
7 69
7 73
7 78
7 51
7 93
7 63
7 50
7 54
7 66
7 84
7 86
7 99
7 97
8 119
8 124
8 120
8 123
9 106
9 108
9 109
10 54
10 30
10 56
10 53
10 41
10 58
10 45
10 28
10 36
10 14
10 15
10 23
10 46
10 48
10 47
10 18
10 51
10 49
10 29
10 50
10 43
10 13
10 25
10 19
10 34
10 16
10 24
10 62
10 61
10 37
10 9
10 17
10 33
11 122
11 119
11 123
12 119
12 118
12 123
12 116
12 113
12 122
12 120
12 106
12 109
13 108
13 109
14 122
14 124
14 123
15 71
15 92
15 84
15 72
15 80
15 82
15 81
15 93
15 66
15 77
15 95
15 78
15 74
15 68
15 75
15 62
15 70
15 79
15 69
16 25
16 29
16 28
16 36
16 30
16 37
16 6
16 13
16 11
16 15
16 8
16 10
16 33
16 9
16 26
16 24
16 20
16 22
17 118
17 119
17 113
17 105
17 108
17 103
17 107
17 115
17 112
17 110
18 118
18 116
18 117
18 100
18 91
18 97
18 112
18 113
18 115
18 109
18 98
18 92
19 67
19 65
19 66
20 124
20 125
20 119
20 123
20 120
21 76
21 81
21 82
21 80
21 83
21 74
21 85
21 75
21 78
22 83
22 48
22 74
22 90
22 34
22 72
22 79
22 52
22 86
22 38
22 60
22 71
22 37
22 40
22 80
23 85
23 88
23 84
23 83
24 77
24 70
24 76
24 71
24 69
24 67
24 64
24 56
24 78
24 75
24 66
24 80
24 55
24 57
24 79
24 63
24 61
25 111
25 115
25 122
25 114
25 85
25 107
25 89
25 91
25 98
25 86
25 116
25 108
25 109
25 110
25 79
25 83
25 117
25 93
25 95
25 123
25 121
25 100
25 84
25 87
25 96
25 104
25 92
25 102
25 81
25 106
26 65
26 91
26 79
26 89
26 97
26 68
26 73
26 69
26 95
26 100
26 70
26 49
26 53
26 93
26 57
26 71
26 60
26 61
26 98
26 64
26 63
26 67
26 50
26 76
26 51
26 101
26 54
26 75
27 16
27 15
27 18
29 73
29 58
29 67
29 57
29 81
29 63
29 68
29 71
29 61
29 60
29 72
29 74
29 70
29 59
29 62
29 77
29 55
29 76
30 35
30 19
30 24
30 47
30 44
30 17
30 20
30 38
30 25
30 48
30 26
30 42
30 37
30 27
30 14
30 43
30 32
30 13
30 18
30 49
30 15
30 28
31 111
31 103
31 90
31 80
31 66
31 113
31 101
31 119
31 72
31 77
31 99
31 83
31 98
31 67
31 112
31 86
31 85
31 64
31 84
31 79
31 89
31 110
31 92
31 123
31 76
31 88
31 65
31 68
31 102
31 100
31 95
31 105
31 117
31 74
31 106
31 116
31 87
31 81
31 73
31 114
32 40
32 41
33 88
33 112
33 85
33 108
33 86
33 102
33 100
33 89
33 105
33 96
33 104
33 91
33 99
33 113
33 111
33 110
34 96
34 99
34 98
35 120
35 121
35 122
35 123
36 22
36 32
36 30
36 31
36 17
36 29
36 35
36 25
37 43
37 46
37 55
37 57
37 26
37 36
37 30
37 48
37 33
37 44
38 25
38 28
38 23
38 19
38 6
38 2
38 5
38 26
38 18
38 4
38 15
38 30
38 16
38 9
38 17
38 24
38 20
38 22
38 3
38 32
38 27
38 10
39 31
39 28
40 15
41 76
41 73
41 80
41 81
41 75
41 82
41 79
42 105
42 104
42 103
42 106
43 119
43 122
43 121
43 116
43 117
44 121
44 120
45 17
45 30
45 25
45 26
45 15
45 8
45 23
45 54
45 34
45 31
45 10
45 16
45 14
45 12
45 18
45 9
45 37
45 53
45 39
45 13
45 19
45 24
46 19
46 5
46 14
46 91
46 36
46 40
46 49
46 24
46 53
46 34
46 89
46 55
46 48
46 35
46 33
46 104
46 80
46 1
46 86
46 83
46 56
46 18
46 16
46 7
46 98
46 12
46 84
46 2
46 21
46 8
46 95
46 90
46 29
46 82
46 25
46 75
46 102
46 10
46 17
46 103
46 11
46 68
48 18
48 16
48 14
48 15
48 17
48 19
49 94
49 87
49 95
49 72
49 96
49 86
49 73
49 77
49 98
49 85
49 69
49 109
49 100
49 84
49 92
49 91
49 76
49 78
49 102
49 79
49 113
49 99
49 93
49 82
49 97
49 70
50 117
50 115
51 90
51 83
51 85
51 84
51 69
51 64
51 92
51 72
51 67
51 77
51 93
51 87
51 78
51 80
51 86
51 81
51 68
51 71
52 73
52 28
52 33
52 70
52 48
52 62
52 58
52 71
52 50
52 21
52 34
52 37
52 22
52 78
52 30
52 81
52 55
52 68
52 45
52 61
52 32
52 66
52 36
52 75
52 49
52 38
52 60
52 35
52 57
52 20
52 74
52 51
52 42
52 31
52 69
52 43
52 23
52 18
52 19
52 56
53 32
53 40
53 49
53 30
53 33
53 56
53 43
53 38
53 58
53 48
53 24
53 51
53 41
53 52
53 27
53 46
53 23
53 22
53 37
53 57
53 36
53 34
54 105
54 89
54 93
54 106
54 102
54 108
54 86
54 91
54 80
54 82
54 98
54 78
54 74
54 68
54 103
54 107
54 87
54 72
54 79
54 75
54 81
55 91
55 83
55 77
55 88
55 90
55 86
55 73
55 66
55 72
55 93
55 75
55 71
55 87
55 68
55 64
55 84
55 74
55 82
55 67
55 81
56 86
56 97
56 103
56 87
56 93
56 98
56 100
56 92
56 95
56 94
56 101
56 89
56 104
56 102
56 91
57 70
57 72
57 71
58 99
59 42
59 43
59 30
59 40
59 38
59 26
60 93
61 27
61 26
61 31
61 29
62 77
62 45
62 48
62 82
62 39
62 75
62 60
62 87
62 80
62 57
62 66
62 55
62 78
62 70
62 73
62 97
62 90
62 98
62 76
62 46
62 40
62 53
62 91
62 84
62 79
62 74
62 38
62 52
62 43
62 86
62 72
62 69
62 93
62 50
62 83
62 49
62 65
62 61
62 81
62 41
63 91
63 89
63 74
63 70
63 90
63 86
63 67
63 79
63 83
63 77
63 87
63 85
63 84
63 78
63 73
63 80
63 69
63 82
63 66
63 93
64 75
64 70
64 79
64 78
64 71
64 73
64 62
64 68
64 59
64 61
64 74
65 30
66 37
66 33
66 47
66 36
66 42
66 34
66 39
66 41
66 44
66 38
66 43
66 35
66 45
66 48
67 100
67 98
67 85
67 86
67 94
69 71
69 61
69 58
69 68
69 56
69 66
69 57
70 81
70 79
70 34
70 50
70 39
70 76
70 104
70 111
70 42
70 84
70 93
70 116
70 105
70 88
70 40
70 119
70 18
70 22
70 107
70 55
70 114
70 60
70 53
70 75
70 49
70 57
70 94
70 97
70 87
70 33
70 100
70 106
70 63
70 110
70 95
70 41
70 48
70 83
70 123
70 30
70 21
70 96
70 120
70 124
70 78
70 54
70 115
70 92
70 44
70 38
70 43
70 51
70 99
70 27
70 112
70 90
70 108
70 19
70 37
70 89
70 82
70 122
70 86
70 103
70 113
70 25
70 45
70 26
70 101
71 48
71 104
71 38
71 53
71 70
71 59
71 46
71 42
71 40
71 49
71 43
71 30
71 63
71 50
71 66
71 81
71 79
71 100
71 75
71 67
71 87
71 84
71 91
71 73
71 57
71 56
71 37
71 76
71 61
71 77
71 39
71 33
71 41
71 103
71 45
71 54
71 74
71 90
71 55
71 107
71 108
71 64
71 65
71 44
72 92
72 88
73 45
73 24
73 31
73 60
73 55
73 18
73 21
73 27
73 33
73 40
73 41
73 51
73 65
73 38
73 36
73 67
73 63
73 37
73 22
73 52
73 25
73 16
73 17
73 69
73 62
73 28
73 39
73 70
73 68
73 43
73 61
73 54
75 98
75 99
75 92
75 97
75 96
76 97
76 96
77 120
77 117
77 116
77 122
77 119
77 121
79 120
80 107
80 108
80 114
80 111
80 105
80 115
80 110
80 106
80 113
80 109
81 13
81 10
81 12
82 116
83 55
83 43
83 47
83 42
83 45
83 49
83 53
83 50
83 44
83 51
83 46
84 56
84 53
84 64
84 59
84 67
84 66
84 65
84 55
84 60
84 62
85 43
85 45
85 41
85 35
85 39
85 32
85 38
85 42
85 36
85 34
85 31
86 105
86 104
87 91
87 51
87 70
87 81
87 43
87 52
87 39
87 58
87 80
87 89
87 49
87 79
87 60
87 82
89 96
90 44
90 43
90 51
90 50
90 56
90 53
90 48
90 58
90 55
90 49
90 54
90 47
92 70
92 87
92 88
92 69
92 82
92 76
92 72
92 77
92 67
92 71
93 116
93 123
93 126
93 125
93 120
93 114
93 122
93 121
93 119
94 101
94 96
94 100
94 83
94 102
94 80
94 82
94 110
94 103
94 93
94 84
94 107
94 98
94 85
94 92
94 88
94 79
94 104
95 69
95 46
95 34
95 48
95 44
95 65
95 36
95 63
95 49
95 62
95 40
95 35
96 19
96 18
96 20
97 52
97 45
97 23
97 40
97 27
97 9
97 54
97 57
97 8
97 29
97 39
97 6
97 28
97 4
97 55
97 19
97 43
97 59
97 14
97 32
97 31
97 34
97 48
97 50
97 10
97 46
97 49
97 25
97 60
97 7
97 56
97 20
97 18
97 47
97 41
97 35
97 16
97 22
98 81
98 102
98 55
98 48
98 41
98 105
98 67
98 43
98 37
98 94
98 38
98 64
98 60
98 95
98 83
98 74
98 53
98 76
98 40
98 72
98 35
98 80
98 86
98 61
98 51
98 44
98 90
98 47
98 63
98 59
98 97
98 69
98 46
98 84
98 39
98 73
98 70
98 88
98 50
98 66
98 36
98 49
98 87
98 56
99 86
99 88
99 111
99 120
99 109
99 112
99 107
99 113
100 6
100 4
100 11
100 7
100 5
100 8
100 15
100 3
101 88
102 108
102 115
102 106
102 117
102 107
102 112
102 120
102 109
102 114
103 62
103 97
103 76
103 72
103 79
103 92
103 96
103 61
103 90
103 87
103 99
103 69
103 63
103 84
103 95
103 91
103 85
103 70
103 81
103 75
103 100
103 93
103 67
103 86
103 78
103 88
104 88
104 86
104 87
104 101
104 81
104 91
104 95
104 76
104 94
104 107
104 75
104 99
104 96
104 92
104 84
104 85
104 97
104 110
105 2
105 14
105 6
105 13
105 20
105 5
105 10
105 23
105 25
105 1
105 17
105 7
105 15
105 24
105 9
105 19
106 110
106 108
106 118
106 116
106 111
106 117
106 114
106 104
106 112
106 103
106 105
107 99
108 44
108 42
109 55
109 41
109 101
109 64
109 83
109 89
109 73
109 87
109 52
109 105
109 95
109 98
109 68
109 88
109 46
109 54
109 72
109 61
109 43
109 76
109 100
109 44
109 114
109 82
109 86
109 90
109 42
109 107
109 81
109 67
109 63
109 93
109 60
109 56
109 115
109 40
109 62
109 49
109 53
109 50
109 99
109 96
110 31
110 5
110 33
110 9
110 23
110 16
110 11
110 34
110 28
110 30
110 8
110 21
110 22
110 15
110 24
110 29
110 7
110 26
110 17
111 52
111 94
111 114
111 83
111 63
111 117
111 89
111 93
111 66
111 55
111 59
111 82
111 58
111 65
111 96
111 49
111 81
111 67
111 109
111 110
111 69
111 47
111 61
111 108
111 88
111 70
111 68
111 116
111 44
111 78
111 79
111 54
111 48
111 75
111 101
111 39
111 51
111 102
111 73
111 84
111 107
111 105
111 115
111 56
111 76
111 97
112 115
112 111
112 105
112 72
112 76
112 59
112 104
112 75
112 95
112 116
112 79
112 93
112 60
112 87
112 114
112 63
112 82
112 94
112 110
112 99
112 71
112 65
112 53
112 57
112 54
112 78
112 69
112 77
112 64
112 56
112 92
112 89
112 52
112 73
112 67
112 107
112 58
112 62
112 108
112 55
112 102
112 109
112 70
113 105
113 101
113 102
113 95
113 109
113 86
113 107
113 93
113 97
113 92
113 94
113 104
113 99
114 98
114 96
114 94
114 91
114 105
114 100
114 110
114 111
114 97
114 106
114 113
114 95
114 112
114 99
114 109
114 107
115 9
115 8
115 6
115 13
115 14
115 7
115 1
115 12
115 4
115 5
116 74
116 80
116 79
116 70
116 90
116 84
116 83
116 78
116 81
116 62
116 88
116 77
117 97
117 80
117 76
117 81
117 83
117 88
117 75
117 87
117 92
117 90
117 72
117 93
117 77
117 84
117 91
117 73
117 71
119 125
120 83
120 84
121 90
121 89
121 94
121 91
121 93
124 119
125 97
125 103
125 99
125 102
125 101
125 96
125 94
126 75
126 62
126 71
126 60
126 61
126 73
126 57
126 67
126 72
126 65
126 78
126 66
126 63
126 58
126 80
126 77
126 79
1 116
1 117
1 124
1 114
1 126
1 115
1 112
1 122
1 113
2 108
2 106
3 23
4 67
4 65
4 73
4 68
4 62
4 66
4 72
4 70
4 58
4 63
4 69
4 57
4 54
4 50
5 23
5 33
5 44
5 45
5 21
5 42
5 35
5 41
5 37
5 32
5 36
5 26
5 47
5 49
5 30
5 29
5 39
5 40
5 27
5 46
6 21
6 15
6 14
6 18
6 19
6 20
6 24
6 22
7 125
7 123
7 121
8 25
8 27
10 85
10 87
10 89
10 84
10 82
11 125
13 41
13 42
13 43
14 71
14 79
14 68
14 76
14 80
14 78
14 72
14 75
14 69
15 99
16 48
16 46
16 47
16 43
16 42
17 84
17 87
17 92
17 102
17 88
17 82
17 104
17 91
17 80
17 101
17 79
17 98
17 93
17 86
17 95
17 100
18 75
18 52
18 40
18 64
18 66
18 34
18 48
18 56
18 50
18 53
18 41
18 84
18 42
18 43
18 120
18 54
18 114
18 57
18 46
18 82
18 37
18 121
18 58
18 38
18 61
18 76
18 60
18 111
18 67
18 49
18 33
19 45
19 47
19 33
19 43
19 35
19 40
19 42
19 31
19 30
19 46
19 44
19 37
20 110
20 114
20 115
20 116
20 109
20 106
20 107
20 112
21 51
21 48
21 44
21 56
21 43
21 45
21 58
21 60
21 65
21 59
21 52
21 53
21 64
21 66
21 63
21 55
21 57
21 42
21 54
23 56
23 86
23 72
23 70
23 55
23 60
23 82
23 75
23 45
23 54
23 59
23 58
23 49
23 66
23 53
23 48
23 67
23 76
23 80
23 63
23 77
23 61
23 57
24 84
24 90
24 89
24 87
25 50
25 51
25 52
26 72
26 59
26 62
26 42
26 40
26 39
26 45
26 56
26 41
26 48
26 44
27 73
27 87
27 76
27 78
27 84
27 83
27 86
27 88
27 85
28 84
28 89
28 83
28 86
28 82
28 80
29 91
29 98
29 64
29 66
29 87
29 48
29 53
29 101
29 65
29 78
29 97
29 45
29 86
29 79
29 84
29 47
29 93
29 80
29 89
29 90
29 75
30 83
30 97
30 77
30 64
30 79
30 84
30 86
30 96
30 109
30 63
30 113
30 112
30 111
30 69
30 70
30 71
30 116
30 110
30 108
30 82
30 65
30 107
30 114
30 66
30 73
30 87
31 107
31 104
31 109
32 52
32 58
32 50
32 60
32 55
32 51
32 59
32 53
33 50
33 35
33 19
33 78
33 60
33 58
33 31
33 66
33 68
33 42
33 64
33 45
33 21
33 48
33 87
33 24
33 70
33 71
33 29
33 61
33 37
33 76
33 77
33 36
33 17
33 90
33 30
33 52
33 18
33 26
33 22
33 55
33 47
33 56
33 41
33 53
34 63
34 51
34 79
34 91
34 92
34 65
34 85
34 74
34 66
34 100
34 97
34 83
34 75
34 64
34 49
34 56
34 78
34 80
34 52
34 59
34 62
34 47
34 60
34 61
34 77
34 54
34 45
34 69
34 82
34 76
34 46
34 68
34 87
34 90
34 95
34 43
35 42
35 20
35 44
35 19
35 32
35 39
35 31
35 27
35 26
36 117
38 85
38 84
38 86
39 93
40 114
40 112
40 113
40 116
40 115
41 124
41 123
42 118
42 122
42 121
42 123
42 120
43 63
43 61
43 56
43 64
43 58
43 57
44 69
44 67
44 72
45 83
45 69
45 67
45 94
45 93
45 82
45 90
45 70
45 84
45 77
45 76
45 66
45 75
45 88
45 47
45 42
45 92
45 91
45 29
45 71
45 72
45 79
45 27
45 73
45 60
45 64
45 87
46 96
47 22
47 26
47 31
47 25
47 28
47 23
47 30
47 21
48 54
48 47
48 65
48 41
48 64
48 38
48 42
48 59
48 52
48 36
48 63
48 62
48 39
48 40
48 46
50 10
50 18
50 15
50 11
50 9
50 14
50 5
50 8
51 43
51 58
51 50
51 44
51 46
51 40
51 47
51 42
51 55
51 41
51 39
51 53
52 106
52 112
52 116
52 96
52 103
52 98
52 110
52 105
52 115
52 99
52 100
52 102
52 97
53 28
53 10
53 29
53 13
53 9
53 25
53 21
53 12
53 8
53 17
53 19
54 42
54 40
54 41
54 43
55 85
55 79
55 80
55 70
55 65
55 76
56 59
56 48
56 42
56 51
56 58
56 60
56 54
56 61
56 47
56 49
56 53
56 55
56 44
56 41
57 104
57 108
57 106
57 103
58 108
58 114
58 124
58 119
58 113
58 120
58 122
58 118
58 117
58 116
58 111
58 125
59 55
59 93
59 104
59 65
59 106
59 107
59 75
59 98
59 90
59 58
59 61
59 51
59 77
59 103
59 64
60 92
60 105
60 106
60 91
60 101
60 97
60 103
60 88
60 86
60 89
60 109
60 100
60 108
60 96
60 102
60 83
61 34
61 21
61 49
61 14
61 9
61 35
61 32
61 53
61 41
61 8
61 54
61 19
61 46
61 13
61 12
61 37
61 33
61 38
61 48
61 23
61 40
61 22
61 58
61 52
61 15
61 16
61 44
61 39
61 47
61 45
61 11
61 55
61 24
62 68
62 36
62 64
62 67
62 59
62 47
62 30
62 56
62 44
62 71
62 51
62 37
62 34
62 33
63 109
63 107
63 108
63 100
63 96
63 92
63 102
63 94
64 16
64 11
64 15
64 25
64 10
64 6
64 17
64 3
64 21
64 20
64 5
64 8
64 24
64 18
64 7
64 19
64 2
66 101
66 106
66 109
66 105
66 92
66 116
66 88
66 110
66 117
66 87
66 113
66 102
66 95
66 99
66 111
66 118
66 97
66 112
66 115
66 121
66 89
66 120
67 84
67 79
67 80
67 83
67 81
67 106
67 82
68 100
68 59
68 63
68 92
68 58
68 74
68 61
68 84
68 73
68 99
68 76
68 85
68 75
68 107
68 89
68 82
68 64
68 54
68 55
68 96
68 111
68 109
68 53
68 88
68 78
68 106
68 56
68 98
68 110
68 97
68 102
68 62
68 65
68 86
68 87
68 80
68 83
68 105
68 70
68 57
68 104
69 50
69 52
69 60
69 53
69 54
69 47
69 51
69 48
69 42
69 44
69 64
69 43
69 46
69 55
69 45
69 49
70 15
70 13
70 16
72 35
72 39
72 42
72 38
72 45
72 46
73 82
73 109
73 116
73 122
73 93
73 85
73 115
73 78
73 91
73 87
73 113
73 123
73 101
73 98
73 111
73 117
73 72
73 118
73 88
73 86
73 106
73 119
73 83
73 120
73 112
73 105
73 110
73 95
73 94
73 100
73 99
73 64
73 75
73 121
73 104
73 81
73 103
73 66
73 80
73 71
74 18
74 16
74 15
74 17
74 21
75 68
75 72
75 71
77 124
77 123
81 79
81 109
81 85
81 76
81 84
81 108
81 113
81 104
81 94
81 98
81 100
81 107
81 64
81 93
81 77
81 101
81 90
81 89
81 80
81 88
81 67
81 106
81 83
81 70
81 75
81 115
81 65
81 105
81 74
81 99
81 92
81 69
81 73
81 78
81 103
81 114
83 15
83 16
84 90
84 91
85 63
85 64
85 73
85 47
85 51
85 74
86 85
86 80
86 82
87 116
87 115
87 100
87 112
87 85
87 98
88 97
88 90
88 86
88 84
88 106
88 104
89 111
89 104
89 101
89 109
89 103
89 113
89 112
89 110
89 102
90 92
90 89
90 94
91 111
91 113
91 109
91 114
91 110
92 96
92 106
92 101
92 107
92 91
92 100
92 102
92 95
92 105
92 81
92 109
92 103
92 84
92 110
92 108
93 6
93 4
94 112
94 111
94 105
94 109
94 106
94 108
94 115
94 116
94 97
95 112
96 92
96 84
96 89
96 81
96 86
96 83
96 100
96 85
96 121
96 115
96 126
96 114
96 109
96 110
96 125
96 93
96 111
96 123
96 112
96 99
96 95
96 107
96 102
96 90
96 88
96 116
96 80
96 87
97 38
97 37
97 61
97 71
97 62
97 51
97 65
97 58
97 68
97 36
97 70
97 42
97 69
98 10
98 33
98 17
98 22
98 11
98 15
98 45
98 24
98 20
98 9
98 28
98 23
98 19
98 27
98 5
98 8
98 14
98 2
98 25
98 16
99 10
99 14
99 26
99 9
99 7
99 22
99 12
99 5
99 21
99 6
99 25
99 15
99 28
99 4
99 11
99 24
99 13
100 82
100 87
100 91
100 78
100 72
100 71
100 74
101 22
101 19
101 36
101 52
101 31
101 53
101 50
101 45
101 46
101 26
101 24
101 18
101 28
101 43
101 54
101 25
101 23
101 42
101 51
101 37
101 32
101 48
102 69
102 73
102 58
102 56
102 55
102 62
102 52
102 53
102 54
102 65
102 77
102 66
102 57
102 50
102 51
102 68
102 79
102 76
102 63
102 48
102 71
102 64
103 8
103 7
104 58
104 57
104 71
104 113
104 64
104 109
104 98
104 69
104 62
104 112
104 114
104 82
104 65
104 100
104 73
104 80
104 63
104 72
104 111
104 67
104 78
104 79
104 59
105 81
105 74
105 70
105 66
105 68
105 79
105 80
105 72
105 58
105 71
105 61
105 60
105 69
105 62
106 119
106 120
107 123
107 119
107 117
107 116
107 122
107 114
108 69
108 41
108 67
108 58
108 52
108 29
108 49
108 72
108 48
108 75
108 55
108 38
108 54
108 28
108 64
108 57
108 51
108 46
108 73
108 47
108 61
108 65
108 37
108 31
108 30
108 27
108 71
108 53
108 66
109 78
110 123
110 118
110 120
110 122
111 27
112 120
112 123
112 126
112 125
112 119
112 117
112 118
113 14
113 57
113 16
113 50
113 13
113 12
113 41
113 42
113 53
113 26
113 22
113 28
113 56
113 55
113 58
113 54
114 63
114 57
114 60
114 23
114 43
114 56
114 55
114 39
114 34
114 47
114 61
114 50
114 27
114 36
114 19
114 54
114 48
114 58
114 53
114 52
115 117
115 122
115 114
115 118
115 120
115 112
115 119
115 121
116 58
116 49
116 56
116 55
116 61
117 11
117 12
117 10
117 15
117 13
117 6
117 14
117 7
117 8
118 49
118 63
118 72
118 58
118 45
118 36
118 38
118 43
118 53
118 69
118 37
118 71
118 47
118 57
118 59
118 62
118 68
118 73
118 66
118 60
118 35
118 46
118 48
118 65
118 67
119 63
119 61
119 82
119 76
119 83
119 65
119 86
119 77
119 74
119 80
119 94
119 71
119 60
119 102
119 75
119 62
119 68
119 84
119 66
119 78
119 73
119 81
120 61
120 62
120 64
120 59
121 28
121 23
121 18
121 29
121 19
121 26
121 20
121 25
121 24
122 93
122 98
122 81
122 92
122 110
122 70
122 109
122 100
122 71
122 108
122 72
122 106
122 83
122 102
122 80
122 95
122 96
122 91
122 68
122 97
122 94
123 81
124 111
124 103
124 105
124 102
125 8
126 110
126 109
126 120
126 122
126 116
126 114
126 115
126 118
1 69
1 79
1 81
1 76
1 62
1 64
1 70
1 68
1 63
1 67
1 83
1 96
1 89
2 91
2 94
2 101
2 95
2 105
2 86
2 93
2 100
2 102
2 96
2 98
2 88
3 116
4 30
4 20
4 13
4 9
4 16
4 24
4 7
4 25
4 26
4 27
4 17
4 10
4 18
4 22
4 12
4 15
4 11
4 19
4 36
5 126
7 72
7 75
7 71
7 74
8 11
8 10
8 6
8 4
9 118
9 121
9 114
9 116
9 119
10 113
10 116
10 120
10 121
10 112
10 119
10 108
10 117
11 103
12 34
12 60
12 105
12 93
12 42
12 87
12 4
12 29
12 80
12 83
12 50
12 68
12 38
12 89
12 88
12 100
12 11
12 25
12 9
12 115
12 104
12 31
12 16
12 20
12 23
12 40
12 49
12 45
12 15
12 35
12 58
12 27
12 78
12 71
12 43
12 46
12 7
12 84
12 41
12 59
12 48
12 6
12 51
12 62
12 99
12 74
12 56
12 37
12 21
12 32
12 55
12 22
12 69
12 61
12 73
12 85
12 95
12 103
12 97
12 17
12 26
12 79
12 101
12 63
12 94
12 44
12 18
12 36
12 86
12 54
12 98
12 47
12 53
13 73
13 71
13 68
13 79
13 67
13 70
13 78
13 76
13 74
13 72
13 66
13 77
13 65
14 95
14 88
14 126
14 118
14 111
14 85
14 115
14 110
14 113
14 87
14 103
14 108
14 112
14 89
14 104
14 101
14 125
14 92
14 105
14 100
14 102
14 117
14 114
14 119
14 116
16 84
16 88
16 86
17 51
17 57
17 48
17 49
18 119
18 95
19 94
19 62
19 80
19 55
19 96
19 54
19 77
19 70
19 78
19 57
19 90
19 50
19 71
19 61
19 48
19 60
19 87
19 84
19 92
19 81
19 73
19 63
19 64
19 68
19 74
19 51
19 89
19 88
19 75
19 86
19 95
20 126
21 107
21 119
21 123
21 113
21 99
21 98
21 101
21 116
21 114
21 122
21 105
21 115
21 118
21 121
21 111
21 100
21 97
21 112
22 120
22 116
22 111
22 113
22 112
24 65
24 58
24 53
24 41
24 22
24 68
24 51
24 33
24 26
24 23
24 29
24 27
24 47
24 37
24 35
24 39
24 21
24 34
24 40
24 31
24 50
24 36
24 49
24 43
25 14
25 9
25 12
25 11
25 10
25 8
25 6
25 7
25 13
27 80
27 70
27 82
27 89
27 81
28 53
28 73
28 40
28 42
28 64
28 63
28 47
28 49
28 52
28 70
28 46
28 74
28 56
28 41
28 62
28 75
28 68
28 59
28 76
28 72
28 60
28 45
29 82
29 85
29 96
29 95
29 88
29 105
29 94
29 99
30 58
30 74
30 57
30 60
30 75
30 55
30 76
30 59
30 46
30 81
30 68
30 61
30 45
30 54
30 72
30 78
30 53
31 70
31 59
31 82
31 71
31 62
31 61
32 106
32 76
32 82
32 111
32 72
32 100
32 109
32 93
32 71
32 114
32 65
32 117
32 116
32 66
32 90
32 113
32 63
32 112
32 75
32 80
32 104
32 73
32 68
32 79
32 84
32 56
32 86
32 98
32 77
32 97
32 85
32 89
32 87
32 107
32 74
32 61
32 92
32 81
33 93
34 44
34 38
34 20
34 50
34 67
34 18
34 25
34 19
34 24
34 37
34 31
34 58
34 41
34 42
34 40
34 39
34 26
34 73
34 27
34 48
34 70
34 53
34 32
34 57
34 72
34 30
35 78
35 80
35 43
35 85
35 46
35 69
35 47
35 48
35 77
35 99
35 59
35 64
35 49
35 93
35 81
35 89
35 91
35 72
35 61
35 98
35 34
35 104
35 90
35 54
35 96
35 33
35 73
35 95
35 58
35 56
35 83
35 97
35 101
35 51
35 66
35 50
35 94
35 102
35 68
35 45
35 74
35 92
35 65
36 96
36 98
36 95
36 93
36 99
36 97
36 90
38 11
38 13
38 21
38 12
39 36
39 32
39 41
39 26
39 23
39 30
39 33
40 54
40 56
40 55
40 57
42 22
42 32
42 28
42 25
42 31
42 24
42 30
43 37
43 79
43 49
43 80
43 52
43 42
43 50
43 60
43 48
43 82
43 40
43 75
43 47
43 73
43 67
43 69
43 85
43 62
43 65
43 66
43 45
43 38
43 70
43 72
43 76
43 33
43 54
43 84
44 54
44 103
44 99
44 39
44 117
44 37
44 79
44 111
44 38
44 119
44 85
44 116
44 105
44 100
44 41
44 115
44 30
44 77
44 32
44 106
44 108
44 114
44 33
44 29
44 31
44 65
44 92
44 98
44 42
44 89
44 35
44 52
44 88
44 76
44 48
45 58
46 92
46 93
46 85
46 88
48 24
48 77
48 94
48 86
48 30
48 89
48 95
48 35
48 98
48 29
48 93
48 69
48 21
48 28
48 25
48 26
48 96
48 13
48 12
48 9
48 72
48 22
48 6
48 97
48 23
48 85
48 11
48 27
48 88
48 87
49 25
49 23
49 22
49 15
49 14
49 20
49 19
49 24
49 11
50 72
50 57
50 64
50 76
50 59
50 88
50 66
50 81
50 94
50 99
50 75
50 79
50 87
50 60
50 63
50 96
50 65
50 90
50 86
50 58
50 54
50 91
50 83
50 84
50 52
50 53
50 62
50 61
50 68
50 93
51 57
53 125
53 119
53 126
53 121
53 84
53 98
53 106
53 95
53 110
53 114
53 112
53 113
53 102
53 116
53 104
53 97
53 91
53 118
53 109
53 105
53 85
53 90
53 96
53 100
53 99
53 115
53 120
53 101
54 67
54 27
54 88
54 77
54 35
54 33
54 36
54 59
54 57
54 45
54 83
54 29
54 37
54 56
54 62
54 76
54 46
54 65
54 47
54 85
54 26
54 58
54 53
54 51
54 34
54 52
55 99
55 115
55 96
55 97
55 102
55 101
55 92
55 53
55 111
55 44
55 54
55 110
55 106
55 104
55 109
55 50
55 48
55 63
55 59
55 69
55 51
56 8
57 31
57 33
58 28
58 31
58 38
58 48
58 55
58 60
58 53
58 22
59 7
59 12
59 5
59 4
59 13
59 9
59 2
59 6
59 10
59 3
60 123
60 121
60 117
60 124
60 125
61 57
61 56
61 42
61 50
62 25
62 27
62 22
62 21
62 31
62 7
62 26
62 32
62 35
62 24
62 23
62 28
62 19
62 4
62 54
62 5
62 42
63 126
64 123
64 124
64 122
64 119
65 98
65 95
65 100
65 88
65 93
65 99
65 97
66 32
66 21
66 28
66 22
66 40
66 25
66 24
66 31
67 28
67 51
67 43
67 41
67 58
67 39
67 44
67 52
67 55
67 47
67 59
67 54
67 61
67 34
67 35
67 32
67 48
67 49
67 46
67 62
67 36
67 29
67 63
67 50
67 27
68 124
68 121
68 108
68 120
68 114
68 117
68 103
69 38
69 20
69 16
69 34
69 31
69 23
69 15
69 17
69 18
69 36
69 30
69 8
69 37
69 25
69 19
69 13
69 40
69 28
69 33
69 7
69 9
70 73
70 56
70 68
70 74
71 52
71 10
71 36
71 8
71 22
71 60
71 21
71 58
71 26
71 29
71 20
71 31
71 18
71 17
71 51
71 9
71 16
71 62
71 35
71 7
71 6
71 12
71 24
71 25
72 79
72 102
72 84
72 82
72 106
72 77
72 101
72 78
72 105
72 97
72 76
72 96
72 89
72 94
72 81
72 104
72 86
72 83
72 91
72 100
72 108
72 99
75 22
75 21
75 34
75 33
75 15
75 14
75 41
75 38
75 23
75 29
75 26
75 31
75 13
75 37
75 42
75 18
75 16
75 27
75 19
76 98
76 105
76 100
76 106
76 87
76 88
76 103
76 82
76 110
76 102
76 79
76 92
76 89
76 81
76 108
76 111
76 80
76 112
76 107
76 94
76 78
76 109
76 90
76 83
77 112
77 97
77 100
77 92
77 113
77 99
77 91
77 93
77 104
77 90
78 37
82 84
82 60
82 85
82 88
82 68
82 62
82 86
82 66
82 61
82 71
82 81
82 78
82 72
82 80
82 70
83 22
83 23
84 39
84 44
84 38
84 42
84 41
84 43
85 67
85 53
85 52
86 123
86 114
86 111
86 110
86 118
86 112
86 101
86 117
86 92
86 124
86 102
86 115
86 108
86 96
86 120
86 109
86 122
86 121
86 100
88 110
88 98
88 99
88 107
88 100
89 88
89 95
89 54
89 53
89 52
89 56
89 50
89 57
89 82
89 49
89 93
89 61
89 94
89 71
89 63
89 87
89 65
89 100
89 68
89 48
89 77
89 76
89 91
89 67
89 73
89 80
89 72
89 86
89 55
89 69
89 62
89 79
89 75
89 83
89 47
90 117
90 114
90 109
90 111
90 110
90 113
91 120
91 116
91 121
91 106
91 104
91 101
91 107
91 99
91 117
91 118
91 102
91 105
91 119
92 40
92 47
92 49
92 50
93 28
96 122
96 117
96 119
96 124
97 125
97 113
97 94
97 123
97 86
97 110
97 109
97 107
97 117
97 114
97 105
97 102
97 112
97 77
97 116
97 108
97 84
97 88
97 83
97 124
97 115
97 120
97 93
98 57
98 68
98 62
98 65
98 54
98 52
98 42
98 58
99 89
99 87
99 93
100 49
100 62
100 53
100 59
100 50
100 46
100 63
100 61
100 56
100 48
100 57
100 55
101 44
102 67
102 78
102 74
102 61
102 111
102 99
102 121
102 72
102 60
102 123
102 87
102 49
102 125
102 119
102 59
102 124
102 118
102 113
102 85
102 75
102 116
102 101
103 54
103 56
103 48
103 46
103 60
103 50
103 42
103 44
103 49
103 52
103 57
103 55
104 102
104 93
104 89
105 124
106 30
106 19
106 28
106 18
106 23
106 20
106 24
106 27
107 109
107 106
107 94
108 50
108 63
108 60
109 123
111 74
111 72
111 64
111 62
112 103
112 98
112 96
112 106
113 30
113 25
113 15
113 11
113 4
113 10
113 7
114 46
115 39
115 34
115 32
115 33
115 43
116 89
116 95
116 86
116 44
116 99
116 85
116 48
116 82
116 97
116 53
116 43
116 91
116 96
116 101
116 87
116 93
117 89
117 64
117 78
117 74
117 82
117 69
117 66
117 94
117 57
117 67
117 95
117 79
117 70
117 59
117 85
118 111
118 108
118 107
118 106
118 97
118 104
118 110
118 109
118 98
118 100
120 119
121 123
121 119
122 15
122 20
122 16
122 17
122 24
122 26
122 18
122 33
122 19
122 28
122 22
123 101
123 91
123 90
123 96
123 79
123 88
123 84
123 78
123 80
123 99
123 82
123 93
123 103
123 104
123 83
123 98
123 95
123 100
123 97
125 62
125 114
125 121
125 111
125 85
125 67
125 74
125 73
125 86
125 63
125 60
125 82
125 81
125 104
125 64
125 69
125 70
125 107
125 119
125 87
125 112
125 80
125 83
125 106
125 118
125 66
125 116
125 91
125 108
125 72
125 77
125 93
125 71
125 122
125 95
125 68
126 69
126 64
126 68
1 125
2 85
3 87
3 73
3 85
3 53
3 54
3 48
3 77
3 70
3 69
3 41
3 84
3 30
3 67
3 59
3 46
3 51
3 43
3 42
3 81
3 82
3 50
3 45
3 47
3 56
3 62
3 31
3 60
3 44
3 52
3 37
3 76
3 49
3 55
3 32
3 89
3 74
3 71
3 34
3 90
3 38
3 65
3 79
3 58
3 83
3 28
5 81
5 80
5 83
6 105
7 40
7 52
7 32
7 46
7 44
7 124
7 119
7 35
7 106
7 91
7 109
7 101
7 68
7 36
7 33
7 117
7 27
7 104
7 126
7 90
7 39
7 31
7 26
7 85
7 30
7 34
7 23
7 25
7 116
7 70
7 94
7 41
7 113
7 47
7 122
7 28
7 64
7 24
8 125
8 108
8 104
8 121
8 112
9 123
9 125
9 124
10 111
10 98
10 104
10 115
10 118
10 101
10 114
10 90
10 97
11 112
11 121
11 118
11 115
11 110
11 113
12 52
12 72
12 57
12 108
12 114
12 65
12 77
12 96
12 81
12 117
12 92
12 70
12 39
12 64
13 94
13 81
13 84
13 87
13 88
13 75
13 82
13 98
14 121
14 107
14 106
14 109
15 6
15 19
15 43
15 50
15 23
15 39
15 46
15 47
15 21
15 53
15 44
15 28
15 12
15 40
15 34
15 20
15 45
15 52
15 56
15 37
15 48
15 26
15 49
15 29
15 18
15 32
15 10
15 8
15 17
15 54
15 33
16 49
16 41
17 90
17 97
17 94
17 76
17 99
17 73
17 77
17 68
17 69
17 75
17 96
17 89
17 72
17 70
17 74
18 69
21 125
22 97
22 104
22 95
22 103
22 92
22 100
23 78
24 99
24 100
25 120
27 97
27 101
27 90
27 91
27 98
27 100
27 103
27 92
27 104
27 93
27 96
28 67
28 66
28 57
28 58
28 55
30 93
30 95
31 118
31 115
32 99
32 70
32 103
32 105
32 67
32 62
32 49
32 83
32 110
32 78
32 91
32 96
32 69
33 123
35 30
36 84
36 77
36 89
36 73
36 74
36 103
36 81
36 105
36 107
36 87
36 102
36 83
36 110
36 79
36 101
36 109
36 76
36 72
36 78
36 91
37 110
37 92
37 114
37 109
37 115
37 117
37 103
37 118
37 69
37 75
37 102
37 64
37 81
37 91
37 73
37 108
37 111
37 89
37 119
37 120
38 33
38 31
38 29
38 8
38 14
38 37
40 122
41 103
42 107
42 112
42 108
43 74
43 59
43 78
43 68
43 77
44 66
44 51
45 78
45 81
45 68
45 89
46 112
46 105
46 109
46 113
46 110
46 108
47 90
47 119
47 101
47 120
47 113
47 76
47 121
47 100
47 112
47 108
47 84
47 96
47 107
47 116
47 102
47 106
47 82
47 92
47 98
47 99
47 72
47 105
47 114
47 103
48 20
49 55
49 56
49 83
49 58
49 47
49 81
49 60
49 71
49 57
49 75
49 63
49 66
49 64
49 61
49 52
49 51
49 59
49 90
49 89
50 92
50 111
50 102
50 97
50 109
50 77
50 82
50 113
50 74
50 116
50 119
50 95
50 114
50 112
50 78
50 123
50 120
50 124
50 85
50 121
50 101
51 48
51 59
51 60
51 62
52 64
52 67
55 98
55 95
55 61
55 94
55 60
55 62
55 100
55 78
55 105
55 58
56 46
56 73
56 84
56 72
56 50
56 40
56 45
56 38
56 85
56 75
56 88
56 76
56 79
56 71
56 83
56 78
56 70
56 63
56 52
56 77
56 66
56 43
56 68
56 74
57 115
58 86
59 8
60 17
60 8
60 14
60 7
60 31
60 19
60 23
60 34
60 20
60 32
60 35
60 33
60 16
60 10
60 28
60 26
60 13
60 41
60 6
60 15
60 24
60 46
60 11
60 30
60 21
61 65
61 72
61 36
61 20
61 68
61 25
61 71
61 69
61 51
61 28
61 70
61 60
61 30
62 101
62 102
62 104
62 94
62 100
62 103
63 17
63 47
63 14
63 53
63 55
63 23
63 9
63 24
63 21
63 22
63 15
63 32
63 19
63 13
63 16
63 38
63 34
63 37
63 54
63 25
63 45
63 51
63 50
63 46
63 59
63 12
63 43
63 49
63 41
63 48
63 39
63 68
63 65
63 8
64 63
64 60
64 54
64 104
64 52
64 96
64 91
64 69
64 51
64 67
64 56
64 80
64 90
64 84
64 94
64 107
64 100
64 88
64 95
64 55
64 106
64 66
64 77
64 99
64 102
64 83
64 97
64 103
64 72
64 58
65 49
66 76
66 85
66 77
66 75
66 84
67 126
67 124
68 67
68 81
68 71
68 77
68 72
69 117
69 115
69 120
69 118
71 27
71 86
71 47
71 85
71 78
71 68
71 83
71 28
71 88
71 23
72 119
72 103
72 65
72 98
72 60
72 74
72 112
72 120
72 90
72 71
72 107
72 109
72 121
72 110
72 75
72 118
72 80
72 95
73 76
73 84
74 39
74 46
74 32
74 44
74 40
74 38
74 37
74 31
74 43
74 36
75 17
75 8
75 7
75 20
75 11
75 24
75 25
75 10
76 104
76 101
77 76
77 75
78 77
78 76
79 94
79 84
79 90
79 83
79 101
79 87
79 102
79 86
79 99
79 98
79 100
79 103
79 92
79 89
80 50
80 51
80 49
80 48
80 45
80 46
81 110
81 112
83 95
83 109
83 92
83 88
83 113
83 77
83 97
83 85
83 96
83 80
83 116
83 100
83 102
83 99
83 101
83 78
83 86
83 82
83 90
83 111
83 91
83 104
83 107
83 81
83 114
83 117
84 124
85 94
85 99
85 100
85 66
85 40
85 81
85 93
85 97
85 89
85 95
85 102
85 101
85 37
85 78
85 98
86 116
86 113
87 10
87 12
87 27
87 33
87 7
87 24
87 11
87 25
87 23
87 19
87 31
87 22
87 35
87 29
87 8
87 30
87 9
87 14
87 26
87 20
88 61
88 59
88 60
90 85
90 88
90 96
90 83
90 95
90 86
90 84
90 98
91 95
91 93
93 73
93 78
93 77
93 64
93 70
93 83
93 75
93 86
93 69
93 72
93 81
93 79
93 65
93 76
93 63
93 80
95 14
95 9
95 12
95 13
95 7
95 11
95 20
95 15
96 6
96 15
96 11
96 10
96 13
96 16
96 9
96 17
97 73
97 67
98 78
98 71
99 78
99 69
99 71
99 67
99 70
99 66
99 65
100 54
101 84
101 87
101 78
101 79
101 81
101 80
101 76
102 46
102 43
103 116
103 122
103 118
103 119
103 121
103 125
103 123
104 90
104 77
104 74
105 42
106 32
107 51
107 48
107 84
107 41
107 37
107 79
107 62
107 49
107 56
107 65
107 47
107 75
107 85
107 34
107 52
107 53
107 42
107 70
107 78
107 50
107 40
107 74
107 66
107 67
107 71
107 73
107 57
107 76
107 43
107 59
107 38
107 68
108 59
108 56
110 78
110 47
110 51
110 57
110 85
110 52
110 79
110 46
110 65
110 48
110 42
110 82
110 25
110 84
110 38
110 61
110 40
110 53
110 88
110 73
110 89
110 35
110 41
110 71
110 56
110 86
110 59
110 54
110 39
110 62
110 43
110 68
110 69
110 75
110 90
112 122
114 64
114 59
114 49
114 22
114 20
114 73
114 72
114 76
114 71
114 66
114 51
114 74
114 77
114 69
115 96
115 89
115 104
115 102
115 87
115 94
115 92
115 83
115 100
115 103
115 98
115 101
115 86
115 107
116 63
116 54
117 107
118 102
118 105
118 103
119 99
119 110
119 113
120 75
121 97
121 104
121 88
121 86
121 54
121 75
121 77
121 65
121 72
121 71
121 67
121 57
121 74
121 106
121 76
121 58
121 82
121 73
121 101
121 79
121 99
121 87
121 105
121 100
121 81
121 70
121 55
121 85
121 98
121 78
121 61
121 63
121 51
121 62
121 83
121 53
122 40
122 27
122 37
122 30
122 31
122 39
122 29
122 41
122 35
122 34
123 118
123 120
123 112
123 114
123 119
124 84
124 85
124 88
124 71
124 91
124 79
124 99
124 73
124 92
124 76
124 67
124 81
124 89
124 72
124 82
124 96
124 87
124 69
124 98
124 80
124 78
124 77
124 75
125 33
125 18
125 16
125 5
125 10
125 13
125 7
125 14
125 17
125 9
125 12
125 15
125 32
125 22
125 29
126 11
126 9
126 12
126 10
126 13
1 85
1 98
1 66
1 51
1 61
1 82
2 87
2 90
2 92
3 122
3 75
3 57
3 68
3 125
3 99
3 119
3 121
3 107
3 109
3 105
3 123
3 86
3 66
3 117
4 112
4 120
4 111
4 121
4 106
4 103
4 114
4 110
4 105
4 107
4 119
4 118
4 122
4 109
5 106
5 92
5 91
5 118
5 89
5 107
5 111
5 117
5 119
5 112
5 103
5 105
5 115
5 104
5 113
5 114
5 116
5 100
6 126
6 124
6 120
7 67
7 79
7 56
9 68
9 72
9 70
9 78
9 71
9 79
9 67
9 74
9 69
9 64
9 77
9 82
9 61
9 76
9 75
10 86
10 88
11 106
11 114
11 102
11 107
11 99
11 111
11 120
11 98
11 105
11 117
11 109
11 96
11 116
11 101
11 100
13 57
13 80
13 69
13 54
13 55
13 61
13 60
13 91
13 58
13 62
14 49
14 53
14 54
14 50
14 59
14 62
14 52
14 64
14 56
14 55
14 58
15 57
15 51
15 58
16 103
16 96
16 101
16 92
16 94
16 93
16 98
16 97
17 60
17 43
17 52
17 58
17 37
17 50
17 64
17 40
17 44
17 63
17 54
17 42
17 41
17 47
17 67
17 61
18 71
18 77
18 80
18 44
18 59
18 62
18 63
18 45
19 99
19 91
19 102
19 93
19 100
20 52
20 5
20 57
20 35
20 8
20 36
20 48
20 44
20 60
20 22
20 55
20 32
20 23
20 27
20 25
20 31
20 40
20 56
20 9
20 42
20 54
20 30
20 39
20 18
20 51
20 43
20 59
20 49
20 15
20 37
20 53
20 33
20 19
20 45
20 26
20 12
21 109
21 106
21 117
21 96
21 120
21 102
22 105
23 91
23 93
23 95
23 105
23 92
23 96
23 94
23 79
23 97
23 81
23 90
23 100
24 97
24 98
25 103
25 113
25 101
25 105
26 55
26 31
26 32
26 2
26 3
26 23
26 37
26 52
26 36
26 58
26 33
26 34
26 4
26 8
26 10
26 35
26 66
26 1
26 21
26 20
26 74
26 6
26 14
26 5
26 28
28 43
28 54
28 50
29 49
29 38
29 42
29 36
30 62
30 101
30 16
30 50
30 67
30 21
30 22
30 33
30 88
30 36
30 89
30 56
30 41
31 93
31 91
31 96
32 15
32 8
32 13
32 6
32 14
32 7
32 11
32 10
34 107
34 102
34 103
34 110
34 106
34 124
34 119
34 118
34 125
34 122
34 111
34 113
34 117
34 94
34 108
34 120
34 116
35 28
35 25
35 29
36 16
37 5
37 9
37 4
37 7
37 10
37 11
37 14
37 1
37 8
37 13
38 43
38 44
38 49
39 84
39 119
39 80
39 117
39 75
39 89
39 86
39 107
39 78
39 106
39 81
39 108
39 82
39 100
39 112
39 96
39 116
39 85
39 79
39 114
39 101
39 111
39 77
39 90
39 92
39 69
39 103
39 102
39 98
39 104
39 73
39 94
40 95
40 94
40 90
40 97
40 101
40 98
40 89
40 102
40 91
40 96
40 99
40 87
40 92
41 24
41 31
41 25
41 30
41 22
41 35
41 29
41 34
41 32
41 33
41 28
41 40
41 38
41 39
42 119
42 89
42 85
42 116
42 114
42 74
42 84
42 97
42 98
42 115
42 117
42 109
42 95
42 91
42 82
42 92
42 100
42 102
42 86
42 81
42 90
43 46
43 55
44 110
44 102
44 107
44 104
45 124
46 101
46 100
46 99
46 97
47 54
48 90
48 92
48 91
49 35
49 39
49 45
49 88
49 65
49 46
49 101
49 44
49 48
49 42
49 62
49 43
49 103
49 40
49 36
49 37
49 41
49 53
49 104
50 35
50 29
50 31
50 32
51 54
52 65
52 63
53 117
53 111
54 120
54 124
54 122
54 121
57 88
57 82
57 65
57 92
57 66
57 78
57 69
57 67
57 86
57 94
57 95
57 68
57 93
57 80
57 84
57 81
57 87
57 79
58 115
58 110
58 109
58 112
59 35
59 27
59 39
60 29
60 22
61 64
61 67
61 66
63 10
64 111
64 93
64 81
64 126
64 101
64 121
64 115
64 92
64 118
64 76
64 85
64 112
64 86
64 125
64 108
64 82
66 58
66 62
66 56
66 65
66 59
66 51
66 52
66 54
67 37
67 33
67 22
67 42
67 16
67 18
67 57
67 24
67 20
67 26
67 19
67 17
67 21
67 53
67 60
67 15
67 31
68 79
68 90
68 94
68 91
69 39
70 72
70 91
70 77
70 69
70 85
72 111
72 114
73 20
73 30
73 53
73 48
73 19
73 23
73 56
73 35
73 26
73 57
73 32
73 58
73 34
74 101
74 55
74 96
74 107
74 67
74 57
74 45
74 54
74 98
74 70
74 79
74 64
74 50
74 106
74 48
74 47
74 71
74 109
74 84
74 110
77 15
77 17
77 7
77 14
77 12
77 8
77 18
77 10
77 13
78 14
78 8
78 9
78 13
78 4
78 7
78 10
79 21
79 23
79 20
80 37
80 39
80 44
80 43
81 29
81 24
81 26
81 27
81 36
81 25
81 30
81 23
81 28
83 60
84 32
84 18
84 24
84 36
84 11
84 30
84 14
84 29
84 33
84 16
84 35
84 15
84 19
84 22
84 31
84 37
84 13
84 21
84 26
85 112
85 113
85 110
85 109
85 107
88 55
88 57
88 53
88 58
89 105
89 107
89 108
89 115
89 114
89 116
89 117
89 118
89 120
90 121
90 119
90 120
92 118
92 119
92 121
92 120
92 116
92 122
92 117
94 66
94 54
94 53
94 55
94 62
94 64
94 57
94 65
94 58
94 63
94 69
95 105
95 99
95 100
95 103
95 102
95 101
96 33
96 14
96 43
96 56
96 31
96 48
96 51
97 64
97 63
97 66
100 65
100 75
100 69
100 67
100 73
100 64
100 66
101 74
101 63
101 82
101 71
101 77
101 64
101 60
101 73
101 68
101 61
101 55
101 62
101 72
101 59
101 65
101 70
103 74
103 64
103 68
103 71
103 73
104 70
104 83
104 68
105 28
105 29
105 30
107 88
108 118
108 117
108 119
109 92
109 97
109 69
109 94
109 85
109 84
109 91
109 57
109 66
109 70
109 65
110 12
110 13
110 19
110 27
111 77
111 95
111 104
111 85
111 86
111 71
111 91
111 106
111 80
111 100
111 98
112 81
112 85
112 91
112 90
112 101
112 74
112 83
112 80
112 100
112 97
112 88
113 120
113 115
113 118
114 102
114 80
114 83
114 89
114 86
114 88
114 104
114 85
114 78
114 84
114 81
114 92
115 82
115 93
115 81
115 79
115 77
115 65
115 84
115 70
115 71
115 90
115 85
115 99
115 72
115 61
115 105
115 66
115 60
115 62
115 95
116 100
116 106
116 110
116 103
116 98
116 92
116 112
116 94
117 104
117 105
118 9
118 23
118 11
118 22
118 24
118 13
120 65
121 64
121 66
122 107
122 104
122 105
123 25
123 26
123 43
123 42
123 37
123 47
123 38
123 28
123 45
123 18
123 32
123 46
123 31
123 40
123 33
123 39
123 24
123 44
123 30
124 122
124 90
124 97
124 113
124 95
124 121
124 86
124 94
124 123
124 110
124 104
124 100
124 109
126 97
126 101
126 105
126 99
126 119
126 104
126 111
126 102
126 98
1 118
2 28
2 45
2 11
2 36
2 33
2 23
2 21
2 15
2 20
2 12
2 10
2 8
2 18
2 22
2 14
3 33
3 35
4 84
4 83
4 97
4 95
4 104
4 96
4 91
4 94
4 101
4 108
4 89
5 51
5 93
5 59
5 72
5 108
5 109
5 90
5 79
5 50
5 60
5 85
5 52
5 54
5 102
5 78
5 61
5 99
5 65
5 87
5 94
5 76
5 56
5 53
5 75
5 66
5 88
5 48
5 64
5 96
5 63
5 69
5 84
5 58
6 43
7 58
7 45
8 95
8 92
8 98
8 94
8 93
8 99
9 115
9 117
9 113
10 93
11 68
11 62
11 42
11 57
11 33
11 46
11 51
11 56
11 80
11 67
11 75
11 79
11 81
11 28
11 71
11 60
11 35
11 37
11 49
11 52
11 63
11 58
11 72
11 78
11 54
11 48
11 74
11 43
11 76
12 24
13 101
13 118
13 99
14 45
14 94
14 66
14 38
14 41
14 46
14 99
14 96
14 60
14 67
14 70
14 83
14 43
14 65
14 57
14 82
14 91
14 63
14 98
14 90
14 51
15 116
15 118
16 110
16 113
16 104
16 105
16 107
16 112
17 65
17 55
17 53
18 20
18 22
18 24
18 23
19 52
19 53
19 59
19 58
19 56
20 68
20 72
20 29
20 34
20 67
20 41
20 58
20 74
20 71
20 69
20 70
20 73
20 61
23 33
23 32
25 99
25 97
26 7
27 41
27 37
27 38
27 43
27 30
27 31
27 33
27 40
27 34
27 42
28 78
28 77
28 38
28 65
28 27
28 48
28 44
29 115
30 85
30 80
30 40
30 51
31 78
32 88
33 116
33 109
33 117
34 11
34 12
35 71
35 70
36 122
37 97
37 107
38 109
38 108
38 88
38 104
38 110
38 112
38 99
38 98
38 105
38 101
38 113
38 92
38 107
38 97
38 114
38 96
38 94
39 121
39 110
39 115
39 109
39 113
41 107
41 111
41 90
41 113
41 100
41 99
41 98
41 92
41 94
41 105
41 112
41 91
41 122
41 109
41 126
41 110
41 121
41 108
41 93
41 119
41 102
41 118
44 40
45 20
45 21
46 70
46 81
47 71
49 13
49 17
50 55
51 21
51 20
51 18
52 120
53 87
53 88
54 97
55 47
56 108
56 112
56 107
56 106
56 110
56 115
56 111
56 113
57 41
58 9
58 13
60 80
60 82
60 94
60 90
60 85
61 106
61 105
62 58
62 20
62 29
63 42
63 52
63 44
63 81
63 75
63 35
63 40
63 72
65 114
65 116
65 115
65 118
66 61
66 70
66 60
66 53
66 63
66 69
67 91
68 38
68 32
68 29
68 30
68 49
68 28
68 48
68 34
68 37
68 33
68 41
68 42
68 46
68 40
68 39
68 45
68 51
69 32
69 35
69 26
69 27
70 121
71 117
71 114
71 111
71 116
71 110
71 118
71 113
71 109
72 36
72 37
72 29
72 30
73 96
73 77
73 92
74 119
74 102
74 117
74 115
74 105
74 114
74 120
74 111
74 103
74 104
74 99
74 113
75 43
75 49
75 52
75 61
75 64
75 57
75 56
75 45
75 46
75 53
75 30
75 32
75 40
75 47
75 39
75 62
76 68
76 69
76 74
76 70
76 71
76 73
76 66
78 100
78 95
78 96
78 91
78 102
78 92
78 98
79 62
79 61
79 70
79 63
79 71
79 68
79 58
79 67
79 73
79 64
79 69
80 27
80 55
80 31
80 19
80 56
80 20
80 60
80 32
80 38
80 69
80 33
80 58
80 54
80 35
80 63
80 25
80 57
80 47
80 66
80 59
80 61
80 52
80 40
80 67
80 42
80 30
80 29
80 28
80 68
80 34
81 96
81 97
82 27
82 48
82 23
82 53
82 15
82 17
82 38
82 21
82 34
82 50
82 52
82 42
82 46
82 25
82 19
82 31
82 16
82 36
82 30
82 37
82 58
82 13
82 29
82 41
82 49
82 10
82 18
82 59
82 54
82 9
82 56
82 11
82 40
86 79
88 62
88 67
89 123
89 124
89 126
89 121
89 119
90 62
90 66
90 74
90 76
90 87
90 71
90 70
90 73
90 64
90 81
90 82
90 65
90 77
90 80
90 61
91 16
91 8
91 20
91 13
91 7
91 17
91 10
91 12
91 19
91 6
92 37
92 38
92 44
92 43
93 38
93 40
93 47
93 53
93 39
93 27
93 30
93 32
93 34
93 37
93 55
93 44
93 36
93 46
93 43
93 54
93 45
93 51
93 41
94 113
94 117
94 121
96 105
96 104
96 101
97 2
97 1
98 32
99 32
99 51
99 60
99 44
99 34
99 50
99 62
99 38
99 49
99 64
99 39
99 36
99 56
99 31
99 41
99 40
99 57
99 30
99 61
99 53
99 54
99 63
99 52
100 116
101 33
101 34
101 47
103 124
105 57
105 56
105 63
106 67
106 82
106 83
106 63
106 100
106 68
106 87
106 115
106 73
106 95
106 92
106 75
106 81
106 65
106 66
106 78
106 102
106 86
106 89
106 85
106 90
106 79
106 98
106 70
106 99
106 96
106 84
106 69
106 91
106 113
106 71
106 109
106 77
107 29
107 36
107 28
107 30
107 21
107 31
107 33
107 22
107 23
107 18
107 26
107 19
107 25
109 102
110 115
110 91
110 95
110 104
110 112
110 96
110 125
110 99
110 119
110 102
110 93
110 126
110 94
110 103
110 124
110 108
112 84
113 103
113 98
114 117
115 109
115 106
115 97
115 91
115 80
115 110
116 105
116 102
116 108
116 113
116 109
117 98
117 102
117 100
117 112
117 114
117 122
117 99
117 115
117 119
118 80
118 87
118 88
118 84
118 70
118 78
118 76
118 75
118 86
118 79
118 85
118 74
119 89
120 106
121 109
121 118
121 116
121 102
121 107
121 110
121 108
121 111
121 113
121 120
123 121
123 117
123 122
124 24
124 30
124 23
124 29
124 26
124 32
125 92
125 90
125 98
125 88
125 89
126 95
126 84
126 89
126 82
126 81
126 96
126 87
126 107
126 76
126 74
126 94
126 100
126 70
126 91
126 108
1 90
2 97
2 104
2 89
2 103
3 115
4 86
4 78
4 77
6 44
6 32
6 39
6 29
6 48
6 9
6 27
6 50
6 35
6 26
6 23
6 41
6 42
6 49
6 31
6 30
6 36
6 34
6 45
6 10
6 38
6 47
6 17
6 33
6 12
8 96
8 97
8 100
9 120
11 93
11 83
11 88
11 70
11 73
11 87
11 90
11 69
11 86
13 63
13 64
14 84
15 59
15 83
15 35
15 36
15 30
15 38
15 27
15 85
15 61
15 65
15 55
15 42
15 63
15 60
15 25
16 58
16 51
16 59
16 53
16 60
17 106
18 17
19 106
19 97
19 112
19 101
19 111
19 109
19 114
19 116
19 117
19 113
19 110
20 122
21 68
21 91
21 79
21 93
21 87
21 69
21 84
21 77
21 62
21 67
21 90
21 73
21 92
21 61
24 106
24 86
24 110
24 107
24 96
24 93
24 94
24 85
24 102
24 109
24 92
25 88
25 75
25 66
26 125
26 123
26 121
26 124
26 126
27 13
