130 11356
1 2
2 3
3 4
4 5
5 6
6 7
7 8
8 9
9 10
10 11
11 12
12 13
13 14
14 15
15 16
16 17
17 18
18 19
19 20
20 21
21 22
22 23
23 24
24 25
25 26
26 27
27 28
28 29
29 30
30 31
31 32
32 33
33 34
34 35
35 36
36 37
37 38
38 39
39 40
40 41
41 42
42 43
43 44
44 45
45 46
46 47
47 48
48 49
49 50
50 51
51 52
52 53
53 54
54 55
55 56
56 57
57 58
58 59
59 60
60 61
61 62
62 63
63 64
64 65
65 66
66 67
67 68
68 69
69 70
70 71
71 72
72 73
73 74
74 75
75 76
76 77
77 78
78 79
79 80
80 81
81 82
82 83
83 84
84 85
85 86
86 87
87 88
88 89
89 90
90 91
91 92
92 93
93 94
94 95
95 96
96 97
97 98
98 99
99 100
100 101
101 102
102 103
103 104
104 105
105 106
106 107
107 108
108 109
109 110
110 111
111 112
112 113
113 114
114 115
115 116
116 117
117 118
118 119
119 120
120 121
121 122
122 123
123 124
124 125
125 126
126 127
127 128
128 129
129 130
130 1
1 110
1 118
1 112
1 107
1 111
1 100
1 101
1 114
1 109
1 105
1 103
1 121
1 102
2 99
2 91
2 105
2 84
2 92
2 94
2 95
2 106
2 104
2 90
2 109
2 98
2 103
2 82
2 87
2 108
2 102
2 97
2 110
2 101
3 51
3 45
3 54
3 50
3 43
3 46
4 108
4 107
4 100
4 101
4 116
4 102
4 106
4 115
4 109
5 52
5 70
5 63
5 67
5 64
5 59
5 51
5 69
5 58
5 53
5 65
5 62
5 54
5 71
6 60
6 70
6 97
6 89
6 87
6 79
6 112
6 55
6 62
6 49
6 101
6 91
6 52
6 105
6 61
6 56
6 104
6 47
6 94
6 50
6 83
6 68
6 82
6 65
6 72
6 98
6 64
6 99
6 113
6 90
6 74
6 93
6 100
6 115
6 77
6 109
6 108
6 107
6 63
6 86
6 53
6 48
6 76
6 95
6 51
6 92
6 88
7 78
7 103
7 95
7 74
7 104
7 85
7 81
7 96
7 75
7 101
7 79
7 102
7 70
7 80
7 89
7 98
7 84
7 94
7 86
7 97
7 90
7 69
7 82
7 87
8 52
8 62
8 54
8 53
8 63
8 50
8 47
8 56
8 58
8 60
8 59
8 57
8 61
9 122
9 119
9 121
9 124
9 117
9 126
9 125
10 87
10 96
10 92
10 84
10 95
10 88
10 86
10 94
10 85
11 103
11 124
11 105
11 106
11 98
11 101
11 107
11 111
11 115
11 108
11 116
11 125
11 121
11 96
11 122
11 118
11 112
11 109
11 110
12 39
12 75
12 38
12 30
12 15
12 33
12 29
12 48
12 63
12 52
12 73
12 71
12 22
12 57
12 62
12 23
12 56
12 47
12 59
12 16
12 64
12 68
12 24
12 72
12 35
12 53
12 14
12 55
12 17
12 45
12 41
12 67
12 50
12 49
12 74
13 125
13 124
14 101
14 92
14 93
14 90
14 89
14 88
14 100
14 99
14 97
16 3
16 24
16 8
16 44
16 27
16 57
16 49
16 74
16 43
16 15
16 32
16 48
16 5
16 10
16 69
16 33
16 29
16 67
16 23
16 31
16 22
16 45
16 13
16 12
16 19
16 41
16 26
16 75
16 9
16 2
16 59
16 38
16 71
16 40
16 39
16 62
16 55
16 46
16 11
16 58
16 51
16 52
16 50
16 65
16 7
17 56
17 66
17 94
17 43
17 63
17 50
17 70
17 67
17 95
17 83
17 87
17 68
17 81
17 90
17 75
17 39
17 93
17 61
17 33
17 45
17 52
17 34
17 85
17 76
17 47
17 51
17 62
17 37
17 69
17 65
17 57
17 54
17 101
17 100
17 36
17 71
17 79
17 46
17 35
17 72
17 77
17 74
18 96
18 94
19 21
19 16
20 110
20 114
20 118
20 113
20 116
20 120
20 117
20 119
21 72
21 66
21 51
21 77
21 63
21 52
21 75
21 65
21 70
21 64
21 74
21 73
21 57
21 55
21 69
21 47
21 50
21 76
21 49
21 58
23 78
23 89
23 72
23 87
23 94
23 75
23 83
23 81
23 95
23 74
23 77
23 85
23 79
23 80
23 88
23 96
24 110
24 106
24 111
24 108
24 112
25 23
25 63
25 9
25 15
25 30
25 28
25 56
25 36
25 51
25 24
25 62
25 45
25 13
25 10
25 61
25 6
25 19
25 40
25 60
25 5
25 54
25 52
25 7
25 32
25 31
25 55
25 47
25 29
25 27
25 46
25 41
25 22
25 11
25 37
25 16
25 14
26 72
26 68
26 70
26 114
26 103
26 90
26 88
26 109
26 116
26 104
26 95
26 91
26 98
26 112
26 96
26 122
26 120
26 77
26 110
26 76
26 71
26 101
26 65
26 89
26 87
26 113
26 66
26 115
26 93
26 123
26 73
26 105
26 100
26 108
26 86
26 102
26 111
26 117
27 20
28 120
28 112
28 111
28 113
28 110
29 120
29 112
29 114
29 119
29 111
29 113
30 26
30 20
30 16
30 17
30 32
30 27
30 19
30 25
30 24
30 38
30 12
30 5
30 3
30 28
30 34
30 7
30 11
30 22
30 9
30 39
30 15
31 107
31 120
31 111
31 116
31 115
31 109
31 113
31 117
31 119
31 110
32 83
32 74
32 81
32 77
32 78
32 71
32 80
32 72
33 85
33 89
33 82
33 84
33 94
33 99
33 86
33 93
33 88
33 97
35 77
35 69
35 76
35 74
35 64
35 65
35 73
35 67
35 72
36 76
36 77
36 75
37 108
37 100
37 92
37 116
37 98
37 109
37 111
37 89
37 105
37 86
37 87
37 88
37 102
37 115
37 96
37 84
37 106
37 101
37 94
37 114
37 112
37 91
37 85
37 120
37 118
37 119
37 110
38 83
38 75
38 86
38 69
38 74
38 72
38 85
38 78
38 70
38 76
38 84
38 82
38 81
38 88
39 108
39 99
39 100
39 104
39 106
39 103
39 102
40 78
40 79
41 114
41 107
41 89
41 110
41 69
41 65
41 72
41 125
41 109
41 95
41 76
41 81
41 105
41 102
41 106
41 67
41 80
41 91
41 77
41 100
41 78
41 126
41 71
41 94
41 88
41 84
41 73
41 112
41 87
41 123
41 117
41 104
41 103
41 98
41 121
41 74
41 79
41 92
41 96
41 122
41 68
42 93
42 84
42 107
42 87
42 100
42 96
42 89
42 82
42 99
42 97
42 95
42 108
42 106
42 86
42 90
42 102
42 85
43 52
43 91
43 78
43 47
43 80
43 90
43 75
43 79
43 50
43 49
43 86
43 77
43 70
43 87
43 84
43 65
43 35
43 67
43 56
43 64
43 46
43 69
43 59
43 94
43 62
43 89
43 40
43 95
43 96
43 61
43 81
43 63
43 82
43 92
43 72
43 45
43 88
43 68
43 41
43 48
44 91
44 88
44 93
44 92
44 94
45 99
45 78
45 68
45 71
45 97
45 86
45 92
45 88
45 98
45 66
45 64
45 91
45 82
45 60
45 80
45 95
45 76
45 94
45 70
45 93
45 84
45 61
45 96
45 63
45 77
45 74
45 67
45 62
46 37
46 38
46 43
46 44
46 41
46 42
47 67
47 89
47 29
47 61
47 32
47 58
47 33
47 84
47 30
47 37
47 62
47 36
47 68
47 82
47 57
47 41
47 77
47 79
47 55
47 45
47 50
47 27
47 64
47 60
47 59
47 53
47 65
47 39
47 42
47 49
47 51
47 90
47 87
47 91
47 78
47 54
47 34
47 71
47 38
47 26
50 40
50 33
50 53
50 87
50 65
50 88
50 77
50 10
50 75
50 55
50 39
50 48
50 31
50 42
50 14
50 15
50 83
50 28
50 63
50 62
50 76
50 34
50 67
50 32
50 30
50 20
50 85
50 78
50 9
50 4
50 26
50 36
50 82
50 23
50 86
50 49
50 58
50 24
50 68
50 70
50 54
50 8
50 61
50 47
50 45
50 57
50 6
50 52
50 44
50 66
50 81
50 73
51 2
51 1
52 46
52 34
52 41
52 40
52 49
52 33
52 39
52 45
52 44
53 98
53 95
53 93
53 103
53 88
53 91
54 124
54 125
55 116
55 117
56 91
56 94
56 86
56 95
56 93
56 87
56 83
56 96
56 88
57 53
57 52
57 49
57 50
58 51
58 49
59 17
59 38
59 23
59 49
59 54
59 19
59 34
59 44
59 28
59 30
59 51
59 46
59 43
59 48
59 20
59 29
59 39
59 36
59 42
59 45
59 22
59 35
59 53
59 37
60 85
60 99
60 90
60 104
60 112
60 108
60 92
60 89
60 98
60 103
60 101
60 111
60 110
60 95
60 94
60 114
60 107
60 100
60 91
61 116
61 120
61 117
62 95
62 106
62 101
62 86
62 81
62 77
62 83
62 105
62 88
62 92
62 90
62 100
62 84
62 75
62 103
62 97
62 107
62 82
62 108
62 91
62 87
63 116
63 111
63 106
63 114
63 112
63 126
63 101
63 99
63 118
63 122
63 127
63 100
63 117
63 97
63 107
63 120
63 109
63 108
63 102
63 103
64 103
64 104
64 108
64 109
64 105
65 88
65 87
65 89
65 85
65 91
65 84
66 88
66 85
66 86
67 62
67 61
67 52
67 50
67 53
67 54
67 59
67 49
67 58
67 51
68 110
69 126
69 127
70 107
70 100
70 86
70 98
70 91
70 116
70 112
70 85
70 93
70 118
70 122
70 101
70 92
70 102
70 124
70 104
70 105
70 97
70 103
70 87
70 114
70 110
70 123
70 120
70 126
70 113
70 108
70 96
70 119
70 128
71 61
71 75
71 45
71 27
71 77
71 58
71 83
71 76
71 33
71 44
71 32
71 28
71 41
71 82
71 25
71 78
71 65
71 42
71 48
71 63
71 67
71 69
71 46
71 43
71 73
71 37
71 49
71 64
71 87
71 79
71 57
71 81
71 74
71 30
71 31
71 34
71 56
71 51
71 50
71 24
71 86
71 47
71 85
71 80
71 62
72 111
72 115
72 118
72 114
72 110
73 30
73 24
73 29
73 27
73 26
74 114
74 104
74 95
74 97
74 110
74 109
74 98
74 107
74 102
74 108
74 116
74 113
74 111
74 105
75 46
75 71
75 80
75 52
75 78
75 53
75 62
75 81
75 40
75 57
75 55
75 49
75 47
75 59
75 50
75 45
75 63
75 44
75 70
75 72
75 69
75 74
75 79
75 56
76 87
78 95
78 96
79 127
79 126
81 92
81 91
81 90
81 85
81 95
81 84
81 89
81 93
81 77
81 80
81 86
82 93
82 87
82 112
82 72
82 121
82 78
82 86
82 111
82 69
82 122
82 119
82 118
82 105
82 109
82 98
82 106
82 102
82 100
82 85
82 75
82 120
82 101
82 89
82 113
82 97
82 90
82 74
82 107
82 94
82 108
83 42
83 94
83 77
83 60
83 89
83 54
83 53
83 73
83 47
83 93
83 96
83 49
83 81
83 39
83 36
83 95
83 80
83 66
83 61
83 85
83 97
83 76
83 37
83 79
83 72
83 102
83 62
83 86
83 41
83 69
83 101
83 71
83 38
84 13
84 4
84 8
84 10
84 7
84 11
85 90
85 114
85 93
85 113
85 94
85 108
85 96
85 106
85 91
85 89
85 112
85 110
85 100
85 101
85 87
85 111
85 105
85 107
85 98
87 50
87 56
87 37
87 53
87 61
87 49
87 42
87 80
87 27
87 29
87 85
87 70
87 43
87 48
87 75
87 67
87 54
87 74
87 68
87 23
87 90
87 34
87 89
87 84
87 41
87 46
87 91
87 77
87 31
87 45
87 55
87 92
87 63
87 52
87 32
87 81
87 25
87 79
87 18
87 38
87 83
87 62
87 72
87 58
87 64
87 82
87 47
87 65
88 50
88 58
88 45
88 24
88 47
88 41
88 46
88 35
88 31
88 54
88 59
88 39
88 43
88 56
88 33
88 27
88 49
88 23
88 48
88 36
88 51
88 21
88 32
88 42
89 108
89 81
89 83
89 84
89 74
89 117
89 93
89 111
89 99
89 121
89 105
89 102
89 100
89 82
89 91
89 87
89 78
89 110
89 104
89 94
89 79
89 107
89 98
89 101
89 97
89 95
89 80
89 120
89 88
89 92
89 86
89 112
89 109
90 22
90 39
90 23
90 31
90 36
90 26
90 35
90 37
90 24
90 40
90 32
90 42
90 28
90 27
90 25
92 111
92 109
93 67
93 57
93 63
93 96
93 66
93 101
93 84
93 80
93 97
93 81
93 85
93 99
93 95
93 64
93 100
93 78
93 89
93 65
93 74
93 71
93 82
93 70
93 91
93 87
95 113
95 106
95 110
95 115
95 109
95 108
95 112
95 116
95 111
96 40
96 33
96 39
96 36
96 34
96 38
97 61
97 52
97 65
97 64
97 42
97 47
97 63
97 53
97 43
97 51
97 57
97 46
97 48
97 50
97 58
97 55
97 56
97 49
98 78
98 41
98 44
98 71
98 43
98 67
98 82
98 58
98 89
98 86
98 64
98 63
98 61
98 25
98 60
98 53
98 79
98 77
98 84
98 87
98 27
98 37
98 85
98 62
98 30
98 54
98 29
98 49
98 47
98 51
98 48
98 72
98 50
98 81
98 88
98 80
98 26
98 36
98 32
98 69
98 76
98 75
98 70
98 38
98 66
99 66
99 42
99 40
99 48
99 71
99 98
99 51
99 61
99 114
99 87
99 56
99 113
99 60
99 110
99 95
99 93
99 65
99 107
99 103
99 111
99 69
99 80
99 28
99 37
99 76
99 57
99 38
99 102
99 59
99 81
99 85
99 82
99 68
99 54
99 47
99 94
99 75
99 73
99 35
99 67
99 89
99 43
99 91
99 77
99 86
99 105
99 97
99 45
99 88
99 31
99 30
99 33
99 83
99 104
99 64
99 92
99 84
99 39
99 34
101 90
101 110
101 89
101 114
101 109
101 111
101 99
101 98
101 105
101 113
101 116
101 100
102 111
102 113
102 107
102 109
102 84
102 66
102 72
102 67
102 125
102 100
102 124
102 112
102 93
102 127
102 126
102 101
102 74
102 85
102 121
102 69
102 59
102 105
102 122
102 104
102 46
102 70
102 78
102 62
102 77
102 64
102 79
102 49
102 123
102 87
102 61
102 73
102 81
102 97
102 91
102 99
102 94
102 54
102 65
102 68
102 53
102 56
102 63
102 90
102 83
102 57
103 60
103 51
103 57
103 58
103 66
103 56
103 62
103 63
103 59
103 67
103 55
103 61
103 52
104 101
104 116
104 107
104 119
104 109
104 112
104 120
104 117
104 113
104 110
104 103
104 106
105 125
105 130
105 126
106 118
106 119
107 88
107 86
107 104
107 95
107 99
107 98
107 78
107 90
107 92
107 83
107 96
107 97
107 94
107 103
107 84
107 80
107 91
108 76
108 73
109 105
109 104
109 107
110 118
110 116
110 114
110 115
110 109
110 113
111 102
111 97
111 98
111 100
111 101
111 95
111 103
111 94
112 33
112 34
112 32
112 31
113 99
113 92
113 106
113 89
113 115
113 110
113 109
113 98
113 103
113 101
113 104
113 87
113 93
113 102
113 85
113 88
113 121
113 96
113 116
113 108
113 90
113 124
113 117
114 113
114 116
114 118
114 112
114 119
114 117
115 94
115 93
115 91
115 89
115 88
116 99
116 119
116 105
116 112
116 114
116 97
116 96
116 118
116 98
116 123
116 103
116 110
116 106
116 108
116 100
116 102
116 124
116 107
116 104
117 93
117 83
117 96
117 95
117 85
117 103
117 111
117 89
117 116
117 98
117 88
117 110
117 108
117 115
117 107
117 84
117 106
117 82
117 87
117 101
117 105
117 99
117 104
118 60
118 65
118 69
118 59
118 63
118 64
118 66
118 68
119 64
119 73
119 75
119 74
119 65
119 71
119 72
120 34
120 27
120 41
120 40
120 33
120 30
120 36
120 35
120 38
121 124
121 125
121 123
122 100
122 96
122 101
122 90
122 94
122 99
122 92
122 102
122 89
122 95
122 85
122 87
122 88
122 97
122 106
122 104
123 76
123 79
123 83
123 94
123 70
123 68
123 81
123 87
123 75
123 99
123 89
123 93
123 77
123 103
123 66
123 96
123 67
123 90
123 101
123 80
123 88
123 104
123 86
123 72
123 84
123 73
124 81
124 84
124 82
125 63
125 23
125 25
125 35
125 40
125 64
125 36
125 26
125 50
125 31
125 55
125 28
125 15
125 53
125 29
125 33
125 20
125 39
125 37
125 62
125 54
125 14
125 21
125 18
125 59
125 44
125 24
125 58
125 47
125 68
125 65
125 19
125 52
125 73
125 13
125 48
125 17
125 46
125 71
126 49
126 42
126 60
126 67
126 47
126 37
126 48
126 43
126 62
126 46
126 38
126 58
126 65
126 41
126 63
126 57
126 52
126 54
126 40
126 64
127 30
127 55
127 26
127 35
127 19
127 44
127 31
127 28
127 25
127 49
127 51
127 39
127 34
127 52
127 29
127 46
127 47
127 37
127 24
127 32
127 22
127 53
127 41
128 96
128 85
128 105
128 97
128 99
128 77
128 84
128 113
128 120
128 117
128 95
128 89
128 102
128 75
128 100
128 118
128 127
128 109
128 101
128 116
128 125
128 110
128 114
128 126
128 92
128 88
128 82
128 106
128 86
128 78
128 81
128 111
128 103
129 63
129 62
129 66
129 65
129 74
129 59
129 64
129 58
129 60
129 69
129 73
129 71
130 112
130 94
130 106
130 79
130 91
130 104
130 97
130 74
130 89
130 81
130 82
130 109
130 101
130 105
130 90
130 98
130 75
130 86
130 78
130 92
130 99
130 102
130 88
130 111
130 93
1 96
4 126
4 127
5 108
6 106
6 96
6 84
6 103
6 80
6 85
7 31
7 45
7 34
7 33
7 35
7 30
7 25
7 42
7 27
7 53
7 14
7 28
7 46
7 9
7 54
7 21
7 36
7 50
7 43
7 24
7 38
7 32
7 22
7 17
7 47
7 19
7 29
7 5
7 39
7 11
7 10
7 16
7 44
7 51
7 4
8 101
8 99
8 98
8 100
9 87
9 84
9 95
9 82
9 85
9 91
9 81
9 89
10 120
10 123
10 124
10 122
10 121
12 69
12 77
12 76
12 70
13 25
14 96
14 80
14 103
14 102
14 81
14 94
14 82
14 83
14 87
14 95
14 79
15 43
15 29
15 30
15 28
15 31
15 26
15 21
15 22
15 24
15 36
15 19
15 35
15 37
15 40
15 27
15 42
16 110
16 112
16 115
16 113
16 107
16 116
16 114
16 109
16 106
17 114
17 130
17 109
17 127
17 121
17 116
17 129
17 117
17 118
17 111
17 125
17 113
17 119
17 112
17 123
18 123
19 96
19 90
19 65
19 120
19 109
19 101
19 110
19 91
19 60
19 64
19 103
19 107
19 52
19 42
19 119
19 115
19 44
19 87
19 102
19 78
19 50
19 45
19 114
19 69
19 98
19 100
19 113
19 57
19 62
19 80
19 63
19 53
19 85
19 75
19 104
19 66
19 82
19 105
19 54
19 58
19 86
19 61
19 117
19 73
19 51
19 68
19 71
19 106
19 108
19 99
20 45
20 56
20 49
20 46
20 57
20 54
20 51
20 47
20 60
20 52
21 71
21 111
21 107
21 62
21 94
21 82
21 89
21 105
21 46
21 112
21 113
21 84
21 116
21 97
21 79
21 78
21 101
21 109
21 80
21 42
21 98
21 118
21 88
21 60
21 86
21 93
21 37
21 61
21 53
21 100
21 40
21 108
21 34
21 99
21 43
21 85
21 91
21 67
21 44
21 48
21 87
21 90
21 32
22 107
22 110
22 109
22 105
23 101
23 99
23 91
23 98
23 92
23 97
23 90
23 100
24 114
24 123
24 102
24 119
24 109
24 124
24 104
24 116
24 120
24 105
24 117
24 101
24 115
25 89
25 82
25 77
25 68
25 69
25 94
25 73
25 70
25 92
25 87
25 71
25 84
25 75
25 90
25 78
25 67
25 85
25 76
25 88
25 74
26 50
26 49
26 53
26 55
27 89
27 90
27 92
27 87
27 88
27 93
27 96
27 94
28 50
28 52
28 45
28 56
28 48
28 47
28 49
28 51
28 46
29 107
29 99
29 85
29 77
29 76
29 73
29 92
29 94
29 83
29 87
29 89
29 84
29 69
29 80
29 100
29 109
29 95
29 74
29 108
29 103
29 71
29 86
29 68
29 90
29 88
29 105
29 67
29 101
30 23
30 52
30 57
30 53
30 47
30 42
30 37
30 44
30 45
30 59
30 40
30 56
31 85
31 76
31 84
31 91
31 74
31 90
31 78
31 87
31 77
31 88
31 89
31 80
32 51
33 15
33 17
35 105
35 79
35 100
35 108
35 88
35 86
35 97
35 89
35 96
35 82
35 113
35 103
35 75
35 66
35 70
35 94
35 68
35 91
35 112
35 83
35 99
35 95
35 104
35 106
35 107
37 39
37 47
37 68
37 78
37 51
37 79
37 67
37 34
37 41
37 53
37 42
37 62
37 49
37 36
37 48
37 57
37 35
37 66
37 40
37 54
37 74
37 52
37 45
37 46
37 32
37 60
37 69
37 59
38 90
38 66
38 77
38 61
38 64
38 62
38 59
38 91
38 67
38 79
38 73
38 80
39 83
39 82
39 95
39 115
39 110
39 92
39 87
39 89
39 79
39 116
39 90
39 97
39 80
39 93
39 86
39 111
39 85
39 105
39 94
39 96
39 113
40 120
41 90
41 101
41 86
41 85
41 93
41 82
42 64
42 61
42 69
42 80
42 57
42 73
42 63
42 70
42 78
42 65
42 111
42 91
42 62
42 109
42 59
42 74
42 104
42 114
42 94
42 98
42 105
42 66
42 103
42 55
42 67
42 54
44 58
44 57
44 63
44 55
44 87
44 67
44 70
44 98
44 99
44 62
44 52
44 79
44 97
44 56
44 61
44 83
44 85
44 84
44 73
44 95
44 76
44 64
44 80
44 74
44 78
44 68
44 60
45 85
45 73
45 75
45 65
45 79
45 72
45 57
45 69
45 59
45 54
45 56
46 35
46 31
46 49
46 45
46 32
46 39
46 48
46 29
48 91
48 88
48 90
48 89
48 86
48 84
48 85
49 30
49 41
49 31
49 39
49 35
49 37
49 40
49 32
49 43
49 44
49 47
50 43
50 56
50 21
50 18
50 69
50 99
50 13
50 71
50 105
50 19
50 35
50 60
50 41
50 91
50 95
50 59
50 94
50 11
50 64
50 74
50 96
50 17
50 22
50 93
50 101
50 90
50 100
50 27
50 46
50 104
51 48
51 68
51 53
51 69
51 39
51 59
51 64
51 67
51 40
51 43
51 70
51 73
51 55
51 46
51 56
51 42
51 57
51 47
51 66
51 38
51 50
51 62
52 111
52 106
52 113
52 98
52 94
52 116
52 97
52 121
52 112
52 120
52 122
52 95
52 114
52 108
53 105
53 90
53 99
53 110
53 86
53 121
53 124
53 107
53 84
53 104
53 122
53 112
53 94
53 115
53 120
53 85
53 96
53 83
53 126
53 113
53 97
53 127
53 89
53 123
53 82
54 107
54 114
54 94
54 116
54 112
54 90
54 108
54 111
54 97
54 89
54 96
54 101
54 110
54 102
54 87
54 113
54 92
55 115
55 122
55 118
56 110
56 102
56 115
56 119
56 118
56 111
56 109
56 120
56 101
56 107
56 114
56 116
56 113
56 112
56 105
56 121
56 100
56 97
57 78
57 109
57 82
57 72
57 116
57 120
57 105
57 84
57 96
57 79
57 113
57 75
57 100
57 112
57 87
57 71
57 80
57 102
57 118
57 73
57 121
57 101
57 122
57 91
57 93
57 99
57 94
57 88
57 104
57 115
57 98
57 77
57 90
57 68
57 119
57 65
57 124
57 117
57 85
57 74
57 76
57 92
58 50
58 55
58 54
59 8
59 11
59 16
59 18
59 9
59 10
59 7
59 15
60 48
60 62
60 52
60 44
60 55
60 65
60 64
60 56
60 43
60 59
60 57
60 51
60 47
60 58
60 63
60 49
61 23
61 28
61 21
61 33
61 38
61 35
61 20
61 39
61 41
61 30
61 25
61 37
61 34
61 32
62 31
62 26
62 25
62 28
62 27
62 21
62 30
63 125
65 27
66 92
66 93
66 95
67 27
67 31
67 29
67 28
68 70
69 118
69 122
69 84
69 119
69 78
69 65
69 80
69 114
69 92
69 102
69 63
69 90
69 86
69 101
69 88
69 74
69 98
69 97
69 116
69 128
69 71
69 77
69 82
69 72
69 117
69 85
69 115
69 123
69 76
69 104
69 111
69 121
69 73
69 66
69 61
69 109
69 89
69 107
69 120
69 81
69 112
70 82
70 74
70 77
70 79
70 78
70 95
70 69
70 80
70 94
70 83
70 81
70 75
70 99
70 73
70 76
70 89
71 14
71 20
71 22
71 12
71 38
71 54
71 19
71 52
71 17
71 29
71 15
71 16
71 13
71 23
72 93
72 94
72 86
72 128
72 95
72 96
72 98
72 90
72 92
72 123
72 122
72 129
72 100
72 105
72 121
72 104
72 88
72 101
72 112
72 87
72 119
72 99
72 109
73 102
73 104
73 110
73 106
73 107
73 105
74 92
74 84
74 37
74 41
74 52
74 73
74 93
74 56
74 57
74 77
74 18
74 22
74 46
74 63
74 51
74 66
74 55
74 67
74 58
74 21
74 54
74 38
74 71
74 28
74 48
74 23
74 25
74 90
74 30
74 32
74 61
74 86
74 81
74 19
74 76
74 27
74 42
74 31
74 72
75 39
75 61
75 85
75 43
75 37
75 24
75 27
75 28
75 26
75 25
75 41
75 60
75 34
75 82
75 67
75 31
75 65
75 48
75 83
75 23
75 30
75 58
75 42
75 33
75 73
76 122
77 33
77 25
77 28
77 35
77 26
77 24
77 32
78 59
78 51
78 92
78 63
78 67
78 55
78 91
78 58
78 94
78 89
78 75
78 98
78 82
78 76
78 85
78 86
78 73
78 60
78 88
78 57
78 68
78 80
78 81
78 52
78 90
78 99
78 50
78 74
79 33
79 63
79 42
79 35
79 32
79 88
79 101
79 60
79 59
79 24
79 93
79 85
79 97
79 64
79 22
79 21
79 41
79 28
79 20
79 68
79 51
79 95
79 31
79 70
79 92
79 34
79 72
79 53
79 48
79 99
79 29
79 71
79 96
79 87
79 78
79 55
79 91
79 67
79 58
79 44
79 100
79 69
79 40
79 38
79 75
79 26
79 74
79 66
79 81
79 50
79 98
79 23
79 46
79 54
79 73
79 47
80 75
80 66
80 71
80 74
80 68
80 62
80 83
80 79
80 84
80 73
80 77
80 76
80 69
80 65
80 85
81 128
81 127
81 115
81 130
81 124
81 129
81 121
81 118
82 28
82 45
82 32
82 57
82 61
82 67
82 21
82 59
82 56
82 51
82 62
82 71
82 103
82 114
82 24
82 66
82 64
82 50
82 92
82 77
82 38
82 19
82 18
82 95
82 47
82 96
82 52
82 23
82 27
82 40
82 36
82 123
82 68
82 55
82 20
82 46
82 99
82 39
82 25
82 76
82 29
82 49
82 42
82 30
82 54
82 88
82 81
82 117
83 55
83 65
83 58
83 68
83 56
83 74
83 75
83 57
83 64
84 12
84 20
84 19
84 21
84 22
85 95
85 82
85 83
85 78
85 80
85 99
85 84
85 79
86 99
86 104
86 123
86 98
86 119
86 106
86 117
86 110
86 103
86 100
86 120
86 124
86 121
86 101
86 118
86 112
86 102
86 108
86 97
87 123
87 126
88 15
88 16
88 18
88 17
89 36
89 28
89 30
89 37
89 35
89 31
89 38
89 34
90 97
90 103
90 110
90 102
90 112
90 101
90 98
90 114
90 115
90 108
90 95
90 116
90 107
91 114
91 111
91 118
91 106
91 110
91 117
91 113
91 109
92 52
92 63
92 59
92 61
92 65
92 43
92 39
92 66
92 56
92 70
92 62
92 51
92 69
92 68
92 53
92 57
92 60
92 64
92 49
92 48
92 58
92 38
92 45
92 47
93 40
93 43
93 37
93 38
93 41
93 35
94 75
94 72
94 69
94 67
94 70
94 73
94 74
94 65
94 76
95 54
95 46
95 56
95 44
95 64
95 55
95 45
95 61
95 53
95 65
95 62
95 39
95 52
95 59
95 47
95 41
95 51
96 12
96 9
96 10
96 13
96 8
96 7
97 91
97 94
97 92
98 106
98 102
98 104
99 29
99 32
99 36
100 118
100 121
100 123
100 115
100 119
100 126
100 116
101 24
101 25
101 23
101 21
101 22
102 116
102 118
102 110
102 117
102 115
102 108
102 106
103 122
103 119
104 66
104 68
104 65
104 73
104 82
104 63
104 58
104 78
104 83
104 72
104 76
104 85
104 64
104 60
104 71
104 62
104 79
105 101
105 110
105 115
105 113
105 109
105 116
105 120
105 114
105 107
105 111
105 123
105 108
106 120
106 117
107 118
107 119
107 123
107 117
108 18
108 36
108 28
108 38
108 34
108 39
108 37
108 19
108 20
108 32
108 17
108 23
108 26
108 24
109 115
109 80
109 77
109 60
109 37
109 88
109 68
109 100
109 59
109 89
109 101
109 70
109 102
109 50
109 69
109 74
109 39
109 71
109 98
109 85
109 48
109 86
109 106
109 64
109 65
109 94
109 120
109 113
109 47
109 41
109 95
109 63
109 82
109 46
109 58
109 44
109 35
109 97
109 51
109 62
109 99
109 93
109 81
109 90
109 91
109 112
109 36
109 111
109 55
109 79
109 87
109 67
109 108
110 66
110 63
111 88
111 73
111 57
111 91
111 87
111 90
111 75
111 78
111 54
111 80
111 62
111 84
111 68
111 52
111 67
111 53
111 89
111 85
111 70
111 71
111 83
111 82
111 61
111 51
111 60
111 63
111 77
111 76
112 30
112 42
112 28
112 39
112 40
112 29
112 37
112 41
113 112
113 119
113 122
113 123
113 91
113 118
113 100
113 95
114 110
115 43
115 40
115 25
115 23
115 36
115 30
115 27
115 24
115 35
115 33
115 31
116 115
116 109
116 113
116 122
116 120
117 128
117 126
118 79
118 72
118 83
118 81
118 75
118 82
118 73
119 79
119 81
119 78
119 83
119 88
119 87
119 82
120 60
120 49
120 56
120 66
120 67
120 62
120 58
120 48
120 65
120 63
120 59
120 46
120 64
120 53
120 54
121 28
121 23
121 35
121 29
121 38
121 26
121 39
121 40
121 20
121 27
121 34
121 32
122 128
122 130
124 93
125 45
126 59
126 55
126 56
126 53
126 45
126 44
126 51
127 88
127 9
127 97
127 8
127 63
127 101
127 78
127 72
127 57
127 95
127 7
127 45
127 89
127 48
127 68
127 20
127 71
127 56
127 42
127 103
127 80
127 84
127 94
127 76
127 10
127 102
127 86
127 23
127 65
127 38
127 6
127 100
127 54
127 60
127 50
127 74
127 75
127 14
127 92
127 58
127 21
127 67
127 27
127 73
127 104
127 13
127 36
127 43
127 33
127 99
128 108
129 41
129 45
129 81
129 56
129 44
129 87
129 68
129 39
129 37
129 47
129 32
129 49
129 52
129 46
129 79
129 29
129 61
129 54
129 53
129 38
129 22
129 91
129 90
129 31
129 70
129 80
129 67
129 57
129 95
129 51
129 23
129 88
129 40
129 84
129 48
129 34
129 43
129 93
130 85
130 67
130 66
130 73
130 80
130 87
130 70
130 69
130 77
130 71
130 96
130 84
130 95
1 57
1 68
1 62
1 45
1 60
1 42
1 44
1 81
1 75
1 70
1 76
1 50
1 36
1 64
1 41
1 72
1 55
1 51
1 38
1 71
1 79
1 37
1 52
1 69
1 61
1 67
1 78
1 49
1 59
1 43
1 56
1 73
1 40
2 112
2 114
2 116
2 115
3 105
3 111
3 114
3 100
3 99
3 103
3 110
3 97
3 106
3 109
3 108
3 96
3 112
3 104
4 23
4 28
4 25
4 24
4 31
4 35
4 33
4 26
4 32
5 78
5 82
5 50
5 89
5 56
5 55
5 80
5 93
5 66
5 72
5 79
5 88
5 75
5 96
5 85
5 94
5 86
5 61
5 74
5 81
6 71
8 64
8 111
8 120
8 104
8 112
8 66
8 119
8 103
8 78
8 72
8 90
8 71
8 76
8 114
8 82
8 74
8 70
8 107
8 96
8 122
8 68
8 73
8 88
8 116
8 69
8 113
8 109
8 87
8 80
8 84
9 22
9 34
9 27
9 18
9 23
9 13
9 14
9 12
9 16
9 29
9 24
9 30
9 21
9 15
9 17
9 28
10 18
11 104
11 102
12 111
12 113
12 114
13 127
13 128
13 129
14 91
14 75
14 42
14 53
14 49
14 73
14 55
14 56
14 43
14 76
14 78
14 72
14 59
14 74
14 85
14 63
14 48
14 71
14 58
14 62
14 51
14 44
14 84
14 64
14 86
14 77
14 61
15 23
15 14
15 18
15 17
16 111
16 108
17 124
17 128
17 126
17 108
17 110
18 27
18 28
18 33
18 26
18 34
18 36
18 25
18 23
18 29
18 32
19 72
19 55
19 56
19 76
19 67
19 59
19 74
20 58
20 62
20 59
21 27
21 8
21 31
21 10
21 30
21 59
21 19
21 24
21 14
21 35
21 7
21 18
21 92
21 23
21 16
21 45
21 17
21 95
21 33
21 25
21 6
21 15
21 83
21 39
21 29
22 85
22 83
22 57
22 98
22 82
22 50
22 91
22 55
22 78
22 70
22 88
22 92
22 47
22 87
22 68
22 80
22 66
22 56
22 43
22 45
22 63
22 61
22 58
22 79
22 73
22 54
22 86
22 77
22 72
22 62
22 52
22 96
22 67
22 49
22 97
22 81
23 9
23 10
23 11
23 17
23 28
23 18
23 15
23 22
23 13
23 27
23 29
23 26
23 21
24 17
25 113
25 125
25 129
25 107
25 117
25 128
25 106
25 118
25 109
25 111
25 112
25 105
25 127
25 121
25 110
25 130
25 114
26 52
26 60
26 34
26 33
26 29
26 30
26 59
26 40
26 31
26 85
26 81
26 94
26 75
26 82
26 51
26 28
26 47
26 57
26 78
26 48
26 43
26 46
26 79
26 45
26 99
26 54
26 62
26 61
27 73
27 68
27 71
28 55
28 54
30 4
30 8
30 14
30 10
30 13
30 6
31 12
31 17
31 18
31 16
31 19
31 20
33 108
33 87
33 90
33 106
33 104
33 109
33 110
33 100
33 83
33 111
34 76
34 81
34 73
34 78
34 80
34 75
35 78
35 61
35 71
35 58
35 85
35 81
35 59
35 102
35 101
35 84
35 63
35 92
36 52
36 55
36 64
36 35
36 44
36 61
36 62
36 38
36 47
36 41
36 26
36 33
36 43
36 29
36 54
36 50
36 65
36 51
36 60
36 23
36 31
36 28
36 53
36 21
36 58
36 59
36 56
37 63
37 64
37 58
38 128
39 125
39 124
39 123
39 129
39 118
39 120
39 117
39 126
39 128
39 127
39 107
40 72
40 71
40 68
41 62
41 63
41 50
41 97
41 58
41 64
41 83
41 59
41 70
41 57
41 75
41 51
41 52
41 54
42 49
43 55
43 66
43 58
43 42
43 53
43 71
43 54
43 57
43 60
45 129
46 6
46 17
46 9
46 34
46 5
46 12
46 11
46 23
46 19
46 24
46 10
46 2
46 22
46 13
46 1
46 8
46 26
46 15
46 25
46 28
46 30
46 16
47 83
47 97
47 108
47 92
47 104
47 95
47 111
47 86
47 96
47 76
47 105
47 52
47 115
47 81
47 56
47 69
47 88
47 94
47 85
47 113
47 116
47 114
47 103
47 43
47 66
47 70
47 44
47 112
47 80
47 46
47 101
48 18
48 20
48 19
48 22
48 16
50 103
51 117
51 116
52 129
52 127
52 128
53 119
53 118
53 117
53 125
54 75
54 79
54 77
54 71
54 85
54 70
54 73
54 78
54 72
54 81
54 82
54 84
55 126
55 124
55 127
55 125
56 35
56 38
56 40
56 17
56 23
56 31
56 47
56 46
56 18
56 41
56 44
56 36
56 42
56 19
56 28
56 27
56 29
57 18
57 16
57 13
57 14
57 17
57 11
57 20
57 15
58 124
58 123
58 94
58 114
58 118
58 115
58 113
58 107
58 112
58 109
58 91
58 101
58 122
58 128
58 127
58 90
58 121
58 117
58 106
58 96
58 108
58 110
58 102
58 95
59 79
59 98
59 81
59 82
59 84
59 90
59 80
59 78
59 89
59 86
59 95
59 91
59 94
59 97
59 85
59 77
59 83
59 93
60 12
60 19
60 10
60 16
60 15
60 6
60 8
60 4
60 21
60 22
60 24
60 14
60 25
60 3
60 9
61 121
61 114
61 115
61 119
61 118
61 113
62 94
62 89
62 102
62 104
62 96
62 99
62 109
62 98
62 85
63 81
63 80
63 76
63 75
63 74
63 79
63 78
64 111
64 116
64 113
65 74
65 81
65 80
65 76
65 78
65 86
65 77
66 44
66 42
66 51
66 54
66 45
66 47
66 53
66 52
66 48
67 57
67 38
67 102
67 88
67 63
67 96
67 104
67 72
67 106
67 71
67 87
67 91
67 89
67 60
67 97
67 48
67 70
67 83
67 82
67 56
67 93
67 101
67 105
67 46
67 45
67 65
67 41
67 78
67 44
67 39
67 35
67 76
67 80
67 90
67 74
67 99
67 81
68 79
68 81
68 80
70 129
72 127
73 111
73 108
73 115
73 103
73 116
73 119
73 113
73 117
74 68
74 64
74 60
74 65
74 59
75 86
75 89
76 124
76 126
77 10
77 14
77 20
77 53
77 29
77 37
77 69
77 66
77 31
77 48
77 27
77 59
77 41
77 58
77 19
77 34
77 64
77 51
77 21
77 43
77 71
77 72
77 17
77 73
77 74
77 68
77 49
77 50
77 16
77 61
77 13
77 63
77 30
77 70
77 45
77 44
77 40
77 46
78 102
78 104
79 89
80 98
80 101
80 122
80 107
80 127
80 128
80 104
80 110
80 100
80 121
80 99
80 120
80 124
80 117
80 109
80 126
80 125
80 111
80 129
80 119
80 103
81 68
81 54
81 59
81 55
81 64
81 57
81 65
81 67
81 72
81 46
81 60
81 53
81 47
81 51
81 52
81 56
81 75
81 76
81 74
81 70
81 71
81 50
82 116
82 115
84 45
84 55
84 49
84 51
84 48
84 47
84 44
84 50
84 58
84 53
84 52
85 51
85 46
85 47
85 49
85 48
85 55
86 122
86 114
86 90
86 105
86 115
86 96
86 95
86 89
86 111
86 91
86 116
87 110
87 115
87 97
87 78
87 76
87 60
87 111
87 108
87 71
87 106
87 100
87 104
87 107
87 109
87 113
87 94
87 116
87 112
87 102
87 114
87 86
89 47
89 76
89 64
89 33
89 41
89 71
89 44
89 57
89 56
89 48
89 61
89 65
89 54
89 85
89 69
89 39
89 49
89 77
89 67
89 45
89 60
89 63
89 40
89 73
89 70
89 32
89 66
90 62
90 70
90 65
90 74
90 68
90 66
90 72
90 75
90 71
90 77
91 100
92 89
92 79
92 67
92 124
92 101
92 122
92 71
92 82
92 95
92 81
92 77
92 110
92 80
92 98
92 105
92 73
92 84
92 107
92 121
92 118
92 113
92 76
92 123
92 78
92 102
92 116
92 94
92 112
92 90
92 119
92 83
92 96
92 74
92 115
92 104
92 120
93 60
93 58
93 62
93 44
93 51
93 50
93 49
93 48
93 47
93 46
93 59
95 82
95 67
95 71
95 76
95 72
95 85
95 73
95 69
95 83
95 70
95 75
95 77
95 74
95 80
96 106
96 103
96 108
96 102
96 122
96 112
96 125
96 109
96 101
96 107
96 111
96 110
96 116
96 119
97 102
97 89
97 87
97 101
97 90
97 103
97 86
97 107
97 95
97 85
97 105
97 104
97 100
98 107
98 110
98 91
98 103
98 115
98 108
98 95
98 101
98 94
98 118
98 92
98 117
98 96
98 113
98 114
98 93
98 90
99 44
99 46
100 58
100 57
100 52
100 51
100 53
100 50
101 119
101 121
101 120
101 118
101 115
103 32
104 36
104 35
104 27
104 26
104 40
104 39
104 32
104 30
104 28
104 31
104 34
104 33
105 117
105 119
105 95
105 83
105 88
105 118
105 99
105 103
105 87
105 102
105 94
105 98
105 100
105 82
105 96
105 90
105 84
105 85
105 89
105 93
105 104
106 115
107 106
107 114
107 110
107 121
107 113
107 101
107 116
107 120
107 109
107 115
110 43
110 54
110 46
110 42
110 37
110 52
110 53
110 39
110 38
110 49
110 36
110 34
110 35
112 46
112 44
112 43
113 57
113 53
113 75
113 60
113 46
113 74
113 61
113 65
113 76
113 94
113 72
113 66
113 126
113 45
113 48
113 58
113 49
113 128
113 97
113 63
113 56
113 86
113 54
113 71
113 55
113 81
113 67
113 83
113 84
114 128
114 129
114 130
114 127
114 123
114 122
115 92
116 26
116 27
116 22
116 25
117 77
117 81
117 78
117 86
117 80
117 76
118 78
119 76
119 89
119 112
119 77
119 115
119 85
119 114
119 84
119 107
119 91
119 116
119 80
119 117
119 90
119 110
119 93
119 102
119 69
119 113
119 106
119 109
119 70
119 103
119 108
119 111
120 125
120 124
120 122
121 73
121 72
121 99
121 65
121 71
121 102
121 61
121 89
121 106
121 108
121 95
121 62
121 78
121 82
121 66
121 107
121 76
121 74
121 70
121 84
121 90
121 101
121 94
121 64
121 97
121 63
121 96
121 69
121 77
121 79
121 59
121 85
121 75
121 93
121 67
122 75
122 67
122 81
122 64
122 74
122 68
122 80
122 62
122 66
122 65
122 86
122 83
122 93
122 73
122 71
122 69
122 82
122 60
122 72
123 126
123 116
123 128
123 120
123 113
123 119
123 127
123 125
124 108
126 32
126 28
126 13
126 19
126 23
126 36
126 21
126 14
126 25
126 29
126 39
126 34
126 50
126 31
126 12
126 10
126 18
126 20
130 13
130 11
130 12
1 29
1 33
1 28
1 35
1 53
1 58
1 46
1 66
1 39
1 65
1 27
1 30
1 80
1 31
1 84
2 15
2 14
2 23
2 35
2 12
2 34
2 18
2 16
2 21
2 37
2 27
2 26
2 22
2 25
2 29
2 36
3 94
3 98
3 102
4 11
4 18
4 19
4 29
4 30
4 10
4 13
4 12
4 34
4 3
4 36
4 16
4 21
4 27
4 9
5 84
5 92
5 73
5 60
5 68
5 95
6 125
6 117
6 120
6 123
6 118
6 122
6 124
6 119
7 66
7 72
7 83
7 67
7 71
7 68
8 124
8 106
8 115
8 125
8 108
8 127
9 109
9 112
9 97
9 103
9 96
9 100
9 105
9 106
9 88
9 110
9 93
9 118
9 86
9 104
9 116
9 102
9 98
9 115
11 25
11 24
11 27
11 26
12 54
12 37
12 51
12 42
12 58
12 44
12 36
13 7
13 17
13 9
13 16
13 15
13 10
13 11
14 114
14 107
14 118
14 110
14 122
14 113
14 121
14 104
14 125
14 112
14 119
14 126
14 123
14 117
14 109
15 111
15 103
15 107
15 106
15 109
15 110
15 102
15 112
15 113
15 104
16 85
16 81
16 83
16 79
16 61
16 64
16 82
16 99
16 63
16 86
16 60
16 92
16 87
16 54
16 97
16 77
16 53
16 68
16 90
16 78
16 93
16 96
16 89
16 101
16 66
16 72
16 84
17 86
17 82
17 92
17 104
17 99
17 106
17 97
17 96
17 88
17 80
17 84
17 89
17 102
18 103
18 100
18 105
18 101
19 118
19 121
19 122
20 26
20 16
20 30
20 38
20 11
20 14
20 39
20 9
20 41
20 18
20 53
20 29
20 12
20 27
20 13
20 42
20 10
20 48
20 37
20 33
20 8
20 15
21 125
21 124
21 127
22 64
22 59
23 5
23 6
23 3
23 7
24 27
24 21
24 29
24 23
24 28
25 102
25 83
25 80
25 96
25 95
25 104
25 91
25 97
25 98
25 101
26 129
27 100
27 101
27 102
28 98
28 107
28 104
28 118
28 127
28 87
28 88
28 97
28 106
28 102
28 108
28 116
28 109
28 89
28 125
28 115
28 103
28 121
28 128
28 85
28 122
28 92
28 124
28 90
28 119
28 101
29 82
29 75
29 81
29 66
29 72
29 79
30 33
30 36
30 18
30 41
31 55
31 56
31 40
31 48
31 53
31 52
31 42
31 47
31 44
31 50
31 57
32 73
32 76
32 69
32 70
33 61
33 77
33 79
33 54
33 65
33 75
33 69
33 55
33 58
33 63
33 71
33 72
33 78
33 64
33 56
33 57
33 80
33 68
35 130
36 116
36 115
36 118
36 121
36 117
37 117
38 26
38 20
38 11
38 23
38 25
38 14
38 18
38 24
38 21
38 12
38 19
39 22
39 24
39 18
39 23
39 25
39 19
40 5
40 27
40 6
40 26
40 9
40 19
40 18
40 11
40 16
40 12
40 20
40 25
40 29
40 28
40 31
40 33
42 101
43 118
43 127
43 104
43 108
43 107
43 112
43 125
43 120
43 97
43 93
43 122
43 114
43 100
43 126
43 121
43 116
43 111
43 110
43 109
43 124
44 42
44 41
44 47
44 49
44 43
46 104
46 86
46 111
46 88
46 98
46 99
46 124
46 83
46 112
46 118
46 115
46 101
46 109
46 125
46 110
46 96
46 90
46 106
46 93
46 127
46 91
46 84
46 97
46 100
46 116
46 117
46 121
46 107
46 126
46 114
46 89
46 103
47 28
47 19
47 22
47 20
48 53
48 43
48 50
48 29
48 40
48 26
48 38
48 32
48 25
48 52
48 47
48 41
48 34
48 33
48 37
48 44
48 35
49 124
49 94
49 79
49 92
49 67
49 88
49 90
49 101
49 83
49 110
49 84
49 107
49 104
49 126
49 118
49 95
49 119
49 85
49 68
49 77
49 87
49 72
49 121
49 70
49 113
49 116
49 115
49 71
49 74
49 125
49 69
49 100
49 65
49 98
49 76
49 103
49 105
49 102
49 117
49 64
49 97
49 96
49 114
49 89
49 81
49 78
51 101
51 99
51 106
51 105
51 100
51 97
51 103
51 104
52 103
52 105
53 38
53 20
53 37
53 10
53 22
53 19
53 9
53 36
53 14
53 35
53 17
53 21
53 32
53 29
53 28
53 15
53 34
53 16
53 39
53 11
54 65
54 26
54 69
54 63
54 43
54 17
54 49
54 28
54 42
54 27
54 86
54 25
54 66
54 44
54 38
54 56
54 46
54 50
54 62
54 30
54 16
54 13
54 45
54 35
54 52
54 32
54 37
54 68
54 22
54 39
54 57
54 74
54 91
54 36
54 33
54 64
54 47
54 14
54 19
54 24
54 34
54 48
54 61
54 76
54 67
54 21
56 76
56 80
56 75
56 79
56 84
56 82
56 85
56 81
56 77
57 97
58 74
58 88
58 71
58 98
58 48
58 72
58 81
58 61
58 78
58 68
58 79
58 62
58 75
58 99
58 64
58 87
58 65
58 77
58 85
58 80
58 42
58 66
58 70
58 89
58 47
59 92
59 99
59 100
59 96
59 75
59 88
60 46
60 33
60 11
60 18
60 28
60 41
60 23
60 20
60 42
60 13
60 40
60 36
60 39
60 17
61 43
61 40
61 44
62 93
63 83
63 84
63 92
63 94
63 87
63 91
63 93
63 86
64 91
64 89
64 97
64 110
64 96
64 100
64 90
64 117
64 92
64 112
64 102
64 95
64 94
65 79
66 46
66 33
66 30
66 37
66 26
66 35
66 28
66 36
66 38
66 39
66 31
66 43
67 75
67 85
67 69
67 84
67 103
67 66
67 95
67 108
67 107
67 64
67 109
67 98
67 55
68 116
68 126
68 120
68 117
68 123
68 121
69 99
69 105
71 18
72 75
72 71
72 69
72 76
72 63
72 67
72 78
72 64
72 68
73 122
73 98
73 109
73 100
73 114
74 79
74 85
74 70
74 82
74 88
74 78
74 83
74 91
74 89
76 99
76 98
76 85
76 94
76 92
76 104
76 95
76 103
76 86
76 88
76 96
76 101
76 106
76 84
76 105
76 93
77 38
77 47
78 113
78 122
78 112
78 117
78 120
78 123
78 111
78 121
79 104
79 105
79 110
79 111
79 106
79 102
80 72
81 44
81 36
81 45
81 41
81 48
81 40
81 35
81 42
81 43
81 61
81 58
81 37
82 110
82 91
82 104
83 105
84 89
84 90
84 81
84 103
84 70
84 99
84 100
84 101
84 94
84 104
84 86
84 105
84 76
84 93
84 88
84 87
84 75
84 107
84 65
84 96
84 73
84 78
84 108
84 109
84 82
84 66
84 77
84 102
84 97
84 80
84 92
84 95
84 91
85 42
85 56
85 50
85 40
85 54
85 57
85 60
85 44
85 45
87 73
88 71
88 74
88 76
88 73
88 68
88 77
88 81
88 72
88 75
88 67
89 4
89 6
89 3
89 1
89 5
90 118
90 111
90 119
90 109
90 113
91 48
91 29
91 37
91 42
91 34
91 33
91 43
91 32
91 45
91 30
91 39
91 31
92 106
92 114
93 90
93 92
94 23
94 16
94 50
94 17
94 38
94 32
94 27
94 25
94 35
94 20
94 46
94 19
94 18
94 34
94 8
94 39
94 12
94 28
94 31
94 9
94 49
94 11
94 15
94 13
94 22
94 24
94 48
95 98
96 54
96 61
96 64
96 59
96 58
96 65
96 70
96 53
96 63
96 55
96 57
96 56
97 54
97 60
97 69
97 36
97 25
97 45
97 62
97 30
97 31
97 29
97 41
97 66
97 40
97 59
97 32
97 24
97 37
97 22
97 38
97 27
99 79
99 90
99 74
100 27
100 29
100 49
100 39
100 48
100 41
100 21
100 46
100 37
100 44
100 32
100 40
100 30
100 31
100 28
100 47
100 22
100 38
101 103
103 117
103 120
104 80
104 84
104 87
104 81
106 47
106 56
106 57
106 66
106 55
106 68
106 61
106 59
106 46
106 64
106 52
106 54
106 67
106 49
107 67
107 76
107 68
107 66
107 71
107 74
107 70
107 100
107 87
107 75
107 69
107 60
107 81
107 105
107 64
107 73
107 62
107 54
107 56
107 79
108 106
108 92
108 102
108 94
108 100
108 96
108 95
108 101
108 107
108 98
109 18
109 19
109 22
109 20
110 125
110 127
112 70
112 66
112 87
112 91
112 48
112 61
112 79
112 72
112 77
112 82
112 53
112 85
112 81
112 49
112 52
112 67
112 65
112 64
112 47
112 68
112 86
112 45
112 73
112 80
112 89
112 88
112 69
112 51
112 74
112 62
113 80
113 82
114 61
114 73
114 70
114 84
114 51
114 41
114 65
114 71
114 54
114 47
114 32
114 34
114 56
114 59
114 43
114 50
114 48
114 55
114 76
114 78
114 81
114 42
114 62
114 77
114 72
114 64
114 31
114 58
114 74
114 68
114 75
114 66
114 44
114 53
114 60
114 38
114 69
115 90
116 84
116 69
116 71
116 78
116 74
116 77
116 70
116 80
116 82
116 67
116 79
116 83
116 73
116 75
117 53
117 63
117 58
117 70
117 72
117 55
117 60
117 65
117 66
117 69
117 61
117 59
117 51
117 50
117 64
117 56
117 54
118 88
118 77
118 86
118 89
118 80
118 84
118 71
118 70
118 76
119 126
119 130
119 128
119 124
119 125
121 130
121 114
121 126
121 91
121 87
121 88
121 104
121 120
121 112
121 128
121 80
121 118
121 127
121 111
121 83
121 103
121 129
121 109
121 98
121 119
121 92
122 70
122 53
122 55
122 59
122 61
122 58
122 52
122 57
122 51
123 43
123 27
123 46
123 32
123 39
123 33
123 28
123 26
123 29
123 42
123 44
123 40
123 25
123 38
123 31
124 110
124 112
124 109
125 92
125 98
125 96
126 107
126 98
126 92
126 100
126 95
126 91
126 104
126 108
126 102
126 103
126 101
126 110
127 62
127 66
127 61
127 64
127 40
127 59
128 104
129 72
130 121
130 113
130 100
130 108
130 123
130 117
130 116
130 122
130 120
130 124
130 107
130 114
1 98
1 99
1 108
1 104
3 120
3 118
3 119
3 122
4 20
5 116
5 117
6 26
6 24
6 16
6 25
6 23
6 18
6 111
6 73
6 102
6 58
6 116
6 32
6 22
6 42
6 31
6 41
6 39
6 17
6 15
6 28
6 66
6 57
6 33
6 81
6 19
6 38
6 69
6 54
6 35
6 114
7 112
7 105
7 123
7 118
7 111
7 115
7 116
7 108
7 120
7 114
8 41
8 40
8 39
8 49
8 51
8 44
8 67
8 43
9 57
9 56
10 70
10 108
10 102
10 90
10 73
10 82
10 80
10 106
10 83
10 79
10 101
10 89
10 103
10 75
10 104
10 78
10 99
11 72
11 79
11 70
11 95
11 69
11 100
11 99
11 71
11 61
11 66
11 113
11 64
11 60
11 92
11 114
11 80
11 89
11 93
11 97
11 76
11 63
11 65
11 77
11 82
11 68
11 86
12 18
13 45
13 57
13 39
13 70
13 38
13 43
13 46
13 60
13 69
13 42
13 40
13 71
13 47
13 50
13 53
13 51
13 68
13 73
13 67
13 76
13 74
13 49
13 59
13 58
14 29
15 39
16 117
16 120
16 105
17 91
17 78
17 107
17 73
17 103
17 98
18 11
18 13
18 12
18 17
18 10
18 16
18 20
18 14
19 94
19 111
19 95
19 77
19 79
19 70
19 123
19 112
19 83
19 93
20 85
20 77
20 95
20 74
20 89
20 90
20 100
20 79
20 94
20 82
20 88
20 83
20 93
20 81
20 87
20 75
20 78
20 76
20 99
20 98
20 96
21 68
22 128
22 129
22 126
24 113
24 118
25 42
25 38
25 20
25 12
25 44
25 53
25 21
25 48
25 39
25 18
25 50
25 35
26 121
27 10
27 53
27 11
27 56
27 25
27 43
27 14
27 31
27 48
27 51
27 80
27 74
27 70
27 65
27 30
27 19
27 34
27 97
27 77
27 69
27 98
27 23
27 42
27 5
27 24
27 8
27 50
27 22
27 47
27 39
27 79
27 66
27 67
27 78
27 4
27 36
27 91
27 26
27 41
27 59
27 58
27 85
27 12
27 52
27 29
27 64
27 15
27 72
27 61
28 66
28 61
28 53
28 62
28 57
28 59
28 63
29 70
29 60
29 62
29 78
29 63
29 61
29 65
31 128
31 127
31 124
31 123
31 125
31 126
31 122
31 121
32 93
32 61
32 64
32 94
32 97
32 84
32 87
32 63
32 67
32 88
32 98
32 86
32 65
32 92
32 60
32 68
32 62
32 89
33 115
33 67
33 120
33 59
33 73
33 101
33 95
33 96
33 116
33 105
33 103
33 121
33 119
33 98
33 118
33 92
34 100
34 98
35 93
35 110
35 109
35 98
36 104
36 92
36 98
36 93
36 96
36 101
36 102
36 94
37 99
37 81
37 82
37 77
37 83
37 75
37 90
37 97
37 73
38 98
38 96
39 54
39 53
39 46
39 41
39 60
39 43
39 58
39 56
39 55
39 59
39 49
39 65
39 51
39 52
39 57
39 50
40 97
40 99
40 89
40 109
40 102
40 96
40 106
40 110
40 100
40 105
40 90
40 93
40 92
40 104
40 108
40 112
41 111
41 116
41 108
42 29
43 83
44 86
44 82
44 89
45 55
45 47
45 81
45 50
45 36
45 37
45 53
45 48
45 42
45 52
45 43
45 58
45 44
45 41
46 64
46 56
46 51
46 20
46 55
46 61
46 50
46 36
46 60
46 67
46 65
46 59
46 40
46 21
46 57
47 74
47 73
47 106
47 100
47 93
47 107
47 123
47 119
47 122
47 99
47 72
47 126
47 75
48 39
48 36
48 45
49 91
49 82
49 80
49 86
51 19
51 25
51 11
51 8
51 9
51 4
51 23
51 18
51 26
51 6
51 29
51 12
51 7
51 24
51 14
51 27
51 15
51 13
51 5
53 102
53 101
55 18
55 28
55 5
55 23
55 9
55 6
55 36
55 31
55 14
55 22
55 33
55 11
55 25
55 16
55 2
55 35
55 12
55 26
55 8
55 34
56 92
56 90
56 78
57 28
57 26
57 12
57 35
57 29
57 32
57 9
57 22
57 24
57 37
57 38
57 7
57 23
57 4
57 31
57 19
57 6
57 36
58 34
58 32
58 33
59 104
59 103
59 101
59 105
60 32
60 5
60 29
60 7
60 30
60 35
61 3
61 5
63 82
63 89
63 85
64 25
64 18
64 21
64 24
64 20
65 75
65 94
65 73
65 92
65 93
65 72
67 12
67 7
67 14
67 13
67 10
68 46
68 44
69 108
70 33
70 32
71 93
71 95
71 90
71 97
71 96
71 88
71 89
71 84
71 91
72 97
72 91
73 70
73 67
74 20
74 17
74 16
74 24
75 64
75 22
75 95
75 99
75 110
75 113
75 107
75 32
75 21
75 96
75 114
75 105
75 29
75 97
75 88
75 87
75 51
75 106
75 93
75 68
75 102
75 36
75 112
75 90
75 94
75 77
75 101
75 19
76 28
76 20
76 34
76 17
76 43
76 18
76 31
76 16
76 33
76 37
76 51
76 23
76 36
76 56
76 54
76 24
76 21
76 40
76 60
76 52
76 38
76 30
76 41
76 19
76 53
76 58
76 27
76 57
76 50
76 47
76 29
77 52
77 54
77 57
77 60
78 20
78 23
79 112
79 117
79 107
79 114
79 113
79 118
80 61
81 23
81 21
81 25
81 26
81 24
82 127
84 72
84 64
84 32
84 33
84 36
84 35
84 63
84 46
84 59
84 57
84 43
84 40
84 31
84 39
84 69
84 56
84 37
84 62
84 61
84 67
85 64
85 62
85 63
85 61
86 81
86 84
87 122
87 117
87 119
87 125
87 120
89 113
89 118
89 96
89 114
89 126
89 115
89 127
89 103
90 84
90 96
90 117
90 85
90 121
90 106
90 120
90 104
90 80
90 100
90 76
90 92
90 81
90 88
90 94
90 99
90 82
90 79
90 122
90 123
91 52
91 96
91 44
91 57
91 67
91 86
91 75
91 84
91 61
91 82
91 87
91 65
91 72
91 40
91 95
91 54
91 79
91 85
91 63
91 90
91 93
91 70
91 50
91 69
91 89
91 66
91 46
91 73
91 53
91 80
91 94
91 88
91 56
91 71
92 97
93 76
93 86
93 77
93 83
93 79
93 72
93 68
94 47
94 44
94 42
94 64
94 71
94 63
94 60
94 81
94 52
94 43
94 77
94 79
94 80
94 58
94 82
94 78
94 51
94 53
95 103
95 97
95 102
95 99
96 73
96 52
96 5
96 6
96 67
96 49
96 31
96 66
96 4
96 47
96 16
96 68
96 37
96 25
96 26
96 24
96 29
96 44
96 27
96 48
96 75
96 42
96 32
96 18
96 20
96 28
96 45
96 15
96 21
96 43
96 19
97 39
97 44
98 97
99 58
99 63
99 55
100 66
100 68
100 64
100 61
100 63
101 112
101 92
101 72
101 83
101 107
101 84
101 94
101 87
101 104
101 76
101 74
101 93
101 91
101 81
101 77
101 106
101 95
103 113
103 106
103 115
103 111
103 114
103 107
103 108
103 118
103 116
104 93
104 92
104 95
104 98
104 88
104 89
104 91
105 124
105 112
105 121
106 7
106 12
106 21
106 20
106 15
106 19
106 9
106 18
106 8
107 7
108 91
108 117
108 88
108 113
108 69
108 104
108 118
108 99
108 93
108 112
108 66
108 116
108 70
108 111
108 74
108 79
108 78
108 84
108 86
108 75
108 81
108 77
108 97
109 114
109 117
109 125
109 103
109 123
109 121
109 96
109 122
109 124
110 121
110 119
111 59
112 59
112 27
112 36
112 20
112 19
112 63
112 12
112 16
112 50
112 18
112 17
112 10
112 54
112 57
112 26
112 11
112 15
112 55
112 14
112 25
112 38
113 62
113 68
113 69
114 79
115 52
115 80
115 37
115 44
115 58
115 54
115 72
115 103
115 77
115 78
115 45
115 74
115 38
115 55
115 59
115 100
115 62
115 102
115 82
115 70
115 46
115 41
115 97
115 86
115 73
115 53
115 84
115 87
115 42
115 76
115 50
115 56
115 34
115 47
115 63
116 125
116 121
117 114
117 120
117 123
117 127
117 129
117 125
117 121
117 124
117 122
117 112
118 40
118 41
118 44
118 46
118 28
118 27
118 43
118 31
118 35
118 47
118 26
118 30
118 33
118 38
119 129
119 118
120 72
120 44
120 77
120 84
120 24
120 89
120 90
120 61
120 28
120 50
120 26
120 43
120 42
120 79
120 25
120 37
120 75
120 81
120 86
120 73
120 39
120 88
120 76
120 78
120 70
120 71
120 68
121 52
121 68
121 46
121 44
121 57
121 45
121 54
121 51
121 60
121 43
121 47
121 53
123 9
123 14
123 11
123 7
123 3
123 5
123 4
123 8
124 122
124 113
124 119
124 116
124 121
124 118
126 15
126 11
126 22
126 17
127 116
127 119
127 118
127 125
127 122
127 114
127 124
127 121
127 113
128 123
128 122
129 55
129 89
129 78
129 82
129 76
129 83
129 86
1 74
1 63
2 38
2 42
2 39
2 51
2 50
2 43
2 49
2 56
2 40
2 46
3 116
3 95
3 121
3 113
3 125
3 117
4 110
4 118
4 113
4 120
4 119
4 111
4 114
4 117
5 113
5 110
5 107
6 121
6 127
6 128
7 125
7 126
9 67
9 61
9 68
9 62
9 66
9 63
9 69
9 65
10 37
10 30
10 48
10 26
10 57
10 32
10 25
10 64
10 54
10 34
10 52
10 40
10 45
10 46
10 44
10 28
10 59
10 56
10 36
10 43
10 41
10 24
10 35
10 63
10 58
10 31
10 51
11 85
11 84
11 78
12 66
12 105
12 86
12 98
12 103
12 80
12 93
12 107
12 91
12 101
12 100
12 99
12 85
12 97
13 97
13 102
13 87
13 44
13 35
13 36
13 86
13 62
13 55
13 101
13 48
13 78
13 72
13 85
13 88
13 94
13 75
13 98
13 90
13 41
13 63
13 89
13 80
13 61
13 95
13 37
13 52
13 81
13 92
13 66
15 115
15 119
15 117
15 114
15 116
16 104
16 98
16 80
16 100
16 88
16 102
16 95
16 94
18 98
18 46
18 75
18 69
18 60
18 63
18 79
18 24
18 92
18 82
18 99
18 48
18 62
18 84
18 50
18 61
18 52
18 39
18 102
18 95
18 54
18 70
18 93
18 71
18 87
18 90
18 51
18 68
18 40
18 7
18 44
18 72
18 37
18 21
18 47
18 78
18 30
18 74
18 80
18 88
18 15
18 8
18 77
18 66
18 31
18 53
18 43
18 106
18 56
18 83
18 97
18 76
18 42
20 115
21 122
21 126
22 115
22 118
22 108
22 116
22 117
22 106
22 103
22 112
22 113
22 101
23 86
23 73
23 66
23 65
23 40
23 41
23 25
23 71
23 82
23 58
23 30
23 54
23 38
23 51
23 39
23 67
23 64
23 49
23 76
23 53
23 33
23 68
23 31
23 44
23 61
23 62
23 69
23 34
23 37
23 42
24 39
24 47
24 34
24 35
24 51
24 40
24 44
24 46
24 36
24 53
24 45
24 37
24 50
25 103
25 81
25 72
25 99
25 79
25 66
25 65
26 124
26 119
27 111
27 107
27 109
27 108
27 112
28 70
28 60
28 64
28 71
29 123
30 81
30 67
30 75
30 71
30 78
30 58
30 70
30 76
30 90
30 95
30 89
30 62
30 88
30 64
30 63
30 94
30 85
30 65
30 79
30 61
30 74
30 92
30 97
30 69
30 96
30 68
30 73
31 46
31 45
32 53
32 49
32 45
32 44
32 47
32 54
32 50
32 59
32 55
32 48
34 120
34 122
34 124
34 125
34 123
34 126
35 90
35 80
35 87
37 72
38 45
38 40
38 27
38 35
38 41
38 46
38 34
38 36
38 31
38 44
38 22
38 30
38 33
39 66
39 84
39 47
39 62
39 61
39 69
39 20
39 27
39 32
39 88
39 34
39 31
39 44
39 67
39 64
39 30
39 38
39 74
39 77
39 36
39 71
39 37
39 21
40 75
40 67
40 63
40 21
40 53
40 73
40 87
40 69
40 83
40 35
40 38
40 57
40 85
40 23
40 37
40 59
40 77
40 52
40 22
40 101
40 47
40 95
40 55
40 74
40 103
40 98
40 84
40 36
40 107
40 39
40 43
40 42
40 64
40 54
40 24
41 120
42 129
43 32
43 74
43 34
43 29
43 38
43 30
43 73
43 33
43 31
43 37
44 66
44 75
44 72
44 90
44 81
44 71
47 102
48 77
48 72
48 67
48 74
48 66
48 73
48 68
48 82
48 70
48 69
48 71
48 80
48 78
48 87
49 52
49 54
50 80
50 72
51 123
51 121
51 125
51 127
53 47
53 31
53 30
53 48
53 25
53 42
53 49
53 23
53 52
53 41
54 23
54 31
54 11
54 41
54 51
54 18
54 20
54 40
55 92
55 89
55 91
55 90
55 84
55 87
55 88
56 122
56 108
56 106
56 117
57 64
57 63
57 69
57 48
57 66
57 44
57 33
57 83
57 34
57 62
57 40
57 54
57 39
57 60
57 56
57 55
57 61
58 57
58 56
58 60
58 63
58 67
61 79
61 70
61 92
61 94
61 59
61 63
61 67
61 72
61 99
61 49
61 52
61 93
61 95
61 84
61 55
61 76
61 87
61 53
61 96
61 100
61 56
61 51
61 80
61 91
61 42
61 64
61 78
61 82
61 48
61 85
61 75
61 58
61 66
64 79
64 81
64 80
64 67
64 98
64 72
64 74
64 99
64 75
64 73
64 114
64 106
64 66
64 70
64 101
64 76
64 93
64 83
64 87
64 107
65 96
65 90
65 101
66 106
66 101
66 108
66 112
66 105
66 100
66 104
66 99
66 89
66 87
66 102
66 97
67 73
68 51
68 57
68 55
68 52
68 54
68 58
68 60
68 53
69 103
69 95
69 87
69 83
69 96
69 75
69 94
69 64
69 106
69 91
69 68
69 93
69 67
70 125
70 111
70 106
71 110
71 111
71 114
71 106
71 113
71 108
71 115
71 116
71 117
71 105
71 109
72 57
72 46
72 24
72 49
72 37
72 35
72 40
72 31
72 48
72 32
72 36
72 29
72 50
72 26
72 47
72 51
72 25
72 62
72 44
72 43
72 54
72 58
72 59
72 33
72 27
72 45
72 56
72 55
73 40
73 51
73 57
73 50
73 38
73 60
73 41
73 45
73 36
73 66
73 52
73 56
73 65
73 59
73 47
73 62
73 46
73 39
73 43
74 100
74 99
74 106
74 94
74 96
74 101
75 66
77 56
77 62
78 126
78 125
78 119
79 77
79 76
79 36
79 27
79 45
79 61
79 18
79 39
79 56
79 17
79 43
79 37
79 25
80 33
80 30
80 45
80 31
80 35
80 46
80 39
80 40
80 41
80 44
80 43
80 38
81 116
81 120
82 129
82 128
83 44
83 45
83 40
83 30
83 28
83 32
83 50
83 48
83 52
83 46
83 31
83 43
84 114
84 111
84 110
84 113
84 106
84 98
84 74
85 8
85 4
85 13
85 2
85 3
85 12
86 82
86 80
86 76
86 113
86 77
86 92
86 109
86 70
86 67
86 79
86 75
86 69
86 83
87 130
87 124
87 128
87 66
87 101
87 93
87 121
87 99
87 69
88 37
88 61
88 38
88 30
88 57
88 70
88 60
88 44
88 66
88 34
88 52
88 63
88 26
88 29
88 53
89 119
91 122
91 83
91 103
91 99
91 120
91 115
91 108
91 78
91 77
91 97
91 124
91 76
91 107
91 102
91 104
91 123
91 121
91 101
91 125
92 117
93 114
93 122
93 109
93 123
93 118
93 103
93 104
93 121
93 107
93 119
93 105
93 102
93 98
93 108
94 102
94 90
94 87
94 93
94 118
94 83
94 112
94 116
94 108
94 62
94 89
94 110
94 85
94 115
94 91
94 100
94 105
94 88
94 86
94 101
94 104
94 119
94 92
94 106
94 61
95 11
95 18
95 14
95 1
95 22
95 21
95 7
95 23
95 25
95 6
95 12
95 19
95 4
95 13
95 20
96 2
96 3
97 68
97 67
97 75
97 81
97 110
97 112
97 113
97 111
97 76
97 109
97 96
97 73
97 84
97 77
97 82
97 88
97 115
97 83
97 117
97 80
97 78
98 109
98 68
98 57
98 105
98 73
98 111
98 56
98 74
98 100
99 101
100 23
100 18
100 17
100 26
100 24
100 20
101 2
101 7
101 11
101 1
101 9
101 8
101 10
101 5
101 13
101 3
101 14
102 2
102 4
103 22
103 27
103 20
103 41
103 28
103 13
103 24
103 18
103 45
103 14
103 23
103 31
103 42
103 46
103 15
103 33
103 26
103 43
103 11
103 17
103 39
103 12
104 77
104 75
104 86
104 122
104 114
104 69
104 123
104 97
104 118
104 70
104 108
104 121
105 38
105 55
105 36
105 58
105 54
105 44
105 59
105 51
105 39
105 49
105 42
105 53
105 34
105 56
105 43
105 48
105 33
106 16
106 34
106 25
106 41
106 27
106 24
106 39
106 14
106 10
106 29
106 38
106 33
106 11
106 13
106 36
106 37
106 31
106 42
106 48
106 45
106 44
106 22
106 40
106 43
107 125
107 111
107 126
108 30
108 33
108 35
108 22
108 21
108 31
108 29
109 49
109 27
109 54
109 24
109 56
109 57
109 23
109 30
109 38
109 42
109 66
109 53
109 52
109 32
109 34
109 33
109 40
109 25
109 26
110 48
110 25
110 30
110 61
110 41
110 69
110 55
110 97
110 75
110 28
110 45
110 32
110 88
110 77
110 101
110 27
110 93
110 112
110 91
110 87
110 103
110 82
110 73
110 107
110 60
110 44
110 85
110 105
110 90
110 26
110 83
110 86
110 56
110 96
110 62
110 31
110 59
110 78
110 33
110 47
110 50
110 80
111 74
111 69
111 66
111 64
111 58
111 55
112 119
112 121
112 122
112 118
113 14
113 22
113 18
113 16
113 20
114 67
114 82
114 80
115 123
115 117
115 122
115 121
115 114
115 124
116 23
117 75
117 67
117 62
117 57
117 68
117 71
117 73
118 25
118 22
119 97
119 98
119 96
120 23
120 13
120 15
120 22
120 20
120 16
122 79
122 119
122 107
122 63
122 118
122 113
122 98
122 56
122 76
122 84
122 108
122 110
122 111
122 115
122 50
122 116
122 91
122 78
122 54
122 105
123 71
123 58
123 98
123 92
123 97
123 100
123 59
123 69
123 78
123 82
123 74
123 61
123 85
124 117
125 116
125 121
125 115
125 123
125 120
125 118
125 114
125 119
125 124
126 125
126 124
126 121
126 118
126 115
126 113
126 122
126 109
126 120
126 105
126 123
126 114
127 18
128 10
128 19
128 22
128 13
128 17
128 18
128 8
128 15
128 16
128 14
128 11
129 92
129 97
129 77
129 101
129 85
129 75
129 100
129 99
129 104
129 106
129 98
2 24
3 62
3 61
3 67
3 66
3 64
3 60
3 63
4 17
5 29
5 7
5 16
5 10
5 30
5 14
5 17
5 3
5 21
5 4
5 11
5 13
5 25
5 2
5 9
5 27
5 8
7 64
7 65
7 63
7 77
7 73
7 62
8 83
8 86
8 94
8 92
8 89
9 19
9 32
9 35
9 26
9 45
9 39
9 25
9 48
9 50
9 36
9 64
9 20
9 38
9 33
9 42
9 55
9 51
9 58
9 53
9 44
9 60
9 31
10 110
10 93
10 107
10 105
10 109
11 58
11 56
11 53
11 43
11 90
11 55
11 83
11 74
11 51
11 46
11 73
11 57
11 54
11 52
11 49
11 45
11 67
12 46
13 83
13 82
13 100
13 91
13 93
13 64
13 104
13 99
14 38
14 31
14 32
14 36
14 37
14 39
14 33
15 13
15 38
15 11
15 34
15 12
15 41
15 44
15 45
17 58
17 49
17 55
17 115
17 59
17 53
17 105
18 6
19 88
19 81
19 84
20 68
20 70
20 69
20 73
20 65
20 67
20 66
21 106
21 104
21 103
22 14
22 11
22 5
22 12
22 13
22 6
22 9
22 15
22 3
22 16
22 8
22 19
23 36
23 14
23 57
23 50
23 56
23 84
23 60
23 48
23 43
23 59
23 63
24 31
24 57
24 32
24 55
24 38
24 30
24 59
24 52
24 43
24 54
26 107
27 117
27 106
27 115
27 113
28 75
28 20
28 74
28 68
28 33
28 30
28 42
28 73
28 11
28 34
28 67
28 35
28 37
28 15
28 58
28 38
28 24
28 41
28 10
28 17
28 39
28 21
28 23
28 22
28 72
28 31
28 69
28 43
29 34
29 37
29 41
29 40
29 36
29 39
29 38
30 54
30 82
30 77
30 80
30 93
30 60
30 104
30 100
30 103
30 86
30 87
30 99
30 66
30 101
30 49
30 84
30 72
30 50
30 48
30 55
31 96
31 68
31 67
31 86
31 63
31 92
31 75
31 94
31 93
31 66
31 70
31 79
31 69
32 58
32 57
32 56
33 42
33 49
33 39
33 41
33 62
33 53
33 60
33 48
33 51
33 43
33 45
33 47
33 66
33 38
34 103
34 104
34 102
34 101
34 99
34 95
34 108
35 52
35 34
35 33
35 38
35 50
35 32
35 47
35 48
35 43
35 44
35 53
35 51
35 41
35 49
35 40
36 107
36 108
36 106
37 61
37 44
37 71
37 93
37 56
37 55
37 31
37 30
37 50
37 76
38 93
38 89
38 95
38 68
38 92
38 97
38 87
38 71
38 94
40 13
40 61
40 51
40 30
40 44
40 34
40 32
40 70
40 48
40 60
40 58
40 17
40 8
40 15
40 45
41 127
41 119
41 130
42 83
43 39
43 20
43 22
43 23
43 19
43 28
44 104
44 106
44 110
44 96
44 101
44 107
44 105
45 102
45 105
45 104
45 108
46 71
46 76
46 75
46 72
46 79
46 73
46 78
47 98
47 109
48 121
48 124
48 125
48 119
48 115
48 117
48 111
48 113
48 112
48 126
50 130
51 60
52 115
52 109
53 100
53 111
53 109
54 83
54 88
54 80
55 40
55 21
55 41
55 42
55 32
55 38
55 20
55 29
56 69
56 60
56 71
56 62
56 68
56 72
56 70
56 45
56 61
56 73
56 48
56 54
56 58
56 49
56 55
57 47
57 45
57 46
57 43
57 41
57 30
57 59
58 46
59 76
60 27
61 107
61 106
61 110
61 108
61 105
61 124
61 123
61 122
61 104
61 112
63 62
63 50
63 56
63 51
63 39
63 37
63 53
63 52
63 60
63 54
63 57
63 55
63 59
63 46
63 40
63 35
63 41
63 42
63 45
63 43
64 5
64 6
64 3
65 128
66 121
66 126
66 127
66 124
66 119
66 123
66 125
67 47
68 98
68 103
68 100
68 111
68 96
68 104
68 88
68 107
68 105
68 89
68 102
68 97
68 93
69 58
69 50
69 48
69 57
69 56
69 51
69 46
69 45
69 47
69 55
69 54
70 109
71 94
71 102
71 99
71 103
71 112
71 100
71 107
71 92
72 74
72 61
72 65
73 118
73 99
73 83
73 81
73 78
73 76
73 97
73 79
73 86
73 93
73 87
73 84
73 94
73 120
73 91
73 88
73 72
73 89
73 71
73 85
73 95
73 80
74 80
74 62
74 69
75 12
75 15
75 20
75 14
76 123
76 113
76 130
76 109
76 110
76 128
76 108
76 120
76 129
76 117
76 115
76 127
76 121
76 118
77 5
77 18
77 11
77 6
77 7
78 24
78 38
78 37
78 17
78 26
78 41
78 69
78 42
78 70
78 40
78 25
78 32
78 64
78 30
78 65
78 19
78 54
78 27
78 16
78 47
78 61
78 39
78 45
78 48
78 62
78 21
80 60
81 122
83 91
83 70
83 98
83 88
83 78
83 99
84 121
84 119
84 116
84 112
84 117
84 122
85 103
85 88
85 97
85 92
85 109
85 102
86 93
86 107
86 85
86 94
86 88
86 129
86 125
86 126
86 130
87 6
87 4
88 55
89 21
89 10
89 19
89 7
89 15
89 12
89 13
89 18
89 11
90 57
90 60
90 58
90 55
90 67
90 64
90 61
90 93
90 48
90 63
90 73
90 53
90 86
90 59
91 74
92 72
94 120
94 113
94 117
94 111
94 109
94 121
95 16
95 15
96 51
96 35
96 22
96 11
96 41
96 50
96 23
97 114
97 122
97 125
97 93
97 124
97 121
97 119
97 72
97 120
97 118
97 70
97 74
97 79
98 23
98 20
98 15
98 22
98 19
98 24
98 16
98 17
100 81
100 78
100 69
100 62
100 80
100 74
100 79
100 70
100 72
100 75
100 82
100 85
102 82
103 54
103 48
103 9
103 40
103 29
103 44
103 21
103 50
103 47
103 37
103 38
103 36
103 53
103 35
104 111
105 32
105 23
105 26
105 30
105 25
105 28
105 24
105 22
106 82
107 85
108 67
109 92
110 128
111 96
111 104
111 92
111 117
111 113
111 120
111 123
111 106
111 116
111 105
111 109
111 122
111 107
111 108
111 119
112 98
112 100
112 101
112 110
112 102
112 93
112 96
112 116
112 115
112 117
112 95
112 107
112 94
112 90
112 92
112 97
112 114
112 120
112 106
113 51
113 79
113 77
113 52
113 70
113 59
113 50
113 47
113 64
114 9
114 30
114 25
114 10
114 23
114 15
114 24
114 28
114 11
114 21
114 6
114 26
114 14
114 16
114 22
114 19
114 20
114 13
115 85
115 75
115 83
116 101
117 40
117 22
117 11
117 34
117 3
117 7
117 45
117 27
117 21
117 42
117 23
117 28
117 14
117 49
117 32
117 8
117 48
117 26
117 2
117 4
117 33
117 35
117 36
117 47
117 17
117 5
118 11
118 8
118 9
118 12
118 7
119 104
119 99
122 24
122 40
122 22
122 35
122 42
122 36
122 37
122 25
122 26
122 34
122 32
122 31
122 29
122 20
122 43
122 17
122 41
122 21
122 19
122 30
123 91
123 95
124 98
124 99
124 102
124 105
124 104
125 69
125 70
125 67
126 78
126 75
126 81
126 35
126 99
126 85
126 30
126 82
126 70
126 94
126 73
126 27
126 86
126 79
126 88
126 87
126 77
126 72
126 68
126 69
126 66
127 81
127 79
127 77
1 113
1 116
2 119
2 111
2 107
2 117
3 36
3 5
3 44
3 42
3 40
3 14
3 18
3 32
3 35
3 20
3 71
3 34
3 11
3 55
3 68
3 39
3 52
3 58
3 70
3 23
3 72
3 59
3 26
3 17
3 30
3 73
3 21
3 57
3 28
3 47
3 53
3 33
4 62
4 92
4 112
4 22
4 90
4 15
4 44
4 61
4 73
4 74
4 71
4 72
4 96
4 56
4 105
4 97
4 89
4 53
4 55
4 75
4 67
4 86
4 43
4 70
4 83
4 60
4 103
4 41
4 94
4 95
4 68
4 54
4 63
4 82
4 69
4 104
4 37
4 48
4 79
4 59
4 76
5 57
5 43
5 37
5 48
5 18
5 19
5 40
5 36
5 31
5 28
5 15
5 47
5 12
5 23
5 24
5 45
5 34
7 26
7 20
8 121
8 95
8 97
8 36
8 93
8 85
8 30
8 45
8 33
8 102
8 79
8 38
8 117
8 118
8 105
8 110
8 55
8 75
8 31
8 91
8 77
8 46
8 65
8 48
9 49
9 40
9 59
9 41
9 37
10 47
10 42
10 71
10 66
10 69
10 65
10 68
10 49
10 53
10 74
10 77
10 62
11 10
11 42
11 41
11 34
11 33
11 5
11 17
11 44
11 37
11 36
11 28
11 22
11 21
11 18
11 91
11 39
11 16
11 32
11 75
11 50
11 40
11 8
11 81
11 87
11 62
11 20
11 29
11 23
11 38
12 92
12 89
12 96
12 88
12 94
12 95
13 107
13 111
13 109
13 108
14 127
14 116
14 120
14 115
15 4
16 124
16 125
17 48
20 6
20 23
20 19
20 32
20 35
20 7
20 25
20 28
21 129
22 121
22 124
22 125
22 122
23 111
23 110
23 103
23 113
23 109
23 55
23 93
23 104
23 105
23 117
23 108
23 70
23 112
24 22
24 16
24 19
24 26
24 14
25 34
25 49
25 33
25 43
26 41
26 39
26 42
27 103
27 110
27 119
27 104
27 99
27 121
28 117
28 126
28 123
29 10
29 14
29 15
29 16
29 8
29 12
30 35
30 29
31 83
31 97
31 82
31 95
31 72
32 108
32 106
33 31
33 25
33 16
33 19
33 30
33 29
33 14
33 11
33 36
33 21
33 20
33 52
33 32
33 26
33 23
33 18
33 50
33 12
34 53
34 65
34 56
34 68
34 71
34 63
34 67
34 79
34 74
34 72
34 89
34 86
34 96
34 83
34 82
34 60
34 91
34 51
34 54
34 69
34 85
34 62
34 58
34 64
34 61
34 92
35 62
35 60
36 124
36 123
36 127
36 129
36 128
37 122
37 123
38 130
38 129
38 126
38 125
39 112
39 121
42 48
42 46
42 45
42 50
42 51
42 60
42 41
42 58
43 85
43 103
43 102
43 105
43 99
43 98
44 103
44 113
44 111
44 100
44 108
44 114
44 102
46 63
46 53
46 52
48 122
48 108
48 116
48 109
48 118
49 122
49 106
49 120
49 109
50 84
50 38
50 37
51 74
51 76
51 61
51 72
52 99
52 100
52 102
53 46
53 7
53 61
53 56
53 40
53 60
53 5
53 33
53 8
53 58
53 63
53 12
53 62
53 65
53 66
53 70
53 3
53 50
53 45
53 18
53 75
53 27
53 43
53 69
53 6
53 73
53 51
53 26
54 59
55 37
55 39
55 30
56 103
56 64
56 66
56 104
56 98
56 59
56 99
56 89
56 63
56 53
57 114
57 130
57 129
57 123
57 126
59 25
59 13
59 24
59 26
59 21
60 102
61 50
61 102
61 71
61 60
61 31
61 88
61 86
61 29
61 77
61 111
61 47
61 73
61 97
61 46
61 57
61 68
61 65
62 74
62 78
62 73
62 80
64 16
64 17
64 26
64 23
64 19
65 37
65 49
65 46
65 26
65 55
65 44
65 48
65 40
65 16
65 52
65 15
65 29
65 30
65 36
65 53
65 42
65 47
65 35
65 50
65 17
65 34
65 38
65 51
65 21
66 128
67 5
67 4
67 3
67 15
67 20
67 8
67 18
67 16
67 21
67 26
68 112
68 84
68 83
68 87
68 106
68 114
68 109
68 95
68 113
68 90
68 91
68 99
68 108
71 70
71 53
71 55
71 59
71 98
72 89
72 84
72 81
72 82
72 66
72 34
72 53
72 80
72 79
72 83
72 38
72 70
72 85
72 39
73 20
73 33
73 32
73 25
73 34
73 31
73 21
74 47
74 50
74 44
74 45
74 43
75 115
75 116
75 91
75 109
75 103
75 92
75 84
77 65
78 97
79 52
79 49
80 70
80 78
80 63
80 82
80 67
80 64
83 22
83 14
83 16
83 17
83 15
83 20
83 21
85 68
85 73
85 77
85 74
85 72
85 66
88 123
88 125
88 127
88 126
88 128
89 72
89 106
91 35
91 36
91 38
91 51
92 55
92 85
92 75
93 34
93 54
93 45
93 32
93 55
93 33
93 53
93 61
94 56
94 66
94 41
94 55
94 54
94 57
95 60
95 57
96 17
97 106
97 99
97 108
97 116
98 40
98 35
100 71
100 76
101 70
101 68
101 71
101 64
101 66
101 62
101 63
101 69
102 30
102 35
102 34
102 29
102 33
103 121
103 127
103 97
103 126
103 130
103 124
103 110
103 90
103 99
103 96
103 100
103 101
103 93
103 123
103 112
103 98
103 102
103 95
104 29
104 24
104 25
107 52
107 47
107 30
107 63
107 36
107 59
107 37
107 24
107 50
107 23
107 9
107 25
107 22
107 19
107 55
107 10
107 51
107 21
107 13
107 17
107 12
107 39
107 48
107 61
107 44
107 16
107 11
107 26
107 45
107 15
108 110
108 115
108 114
110 76
110 106
110 92
110 108
110 84
110 94
110 98
110 99
110 89
111 46
111 32
111 30
111 39
111 28
111 65
111 19
111 42
111 56
111 38
111 15
111 43
111 25
111 27
111 22
111 26
111 33
111 24
111 13
111 72
111 12
111 50
111 21
111 45
111 79
111 41
111 16
111 47
111 11
111 36
111 34
111 49
111 23
111 17
111 40
113 73
114 85
114 100
114 105
114 89
114 101
114 96
114 87
114 93
114 98
114 92
114 103
114 94
114 88
114 106
114 86
114 102
115 18
115 32
115 14
115 39
115 19
115 13
115 22
115 28
115 48
115 29
116 88
116 86
116 89
116 95
116 91
116 85
116 90
117 39
117 91
117 38
117 92
117 74
117 24
117 97
117 25
117 94
117 79
117 43
118 99
119 31
119 37
119 35
119 30
119 36
119 32
119 33
120 57
120 32
120 17
120 19
120 18
120 51
120 69
120 47
120 29
120 31
120 55
121 55
121 58
121 56
122 28
122 27
123 65
123 63
124 92
124 100
124 88
124 86
124 87
124 115
124 107
124 103
124 94
124 111
124 97
124 106
124 114
124 90
125 75
125 85
125 80
125 61
125 84
125 72
125 82
125 51
125 87
125 79
125 77
127 70
128 74
128 68
128 71
128 93
128 83
128 73
128 69
128 112
128 107
128 87
128 67
128 98
1 34
1 48
2 1
2 4
3 128
3 123
3 124
3 126
3 129
3 115
7 88
7 93
7 59
7 37
7 41
7 52
7 60
7 91
7 40
7 61
7 56
7 92
7 100
7 55
7 57
7 76
10 15
10 14
10 20
10 16
10 19
11 129
15 77
15 33
15 74
15 83
15 62
15 80
15 49
15 50
15 56
15 66
15 84
15 25
15 59
15 73
15 81
15 68
15 54
15 67
15 75
15 58
15 79
15 57
15 72
15 85
15 46
15 64
15 52
15 63
16 56
16 47
17 64
19 48
19 46
19 47
19 126
19 127
19 116
19 124
19 128
19 41
20 97
20 84
20 80
20 92
20 91
20 86
22 84
22 93
22 95
22 94
22 90
22 99
23 102
25 57
25 100
25 64
25 59
25 108
25 58
26 118
27 83
27 40
27 57
27 49
27 81
27 63
27 35
27 44
27 46
27 37
27 95
27 62
27 76
28 44
30 102
30 110
30 91
30 106
30 111
30 105
31 102
31 81
31 101
31 108
31 104
31 73
31 112
31 103
31 99
31 105
32 75
32 52
33 102
33 113
33 114
34 97
34 42
34 41
34 43
34 28
34 84
34 50
34 38
34 66
34 46
34 77
34 49
34 29
34 36
34 25
34 57
34 94
34 31
34 55
34 47
34 30
34 33
34 27
34 90
34 52
34 37
34 93
35 37
35 39
35 55
35 46
35 31
36 122
37 70
37 65
37 80
38 103
38 112
38 107
38 101
38 105
38 104
38 99
38 109
38 113
38 106
38 108
38 110
40 10
40 14
41 115
41 113
46 85
46 68
46 69
46 92
46 95
46 62
46 94
46 82
46 102
46 87
46 81
46 66
46 58
46 74
46 105
48 61
48 63
48 59
48 62
48 64
48 57
48 60
48 75
48 56
48 58
48 65
48 76
49 20
49 9
49 7
49 12
49 18
49 25
49 26
49 17
49 24
49 38
49 11
49 6
49 23
49 33
49 14
49 19
49 5
49 8
49 29
49 10
51 98
51 120
51 33
51 20
51 63
51 84
51 32
51 91
51 102
51 21
51 115
51 49
51 16
51 89
51 28
51 54
51 22
51 87
51 30
51 80
51 78
51 95
51 96
51 77
51 111
51 107
51 79
51 83
51 88
51 65
51 86
51 31
51 17
51 124
51 113
52 51
52 58
52 66
52 56
52 50
52 55
52 68
52 62
52 64
52 63
54 106
54 104
54 100
54 93
54 99
54 109
54 105
55 121
56 74
57 103
58 69
60 86
60 76
60 84
60 54
60 66
60 73
60 68
60 82
60 80
60 83
60 78
60 79
60 53
60 75
60 77
60 87
61 74
62 76
62 79
62 71
63 69
63 66
63 65
63 58
64 129
65 7
65 4
65 8
66 122
67 42
68 21
68 48
68 50
68 65
68 62
68 49
68 29
68 77
68 75
68 23
68 25
68 59
68 24
68 47
68 64
68 38
68 56
68 71
68 32
68 39
68 33
68 26
68 41
68 18
68 42
68 78
68 36
68 30
68 34
69 60
69 79
72 106
72 113
72 107
74 122
74 115
74 120
74 125
74 124
74 123
74 117
74 112
74 118
75 13
75 2
75 5
75 1
75 3
75 9
75 8
75 11
75 6
75 17
75 10
75 18
75 7
76 107
76 90
76 100
76 112
76 102
76 111
76 97
77 39
77 36
78 83
78 93
79 109
80 91
80 59
80 96
80 86
80 95
80 88
80 92
80 94
80 90
80 93
80 56
81 5
82 80
82 84
83 51
84 127
84 129
87 103
87 95
87 98
87 96
89 75
89 62
90 14
90 21
90 12
90 15
90 10
90 18
90 17
91 1
92 125
93 30
93 36
93 20
93 23
93 56
93 17
93 21
93 26
93 16
93 25
93 39
93 42
94 37
95 105
95 107
95 100
96 80
96 100
96 81
96 85
96 94
96 92
96 95
96 78
96 93
96 84
96 98
96 83
96 79
96 82
96 77
96 89
97 9
97 4
97 10
97 12
97 6
97 11
97 13
98 39
98 46
100 59
100 42
100 60
100 55
100 65
100 35
100 34
100 36
100 56
100 67
103 71
103 92
103 64
103 80
103 88
103 6
103 68
103 7
103 85
103 94
103 86
103 76
103 74
103 77
103 91
103 78
103 65
103 73
103 70
103 79
103 10
103 84
104 99
104 74
104 96
105 128
105 127
106 92
106 93
106 81
106 65
106 60
106 35
106 94
106 76
106 62
106 69
106 86
106 88
106 73
106 78
106 79
106 85
106 90
106 50
106 91
106 58
106 83
106 70
106 84
107 65
108 105
108 103
110 67
110 79
110 70
110 71
110 68
110 81
113 105
113 78
114 45
114 39
114 40
114 27
114 37
114 29
114 36
115 64
115 51
115 61
115 49
116 24
116 21
116 29
116 33
116 36
116 41
116 14
116 30
116 15
116 34
116 38
116 20
116 17
116 39
116 37
116 40
117 100
118 114
118 116
118 117
119 105
120 126
120 119
120 118
120 83
120 107
120 95
120 112
120 82
120 110
120 101
120 106
120 128
120 97
120 92
120 108
120 116
120 99
120 104
120 94
120 117
120 109
120 102
120 74
120 85
121 113
121 110
121 115
121 116
121 105
121 117
123 48
123 47
123 36
123 53
123 45
123 41
125 111
125 103
125 108
125 102
125 99
125 109
125 110
125 94
125 104
125 106
125 101
125 91
125 107
125 95
126 111
126 129
126 130
126 119
126 117
126 128
127 98
128 31
128 38
128 37
128 29
128 35
128 32
128 40
128 27
128 39
128 33
129 50
130 126
1 15
1 16
1 6
1 26
1 4
1 12
1 14
1 25
1 21
1 23
1 47
1 17
1 22
1 9
1 5
1 18
1 7
1 11
1 13
4 99
4 85
4 87
4 93
4 98
5 119
5 121
5 128
5 127
5 124
5 126
5 123
5 125
5 118
7 113
7 121
7 110
7 106
7 99
7 122
7 124
7 119
9 107
9 101
9 114
9 111
9 94
10 129
11 13
11 19
11 30
11 35
11 15
11 31
11 14
12 109
12 110
12 118
12 116
12 112
12 104
12 102
12 117
13 96
13 103
14 35
14 46
14 41
14 40
14 50
14 45
15 20
16 91
16 103
16 76
17 122
18 65
18 35
18 58
18 73
18 67
18 55
18 64
18 57
18 49
20 43
20 44
20 34
20 63
20 61
20 50
20 55
21 102
22 42
22 33
22 32
22 31
22 30
22 36
22 26
22 27
22 48
22 41
22 38
24 94
24 96
24 83
24 79
24 87
24 76
24 84
24 86
24 90
24 89
24 77
24 74
24 95
24 80
24 88
25 116
26 4
26 5
26 15
26 1
26 19
26 13
26 3
26 23
26 9
26 20
26 17
26 24
26 21
26 7
26 6
26 10
27 45
27 55
28 32
30 98
30 83
32 18
32 16
32 15
32 19
33 91
33 81
33 76
34 48
35 56
35 57
35 42
35 54
36 100
36 82
36 83
36 105
36 78
36 66
36 81
36 90
36 97
36 71
36 80
36 34
36 70
36 40
36 32
36 72
36 57
36 87
36 39
36 74
36 45
36 109
36 67
36 86
36 103
36 46
36 95
36 68
37 104
37 95
37 107
38 47
38 43
38 49
38 60
38 56
38 63
38 52
38 50
38 57
38 48
38 54
38 53
38 65
38 51
38 55
39 122
39 119
39 114
40 46
40 56
40 66
40 50
40 49
41 60
41 49
41 40
41 61
41 46
41 44
41 55
42 113
42 118
42 112
42 116
42 119
44 51
44 77
44 53
44 65
44 69
44 50
45 51
46 77
47 40
48 97
48 105
48 106
48 100
48 93
48 99
48 96
48 103
48 98
48 110
48 104
48 92
48 94
48 127
48 107
49 34
49 66
49 56
49 58
49 55
49 73
49 48
49 59
49 16
49 75
49 42
49 93
49 60
49 28
49 27
51 109
52 38
52 29
52 31
52 26
52 32
52 24
52 28
52 37
52 23
53 59
53 72
53 78
53 57
53 71
53 92
53 79
53 77
53 55
53 87
54 95
55 123
56 124
56 126
56 128
56 125
57 81
58 111
58 104
58 93
60 50
62 72
62 61
62 65
62 55
62 53
62 56
62 54
62 68
62 64
62 69
62 57
62 60
63 26
63 27
63 32
63 34
63 21
63 33
63 30
63 25
63 29
63 38
63 28
63 22
63 24
64 42
64 47
64 49
64 40
64 45
64 50
64 51
64 48
64 43
64 46
64 44
64 53
65 54
65 69
65 58
65 82
65 32
65 59
65 45
65 61
65 83
65 33
65 56
65 67
66 107
66 110
67 32
67 34
67 33
67 30
67 36
67 37
68 61
68 94
68 43
68 66
68 45
68 82
68 31
68 37
68 35
68 72
68 40
68 92
69 41
69 62
69 49
69 40
69 42
69 59
69 52
71 104
71 101
72 77
73 14
73 28
73 44
73 13
73 35
73 16
75 127
75 119
75 126
75 129
75 125
75 121
75 124
76 65
76 81
76 73
76 75
76 74
76 69
76 48
76 39
76 44
76 71
76 83
76 79
76 64
76 45
76 72
76 67
76 82
76 49
76 68
76 89
76 46
76 70
77 75
78 72
79 30
79 19
79 16
79 15
81 126
81 125
82 60
83 107
83 109
83 114
83 116
83 110
83 108
83 106
83 115
84 123
84 83
84 71
84 68
85 69
85 65
85 52
85 41
85 58
85 70
85 67
85 71
86 65
86 66
86 71
86 68
87 15
87 33
87 39
87 11
87 20
87 28
87 35
87 14
87 10
87 24
87 21
87 30
87 17
87 16
88 122
88 115
88 108
88 104
88 96
88 116
88 106
88 99
88 120
88 101
88 105
88 114
88 124
88 97
88 121
88 98
88 119
89 123
90 69
90 83
90 87
90 89
90 105
90 78
91 119
91 126
92 34
92 35
92 46
92 44
92 31
92 37
92 50
92 40
92 41
92 32
92 36
92 30
93 115
93 112
94 107
95 66
95 78
95 87
95 50
95 94
95 81
95 90
95 104
95 92
95 49
95 68
99 10
99 12
101 59
101 60
101 61
102 120
102 114
103 109
103 125
104 126
105 50
105 52
105 45
105 46
106 72
106 80
106 53
106 75
106 71
106 63
107 82
107 93
107 58
107 72
107 77
110 102
110 95
112 21
112 22
112 35
113 120
113 127
113 130
113 129
115 111
115 104
115 118
115 57
115 105
115 65
115 68
115 96
115 60
115 71
115 106
115 113
115 99
115 120
115 98
115 109
115 79
115 95
116 35
117 130
121 49
121 50
121 48
121 100
121 81
122 103
122 77
124 47
124 35
124 41
124 19
124 28
124 54
124 5
124 23
124 45
124 31
124 55
124 26
124 30
124 52
124 33
124 42
124 56
124 27
124 10
124 48
124 4
124 12
124 2
124 9
124 13
124 49
124 39
124 21
124 14
124 16
124 37
124 46
125 56
125 66
125 60
126 90
126 112
126 106
126 116
126 96
126 97
128 76
129 16
130 56
130 110
130 62
130 68
130 83
130 58
130 60
1 93
1 83
1 87
1 97
1 92
1 77
1 86
1 106
1 88
1 91
3 89
3 49
3 85
3 79
3 87
3 75
3 81
3 83
3 69
3 82
3 88
3 65
3 48
4 122
4 124
4 121
5 112
5 115
5 122
5 114
5 105
5 111
5 120
5 104
5 106
6 59
7 117
8 35
10 67
10 50
10 60
12 27
12 60
12 43
12 21
12 25
13 112
13 117
13 113
13 105
13 115
13 110
13 106
14 19
14 18
14 20
15 69
15 48
15 61
15 71
15 70
15 51
15 53
16 119
16 118
17 120
17 60
22 65
22 75
22 69
22 89
22 71
23 35
23 45
23 46
24 107
24 100
24 97
26 97
28 100
28 105
28 93
28 99
29 33
29 43
29 42
29 49
29 46
29 45
29 44
29 47
29 32
29 35
32 66
34 106
38 124
38 114
38 122
38 102
38 123
38 115
40 62
42 71
42 68
42 81
42 77
42 75
43 36
44 59
45 126
45 125
45 130
46 18
47 12
47 18
47 21
47 15
47 13
47 23
47 16
47 11
49 3
49 4
49 2
50 127
50 113
50 114
50 126
50 116
50 108
50 109
50 122
50 112
50 98
50 115
50 111
50 107
50 106
51 93
51 118
51 81
51 114
51 94
51 75
51 112
51 90
51 108
51 85
52 36
52 69
52 35
52 54
52 60
52 65
52 59
52 70
52 43
52 47
53 128
53 108
53 106
53 116
53 67
53 68
53 80
53 81
53 44
53 64
53 74
53 24
55 80
55 77
55 78
55 85
55 79
55 83
55 86
57 111
58 76
58 73
59 87
60 126
60 128
60 116
60 122
60 120
60 97
60 121
60 129
60 118
60 115
60 96
60 106
60 93
60 124
61 129
61 103
61 109
61 125
61 98
61 101
62 118
62 122
62 130
62 121
62 129
62 128
62 116
62 124
62 119
62 115
63 18
63 16
63 23
63 13
63 19
63 17
63 15
63 12
63 14
64 60
64 78
64 56
64 68
64 57
64 61
64 55
64 71
64 82
66 13
66 14
66 21
66 18
66 27
66 29
66 20
66 24
66 19
66 32
66 12
66 25
67 9
67 94
67 19
67 25
67 24
67 113
67 110
67 120
67 121
67 115
67 123
67 111
67 100
67 92
67 112
68 19
68 22
68 28
69 100
69 113
70 62
70 53
70 65
70 56
70 48
70 84
70 57
70 72
70 58
70 66
70 64
70 59
70 67
70 68
70 60
70 55
70 88
71 66
71 68
72 12
72 7
72 11
72 8
75 38
76 22
76 8
76 7
76 35
76 13
76 26
76 55
76 32
76 10
76 12
77 23
77 42
78 105
78 77
78 114
78 100
78 110
78 66
78 71
78 87
78 53
78 109
78 84
78 115
78 56
80 17
80 28
80 53
80 27
80 42
80 15
80 32
80 24
80 54
80 12
80 25
80 20
80 22
80 13
80 10
80 4
80 34
80 6
80 23
80 11
80 8
80 18
80 48
80 5
80 47
81 16
81 15
82 48
82 70
82 79
82 58
82 65
83 125
84 27
84 34
84 26
84 38
84 15
84 60
84 30
84 28
84 54
84 24
84 25
85 123
85 122
85 121
85 126
85 120
85 124
86 47
86 59
86 52
86 35
86 29
86 53
86 49
86 41
86 64
86 73
86 39
86 33
86 38
86 51
86 34
86 46
86 43
86 30
86 61
86 28
86 54
86 55
86 36
86 32
88 19
88 25
88 22
89 51
89 52
89 58
92 20
92 21
93 52
94 114
95 32
95 33
99 126
99 127
99 130
99 128
100 13
100 3
100 16
100 9
100 10
100 5
100 7
101 32
101 29
101 20
101 28
101 26
101 30
101 31
101 27
102 129
103 72
