88 1201
1 2
2 3
3 4
4 5
5 6
6 7
7 8
8 9
9 10
10 11
11 12
12 13
13 14
14 15
15 16
16 17
17 18
18 19
19 20
20 21
21 22
22 23
23 24
24 25
25 26
26 27
27 28
28 29
29 30
30 31
31 32
32 33
33 34
34 35
35 36
36 37
37 38
38 39
39 40
40 41
41 42
42 43
43 44
44 45
45 46
46 47
47 48
48 49
49 50
50 51
51 52
52 53
53 54
54 55
55 56
56 57
57 58
58 59
59 60
60 61
61 62
62 63
63 64
64 65
65 66
66 67
67 68
68 69
69 70
70 71
71 72
72 73
73 74
74 75
75 76
76 77
77 78
78 79
79 80
80 81
81 82
82 83
83 84
84 85
85 86
86 87
87 88
88 1
1 4
1 3
2 33
2 29
2 34
2 31
2 35
3 24
3 25
3 21
3 26
3 23
3 20
4 61
4 78
4 72
4 83
4 77
4 81
4 69
4 70
4 62
4 68
4 66
4 73
4 60
4 57
4 64
4 67
4 80
4 63
4 65
4 76
5 55
5 47
5 40
5 12
5 43
5 54
5 1
5 42
5 41
5 46
5 45
5 11
5 10
5 22
5 28
5 33
5 25
5 34
5 59
5 20
5 37
5 2
5 21
5 29
5 49
5 4
5 31
5 24
5 35
5 8
5 52
5 19
5 48
5 38
5 3
5 44
5 30
5 53
6 14
6 16
6 13
8 18
8 21
8 14
8 12
8 23
8 7
8 19
8 17
8 10
8 20
8 22
8 15
9 69
9 72
10 67
10 75
10 68
10 73
10 66
10 71
10 70
11 29
11 28
11 23
11 22
11 48
11 15
11 45
11 37
11 30
11 13
11 9
11 39
11 44
11 18
11 34
11 46
11 31
11 20
11 41
11 24
11 35
11 17
11 32
11 25
12 20
12 11
12 7
12 14
12 27
12 10
12 16
12 6
12 18
12 15
12 24
12 19
12 22
13 41
13 35
13 40
13 46
13 42
13 44
13 38
13 49
13 39
13 43
14 59
14 54
14 29
14 33
14 8
14 44
14 48
14 58
14 31
14 65
14 41
14 23
14 43
14 16
14 13
14 42
14 39
14 22
14 64
14 28
14 37
14 21
14 57
14 51
14 46
14 34
14 55
14 27
14 9
14 61
14 50
14 62
14 20
14 52
14 35
14 32
14 11
15 4
15 5
16 66
16 64
16 67
16 62
16 68
16 61
16 57
16 63
17 41
17 42
17 29
17 30
17 33
17 36
17 44
17 43
17 32
18 58
20 83
21 7
22 86
23 81
23 88
23 87
23 83
23 85
24 26
25 86
26 9
27 32
27 30
28 85
28 80
28 87
28 86
28 83
29 7
29 9
30 74
30 78
30 73
30 79
31 74
31 78
31 76
31 80
31 77
31 73
32 63
32 67
32 62
33 15
33 14
33 18
33 16
33 10
35 71
35 72
35 67
35 69
36 21
36 20
36 27
36 25
37 7
37 8
37 6
38 85
39 56
39 50
39 54
39 80
39 57
39 51
39 74
39 82
39 58
39 66
39 64
39 62
39 79
39 72
39 71
39 69
39 52
39 70
39 78
39 67
40 22
41 48
41 60
41 66
41 52
41 70
41 61
41 59
41 57
41 45
41 65
41 72
41 50
41 44
41 47
41 56
41 75
41 64
41 46
42 11
42 12
43 27
43 32
43 28
43 29
43 31
44 73
44 74
45 34
45 33
46 29
46 18
46 33
46 28
46 34
46 9
46 14
46 31
46 4
46 15
46 12
46 27
46 10
46 5
46 35
46 26
46 17
46 23
46 8
46 13
46 6
46 20
48 26
48 39
48 47
48 45
48 20
48 9
48 32
48 14
48 5
48 21
48 11
48 6
48 41
48 8
48 17
48 7
48 28
48 51
48 22
48 31
48 38
48 35
48 13
48 24
48 27
48 40
48 29
48 30
48 36
48 4
48 19
49 40
49 39
49 42
50 71
50 70
50 73
50 76
50 75
51 53
51 67
51 62
51 56
51 60
51 59
51 58
51 65
51 54
51 55
52 33
52 43
52 22
52 13
52 51
52 10
52 39
52 8
52 24
52 32
52 44
52 42
52 12
52 35
52 18
52 17
52 41
52 34
52 38
52 11
52 56
52 9
52 48
52 28
52 54
52 45
52 16
52 57
52 47
52 29
52 26
53 74
53 75
53 69
53 71
53 73
54 76
54 78
54 80
54 77
54 81
54 79
54 74
54 82
55 19
55 6
55 12
55 7
55 5
55 9
55 11
56 30
56 12
56 18
56 15
56 29
56 20
56 14
56 21
56 24
56 17
56 19
56 23
56 13
56 10
56 31
57 33
57 34
57 38
57 32
57 37
58 69
58 67
58 68
59 37
59 51
59 43
59 41
59 49
59 38
59 39
59 50
59 42
59 35
59 52
59 55
59 40
59 46
60 36
60 39
60 42
60 48
60 45
60 49
60 43
60 38
60 40
60 41
61 10
61 16
61 6
61 4
61 8
61 15
61 5
61 17
61 7
61 3
61 9
61 18
62 29
62 18
62 41
62 71
62 23
62 44
62 31
62 30
62 49
62 55
62 72
62 37
62 6
62 27
62 7
62 33
62 25
62 66
62 52
62 45
62 21
62 65
62 19
62 64
62 76
62 38
62 70
62 60
62 61
62 11
62 57
62 16
62 35
62 69
62 54
62 36
62 20
62 24
62 67
63 67
63 60
63 49
63 65
63 69
63 68
63 62
63 59
63 53
63 52
63 57
63 56
63 58
64 46
65 18
65 8
65 30
65 20
65 26
65 4
65 17
65 12
65 28
65 29
65 2
65 24
65 23
65 15
65 11
65 27
65 9
66 10
66 12
66 8
66 14
67 60
67 69
67 61
67 62
67 70
67 64
67 63
68 77
68 81
68 79
68 83
68 76
68 78
69 30
69 36
69 51
69 31
69 44
69 47
69 46
69 39
69 55
69 40
69 38
69 58
69 52
69 42
69 45
69 43
69 49
69 32
69 33
69 54
69 29
70 46
70 45
71 67
71 68
71 66
71 69
72 77
72 75
72 79
72 74
72 76
73 69
73 68
73 67
73 71
73 75
73 66
74 59
74 65
74 63
74 61
74 62
74 56
74 60
74 66
74 55
74 58
74 54
74 57
75 7
75 6
76 66
76 50
76 32
76 65
76 56
76 30
76 46
76 49
76 37
76 73
76 35
76 75
76 64
76 78
76 57
76 33
76 79
76 39
76 29
76 61
76 44
76 47
76 38
76 51
76 84
76 71
76 54
76 74
76 40
76 36
76 59
76 34
76 69
76 72
77 81
77 85
77 86
77 79
77 82
77 84
77 83
78 74
78 69
78 63
78 62
78 56
78 73
78 65
78 57
78 68
78 64
78 76
78 67
78 66
78 75
79 65
79 57
79 66
79 74
79 69
79 71
79 70
79 62
79 61
79 68
79 63
79 60
79 73
80 24
80 22
82 62
82 55
82 56
82 60
82 61
82 64
82 65
83 35
83 31
83 46
83 45
83 37
83 48
83 36
83 29
83 28
83 40
83 38
83 44
83 42
83 30
84 66
84 64
85 63
85 56
85 71
85 70
85 67
85 66
85 59
85 65
85 64
85 58
85 74
85 69
86 33
86 47
86 19
86 37
86 44
86 27
86 38
86 39
86 34
86 45
86 52
86 42
86 31
86 29
86 40
86 17
86 51
86 23
86 50
86 32
86 21
86 46
87 73
87 71
87 75
87 72
87 69
1 73
1 48
1 62
1 69
1 53
1 60
1 49
1 68
1 55
1 52
1 64
1 57
1 71
1 70
1 56
1 50
1 51
1 61
1 83
1 80
1 79
1 82
1 65
1 63
1 67
1 76
2 38
2 39
2 41
2 36
2 43
3 77
3 82
3 81
3 79
3 84
4 24
4 8
4 15
4 29
4 3
4 32
4 14
4 7
4 30
4 21
4 19
4 23
4 13
4 20
4 31
4 6
4 33
4 2
5 32
5 51
5 14
5 15
5 27
5 18
5 50
5 39
5 56
5 23
5 36
5 57
5 58
6 81
6 83
6 77
6 74
6 82
6 75
6 78
7 61
7 74
7 68
7 77
7 72
7 59
7 45
7 63
7 60
7 53
7 55
7 49
7 85
7 80
7 73
7 82
7 87
7 46
7 70
7 50
7 86
7 79
7 66
7 76
7 52
7 56
7 81
7 51
7 54
8 76
8 75
8 78
9 70
9 63
9 65
9 71
9 61
9 75
9 66
9 68
9 62
10 38
10 43
10 39
10 46
10 45
12 25
12 21
12 23
12 17
13 52
13 53
15 38
15 39
16 22
16 18
16 20
17 56
17 79
17 67
17 66
17 76
17 65
17 58
17 57
17 60
17 59
17 68
17 70
17 77
17 71
17 74
18 60
18 64
18 70
18 62
18 77
18 71
18 79
18 81
18 55
18 69
18 56
18 67
18 59
18 73
18 53
18 63
18 78
18 57
18 66
18 82
18 52
19 75
21 47
21 43
21 42
21 44
21 48
22 26
22 25
23 25
23 22
24 27
24 45
24 17
24 11
24 19
24 40
24 52
24 15
24 66
24 31
24 29
24 23
24 42
24 54
24 51
24 32
24 74
24 35
24 68
24 63
24 16
24 60
24 9
24 73
24 34
24 20
24 62
24 58
24 50
24 70
24 71
24 57
24 21
24 12
24 65
24 14
24 30
24 55
24 33
24 41
25 19
25 38
25 49
25 20
25 43
25 47
25 45
25 10
25 40
25 16
25 51
25 9
25 50
25 17
25 18
25 48
25 34
25 11
25 46
25 32
25 35
25 23
25 22
25 37
25 28
25 31
25 15
25 21
26 60
26 59
26 55
26 66
26 61
26 62
26 68
26 70
26 57
26 64
26 67
27 74
27 78
27 76
27 73
27 79
29 81
29 75
29 79
29 64
29 74
29 80
29 66
29 73
29 77
29 71
29 70
30 66
30 57
30 69
30 63
30 68
30 56
30 67
30 62
30 65
30 59
31 5
31 6
31 7
31 3
32 60
33 67
33 77
33 71
33 60
33 65
33 61
33 76
33 74
33 70
33 68
33 72
33 69
33 63
34 36
34 19
34 45
34 39
34 48
34 49
34 41
34 50
34 26
34 30
34 21
34 20
34 47
34 18
34 46
34 33
34 32
34 29
34 42
34 43
36 84
37 56
37 50
37 43
37 51
37 44
37 54
37 57
37 64
37 42
37 59
37 62
37 46
37 48
37 63
37 55
38 34
38 36
38 37
39 73
39 76
39 75
40 77
40 75
40 76
40 74
41 82
41 77
41 81
41 80
41 79
42 73
42 70
42 71
45 7
45 24
45 11
45 18
45 40
45 41
45 21
45 50
