87 1109
1 2
2 3
3 4
4 5
5 6
6 7
7 8
8 9
9 10
10 11
11 12
12 13
13 14
14 15
15 16
16 17
17 18
18 19
19 20
20 21
21 22
22 23
23 24
24 25
25 26
26 27
27 28
28 29
29 30
30 31
31 32
32 33
33 34
34 35
35 36
36 37
37 38
38 39
39 40
40 41
41 42
42 43
43 44
44 45
45 46
46 47
47 48
48 49
49 50
50 51
51 52
52 53
53 54
54 55
55 56
56 57
57 58
58 59
59 60
60 61
61 62
62 63
63 64
64 65
65 66
66 67
67 68
68 69
69 70
70 71
71 72
72 73
73 74
74 75
75 76
76 77
77 78
78 79
79 80
80 81
81 82
82 83
83 84
84 85
85 86
86 87
87 1
1 70
1 78
1 71
1 79
1 76
1 73
2 16
2 19
2 20
3 61
3 52
3 47
3 42
3 55
3 49
3 56
3 46
3 40
3 51
3 43
3 57
3 58
3 54
3 53
3 48
4 47
4 54
4 56
4 37
4 50
4 39
4 42
4 36
4 49
4 57
4 41
4 40
4 53
4 52
4 61
4 38
4 46
4 60
5 76
5 74
5 73
5 77
5 75
6 54
6 55
7 65
9 7
9 12
9 8
9 11
9 6
10 42
10 47
10 33
10 29
10 39
10 56
10 23
10 50
10 68
10 63
10 40
10 31
10 38
10 65
10 58
10 61
10 32
10 44
10 43
10 46
10 54
10 34
10 69
10 59
10 60
10 53
10 66
10 37
10 28
11 68
11 56
11 65
11 77
11 49
11 51
11 72
11 76
11 60
11 71
11 59
11 46
11 66
11 63
11 47
11 53
11 79
11 64
11 44
11 48
11 57
11 69
12 49
12 51
13 1
13 12
13 9
13 6
13 15
13 5
13 10
13 16
14 45
14 49
14 42
14 51
14 41
14 52
14 43
14 44
15 65
15 70
15 64
15 67
15 69
15 66
16 72
16 78
16 70
16 71
16 79
16 83
16 84
16 80
17 69
17 79
17 65
17 78
17 70
17 77
17 75
17 82
17 72
17 80
17 73
17 74
17 71
18 81
18 76
18 68
18 72
18 73
18 82
18 63
18 66
18 80
18 67
18 79
18 74
19 32
19 39
19 48
19 29
19 11
19 42
19 46
19 38
19 41
19 27
19 37
19 40
19 30
19 22
19 14
19 25
19 35
19 15
19 34
19 17
19 23
19 28
20 77
22 6
22 25
22 17
22 24
22 20
22 9
22 4
22 15
22 5
22 14
22 8
22 31
22 12
22 13
22 11
23 66
23 79
23 35
23 73
23 64
23 75
23 41
23 49
23 62
23 26
23 37
23 17
23 65
23 31
23 55
23 46
23 18
23 33
23 56
23 58
23 53
23 74
23 83
23 39
23 67
23 84
23 34
23 63
23 76
23 45
23 60
23 21
23 44
23 54
23 20
23 48
23 78
23 82
23 57
23 32
23 71
23 22
23 43
23 80
23 59
23 86
24 80
24 79
25 14
25 20
25 15
25 17
25 13
25 12
25 11
25 19
26 70
26 68
26 71
27 4
27 8
27 5
27 9
27 3
27 2
27 10
28 3
28 4
29 77
29 76
29 79
32 13
32 10
32 11
32 9
32 24
32 16
32 25
32 18
32 20
32 27
33 43
33 45
33 49
33 48
33 42
33 44
34 76
34 71
34 75
34 69
34 70
35 39
36 83
36 84
37 63
37 60
37 62
37 64
37 61
38 79
38 81
38 80
38 82
38 85
39 80
39 77
39 81
39 78
39 84
39 86
39 83
39 82
39 85
40 70
40 74
40 71
40 69
40 73
40 78
41 61
41 57
41 69
41 65
41 72
41 76
41 68
41 75
41 71
41 63
41 67
41 73
41 66
41 60
41 58
42 22
42 29
42 23
42 35
42 30
42 15
42 14
42 16
42 17
42 32
42 24
42 28
42 18
42 26
42 20
42 34
42 31
42 25
43 42
43 57
43 64
43 49
43 78
43 51
43 38
43 73
43 39
43 68
43 59
43 74
43 65
43 77
43 76
43 37
43 72
43 56
43 54
43 53
43 66
43 47
43 63
43 69
43 46
43 34
43 71
43 58
43 60
43 62
44 46
44 35
44 38
44 43
44 37
44 47
44 50
45 34
45 32
45 36
45 29
46 55
46 48
46 53
46 50
46 49
47 76
47 75
47 73
47 70
47 72
48 83
48 73
48 74
48 69
48 78
48 76
48 70
48 81
48 82
48 71
49 3
49 11
49 12
49 4
49 6
49 13
49 9
49 15
49 20
49 16
49 18
49 5
50 73
50 76
50 72
51 32
51 59
51 28
51 26
51 37
51 50
51 25
51 36
51 53
51 49
51 61
51 41
51 38
51 44
51 29
51 46
51 30
51 60
51 57
51 35
51 43
52 8
52 9
52 6
53 15
53 11
53 16
53 14
53 26
53 13
53 9
53 22
53 21
53 8
53 20
53 23
53 25
53 17
54 51
54 49
54 53
54 60
54 63
54 58
54 61
54 59
54 57
54 48
54 52
55 42
55 45
55 43
55 40
55 41
56 64
56 81
56 72
56 70
56 63
56 77
56 62
56 85
56 65
56 79
56 76
56 75
56 78
56 67
56 73
56 69
56 74
56 80
57 71
57 84
57 80
57 68
57 69
57 76
57 79
57 70
57 77
57 81
57 74
57 85
57 78
58 70
58 73
58 74
58 72
59 66
60 58
60 64
60 66
60 68
60 49
60 56
60 67
60 59
60 52
60 62
60 71
60 54
61 54
61 41
61 43
61 59
61 76
61 56
61 64
61 69
61 70
61 73
61 68
61 67
61 52
61 38
61 47
61 58
61 63
61 44
61 75
61 55
62 37
63 23
63 35
63 36
63 28
63 33
63 31
63 22
63 24
63 27
63 26
64 24
65 74
65 75
65 61
65 73
65 59
65 55
65 68
65 49
65 58
65 63
65 70
65 50
65 53
65 57
65 62
65 54
66 35
66 48
66 44
66 45
66 37
66 36
66 47
66 41
66 39
66 43
66 51
66 40
66 46
67 74
67 75
67 72
68 36
68 38
68 35
69 32
69 41
69 33
69 23
69 29
69 37
69 26
69 40
69 27
69 21
69 25
69 45
69 44
69 35
69 34
69 36
69 48
69 28
70 83
70 61
70 73
70 62
70 64
70 72
70 79
70 66
70 74
70 86
70 63
70 69
70 81
70 77
70 82
70 85
70 65
70 58
71 49
71 48
71 47
72 13
72 9
72 6
72 15
72 16
72 7
72 10
72 4
73 71
73 82
73 81
73 79
73 80
73 70
73 68
73 67
73 69
73 78
74 40
74 42
74 59
74 49
74 64
74 51
74 67
74 32
74 39
74 31
74 58
74 71
74 62
74 60
74 37
74 66
74 46
74 65
74 36
74 63
74 47
74 54
74 57
74 29
74 38
74 70
74 41
75 53
75 55
75 49
75 50
75 52
75 48
75 51
76 13
76 18
76 19
76 14
76 20
76 15
76 17
76 21
77 23
77 34
77 39
77 42
77 32
77 44
77 40
77 28
77 33
77 27
77 41
77 24
77 43
78 77
78 75
78 73
78 76
79 87
79 84
80 79
80 77
80 78
81 12
81 19
81 6
81 17
81 11
81 10
81 8
81 18
81 14
81 15
81 7
82 59
82 57
82 55
82 53
82 58
83 25
83 23
83 21
83 24
83 22
83 19
84 39
84 38
84 27
84 12
84 33
84 28
84 16
84 7
84 31
84 42
84 44
84 9
84 20
84 36
84 41
84 15
84 19
84 37
84 24
84 8
84 25
84 11
85 84
86 72
86 71
86 66
86 65
86 73
87 9
87 48
87 11
87 5
87 35
87 41
87 39
87 45
87 7
87 30
87 16
87 15
87 31
87 50
87 14
87 27
87 40
87 22
87 18
87 6
87 13
87 33
87 21
87 26
87 44
87 43
87 12
87 49
87 23
87 24
87 34
87 8
1 75
1 82
1 68
1 80
2 62
2 67
2 73
2 70
2 68
2 66
2 72
3 19
3 16
3 22
3 23
3 21
3 20
3 15
3 18
3 12
4 14
4 9
4 10
4 16
4 17
4 19
4 13
4 8
5 37
5 35
6 57
6 40
6 36
6 44
6 52
6 35
6 41
6 42
6 45
6 39
6 33
6 37
6 31
6 50
6 43
6 48
7 74
7 78
7 79
7 80
8 65
8 63
8 66
8 61
8 57
8 58
8 59
9 46
9 48
9 45
9 44
10 45
10 41
10 51
11 80
12 15
12 16
13 58
13 46
13 54
13 72
13 69
13 75
13 64
13 71
13 78
13 65
13 43
13 44
13 59
13 55
13 74
13 34
13 57
13 53
13 47
13 37
13 70
13 42
13 35
13 56
13 61
13 77
13 39
13 73
13 40
14 36
14 58
14 38
14 37
14 55
14 57
14 60
14 61
14 47
14 65
14 64
14 39
14 48
14 46
14 34
14 53
14 67
15 72
15 73
15 74
15 71
15 77
16 59
16 57
18 59
18 58
18 70
18 61
18 69
19 24
20 61
20 59
20 56
20 57
20 58
20 64
20 63
21 32
21 47
21 26
21 44
21 41
21 39
21 36
21 38
21 25
21 29
21 33
21 37
21 49
21 28
21 40
21 43
21 48
21 30
22 40
22 36
22 34
22 33
22 35
22 39
22 32
22 42
22 38
22 44
24 6
24 4
24 3
25 34
26 74
26 44
26 79
26 77
26 83
26 85
26 45
26 60
26 78
26 47
26 61
26 59
26 65
26 55
26 56
26 51
26 69
26 54
26 80
26 64
26 62
26 81
26 75
26 67
26 42
27 77
27 80
27 79
28 16
28 22
28 13
28 19
28 15
28 20
28 21
28 17
29 28
29 26
30 62
30 66
30 63
30 65
32 29
32 19
32 36
32 28
32 12
32 35
32 34
32 7
32 26
32 14
34 73
34 68
