63 2146
1 2
2 3
3 4
4 5
5 6
6 7
7 8
8 9
9 10
10 11
11 12
12 13
13 14
14 15
15 16
16 17
17 18
18 19
19 20
20 21
21 22
22 23
23 24
24 25
25 26
26 27
27 28
28 29
29 30
30 31
31 32
32 33
33 34
34 35
35 36
36 37
37 38
38 39
39 40
40 41
41 42
42 43
43 44
44 45
45 46
46 47
47 48
48 49
49 50
50 51
51 52
52 53
53 54
54 55
55 56
56 57
57 58
58 59
59 60
60 61
61 62
62 63
63 1
1 17
1 23
1 20
1 19
1 15
2 44
2 52
2 43
2 55
2 53
2 48
2 51
2 54
3 52
3 53
4 52
5 48
5 47
5 44
5 45
6 53
6 38
6 59
6 41
6 51
6 60
6 39
6 40
6 36
6 52
6 48
6 56
6 43
6 63
6 54
6 61
6 34
6 44
6 45
6 35
6 42
6 32
6 55
7 5
7 10
8 19
8 36
8 28
8 31
8 21
8 22
8 26
8 29
8 20
8 25
8 23
8 35
9 44
9 45
9 36
9 41
9 40
9 46
9 42
9 37
9 48
9 39
9 50
9 43
10 49
10 36
10 44
10 39
10 45
10 48
10 41
10 38
10 47
10 35
10 30
10 43
10 51
10 46
10 29
10 37
10 42
12 17
12 14
12 23
12 22
12 15
12 20
12 11
12 16
12 24
12 19
12 21
13 6
14 60
15 47
15 41
15 43
15 35
15 49
15 32
15 52
15 25
15 23
15 26
15 53
15 33
15 51
15 38
15 48
15 50
15 36
15 56
15 42
15 34
15 24
15 30
15 57
16 12
16 32
16 21
16 30
16 24
16 27
16 29
16 26
16 13
16 14
16 31
16 15
17 58
17 54
17 53
17 52
17 51
18 48
18 37
18 49
18 47
18 26
18 44
18 32
18 35
18 42
18 41
18 31
18 38
18 43
18 36
19 59
19 57
19 60
19 56
19 58
20 23
20 13
20 9
20 22
20 14
20 25
20 27
20 18
20 17
20 16
20 11
20 12
20 8
21 35
21 31
21 33
21 38
22 6
23 52
23 56
23 42
23 50
23 49
23 41
23 51
23 55
23 45
23 47
23 39
23 48
23 46
24 8
24 7
25 59
25 61
25 60
26 10
26 9
26 4
26 5
26 7
26 12
27 12
27 4
27 17
27 16
27 11
27 5
27 18
27 8
27 6
28 46
28 45
28 50
28 56
28 48
28 57
28 58
28 49
28 52
29 13
29 20
29 11
29 18
29 9
29 22
29 26
29 27
29 10
29 19
29 16
29 12
29 23
29 17
29 28
30 9
30 14
30 17
30 10
30 16
30 5
30 15
30 3
30 7
30 8
30 4
31 46
31 55
31 58
31 53
31 59
31 44
31 57
31 56
31 54
31 47
31 60
31 50
32 22
32 34
32 38
32 20
32 30
32 39
32 35
32 23
32 31
32 27
32 26
32 41
33 18
33 10
33 11
33 9
33 6
33 7
33 4
33 5
33 19
33 14
33 22
34 56
34 57
34 51
34 53
35 47
35 50
35 51
36 33
36 32
36 31
37 55
37 56
37 59
37 58
38 42
38 43
38 41
39 51
40 62
41 30
41 34
41 31
41 36
41 35
41 23
41 33
42 20
42 15
42 18
42 16
43 34
44 12
44 33
44 32
44 9
44 13
44 6
44 5
44 21
44 3
44 19
44 24
44 27
44 30
44 4
44 25
44 2
44 26
44 14
45 8
45 10
45 4
45 6
45 5
45 13
45 14
46 59
46 58
47 19
47 13
47 18
47 15
47 14
48 7
48 9
48 6
49 17
49 56
49 53
49 45
49 32
49 33
49 55
49 40
49 23
49 36
49 37
49 27
49 47
49 44
49 51
49 25
49 39
49 57
49 43
49 19
49 18
49 34
49 46
50 52
51 7
51 13
51 12
51 10
51 9
52 33
52 35
52 32
52 37
53 29
53 30
53 31
54 21
55 16
55 11
55 22
55 15
55 7
55 14
55 17
55 18
55 12
55 23
56 20
56 18
57 9
57 12
57 18
57 16
57 15
57 8
57 14
57 13
58 6
58 10
58 7
59 26
59 29
59 30
59 27
59 31
60 46
60 47
60 38
60 39
60 35
60 45
61 43
61 39
61 40
62 8
62 9
62 7
62 29
62 30
62 24
62 4
62 34
62 22
62 31
62 32
62 14
62 28
62 18
62 21
62 15
62 16
62 25
62 11
62 26
62 33
1 25
2 33
2 36
2 61
2 42
2 39
2 59
2 45
2 40
2 46
2 50
2 57
2 38
2 32
2 47
3 41
3 44
3 43
3 45
3 46
3 51
3 48
4 25
4 19
4 21
4 23
4 27
4 28
4 20
5 23
5 21
5 22
6 22
6 29
6 20
6 24
6 26
7 50
10 22
10 25
11 38
11 40
11 50
11 41
11 47
11 58
11 35
11 54
11 42
11 45
11 51
11 34
11 61
11 48
11 46
11 49
11 55
12 55
12 56
12 52
12 57
12 54
12 48
12 53
13 12
13 23
13 19
13 27
13 16
13 26
13 28
13 15
13 18
13 17
13 11
15 39
15 37
15 40
16 49
16 57
16 48
16 46
16 42
16 50
16 40
16 47
16 58
16 41
16 51
16 56
16 45
16 52
17 49
17 60
17 48
17 50
17 55
17 57
18 4
18 5
19 37
19 21
19 33
19 27
19 43
19 36
19 29
19 35
19 23
19 30
19 44
19 28
19 31
19 40
19 22
20 35
20 26
20 28
20 36
20 39
20 33
20 38
20 41
20 19
20 34
22 55
22 54
22 56
22 51
22 57
22 52
23 58
23 60
27 54
27 53
28 53
28 43
28 47
28 54
29 55
29 57
29 60
30 48
30 52
30 56
30 50
30 38
30 40
30 39
30 54
30 51
30 42
30 57
30 47
31 5
32 44
32 40
32 46
32 43
32 45
32 47
33 56
33 54
33 53
34 19
34 14
34 17
34 9
34 20
34 15
34 10
34 18
34 13
34 21
35 49
35 32
35 30
35 34
35 23
35 42
35 37
35 14
35 13
35 26
35 21
35 45
35 19
35 40
35 44
35 22
35 28
35 16
35 24
35 17
35 18
35 27
35 33
35 38
35 29
36 14
36 21
36 12
36 16
36 20
36 15
36 10
37 49
37 45
38 3
39 30
39 55
39 46
39 32
39 59
39 54
39 42
39 48
39 60
39 58
39 36
39 50
39 63
39 41
39 62
39 57
39 35
39 49
39 61
40 52
40 44
40 39
40 35
40 30
40 59
40 38
40 31
40 54
40 56
40 33
40 37
40 47
40 53
40 28
40 26
40 48
40 50
40 34
40 46
40 43
40 45
41 8
41 6
42 32
42 33
42 30
42 36
42 31
42 23
42 44
42 27
42 35
42 28
42 25
42 38
42 34
42 41
42 47
42 21
42 40
43 8
43 9
43 13
43 6
43 5
45 32
46 38
46 44
46 40
46 34
46 51
46 45
46 37
46 43
46 41
46 32
46 35
46 50
46 49
46 39
47 43
47 49
47 54
47 51
47 44
47 56
47 55
47 50
47 60
47 53
47 45
47 61
47 62
47 63
48 37
48 12
48 30
48 22
48 5
48 45
48 51
48 43
48 33
48 17
48 14
48 42
48 25
48 40
48 26
48 16
48 44
48 21
48 19
48 39
48 57
48 41
48 13
48 24
48 35
48 15
48 3
48 52
48 10
48 29
48 31
48 55
48 8
48 54
49 63
50 32
50 35
50 29
50 30
50 38
50 33
50 42
50 46
50 37
50 36
50 31
52 31
52 41
52 14
52 20
52 34
52 18
52 16
52 21
52 40
52 24
52 17
52 19
52 23
52 39
53 8
53 7
53 9
54 36
54 33
54 34
54 40
54 39
54 32
54 35
55 24
55 20
56 34
56 33
57 24
57 20
57 40
57 23
57 25
57 11
57 27
57 30
57 35
57 28
57 33
57 31
57 26
57 37
57 10
58 36
58 37
58 35
59 23
59 39
59 47
59 52
59 45
59 58
59 33
59 56
59 38
59 32
59 21
59 46
59 44
59 54
59 19
59 37
59 17
59 49
59 40
59 43
59 42
59 24
60 37
62 20
62 19
63 27
63 38
63 33
63 21
63 32
63 36
63 22
63 23
63 34
63 40
63 20
63 30
63 31
1 13
1 32
1 22
1 29
1 16
1 14
1 28
1 24
1 11
2 20
2 23
2 18
2 22
2 21
3 30
3 24
3 12
3 28
3 17
3 23
3 5
3 19
3 10
3 31
3 9
3 27
3 16
3 8
3 11
3 22
3 1
3 13
3 7
4 31
4 32
4 33
4 39
4 41
4 37
4 40
4 42
5 36
5 33
5 30
5 34
5 32
5 29
6 46
6 12
6 28
6 18
6 21
6 14
6 33
6 25
6 27
6 37
6 19
7 41
7 43
7 45
7 47
7 40
7 39
8 18
9 7
9 6
10 55
10 58
10 59
10 60
10 52
10 50
10 53
10 57
11 56
12 35
12 37
12 29
12 28
12 38
12 26
12 42
12 44
12 39
12 34
12 41
12 31
12 40
13 30
13 33
13 34
13 20
13 8
13 32
13 9
13 24
14 18
14 12
14 17
14 21
14 11
14 19
15 19
15 12
15 13
15 11
15 14
15 8
15 9
16 54
16 55
16 53
17 45
17 38
17 19
17 36
17 23
17 40
17 39
17 34
17 26
17 32
17 33
17 41
17 28
17 35
17 42
17 46
18 25
18 30
18 22
18 29
18 24
18 27
18 28
19 14
20 7
20 6
20 4
21 45
21 49
21 42
21 39
21 50
21 47
21 46
21 44
21 52
22 59
22 50
22 48
22 53
22 49
23 44
23 43
24 53
24 51
24 54
24 52
25 62
26 15
26 14
26 22
26 6
26 16
26 8
26 3
26 20
26 25
26 21
26 17
27 40
27 33
27 26
27 22
27 44
27 21
27 36
27 38
27 46
27 13
27 45
27 24
27 32
27 10
27 48
27 9
27 31
27 29
27 19
27 23
29 36
29 41
29 37
29 40
29 35
29 21
29 33
29 39
29 38
30 1
31 49
31 48
31 45
31 38
31 30
31 29
31 39
31 41
31 42
31 35
31 33
31 28
31 43
32 29
32 21
32 28
32 25
32 17
32 16
32 24
32 42
33 23
33 27
33 26
33 29
33 28
33 25
34 16
34 25
34 28
34 27
34 32
34 8
34 33
34 24
34 22
34 3
34 23
34 5
34 31
34 1
34 12
34 29
35 55
35 56
35 60
35 59
36 59
36 57
37 42
37 46
37 43
37 39
37 44
37 40
38 55
38 54
38 52
38 51
38 56
38 48
39 22
39 29
39 37
39 20
39 45
39 43
39 44
39 25
39 52
39 38
39 33
39 19
39 17
39 27
39 14
39 34
39 23
39 26
40 51
41 2
41 18
41 4
41 27
41 15
41 9
41 11
41 5
41 37
41 13
41 28
41 10
41 12
41 24
41 25
41 7
43 7
43 12
45 15
45 11
45 12
46 42
46 53
49 41
50 44
51 46
51 49
52 43
52 42
52 51
52 48
52 54
52 36
52 46
52 44
53 49
53 58
53 56
53 51
53 52
54 60
55 25
55 44
55 26
55 38
55 45
55 39
55 36
55 35
55 29
55 37
55 30
55 28
55 43
55 33
55 40
55 19
56 52
57 21
57 22
58 55
58 53
59 50
59 51
59 57
60 63
61 17
61 25
61 21
61 23
61 29
61 24
61 22
61 30
63 35
63 26
63 39
63 29
63 28
1 36
1 34
2 17
2 6
2 10
2 13
2 16
2 11
3 55
3 59
3 49
3 50
3 58
4 44
5 20
5 19
6 17
7 21
7 16
7 15
7 18
11 36
11 33
11 37
11 39
12 30
12 33
12 27
12 36
13 29
13 45
13 47
13 10
13 49
13 53
13 36
13 41
13 48
13 35
13 52
13 44
13 40
13 39
13 31
13 22
13 54
13 21
14 43
14 41
14 37
14 42
14 44
14 45
15 22
15 10
15 20
15 17
17 30
17 29
17 43
17 44
17 61
17 31
18 11
18 6
18 7
18 13
18 8
18 14
18 12
19 34
19 32
20 61
21 37
21 40
22 17
22 18
22 21
22 14
24 30
24 23
24 41
24 39
24 31
24 35
24 26
24 27
24 28
24 46
24 44
24 40
24 43
24 34
25 39
25 38
26 13
26 11
27 14
28 44
28 42
28 51
30 13
30 20
30 27
30 12
30 22
30 11
30 19
31 15
31 17
31 13
31 19
32 10
32 13
32 9
32 2
32 14
32 4
32 5
32 12
32 7
33 40
33 48
33 44
33 38
33 43
33 39
33 37
33 36
33 49
33 52
33 47
34 7
36 41
36 39
37 60
38 9
38 6
40 36
42 51
42 45
42 60
42 58
42 53
42 50
42 49
42 57
42 46
42 61
43 32
43 36
44 58
44 62
44 59
45 57
45 54
45 58
45 60
45 49
45 50
45 56
46 6
46 4
46 7
47 38
47 40
47 42
47 39
48 58
48 62
48 59
49 29
49 30
49 31
50 22
50 21
50 23
50 19
50 20
51 22
51 24
51 19
51 27
51 26
51 25
52 47
52 45
53 28
53 22
53 33
53 32
53 35
53 26
53 34
53 25
54 41
54 46
54 37
54 49
54 47
54 42
54 38
54 44
54 56
54 58
54 43
55 49
55 48
55 47
56 53
56 51
56 49
56 44
56 48
56 55
58 57
58 47
58 46
58 39
58 50
58 40
58 49
58 44
58 43
60 53
60 56
60 52
60 48
60 58
60 54
60 51
60 50
60 55
61 60
62 42
62 41
63 54
63 52
63 56
63 57
63 53
63 58
63 55
1 50
1 48
1 44
1 55
1 37
1 41
1 18
1 21
1 31
1 27
1 26
1 33
1 39
1 38
1 45
1 52
1 40
1 59
1 58
1 56
1 49
1 53
2 8
2 9
4 22
4 16
4 26
4 18
5 26
5 11
5 28
5 12
5 13
5 18
5 31
5 25
5 16
5 15
6 47
6 50
6 62
6 58
8 49
8 41
8 42
8 51
8 44
8 52
8 47
8 43
8 46
8 38
8 37
8 48
9 23
9 13
9 15
9 26
9 16
9 14
9 24
9 8
9 18
9 21
10 17
10 20
10 18
10 21
10 28
10 31
10 24
12 9
13 62
15 21
16 23
16 33
16 22
17 47
19 53
19 55
19 52
19 49
19 50
20 47
20 49
20 50
21 19
21 25
21 28
21 24
21 30
21 20
25 40
25 37
25 36
25 41
25 43
25 44
26 60
26 59
27 41
27 39
27 35
27 37
27 43
28 55
29 24
29 25
30 43
30 46
30 41
30 44
31 10
31 23
31 11
31 24
31 18
31 20
31 9
31 25
31 12
31 8
32 57
32 59
32 50
32 55
32 61
32 54
32 51
32 56
33 17
33 15
35 15
36 26
36 28
36 22
36 24
36 38
36 29
36 23
36 34
37 27
37 53
37 28
37 57
37 23
37 31
37 19
37 21
37 54
37 52
37 33
37 24
37 47
37 34
37 25
37 35
37 18
37 26
37 36
38 50
38 32
38 36
38 47
38 30
38 33
38 49
38 45
39 56
40 55
40 57
41 53
41 44
41 52
41 46
41 51
41 50
41 47
42 14
43 41
45 22
45 27
45 26
45 19
45 33
45 9
45 40
45 44
45 43
45 35
45 31
45 34
45 18
45 29
45 16
45 24
45 23
45 37
46 54
46 48
46 52
46 57
46 55
47 8
47 9
47 11
47 16
48 32
49 54
50 28
50 41
50 34
50 43
51 21
51 20
51 23
51 14
53 15
53 17
53 19
53 6
53 24
53 2
53 4
53 13
53 18
53 14
53 20
53 21
53 1
53 5
53 16
55 60
55 59
56 12
56 8
56 6
56 4
56 5
58 34
58 33
58 41
58 42
60 29
60 13
60 22
60 16
60 21
60 20
60 33
60 23
60 31
60 34
60 15
60 32
60 26
60 40
60 17
60 19
60 14
62 57
62 56
62 60
62 61
63 43
1 30
1 12
1 10
1 43
2 19
3 42
3 40
3 39
4 43
4 45
4 29
4 36
4 30
4 35
4 50
4 48
4 46
7 46
7 44
7 49
7 51
7 53
7 58
7 57
7 48
8 53
8 55
8 56
8 50
9 49
12 10
13 50
13 51
14 29
14 30
15 58
15 55
15 59
17 10
17 13
17 16
17 15
17 11
18 15
18 16
18 17
19 41
19 38
19 25
19 39
20 30
20 32
20 24
20 37
20 40
23 54
23 57
23 59
24 61
24 58
24 57
24 59
24 55
25 48
25 52
25 45
25 42
25 49
25 53
25 55
25 51
26 52
27 7
27 15
28 5
28 4
28 8
28 15
28 7
28 12
28 13
28 10
28 6
29 31
29 32
31 63
32 15
32 18
32 8
33 51
33 42
33 50
33 41
36 6
37 30
38 34
38 44
38 31
38 35
38 29
38 37
38 40
40 4
40 5
41 48
41 45
41 49
42 37
42 39
43 37
43 42
43 47
43 50
43 51
43 38
43 39
44 23
44 22
46 16
46 18
46 21
46 20
46 26
46 22
46 27
46 23
46 15
48 38
48 47
48 36
49 38
50 15
50 9
50 16
50 10
50 11
51 56
52 8
52 13
52 11
52 12
52 5
52 10
53 12
54 12
54 7
54 9
54 14
54 10
55 57
55 53
55 54
55 52
56 46
56 40
56 45
56 41
56 42
57 36
57 34
57 19
57 39
57 32
58 15
58 14
58 12
59 28
59 35
61 50
61 55
61 57
61 56
61 54
61 51
62 27
62 13
62 36
62 23
62 37
63 42
63 45
63 50
63 37
63 47
63 49
1 5
1 3
1 9
1 6
1 4
2 26
2 14
2 12
2 15
2 28
5 43
7 61
7 62
7 59
8 17
8 14
8 12
11 57
11 52
14 46
14 57
14 53
14 48
14 52
14 54
14 51
15 31
15 29
15 18
16 37
16 38
16 36
16 25
16 35
16 34
18 33
18 39
18 34
20 60
20 62
20 63
21 12
21 10
21 8
21 7
21 11
22 15
23 63
24 62
25 57
25 54
25 50
25 56
25 47
25 46
26 61
26 58
27 58
27 59
27 42
27 60
27 55
27 51
27 57
28 32
28 36
28 35
28 38
28 33
28 39
28 34
28 41
28 40
28 30
30 63
30 61
31 21
32 1
32 6
32 11
33 35
35 31
35 25
35 11
36 17
36 13
36 9
38 46
39 28
40 58
41 32
42 10
42 13
42 9
42 7
44 8
44 11
44 17
44 18
44 7
44 16
44 10
44 29
47 41
47 46
48 50
49 42
50 63
50 47
50 54
50 53
50 59
50 62
50 56
50 58
50 60
50 48
50 40
51 33
51 18
51 30
51 17
51 28
51 29
51 31
52 50
52 49
54 30
55 27
56 16
56 7
56 15
56 10
56 14
56 17
57 6
57 7
58 16
58 19
58 17
58 18
62 49
62 46
62 50
62 48
62 44
62 43
62 52
62 54
63 4
63 2
63 3
63 5
1 61
1 60
1 51
