196 6522
1 2
2 3
3 4
4 5
5 6
6 7
7 8
8 9
9 10
10 11
11 12
12 13
13 14
14 15
15 16
16 17
17 18
18 19
19 20
20 21
21 22
22 23
23 24
24 25
25 26
26 27
27 28
28 29
29 30
30 31
31 32
32 33
33 34
34 35
35 36
36 37
37 38
38 39
39 40
40 41
41 42
42 43
43 44
44 45
45 46
46 47
47 48
48 49
49 50
50 51
51 52
52 53
53 54
54 55
55 56
56 57
57 58
58 59
59 60
60 61
61 62
62 63
63 64
64 65
65 66
66 67
67 68
68 69
69 70
70 71
71 72
72 73
73 74
74 75
75 76
76 77
77 78
78 79
79 80
80 81
81 82
82 83
83 84
84 85
85 86
86 87
87 88
88 89
89 90
90 91
91 92
92 93
93 94
94 95
95 96
96 97
97 98
98 99
99 100
100 101
101 102
102 103
103 104
104 105
105 106
106 107
107 108
108 109
109 110
110 111
111 112
112 113
113 114
114 115
115 116
116 117
117 118
118 119
119 120
120 121
121 122
122 123
123 124
124 125
125 126
126 127
127 128
128 129
129 130
130 131
131 132
132 133
133 134
134 135
135 136
136 137
137 138
138 139
139 140
140 141
141 142
142 143
143 144
144 145
145 146
146 147
147 148
148 149
149 150
150 151
151 152
152 153
153 154
154 155
155 156
156 157
157 158
158 159
159 160
160 161
161 162
162 163
163 164
164 165
165 166
166 167
167 168
168 169
169 170
170 171
171 172
172 173
173 174
174 175
175 176
176 177
177 178
178 179
179 180
180 181
181 182
182 183
183 184
184 185
185 186
186 187
187 188
188 189
189 190
190 191
191 192
192 193
193 194
194 195
195 196
196 1
1 170
1 125
1 176
1 152
1 132
1 174
1 126
1 135
1 128
1 175
1 154
1 184
1 177
1 186
1 179
1 181
1 151
1 140
1 190
1 130
1 134
1 155
1 192
1 180
1 143
1 127
1 182
1 137
1 148
1 131
1 188
1 149
1 164
1 169
1 178
1 166
1 147
1 141
1 163
1 136
1 139
1 129
1 145
1 150
2 117
2 115
2 103
2 112
2 114
2 116
2 107
2 110
2 106
2 109
2 98
2 97
2 100
2 113
3 37
3 39
3 17
3 49
3 26
3 30
3 18
3 29
3 40
3 69
3 51
3 47
3 67
3 34
3 63
3 66
3 46
3 16
3 61
3 22
3 64
3 50
3 45
3 19
3 52
3 53
3 33
3 44
3 43
3 15
3 28
3 25
3 65
3 54
3 57
5 48
5 46
5 51
5 54
5 55
5 53
5 56
6 84
6 85
6 115
6 108
6 124
6 104
6 99
6 95
6 123
6 125
6 105
6 106
6 93
6 96
6 107
6 81
6 100
6 118
6 92
6 111
6 114
6 94
6 119
6 86
6 126
6 98
6 110
6 109
6 113
7 56
7 59
7 53
7 31
7 42
7 45
7 41
7 32
7 55
7 58
7 47
7 57
7 48
7 49
7 39
7 40
7 52
7 54
7 44
8 125
8 122
8 126
8 124
8 123
8 120
9 62
9 105
9 92
9 54
9 52
9 69
9 82
9 61
9 85
9 74
9 107
9 78
9 98
9 95
9 55
9 96
9 64
9 72
9 68
9 71
9 90
9 73
9 67
9 83
9 48
9 97
9 100
9 58
9 101
9 108
9 51
9 86
9 106
9 87
9 60
9 103
9 94
9 53
9 65
9 84
9 102
9 88
10 48
10 46
10 75
10 42
10 65
10 55
10 51
10 70
10 40
10 50
10 60
10 58
10 78
10 57
10 59
10 47
10 79
10 64
10 62
10 43
10 72
10 67
10 61
10 73
10 80
11 152
11 153
11 166
11 151
11 157
11 160
11 163
11 155
11 169
11 164
11 154
11 161
12 102
12 121
12 95
12 122
12 110
12 81
12 88
12 91
12 84
12 90
12 85
12 119
12 101
12 80
12 97
12 87
12 105
12 115
12 86
12 94
12 83
12 118
12 109
12 99
12 106
12 107
13 25
13 22
13 19
13 4
13 12
13 8
13 5
13 3
13 21
13 7
13 10
13 26
13 18
13 16
13 24
13 23
13 17
14 154
14 152
14 155
14 157
14 146
14 158
14 153
14 151
14 150
14 148
14 147
15 96
15 170
15 53
15 87
15 122
15 164
15 156
15 103
15 152
15 41
15 182
15 62
15 180
15 120
15 123
15 175
15 117
15 172
15 125
15 130
15 127
15 104
15 50
15 143
15 114
15 118
15 162
15 135
15 177
15 137
15 116
15 26
15 72
15 77
15 39
15 35
15 112
15 166
15 102
15 106
15 29
15 80
15 48
15 97
15 195
15 51
15 169
15 84
15 58
15 121
15 98
15 158
15 192
15 189
15 85
15 150
15 67
15 65
15 138
15 32
15 124
15 90
15 187
15 69
15 149
15 33
15 31
15 43
15 115
15 142
15 73
15 66
15 146
15 140
15 153
15 141
15 178
15 82
15 128
15 60
15 111
15 144
15 134
15 42
15 83
15 52
15 145
15 190
15 110
15 148
15 89
15 160
15 49
15 54
15 185
15 155
15 161
15 94
15 24
15 100
15 34
15 129
15 88
15 95
15 186
15 75
16 178
16 177
16 175
16 163
16 162
16 174
16 168
16 169
16 179
16 170
16 171
16 180
17 82
17 130
17 101
17 115
17 126
17 97
17 152
17 102
17 111
17 146
17 137
17 142
17 131
17 144
17 148
17 106
17 127
17 129
17 96
17 108
17 120
17 139
17 112
17 154
17 83
17 149
17 145
17 122
17 86
17 99
17 119
17 107
17 95
17 118
17 98
17 100
17 113
17 116
17 141
17 117
17 90
17 80
17 85
17 88
18 62
18 61
19 39
19 38
19 35
19 34
19 37
20 79
20 107
20 59
20 114
20 56
20 97
20 108
20 70
20 83
20 140
20 104
20 93
20 73
20 81
20 103
20 101
20 139
20 112
20 67
20 77
20 62
20 100
20 122
20 119
20 128
20 92
20 76
20 80
20 120
20 137
20 110
20 60
20 71
20 91
20 109
20 121
20 102
20 64
20 68
20 86
20 127
20 78
20 63
20 57
20 84
20 136
20 94
20 118
20 135
20 132
20 124
21 43
21 46
21 52
21 44
21 49
23 126
23 128
23 131
23 124
23 125
23 123
23 127
23 121
23 129
24 177
24 180
24 181
24 175
24 182
24 170
24 178
24 171
25 31
25 49
25 78
25 40
25 28
25 104
25 72
25 30
25 13
25 87
25 85
25 19
25 47
25 93
25 66
25 81
25 76
25 92
25 102
25 17
25 106
25 22
25 56
25 94
25 83
25 86
25 27
25 103
25 90
25 64
25 35
25 32
25 60
25 63
25 51
25 38
25 67
25 89
25 100
25 43
25 16
25 18
25 79
25 36
25 65
25 14
25 95
25 45
25 48
25 54
25 84
25 91
25 21
25 61
25 52
25 62
25 53
26 154
26 153
26 151
26 152
26 158
26 157
27 192
28 116
28 77
28 89
28 59
28 52
28 70
28 30
28 42
28 23
28 20
28 72
28 62
28 65
28 35
28 92
28 57
28 74
28 101
28 111
28 94
28 56
28 87
28 18
28 25
28 102
28 112
28 38
28 76
28 32
28 55
28 96
28 71
28 82
28 33
28 81
28 51
28 115
28 47
28 113
28 105
28 99
28 69
28 73
28 64
28 67
28 90
28 58
28 109
28 104
28 108
28 107
28 39
28 98
28 24
28 103
28 46
28 88
28 54
28 95
28 84
28 78
28 44
28 19
28 50
29 139
31 46
31 91
31 22
31 84
31 64
31 85
31 41
31 51
31 97
31 100
31 109
31 30
31 107
31 50
31 106
31 28
31 89
31 82
31 40
31 54
31 26
31 27
31 101
31 55
31 105
31 67
31 20
31 17
31 34
31 73
31 78
31 76
31 83
31 57
31 48
31 70
31 53
31 38
31 102
31 74
31 47
31 52
31 66
31 24
31 37
31 98
31 96
31 93
31 59
31 33
31 29
31 19
31 61
31 62
31 35
31 81
31 36
31 63
31 88
31 95
31 56
32 87
32 83
32 107
32 105
32 99
32 119
32 78
32 90
32 74
32 96
32 111
32 82
32 109
32 113
32 110
32 115
32 89
32 92
32 84
32 91
32 79
32 106
32 98
32 85
32 104
32 101
32 94
32 97
32 118
33 185
33 184
33 181
34 153
34 182
34 166
34 151
34 187
34 150
34 161
34 148
34 155
34 178
34 159
34 152
34 173
34 181
34 162
34 167
34 177
34 183
34 156
34 154
34 175
34 188
34 185
34 169
34 179
34 149
34 171
34 158
34 172
35 147
35 152
35 189
35 172
35 182
35 161
35 148
35 176
35 133
35 170
35 167
35 158
35 162
35 174
35 156
35 151
35 177
35 178
35 190
35 134
35 141
35 188
35 165
35 135
35 157
35 160
35 171
35 184
35 144
35 180
35 153
35 169
35 185
35 168
35 154
35 173
35 140
35 187
35 145
36 93
36 92
37 158
37 161
37 153
37 156
37 154
37 157
37 159
38 96
38 98
38 101
38 95
38 100
38 103
38 93
38 104
38 102
38 99
40 67
40 65
41 24
41 31
41 25
41 28
41 27
41 19
41 21
41 26
41 18
41 23
41 30
41 39
41 33
41 22
41 37
41 34
42 174
42 168
42 180
42 178
42 162
42 167
42 176
42 175
42 169
42 165
42 181
42 177
43 195
43 196
45 19
45 21
45 23
46 5
46 11
46 8
46 2
46 1
46 6
47 102
47 107
47 97
47 101
47 111
47 93
47 103
47 105
47 99
47 98
47 108
47 96
49 127
49 129
49 128
50 151
50 159
50 157
50 153
50 152
50 154
50 150
50 158
51 56
52 61
52 59
52 62
52 58
52 54
53 116
53 121
53 117
53 125
53 122
53 119
53 115
53 118
54 195
54 190
54 102
54 173
54 152
54 118
54 134
54 162
54 193
54 129
54 135
54 185
54 160
54 143
54 174
54 137
54 146
54 108
54 131
54 96
54 117
54 103
54 116
54 178
54 141
54 181
54 142
54 99
54 104
54 106
54 127
54 115
54 120
54 125
54 188
54 177
54 175
54 126
54 187
54 171
54 189
54 95
54 165
54 98
54 159
54 100
54 192
54 148
54 121
54 133
54 194
54 119
54 128
54 156
54 186
54 112
54 157
54 136
54 184
54 138
54 110
54 105
54 139
55 176
55 154
55 135
55 171
55 164
55 183
55 168
55 157
55 182
55 138
55 141
55 116
55 161
55 148
55 147
55 118
55 140
55 109
55 167
55 139
55 146
55 151
55 156
55 129
55 113
55 125
55 127
55 163
55 170
55 122
55 128
55 130
55 155
55 177
55 169
55 180
55 117
55 111
55 178
55 172
55 142
55 134
55 145
56 151
56 181
56 153
56 188
56 160
56 154
56 146
56 183
56 149
56 144
56 165
56 186
56 180
56 161
56 143
56 157
56 138
56 189
56 155
56 179
56 169
56 187
56 145
56 137
56 139
56 163
56 168
56 164
56 190
56 140
56 177
56 159
56 171
56 175
56 173
57 79
57 85
57 81
57 113
57 88
57 105
57 82
57 84
57 104
57 115
57 112
57 103
57 86
57 75
57 90
57 107
57 116
57 118
57 114
57 87
57 117
57 93
57 80
57 106
57 89
57 109
57 95
57 108
57 97
57 78
58 182
58 166
58 162
58 145
58 165
58 155
58 187
58 168
58 180
58 170
58 186
58 157
58 167
58 153
58 156
58 149
58 152
58 144
58 181
58 148
58 143
58 174
58 172
58 159
58 147
58 163
58 160
58 185
58 171
58 183
58 151
59 161
59 182
59 132
59 164
59 126
59 140
59 147
59 157
59 134
59 151
59 180
59 133
59 130
59 156
59 162
59 119
59 179
59 120
59 177
59 138
59 183
59 145
59 178
59 168
59 175
59 143
59 135
59 123
59 165
59 160
59 149
59 137
59 127
59 155
59 122
59 124
59 169
59 173
59 174
59 171
59 163
59 181
59 136
60 68
60 67
60 72
60 69
60 71
61 166
61 157
61 154
61 156
61 161
61 158
61 153
61 165
61 171
61 160
61 169
61 152
61 164
62 83
62 88
62 99
62 82
62 92
62 85
62 100
62 84
62 93
62 96
62 90
62 87
62 86
63 8
63 9
63 12
63 7
63 11
64 34
64 73
64 41
64 53
64 70
64 66
64 68
64 76
64 37
64 45
64 58
64 48
64 33
64 61
64 32
64 63
64 69
64 49
64 40
64 39
64 38
64 36
64 71
64 44
64 62
64 52
64 72
64 50
64 29
64 30
64 55
65 127
65 184
65 118
65 152
65 155
65 174
65 146
65 137
65 110
65 135
65 177
65 113
65 134
65 129
65 138
65 159
65 114
65 132
65 117
65 107
65 125
65 164
65 149
65 178
65 139
65 119
65 167
65 160
65 104
65 182
65 147
65 165
65 170
65 175
65 126
65 148
65 133
65 158
65 108
65 143
65 120
65 130
65 163
65 121
65 162
65 172
65 109
65 112
65 171
65 161
65 124
65 140
65 168
65 183
66 162
66 158
66 154
66 156
66 160
66 152
66 153
66 155
66 164
66 151
67 103
67 127
67 60
67 52
67 43
67 133
67 74
67 90
67 46
67 66
67 122
67 106
67 119
67 112
67 56
67 73
67 97
67 144
67 99
67 124
67 116
67 89
67 54
67 84
67 141
67 87
67 88
67 102
67 96
67 145
67 81
67 59
67 86
67 138
67 139
67 50
67 40
67 128
67 38
67 135
67 109
67 83
67 92
67 44
67 104
67 80
67 121
67 57
67 42
67 126
67 82
67 47
67 132
67 75
67 115
67 65
67 72
67 142
67 39
67 45
67 71
67 94
67 93
67 110
67 140
67 98
67 123
67 117
68 32
69 114
69 109
69 113
69 112
69 117
69 122
69 119
69 120
69 121
69 110
69 108
70 102
70 115
70 107
70 112
70 109
70 104
70 105
70 114
70 111
70 117
70 118
70 108
71 192
71 189
71 191
72 166
72 171
72 177
72 172
72 173
72 165
72 170
72 169
72 176
72 167
72 175
72 168
73 19
73 32
73 54
73 14
73 16
73 10
73 39
73 13
73 12
73 49
73 18
73 28
73 25
73 43
73 6
73 4
73 53
73 47
73 38
73 35
73 33
73 22
73 42
73 31
73 5
73 17
73 23
73 27
73 34
73 26
73 7
73 24
73 46
73 48
73 8
73 50
74 148
74 143
74 104
74 101
74 112
74 131
74 95
74 136
74 125
74 118
74 139
74 96
74 119
74 142
74 141
74 122
74 121
74 103
74 124
74 130
74 126
74 128
74 144
74 140
74 129
74 108
74 137
74 116
74 94
74 105
74 132
74 146
74 145
74 147
74 99
74 109
74 100
75 70
75 68
75 66
75 71
76 75
78 132
78 133
78 135
79 125
79 161
79 131
79 175
79 110
79 103
79 107
79 127
79 153
79 102
79 130
79 121
79 135
79 176
79 172
79 106
79 132
79 113
79 137
79 143
79 124
79 149
79 155
79 152
79 145
79 128
79 150
79 169
79 119
79 129
79 114
79 147
79 117
79 167
79 122
79 163
79 171
79 118
79 111
79 126
79 174
79 159
79 157
80 192
80 194
81 47
81 106
81 41
81 107
81 84
81 109
81 75
81 115
81 116
81 74
81 44
81 95
81 71
81 36
81 93
81 58
81 79
81 35
81 72
81 94
81 57
81 45
81 97
81 110
81 61
81 89
81 86
81 100
81 63
81 37
81 50
81 99
81 103
81 46
81 91
81 48
81 80
81 102
81 42
81 67
81 96
81 66
81 101
81 88
81 54
81 34
81 113
81 83
81 108
81 68
81 70
81 90
81 122
81 114
81 104
81 55
81 69
81 65
81 126
81 60
81 112
81 64
81 38
81 73
81 125
82 44
82 60
82 30
82 31
82 42
82 63
82 48
82 32
82 29
82 65
82 68
82 40
82 58
82 34
82 43
82 51
82 45
82 46
82 67
82 54
82 55
82 62
82 38
82 37
82 64
82 53
82 56
82 69
83 45
83 62
83 35
83 54
83 57
83 39
83 61
83 29
83 44
83 31
83 59
83 56
83 46
83 41
83 49
83 42
83 53
83 60
83 40
83 33
83 58
83 48
84 89
84 94
84 88
84 97
84 86
84 103
84 93
84 90
84 92
84 81
84 82
85 98
85 105
85 97
85 96
85 100
85 89
85 92
85 102
85 91
85 106
85 109
85 99
85 107
86 122
86 105
86 109
86 120
86 112
86 121
86 113
86 107
86 103
86 116
86 106
87 170
87 178
87 172
87 180
87 181
87 171
87 175
87 187
87 173
87 174
87 188
87 189
87 190
87 183
88 105
88 87
88 75
88 139
88 126
88 106
88 121
88 114
88 141
88 113
88 93
88 103
88 90
88 117
88 120
88 74
88 79
88 142
88 127
88 86
88 140
88 133
88 108
88 115
88 112
88 143
88 91
88 78
88 137
88 134
88 136
88 111
88 73
88 77
88 118
88 122
88 132
88 80
88 85
88 123
88 76
88 130
89 171
89 154
89 164
89 152
89 151
89 169
89 157
89 158
89 172
89 162
89 174
89 180
89 175
89 170
89 155
89 178
89 179
89 159
89 167
89 163
89 181
90 181
90 173
90 165
90 175
90 166
90 178
90 172
90 183
90 170
90 185
90 177
90 174
90 186
90 180
90 182
91 180
91 179
91 187
91 182
91 186
91 174
91 191
91 184
91 190
91 178
91 185
91 192
91 175
92 142
92 145
92 144
92 147
93 89
93 86
93 62
93 68
93 63
93 66
93 64
93 74
93 88
93 72
93 84
93 81
93 85
93 83
93 67
93 76
93 65
93 90
93 73
94 171
94 175
94 182
94 174
94 180
94 172
94 181
94 183
94 184
95 183
95 186
96 195
97 173
97 167
97 168
97 169
97 171
99 115
99 65
99 85
99 64
99 86
99 90
99 53
99 91
99 101
99 49
99 112
99 66
99 76
99 50
99 42
99 87
99 118
99 78
99 46
99 61
99 75
99 97
99 38
99 95
99 45
99 94
99 41
99 70
99 54
99 80
99 47
99 36
99 71
99 63
99 110
99 79
99 58
99 39
99 37
99 104
99 73
99 108
99 40
99 59
99 69
99 109
99 117
99 123
99 51
99 83
99 113
100 190
100 194
100 189
100 192
101 177
101 173
101 170
101 167
101 175
101 171
101 178
101 184
101 172
101 181
101 185
101 180
101 179
101 182
102 155
102 154
102 153
103 58
103 63
103 68
103 62
103 57
103 56
103 65
103 66
103 64
104 113
104 111
104 125
104 106
104 108
104 99
104 115
104 116
104 93
104 98
104 102
104 94
104 129
104 123
104 126
104 114
104 107
104 117
104 124
105 96
105 97
105 111
105 108
105 81
105 87
105 113
105 93
105 91
105 99
105 82
105 104
105 83
105 112
105 90
105 103
105 98
105 109
105 85
106 177
106 165
106 83
106 73
106 171
106 114
106 96
106 143
106 144
106 82
106 105
106 167
106 67
106 109
106 65
106 122
106 79
106 139
106 182
106 68
106 176
106 138
106 126
106 164
106 145
106 84
106 151
106 80
106 146
106 71
106 130
106 76
106 184
106 162
106 173
106 115
106 99
106 168
106 98
106 180
106 149
106 108
106 132
106 174
106 93
106 150
106 85
106 183
106 116
106 72
106 157
106 153
106 78
106 89
106 103
106 86
106 102
106 160
106 158
106 140
106 111
106 87
106 133
106 120
106 75
106 159
106 97
106 81
106 142
106 112
106 137
106 117
107 175
107 183
107 181
107 184
107 182
107 191
107 187
107 190
107 194
107 174
107 188
107 178
108 194
108 193
109 105
109 121
109 153
109 127
109 140
109 147
109 129
109 160
109 162
109 142
109 134
109 144
109 175
109 163
109 158
109 124
109 151
109 170
109 164
109 116
109 145
109 115
109 104
109 120
109 168
109 148
109 157
109 150
109 108
109 141
109 156
109 138
109 177
109 128
109 167
109 102
109 174
109 130
109 126
109 172
109 176
109 159
109 97
109 119
109 131
109 173
109 133
109 107
109 171
109 117
109 103
110 9
110 11
110 14
110 10
110 8
110 16
110 15
110 17
111 151
111 146
111 141
111 140
111 139
111 145
111 136
111 147
111 125
111 131
111 132
111 143
111 135
111 152
111 148
111 137
111 130
111 129
111 126
111 128
112 103
112 106
112 98
112 92
112 105
112 139
112 130
112 119
112 132
112 108
112 94
112 91
112 104
112 109
112 101
112 140
112 89
112 114
112 115
112 96
112 142
112 133
112 93
112 117
112 118
112 127
112 129
112 128
112 111
112 134
112 88
112 95
112 141
112 102
112 137
112 107
113 19
113 12
113 29
113 14
113 15
113 22
113 13
113 34
113 21
113 25
113 24
113 11
113 17
113 18
113 33
114 184
114 171
114 189
114 191
114 178
114 190
114 177
114 173
114 168
114 175
114 183
114 176
114 167
114 164
114 172
114 185
114 166
114 165
114 170
114 179
115 138
115 153
115 169
115 179
115 141
115 155
115 150
115 128
115 148
115 145
115 149
115 152
115 143
115 166
115 154
115 177
115 165
115 130
115 172
115 144
115 136
115 170
115 135
115 140
115 129
115 139
115 131
115 161
115 164
115 133
115 142
115 156
115 181
115 184
116 10
116 15
116 11
117 52
117 84
117 86
117 56
117 51
117 62
117 60
117 82
117 69
117 77
117 91
117 61
117 76
117 83
117 71
117 54
117 72
117 95
117 53
117 50
117 55
117 64
117 81
117 74
117 66
117 92
117 80
117 75
117 57
117 68
117 79
117 89
117 70
118 187
118 152
118 170
118 178
118 155
118 186
118 164
118 165
118 181
118 167
118 188
118 168
118 159
118 157
118 179
118 184
118 156
118 151
118 177
118 176
118 172
118 154
118 161
118 158
119 107
119 139
119 137
119 138
119 97
119 95
119 118
119 104
119 127
119 109
119 126
119 136
119 117
119 99
119 124
119 122
119 100
119 133
119 130
119 111
119 101
119 134
119 113
119 114
119 141
119 115
119 98
120 190
120 192
120 193
121 75
121 90
121 91
121 65
121 69
121 74
121 82
121 67
121 93
121 79
121 70
121 84
121 92
121 71
121 87
121 68
121 78
121 80
121 81
122 168
122 161
122 159
122 158
122 163
122 152
122 164
122 157
122 149
122 170
122 156
123 60
123 54
123 59
123 53
123 57
124 95
124 96
124 98
124 91
125 174
125 176
125 175
126 195
126 196
127 133
127 132
127 125
127 136
127 126
127 149
127 111
127 131
127 101
127 137
127 118
127 147
127 123
127 121
127 153
127 105
127 112
127 140
127 152
127 102
127 104
127 122
127 124
127 120
127 109
127 146
127 110
127 100
127 114
127 116
127 115
127 130
127 151
127 144
127 150
127 138
127 141
128 165
128 158
128 140
128 181
128 179
128 176
128 152
128 161
128 173
128 148
128 154
128 138
128 144
128 169
128 149
128 177
128 136
128 155
128 171
128 143
128 137
128 174
128 166
128 175
128 146
128 157
128 159
128 142
128 139
128 182
128 162
128 163
129 164
129 165
129 163
129 161
130 60
130 93
130 75
130 66
130 74
130 95
130 87
130 67
130 90
130 62
130 96
130 98
130 72
130 70
130 59
130 88
130 71
130 61
130 94
130 92
130 64
130 99
130 82
130 69
130 84
130 77
130 85
130 89
131 56
131 57
131 69
131 80
131 60
131 74
131 62
131 77
131 63
131 70
131 72
131 64
131 76
131 55
131 66
131 65
131 84
131 61
131 91
131 67
131 90
132 191
132 190
132 189
133 86
133 103
133 110
133 82
133 85
133 97
133 91
133 108
133 102
133 105
133 94
133 89
133 101
133 88
133 93
133 96
133 90
134 125
134 102
134 111
134 108
134 97
134 167
134 133
134 146
134 98
134 124
134 114
134 142
134 168
134 143
134 159
134 161
134 131
134 149
134 127
134 121
134 107
134 151
134 122
134 140
134 137
134 158
134 145
134 119
134 99
134 169
134 148
134 130
134 138
134 132
134 112
134 147
134 117
134 128
134 155
134 139
134 115
135 126
135 119
135 141
135 84
135 96
135 105
135 57
135 92
135 151
135 66
135 71
135 86
135 143
135 170
135 134
135 106
135 65
135 75
135 155
135 77
135 91
135 52
135 178
135 163
135 97
135 54
135 125
135 164
135 108
135 62
135 110
135 144
135 56
135 156
135 120
135 146
135 185
135 124
135 160
135 93
135 133
135 90
135 157
135 184
135 51
135 88
135 153
135 168
135 114
135 70
135 82
135 152
135 121
135 176
135 117
135 158
135 69
135 190
135 58
135 115
135 109
135 79
135 162
135 183
135 167
135 53
135 145
135 149
135 94
135 172
135 74
135 64
135 132
135 169
135 131
135 175
135 128
135 102
135 142
135 76
135 122
135 118
135 99
135 180
135 147
135 161
135 191
135 87
135 112
136 133
136 135
136 134
136 113
136 114
136 106
136 120
136 109
136 116
136 122
136 131
136 126
136 104
136 105
136 123
136 110
136 102
136 101
136 98
136 125
136 121
136 130
136 108
137 144
137 145
138 97
138 100
138 92
138 95
138 94
138 101
138 93
138 96
139 104
139 98
139 97
139 103
139 105
139 108
139 102
139 100
139 101
140 184
140 175
140 172
140 191
140 178
140 193
140 186
140 187
140 190
140 181
140 185
140 176
140 177
140 189
140 188
141 20
141 34
141 48
141 54
141 58
141 25
141 84
141 102
141 50
141 40
141 65
141 90
141 103
141 39
141 30
141 22
141 27
141 82
141 92
141 96
141 43
141 83
141 91
141 99
141 28
141 32
141 76
141 37
141 64
141 46
141 49
141 98
141 56
141 94
141 80
141 36
141 51
141 24
141 75
141 88
141 26
141 55
141 21
141 87
141 41
141 66
141 33
141 97
141 89
141 62
141 105
141 38
141 101
141 74
141 73
142 163
142 162
143 41
143 36
143 38
143 39
143 42
143 43
144 45
144 69
144 55
144 87
144 73
144 92
144 78
144 90
144 46
144 65
144 91
144 44
144 67
144 76
144 80
144 53
144 43
144 56
144 54
144 79
144 49
144 63
144 68
144 72
144 62
144 82
144 71
144 70
144 84
144 74
145 190
145 186
145 189
145 187
145 181
145 191
146 63
146 87
146 99
146 90
146 112
146 81
146 118
146 116
146 83
146 95
146 102
146 110
146 121
146 104
146 103
146 114
146 79
146 75
146 62
146 88
146 106
146 73
146 68
146 105
146 117
146 66
146 77
146 78
146 65
146 100
146 74
146 72
146 64
146 71
146 120
147 194
147 193
147 189
147 190
147 192
148 42
148 36
148 60
148 33
148 55
148 46
148 31
148 37
148 32
148 34
148 43
148 50
148 48
148 27
148 61
148 35
148 30
148 51
148 39
148 44
148 65
148 47
148 57
148 56
148 53
148 40
148 68
148 70
149 38
150 184
150 189
150 187
150 179
150 161
150 165
150 174
150 168
150 181
150 164
150 182
150 163
150 170
150 183
150 167
150 188
150 178
151 98
151 102
151 83
151 87
151 114
151 115
151 84
151 120
151 127
151 109
151 89
151 105
151 112
151 113
151 122
151 106
151 85
151 123
151 92
151 91
151 78
151 88
151 75
151 94
151 125
151 95
151 76
151 128
151 121
151 93
151 72
151 74
151 81
151 119
151 104
151 117
151 90
152 147
152 115
152 174
152 139
152 135
152 121
152 142
152 104
152 168
152 119
152 169
152 170
152 143
152 111
152 148
152 162
152 136
152 149
152 102
152 161
152 124
152 107
152 145
152 108
152 114
152 154
152 176
152 134
152 164
152 105
152 112
152 177
152 167
152 138
152 125
152 150
152 113
152 173
152 140
152 151
152 163
152 130
152 101
152 156
152 171
152 127
152 122
152 109
152 155
152 103
153 158
153 149
153 187
153 155
153 146
153 180
153 186
153 157
153 172
153 173
153 147
153 178
153 181
153 151
153 170
153 182
153 168
153 184
153 165
153 171
153 179
153 177
153 175
153 174
153 150
154 166
154 152
154 176
154 165
154 173
154 156
154 179
154 182
154 151
154 180
154 170
154 169
154 163
154 177
154 171
154 161
154 162
154 175
154 157
155 181
155 173
155 176
155 172
155 170
155 174
155 171
155 178
155 166
156 105
156 112
156 133
156 126
156 89
156 81
156 93
156 98
156 121
156 128
156 85
156 132
156 106
156 110
156 99
156 88
156 94
156 107
156 79
156 123
156 80
156 109
156 111
156 95
156 129
156 77
156 97
156 131
156 100
156 130
156 103
156 115
156 102
156 108
156 114
156 125
156 134
157 85
157 79
157 72
157 78
157 74
157 101
157 68
157 88
157 71
157 63
157 97
157 106
157 98
157 102
157 99
157 91
157 104
157 82
157 81
157 96
157 80
157 94
157 86
157 95
157 75
157 70
157 105
157 87
157 77
158 131
158 142
158 162
158 121
158 152
158 168
158 163
158 144
158 135
158 160
158 153
158 129
158 133
158 124
158 139
158 125
158 148
158 166
158 147
158 156
158 149
158 122
158 127
158 128
159 101
159 89
159 98
159 88
159 70
159 92
159 83
159 99
159 77
159 79
159 86
159 76
159 100
159 96
159 69
159 97
159 85
159 72
159 71
159 82
159 87
160 187
160 192
160 188
160 189
161 128
161 118
161 144
161 80
161 159
161 109
161 120
161 154
161 91
161 137
161 156
161 76
161 125
161 82
161 75
161 160
161 107
161 152
161 115
161 145
161 123
161 102
161 135
161 130
161 95
161 87
161 163
161 92
161 151
161 147
161 129
161 96
161 94
161 138
161 113
161 101
161 127
161 119
161 77
161 117
161 132
161 112
161 121
161 81
161 73
161 140
161 126
161 83
161 116
161 106
161 110
161 84
162 193
162 194
164 166
165 32
165 34
165 28
165 29
165 37
165 38
165 35
165 25
165 22
165 26
165 30
165 24
165 17
165 31
165 27
165 20
166 140
166 157
166 149
166 150
166 152
166 145
166 139
166 134
166 135
166 138
166 151
166 148
166 153
167 180
167 177
167 178
167 181
168 183
168 182
168 176
168 178
168 186
168 180
168 188
168 189
168 179
168 184
168 177
169 130
169 77
169 51
169 114
169 101
169 82
169 131
169 65
169 118
169 75
169 105
169 30
169 22
169 120
169 72
169 110
169 23
169 40
169 104
169 39
169 111
169 41
169 76
169 55
169 126
169 56
169 32
169 107
169 128
169 93
169 49
169 25
169 36
169 59
169 99
169 31
169 53
169 64
169 85
169 125
169 124
169 38
169 83
169 33
169 87
169 96
169 67
169 95
169 84
169 74
169 80
169 50
169 47
169 62
169 112
169 108
169 122
169 45
169 109
169 43
169 79
169 46
169 24
169 26
169 81
169 54
169 18
169 60
169 63
169 73
169 103
169 116
169 97
169 48
169 37
169 57
169 68
170 88
170 90
170 115
170 107
170 119
170 101
170 109
170 111
170 97
170 102
170 96
170 98
170 128
170 106
170 113
170 131
170 133
170 117
170 105
170 99
170 114
170 120
170 86
170 118
170 100
170 94
170 132
170 122
170 129
171 188
171 182
171 196
171 193
171 183
171 195
171 181
171 189
171 192
171 190
172 39
172 49
172 40
172 41
172 46
172 44
172 47
172 52
172 43
172 51
173 100
173 107
173 94
173 92
173 83
173 76
173 102
173 85
173 81
173 67
173 109
173 108
173 91
173 77
173 93
173 88
173 79
173 84
173 101
173 98
173 86
173 97
173 95
173 78
173 72
173 82
173 74
173 73
173 106
173 71
173 80
174 142
174 147
174 143
174 67
174 119
174 150
174 127
174 47
174 71
174 80
174 112
174 63
174 122
174 126
174 79
174 88
174 121
174 135
174 74
174 53
174 138
174 148
174 136
174 115
174 123
174 85
174 97
174 111
174 73
174 87
174 59
174 92
174 61
174 134
174 133
174 113
174 66
174 65
174 105
174 132
174 117
174 128
174 146
174 107
174 149
174 84
174 51
174 98
174 101
174 55
174 95
174 81
174 91
174 77
174 109
174 78
174 120
174 103
174 118
174 49
174 125
175 184
175 191
175 124
175 150
175 169
175 126
175 177
175 118
175 123
175 131
175 189
175 143
175 170
175 187
175 116
175 141
175 171
175 159
175 129
175 133
175 172
175 138
175 168
175 134
175 139
175 166
175 156
175 179
175 132
175 155
175 178
175 183
175 128
175 164
175 162
175 145
175 190
175 146
175 136
175 130
175 173
175 163
175 144
175 158
175 157
175 174
175 181
175 151
175 142
177 83
177 126
177 137
177 138
177 127
177 103
177 122
177 113
177 120
177 131
177 109
177 104
177 136
177 89
177 98
177 102
177 79
177 78
177 108
177 116
177 132
177 139
177 144
177 133
177 142
177 93
177 100
177 94
177 141
177 140
177 97
177 129
177 121
177 81
177 101
177 124
177 84
177 123
177 87
177 85
177 118
177 143
177 77
177 119
178 160
178 162
178 165
178 158
178 156
178 161
179 58
179 52
179 53
179 54
179 50
179 56
179 55
179 61
180 55
180 112
180 62
180 149
180 94
180 161
180 164
180 34
180 166
180 73
180 37
180 87
180 151
180 46
180 64
180 78
180 67
180 100
180 72
180 140
180 39
180 174
180 29
180 90
180 120
180 45
180 124
180 88
180 116
180 121
180 76
180 157
180 50
180 51
180 145
180 175
180 42
180 133
180 33
180 89
180 86
180 31
180 85
180 47
180 69
180 61
180 169
180 153
180 105
180 28
180 113
180 114
180 108
180 176
180 152
180 132
180 48
180 92
180 136
180 84
180 154
180 130
180 168
180 173
180 159
180 131
180 68
180 103
180 109
180 117
180 36
180 40
180 129
180 82
180 32
180 165
180 97
180 56
180 125
180 106
180 142
180 38
180 65
180 43
180 63
180 171
180 91
180 172
180 60
180 163
180 104
180 119
180 118
180 135
180 44
180 79
180 54
181 118
181 92
181 123
181 127
181 119
181 102
181 105
181 100
181 95
181 108
181 124
181 131
181 101
181 122
181 88
181 94
181 115
181 83
181 104
181 112
181 128
181 114
181 111
181 116
181 85
181 120
181 113
181 109
181 86
181 84
181 82
181 126
181 75
181 130
181 81
181 121
181 76
182 124
182 114
182 149
182 128
182 131
182 121
182 115
182 123
182 152
182 117
182 132
182 119
182 147
182 150
182 113
182 126
182 140
182 133
182 151
182 136
182 122
182 139
182 127
182 143
182 142
182 138
182 137
183 84
183 68
183 65
183 83
183 73
183 111
183 64
183 82
183 74
183 101
183 99
183 85
183 105
183 80
183 95
183 113
183 98
183 94
183 107
183 90
183 103
183 70
183 79
183 104
183 75
183 87
183 92
183 69
183 106
183 78
184 156
185 105
185 149
185 94
185 99
185 153
185 109
185 154
185 113
185 152
185 103
185 106
185 117
185 137
185 150
185 123
185 143
185 161
185 89
185 146
185 110
185 126
185 102
185 124
185 155
185 136
185 92
185 93
185 134
185 142
185 138
185 158
185 160
185 100
185 98
185 141
185 159
185 111
185 96
185 95
185 148
185 140
185 116
185 91
185 133
185 145
185 135
186 11
186 13
186 23
186 30
186 9
186 35
186 19
186 14
186 15
186 18
186 6
186 12
186 29
186 31
186 1
186 33
186 2
186 7
186 16
186 17
186 22
186 27
186 26
186 8
186 3
187 195
188 154
188 122
188 132
188 130
188 137
188 101
188 144
188 123
188 121
188 111
188 89
188 99
188 94
188 115
188 134
188 133
188 151
188 90
188 147
188 109
188 96
188 149
188 104
188 92
188 142
188 103
188 116
188 102
188 152
188 98
188 141
188 119
188 95
188 139
188 118
188 120
188 91
188 112
188 136
188 140
188 125
188 129
189 66
189 71
189 67
189 70
190 97
190 116
190 96
190 114
190 127
190 111
190 115
190 101
190 95
190 123
190 110
190 107
190 103
190 104
190 118
190 124
190 98
190 122
190 113
190 102
190 105
190 128
191 85
191 87
191 133
191 144
191 69
191 56
191 64
191 90
191 115
191 99
191 161
191 122
191 57
191 145
191 96
191 82
191 66
191 74
191 52
191 51
191 110
191 160
191 79
191 46
191 91
191 53
191 138
191 71
191 149
191 65
191 109
191 60
191 135
191 83
191 121
191 98
191 48
191 107
191 120
191 54
191 49
191 104
191 43
191 70
191 146
191 55
191 92
191 126
191 154
191 89
191 81
191 68
191 158
191 58
191 62
191 102
191 130
191 84
191 117
191 80
191 139
191 67
191 134
191 127
191 129
191 101
191 100
191 132
191 163
191 105
191 113
191 148
191 112
191 147
191 94
191 131
191 141
191 78
192 90
192 87
192 106
192 113
192 68
192 82
192 97
192 109
192 102
192 123
192 76
192 127
192 55
192 74
192 65
192 95
192 124
192 63
192 75
192 71
192 101
192 92
192 103
192 125
192 98
192 121
192 84
192 128
192 111
192 120
192 81
192 89
192 129
192 130
192 91
192 85
192 122
192 69
192 86
192 62
192 60
192 67
192 100
192 110
192 73
192 58
192 54
192 70
193 148
193 155
193 149
193 153
193 152
193 151
193 150
194 70
194 71
194 73
194 75
194 69
194 68
194 72
194 76
194 77
195 176
195 172
195 175
195 173
195 174
196 80
196 76
196 85
196 54
196 95
196 92
196 58
196 68
196 91
196 60
196 51
196 72
196 73
196 96
196 89
196 55
196 79
196 65
196 81
196 93
196 61
196 87
196 77
196 78
196 84
196 62
196 74
196 57
196 53
1 108
1 160
1 146
1 144
1 112
1 123
1 113
1 171
1 124
1 105
1 156
1 158
1 161
1 162
1 153
1 120
1 109
1 110
1 111
1 165
2 95
2 86
2 91
2 93
2 96
2 99
2 94
2 85
2 83
2 84
2 82
2 81
3 107
3 38
3 120
3 87
3 89
3 95
3 106
3 84
3 99
3 62
3 126
3 94
3 81
3 101
3 117
3 78
3 42
3 85
3 36
3 83
3 74
3 110
3 113
3 103
3 76
3 116
3 118
3 93
3 79
3 88
3 114
3 111
3 56
3 108
3 35
3 75
3 73
3 71
3 122
3 58
3 121
3 123
3 72
3 98
3 112
4 155
4 154
4 159
4 157
4 156
4 152
5 47
5 131
5 121
5 128
5 108
5 76
5 64
5 102
5 52
5 83
5 86
5 116
5 73
5 49
5 136
5 133
5 104
5 140
5 80
5 61
5 90
5 39
5 66
5 126
5 99
5 98
5 124
5 93
5 84
5 125
5 113
5 101
5 110
5 59
5 92
5 89
5 36
5 62
5 45
5 138
5 57
5 91
5 134
5 43
5 129
5 74
5 109
5 82
5 85
5 97
5 123
5 107
5 42
5 95
5 103
5 41
5 118
5 79
5 67
5 77
5 87
5 139
6 82
6 91
6 80
6 78
6 90
6 101
6 77
6 73
6 97
6 74
6 83
7 174
7 189
7 163
7 169
7 188
7 170
7 186
7 185
7 160
7 168
7 175
7 179
7 182
7 164
7 165
7 178
7 184
7 158
7 187
7 162
7 181
7 183
8 162
8 167
8 166
8 164
9 124
9 113
9 80
9 109
9 104
9 153
9 150
9 76
9 127
9 99
9 81
9 151
9 133
9 142
9 118
9 122
9 136
9 144
9 115
9 131
9 89
9 110
9 119
9 125
9 141
9 134
9 121
9 137
9 117
9 75
9 129
9 77
9 114
9 112
9 132
9 126
10 90
10 143
10 95
10 140
10 111
10 85
10 141
10 150
10 118
10 94
10 77
10 109
10 114
10 87
10 102
10 145
10 153
10 149
10 154
10 110
10 89
10 119
10 161
10 126
10 144
10 88
10 101
10 169
10 127
10 135
10 103
10 100
10 134
10 164
10 106
10 137
10 125
10 146
10 133
10 165
10 124
10 170
10 121
10 132
10 156
10 108
10 104
10 163
10 91
10 112
10 152
10 131
10 117
10 122
10 167
10 105
10 120
10 151
10 74
11 68
11 83
11 96
11 60
11 91
11 74
11 70
11 59
11 87
11 65
11 77
11 73
11 94
11 69
11 61
11 72
11 78
11 81
11 84
11 66
11 95
11 75
11 64
12 167
12 153
12 136
12 154
12 144
12 141
12 173
12 165
12 130
12 152
12 117
12 126
12 151
12 140
12 132
12 143
12 177
12 148
12 178
12 160
12 127
12 138
12 123
12 175
12 135
12 174
12 149
12 161
12 137
12 134
12 150
12 128
12 158
12 131
12 170
12 116
12 125
12 169
12 146
12 139
13 65
13 73
13 72
13 79
13 76
13 71
13 68
13 78
13 70
13 75
13 66
14 54
14 58
14 51
14 68
14 47
14 45
14 83
14 78
14 79
14 60
14 48
14 53
14 40
14 41
14 90
14 71
14 81
14 64
14 66
14 46
14 89
14 87
14 62
14 59
14 50
14 69
14 76
14 85
14 92
14 57
14 49
14 91
14 39
14 86
14 55
15 176
15 173
15 171
15 181
16 166
16 173
16 167
16 172
17 151
17 164
17 140
17 156
17 165
17 143
17 169
17 153
17 167
17 159
17 155
17 163
17 162
17 150
18 15
18 22
18 21
18 23
18 16
18 20
20 90
20 95
20 58
20 74
20 69
20 65
20 66
20 98
21 171
21 186
21 192
21 172
21 177
21 170
21 181
21 193
21 168
21 190
21 182
21 183
21 189
21 180
21 185
21 187
21 167
22 135
23 146
23 149
23 151
23 162
23 139
23 148
23 134
23 156
23 144
23 133
23 147
23 158
23 137
23 145
23 163
23 161
23 160
23 140
23 135
23 154
23 142
24 160
24 161
24 166
24 167
24 162
24 163
24 165
24 164
24 157
25 59
25 57
25 58
26 187
26 186
27 82
28 15
28 41
28 48
28 31
28 79
28 68
28 21
28 27
28 80
28 61
28 17
28 43
28 34
28 45
28 26
29 34
29 32
29 31
29 33
30 169
30 167
31 142
31 132
31 158
31 141
31 126
31 155
31 120
31 136
31 172
31 159
31 167
31 170
31 122
31 154
31 129
31 130
31 137
31 147
31 161
31 146
31 150
31 169
31 139
31 134
31 165
31 133
31 121
31 156
31 157
31 135
31 145
31 138
31 127
31 160
31 128
32 108
32 100
32 103
32 102
33 54
33 44
33 73
33 22
33 14
33 84
33 9
33 82
33 52
33 17
33 31
33 76
33 45
33 16
33 74
33 12
33 32
33 90
33 55
33 42
33 18
33 49
33 89
33 37
33 47
33 81
33 27
33 88
33 13
33 61
33 20
33 92
33 93
33 60
33 24
33 36
33 86
33 72
33 67
33 40
33 35
33 79
33 46
33 23
33 78
33 50
33 25
33 10
33 11
33 41
33 26
33 48
33 64
33 15
33 77
33 30
33 59
34 21
34 24
34 22
34 9
34 13
34 19
34 29
34 23
34 11
34 10
34 7
34 16
34 14
34 18
34 15
34 26
34 27
35 181
35 164
36 139
36 138
36 151
36 152
36 130
36 160
36 159
36 148
36 131
36 158
36 135
36 147
36 153
36 134
36 157
36 142
36 129
36 154
36 141
36 125
36 124
36 133
36 140
36 149
36 126
36 123
37 181
37 180
37 185
37 178
37 187
37 191
37 175
37 176
37 171
37 177
37 190
37 188
38 162
38 157
38 178
38 169
38 172
38 159
38 161
38 177
38 165
38 160
38 163
38 166
38 175
39 129
39 169
39 128
39 99
39 174
39 148
39 167
39 132
39 145
39 124
39 141
39 179
39 104
39 172
39 185
39 103
39 120
39 157
39 153
39 154
39 94
39 162
39 101
39 170
39 176
39 114
39 125
39 175
39 92
39 91
39 161
39 97
39 156
39 116
39 95
39 89
39 152
39 168
39 110
39 93
39 144
39 106
39 136
39 126
39 115
39 159
39 147
39 111
39 117
39 107
39 182
39 118
39 130
39 96
39 134
39 183
39 121
39 155
39 109
39 173
39 140
39 105
39 146
39 166
39 178
41 87
41 86
41 75
41 88
41 73
41 85
41 84
41 93
41 91
41 76
41 74
41 81
41 72
41 80
41 82
41 90
43 15
43 17
43 19
43 16
43 25
43 13
43 27
43 23
43 12
43 21
43 26
44 184
44 183
44 186
45 84
45 86
45 87
45 89
47 131
47 129
47 135
47 136
47 123
47 137
47 126
47 121
47 125
47 138
47 127
47 120
47 142
47 124
47 139
47 122
47 132
48 98
48 96
48 84
48 100
48 80
48 77
48 81
48 82
48 95
48 88
48 79
48 83
48 90
48 78
48 92
48 89
49 142
49 145
49 156
49 150
49 143
49 157
49 149
49 148
49 146
49 158
49 147
49 153
50 35
51 174
51 170
51 175
51 176
52 84
52 72
52 80
52 44
52 35
52 41
52 49
52 70
52 56
52 33
52 39
52 85
52 46
52 57
52 68
52 69
52 50
52 42
52 67
52 37
52 51
52 65
52 79
52 66
52 81
52 45
52 77
53 75
53 72
53 74
53 71
54 56
54 19
54 37
54 39
54 31
54 23
54 2
54 5
54 33
54 26
54 25
54 59
54 48
54 44
54 32
54 38
54 14
54 60
54 52
54 11
54 35
54 45
54 16
54 30
54 28
54 34
54 46
54 49
54 51
54 3
54 47
54 57
54 27
54 12
54 18
56 18
56 22
56 19
56 20
56 17
56 16
57 176
57 192
57 168
57 186
57 169
57 194
57 182
57 180
57 187
57 171
57 191
57 190
57 173
57 181
57 175
57 189
58 188
59 154
59 158
59 152
59 150
59 159
59 172
59 166
60 76
60 66
60 75
60 65
60 73
60 62
60 86
60 63
60 83
60 70
60 92
60 77
60 84
60 82
60 85
60 90
60 87
60 93
61 146
61 141
61 149
61 144
61 135
61 126
61 123
61 125
61 142
61 155
61 103
61 119
61 117
61 115
61 110
61 145
61 129
61 107
61 122
61 127
61 132
61 116
61 150
61 121
61 148
61 143
61 130
61 159
62 164
62 165
62 153
62 155
62 162
62 158
62 157
62 159
63 147
63 135
63 181
63 142
63 116
63 173
63 110
63 141
63 149
63 126
63 157
63 118
63 182
63 177
63 184
63 176
63 103
63 151
63 105
63 172
63 145
63 139
63 167
63 130
63 108
63 146
63 114
63 124
63 170
63 156
63 159
63 107
63 132
63 115
63 174
63 117
63 119
63 169
63 166
63 112
63 165
63 137
63 113
63 150
63 180
63 123
63 143
63 125
63 136
63 183
63 160
63 138
63 179
63 155
63 164
63 144
63 121
63 102
63 152
63 98
63 101
63 153
64 120
64 135
64 134
64 122
64 121
64 124
64 145
64 119
64 140
64 143
64 123
64 130
64 137
64 142
64 128
64 129
64 131
64 127
64 132
65 52
65 54
65 55
65 53
66 80
66 103
66 63
66 94
66 59
66 101
66 107
66 105
66 102
66 98
66 95
66 85
66 104
66 69
66 75
66 72
66 52
66 53
66 96
66 82
66 83
66 79
66 97
66 61
66 100
66 93
66 77
66 71
66 65
66 55
66 68
66 57
66 106
66 108
66 56
66 58
67 152
67 154
67 153
67 147
68 31
68 46
68 38
68 61
68 47
68 24
68 55
68 66
68 58
68 30
68 52
68 34
68 57
68 63
68 50
68 56
68 41
68 33
68 44
68 54
68 71
68 35
68 45
68 21
68 27
68 59
68 65
68 53
68 25
68 37
69 83
69 96
69 68
69 163
69 130
69 82
69 97
69 55
69 126
69 128
69 47
69 148
69 61
69 104
69 41
69 45
69 67
69 161
69 155
69 74
69 166
69 40
69 143
69 88
69 91
69 99
69 156
69 92
69 153
69 146
69 135
69 38
69 73
69 145
69 76
69 150
69 162
69 63
69 103
69 64
69 125
69 44
69 53
69 134
69 81
69 85
69 158
69 77
69 159
69 139
69 71
69 78
69 48
69 102
69 118
69 157
69 101
69 160
69 86
69 46
69 80
69 140
69 105
69 59
69 144
69 164
69 142
69 124
69 93
69 57
69 87
69 100
69 141
69 115
69 39
69 84
69 111
69 36
69 154
69 65
70 188
70 185
70 186
70 187
70 180
70 184
70 181
71 130
71 95
71 125
71 108
71 101
71 124
71 122
71 106
71 120
71 93
71 100
71 115
71 110
71 112
71 121
71 98
71 105
71 117
71 123
71 107
71 96
71 102
71 104
71 128
71 111
71 92
71 113
71 94
73 94
73 108
73 115
73 113
73 97
73 96
73 104
73 99
73 93
73 92
73 109
73 114
73 111
73 95
73 100
73 106
74 138
75 114
75 105
75 104
75 113
75 115
75 111
75 108
75 107
76 116
76 129
76 107
76 111
76 136
76 110
76 104
76 118
76 124
76 114
76 131
76 103
76 127
76 106
76 121
76 108
76 126
76 105
76 130
76 125
76 135
76 133
76 123
77 92
79 166
79 173
79 164
79 170
79 168
80 114
80 132
80 129
80 121
80 134
80 117
80 112
80 130
80 124
80 126
80 131
80 128
80 118
80 122
81 53
81 56
82 28
82 25
82 26
82 27
82 24
83 185
83 178
83 177
83 192
83 187
83 179
83 186
83 191
83 182
83 181
83 184
83 183
85 121
85 77
85 93
85 82
85 95
85 124
85 73
85 119
85 81
85 116
85 94
85 113
85 123
85 78
85 71
85 108
85 90
85 120
85 75
85 76
85 104
85 74
85 72
86 180
87 56
87 61
87 54
87 51
87 62
87 63
87 59
87 52
87 58
87 60
87 50
89 99
89 72
89 93
89 80
89 71
89 107
89 62
89 97
89 84
89 111
89 82
89 122
89 106
89 88
89 57
89 70
89 78
89 119
89 79
89 75
89 96
89 66
89 67
89 64
89 95
89 116
89 108
89 77
89 53
89 83
89 110
89 92
89 109
89 85
89 76
89 65
89 103
89 68
89 69
89 114
89 59
89 112
91 161
91 163
92 149
92 148
92 150
92 146
93 131
93 137
93 141
93 129
93 138
93 134
93 133
93 142
93 135
94 62
94 48
94 51
94 58
94 78
94 80
94 69
94 79
94 73
94 68
94 42
94 75
94 70
94 44
94 63
94 45
94 54
94 60
94 50
94 59
94 46
94 66
94 52
94 41
94 67
94 49
94 55
94 61
95 81
95 47
95 55
95 116
95 113
95 89
95 61
95 121
95 70
95 133
95 112
95 43
95 135
95 54
95 92
95 137
95 69
95 51
95 127
95 59
95 136
95 76
95 63
95 117
95 108
95 40
95 98
95 131
95 104
95 77
95 90
95 119
95 123
95 130
95 125
95 53
95 78
95 60
95 94
95 73
95 120
95 93
95 132
95 101
95 42
95 114
95 52
95 138
95 48
95 87
95 79
95 68
95 100
95 64
95 66
95 80
95 50
96 135
96 171
96 120
96 151
96 112
96 157
96 174
96 146
96 127
96 131
96 133
96 128
96 173
96 152
96 132
96 116
96 142
96 169
96 166
96 114
96 138
96 158
96 143
96 119
96 129
96 163
96 150
96 156
96 139
96 167
96 162
96 147
96 113
96 117
96 148
96 144
96 123
96 140
97 134
97 111
97 128
97 140
97 122
97 112
97 125
97 116
97 136
97 126
97 130
97 124
97 131
97 142
97 120
97 118
97 121
97 117
97 133
97 127
97 114
98 51
98 50
98 42
98 55
98 62
98 63
98 56
98 73
98 64
98 89
98 79
98 82
98 70
98 72
98 57
98 81
98 60
98 83
98 75
98 43
98 87
98 44
98 86
98 88
98 76
98 84
98 80
98 61
98 52
98 67
98 59
98 53
98 58
98 77
100 39
100 40
101 10
101 8
101 5
102 82
102 81
104 177
104 149
104 169
104 147
104 132
104 153
104 146
104 141
104 179
104 127
104 131
104 174
104 181
104 167
104 161
104 133
104 148
104 163
104 156
104 172
104 189
104 185
104 165
104 168
104 138
104 175
104 187
104 188
104 136
104 134
104 157
104 182
104 164
104 162
104 154
104 183
104 140
104 160
104 128
104 170
104 166
104 171
104 173
105 58
105 70
105 118
105 107
105 124
105 51
105 72
105 114
105 100
105 79
105 41
105 39
105 133
105 61
105 47
105 130
105 57
105 131
105 117
105 67
105 68
105 78
105 62
105 92
105 46
105 49
105 120
105 55
105 66
105 125
105 132
105 74
105 116
105 122
105 129
105 134
105 84
105 53
105 60
105 136
105 42
105 80
105 135
105 71
105 77
105 121
105 45
105 56
105 59
105 94
105 119
105 127
107 65
107 67
107 61
107 72
107 69
107 59
107 62
107 66
107 60
107 73
107 70
108 143
109 169
109 149
109 152
109 154
110 68
110 69
110 66
111 92
111 114
111 119
111 107
111 117
111 118
111 109
111 113
111 100
111 95
111 103
111 110
111 104
111 96
111 101
111 115
111 105
111 98
112 121
113 144
113 156
113 142
113 147
113 157
113 91
113 146
113 128
113 95
113 92
113 87
113 120
113 102
113 131
113 151
113 134
113 109
113 150
113 101
113 107
113 161
113 139
113 137
113 93
113 94
113 84
113 122
113 97
113 163
113 83
113 152
113 90
113 159
113 132
113 96
113 149
113 88
113 119
113 117
113 125
113 110
113 106
113 136
113 145
113 140
114 169
114 161
114 159
114 158
114 174
115 33
115 38
115 29
115 23
115 43
115 30
115 31
115 37
115 27
115 35
115 42
115 32
115 45
115 40
115 34
115 17
115 21
115 20
115 36
116 156
116 155
116 150
116 151
116 153
117 25
118 169
118 142
118 137
118 149
118 143
118 192
118 147
118 139
118 144
118 189
118 171
118 174
118 194
118 160
118 173
118 182
118 163
118 193
118 162
118 145
118 183
118 190
118 195
119 49
119 50
120 191
120 187
120 186
120 189
121 11
121 32
121 21
121 60
121 34
121 13
121 77
121 4
121 43
121 41
121 28
121 64
121 30
121 40
121 18
121 27
121 22
121 19
121 3
121 45
121 26
121 16
121 24
121 62
121 54
121 38
121 35
121 42
121 61
121 36
121 31
121 6
121 17
121 72
121 10
121 59
121 52
121 53
121 8
121 46
121 9
121 47
122 114
122 176
122 143
122 172
122 135
122 136
122 112
122 160
122 120
122 139
122 169
122 154
122 133
122 171
122 137
122 119
122 155
122 173
122 146
122 113
122 162
122 132
122 153
122 128
122 150
122 131
122 148
122 115
122 125
122 134
122 129
122 167
123 45
123 47
123 35
123 50
123 58
123 28
123 24
123 8
123 72
123 48
123 71
123 13
123 19
123 44
123 25
123 36
123 9
123 4
123 43
123 32
123 1
123 55
123 84
123 66
123 37
123 49
123 41
123 79
123 67
123 56
123 85
123 5
123 81
123 34
123 83
123 39
123 15
123 90
123 31
123 22
123 73
123 42
123 11
123 29
123 52
123 82
123 23
123 30
123 2
123 61
123 74
123 92
123 86
123 3
123 78
123 88
123 26
123 64
124 88
124 56
124 142
124 92
124 90
124 87
124 145
124 141
124 103
124 62
124 64
124 61
124 100
124 143
124 101
124 75
124 93
124 127
124 130
124 131
124 102
124 110
124 83
124 71
124 59
124 82
124 74
124 119
124 58
124 65
124 112
124 68
124 55
124 122
124 53
124 138
124 67
124 85
124 79
124 57
124 116
124 121
124 120
124 109
124 69
124 73
124 52
124 137
124 94
124 78
124 132
124 77
124 104
124 111
124 115
124 63
124 113
124 106
124 97
125 120
125 115
125 114
125 89
125 119
125 105
125 104
125 99
125 88
125 85
125 101
125 95
125 110
125 118
125 109
125 92
125 116
125 107
125 102
125 96
125 111
126 114
126 121
126 110
126 119
126 118
126 115
126 122
126 120
126 111
127 156
127 179
127 162
127 177
127 182
127 170
127 172
127 168
127 174
127 155
127 165
127 169
127 166
127 157
127 183
127 159
127 181
127 158
127 161
127 154
130 172
130 170
130 165
130 173
130 167
130 171
130 169
131 155
131 154
131 160
131 161
131 162
131 151
131 142
131 158
131 164
131 143
131 146
131 150
132 20
132 119
132 91
132 64
132 84
132 86
132 99
132 24
132 66
132 89
132 107
132 117
132 95
132 12
132 35
132 38
132 93
132 108
132 55
132 120
132 14
132 25
132 115
132 18
132 11
132 40
132 102
132 28
132 110
132 83
132 78
132 71
132 77
132 100
132 50
132 34
132 46
132 37
132 52
132 54
132 113
132 111
132 70
132 81
132 42
132 76
132 17
132 56
132 96
132 44
132 74
132 101
132 97
132 88
132 47
132 72
132 19
132 68
132 90
132 118
132 75
132 45
132 22
132 57
132 29
132 65
132 51
133 46
133 45
133 64
133 56
133 49
133 54
133 65
133 53
133 61
133 60
133 48
133 47
133 59
133 66
133 62
134 126
134 129
136 148
136 155
136 128
136 117
136 145
136 138
136 149
136 107
136 142
136 140
136 111
136 103
136 118
136 152
136 124
136 147
136 129
136 146
136 144
136 132
136 115
136 119
136 127
136 112
137 47
137 44
137 36
137 27
137 66
137 39
137 37
137 61
137 55
137 45
137 74
137 31
137 56
137 46
137 35
137 32
137 50
137 68
137 34
137 52
137 75
137 42
137 38
137 33
137 59
137 48
137 72
137 67
137 76
137 69
137 29
137 25
137 30
137 51
137 43
137 24
137 57
139 187
139 176
139 130
139 181
139 169
139 159
139 170
139 151
139 178
139 175
139 116
139 165
139 190
139 180
139 127
139 155
139 142
139 129
139 110
139 188
139 157
139 179
139 112
139 118
139 120
139 111
139 122
139 115
139 131
139 135
139 182
139 117
139 160
139 171
139 107
139 163
139 113
139 125
139 156
139 161
139 184
139 154
139 106
139 166
