96 6202
1 2
2 3
3 4
4 5
5 6
6 7
7 8
8 9
9 10
10 11
11 12
12 13
13 14
14 15
15 16
16 17
17 18
18 19
19 20
20 21
21 22
22 23
23 24
24 25
25 26
26 27
27 28
28 29
29 30
30 31
31 32
32 33
33 34
34 35
35 36
36 37
37 38
38 39
39 40
40 41
41 42
42 43
43 44
44 45
45 46
46 47
47 48
48 49
49 50
50 51
51 52
52 53
53 54
54 55
55 56
56 57
57 58
58 59
59 60
60 61
61 62
62 63
63 64
64 65
65 66
66 67
67 68
68 69
69 70
70 71
71 72
72 73
73 74
74 75
75 76
76 77
77 78
78 79
79 80
80 81
81 82
82 83
83 84
84 85
85 86
86 87
87 88
88 89
89 90
90 91
91 92
92 93
93 94
94 95
95 96
96 1
1 91
1 82
1 90
1 83
1 81
1 94
1 86
1 87
2 29
2 22
2 27
2 23
2 26
2 28
3 7
3 35
3 9
3 8
3 34
3 16
3 11
3 21
3 22
3 14
3 28
3 26
3 12
3 20
3 32
3 1
3 5
3 31
3 15
3 30
3 33
3 24
3 36
3 2
4 92
4 95
4 91
6 70
6 66
6 65
6 67
6 71
6 69
8 92
9 92
9 94
10 73
11 36
11 38
11 41
11 39
11 37
12 66
12 51
12 47
12 48
12 45
12 56
12 62
12 55
12 57
12 67
12 42
12 41
12 50
12 43
12 59
12 58
12 49
13 81
13 70
13 78
13 83
13 77
13 72
13 76
13 74
13 75
13 80
14 57
14 47
14 46
14 32
14 43
14 31
14 52
14 54
14 60
14 30
14 35
14 36
14 53
14 51
14 33
14 59
14 34
14 45
15 19
15 21
16 54
16 49
16 52
16 43
16 65
16 58
16 39
16 47
16 42
16 46
16 48
16 66
16 51
16 40
16 44
16 53
16 62
16 61
17 84
17 65
17 39
17 89
17 51
17 44
17 60
17 52
17 57
17 76
17 46
17 62
17 70
17 50
17 43
17 90
17 80
17 67
17 86
17 75
17 61
17 55
17 63
17 78
17 45
17 64
17 79
17 35
17 73
17 36
18 91
18 94
18 95
18 92
19 80
19 77
19 78
19 75
19 79
19 76
20 15
20 14
20 16
20 12
21 67
22 28
22 32
22 33
22 29
23 92
23 91
23 88
23 89
23 87
24 36
24 46
24 43
24 42
24 37
24 40
24 49
24 47
25 84
25 81
26 58
26 59
26 57
26 61
26 53
27 72
27 52
27 68
27 59
27 53
27 60
27 58
27 62
27 71
27 70
27 64
27 55
29 10
29 13
29 14
29 15
29 8
29 9
31 83
31 86
31 85
32 43
32 49
32 54
32 47
32 56
32 67
32 59
32 52
32 63
32 35
32 37
32 34
32 42
32 38
32 36
32 55
32 68
32 50
32 53
32 57
32 64
32 65
32 66
32 40
33 79
33 82
33 77
33 81
34 59
34 55
34 57
35 39
35 34
35 41
35 49
35 50
35 54
35 40
35 44
35 42
35 45
35 48
36 93
37 48
37 33
37 39
37 36
37 28
37 35
37 50
37 42
37 27
37 34
37 31
37 43
37 32
37 52
37 40
37 44
37 45
38 94
39 41
39 38
40 94
40 96
41 96
41 95
42 91
42 87
42 92
43 36
44 47
44 46
44 48
44 41
44 53
45 72
45 80
45 60
45 55
45 76
45 77
45 74
45 61
45 83
45 66
45 70
45 53
45 73
45 71
45 81
45 67
45 75
45 79
45 52
45 78
45 54
45 51
46 65
46 61
46 73
46 51
46 57
46 85
46 54
46 64
46 56
46 71
46 72
46 80
46 60
46 68
46 67
46 79
46 55
46 62
46 83
46 86
46 78
46 82
47 26
48 84
48 78
48 79
48 80
48 85
48 83
48 81
48 86
49 85
49 87
49 84
50 25
51 86
51 79
51 82
51 88
51 85
51 84
52 79
52 82
52 83
53 84
53 86
54 46
54 47
54 59
54 77
54 50
54 63
54 52
54 35
54 41
54 37
54 49
54 78
54 70
54 51
54 58
54 66
54 62
54 25
54 34
54 31
54 26
54 61
54 74
54 30
54 33
54 45
54 44
54 75
54 32
54 42
54 65
54 53
54 76
54 71
54 39
54 60
56 79
56 78
57 34
57 20
57 42
57 41
57 23
57 21
57 28
57 44
57 14
57 17
57 18
57 36
57 24
57 29
57 39
57 33
57 37
57 45
57 15
57 27
57 43
57 35
57 40
58 26
58 60
58 79
58 30
58 62
58 74
58 38
58 76
58 24
58 72
58 51
58 17
58 40
58 64
58 34
58 80
58 77
58 53
58 35
58 39
58 27
58 66
58 29
58 42
58 19
58 73
58 37
58 49
58 22
58 78
58 32
58 61
58 25
58 36
58 83
58 31
58 56
58 43
58 57
58 45
58 48
58 50
58 71
58 28
59 95
60 59
60 63
60 64
60 58
60 67
60 66
61 35
61 31
61 37
61 38
62 66
62 75
62 64
62 65
62 61
62 74
62 82
62 67
62 59
62 68
62 69
62 60
62 77
62 76
63 83
63 88
63 77
63 73
63 87
63 68
63 75
63 82
63 72
63 65
63 70
63 81
63 71
63 61
63 76
64 78
65 43
65 30
65 27
65 40
65 20
65 38
65 44
65 21
65 45
65 32
65 25
65 22
65 33
65 36
65 34
65 35
66 15
66 18
66 16
66 14
66 13
66 10
66 11
67 82
67 56
67 58
67 50
67 49
67 90
67 85
67 89
67 70
67 79
67 88
67 53
67 65
67 74
67 44
67 63
67 86
67 72
67 51
67 92
67 57
67 87
67 81
67 55
67 61
67 52
67 78
67 91
67 83
68 3
68 15
68 19
68 13
68 20
68 17
68 7
68 10
68 14
68 11
68 21
68 8
68 18
69 9
69 10
69 5
69 6
69 7
69 12
69 14
70 78
70 60
70 46
70 47
70 76
70 74
70 35
70 69
70 67
70 33
70 55
70 53
70 73
70 62
70 56
70 54
70 64
70 68
70 77
70 37
70 40
70 34
70 32
70 42
70 44
70 48
70 59
70 51
70 52
70 27
70 63
71 37
71 31
71 28
71 41
71 36
71 40
71 30
71 35
71 29
72 14
72 19
72 6
72 33
72 3
72 27
72 9
72 18
72 21
72 12
72 8
72 13
72 20
72 26
72 1
72 32
72 11
72 34
72 28
72 2
72 35
72 16
72 31
73 63
73 67
73 71
73 70
73 65
74 64
74 61
74 60
74 67
75 65
75 68
75 60
75 67
75 70
75 66
75 72
75 56
75 59
75 80
75 58
75 77
75 62
76 46
76 35
76 50
76 64
76 48
76 37
76 71
76 57
76 39
76 58
76 45
76 47
76 49
76 43
76 72
76 59
76 52
76 51
76 70
76 62
76 53
76 41
76 68
76 40
77 80
77 79
77 83
77 90
77 88
77 87
77 92
77 85
77 86
78 44
78 67
78 50
78 71
78 81
78 72
78 69
78 75
78 46
78 54
78 56
78 76
78 51
78 65
78 59
78 63
78 58
78 74
78 64
78 41
78 70
78 49
78 68
78 55
78 47
78 66
78 57
78 62
78 60
79 83
79 82
79 89
79 86
79 81
79 84
79 85
79 94
79 93
79 87
80 31
80 32
82 85
82 84
82 90
82 89
82 92
82 80
82 88
82 79
83 29
83 18
83 34
83 14
83 10
83 25
83 7
83 4
83 8
83 30
83 6
83 12
83 13
83 2
83 37
83 17
83 24
83 26
83 20
83 5
83 31
83 21
83 28
83 9
83 15
83 33
84 69
84 70
84 68
85 60
86 81
86 80
87 17
87 48
87 40
87 35
87 28
87 14
87 11
87 13
87 55
87 39
87 38
87 22
87 25
87 53
87 19
87 47
87 12
87 41
87 29
87 54
87 49
87 9
87 10
87 16
87 44
87 45
87 26
87 30
88 34
88 38
88 35
88 37
88 33
89 63
89 67
89 69
89 68
89 57
89 55
89 58
89 56
89 61
89 52
90 69
90 70
90 60
90 59
90 71
90 62
90 63
90 67
90 58
91 82
91 50
91 72
91 61
91 60
91 67
91 83
91 78
91 79
91 84
91 74
91 63
91 57
91 88
91 55
91 53
91 59
91 80
91 77
91 71
91 62
91 85
91 66
91 76
91 64
91 86
91 69
92 85
92 77
92 95
92 80
92 81
92 87
92 88
92 78
92 74
92 94
92 90
92 73
92 75
92 72
93 17
93 15
93 22
93 18
93 16
93 20
93 21
93 19
94 70
95 76
95 61
95 65
95 45
95 58
95 51
95 53
95 52
95 62
95 70
95 59
95 67
95 44
95 64
95 57
95 66
95 47
95 71
95 75
95 73
95 55
96 81
96 90
96 92
96 83
96 84
96 86
96 87
96 89
96 78
96 88
96 77
96 93
96 79
96 91
1 52
1 54
1 8
1 85
1 49
1 26
1 53
1 80
1 31
1 44
1 67
1 76
1 63
1 32
1 23
1 51
1 45
1 33
1 40
1 64
1 61
1 39
1 29
1 13
1 74
1 19
1 17
1 27
1 28
1 21
1 79
1 58
1 78
1 15
1 25
1 30
1 75
1 60
1 48
1 41
1 47
1 34
1 84
1 9
1 18
1 46
1 42
1 24
1 43
1 36
1 69
1 50
1 20
1 73
2 78
2 79
2 74
2 75
3 27
3 29
4 59
5 25
5 33
5 17
5 28
5 35
5 37
5 36
5 31
5 13
5 34
5 16
5 29
5 14
5 24
5 26
6 63
6 62
6 68
8 6
8 7
8 10
8 5
9 50
9 62
9 59
9 52
9 56
9 34
9 65
9 51
9 58
9 63
9 67
9 32
9 39
9 41
9 42
9 43
9 36
9 70
9 37
9 46
9 68
9 55
9 61
9 45
9 49
10 85
10 77
10 90
10 82
10 86
10 59
10 89
10 80
10 46
10 68
10 79
10 91
10 81
10 41
10 63
10 62
10 61
10 47
10 88
10 70
10 83
10 64
10 45
10 58
10 87
10 60
10 72
10 44
10 93
10 51
10 50
10 52
10 53
11 35
11 60
11 16
11 59
11 30
11 63
11 67
11 71
11 47
11 27
11 52
11 44
11 13
11 31
11 2
11 62
11 33
11 5
11 18
11 21
11 43
11 29
11 66
11 64
11 65
11 61
11 15
11 7
11 55
11 51
11 40
11 9
11 3
11 24
11 25
11 45
11 50
12 73
12 83
12 78
12 91
12 69
12 60
12 75
12 79
12 85
12 80
12 86
12 90
12 71
12 64
12 70
12 82
12 77
12 89
12 76
13 66
13 61
13 67
13 56
13 64
13 60
13 58
13 62
14 39
14 48
14 42
14 49
14 38
14 37
14 40
15 36
15 69
15 30
15 55
15 62
15 73
15 38
15 32
15 70
15 65
15 28
15 43
15 31
15 71
15 57
15 54
15 64
15 56
15 46
15 35
15 45
15 53
15 41
15 34
15 33
15 49
15 60
15 44
16 13
16 32
16 15
16 29
16 9
16 25
16 19
16 27
16 11
16 23
16 21
16 24
16 8
16 33
16 35
16 7
16 22
16 31
16 14
17 48
17 72
17 69
17 68
17 74
17 58
17 53
17 49
17 59
17 47
18 39
18 45
18 41
18 50
18 51
18 49
18 43
18 42
19 87
19 84
19 88
19 67
19 73
19 71
19 66
19 64
19 74
19 93
19 62
19 81
19 63
19 85
19 72
19 70
19 65
19 92
19 61
19 68
19 86
19 94
19 83
20 57
20 43
20 65
20 54
20 56
20 52
20 48
20 44
20 39
20 55
20 58
20 61
20 51
20 50
20 63
20 42
20 60
21 36
21 38
21 35
22 75
22 79
22 73
22 70
22 71
22 69
22 80
22 72
22 81
23 52
23 82
23 70
23 56
23 67
23 47
23 51
23 65
23 85
23 66
23 79
23 64
23 86
23 83
23 57
23 72
23 84
23 58
23 48
23 76
23 78
23 81
23 75
23 73
23 63
24 57
24 44
24 51
24 56
24 50
24 60
24 64
24 52
24 54
24 58
24 61
25 56
25 58
25 60
25 73
25 72
25 67
25 57
25 64
25 76
25 63
25 77
25 66
25 80
25 78
25 69
25 85
25 59
25 62
25 71
25 74
25 61
25 75
25 82
26 49
26 33
26 37
26 22
26 39
26 30
26 32
26 89
26 87
26 44
26 79
26 21
26 84
26 77
26 75
26 85
26 42
26 70
26 78
26 24
26 54
26 51
26 25
26 60
26 46
26 55
26 35
26 71
26 23
26 66
26 68
26 64
26 95
26 76
26 47
26 74
26 28
26 31
26 56
26 86
26 34
27 23
27 41
27 43
27 25
27 34
27 29
27 17
27 15
27 26
27 24
27 42
27 18
27 12
27 19
27 33
27 32
27 30
27 44
28 38
28 20
28 24
28 40
28 17
28 25
28 35
28 42
28 26
28 44
28 19
28 13
28 21
28 14
28 18
28 50
28 37
28 43
28 33
28 54
28 51
28 45
28 23
28 53
28 39
28 34
31 64
31 70
31 36
31 60
31 38
31 59
31 52
31 65
31 43
31 42
31 50
31 68
31 51
31 55
31 49
31 58
31 40
31 44
31 33
31 45
31 47
32 5
32 6
32 8
32 1
33 13
33 9
33 14
33 11
34 90
34 92
34 88
35 11
35 19
35 62
35 38
35 30
35 57
35 58
35 33
35 17
35 55
35 47
35 24
35 52
35 13
35 43
35 22
35 21
35 53
35 9
35 15
35 31
35 51
35 56
35 29
35 14
35 26
36 28
37 93
38 36
38 40
38 42
38 41
38 37
39 95
39 89
39 90
39 93
39 91
39 88
40 36
40 24
40 29
40 37
40 20
40 33
40 27
40 39
40 49
40 26
40 38
40 43
40 28
40 50
40 45
40 31
40 18
40 44
40 22
40 25
40 35
41 1
41 3
42 63
42 64
42 50
42 65
42 56
42 67
42 60
42 68
42 58
42 51
42 66
42 69
42 57
42 55
42 71
43 52
43 55
44 57
44 58
44 61
45 64
45 58
45 41
45 68
45 63
45 48
45 62
45 47
45 49
45 44
45 57
45 42
46 39
46 43
46 40
47 84
47 81
47 82
48 91
48 82
48 70
48 93
48 68
48 74
48 71
48 87
48 63
48 72
48 88
48 73
48 67
48 94
48 69
48 66
48 75
49 67
49 74
49 63
49 71
49 69
49 68
49 65
49 61
49 76
49 73
49 70
50 17
50 11
50 12
50 15
50 16
50 18
50 22
50 21
51 94
51 93
51 87
51 90
51 89
52 92
52 90
52 89
54 21
54 19
54 16
54 15
54 11
54 24
54 22
54 23
54 14
54 20
54 12
54 29
54 17
55 36
55 30
55 33
55 42
55 26
55 40
55 29
55 34
55 38
55 31
55 27
55 37
56 68
56 72
56 76
56 74
56 75
56 70
56 73
56 71
57 90
57 81
57 89
57 84
57 79
57 86
57 80
57 82
58 82
58 75
59 93
59 94
60 72
60 81
60 71
60 79
60 75
60 70
60 78
61 75
61 73
61 74
62 70
62 54
62 73
62 71
62 83
62 57
62 79
62 58
63 26
63 41
63 27
63 28
63 34
63 36
63 38
63 29
63 31
64 26
64 36
64 25
64 21
64 20
64 23
64 18
64 33
64 45
64 31
64 16
64 38
64 14
64 30
64 46
64 32
64 28
64 24
64 34
64 17
64 47
64 48
64 29
64 39
64 41
64 15
64 43
64 19
65 28
65 50
65 48
65 56
65 42
65 77
65 57
65 47
65 78
65 59
65 46
65 60
65 37
65 63
65 75
65 31
65 71
65 51
65 76
65 64
65 52
65 73
65 74
65 41
65 67
65 70
66 55
66 63
66 60
66 59
66 62
66 56
68 73
68 77
68 78
68 75
68 74
68 76
68 81
69 65
69 77
69 78
69 73
69 80
69 79
69 64
69 75
69 61
69 67
70 75
70 65
70 57
70 49
70 66
72 46
72 44
72 42
72 38
72 39
72 10
72 53
72 45
72 36
72 25
72 37
72 48
72 47
72 43
72 29
72 56
72 40
72 41
73 54
73 53
74 82
74 78
74 83
74 85
74 77
74 81
74 86
74 73
76 34
76 25
76 28
76 23
76 26
76 21
76 33
76 24
76 30
77 33
77 51
77 46
77 29
77 50
77 56
77 45
77 58
77 26
77 27
77 62
77 37
77 39
77 36
77 55
77 34
77 54
77 32
77 43
77 52
77 47
77 38
77 40
77 30
77 61
77 24
77 31
78 91
78 92
79 46
79 45
81 24
81 38
81 30
81 20
81 39
81 13
81 42
81 22
81 18
81 19
81 35
81 25
81 27
81 47
81 32
81 16
81 37
81 40
81 41
81 44
81 21
81 15
81 36
81 12
82 74
82 91
82 68
82 87
82 94
82 67
82 73
82 71
82 96
82 86
82 75
82 64
82 76
82 72
82 93
83 54
84 61
84 63
84 59
84 73
84 41
84 80
84 58
84 78
84 76
84 79
84 47
84 56
84 57
84 67
84 82
84 75
84 53
84 66
84 72
84 62
84 81
84 55
84 46
84 44
85 70
85 57
85 64
85 66
85 69
85 67
85 62
85 65
85 63
86 59
86 49
86 73
86 50
86 51
86 58
86 69
86 55
86 61
86 54
86 72
86 68
86 56
86 53
86 48
86 60
87 34
88 76
88 80
88 75
88 81
88 77
88 83
88 85
88 84
88 82
89 39
89 64
89 27
89 31
89 23
89 51
89 47
89 43
89 53
89 35
89 50
89 48
89 42
89 70
89 34
89 60
89 26
89 59
89 41
89 38
89 28
89 40
89 65
89 44
89 49
89 32
89 30
89 36
89 46
89 24
91 35
91 29
91 33
91 36
91 39
91 32
92 65
92 59
92 66
92 69
92 60
92 70
92 61
92 71
92 64
93 52
93 63
93 83
93 72
93 69
93 70
93 78
93 87
93 57
93 85
93 81
93 84
93 67
93 58
93 62
93 73
93 74
93 77
93 86
93 66
93 82
93 64
93 53
95 78
95 77
95 72
95 74
1 68
1 66
1 70
1 35
1 59
1 77
1 72
1 37
1 56
1 62
2 95
3 96
4 42
4 40
4 37
4 38
4 43
4 41
6 64
6 61
6 55
6 56
6 57
6 59
7 96
9 47
9 33
9 40
10 32
10 20
10 13
10 30
10 14
10 26
10 18
10 31
10 23
10 9
10 6
10 21
10 19
10 28
10 7
10 8
10 25
10 27
11 32
11 42
11 46
11 26
11 34
12 14
12 15
14 68
14 41
14 87
14 64
14 70
14 89
14 44
14 77
14 80
14 58
14 86
14 79
14 50
14 83
14 92
14 66
14 65
14 81
14 91
14 74
14 73
14 72
14 61
14 69
15 74
15 79
15 78
15 77
15 76
16 69
16 80
16 63
16 59
16 76
16 72
16 74
16 71
16 67
16 75
16 78
16 70
18 83
19 13
19 11
19 15
19 9
19 12
19 5
19 10
20 62
20 82
20 53
20 64
20 77
20 83
20 88
20 86
20 78
20 72
20 47
20 75
20 87
20 45
20 85
20 89
20 92
20 81
21 84
21 80
21 77
21 90
21 83
21 88
21 81
23 59
23 55
25 54
25 53
25 55
25 42
25 48
25 38
25 37
25 51
25 45
25 46
25 50
25 65
25 40
25 49
25 44
25 47
26 69
26 67
26 72
26 62
26 65
27 3
27 7
27 5
28 30
28 46
28 32
28 41
28 27
30 77
30 72
30 75
30 70
30 67
30 76
30 66
30 73
30 74
31 15
31 20
31 18
31 7
31 19
31 10
31 11
31 12
32 20
32 26
32 24
33 43
33 65
33 60
33 39
33 64
33 36
33 49
33 53
33 41
33 51
33 54
33 30
33 46
33 44
33 58
33 63
33 32
33 42
33 59
33 38
33 40
33 47
34 22
34 6
34 18
34 12
34 17
34 2
34 3
34 10
34 16
34 14
34 11
34 9
34 15
36 92
36 94
36 95
36 91
36 90
37 14
37 21
37 17
37 9
37 19
37 10
37 15
37 12
37 11
37 13
37 8
37 18
38 88
38 87
39 84
39 79
39 65
39 74
39 72
39 85
39 63
39 68
39 82
39 64
39 73
39 70
39 80
39 62
39 94
39 87
39 71
39 67
39 92
40 46
40 60
40 54
40 72
40 66
40 62
40 52
40 71
40 64
40 32
40 68
40 57
40 67
40 51
40 56
40 63
40 42
40 69
40 61
40 47
41 55
41 57
42 52
42 62
42 75
42 47
42 48
42 70
42 54
42 76
42 59
42 72
43 89
43 83
43 77
43 74
43 78
43 79
43 85
43 88
43 75
44 90
44 91
45 20
45 24
45 25
45 16
45 14
45 26
45 23
45 34
45 35
45 22
45 15
45 18
45 30
45 32
45 31
45 28
45 37
45 33
45 19
45 43
46 91
46 94
47 23
47 19
47 21
47 24
47 20
47 18
48 61
48 62
50 19
50 26
50 8
50 20
50 6
50 28
50 27
50 29
50 5
50 14
51 83
51 80
52 65
52 87
52 78
52 66
52 77
52 72
52 70
52 80
52 84
52 75
52 74
52 76
52 71
52 88
53 92
54 89
54 86
54 82
54 92
54 84
54 91
54 88
55 28
55 35
55 39
56 77
56 80
56 82
58 89
58 92
59 7
59 8
59 9
60 74
60 49
60 65
60 69
60 51
60 44
60 56
60 50
60 77
60 52
60 57
60 46
60 76
60 47
60 55
61 39
63 55
63 67
63 43
63 54
63 66
63 60
63 33
63 39
63 79
63 78
63 59
63 37
63 56
63 57
63 51
63 48
63 40
63 46
63 44
63 58
63 47
63 35
64 37
64 73
64 68
64 60
64 12
64 13
64 53
64 52
64 63
64 6
64 51
64 66
64 40
64 49
64 55
64 75
64 22
64 56
64 54
64 62
64 77
64 8
64 69
64 61
64 67
64 7
65 79
65 80
65 55
65 58
65 61
65 62
65 54
66 29
66 27
66 33
66 35
66 32
66 31
68 40
68 44
68 26
68 29
68 28
68 45
68 30
68 35
68 43
68 39
68 37
68 42
68 38
68 34
69 43
69 44
70 85
70 83
70 92
70 94
70 86
70 87
70 89
71 82
71 89
71 85
71 79
71 95
71 75
71 88
71 78
71 92
71 91
72 64
72 78
72 68
72 69
72 86
72 80
72 60
72 62
72 75
72 89
72 71
72 63
72 83
72 76
72 82
72 74
72 77
72 81
72 59
73 51
73 48
73 50
74 92
74 93
75 78
75 63
75 83
75 81
75 79
75 69
76 5
77 75
77 72
77 73
77 76
79 92
79 95
80 43
80 40
80 47
80 44
80 55
80 46
80 50
80 42
80 48
80 51
80 39
81 7
81 8
81 6
81 9
81 11
82 18
82 23
82 19
83 66
83 51
83 40
83 65
83 59
83 47
83 52
83 41
83 56
83 61
83 60
83 44
83 69
83 32
83 72
83 27
83 49
83 71
83 36
83 70
83 57
83 62
83 42
83 67
83 53
84 11
85 43
85 52
85 51
85 40
85 39
85 38
85 53
85 58
85 47
85 48
85 49
85 61
85 56
85 54
85 46
85 55
86 84
86 74
86 90
86 77
86 75
86 71
86 79
86 76
86 70
86 88
87 61
87 80
87 78
87 70
87 71
87 76
87 59
87 81
87 86
87 75
87 74
87 77
87 60
87 83
87 82
87 67
87 63
87 66
88 25
88 23
88 27
88 28
89 33
90 86
90 92
90 94
90 87
90 89
93 55
93 56
93 68
93 59
93 47
93 61
93 48
93 75
93 46
94 33
94 44
94 24
94 39
94 20
94 46
94 18
94 26
94 37
94 31
94 15
94 45
94 48
94 34
94 29
94 16
94 41
94 22
94 23
94 17
94 32
94 40
95 8
96 47
96 46
1 55
1 57
1 38
2 68
2 59
2 60
2 70
2 56
2 64
2 61
2 66
2 57
2 63
2 69
2 53
2 54
2 58
2 71
3 95
3 93
3 94
3 90
4 73
4 66
4 61
4 33
4 44
4 75
4 78
4 90
4 64
4 58
4 31
4 84
4 70
4 46
4 81
4 32
4 88
4 57
4 54
4 30
4 89
4 50
4 49
4 53
4 45
4 74
4 77
4 55
4 36
4 65
5 63
5 46
5 68
5 67
5 65
5 49
5 57
5 52
5 48
5 51
5 59
5 64
5 50
5 60
5 61
6 47
6 39
6 41
6 45
6 42
6 38
6 44
6 40
6 46
7 88
7 90
7 83
7 80
7 85
7 81
7 89
7 87
8 93
9 95
9 93
10 66
10 69
11 17
11 22
11 14
11 19
12 9
12 11
12 7
12 20
12 22
12 21
12 17
12 16
12 6
13 34
13 38
13 39
13 35
13 41
13 36
15 26
15 29
16 82
16 81
16 85
16 86
16 83
18 86
18 89
18 88
18 90
18 96
20 84
20 69
20 73
20 91
20 90
20 70
20 79
20 80
21 56
21 57
21 60
22 52
22 51
22 53
24 91
24 89
24 88
24 93
24 86
24 84
24 94
24 92
27 78
27 74
27 79
27 90
27 77
27 85
27 75
27 69
27 87
27 80
27 91
27 65
27 73
27 76
27 66
27 89
29 82
29 80
29 79
29 78
30 19
30 45
30 23
30 50
30 53
30 29
30 36
30 12
30 14
30 52
30 26
30 51
30 43
30 25
30 49
30 22
30 21
30 18
30 54
30 41
30 33
30 17
30 24
30 44
30 38
30 15
31 22
31 26
31 37
31 29
31 39
31 25
31 21
31 41
31 28
32 19
32 28
32 22
32 17
32 27
32 23
32 31
33 57
33 55
33 56
34 86
34 89
34 85
35 28
35 18
35 25
35 23
35 46
35 32
36 46
38 33
38 32
39 32
39 30
39 29
39 37
39 33
39 27
39 36
39 26
41 46
41 40
41 83
41 66
41 87
41 36
41 38
41 61
41 76
41 44
41 35
41 67
41 52
41 71
41 75
41 43
41 65
41 49
41 70
41 37
41 59
41 47
41 32
41 63
41 34
41 45
41 54
41 62
41 84
41 56
41 72
42 18
42 6
42 5
42 19
42 16
42 4
42 17
42 3
42 20
42 13
42 15
42 10
43 25
43 22
43 28
43 15
43 26
43 20
43 21
43 17
43 23
44 19
44 15
44 60
44 39
44 52
44 36
44 54
44 38
44 32
44 29
44 63
44 59
44 40
44 62
44 42
44 33
44 37
44 51
44 17
44 8
44 34
44 25
44 24
44 21
44 70
44 7
44 64
44 4
44 12
44 65
44 69
44 16
44 3
44 31
44 6
44 71
44 55
44 18
44 14
44 30
44 35
45 39
45 36
45 38
46 81
46 58
46 70
46 77
46 53
46 66
46 59
46 74
46 88
46 63
47 72
47 86
47 65
47 64
47 89
47 74
47 79
47 87
47 70
47 78
47 71
47 83
48 77
49 8
49 13
49 14
49 15
49 9
50 39
50 43
50 38
50 41
50 42
51 65
52 62
52 73
52 64
52 67
52 69
52 63
53 75
53 73
53 68
53 71
53 81
53 77
53 72
53 69
53 76
53 80
54 48
55 73
55 59
55 83
55 61
55 60
55 69
55 64
55 52
55 82
55 70
55 71
55 54
55 67
55 72
55 62
55 79
55 58
56 81
56 85
56 86
56 69
56 84
57 71
57 69
57 73
57 63
57 66
57 67
57 62
58 52
59 91
60 89
60 84
60 87
60 92
60 85
60 82
60 91
60 83
60 86
60 73
61 58
61 59
61 63
61 64
61 56
61 57
62 17
62 15
62 16
62 11
62 18
62 14
63 69
64 3
64 2
64 5
64 1
64 4
66 71
66 70
66 69
67 73
67 80
67 77
68 72
69 93
70 81
70 82
71 15
71 9
71 14
71 4
71 13
71 8
71 6
71 11
72 23
72 52
72 24
72 49
73 7
73 6
73 12
73 5
73 9
73 11
73 10
74 32
74 68
74 19
74 33
74 26
74 21
74 43
74 62
74 48
74 34
74 30
74 8
74 52
74 39
74 17
74 35
74 51
74 66
74 37
74 57
74 3
74 80
74 50
74 24
74 79
74 9
74 76
74 28
74 45
74 14
74 84
74 90
74 20
74 47
74 15
74 13
74 49
74 54
74 25
74 65
74 88
74 46
74 29
74 89
74 18
74 36
75 61
76 89
76 86
76 91
76 90
77 71
79 66
79 40
79 56
79 51
79 55
79 72
79 39
79 57
79 43
79 68
79 65
79 54
79 58
79 50
79 38
79 61
79 37
79 73
79 64
79 62
80 34
80 18
80 22
80 25
80 12
80 15
80 28
80 33
80 11
80 19
80 54
80 13
80 38
80 23
80 20
80 29
80 26
80 27
80 53
80 41
80 59
81 26
81 17
81 3
81 10
81 33
81 34
81 5
81 14
82 29
82 32
82 34
82 28
82 27
82 31
82 33
82 22
82 26
82 24
84 13
85 71
85 73
85 82
85 77
85 83
85 74
85 72
85 79
85 87
85 81
85 80
85 75
86 20
86 16
86 24
86 2
86 4
86 18
86 12
86 13
86 31
86 3
86 23
86 27
86 26
86 10
86 8
86 32
86 15
86 22
86 14
87 15
87 18
87 20
88 57
88 56
88 52
88 55
89 96
89 93
89 91
89 95
89 92
90 54
90 55
90 57
90 52
90 53
91 56
91 52
91 54
92 89
92 91
93 14
94 43
94 38
96 85
96 82
2 36
2 37
2 38
2 41
2 39
3 92
4 80
4 86
5 94
6 11
6 9
6 4
6 14
6 5
6 10
7 74
7 95
7 75
7 78
7 94
7 69
7 77
7 82
7 72
7 79
7 86
7 93
7 76
8 94
8 85
8 80
8 86
8 82
8 79
8 83
8 84
8 89
8 88
8 78
8 91
10 75
11 72
11 74
11 76
12 30
12 37
12 18
12 19
12 40
12 25
12 27
12 46
12 44
12 39
12 36
12 35
12 28
12 33
13 69
13 73
14 13
14 12
14 10
14 8
14 6
14 9
15 59
15 61
15 82
15 80
15 72
15 67
15 84
15 83
15 81
15 68
16 79
16 87
16 84
16 73
17 41
17 37
17 32
17 31
17 38
17 34
17 33
18 80
19 14
21 44
21 45
21 43
22 25
22 27
23 37
23 44
23 49
23 38
23 35
23 39
23 41
23 45
23 30
23 43
23 50
23 54
23 29
23 32
23 34
24 72
24 28
24 55
24 74
24 39
24 29
24 30
24 63
24 59
24 73
24 45
24 76
24 70
24 33
24 41
24 31
24 65
24 68
24 32
24 48
24 35
25 96
25 86
25 93
25 87
25 95
25 94
25 92
26 63
26 41
26 38
26 50
26 83
26 48
26 43
27 95
28 36
29 18
29 7
29 19
29 17
29 12
29 22
29 11
29 5
29 4
29 21
30 88
30 82
30 84
30 89
30 87
31 74
31 75
31 79
31 73
31 76
31 78
32 79
32 29
32 62
32 73
32 80
32 77
32 44
32 69
32 92
32 75
32 46
32 83
32 89
32 78
32 90
32 86
32 87
32 41
32 60
32 84
32 45
32 88
32 51
33 80
33 86
33 88
33 93
33 76
33 87
33 89
33 92
33 83
35 60
35 67
35 61
35 64
36 33
36 26
36 41
36 23
36 40
36 43
36 35
36 38
36 42
36 24
36 25
36 32
36 30
36 31
37 88
37 89
37 91
39 66
40 48
40 17
40 19
40 53
40 58
40 21
40 34
40 30
41 78
41 77
41 69
42 85
43 42
44 93
44 92
45 29
45 56
45 59
45 40
46 38
47 54
47 52
47 53
47 56
47 51
47 49
47 50
47 63
47 62
48 60
49 56
49 57
49 62
49 58
49 60
51 41
51 49
51 44
51 40
51 46
51 48
51 39
51 42
51 38
51 56
52 43
52 85
52 33
52 86
52 47
52 57
52 49
52 32
52 41
52 55
52 37
52 39
52 60
52 51
52 59
52 56
52 36
52 42
52 50
52 44
52 34
53 62
53 18
53 67
53 38
53 25
53 31
53 30
53 70
53 26
53 19
53 37
53 21
53 43
53 59
53 16
53 20
53 64
53 28
53 39
53 52
53 55
53 58
53 32
53 15
53 12
53 40
53 46
53 36
53 13
53 29
53 44
53 27
53 65
53 24
53 17
53 63
53 47
53 57
54 27
55 63
55 66
55 78
55 81
55 68
55 80
56 17
57 87
58 8
58 4
58 7
58 6
59 30
59 27
59 22
59 29
59 25
59 20
59 28
60 38
60 16
60 15
60 45
60 8
60 48
60 90
60 43
60 32
60 40
60 37
60 29
60 80
60 62
60 42
60 7
60 39
60 41
60 24
60 19
60 54
60 12
60 17
60 33
60 9
60 14
60 13
60 68
60 18
60 26
60 34
60 31
61 70
61 65
61 68
61 67
61 66
61 71
62 81
62 72
62 84
62 78
62 80
63 25
64 89
64 90
65 82
66 74
66 82
66 80
66 77
66 72
66 76
66 75
66 81
66 78
67 64
67 42
67 46
67 62
67 60
67 59
67 43
67 47
67 45
67 71
67 48
68 83
68 80
68 79
68 84
68 82
69 91
69 76
69 88
69 72
69 85
69 86
69 81
69 84
69 82
69 74
70 50
71 12
71 18
71 16
72 79
72 67
72 88
72 85
72 66
72 70
73 36
74 16
75 55
75 53
75 54
75 52
75 57
77 41
77 44
77 42
78 35
78 39
78 37
78 40
79 91
80 10
80 21
80 14
80 17
80 9
80 35
80 5
80 6
80 24
80 7
82 66
82 70
82 69
83 11
83 3
83 16
83 23
83 22
84 87
84 86
84 88
85 31
85 18
85 26
85 17
85 29
85 28
85 21
85 24
85 22
86 67
87 43
87 33
87 42
87 46
88 65
88 66
88 58
88 70
88 79
88 69
88 78
88 68
88 72
88 61
88 62
90 80
90 77
90 79
90 75
92 96
93 65
94 80
94 78
95 22
95 21
95 18
95 10
95 36
95 20
95 38
95 9
95 33
95 23
95 12
95 35
95 24
95 14
95 31
95 30
95 37
95 13
95 29
95 28
95 17
95 32
96 51
96 37
96 12
96 11
96 28
96 17
96 40
96 15
96 41
96 14
96 5
96 18
96 35
96 53
96 25
96 26
96 27
96 39
96 45
96 48
96 6
96 38
96 50
96 7
96 4
96 54
96 44
96 43
96 29
96 33
96 8
1 71
2 51
2 62
2 55
2 50
2 49
4 93
5 53
5 58
5 55
5 62
6 90
6 86
6 91
6 88
7 39
7 38
9 77
9 66
9 87
9 85
9 53
9 78
9 89
9 71
9 54
9 79
9 74
9 64
9 75
9 80
9 81
9 82
11 58
11 49
11 56
11 54
12 93
12 92
13 53
13 48
13 95
13 86
13 55
13 52
13 90
13 89
13 54
13 57
13 87
13 94
13 47
13 51
13 93
13 84
13 79
13 71
14 20
14 7
14 27
14 11
14 18
14 17
14 24
14 21
15 42
15 47
16 38
16 36
16 34
16 37
17 2
17 1
17 28
17 5
17 10
17 24
17 15
17 9
17 21
17 11
17 8
17 4
17 3
17 13
17 14
17 22
17 23
17 26
18 87
19 54
19 55
20 93
22 24
22 14
22 31
22 18
22 11
22 19
22 20
22 8
22 7
22 38
22 26
22 13
22 9
22 30
22 10
23 11
23 12
24 77
24 82
24 78
24 83
24 75
24 53
24 80
24 81
24 85
24 67
24 69
24 79
25 6
25 16
25 20
25 17
25 7
25 28
25 22
25 15
25 10
25 23
25 13
25 9
25 18
25 11
25 12
25 24
28 64
28 63
29 91
29 85
29 84
29 81
29 87
29 86
29 88
29 89
29 83
30 71
30 68
31 77
33 25
33 28
33 15
33 52
33 19
33 45
33 12
33 23
33 50
33 35
33 26
33 16
33 31
33 22
33 27
33 18
33 37
33 24
34 73
34 60
34 49
34 50
34 61
34 65
34 62
34 70
34 78
34 69
34 81
34 53
34 71
34 46
34 83
34 58
34 75
34 77
34 63
34 47
34 48
34 74
34 76
34 84
35 27
35 20
36 34
36 22
36 20
37 23
37 25
37 22
38 35
38 31
39 69
40 11
40 13
40 15
41 39
41 33
42 94
42 83
42 84
42 96
42 81
42 82
48 25
48 30
48 89
48 42
48 56
48 20
48 51
48 27
48 52
48 64
48 22
48 55
48 44
48 76
48 18
48 21
48 33
48 29
48 23
48 58
48 92
48 24
48 57
48 54
48 26
48 45
48 31
48 50
48 36
48 90
48 46
48 59
49 79
49 59
49 80
49 64
49 72
49 77
50 13
50 24
51 45
51 43
53 49
53 50
53 56
53 51
57 46
57 50
57 49
57 55
57 31
57 30
57 26
57 53
57 54
59 65
59 72
59 75
59 70
59 76
59 63
59 67
59 69
60 36
61 90
61 92
61 95
61 91
61 89
64 27
65 49
66 68
66 73
67 76
67 75
68 55
68 53
68 57
68 63
68 33
68 36
68 71
68 24
68 23
68 41
68 50
68 54
68 58
68 65
68 56
68 25
68 70
68 46
68 51
68 66
69 83
69 87
69 89
70 90
71 5
72 93
72 94
73 58
73 55
73 57
73 60
75 41
76 85
76 81
76 78
76 83
76 82
76 87
79 76
79 75
81 45
81 53
81 51
81 48
81 49
81 62
81 55
81 50
81 61
81 31
81 28
81 59
81 52
81 43
82 58
82 57
83 19
84 33
84 34
85 59
85 44
85 50
86 43
86 34
86 44
86 36
86 45
86 42
86 35
86 41
86 46
86 39
87 85
87 79
87 84
88 47
88 45
88 46
88 43
89 66
89 82
89 83
89 74
89 85
89 78
89 86
89 73
89 77
89 84
89 76
89 80
89 72
90 37
90 61
90 50
90 45
90 47
90 85
90 66
90 46
90 64
90 39
90 40
90 78
90 51
90 82
90 72
90 83
90 73
91 70
91 68
92 15
94 14
94 12
94 11
94 8
94 25
94 10
94 19
95 79
96 94
1 6
1 14
1 10
1 12
1 11
1 7
3 91
3 87
3 88
3 85
3 83
3 84
3 82
4 72
4 71
5 44
5 45
6 74
6 28
6 37
6 53
6 43
6 49
6 21
6 54
6 35
6 29
6 33
6 30
6 26
6 23
6 51
6 50
6 52
6 31
6 75
6 48
7 60
7 52
7 62
7 61
7 70
7 63
7 58
7 73
7 66
7 53
7 71
7 54
7 49
7 65
7 51
7 56
7 47
7 67
8 65
8 75
8 50
8 62
8 44
8 76
8 53
8 66
8 68
8 72
8 38
8 57
8 74
8 47
8 67
8 56
8 37
8 52
8 36
8 58
8 40
8 55
8 48
8 77
8 60
8 43
8 33
8 41
8 46
9 60
9 69
9 72
9 48
12 96
12 95
13 85
14 28
14 23
14 25
14 29
14 55
14 26
14 22
15 63
15 75
16 30
16 18
16 28
16 12
17 56
17 54
17 42
18 55
19 4
19 3
19 2
20 6
20 9
20 10
20 7
20 5
20 8
21 82
21 85
22 88
22 83
22 87
22 78
22 91
22 62
22 85
22 84
22 67
22 61
22 82
22 77
22 65
22 76
22 64
22 60
22 86
22 89
23 53
25 8
26 94
26 80
26 93
26 90
26 81
26 82
27 92
29 57
29 38
29 40
29 59
29 47
29 34
29 55
29 33
29 36
29 60
29 58
29 45
29 64
29 48
29 50
29 51
29 63
29 39
29 49
30 86
30 83
30 85
31 53
32 70
32 91
32 85
32 71
32 58
32 82
32 81
32 48
33 20
33 21
33 48
33 17
33 29
34 79
34 64
34 82
34 67
34 80
34 72
35 65
35 68
35 37
35 66
35 71
35 63
35 70
36 64
36 56
36 45
36 79
36 73
36 53
36 50
36 57
36 39
36 58
36 55
36 63
36 65
36 74
36 59
36 69
36 52
36 51
36 48
36 44
36 54
36 47
36 72
36 60
37 20
37 54
37 61
37 57
37 53
37 59
37 29
37 62
37 46
37 56
37 64
37 55
37 47
39 18
39 20
39 16
39 19
44 73
46 69
46 75
47 32
47 33
47 29
47 30
47 28
47 34
47 37
50 54
50 60
50 23
50 35
50 31
50 63
50 53
50 57
50 32
50 44
50 37
50 48
50 47
50 45
50 58
50 56
50 62
50 10
51 73
51 81
51 75
51 72
51 71
51 76
52 45
52 58
52 46
52 48
52 61
53 78
53 85
53 87
53 88
53 89
53 74
53 90
55 53
57 38
57 47
57 25
58 47
58 69
58 63
58 65
58 41
58 54
58 67
59 84
59 82
59 85
59 86
64 76
64 74
64 71
64 72
64 70
65 93
65 92
66 28
67 29
67 40
67 39
67 35
67 26
67 37
67 31
67 54
67 34
68 93
68 96
68 91
69 29
69 21
69 23
69 32
69 25
69 30
69 28
70 79
71 46
71 54
71 84
71 74
71 68
71 48
71 64
71 42
71 52
71 87
71 58
71 67
71 65
71 50
71 59
71 49
71 44
71 70
71 66
71 80
71 81
71 57
71 61
71 76
71 60
71 55
71 86
72 61
72 51
72 22
72 7
72 15
72 54
72 30
72 58
73 35
73 37
74 71
74 72
75 85
75 87
75 93
75 90
75 64
75 89
75 94
76 88
76 94
76 95
77 65
77 53
77 49
77 68
77 74
77 63
77 48
77 82
77 66
77 60
77 81
78 14
78 26
78 48
78 45
78 32
78 21
78 20
78 16
78 36
78 15
78 13
78 22
78 61
78 17
78 52
78 19
78 31
78 25
78 27
78 11
79 70
79 63
80 58
80 63
80 67
80 68
80 61
80 64
80 69
81 1
81 4
82 60
82 59
83 68
85 76
86 38
87 24
87 23
89 88
90 81
90 84
90 68
90 74
90 65
90 76
90 49
91 44
91 38
91 34
91 37
91 41
91 43
92 12
92 32
92 49
92 53
92 9
92 19
92 29
92 44
92 42
92 51
92 31
92 34
92 47
92 35
92 46
92 30
92 40
92 50
92 7
92 63
92 56
92 33
92 28
92 37
92 20
92 57
92 38
92 14
92 16
92 13
92 17
92 22
92 67
92 41
92 26
93 8
93 10
93 7
93 12
93 5
94 53
95 46
95 40
95 60
95 15
95 27
95 42
95 26
95 19
95 56
95 54
95 41
95 39
95 16
96 42
96 30
96 36
96 31
96 34
96 32
1 22
2 92
2 93
2 84
2 85
2 89
2 90
3 42
3 51
3 18
3 37
3 49
3 59
3 48
3 43
3 53
3 40
3 52
3 56
3 64
3 62
3 44
3 57
3 60
3 69
3 61
3 41
3 46
3 54
3 39
3 23
5 30
5 41
5 43
5 56
5 47
5 40
6 77
6 58
6 89
6 82
6 85
6 79
6 60
6 80
6 72
6 83
6 84
7 15
7 13
7 12
7 11
8 22
8 26
8 31
8 23
8 28
8 20
9 90
9 88
11 6
12 74
12 68
12 63
12 72
12 61
13 46
13 63
13 42
13 50
13 59
14 56
14 67
14 63
15 87
15 85
15 89
18 28
18 4
18 5
18 34
18 27
18 53
18 6
18 37
18 10
18 31
18 33
18 48
18 26
18 40
18 38
18 14
18 12
18 7
18 11
18 54
18 15
18 20
18 44
18 22
18 35
18 32
18 52
20 25
20 26
20 19
20 23
21 95
21 94
21 91
21 93
22 16
22 15
22 17
22 35
22 37
24 38
24 34
25 90
26 45
26 88
30 61
30 59
30 55
31 9
31 13
31 17
31 8
31 5
32 93
34 23
34 45
34 51
34 42
34 28
34 26
34 37
34 68
34 4
34 33
34 7
34 40
34 39
34 21
34 66
34 20
34 29
34 43
34 30
34 87
34 5
34 54
34 27
34 32
35 76
35 59
35 73
35 74
35 75
35 72
36 76
36 82
36 67
36 78
36 70
36 84
36 66
36 80
36 75
36 87
36 88
38 66
38 58
38 47
38 34
38 54
38 22
38 29
38 62
38 43
38 24
38 53
38 26
38 68
38 51
38 27
38 56
38 63
38 49
38 45
38 70
38 28
38 30
38 44
38 48
38 61
38 65
39 50
39 57
39 48
39 58
39 49
39 53
39 52
39 54
39 60
39 51
39 59
39 55
41 2
41 4
43 93
43 91
43 90
44 94
45 21
49 46
49 75
49 82
49 86
49 81
49 54
49 44
49 39
49 41
49 52
49 51
49 43
49 55
49 42
49 48
49 47
49 66
50 33
50 40
51 7
52 91
52 81
53 79
53 61
53 66
53 82
53 60
53 83
54 28
54 43
54 38
54 36
55 24
55 9
55 13
55 22
55 32
55 44
55 10
55 16
55 14
55 57
55 21
55 17
55 18
55 19
55 41
55 48
55 11
56 62
56 64
56 54
56 83
56 48
56 50
56 59
56 65
56 53
56 66
56 63
57 61
57 72
57 65
57 83
57 74
57 68
57 64
57 76
57 70
57 59
59 45
59 38
59 34
59 52
59 54
59 55
59 37
59 51
59 57
59 47
59 53
59 43
59 33
59 56
59 39
59 50
59 44
59 31
59 46
61 41
61 46
61 44
61 43
62 42
63 93
63 74
63 84
63 85
63 86
63 80
63 89
65 83
66 61
67 38
67 36
68 60
68 67
68 64
69 22
69 26
69 24
70 9
70 14
70 17
70 6
70 16
70 7
70 13
70 19
70 10
70 20
73 64
73 31
73 59
73 34
73 29
73 44
73 38
73 61
73 47
73 39
73 52
73 45
73 49
73 41
73 32
73 42
73 43
73 62
75 95
76 12
76 14
76 7
76 11
76 15
76 13
76 17
76 16
76 6
76 10
78 42
79 60
80 72
81 57
82 21
83 77
83 78
83 76
84 83
86 52
86 37
86 47
86 30
86 19
86 17
86 29
86 57
86 25
86 40
86 28
87 50
87 27
87 31
87 36
87 32
89 62
90 23
91 75
91 65
91 73
93 60
93 37
93 49
93 71
93 36
93 51
93 45
93 40
93 54
93 41
94 50
94 35
94 21
94 51
94 54
94 27
94 56
94 73
94 57
94 61
94 64
94 55
94 13
94 36
94 30
94 47
94 76
94 60
94 65
94 62
94 63
94 59
94 58
95 68
95 87
95 88
95 82
95 86
95 63
95 84
95 69
95 83
96 21
96 20
96 24
96 19
96 16
96 22
1 88
1 89
3 86
4 85
4 69
4 82
4 87
4 76
4 79
4 83
5 42
5 39
6 73
6 76
6 36
7 40
7 64
7 68
7 59
7 42
7 43
7 44
7 35
7 48
7 46
7 36
8 87
8 81
9 44
9 84
9 31
9 91
9 30
9 29
9 76
9 86
9 73
10 76
10 74
10 78
11 10
11 23
11 4
11 20
11 53
12 23
12 38
12 24
12 34
12 29
12 26
12 31
13 37
13 65
13 40
13 43
14 62
14 82
14 71
14 75
14 76
15 37
15 58
15 25
15 52
15 27
15 66
16 68
16 55
16 60
16 57
16 26
16 64
17 66
19 48
19 69
19 60
19 53
19 56
19 50
19 59
19 58
19 49
19 52
19 51
19 82
20 74
20 68
20 76
20 71
20 67
20 66
20 59
21 71
21 73
21 72
22 12
22 6
22 21
22 5
23 80
24 66
24 62
24 71
25 14
27 94
27 88
27 84
27 81
28 90
28 73
28 81
28 84
28 78
28 88
28 83
28 77
28 86
28 66
28 74
28 87
28 82
28 65
28 76
28 89
28 68
28 85
28 80
28 59
29 74
29 92
29 72
29 93
29 94
29 76
30 81
30 78
30 79
31 46
32 95
33 67
33 62
33 61
33 66
33 69
33 68
34 52
34 56
34 44
35 94
35 96
36 68
37 69
37 63
37 82
37 81
37 72
37 87
37 90
37 71
37 68
37 96
37 66
37 78
37 95
37 58
37 65
37 79
37 60
37 77
37 73
38 57
39 56
40 65
40 55
41 53
41 25
41 51
41 29
41 31
41 17
41 27
41 50
41 21
41 15
41 26
41 28
41 20
42 12
42 14
42 7
42 11
43 68
43 58
43 61
43 63
43 65
43 59
43 62
43 57
43 69
43 71
43 70
44 67
44 72
44 68
47 69
47 67
47 61
48 65
49 90
49 91
49 94
50 88
50 87
50 85
51 95
52 93
53 34
53 41
53 23
54 69
54 67
55 65
55 74
55 76
56 67
58 96
59 14
59 5
59 36
59 12
59 15
59 32
59 10
59 6
59 21
59 18
59 19
60 27
60 22
61 79
61 78
61 77
62 88
62 90
63 95
63 90
63 94
64 57
64 50
64 58
64 59
64 35
64 42
65 68
65 69
65 53
66 86
66 79
66 94
66 64
66 90
66 58
66 83
66 89
66 92
66 87
66 88
66 57
67 94
67 96
67 69
67 84
68 52
68 49
69 62
69 52
69 37
69 48
69 35
69 39
69 60
69 54
69 42
69 50
69 51
69 41
69 38
69 66
69 36
69 40
69 46
69 57
69 47
70 80
71 90
71 94
71 93
72 90
72 91
73 66
73 46
73 56
73 68
75 42
75 40
76 36
76 27
76 31
77 69
78 87
78 93
78 89
78 90
78 85
78 88
79 88
80 71
80 79
80 77
81 96
82 12
82 16
82 10
82 6
82 25
82 17
82 8
82 14
82 11
84 25
84 22
84 52
84 49
84 60
84 71
84 37
84 64
84 26
84 50
84 35
84 31
84 23
84 39
84 21
84 32
85 94
85 96
87 92
87 93
88 29
88 18
88 17
88 26
88 16
90 43
91 48
91 51
91 49
92 21
92 18
92 24
92 5
92 23
92 36
93 79
93 90
94 90
94 86
94 74
94 81
94 82
94 84
94 72
94 67
94 77
94 66
94 87
94 91
94 92
94 68
2 73
3 6
4 35
4 39
5 19
5 22
5 18
5 23
5 20
6 27
6 25
6 15
6 16
6 17
6 19
6 2
6 22
6 3
6 32
6 13
6 8
6 12
6 78
8 95
11 28
12 87
12 88
12 65
12 94
13 45
13 44
14 16
14 19
15 94
15 96
16 10
17 83
17 81
17 85
17 77
17 88
18 79
18 81
18 76
18 85
18 84
20 13
20 17
21 58
22 74
22 68
22 66
22 63
23 74
23 77
24 9
24 15
24 14
24 11
24 19
24 10
24 16
24 17
24 7
24 8
26 92
26 91
26 52
26 73
29 54
30 56
30 35
30 39
30 58
30 40
30 34
30 37
31 24
31 14
31 4
32 74
34 91
36 17
36 27
37 6
37 67
37 26
37 7
37 51
37 41
39 78
39 75
42 26
42 24
42 21
42 22
42 23
42 25
43 80
43 82
43 81
43 94
43 92
43 95
43 86
44 50
45 8
45 9
45 4
45 6
46 76
46 84
48 28
48 35
48 38
48 41
48 32
48 40
48 39
48 43
49 4
49 32
49 21
49 26
49 22
49 18
49 7
49 27
49 31
49 28
49 19
49 12
49 10
49 29
49 16
49 25
50 73
50 72
51 96
53 91
54 85
54 87
54 83
54 80
56 93
56 91
56 94
57 94
57 96
58 10
58 11
59 73
59 83
59 81
59 78
59 80
59 74
59 87
65 88
65 81
65 87
66 54
66 53
66 45
66 48
66 50
66 44
66 51
67 66
69 95
71 73
71 63
73 40
73 33
73 23
73 25
73 27
73 30
74 59
74 53
74 55
74 56
75 73
75 82
75 74
75 92
75 84
77 64
78 12
79 49
79 52
79 53
79 33
79 44
79 47
79 36
81 70
81 69
81 65
81 72
81 66
81 58
81 73
81 60
81 68
82 30
82 38
82 35
82 40
83 74
84 94
84 96
86 9
86 7
86 21
87 51
87 52
88 5
88 8
88 4
90 20
90 19
90 24
90 21
90 31
90 30
90 28
91 42
91 81
91 58
93 44
93 50
93 42
93 43
93 39
93 38
94 96
1 65
5 27
5 15
5 54
5 21
5 32
5 69
9 83
10 55
10 40
10 33
10 39
10 35
10 54
10 57
10 42
10 48
10 49
11 48
11 86
11 84
11 81
11 77
11 82
11 68
11 85
12 81
12 84
13 32
13 30
16 56
16 45
18 58
18 70
18 68
18 66
18 72
18 64
18 73
18 71
18 75
18 60
18 78
18 56
18 74
18 67
18 82
18 63
18 59
19 36
19 33
19 32
19 29
19 30
21 37
21 15
21 26
21 9
21 30
21 20
21 34
21 24
21 17
21 13
21 31
21 10
21 12
21 16
21 19
21 28
21 14
21 29
22 36
25 88
25 52
25 70
25 68
25 79
26 40
28 31
29 27
29 24
29 23
30 65
30 62
30 64
30 69
30 63
30 60
31 34
31 35
31 30
36 77
36 71
36 85
36 62
36 83
36 89
38 5
38 10
38 2
38 6
38 1
38 11
39 43
39 17
39 24
39 23
39 5
39 21
39 34
39 8
39 7
39 47
39 25
39 12
39 10
39 28
39 22
39 42
39 9
39 44
39 45
39 4
40 82
40 77
40 75
40 76
40 73
40 80
40 85
40 86
40 78
41 60
41 48
42 27
42 49
42 45
42 41
42 33
42 39
42 35
42 40
42 46
42 31
42 30
43 10
44 43
44 49
44 27
45 82
45 50
46 49
47 36
47 22
47 42
47 27
47 43
47 31
47 38
47 39
47 46
49 36
49 33
49 89
49 37
49 45
49 35
49 38
49 24
49 23
49 20
50 76
50 75
50 80
50 79
51 60
51 63
51 62
51 61
52 26
52 35
52 27
52 29
52 28
52 24
52 30
53 95
53 96
54 64
54 57
55 90
55 88
55 77
55 87
55 92
55 84
55 86
55 95
55 91
55 94
55 89
55 75
55 96
56 22
56 20
57 56
57 48
59 79
59 77
59 71
60 88
61 72
61 69
62 26
62 39
62 23
62 21
62 34
62 24
62 31
62 49
62 27
62 41
62 28
62 50
62 45
62 29
62 32
62 35
62 46
62 40
62 47
63 20
63 45
63 13
63 50
63 6
63 18
63 21
63 11
63 19
63 2
63 7
63 14
63 24
63 30
63 49
63 16
63 12
63 62
63 52
64 93
64 92
64 85
64 84
64 83
64 88
64 82
65 72
65 85
68 16
68 59
68 48
68 12
68 6
68 22
68 62
68 32
68 47
69 11
69 17
69 15
69 16
69 1
69 3
69 4
69 8
70 43
70 45
70 39
71 38
71 39
71 45
75 25
75 24
75 31
75 29
75 34
75 23
75 26
78 84
78 80
78 83
78 82
80 52
80 49
80 45
80 62
80 37
80 60
83 79
83 63
83 48
83 39
83 43
83 75
83 80
83 45
83 73
83 58
83 55
87 7
88 19
89 9
89 4
89 10
89 7
90 36
90 41
90 44
90 16
90 38
90 35
90 22
90 32
90 34
90 42
90 25
91 24
91 45
91 31
91 21
91 22
91 25
91 47
91 17
91 20
91 27
91 18
91 46
91 28
