167 13516
1 2
2 3
3 4
4 5
5 6
6 7
7 8
8 9
9 10
10 11
11 12
12 13
13 14
14 15
15 16
16 17
17 18
18 19
19 20
20 21
21 22
22 23
23 24
24 25
25 26
26 27
27 28
28 29
29 30
30 31
31 32
32 33
33 34
34 35
35 36
36 37
37 38
38 39
39 40
40 41
41 42
42 43
43 44
44 45
45 46
46 47
47 48
48 49
49 50
50 51
51 52
52 53
53 54
54 55
55 56
56 57
57 58
58 59
59 60
60 61
61 62
62 63
63 64
64 65
65 66
66 67
67 68
68 69
69 70
70 71
71 72
72 73
73 74
74 75
75 76
76 77
77 78
78 79
79 80
80 81
81 82
82 83
83 84
84 85
85 86
86 87
87 88
88 89
89 90
90 91
91 92
92 93
93 94
94 95
95 96
96 97
97 98
98 99
99 100
100 101
101 102
102 103
103 104
104 105
105 106
106 107
107 108
108 109
109 110
110 111
111 112
112 113
113 114
114 115
115 116
116 117
117 118
118 119
119 120
120 121
121 122
122 123
123 124
124 125
125 126
126 127
127 128
128 129
129 130
130 131
131 132
132 133
133 134
134 135
135 136
136 137
137 138
138 139
139 140
140 141
141 142
142 143
143 144
144 145
145 146
146 147
147 148
148 149
149 150
150 151
151 152
152 153
153 154
154 155
155 156
156 157
157 158
158 159
159 160
160 161
161 162
162 163
163 164
164 165
165 166
166 167
167 1
1 128
1 121
1 129
1 120
1 126
1 130
1 124
1 131
1 122
1 117
1 116
1 133
1 134
1 123
1 127
2 61
2 44
2 59
2 32
2 58
2 42
2 30
2 28
2 35
2 33
2 41
2 55
2 53
2 51
2 52
2 57
2 60
2 39
2 36
2 56
4 21
4 22
5 127
5 123
5 126
5 129
6 19
6 14
6 18
7 77
7 100
7 86
7 88
7 107
7 104
7 87
7 124
7 95
7 101
7 123
7 82
7 84
7 99
7 114
7 78
7 111
7 98
7 75
7 110
7 83
7 74
7 112
7 81
7 113
7 91
7 79
7 80
7 106
7 115
7 119
7 109
7 89
7 76
7 96
7 85
8 27
8 30
8 31
8 33
8 34
8 35
8 36
8 39
8 40
8 37
9 161
10 135
10 129
10 134
10 125
10 132
10 127
10 130
10 133
10 123
10 124
10 122
12 42
12 74
12 67
12 125
12 89
12 114
12 109
12 122
12 76
12 63
12 55
12 66
12 72
12 104
12 123
12 81
12 90
12 48
12 116
12 124
12 88
12 99
12 107
12 100
12 85
12 101
12 75
12 110
12 97
12 69
12 73
12 84
12 47
12 45
12 98
12 57
12 79
12 121
12 108
12 112
12 91
12 83
12 82
12 62
12 49
12 78
12 111
12 64
12 119
12 92
12 117
12 70
13 141
13 136
13 145
13 135
13 138
13 137
13 142
13 134
13 143
14 144
14 133
14 130
14 134
14 140
14 145
14 146
14 141
14 132
14 139
15 104
15 106
15 97
15 102
15 100
15 105
16 147
16 142
16 144
16 140
16 138
16 145
17 123
17 105
17 104
17 88
17 89
17 120
17 124
17 101
17 79
17 127
17 108
17 97
17 86
17 87
17 129
17 113
17 80
17 116
17 93
17 122
17 121
17 107
17 110
17 114
17 115
17 112
17 106
17 96
17 117
17 92
17 119
17 81
17 125
17 126
17 99
17 83
18 88
18 86
18 90
18 85
18 84
19 104
19 90
19 101
19 94
19 95
19 99
19 102
19 103
19 100
20 141
20 142
20 149
20 157
20 136
20 140
20 139
20 134
20 166
20 156
20 159
20 146
20 153
20 165
20 161
20 138
20 151
20 152
20 155
20 143
20 144
22 88
22 86
22 91
22 80
22 87
22 92
22 94
23 112
23 104
23 128
23 113
23 120
23 96
23 93
23 107
23 106
23 119
23 115
23 99
23 92
23 126
23 122
23 121
23 88
23 125
23 108
23 124
23 102
23 105
23 100
23 114
23 90
23 95
23 101
23 89
24 109
24 107
24 113
24 125
24 126
24 103
24 115
24 127
24 122
24 117
24 106
24 118
24 104
24 111
24 124
24 108
24 128
24 116
25 140
26 81
26 80
26 75
26 79
26 72
26 76
26 73
26 74
27 155
27 140
27 151
27 141
27 138
27 142
27 144
27 152
27 143
27 153
27 147
27 150
28 164
29 117
29 128
29 123
29 98
29 134
29 109
29 91
29 105
29 135
29 103
29 110
29 120
29 112
29 139
29 107
29 102
29 126
29 96
29 118
29 136
29 140
29 108
29 84
29 114
29 88
29 127
29 106
29 124
29 138
29 125
29 87
29 100
29 141
29 121
29 94
29 119
29 142
29 129
30 110
30 102
30 79
30 95
30 78
30 72
30 58
30 55
30 109
30 86
30 75
30 62
30 63
30 69
30 67
30 84
30 98
30 82
30 83
30 97
30 104
30 93
30 70
30 100
30 106
30 71
30 54
30 94
30 60
30 101
30 99
30 61
30 90
30 73
30 85
30 74
30 64
31 143
31 148
31 144
31 151
31 150
31 152
31 147
31 154
32 80
33 115
33 123
33 124
33 119
33 121
33 122
33 116
34 39
34 51
34 46
34 38
34 53
34 48
34 45
34 54
34 40
34 43
36 148
36 146
36 128
36 140
36 133
36 137
36 130
36 138
36 129
36 147
36 144
36 136
36 142
36 131
36 145
37 83
37 57
37 54
37 59
37 82
37 62
37 81
37 74
37 60
37 84
37 88
37 87
37 68
37 65
37 69
37 58
37 66
37 70
37 80
37 79
37 75
37 77
37 86
37 56
38 160
38 164
38 162
38 159
38 158
39 147
39 101
39 152
39 91
39 149
39 83
39 122
39 102
39 132
39 124
39 104
39 113
39 148
39 115
39 110
39 144
39 125
39 107
39 120
39 117
39 84
39 109
39 155
39 96
39 114
39 116
39 157
39 103
39 85
39 127
39 137
39 95
39 98
39 97
39 94
39 99
39 145
39 92
39 136
39 133
39 134
39 156
39 86
39 108
39 119
39 112
39 126
39 100
39 143
39 123
40 159
40 146
40 137
40 158
40 164
40 165
40 139
40 157
40 134
40 144
40 156
40 133
40 160
40 135
40 145
40 132
40 152
40 142
40 151
40 150
40 154
40 140
41 130
41 138
41 132
41 134
41 129
41 136
41 127
41 125
43 49
43 48
43 47
43 50
43 45
44 82
44 75
44 80
44 78
44 83
44 74
44 73
44 76
44 77
44 84
44 69
45 155
45 159
45 160
45 145
45 147
45 146
45 142
45 157
45 148
45 154
45 158
45 150
45 152
45 149
45 151
46 59
46 66
46 57
46 53
46 56
46 65
46 54
46 48
46 67
46 51
46 74
46 70
46 68
46 69
47 77
47 78
47 79
48 107
48 85
48 89
48 113
48 115
48 91
48 80
48 88
48 97
48 117
48 116
48 84
48 101
48 111
48 86
48 109
48 82
48 100
48 81
48 79
48 90
48 119
48 103
48 106
48 118
48 92
49 109
49 122
49 114
49 118
49 126
49 124
49 111
49 116
49 120
49 110
49 113
49 117
49 112
49 121
50 57
50 94
50 56
50 88
50 58
50 74
50 70
50 90
50 91
50 80
50 87
50 55
50 61
50 85
50 82
50 86
50 78
50 69
50 62
50 65
50 84
50 68
50 77
50 79
51 153
51 144
51 157
51 159
51 142
51 162
51 141
51 163
51 146
51 149
51 140
51 151
51 148
51 161
51 150
52 153
52 149
52 150
52 156
52 160
52 152
52 159
52 155
53 85
53 99
53 80
53 127
53 94
53 86
53 95
53 100
53 113
53 82
53 79
53 134
53 91
53 112
53 101
53 108
53 137
53 130
53 81
53 122
53 133
53 125
53 132
53 111
53 90
53 96
53 84
53 102
53 83
53 104
53 139
53 119
53 77
53 115
53 121
53 92
53 128
53 105
53 138
53 89
53 114
53 109
54 35
54 46
54 39
54 45
54 42
54 41
54 40
54 43
55 164
55 162
55 165
56 9
56 15
56 20
56 17
56 18
56 6
56 10
56 19
56 7
56 12
57 44
57 47
57 51
57 42
57 55
57 45
57 50
57 40
57 41
57 56
57 39
58 125
58 134
58 120
58 133
58 117
58 131
58 136
58 126
58 118
58 124
58 116
58 114
58 130
58 119
59 108
59 117
59 109
59 119
59 124
59 115
59 113
59 121
59 107
59 122
59 112
59 120
59 110
60 77
60 75
60 72
60 73
60 76
61 50
61 31
61 32
61 48
61 19
61 51
61 39
61 24
61 16
61 13
61 33
61 40
61 21
61 41
61 44
61 30
61 25
61 42
61 12
61 15
61 49
61 35
61 29
61 18
61 47
62 140
62 136
62 137
62 131
62 141
62 132
62 142
63 98
63 99
63 94
63 97
64 69
64 68
64 71
64 70
64 72
65 47
65 45
65 39
65 41
65 49
65 58
65 46
65 48
65 42
65 36
65 57
65 37
65 52
65 56
66 70
66 73
66 63
66 101
66 75
66 94
66 71
66 79
66 64
66 112
66 92
66 74
66 115
66 82
66 86
66 103
66 93
66 95
66 83
66 84
66 62
66 76
66 102
66 72
66 114
66 68
66 81
66 111
66 88
66 87
66 91
66 60
66 65
66 108
67 143
67 134
67 138
67 135
67 130
67 141
67 131
67 129
67 140
68 40
68 41
68 36
68 39
68 27
68 37
68 31
68 35
68 29
68 32
68 38
69 147
69 148
69 138
69 139
69 141
69 140
69 146
69 142
70 131
70 128
70 130
70 127
70 129
70 125
71 163
71 164
72 3
72 7
72 8
72 9
72 14
72 2
72 15
72 5
72 11
72 12
72 10
73 83
73 80
73 48
73 62
73 47
73 36
73 53
73 44
73 40
73 54
73 75
73 61
73 56
73 79
73 70
73 52
73 37
73 66
73 42
73 58
73 38
73 46
73 55
73 57
73 41
73 76
73 43
73 82
73 69
73 64
73 51
73 60
74 39
74 40
74 44
74 42
74 47
74 45
74 33
74 35
74 41
74 36
74 43
74 38
75 160
76 94
76 67
76 105
76 96
76 89
76 75
76 125
76 69
76 104
76 101
76 95
76 82
76 109
76 71
76 64
76 117
76 80
76 122
76 86
76 118
76 120
76 79
76 81
76 123
76 111
76 116
76 98
76 112
76 124
76 72
76 102
76 68
76 91
76 66
76 85
76 78
76 119
76 92
76 113
76 121
76 87
77 34
77 75
77 61
77 22
77 70
77 53
77 26
77 63
77 28
77 38
77 65
77 56
77 49
77 72
77 21
77 27
77 31
77 62
77 76
77 29
77 32
77 69
77 57
77 55
77 25
77 48
77 41
77 30
77 50
77 45
77 54
77 37
77 24
77 71
78 164
79 84
79 103
79 99
79 92
79 91
79 97
79 87
79 98
79 100
79 85
79 96
79 101
79 86
79 95
79 102
80 104
80 100
80 116
80 105
80 106
80 113
80 109
80 114
80 103
80 117
80 115
80 119
80 112
80 118
81 103
81 112
81 114
81 109
81 110
81 113
81 102
81 105
82 65
82 64
83 33
83 35
83 34
83 36
83 42
83 40
85 69
85 75
85 54
85 53
85 82
85 76
85 66
85 74
85 83
85 56
85 62
85 64
85 58
85 70
85 72
85 52
85 84
85 57
85 65
85 51
86 5
86 9
86 27
86 30
86 11
86 22
86 31
86 12
86 6
86 29
86 26
86 15
86 13
86 8
86 19
86 25
86 21
86 17
87 90
87 86
87 108
87 89
87 104
87 96
87 101
87 103
87 92
87 99
87 97
87 95
87 106
87 98
87 113
88 95
88 82
88 91
88 87
88 98
88 90
88 86
88 92
88 96
88 81
88 85
89 45
89 44
89 48
89 50
89 47
90 161
90 157
90 147
90 154
90 159
90 150
90 149
90 152
90 160
91 111
91 94
91 86
91 93
91 74
91 132
91 103
91 148
91 155
91 82
91 96
91 112
91 119
91 116
91 145
91 88
91 101
91 65
91 123
91 152
91 138
91 134
91 71
91 150
91 99
91 62
91 108
91 144
91 81
91 76
91 100
91 75
91 72
91 84
91 113
91 143
91 125
91 67
91 64
91 68
91 73
91 69
91 77
91 127
91 129
91 124
91 115
91 140
91 142
91 107
91 105
91 97
91 130
91 109
91 121
91 120
91 151
91 102
91 149
91 122
91 139
91 117
92 54
92 59
92 50
92 53
92 58
92 57
92 56
93 108
93 143
93 116
93 132
93 115
93 131
93 114
93 134
93 120
93 133
93 144
93 99
93 141
93 129
93 147
93 103
93 119
93 122
93 128
93 111
93 138
93 106
93 140
93 101
93 109
93 112
93 118
95 68
95 45
95 55
95 65
95 62
95 80
95 42
95 43
95 46
95 41
95 72
95 69
95 88
95 74
95 59
95 71
95 63
95 77
95 84
95 44
95 83
95 49
95 40
95 60
95 61
95 54
95 52
95 56
95 85
95 51
95 66
95 87
95 82
95 75
95 67
95 57
96 152
98 139
98 137
98 138
98 134
98 140
98 141
99 121
99 125
99 140
99 127
99 138
99 131
99 139
99 130
99 129
99 132
99 126
99 122
99 134
99 136
100 160
101 116
102 141
102 143
102 145
102 154
102 140
102 150
102 139
102 138
102 159
102 148
102 155
102 157
102 152
103 15
104 91
104 93
104 107
104 102
104 90
104 94
104 101
104 96
104 106
104 99
104 108
105 116
105 117
105 118
106 83
107 30
107 26
107 43
107 37
107 36
107 22
107 24
107 21
107 46
107 45
107 28
107 25
107 53
107 40
107 31
107 49
107 33
107 34
107 29
107 52
107 50
107 20
108 116
108 119
108 114
108 115
109 151
109 150
109 125
109 133
109 139
109 127
109 152
109 148
109 142
109 118
109 132
109 131
109 149
109 145
109 126
109 122
109 138
109 117
109 140
109 136
109 121
110 165
110 136
110 149
110 148
110 157
110 140
110 143
110 142
110 162
110 138
110 147
110 132
110 152
110 141
110 159
110 135
110 137
110 164
110 161
111 51
111 46
111 49
111 99
111 93
111 87
111 89
111 77
111 69
111 100
111 42
111 76
111 104
111 90
111 92
111 54
111 96
111 67
111 64
111 106
111 117
111 70
111 119
111 44
111 56
111 66
111 75
111 120
111 71
111 59
111 113
111 94
111 55
111 122
111 61
111 83
111 110
111 65
111 88
111 84
111 82
111 57
111 97
111 62
111 95
111 91
111 101
111 50
111 107
111 79
112 117
112 125
112 123
112 118
112 124
112 116
112 126
112 121
112 119
113 110
113 111
113 112
113 118
114 110
114 102
114 118
114 112
114 111
114 105
114 120
114 117
114 119
114 116
114 103
114 113
115 110
115 99
115 90
115 117
115 88
115 84
115 94
115 87
115 113
115 126
115 122
115 121
115 82
115 100
115 95
115 105
115 81
115 104
115 118
115 101
115 85
115 112
115 86
115 111
115 91
115 109
115 83
115 123
116 133
117 31
117 32
118 147
118 143
118 146
118 148
118 145
118 144
118 153
118 141
118 149
119 61
119 24
119 73
119 34
119 81
119 62
119 38
119 41
119 57
119 2
119 76
119 43
119 18
119 10
119 35
119 23
119 82
119 3
119 22
119 83
119 12
119 9
119 50
119 28
119 20
119 39
119 72
119 63
119 48
119 78
119 64
119 19
119 74
119 31
119 36
119 52
119 4
119 17
119 77
119 69
119 21
119 66
119 42
119 70
119 45
119 11
119 25
119 14
119 79
119 58
119 49
120 50
120 59
120 39
120 15
120 18
120 28
120 43
120 95
120 87
120 10
120 12
120 61
120 23
120 19
120 69
120 57
120 72
120 27
120 44
120 93
120 53
120 54
120 46
120 74
120 31
120 82
120 32
120 65
120 35
120 88
120 76
120 38
120 26
120 80
120 37
120 25
120 78
120 99
120 16
120 81
120 11
120 60
120 40
120 42
120 85
120 66
120 89
120 98
120 71
120 33
120 30
120 63
120 79
120 77
121 163
121 162
122 150
122 151
122 166
122 143
122 146
122 165
122 160
122 152
122 156
122 148
122 155
122 157
122 164
122 145
122 147
122 149
122 144
123 56
123 61
123 39
123 47
123 64
123 57
123 62
123 41
123 63
123 66
123 48
123 51
123 43
123 36
123 42
123 44
123 37
125 147
125 149
125 152
125 154
126 157
126 164
126 166
126 159
126 163
126 155
126 165
126 158
127 149
127 152
127 155
127 162
127 154
127 164
127 156
127 161
127 158
127 157
128 126
128 118
128 131
128 124
128 133
128 120
128 122
128 125
128 123
128 132
128 121
128 130
129 45
129 31
129 28
129 33
129 32
129 24
129 43
129 41
129 44
129 22
129 17
129 19
129 20
129 40
129 23
129 26
129 42
129 21
129 49
129 34
129 25
129 37
129 51
129 15
129 27
129 52
129 29
130 91
130 82
130 86
130 84
130 92
131 37
131 45
131 80
131 43
131 83
131 86
131 42
131 84
131 47
131 89
131 51
131 87
131 59
131 41
131 46
131 44
131 79
131 63
131 40
131 56
131 50
131 53
131 71
131 67
131 48
131 91
131 74
131 61
131 60
131 54
131 55
131 66
131 72
131 82
132 85
132 114
132 107
132 76
132 93
132 84
132 111
132 78
132 73
132 87
132 100
132 82
132 104
132 106
132 81
132 113
132 105
132 79
132 74
132 86
132 77
132 102
132 96
132 112
132 108
132 91
132 89
134 87
134 83
134 90
134 78
134 92
134 76
134 80
134 81
134 82
134 84
134 95
134 94
134 91
135 13
135 15
136 160
136 165
136 153
136 155
136 161
136 163
136 157
136 162
136 164
136 149
136 151
136 152
137 120
137 146
137 106
137 112
137 125
137 144
137 113
137 142
137 145
137 123
137 147
137 105
137 108
137 130
137 111
137 110
137 101
137 99
137 148
137 124
137 136
137 139
137 117
137 114
137 128
137 134
137 121
137 141
137 126
137 127
138 149
138 164
138 160
138 142
138 156
138 148
138 121
138 144
138 122
138 143
138 136
138 162
138 159
138 137
138 158
138 150
138 155
138 133
138 145
138 152
138 130
138 140
138 153
138 129
138 134
138 161
139 127
139 111
139 114
139 120
139 129
139 124
139 135
139 110
139 123
139 121
139 125
139 115
139 136
139 126
139 134
139 112
139 128
139 119
140 90
140 37
140 17
140 80
140 78
140 83
140 89
140 33
140 54
140 79
140 48
140 30
140 21
140 41
140 91
140 12
140 56
140 72
140 22
140 40
140 34
140 59
140 18
140 81
140 76
140 92
140 82
140 87
140 71
140 63
140 39
140 23
140 49
140 70
140 88
140 19
140 24
140 28
140 55
140 66
140 38
140 43
140 85
140 46
140 58
140 64
140 62
140 61
140 86
140 14
140 27
140 15
140 65
140 45
140 84
140 69
141 98
141 97
141 112
141 118
141 105
141 91
141 115
141 110
141 101
141 95
141 92
141 90
141 120
141 107
141 109
141 106
141 96
141 116
141 114
141 100
141 99
142 104
142 102
142 100
142 101
142 103
143 39
143 5
143 11
143 3
143 25
143 15
143 21
143 40
143 19
143 14
143 26
143 2
143 31
143 9
143 13
143 30
143 36
143 20
143 10
143 23
143 38
143 35
143 6
143 8
143 1
143 32
143 22
143 16
145 95
145 84
145 92
145 87
145 93
145 94
145 88
145 97
145 96
145 91
146 123
146 129
146 126
146 128
147 31
147 29
147 33
147 28
148 155
148 153
148 154
149 141
149 139
149 145
149 142
149 140
149 148
149 147
150 110
150 122
150 108
150 123
150 125
150 117
150 124
150 120
150 111
150 126
150 130
150 118
150 129
150 112
150 119
151 77
151 79
151 75
151 73
151 78
151 81
151 76
151 82
152 29
152 31
152 16
152 26
152 21
152 39
152 38
152 3
152 14
152 4
152 40
152 53
152 9
152 13
152 36
152 17
152 2
152 34
152 19
152 50
152 24
152 6
152 43
152 10
152 18
152 5
152 58
152 54
152 30
152 52
152 56
152 42
152 55
152 49
152 46
152 7
152 35
152 32
153 105
153 81
153 77
153 72
153 114
153 118
153 110
153 66
153 97
153 112
153 67
153 83
153 71
153 111
153 89
153 94
153 90
153 79
153 93
153 76
153 91
153 63
153 75
153 102
153 115
153 61
153 108
153 116
153 64
153 85
153 69
153 107
153 103
153 58
153 106
153 68
153 62
154 158
154 153
154 152
154 160
155 87
155 113
155 123
155 136
155 120
155 99
155 88
155 127
155 111
155 129
155 112
155 103
155 118
155 138
155 145
155 146
155 101
155 108
155 124
155 143
155 149
155 141
155 139
155 97
155 95
155 142
155 96
155 148
155 147
155 134
155 140
155 116
155 122
155 126
155 114
155 151
155 106
155 119
155 89
155 102
155 90
155 92
155 110
156 101
156 105
156 104
156 111
156 97
156 107
156 100
156 112
156 106
156 108
156 109
156 103
156 96
157 21
157 7
157 35
157 30
157 14
157 29
157 18
157 10
157 24
157 20
157 15
157 27
157 13
157 25
157 5
157 37
157 16
157 26
157 17
157 23
157 33
157 31
157 36
157 32
158 30
158 25
158 29
158 24
158 20
158 21
159 27
159 23
159 21
159 30
159 34
159 28
159 32
159 25
159 18
161 151
161 154
161 159
161 157
161 165
161 164
161 158
161 160
161 153
161 152
162 143
162 140
163 108
163 93
163 86
163 90
163 102
163 96
163 87
163 100
163 85
163 105
163 89
163 115
163 88
163 106
163 95
163 111
163 107
163 109
163 99
164 33
164 44
164 31
164 65
164 68
164 57
164 40
164 42
164 39
164 37
164 55
164 56
164 53
164 36
164 48
164 60
164 50
164 67
164 64
164 34
164 43
164 69
164 63
164 41
164 59
164 45
164 54
164 61
164 38
165 35
165 44
165 41
165 36
165 32
165 40
165 38
165 45
165 33
165 42
166 78
166 79
167 166
167 162
1 52
3 38
3 33
3 34
3 32
3 27
3 31
3 45
3 37
3 43
3 39
3 26
4 103
4 115
4 104
4 106
4 113
4 110
4 114
4 108
5 90
5 89
5 86
5 88
5 91
6 163
6 161
7 146
7 142
7 144
7 147
7 143
8 106
8 73
8 118
8 126
8 109
8 112
8 98
8 113
8 115
8 101
8 117
8 102
8 70
8 81
8 116
8 104
8 121
8 127
8 58
8 66
8 86
8 82
8 85
8 84
8 96
8 119
8 89
8 76
8 60
8 77
8 100
8 91
8 61
8 107
8 93
8 62
8 125
8 72
8 78
8 123
8 88
8 94
8 75
8 108
8 105
8 79
9 87
9 77
9 85
9 78
9 91
9 92
9 84
9 72
9 89
9 81
9 90
9 82
9 94
9 88
10 32
10 22
10 27
10 28
10 24
10 25
10 21
10 29
10 20
10 23
11 139
11 133
11 102
11 107
11 106
11 132
11 100
11 140
11 123
11 111
11 125
11 97
11 108
11 135
11 112
11 117
11 124
11 104
11 109
11 129
11 114
11 136
11 105
11 116
11 137
11 131
11 141
11 103
11 98
11 130
11 99
11 119
11 134
12 144
12 93
12 105
12 94
12 145
12 113
12 102
12 140
12 77
12 134
12 136
12 130
12 103
12 135
12 142
12 128
12 141
12 137
12 131
12 120
12 96
12 80
12 126
12 118
13 165
14 18
14 7
14 19
14 11
14 9
14 8
14 17
14 10
14 13
14 6
15 157
15 148
15 156
15 145
15 139
15 140
15 153
15 151
15 142
15 144
15 150
15 149
15 146
15 154
15 159
16 160
16 157
16 155
16 158
16 162
16 159
17 138
17 137
17 143
17 139
17 142
18 118
18 121
18 126
18 116
18 117
18 125
18 119
19 81
19 84
19 80
19 73
19 65
19 59
19 53
19 78
19 72
19 74
19 83
19 61
19 87
19 86
19 85
19 76
19 63
19 77
19 56
19 57
19 70
19 89
19 82
19 71
20 57
20 48
20 52
20 36
20 43
20 42
20 40
20 28
20 24
20 61
20 63
20 32
20 55
20 49
20 19
20 38
20 58
20 37
20 30
20 46
20 41
20 53
20 51
20 47
21 155
21 133
21 151
21 131
21 134
21 128
21 135
21 138
21 142
21 141
21 130
21 149
21 156
21 127
21 143
21 132
21 137
21 139
22 106
22 105
23 109
23 149
23 139
23 156
23 141
23 103
23 131
23 151
23 110
23 153
23 111
23 152
23 136
23 123
23 157
23 147
23 117
23 134
23 137
23 118
23 146
23 140
23 133
23 138
23 155
23 154
23 130
24 61
24 58
24 62
24 60
24 55
25 30
25 35
25 31
25 40
25 38
25 34
25 32
25 27
25 28
26 147
26 148
27 115
27 121
27 94
27 91
27 98
27 113
27 116
27 105
27 95
27 120
27 109
27 108
27 99
27 107
27 92
27 93
27 106
27 118
27 117
27 100
27 112
27 122
27 97
28 24
28 39
28 27
28 22
28 41
28 35
28 45
28 38
28 36
28 23
28 32
28 40
28 34
28 44
28 26
28 25
30 80
30 87
30 91
30 89
30 88
31 103
31 125
31 126
31 161
31 130
31 87
31 89
31 123
31 72
31 84
31 116
31 78
31 108
31 121
31 136
31 124
31 85
31 67
31 95
31 149
31 68
31 145
31 90
31 146
31 114
31 62
31 140
31 80
31 109
31 66
31 157
31 132
31 120
31 77
31 70
31 131
31 59
31 56
31 97
31 102
31 100
31 61
31 160
31 138
31 104
31 128
31 162
31 155
31 99
31 63
31 91
31 57
31 117
31 159
31 75
31 98
31 69
31 133
31 74
31 112
31 86
31 65
31 118
32 29
32 24
32 53
32 11
32 54
32 15
32 22
32 47
32 23
32 14
32 30
32 39
32 20
32 12
32 52
32 43
32 46
32 40
32 60
32 44
32 51
32 42
32 59
32 56
32 57
32 27
32 25
32 26
32 58
32 10
32 34
33 147
33 148
34 139
34 147
34 136
34 149
34 137
34 142
34 141
34 145
34 140
34 151
34 135
34 146
34 143
35 117
35 100
35 123
35 118
35 109
35 77
35 90
35 122
35 127
35 130
35 81
35 128
35 85
35 92
35 87
35 76
35 131
35 124
35 84
35 110
35 108
35 121
35 88
35 78
35 115
35 111
35 103
35 79
35 94
35 101
35 106
35 129
35 96
35 135
35 112
35 132
35 83
36 135
37 92
37 26
37 19
37 23
37 47
37 95
37 85
37 32
37 35
37 34
37 100
37 24
37 76
37 97
37 12
37 55
37 18
37 27
37 101
37 14
37 52
37 30
37 53
37 89
37 13
37 21
37 50
37 43
37 72
37 36
37 39
37 25
37 73
37 20
38 102
38 108
38 92
38 98
38 103
38 95
38 97
38 100
38 105
39 79
39 78
39 72
39 118
39 74
39 106
39 121
39 111
39 68
39 67
39 89
39 66
39 90
39 75
39 93
39 105
39 73
39 80
40 97
40 99
40 101
40 98
40 89
40 94
40 90
40 86
40 93
40 83
40 80
40 102
40 100
40 95
40 104
40 79
41 46
41 62
41 61
41 47
41 36
41 27
41 39
41 49
41 9
41 18
41 55
41 14
41 29
41 12
41 16
41 30
41 15
41 37
41 48
41 28
41 22
41 8
41 19
41 21
41 60
41 43
41 23
41 35
41 53
41 24
41 20
41 31
41 13
42 52
42 49
42 46
42 33
42 32
42 35
42 41
42 40
42 34
42 37
42 53
42 36
42 44
43 84
43 79
43 96
43 105
43 66
43 81
43 99
43 102
43 83
43 87
43 78
43 73
43 67
43 89
43 91
43 68
43 97
43 104
43 75
43 85
43 72
43 90
43 69
43 93
43 95
43 63
43 70
43 88
43 100
44 141
45 44
45 43
46 135
46 134
46 128
46 136
46 132
46 129
47 93
47 98
47 108
47 107
47 110
47 106
47 114
47 115
47 101
47 97
47 92
47 91
47 113
47 109
47 90
47 99
47 95
47 103
47 112
47 96
48 33
48 23
48 35
48 27
48 36
48 52
48 45
48 34
48 32
48 37
48 61
48 62
48 63
48 54
48 29
48 17
48 46
48 42
48 64
48 41
48 22
48 28
48 31
48 59
48 57
48 25
48 19
48 55
48 38
48 56
48 47
48 60
48 20
48 30
49 51
49 52
49 45
49 43
49 48
49 56
49 44
50 37
50 72
50 19
50 67
50 32
50 16
50 30
50 22
50 47
50 45
50 39
50 49
50 41
50 20
50 17
50 35
50 26
50 75
50 66
50 25
50 46
50 28
50 64
50 48
50 24
50 40
50 53
50 13
50 36
50 29
52 83
52 82
52 81
52 84
53 74
53 78
53 69
53 71
53 70
53 76
53 73
54 97
54 105
54 123
54 108
54 113
54 119
54 106
54 120
54 96
54 115
54 117
54 124
54 109
54 110
54 112
54 107
54 93
54 101
54 122
54 118
54 100
54 128
54 111
55 149
56 98
56 112
56 106
56 116
56 90
56 100
56 97
56 108
56 86
56 95
56 117
56 124
56 88
56 85
56 126
56 111
56 92
56 122
56 84
56 118
56 91
56 104
56 109
56 103
56 101
56 99
56 115
56 121
56 93
57 149
57 144
57 135
57 150
57 147
57 129
57 141
57 157
57 131
57 145
57 130
57 134
57 151
57 143
57 155
57 154
57 133
57 127
57 139
57 156
57 159
58 34
58 36
58 41
58 44
58 38
58 42
58 43
58 33
58 35
58 31
59 83
59 80
59 68
59 102
59 98
59 105
59 81
59 67
59 71
59 82
59 125
59 85
59 96
59 73
59 99
59 106
59 123
59 77
59 88
59 101
59 72
59 116
59 70
59 89
59 111
59 79
59 75
59 91
59 126
59 92
60 24
60 29
60 38
60 26
60 28
60 25
60 32
60 39
60 40
60 30
60 31
60 36
60 34
61 138
61 141
61 140
61 136
61 146
61 135
61 137
62 125
62 103
62 133
62 134
62 135
62 107
62 128
62 108
62 112
62 123
62 111
62 113
62 109
62 104
62 117
62 124
62 116
62 127
62 106
63 58
63 134
63 45
63 118
63 73
63 103
63 110
63 42
63 141
63 55
63 143
63 132
63 151
63 82
63 57
63 102
63 127
63 66
63 125
63 87
63 59
63 124
63 75
63 150
63 93
63 154
63 129
63 112
63 51
63 106
63 121
63 81
63 70
63 137
63 65
63 83
63 68
63 135
63 138
63 145
63 54
63 109
63 111
63 90
63 105
63 79
63 133
63 122
63 50
63 43
63 128
63 108
63 47
63 69
63 49
63 101
63 44
63 131
63 77
63 85
63 67
63 76
63 119
63 148
63 155
63 84
63 147
64 53
64 61
64 62
64 60
64 52
64 67
64 59
64 57
64 66
65 67
65 111
65 99
65 64
65 94
65 70
65 71
65 137
65 50
65 55
65 113
65 131
65 28
65 85
65 44
65 125
65 29
65 104
65 146
65 107
65 142
65 54
65 128
65 80
65 77
65 87
65 27
65 97
65 96
65 73
65 103
65 59
65 158
65 90
65 43
65 38
65 119
65 26
65 68
65 51
65 31
65 76
65 144
65 135
65 136
65 127
65 86
65 122
65 92
65 108
65 78
65 88
65 25
65 139
65 75
65 133
65 152
65 30
65 93
65 145
65 134
65 155
65 150
65 120
65 153
65 95
65 105
65 35
65 110
65 109
65 100
65 98
65 32
65 115
65 69
66 80
66 78
66 85
66 77
67 132
67 120
67 154
67 158
67 127
67 142
67 122
67 126
67 133
67 157
67 159
67 150
67 155
67 144
67 145
67 139
67 160
67 153
67 161
67 121
67 123
67 151
67 162
67 137
67 128
67 148
68 125
68 138
68 89
68 94
68 150
68 104
68 73
68 67
68 101
68 130
68 74
68 118
68 95
68 113
68 84
68 152
68 119
68 117
68 102
68 146
68 71
68 139
68 111
68 98
68 93
68 122
68 90
68 145
68 75
68 83
68 149
68 141
68 112
68 116
68 133
68 126
68 107
68 79
68 105
68 86
68 96
68 121
68 147
68 143
68 135
68 87
68 106
68 92
68 137
69 94
69 95
69 91
69 101
69 92
69 93
69 98
69 89
69 86
69 100
70 152
70 156
70 155
70 159
70 153
70 149
70 147
70 142
70 141
70 150
70 146
70 148
70 143
70 157
71 162
71 159
71 160
71 158
72 80
72 92
72 94
72 87
72 89
72 78
72 106
72 85
72 107
72 108
72 98
72 95
72 79
72 101
72 86
72 75
72 93
72 77
73 112
73 116
73 101
73 117
73 97
73 102
73 114
73 100
73 104
73 108
73 99
73 98
73 105
73 109
73 113
74 82
74 86
74 90
74 98
74 100
74 84
74 83
74 94
74 91
74 97
75 150
75 129
75 142
75 137
75 120
75 157
75 155
75 144
75 152
75 124
75 128
75 165
75 117
75 164
75 161
75 132
75 162
75 133
75 139
75 126
75 148
75 159
75 145
75 138
75 119
75 118
75 113
75 141
75 147
75 116
75 114
75 131
75 167
75 115
75 151
76 34
76 19
76 30
76 27
76 18
76 20
76 33
76 29
76 35
76 36
77 51
77 58
78 19
78 20
79 162
79 160
79 161
79 157
81 161
81 165
81 162
81 163
81 166
82 156
82 161
82 160
82 149
82 155
82 158
82 152
82 159
82 157
82 162
83 113
83 105
83 21
83 47
83 114
83 89
83 39
83 109
83 93
83 88
83 52
83 104
83 9
83 57
83 68
83 66
83 86
83 72
83 108
83 31
83 29
83 73
83 111
83 97
83 25
83 99
83 54
83 90
83 55
83 61
83 20
83 2
83 87
83 19
83 16
83 82
83 117
83 75
83 32
83 14
83 44
83 56
83 28
83 71
83 65
83 98
83 64
83 79
83 46
83 18
83 60
83 23
83 69
83 81
83 59
83 5
83 94
83 103
83 45
83 110
83 115
83 15
83 27
83 50
83 91
83 100
83 11
83 77
83 13
84 149
84 153
84 154
84 148
84 144
84 151
85 156
85 142
85 143
85 139
85 152
85 149
85 155
85 150
85 147
86 47
86 49
86 36
86 40
86 37
86 51
86 41
86 42
86 45
86 50
86 39
87 152
87 158
87 117
87 159
87 115
87 139
87 134
87 141
87 118
87 119
87 155
87 111
87 143
87 140
87 127
87 109
87 129
87 153
87 157
87 160
87 130
87 145
87 125
87 156
87 133
87 154
87 120
87 116
87 147
87 131
87 124
87 136
87 149
87 163
87 161
87 110
87 122
87 137
88 140
88 141
88 139
89 49
89 62
89 73
89 77
89 56
89 71
89 57
89 66
89 69
89 65
89 74
89 70
89 53
89 58
89 54
89 75
91 159
91 163
91 161
91 164
92 146
92 130
92 131
92 141
92 134
92 152
92 135
92 140
92 144
92 145
92 150
92 142
92 133
92 149
92 143
92 151
92 148
93 135
93 150
93 139
93 130
93 105
93 113
93 121
93 149
93 98
93 107
93 142
93 100
93 117
93 151
93 148
93 110
93 153
93 125
93 96
93 95
93 145
93 124
93 126
94 144
94 151
94 137
94 117
94 127
94 107
94 105
94 133
94 116
94 141
94 118
94 150
94 143
94 129
94 148
94 121
94 113
94 122
94 131
94 114
94 109
94 145
94 130
94 147
94 110
94 149
94 142
94 112
95 58
95 89
95 73
95 91
95 50
95 47
95 70
95 99
95 92
95 48
95 100
95 97
95 79
95 53
95 93
95 94
95 86
95 90
96 79
96 103
96 107
96 74
96 84
96 57
96 76
96 68
96 56
96 47
96 52
96 92
96 99
96 106
96 48
96 58
96 62
96 72
96 98
96 59
96 50
96 104
96 101
96 61
96 95
96 88
96 102
96 90
96 51
96 100
96 65
96 105
96 54
96 78
96 67
96 82
96 69
96 73
96 60
97 145
97 149
97 139
97 109
97 126
97 128
97 110
97 107
97 153
97 151
97 113
97 135
97 156
97 121
97 108
97 130
97 127
97 141
97 120
97 150
97 112
97 106
97 154
97 157
97 115
97 111
97 136
97 132
97 123
97 152
97 124
97 155
97 131
97 146
97 140
97 147
97 142
97 114
98 146
98 127
98 126
98 113
98 120
98 124
98 145
98 149
98 114
98 130
98 111
98 135
98 147
98 123
98 132
98 144
98 117
98 115
98 112
98 133
98 116
98 118
98 125
99 149
99 155
99 128
99 151
99 153
99 159
99 157
99 137
99 145
99 161
99 133
99 150
99 156
99 146
99 124
99 144
99 147
99 158
99 118
99 160
99 152
100 84
100 97
100 45
100 89
100 79
100 69
100 54
100 99
100 94
100 57
100 39
100 64
100 77
100 111
100 47
100 61
100 49
100 117
100 76
100 43
100 106
100 96
100 95
100 55
100 52
100 46
100 41
100 78
100 85
100 93
100 53
100 112
100 68
100 114
100 40
100 38
100 105
100 73
100 113
100 81
100 92
100 51
100 50
100 90
100 115
100 56
101 23
101 22
101 29
101 13
101 28
101 24
101 21
101 33
101 32
101 16
101 19
101 20
102 36
102 34
102 35
103 24
103 33
103 20
103 46
103 45
103 44
103 25
103 18
103 32
103 42
103 22
103 39
103 21
103 27
103 34
103 40
103 36
103 23
103 19
104 157
104 154
104 153
104 160
104 151
104 147
104 159
104 148
104 162
104 161
104 155
104 150
105 123
105 161
105 141
105 119
105 122
105 144
105 147
105 115
105 124
105 164
105 165
105 153
105 131
105 114
105 139
105 155
105 113
105 156
105 157
105 154
105 149
105 158
105 112
105 140
105 111
105 160
105 133
105 125
105 146
105 109
105 135
105 120
105 136
105 143
106 129
106 123
106 122
106 128
107 163
107 164
108 86
108 54
108 55
108 77
108 72
108 85
108 90
108 89
108 63
108 73
108 49
108 24
108 32
108 47
108 79
108 61
108 37
108 34
108 59
108 28
108 51
108 26
108 29
108 69
108 22
108 66
108 56
108 46
108 64
108 70
108 53
108 78
108 65
108 48
108 23
108 83
108 31
108 84
108 35
108 58
108 36
108 43
108 62
108 52
108 68
110 119
110 134
110 130
110 116
110 128
110 115
110 127
110 126
110 139
110 121
110 129
110 133
110 122
110 125
110 118
111 137
111 160
111 133
111 114
111 134
111 105
111 150
111 139
111 157
111 149
111 123
111 146
111 162
111 159
111 124
111 135
111 131
111 141
111 125
111 126
111 109
111 129
111 121
111 145
111 161
111 118
111 151
111 98
111 127
111 155
112 27
112 42
112 58
112 61
112 34
112 56
112 30
112 60
112 24
112 45
112 43
112 26
112 21
112 37
112 23
112 62
112 35
112 48
112 41
112 49
112 59
112 32
112 38
112 46
112 17
112 53
112 28
112 22
112 55
112 18
112 57
112 33
113 74
113 68
113 76
113 75
113 93
113 84
113 77
113 78
113 87
113 73
113 79
113 82
113 81
113 94
113 67
113 88
114 135
114 130
114 143
114 136
114 132
114 133
114 131
114 144
114 140
114 145
114 141
114 129
114 127
114 128
114 126
115 69
115 70
115 89
115 68
115 80
115 72
115 63
115 76
115 75
115 78
115 79
115 61
115 62
115 64
115 55
115 67
115 60
116 61
116 46
116 69
116 81
116 77
116 78
116 27
116 66
116 15
116 43
116 64
116 23
116 57
116 89
116 63
116 45
116 50
116 55
116 26
116 82
116 79
116 51
116 25
116 72
116 73
116 39
116 52
116 31
116 83
116 44
116 85
116 40
116 87
116 16
116 54
116 28
116 30
116 18
116 33
116 29
116 70
116 71
116 37
116 91
116 34
116 75
116 12
116 21
116 67
116 53
116 93
116 13
117 56
117 57
117 68
117 59
117 53
117 60
117 65
117 50
117 54
117 51
117 58
117 49
117 66
118 115
118 110
118 117
118 116
118 108
118 109
118 107
119 150
119 148
119 149
121 34
121 31
121 35
121 37
121 29
122 141
122 135
122 137
122 138
122 128
122 127
122 126
122 130
122 133
122 132
123 50
123 94
123 100
123 87
123 73
123 81
123 75
123 89
123 74
123 67
123 82
123 53
123 71
123 85
123 90
123 102
123 86
123 68
123 46
123 76
123 59
123 72
123 70
123 88
123 93
123 69
123 92
123 45
123 80
125 60
125 30
125 36
125 61
125 65
125 22
125 59
125 21
125 23
125 64
125 40
125 38
125 28
125 56
125 18
125 39
125 57
125 47
125 48
125 35
125 63
125 43
125 33
125 53
125 46
125 29
125 44
125 54
126 117
126 109
126 118
126 122
126 124
126 114
126 119
126 107
126 123
126 113
126 121
126 120
126 110
126 108
127 133
127 135
127 130
127 140
127 159
127 148
127 125
127 137
127 141
127 163
127 131
127 124
127 153
127 160
127 139
127 151
127 138
128 19
128 14
128 17
128 23
128 21
129 101
129 115
129 107
129 108
129 105
129 97
129 121
129 109
129 93
129 112
129 102
129 91
129 113
129 110
129 118
129 94
129 106
129 100
129 119
129 96
129 111
129 122
130 160
130 162
130 159
131 69
131 70
131 57
131 62
131 88
131 85
131 78
131 64
131 75
132 31
132 33
132 43
132 28
132 47
132 24
132 40
132 29
132 34
132 45
132 26
132 36
132 50
132 49
132 42
132 30
132 44
132 27
132 37
133 31
133 32
133 22
133 15
133 27
133 23
133 29
133 19
133 16
133 25
133 20
133 26
133 30
133 21
134 42
134 43
134 39
135 138
135 153
135 110
135 129
135 120
135 140
135 88
135 103
135 137
135 128
135 92
135 97
135 119
135 155
135 123
135 93
135 154
135 127
135 94
135 148
135 144
135 108
135 95
135 150
135 133
135 145
135 111
135 121
135 82
135 83
135 105
135 96
135 106
135 126
135 124
135 114
135 143
135 113
135 98
135 90
135 122
135 81
135 89
135 157
135 158
135 141
135 151
135 139
135 99
135 152
135 134
135 102
135 91
135 85
136 129
136 123
136 118
136 122
136 113
136 120
136 119
136 107
136 121
136 124
136 110
136 126
137 152
137 143
137 133
137 150
138 166
140 123
140 125
140 105
140 119
140 115
140 124
140 117
140 121
140 109
140 112
140 107
140 118
140 126
140 106
141 162
141 161
141 159
142 86
142 87
142 77
142 88
142 82
142 78
142 80
142 83
143 163
143 165
143 166
144 69
145 159
145 134
145 156
145 161
145 149
145 160
145 135
145 165
145 154
145 162
145 140
145 153
145 163
145 152
145 144
145 139
145 151
146 19
147 78
147 82
147 84
148 23
148 22
148 24
148 29
148 32
148 25
148 28
148 27
149 114
149 119
149 151
149 129
149 157
149 127
149 116
149 159
149 121
149 152
149 134
149 135
149 146
149 112
149 124
149 118
149 115
149 126
149 162
149 161
149 158
149 113
149 132
149 117
149 143
149 153
149 130
149 164
149 122
149 133
149 163
150 128
150 127
150 131
150 132
151 167
151 166
151 164
152 106
152 127
152 100
152 108
152 81
152 103
152 130
152 74
152 73
152 119
152 104
152 133
152 86
152 126
152 92
152 82
152 129
152 125
152 102
152 89
152 88
152 134
152 121
152 123
152 93
152 120
152 112
152 105
152 110
152 90
152 115
152 122
152 131
152 64
152 80
152 124
152 79
152 76
152 83
152 91
152 98
152 61
152 70
152 109
152 135
152 95
152 68
152 66
152 137
152 113
152 132
152 136
153 20
153 35
153 31
153 11
153 50
153 44
153 43
153 28
153 24
153 51
153 34
153 17
153 38
153 19
153 12
153 32
153 23
153 27
153 40
153 16
153 45
153 13
153 26
153 21
153 48
153 33
154 63
154 71
154 84
154 47
154 120
154 44
154 78
154 104
154 64
154 105
154 57
154 95
154 39
154 29
154 112
154 114
154 121
154 69
154 75
154 103
154 59
154 98
154 80
154 85
154 97
154 79
154 82
154 92
154 91
154 77
154 113
154 65
154 58
154 48
154 68
154 67
154 96
154 33
154 62
154 83
154 108
154 76
154 99
154 93
154 34
154 41
154 107
154 116
154 111
154 86
154 31
154 72
154 53
154 118
154 46
154 66
154 110
154 123
154 50
154 55
154 74
154 122
154 102
154 28
155 86
155 80
155 61
155 72
155 64
155 62
155 73
155 58
155 46
155 83
155 57
155 55
155 38
155 51
155 105
155 66
155 81
155 40
155 45
155 59
155 60
155 71
155 121
155 53
155 70
155 42
155 82
155 44
155 98
155 68
155 109
155 79
155 63
155 48
155 91
155 93
155 39
155 84
155 78
156 160
156 164
156 166
156 161
156 163
157 62
157 90
157 67
157 57
157 68
157 79
157 43
157 63
157 55
157 102
157 80
157 61
157 74
157 94
157 50
157 56
157 107
157 97
157 112
157 44
157 96
157 76
157 70
157 38
157 109
157 39
157 95
157 51
157 116
157 104
157 64
157 113
157 98
157 58
157 72
157 108
157 45
157 59
157 92
157 110
157 77
157 75
157 60
157 93
157 41
157 91
157 87
157 103
157 111
157 106
157 117
157 89
158 66
158 48
158 61
158 65
158 45
158 55
158 58
158 57
158 50
158 70
158 44
158 62
158 73
158 68
158 71
158 49
158 60
158 46
158 64
158 47
158 52
159 84
159 83
160 59
160 52
160 57
160 54
160 55
160 53
161 140
161 114
161 139
161 93
161 149
161 116
161 98
161 150
161 111
161 87
161 120
161 110
161 105
161 128
161 85
161 145
161 91
161 156
161 103
161 147
161 155
161 112
161 123
161 107
161 88
161 136
161 89
161 90
161 109
161 86
161 106
161 125
161 102
161 121
161 118
161 141
161 133
161 142
161 117
161 97
161 122
162 60
162 68
162 96
162 97
162 93
162 91
162 70
162 89
162 99
162 104
162 78
162 79
162 103
162 84
162 71
162 82
162 100
162 67
162 101
162 76
162 86
162 102
162 81
162 106
162 63
162 69
162 90
162 77
162 88
162 92
162 61
162 107
162 65
162 87
162 94
163 43
163 34
163 33
163 39
163 36
163 42
163 32
163 37
163 38
164 153
164 163
164 152
164 155
164 157
164 147
164 161
164 158
164 150
164 148
164 151
164 159
165 135
165 123
165 147
165 127
165 144
165 131
165 159
165 142
165 138
165 134
165 125
165 118
165 152
165 140
165 155
165 151
165 121
165 156
165 146
165 145
165 139
165 158
165 136
165 120
165 119
165 162
165 128
165 153
166 153
166 164
166 155
166 143
166 147
166 154
166 161
166 159
166 149
166 145
166 157
166 165
166 144
166 162
166 148
166 160
166 156
166 163
167 142
167 136
167 163
167 139
167 132
167 148
167 156
167 144
167 164
167 153
167 145
167 157
167 146
167 133
167 129
167 159
167 152
167 140
167 137
167 150
167 131
1 111
1 113
1 87
1 101
1 92
1 115
1 78
1 125
1 89
1 106
1 85
1 108
1 81
1 96
1 100
1 86
1 82
1 105
1 77
1 107
1 99
1 83
1 119
1 114
2 161
2 159
3 134
3 143
3 139
3 141
3 142
3 145
3 138
3 148
3 144
3 135
4 131
4 136
4 126
4 120
4 130
4 138
4 125
4 139
4 123
4 133
4 134
4 129
4 119
4 140
4 132
4 122
4 142
4 124
5 39
5 36
5 37
6 10
6 13
6 12
6 11
6 9
6 16
7 19
7 36
7 34
7 24
7 21
7 49
7 9
7 54
7 28
7 13
7 71
7 68
7 25
7 60
7 17
7 45
7 47
7 35
7 50
7 40
7 20
7 61
7 11
7 27
7 32
7 10
7 29
7 56
7 65
7 62
7 67
7 42
7 44
7 51
7 73
7 33
7 72
7 63
7 38
7 39
7 30
7 5
7 57
7 18
7 46
7 48
7 14
7 53
7 16
7 70
8 146
8 130
8 143
8 128
8 122
8 139
8 148
8 145
8 124
8 142
8 137
8 134
8 138
8 149
8 147
8 135
8 144
8 120
8 131
8 114
9 57
9 70
9 48
9 43
9 67
9 65
9 54
9 52
9 49
9 45
9 64
9 66
9 63
9 56
9 69
9 55
9 71
9 47
9 51
9 73
10 152
10 142
10 145
10 126
10 141
10 140
10 151
10 148
10 139
10 150
10 138
10 136
10 149
10 146
10 144
11 66
11 88
11 79
11 51
11 62
11 84
11 67
11 58
11 64
11 48
11 60
11 94
11 69
11 96
11 49
11 53
11 83
11 65
11 50
11 52
11 91
11 47
11 86
11 73
11 63
11 92
11 74
11 75
11 68
11 77
11 82
12 127
12 129
12 115
13 99
13 20
13 76
13 23
13 68
13 97
13 78
13 102
13 79
13 91
13 84
13 36
13 41
13 100
13 80
13 50
13 69
13 58
13 53
13 60
13 28
13 47
13 98
13 44
13 26
13 77
13 71
13 70
13 64
13 72
13 45
13 83
13 62
13 46
13 66
13 67
13 56
13 39
13 49
13 88
13 19
13 57
13 87
13 86
13 82
13 108
13 105
13 85
13 32
13 89
13 22
13 30
13 93
13 59
13 74
13 33
13 61
14 143
14 142
15 143
15 141
15 147
16 133
16 151
16 139
16 149
16 143
16 148
16 135
16 146
17 111
17 118
17 148
17 147
17 131
17 135
17 130
17 144
17 140
17 132
17 109
17 136
17 151
17 145
17 128
17 152
17 150
17 141
17 133
18 127
18 134
18 144
18 128
18 139
18 147
18 137
18 131
18 146
18 138
18 122
18 130
18 142
18 124
18 135
18 129
18 145
19 27
19 18
19 25
19 22
19 16
19 23
20 87
20 89
20 88
20 90
20 83
20 86
20 84
20 81
20 77
20 78
21 80
21 81
21 85
21 76
21 87
21 89
21 78
21 77
21 88
21 82
21 91
22 45
22 44
22 30
22 43
22 35
22 46
22 36
22 50
22 41
22 29
22 37
22 38
22 27
22 40
22 49
22 42
23 148
23 143
23 142
23 144
24 52
24 65
24 51
24 92
24 57
24 94
24 48
24 59
24 78
24 64
24 82
24 85
24 95
24 84
24 114
24 66
24 86
24 70
24 112
24 67
24 100
24 49
24 81
24 56
24 63
24 54
24 71
24 76
24 97
24 87
24 101
25 142
25 141
25 139
26 66
26 60
26 64
26 62
27 44
27 82
27 84
27 55
27 23
27 101
27 41
27 111
27 79
27 110
27 114
27 37
27 21
27 35
27 19
27 74
27 36
27 80
27 22
27 56
27 33
27 47
27 18
27 58
27 81
27 62
27 57
27 88
27 34
27 49
27 52
27 39
27 45
27 42
27 96
27 38
27 51
27 76
27 24
27 30
27 103
27 29
27 50
27 90
27 61
28 13
29 19
29 28
29 14
29 13
29 15
29 20
29 17
29 32
29 12
29 24
29 22
29 18
29 10
29 27
29 26
30 77
30 120
30 76
30 114
30 92
30 107
30 108
30 111
30 116
30 121
30 96
30 113
31 141
31 134
31 153
31 135
31 158
31 139
31 137
31 142
32 18
32 19
32 21
33 98
33 97
33 96
34 62
34 69
34 64
34 71
34 67
34 66
34 68
34 63
34 59
36 143
37 71
37 117
37 121
37 114
37 115
37 103
37 111
37 110
37 122
37 107
37 90
37 91
37 108
37 93
37 112
37 120
37 123
37 105
38 140
38 128
38 139
38 150
38 151
38 131
38 141
38 143
38 154
38 149
38 146
38 142
38 125
38 136
38 135
38 129
38 144
38 127
39 130
39 128
39 142
39 131
39 140
40 85
40 84
40 73
40 70
40 91
40 74
40 87
40 88
40 66
40 76
40 81
40 67
41 156
41 154
41 148
41 145
41 155
41 146
41 147
41 157
41 143
42 161
42 162
42 163
43 129
43 159
43 139
43 145
43 148
43 135
43 128
43 130
43 122
43 133
43 120
43 121
43 146
43 138
43 131
43 154
43 140
43 142
43 118
43 157
43 125
43 123
43 156
43 136
43 162
43 151
43 144
43 153
45 77
45 75
45 82
45 76
45 80
46 23
46 9
46 58
46 50
46 60
46 38
46 55
46 73
46 45
46 40
46 13
46 26
46 18
46 61
46 10
46 29
46 12
46 35
46 15
46 22
46 30
46 16
46 8
46 37
46 52
46 27
46 28
46 42
46 19
46 20
46 39
46 36
46 6
46 41
46 44
46 34
46 7
47 76
47 50
47 74
47 66
47 43
47 39
47 64
47 36
47 53
47 72
47 44
47 37
47 87
47 84
47 81
47 49
47 89
47 86
47 60
47 61
47 33
47 46
47 54
47 68
47 40
47 41
47 80
47 59
47 71
47 51
47 88
47 83
47 85
47 56
47 58
48 87
48 98
48 94
48 99
48 95
48 105
48 76
48 78
48 93
49 82
49 76
49 162
49 89
49 144
49 160
49 128
49 152
49 140
49 147
49 88
49 136
49 87
49 125
49 106
49 161
49 95
49 96
49 77
49 143
49 94
49 163
49 154
49 123
49 132
49 159
49 138
49 145
49 100
49 165
49 92
49 158
49 135
49 156
49 142
49 155
49 79
49 99
49 98
49 146
49 148
49 137
49 103
49 75
51 156
51 152
51 158
51 166
52 98
52 101
52 73
52 95
52 109
52 69
52 77
52 89
52 75
52 106
52 97
52 104
52 72
52 76
52 93
52 102
52 68
52 94
52 91
52 90
53 157
53 145
53 142
53 147
53 149
53 144
53 151
53 140
53 159
53 156
53 158
53 154
53 146
53 150
54 153
54 160
54 159
54 158
54 152
54 155
54 156
54 157
54 154
55 99
55 103
55 64
55 84
55 90
55 57
55 85
55 113
55 91
55 96
55 78
55 109
55 76
55 88
55 75
55 81
55 79
55 108
55 74
55 59
55 63
55 80
55 71
55 114
55 98
55 58
55 86
55 89
55 62
55 53
55 95
55 111
55 112
55 69
55 92
55 65
55 70
55 105
56 89
56 87
56 107
56 96
56 105
57 152
57 137
57 140
57 132
57 153
57 148
57 146
58 157
58 158
59 61
59 64
59 65
59 63
60 55
60 46
60 37
60 45
60 59
60 51
60 74
60 68
60 57
60 42
60 41
60 67
60 63
60 65
60 54
60 58
60 70
60 52
60 47
60 49
60 66
60 43
61 117
61 90
61 122
61 86
61 80
61 82
61 106
61 103
61 114
61 91
61 128
61 110
61 121
61 131
61 78
61 88
61 102
61 99
61 79
61 98
61 93
61 124
61 113
61 96
61 111
61 116
61 123
61 105
61 85
61 104
61 108
61 77
61 89
62 102
62 98
62 105
62 96
62 99
62 94
63 41
63 71
63 74
63 40
63 72
63 62
63 89
63 61
63 78
63 52
63 80
63 53
64 123
64 93
64 124
64 110
64 114
64 118
64 112
64 102
64 115
64 126
64 107
64 100
64 116
64 127
64 104
64 95
64 97
64 106
64 101
64 98
64 111
65 101
65 83
65 147
65 114
65 140
65 79
65 132
65 117
65 138
65 89
65 143
65 141
65 124
65 130
65 112
65 102
65 91
66 98
66 97
66 89
66 99
66 100
67 104
67 70
67 74
67 77
67 66
67 124
67 112
67 108
67 110
67 85
67 89
67 72
67 88
67 106
67 76
67 116
67 101
67 75
67 79
67 100
67 81
67 119
67 98
67 111
67 115
67 109
67 82
67 83
67 96
67 91
67 78
68 82
68 85
68 50
68 34
68 46
68 30
68 54
68 53
68 51
68 52
68 45
68 44
68 60
68 59
68 48
68 57
68 42
68 64
68 81
68 72
68 76
68 77
69 53
69 50
69 33
69 56
69 41
69 47
69 39
69 28
69 52
69 35
69 51
69 44
69 36
69 57
69 40
69 48
69 31
69 43
70 96
70 101
70 99
70 97
70 100
70 85
70 86
70 89
70 102
70 106
70 88
70 87
70 95
70 105
70 98
70 84
71 15
71 16
72 61
72 34
72 96
72 102
72 37
72 54
72 142
72 88
72 134
72 117
72 110
72 60
72 105
72 132
72 123
72 124
72 55
72 41
72 130
72 128
72 104
72 137
72 125
72 48
72 100
72 118
72 45
72 114
72 36
72 40
72 129
72 91
72 52
72 122
72 138
72 42
72 49
72 50
72 84
72 139
72 119
72 135
72 62
72 112
72 43
72 136
72 47
72 131
72 56
72 46
72 97
72 116
72 133
72 64
72 143
72 90
72 83
72 65
72 44
72 126
72 141
73 146
73 145
73 147
74 129
74 143
74 138
74 140
74 146
74 148
74 133
74 134
74 136
74 127
74 145
74 147
74 132
75 149
75 156
75 153
75 154
76 130
76 128
76 106
76 140
76 142
76 133
76 141
76 110
76 139
76 127
76 129
76 132
76 135
76 108
76 126
77 64
77 74
77 80
77 82
77 66
77 79
78 139
78 137
78 141
78 138
79 139
79 111
79 143
79 117
79 121
79 140
79 141
79 105
79 116
79 145
79 124
79 110
79 128
79 115
79 120
79 114
79 135
79 133
79 136
79 129
79 134
79 112
79 147
79 107
79 137
79 131
79 106
80 141
80 133
80 138
80 131
80 132
80 136
80 137
80 140
81 108
81 107
82 62
82 63
82 67
82 66
83 119
83 123
83 118
83 128
83 130
83 122
83 136
83 137
83 135
83 131
83 129
83 124
83 121
83 133
83 126
83 132
84 22
84 25
84 7
84 27
84 11
84 10
84 9
84 4
84 1
84 3
84 16
84 26
84 8
85 123
85 148
85 91
85 137
85 81
85 134
85 71
85 107
85 133
85 68
85 116
85 79
85 122
85 140
85 88
85 96
85 77
85 127
85 101
85 154
85 80
85 141
85 130
85 113
85 92
85 60
85 120
85 102
85 124
85 151
85 126
85 114
85 59
85 110
85 90
85 108
85 94
85 135
85 153
85 89
85 146
85 125
85 67
85 121
86 66
86 23
86 78
86 83
86 58
86 101
86 61
86 34
86 32
86 52
86 72
86 20
86 94
86 92
86 104
86 14
86 100
86 75
86 33
86 18
86 74
86 98
86 38
86 62
86 84
86 24
86 43
86 53
86 63
86 82
86 93
86 56
86 71
86 54
86 103
86 67
86 91
86 105
86 44
86 65
87 164
87 166
87 165
87 162
88 162
89 155
89 149
89 160
89 148
89 152
89 157
89 147
89 159
89 150
89 156
89 154
90 101
90 98
90 96
90 97
91 110
91 114
92 37
92 40
92 43
92 55
92 60
92 39
92 44
92 27
92 34
92 46
92 29
92 30
92 62
92 65
92 26
92 22
92 28
92 64
92 24
92 32
92 36
92 47
92 63
92 51
92 48
92 31
93 123
93 136
93 127
94 157
94 120
94 152
94 119
94 155
94 126
94 123
94 158
94 134
94 125
94 136
94 146
97 13
97 27
97 20
97 16
97 24
97 26
97 15
97 23
97 11
97 10
97 18
97 19
97 8
98 1
98 11
98 5
98 17
98 20
98 3
98 6
98 7
98 16
98 15
98 22
98 2
98 9
99 163
100 132
100 66
100 82
100 67
100 102
100 131
100 65
100 126
100 107
100 87
100 110
100 134
100 127
100 48
100 86
100 146
100 137
100 70
100 119
100 133
100 135
100 136
100 118
100 128
100 130
100 116
100 83
100 138
100 42
100 60
100 37
100 62
100 124
100 74
100 139
100 80
100 120
100 104
100 98
100 44
100 143
100 125
101 162
101 156
101 163
101 159
101 158
101 157
101 160
102 147
102 153
102 146
102 156
102 144
103 64
103 41
103 75
103 35
103 38
103 80
103 58
103 49
103 56
103 72
103 53
103 74
103 62
103 66
103 29
103 61
103 76
103 73
103 28
103 47
103 55
103 51
103 52
103 68
103 70
103 67
103 30
103 71
103 69
103 54
104 164
104 167
104 149
104 165
104 156
104 146
104 145
105 19
105 9
105 21
105 15
105 16
105 13
105 20
105 11
105 22
105 23
105 17
106 126
106 121
106 133
106 135
106 154
106 145
106 163
106 140
106 119
106 147
106 139
106 141
106 134
106 157
106 130
106 118
106 124
106 143
106 152
106 131
106 162
106 151
106 144
106 132
106 148
106 158
106 150
107 18
107 38
107 32
107 87
107 94
107 98
107 56
107 91
107 41
107 69
107 54
107 23
107 48
107 96
107 77
107 83
107 59
107 19
107 86
107 90
107 42
107 73
107 51
107 82
107 65
107 71
107 70
107 67
107 27
107 76
107 85
107 89
107 47
107 78
107 79
107 100
107 44
107 80
107 92
107 60
107 88
108 132
108 129
108 124
108 125
108 134
108 128
108 130
109 100
109 141
109 79
109 84
109 80
109 75
109 88
109 108
109 130
109 73
109 97
109 71
109 91
109 116
109 103
109 144
109 111
109 89
109 106
109 112
109 93
109 76
109 90
109 85
109 107
109 102
109 82
109 94
109 77
109 124
109 123
109 98
109 95
109 105
109 120
110 101
111 36
111 18
111 48
111 58
111 23
111 25
111 29
111 31
111 14
111 15
111 43
111 12
111 37
111 68
111 19
111 63
111 7
111 13
111 21
111 26
111 53
111 28
111 45
111 40
111 33
111 32
111 34
111 35
111 60
111 11
111 47
112 146
112 144
112 154
112 141
112 156
112 145
112 147
112 155
112 142
112 150
113 89
113 90
113 98
113 86
113 99
113 95
113 85
113 97
114 155
115 74
115 73
115 71
115 77
116 65
116 59
116 60
116 68
116 58
116 76
117 67
117 62
117 70
117 64
117 63
117 69
118 122
118 121
118 137
118 127
118 120
118 135
118 128
118 114
118 131
118 136
118 104
118 123
118 133
118 126
118 140
118 113
118 152
118 132
118 142
119 53
119 26
119 32
119 55
119 33
119 40
119 56
119 46
119 16
119 13
119 54
119 59
119 44
119 29
120 127
120 94
120 100
120 118
120 109
120 130
120 132
120 105
120 101
120 128
120 119
120 129
120 136
120 123
120 134
120 122
120 110
120 133
120 97
120 117
120 115
120 103
120 111
120 102
120 104
120 138
120 126
120 139
120 116
120 135
121 165
122 91
122 85
122 125
122 96
122 99
122 100
122 114
122 117
122 95
122 105
122 118
122 106
122 84
122 104
122 87
122 86
122 109
122 131
122 108
122 98
122 93
122 88
122 119
122 115
122 97
122 89
122 113
123 60
123 78
123 49
123 83
123 54
123 77
124 151
124 143
124 155
124 145
124 142
124 147
124 148
124 146
124 153
125 159
125 106
125 153
125 137
125 142
125 105
125 113
125 144
125 109
125 110
125 123
125 124
125 138
125 139
125 121
125 116
125 160
125 140
125 136
125 114
125 133
125 143
125 158
125 115
125 135
125 150
125 146
125 155
125 129
125 127
125 120
125 131
125 132
125 145
125 157
125 128
126 115
126 116
127 136
127 142
127 134
127 147
127 144
127 146
127 145
127 143
128 58
128 45
128 57
128 43
128 56
128 52
128 41
128 42
128 60
128 62
128 48
128 44
128 53
128 50
130 126
131 24
131 22
131 33
131 14
131 11
131 17
131 34
131 16
131 10
131 21
131 8
131 28
131 32
131 27
131 26
131 9
131 23
132 130
132 150
132 162
132 147
132 137
132 131
132 152
132 141
132 140
132 154
132 148
132 156
132 127
132 158
132 136
132 164
132 159
132 144
132 143
132 149
132 128
132 139
132 161
132 160
133 117
133 103
133 100
133 132
133 121
133 98
133 109
133 94
133 96
133 104
133 126
133 131
133 106
133 127
133 105
133 137
133 116
133 108
133 141
133 129
133 95
133 135
133 140
133 115
133 88
133 114
133 99
133 107
133 97
133 101
133 138
133 92
133 89
133 130
133 123
133 112
133 128
133 113
134 77
134 66
134 75
134 68
134 60
134 58
134 74
134 72
134 65
134 59
134 57
134 67
134 73
135 70
135 67
135 75
135 79
135 65
135 74
135 77
135 69
135 68
136 101
136 104
137 74
137 78
137 87
137 94
137 71
137 91
137 92
137 89
137 95
137 76
137 79
137 85
137 86
137 83
137 72
137 77
137 66
137 68
137 90
138 101
138 90
138 95
138 94
138 107
138 77
138 96
138 80
138 88
138 82
138 124
138 84
138 128
138 112
138 97
138 110
138 87
138 120
138 113
138 105
138 126
138 103
138 79
138 81
138 78
138 76
138 98
138 119
138 99
138 127
138 131
138 108
138 102
138 86
138 115
138 132
138 85
139 98
139 99
139 96
139 91
139 97
139 101
139 100
139 94
139 90
140 116
140 130
140 128
140 132
140 129
141 119
142 116
142 123
142 105
142 115
142 113
142 119
142 110
142 122
142 120
142 125
142 98
142 117
142 112
142 127
142 118
142 126
142 111
142 121
143 34
143 37
144 119
144 114
144 110
144 127
144 129
144 115
144 134
144 135
144 143
144 117
144 123
144 126
144 124
144 133
144 130
144 121
144 137
144 131
144 141
144 136
145 89
145 56
145 48
145 49
145 67
145 61
145 74
145 64
145 78
145 115
145 100
145 90
145 40
145 79
145 39
145 98
145 65
145 55
145 116
145 108
145 101
145 102
145 75
145 43
145 81
145 110
145 38
145 45
145 51
145 68
145 57
145 41
145 117
145 80
145 85
145 69
145 82
145 62
145 105
145 77
145 83
145 66
145 86
145 99
145 63
146 137
146 138
147 135
147 150
147 126
147 142
147 129
147 134
147 137
147 159
147 167
147 128
147 125
147 154
147 141
147 136
147 144
147 139
147 132
147 155
147 146
147 156
147 165
147 143
147 164
147 151
147 161
147 149
147 145
148 70
148 58
148 83
148 76
148 45
148 57
148 79
148 73
148 89
148 53
148 63
148 88
148 61
148 64
148 69
148 78
148 68
148 51
148 54
148 62
148 71
148 90
148 87
148 52
148 55
148 49
148 47
148 50
148 65
148 80
148 67
149 40
149 46
149 36
149 44
149 33
149 41
149 42
149 43
149 39
150 63
150 80
150 98
150 102
150 56
150 58
150 97
150 99
150 67
150 103
150 68
150 94
150 95
150 89
150 106
150 87
150 72
150 76
150 73
150 93
150 60
150 101
150 85
150 62
150 64
150 57
150 66
150 79
150 88
150 114
150 59
150 91
150 90
150 104
152 48
152 51
152 37
152 41
152 45
152 44
152 47
153 60
153 96
153 133
153 140
153 122
153 130
153 128
153 141
153 82
153 70
153 84
153 123
153 119
153 100
153 98
153 80
153 113
153 127
153 73
153 120
153 74
153 55
153 124
153 104
153 117
153 87
153 137
153 92
153 125
153 129
153 78
153 134
153 109
153 138
155 27
155 26
156 165
156 167
157 145
157 161
157 153
157 162
157 144
157 160
157 143
157 149
157 142
157 141
157 146
157 159
157 151
158 34
158 79
158 18
158 75
158 32
158 33
158 86
158 69
158 19
158 72
158 82
158 14
158 51
158 59
158 22
158 54
158 15
158 53
158 42
158 63
158 16
158 27
158 36
158 80
158 31
158 26
158 87
158 56
158 78
158 76
158 39
158 17
158 83
158 84
159 115
159 135
159 119
159 112
159 87
159 111
159 86
159 114
159 128
159 96
159 92
159 76
159 130
159 106
159 124
159 103
159 117
159 102
159 101
159 99
159 127
159 85
159 98
159 122
159 89
159 88
159 97
159 107
159 118
159 120
159 78
159 77
159 108
159 129
159 110
159 79
159 121
160 131
160 129
160 130
161 81
161 42
161 66
161 55
161 53
161 29
161 34
161 76
161 84
161 39
161 41
161 24
161 26
161 51
161 74
161 65
161 62
161 43
161 83
161 82
161 56
161 28
161 40
161 32
161 49
161 75
161 80
161 57
161 22
161 59
161 35
161 73
161 44
161 36
161 77
161 60
161 79
162 98
162 85
162 126
162 116
162 120
162 105
162 118
162 73
162 121
162 131
162 114
162 113
162 80
162 119
162 123
162 72
162 122
162 83
162 95
162 112
162 124
163 118
163 116
163 114
163 120
163 92
163 94
163 119
163 110
163 113
164 47
164 49
165 104
165 85
165 94
165 111
165 97
165 90
165 79
165 78
165 102
165 113
165 72
165 74
165 88
165 73
165 103
165 75
165 76
165 86
165 106
165 92
165 101
165 109
165 82
167 112
167 119
167 103
167 124
167 115
167 114
167 107
167 116
167 102
167 106
167 109
167 125
167 130
167 123
167 110
167 122
167 143
167 134
167 104
167 98
167 138
167 118
1 102
1 104
1 97
1 110
1 118
2 15
2 48
2 49
2 27
2 20
2 17
2 50
2 22
2 37
2 46
2 29
2 24
2 47
3 62
3 59
3 71
3 56
3 42
3 65
3 78
3 74
3 54
3 52
3 75
3 49
3 61
3 47
3 68
3 73
3 55
3 64
3 77
3 60
3 48
3 70
3 36
3 63
3 41
3 40
3 66
4 71
4 80
4 76
4 70
4 81
4 75
4 78
4 74
4 73
5 67
5 76
5 60
5 61
5 65
5 66
5 71
5 62
5 77
5 70
5 64
7 156
7 166
7 163
7 159
7 164
7 152
7 149
7 153
7 165
7 157
7 150
7 161
8 151
8 110
8 140
8 136
8 132
8 129
8 111
8 152
8 150
9 137
9 155
9 162
9 163
9 160
9 142
9 135
9 157
9 141
9 130
9 143
9 125
9 144
9 158
9 138
9 156
9 150
9 124
9 133
9 154
9 147
9 151
9 129
9 134
9 153
9 159
11 14
11 17
11 2
11 9
11 16
11 6
11 7
11 15
11 4
12 132
12 154
12 143
12 153
12 133
12 138
12 150
12 149
12 148
12 151
12 147
12 157
12 139
13 162
13 164
14 81
14 86
14 82
14 102
14 75
14 94
14 77
14 89
14 136
14 123
14 129
14 135
14 115
14 79
14 117
14 92
14 122
14 116
14 74
14 125
14 91
14 109
14 118
14 131
14 85
14 93
14 103
14 107
14 96
14 101
14 108
14 87
14 106
14 90
14 76
14 110
14 84
14 99
14 114
14 95
14 111
15 155
16 131
16 132
16 137
16 141
16 136
17 61
17 67
17 62
17 63
18 65
18 64
18 67
19 111
19 108
19 113
19 105
19 110
19 117
19 119
19 114
20 117
20 121
20 133
20 115
20 100
20 137
20 128
20 114
20 101
20 127
20 110
20 107
20 118
20 109
20 123
20 113
20 111
20 102
20 99
20 125
20 147
20 98
20 104
20 131
20 124
20 129
20 93
20 94
20 95
21 63
21 62
21 83
21 28
21 36
21 40
21 25
21 39
21 30
21 27
21 38
21 54
21 29
21 69
21 24
21 32
21 73
21 48
21 33
21 45
21 49
21 65
21 56
21 50
21 75
21 84
21 74
21 34
21 70
21 26
21 43
21 46
21 41
21 31
21 51
21 35
21 72
21 47
22 164
23 162
24 138
24 131
24 137
24 139
24 121
24 140
24 120
24 129
24 134
24 135
24 123
24 119
25 102
25 111
25 82
25 77
25 94
25 109
25 91
25 97
25 74
25 72
25 78
25 70
25 95
25 89
25 84
25 90
25 107
25 73
25 81
25 103
25 86
25 76
25 96
25 69
25 92
25 71
25 85
25 83
27 65
27 77
27 68
27 59
27 67
27 89
27 72
27 119
27 69
27 71
27 78
27 60
27 85
27 86
27 64
27 83
27 63
27 104
27 70
28 18
28 14
28 31
28 9
28 30
28 8
28 15
28 20
28 11
28 17
29 86
29 74
29 95
29 78
29 60
29 113
29 68
29 64
29 76
29 89
29 77
29 85
29 62
29 81
29 99
29 93
29 73
29 72
29 66
29 122
29 79
29 90
29 61
29 104
29 111
29 75
30 140
30 141
31 122
32 88
32 123
32 112
32 81
32 97
32 105
32 77
32 106
32 104
32 122
32 91
32 85
32 92
32 117
32 99
32 103
32 102
32 100
32 94
32 79
32 111
32 78
32 93
32 107
32 113
32 87
32 89
32 98
32 108
32 121
33 60
34 37
35 162
35 164
35 161
35 160
35 159
35 153
35 155
35 156
35 154
35 158
36 141
37 165
37 163
37 164
39 77
39 76
40 77
40 78
41 97
41 96
41 99
41 94
42 96
42 98
42 101
42 92
42 95
42 87
42 94
42 97
42 89
42 88
42 100
43 126
43 92
43 112
43 110
43 107
43 106
43 127
43 117
43 108
43 98
43 113
44 129
44 131
44 130
44 134
45 116
45 119
45 112
45 137
45 138
45 121
45 107
45 124
45 111
45 122
45 106
45 133
45 130
45 118
45 129
45 131
45 126
45 105
45 134
45 125
46 33
46 25
46 71
46 110
46 63
46 139
46 111
46 106
46 149
46 64
46 98
46 76
46 109
46 144
46 32
46 2
46 123
46 154
46 62
46 122
46 96
46 138
46 151
46 75
46 91
46 43
46 100
46 86
46 97
46 153
46 14
46 17
46 142
46 84
46 125
46 92
46 87
46 126
46 113
46 103
46 147
46 79
46 115
46 121
46 105
46 21
46 127
46 85
46 130
46 81
46 152
46 140
46 146
46 89
46 124
46 102
46 88
46 94
46 112
46 131
46 116
47 35
47 11
47 55
47 10
47 15
47 45
47 31
47 67
47 34
47 23
47 13
47 24
47 65
47 52
47 32
47 30
47 63
47 26
48 144
48 146
48 152
48 132
48 137
48 154
48 138
48 127
48 114
48 149
48 133
48 128
48 135
48 143
48 140
48 147
48 126
48 120
48 145
48 153
48 136
48 104
48 142
48 121
48 112
48 130
49 58
49 59
49 60
50 120
50 123
50 124
51 116
51 134
51 104
51 129
51 111
51 100
51 96
51 133
51 119
51 115
51 102
51 114
51 118
51 92
51 101
51 128
51 131
51 123
51 122
51 113
51 125
51 103
51 108
51 127
51 143
51 136
51 112
53 143
53 153
53 135
53 141
53 148
53 155
54 23
54 62
54 32
54 71
54 78
54 48
54 76
54 91
54 94
54 64
54 80
54 63
54 51
54 90
54 37
54 74
54 21
54 50
54 92
54 66
54 26
54 31
54 72
54 58
54 57
54 29
54 38
54 59
54 52
54 36
54 25
54 34
54 28
54 65
54 44
54 79
54 60
54 82
54 30
54 83
54 73
54 27
54 61
55 72
55 60
55 33
55 48
55 40
55 43
55 34
55 68
55 52
55 83
55 47
55 44
55 45
55 49
55 51
55 50
55 73
55 41
55 38
56 22
56 13
56 16
56 24
56 11
58 162
58 160
58 156
58 155
58 161
59 74
59 30
59 56
59 53
59 34
59 40
59 26
59 28
59 45
59 76
59 51
59 49
59 29
59 66
59 84
59 48
59 52
59 69
59 35
59 58
59 39
59 43
59 55
59 54
59 57
59 24
59 46
59 33
59 37
60 62
60 78
60 79
61 154
61 161
61 150
61 163
61 158
61 153
61 152
61 157
61 159
61 156
62 45
62 48
62 46
62 52
62 50
62 55
62 51
62 49
63 104
63 107
64 76
64 91
64 50
64 14
64 10
64 96
64 92
64 80
64 103
64 89
64 48
64 75
64 42
64 99
64 49
64 73
64 26
64 11
64 23
64 108
64 29
64 54
64 27
64 86
64 20
64 63
64 55
64 74
64 109
64 79
64 84
64 38
64 17
64 36
64 78
64 77
64 82
64 30
64 15
64 24
64 35
64 9
64 46
64 94
64 56
64 18
66 117
66 133
66 122
66 135
66 120
66 130
66 118
66 127
66 116
66 113
66 124
66 119
66 125
66 136
67 84
67 80
67 97
67 62
67 99
67 61
67 51
67 46
67 105
67 87
67 55
67 64
67 50
67 63
67 107
67 86
67 113
67 114
67 58
67 34
67 69
67 49
67 103
67 59
67 90
67 39
67 42
67 37
67 92
67 94
67 40
67 60
67 52
67 73
67 45
67 36
68 47
68 58
68 55
68 49
69 128
69 136
69 137
69 134
69 127
69 132
69 131
69 130
69 129
70 90
70 93
70 91
70 92
71 145
71 147
71 151
71 149
71 139
71 157
71 146
71 155
71 141
71 156
71 150
71 143
71 153
72 127
73 45
73 27
73 11
73 16
73 39
73 2
73 17
73 24
73 14
73 32
73 23
73 29
73 50
73 33
73 1
73 19
73 21
73 3
73 30
73 35
73 31
74 119
74 121
74 111
74 110
74 114
74 115
74 117
74 112
74 113
74 116
75 37
75 27
75 31
75 35
75 38
75 34
75 30
75 25
75 28
75 32
76 62
76 63
76 45
76 50
76 48
76 26
76 60
76 31
76 49
76 32
76 73
76 25
76 40
76 42
76 70
76 59
76 55
76 47
76 65
76 57
76 28
76 52
76 56
76 54
76 41
77 126
77 117
77 135
77 141
77 114
77 105
77 131
77 93
77 98
77 116
77 95
77 107
77 110
77 138
77 122
77 104
77 112
77 127
77 140
77 130
77 102
77 115
77 100
77 86
77 113
77 87
77 129
77 119
77 125
77 120
77 90
77 89
77 106
77 123
77 108
77 136
77 118
78 52
78 54
78 60
78 68
78 70
78 57
78 74
78 58
78 56
78 66
78 62
78 61
78 53
78 69
79 108
79 109
79 127
79 82
79 94
79 90
79 125
79 75
79 132
79 83
79 123
79 76
79 78
79 113
79 126
79 74
79 89
79 122
79 104
80 19
80 53
80 40
80 76
80 41
80 91
80 3
80 75
80 39
80 55
80 90
80 54
80 22
80 72
80 36
80 2
80 10
80 11
80 83
80 6
80 92
80 26
80 74
80 57
80 58
80 17
80 16
80 84
80 66
80 25
80 32
80 30
80 59
80 45
80 23
80 35
80 44
80 93
80 67
80 64
80 86
80 50
80 77
80 4
80 15
80 71
80 21
80 70
80 48
80 34
80 68
80 46
80 56
80 20
80 29
80 43
80 38
80 51
80 69
80 79
81 43
82 107
82 103
82 89
82 100
82 90
82 86
82 95
82 106
82 96
82 104
82 87
82 94
82 85
82 102
82 97
82 105
82 93
82 101
83 74
83 78
83 96
83 101
83 92
83 62
83 76
83 95
83 67
83 102
83 70
83 63
84 58
84 86
84 44
84 52
84 67
84 95
84 76
84 118
84 71
84 38
84 108
84 53
84 47
84 96
84 74
84 49
84 43
84 100
84 34
84 54
84 104
84 92
84 70
84 40
84 102
84 36
84 39
84 94
84 55
84 98
84 35
84 59
84 73
84 63
84 106
84 82
84 115
84 80
84 60
84 97
84 113
84 112
84 79
84 105
84 110
84 111
84 37
84 46
84 45
84 61
84 119
84 50
85 162
85 157
85 159
85 161
85 138
85 160
85 158
85 136
85 144
86 138
86 141
86 135
86 142
86 139
86 140
86 144
87 126
88 36
88 44
88 38
88 39
89 116
89 101
89 93
89 83
89 30
89 88
89 114
89 127
89 43
89 78
89 76
89 37
89 86
89 46
89 95
89 107
89 94
89 25
89 105
89 97
89 21
89 52
89 108
89 28
89 120
89 113
89 104
89 82
89 121
89 123
89 99
89 81
89 23
89 103
89 61
89 68
89 125
89 118
89 106
89 67
89 63
89 98
89 60
89 59
89 84
89 100
89 112
89 51
89 129
89 39
89 126
89 128
89 115
89 26
89 117
89 79
89 72
89 32
90 68
90 59
90 55
90 69
90 71
90 82
90 54
90 79
90 86
90 88
90 73
90 48
90 64
90 50
90 83
90 76
90 77
90 47
90 66
90 70
90 61
90 44
90 62
90 43
90 46
90 63
90 51
90 85
90 58
91 141
91 128
91 146
91 136
91 154
91 126
91 131
91 137
91 147
92 161
92 162
92 158
93 82
93 78
93 87
93 76
93 69
93 68
93 77
93 86
93 80
93 74
93 67
93 73
93 83
93 71
96 70
96 49
96 43
96 53
96 55
96 63
96 45
96 81
96 44
96 80
96 64
96 85
96 83
96 86
96 75
97 129
98 122
98 121
100 156
100 150
100 153
100 142
100 147
100 108
100 91
100 103
100 129
100 109
100 157
100 121
100 123
100 122
100 148
100 158
100 140
100 152
101 81
101 80
101 76
101 82
101 75
101 83
101 88
102 61
102 62
102 74
102 68
102 45
102 56
102 51
102 58
102 59
102 66
102 71
102 79
102 78
102 54
102 49
102 57
102 65
102 67
102 46
102 47
102 72
103 26
103 10
103 16
103 13
103 14
103 31
104 128
104 110
104 113
104 130
104 97
104 129
104 116
104 112
104 111
104 131
104 121
104 125
104 122
104 98
104 109
104 127
104 103
104 100
104 115
106 41
106 45
106 46
107 11
107 13
108 140
108 135
108 141
108 138
108 137
108 139
108 136
108 143
109 96
109 83
109 58
109 68
109 101
109 66
109 78
109 64
109 67
109 70
109 114
109 99
109 115
109 87
109 72
109 65
109 60
109 81
109 57
109 59
109 86
109 74
110 48
110 63
110 59
110 53
110 54
110 62
110 49
110 45
110 50
110 56
111 167
112 19
112 87
112 13
112 104
112 85
112 91
112 40
112 67
112 93
112 39
112 100
112 92
112 47
112 101
112 44
112 6
112 51
112 88
112 98
112 102
112 68
112 105
112 78
112 97
112 52
112 4
112 89
112 80
112 111
112 54
112 74
112 94
112 86
112 50
112 77
112 9
112 79
112 70
112 95
112 8
112 99
112 75
112 7
112 12
112 16
113 43
113 55
113 156
113 135
113 139
113 108
113 72
113 134
113 137
113 80
113 150
113 149
113 44
113 66
113 148
113 151
113 64
113 107
113 129
113 117
113 45
113 102
113 101
113 106
113 59
113 91
113 133
113 60
113 50
113 96
113 142
113 132
113 116
113 159
113 57
113 122
113 53
113 62
113 131
113 127
113 120
113 36
113 103
113 54
113 154
113 124
113 128
113 161
113 144
113 71
113 65
113 48
113 37
113 38
113 123
113 157
113 109
114 134
114 125
114 109
114 146
114 150
114 152
114 156
114 153
114 107
114 121
114 159
114 108
114 142
114 157
114 149
114 122
115 49
115 50
116 141
116 144
116 146
116 140
116 145
117 112
117 123
117 124
117 126
117 120
117 107
117 127
117 114
117 131
117 106
117 128
117 109
117 111
117 119
117 130
118 163
118 100
118 125
118 138
118 139
118 102
118 159
118 156
118 161
118 130
118 160
118 154
118 155
118 124
119 162
119 158
119 161
119 157
119 159
119 156
119 155
120 73
120 67
120 75
120 68
120 70
120 64
121 146
121 142
121 156
121 158
121 143
121 160
121 140
121 157
121 153
121 166
121 148
121 145
121 154
121 152
121 149
121 155
121 151
121 161
122 37
122 38
122 36
122 39
123 79
123 58
124 160
125 117
125 50
125 78
125 87
125 119
125 90
125 81
125 91
125 45
125 74
125 93
125 66
125 96
125 83
125 95
125 86
125 97
125 51
125 67
125 71
125 72
125 111
125 101
125 85
125 82
125 73
125 104
127 115
127 105
127 102
127 121
127 150
127 120
127 108
127 109
127 129
127 112
127 110
127 104
127 123
127 126
127 107
127 103
128 91
128 33
128 141
128 110
128 117
128 34
128 98
128 69
128 135
128 79
128 100
128 114
128 31
128 73
128 99
128 72
128 32
128 137
128 61
128 140
128 106
128 27
128 104
128 20
128 103
128 105
128 39
128 37
128 101
128 63
128 115
128 18
128 77
128 89
128 134
128 30
128 65
128 47
128 142
128 55
128 108
128 29
128 92
128 139
128 35
128 143
128 24
128 26
128 119
128 127
128 70
128 88
128 136
128 94
128 107
128 74
128 138
128 71
128 66
128 67
128 84
128 95
128 90
128 82
129 146
129 142
129 124
129 99
129 123
129 126
129 147
129 135
129 138
129 157
129 143
129 158
129 128
129 117
129 141
129 134
129 137
129 152
129 156
129 151
129 139
129 136
129 140
129 131
129 133
129 153
129 104
129 144
129 150
129 154
129 103
130 155
131 119
131 122
131 117
131 116
131 115
132 51
132 54
132 61
132 99
132 72
132 46
132 94
132 52
132 69
132 115
132 53
132 90
132 67
132 98
132 101
132 62
132 97
132 55
132 88
132 65
132 109
132 80
132 56
132 70
132 63
132 103
132 64
132 48
132 75
133 66
133 82
133 72
133 71
133 77
133 78
133 75
133 79
133 76
133 80
134 64
134 47
134 55
134 29
134 40
134 31
134 38
134 37
134 41
134 32
134 61
134 35
134 85
134 50
134 54
134 79
134 48
134 49
134 44
134 62
134 45
134 26
134 36
135 165
136 144
136 135
136 139
136 145
136 134
136 142
136 140
136 141
136 148
137 164
137 154
137 153
137 162
137 157
137 161
137 163
137 140
137 149
137 156
138 37
138 34
138 33
138 48
138 55
138 53
138 36
138 39
138 50
138 52
138 49
138 45
138 58
138 56
139 116
139 109
141 71
141 76
141 80
141 65
141 77
141 85
141 66
141 68
141 81
141 72
141 75
141 70
141 73
141 69
141 64
141 74
141 67
142 30
142 53
142 37
142 49
142 58
142 28
142 48
142 41
142 43
142 61
142 45
142 44
142 50
142 56
142 35
142 39
142 38
142 47
142 34
142 40
142 31
144 76
144 78
144 80
144 92
144 83
144 89
144 93
144 95
144 85
144 86
144 77
144 82
144 88
144 87
144 96
145 59
145 71
145 103
145 106
145 104
145 112
145 109
145 107
145 76
145 111
146 162
146 164
146 154
146 158
146 161
146 159
146 165
146 153
146 157
146 148
146 152
146 163
147 163
147 166
147 158
147 160
147 162
148 81
148 74
148 84
148 72
148 77
148 85
148 66
149 64
149 83
149 23
149 52
149 71
149 75
149 31
149 69
149 84
149 55
149 34
149 86
149 78
149 24
149 26
149 65
149 63
149 53
149 77
149 35
149 49
149 66
149 80
149 57
149 60
149 56
149 27
149 70
149 58
149 87
149 45
149 22
149 37
149 48
149 50
149 47
149 32
149 76
149 74
149 73
149 62
149 79
150 77
150 50
150 49
150 53
150 47
150 74
150 78
150 75
150 70
150 46
150 48
150 71
151 29
151 30
152 84
152 99
152 71
152 85
152 111
152 78
152 69
152 97
152 96
153 149
153 155
153 156
153 139
153 152
153 147
153 148
154 150
154 151
154 157
155 152
155 150
155 132
155 154
155 159
155 137
155 153
155 131
156 126
156 133
156 134
156 118
156 129
156 95
156 115
156 125
156 94
156 87
156 110
156 132
156 113
156 117
156 123
156 119
156 92
156 116
156 114
156 98
156 131
157 135
157 133
157 132
157 127
157 138
157 134
157 124
157 130
157 126
157 137
159 49
159 60
159 54
159 59
159 51
159 58
159 62
159 56
159 52
159 61
160 98
160 96
161 67
161 78
161 69
161 70
162 133
162 115
162 148
162 134
162 150
162 130
162 146
162 110
162 166
162 128
162 139
162 135
162 158
162 108
162 156
162 161
162 165
162 125
162 151
162 127
162 149
162 159
162 144
162 136
163 126
163 125
163 123
165 150
165 149
166 158
167 78
167 76
167 79
167 83
167 87
167 80
167 85
167 91
167 94
167 120
167 97
167 95
167 90
167 93
167 100
167 81
167 86
167 74
167 117
167 105
167 82
167 75
167 113
1 140
1 136
1 143
1 142
2 43
3 157
3 154
3 155
3 159
3 156
4 77
4 100
4 84
4 93
4 102
4 85
4 88
4 101
4 82
4 83
4 94
4 87
4 67
4 91
4 69
4 111
4 99
4 72
4 65
4 64
5 140
5 141
5 153
5 147
5 134
5 138
5 137
5 150
5 148
5 155
5 144
5 135
5 131
5 133
5 142
5 130
5 152
6 29
6 41
6 39
6 28
6 40
6 35
6 42
6 32
6 31
6 30
7 145
7 134
7 128
7 148
7 133
7 154
7 139
7 151
7 130
7 158
7 137
7 155
7 132
7 129
7 135
9 102
9 101
9 122
9 115
9 117
9 97
9 119
9 100
9 121
9 112
9 86
9 118
9 127
9 116
9 114
9 120
9 110
9 106
9 109
9 111
9 83
9 98
9 105
10 52
10 57
10 45
10 55
10 70
10 56
10 51
10 64
10 37
10 30
10 71
10 76
10 69
10 36
10 48
10 47
10 42
10 50
10 31
10 43
10 59
10 40
10 49
10 68
10 77
10 35
10 26
10 39
10 44
12 41
12 40
12 54
12 60
12 37
12 58
12 34
12 43
12 50
12 36
12 44
12 52
12 39
12 56
13 81
13 52
13 95
13 37
13 40
13 55
13 96
13 54
13 94
13 92
13 48
13 75
13 38
13 43
13 90
14 112
14 147
14 127
14 126
14 138
14 151
14 148
14 149
14 137
14 128
14 124
14 113
15 92
15 78
15 85
15 82
15 81
15 86
15 80
15 83
15 90
16 19
16 37
16 39
16 34
16 24
16 40
16 28
16 23
16 33
16 35
16 36
16 21
16 22
16 18
16 31
16 41
16 38
16 25
17 149
17 153
17 134
17 157
17 159
17 161
17 154
18 104
18 107
18 102
18 101
18 100
18 103
18 109
18 112
18 113
18 114
18 110
19 151
19 150
20 120
21 160
21 164
21 163
21 153
21 161
21 167
21 154
21 159
21 152
21 165
21 157
21 148
21 162
21 158
22 135
22 161
22 163
22 113
22 147
22 130
22 146
22 148
22 153
22 119
22 120
22 134
22 155
22 156
22 121
22 149
22 152
22 117
22 144
22 115
22 139
22 160
22 141
22 154
22 126
22 157
22 114
22 136
22 127
22 125
22 133
23 135
23 127
23 129
24 36
25 67
25 62
25 68
25 61
25 64
25 65
26 63
26 29
26 32
26 52
26 67
26 77
26 34
26 55
26 53
26 36
26 17
26 16
26 70
26 38
26 30
26 71
26 47
26 10
26 42
26 35
26 69
26 33
26 19
26 51
26 6
26 24
26 68
26 37
26 11
26 61
26 57
26 44
26 15
26 5
26 46
26 59
26 48
26 7
26 45
26 20
27 11
27 20
27 13
27 12
27 25
27 46
27 48
27 14
27 17
27 32
27 26
27 53
28 153
28 157
28 151
28 154
28 155
28 158
28 156
29 151
29 161
29 155
29 154
29 156
29 153
29 150
29 152
30 164
30 165
30 163
31 23
31 26
31 36
31 14
31 12
31 24
31 37
31 30
31 34
31 35
31 15
31 11
31 17
32 119
32 120
32 109
32 96
32 118
32 115
32 116
33 149
33 85
33 112
33 102
33 88
33 139
33 113
33 138
33 110
33 91
33 137
33 94
33 126
33 106
33 111
33 101
33 131
33 143
33 129
33 144
33 107
33 83
33 142
33 130
33 120
33 84
33 86
33 152
33 125
33 128
33 140
33 103
33 150
33 82
33 108
33 99
33 127
33 114
33 141
33 117
33 135
33 146
33 87
33 145
33 118
33 151
34 15
34 16
34 11
34 21
34 14
34 29
34 27
34 25
34 26
34 13
34 12
34 20
35 99
35 105
35 74
35 98
35 75
35 93
35 102
35 86
35 80
35 97
35 89
36 152
36 150
36 164
36 121
36 154
36 159
36 125
36 165
36 166
36 120
36 132
36 162
36 153
36 123
36 127
36 139
36 161
36 149
36 155
36 151
37 113
37 94
37 61
37 131
37 109
37 102
37 98
37 129
37 116
37 126
37 130
37 137
37 78
37 51
37 119
37 136
37 135
37 128
37 64
37 125
37 138
37 67
37 63
38 157
38 161
39 61
39 59
39 63
39 65
39 70
39 69
40 115
40 96
40 108
40 112
40 111
40 92
40 110
40 103
40 109
40 113
40 114
40 105
41 26
41 25
42 76
42 79
42 71
42 60
42 59
42 13
42 7
42 17
42 93
42 20
42 25
42 58
42 99
42 103
42 22
42 26
42 81
42 66
42 86
42 9
42 54
42 30
42 69
42 104
42 75
42 83
42 73
42 78
42 14
42 6
42 11
42 74
42 12
42 8
42 82
42 65
42 38
42 16
42 61
42 63
42 62
42 5
42 29
42 18
42 107
42 19
42 50
42 80
42 85
42 64
42 23
43 94
44 156
44 155
45 49
45 48
45 52
45 50
45 51
45 53
45 47
45 39
45 42
46 49
46 24
46 31
47 57
48 10
48 67
48 53
48 58
48 69
48 66
48 43
48 44
48 2
48 12
48 4
48 26
48 8
48 18
48 9
48 13
48 21
48 11
48 14
48 3
48 24
48 70
48 68
50 156
50 149
50 157
50 150
50 153
50 160
50 158
51 87
51 85
51 84
52 123
52 128
52 118
52 135
52 120
52 124
52 132
52 126
52 140
52 133
52 130
52 122
52 139
52 116
52 121
52 138
52 115
53 131
53 136
54 132
54 126
54 129
54 133
54 127
54 134
54 130
55 148
55 144
55 150
55 146
55 147
55 151
55 154
55 152
56 94
56 102
59 128
59 118
59 100
59 139
59 138
59 104
59 95
59 132
59 87
59 86
59 143
59 130
59 103
59 141
59 131
59 127
59 97
59 94
59 142
59 134
60 162
60 165
60 164
61 126
61 134
61 127
61 129
62 40
62 34
62 42
62 36
62 37
62 32
62 38
63 163
63 160
63 161
64 5
64 8
65 121
65 118
65 116
65 126
65 123
66 140
66 149
66 138
66 109
66 129
66 131
66 146
66 139
66 126
66 151
66 107
66 123
66 134
66 150
66 106
66 144
66 143
68 127
68 140
68 123
68 97
68 134
68 110
68 132
68 114
68 129
68 136
68 100
68 142
68 109
69 61
69 106
69 111
69 117
69 108
69 66
69 87
69 75
69 113
69 96
69 65
69 112
69 88
69 54
69 79
69 77
69 116
69 76
69 110
69 105
69 114
69 83
69 80
69 62
69 63
69 97
69 107
69 68
69 49
69 104
69 102
69 71
69 84
71 91
71 82
71 120
71 119
71 126
71 109
71 90
71 95
71 121
71 106
71 93
71 98
71 94
71 108
71 79
71 87
71 76
71 117
71 128
71 97
71 78
71 100
71 84
71 129
71 118
71 104
71 115
71 125
71 101
71 110
71 92
71 88
71 131
71 85
71 96
71 107
71 86
72 103
72 99
75 163
76 134
76 136
76 131
76 137
76 138
77 150
77 162
77 156
77 157
77 159
77 149
77 151
77 163
77 166
77 152
77 164
77 148
80 97
80 96
80 101
80 108
80 99
80 87
80 107
81 70
81 49
81 63
81 67
81 78
81 46
81 57
81 66
81 77
81 62
81 79
81 51
81 73
81 60
81 54
81 56
81 72
81 47
81 65
81 53
81 69
82 80
82 74
82 68
82 70
82 75
82 77
82 69
82 76
82 78
82 71
82 88
82 98
82 99
83 85
83 112
83 107
84 135
84 138
84 140
84 143
84 134
84 141
84 147
84 157
84 146
84 142
86 48
87 150
87 146
87 142
87 151
87 148
87 144
88 53
88 46
88 14
88 12
88 10
88 17
88 34
88 61
88 29
88 54
88 56
88 42
88 52
88 57
88 30
88 40
88 21
88 35
88 50
88 48
88 26
88 33
88 31
88 9
88 25
88 13
88 45
88 8
88 24
88 37
88 58
88 59
89 119
89 111
92 71
92 61
92 80
92 68
92 89
92 72
92 66
92 88
92 77
92 75
92 78
92 70
92 82
92 83
92 69
93 57
93 55
93 62
93 65
93 58
93 61
93 64
94 132
94 124
94 128
95 76
95 64
95 81
96 28
96 71
96 39
96 27
96 66
96 38
96 40
96 91
96 33
96 31
96 46
96 26
96 35
96 25
96 30
97 78
97 72
97 103
97 116
97 80
97 81
97 102
97 77
97 99
97 91
97 105
97 100
97 74
97 76
97 122
97 125
97 79
97 138
97 85
97 119
97 104
97 134
97 93
97 95
97 90
97 133
97 75
97 94
97 117
98 100
98 96
98 101
99 165
99 154
99 162
99 164
100 75
100 72
100 63
100 59
100 71
101 138
101 120
101 132
101 141
101 122
101 127
101 128
101 137
101 135
101 118
101 123
101 129
101 121
101 125
101 126
101 139
102 151
102 132
102 136
102 135
103 111
103 110
103 112
103 120
103 106
103 113
103 115
103 109
103 116
103 105
104 120
104 137
104 132
104 114
104 138
104 124
104 117
104 118
104 136
104 123
104 143
104 144
104 141
104 133
105 132
105 128
105 107
105 110
105 126
105 121
105 129
105 137
106 58
106 70
106 60
106 51
106 95
106 57
106 54
106 62
106 85
106 101
106 79
106 36
106 66
106 61
106 56
106 50
106 74
106 86
106 44
106 68
106 87
106 102
106 103
106 39
106 48
106 96
106 105
106 49
106 53
106 100
106 64
106 104
106 38
106 75
106 71
106 43
106 37
106 84
106 47
106 35
106 88
106 55
107 81
107 93
107 74
108 104
108 149
108 112
108 103
108 150
108 102
108 146
108 113
108 99
108 96
108 97
108 122
108 145
108 95
108 131
108 148
108 147
108 151
108 127
108 142
108 111
108 101
108 121
108 100
109 56
109 69
109 55
110 31
110 25
110 8
110 57
110 6
110 28
110 47
110 12
110 30
110 13
110 15
110 39
110 24
110 20
110 35
110 52
110 58
110 33
110 34
110 26
110 14
110 17
110 55
110 16
110 19
110 36
110 44
110 29
111 72
111 74
111 86
111 81
111 80
111 41
111 38
111 39
111 102
111 78
112 69
112 72
112 71
112 73
112 83
112 76
112 82
112 65
112 66
112 64
112 81
113 130
113 121
113 125
113 115
113 105
113 100
113 126
114 164
114 148
114 138
114 147
114 124
114 137
114 123
114 158
114 160
115 34
115 35
115 29
115 32
115 31
115 25
116 127
116 113
116 160
116 139
116 162
116 155
116 122
116 163
116 111
116 153
116 119
116 143
116 156
116 126
116 115
116 152
116 118
116 124
116 149
116 137
116 158
116 112
116 121
116 120
116 128
116 131
116 129
116 161
116 138
117 61
117 78
117 80
117 86
117 77
117 85
117 74
117 87
117 83
118 24
118 37
118 36
118 39
118 29
118 19
118 32
118 14
118 25
118 15
118 26
118 31
118 17
118 33
118 35
118 22
118 28
118 18
120 113
120 124
120 114
120 125
120 131
121 124
121 123
122 74
123 19
123 14
123 18
124 92
124 122
124 135
124 103
124 108
124 109
124 86
124 83
124 119
124 79
124 120
124 140
124 115
124 114
124 105
124 130
124 77
124 88
124 82
124 137
124 126
124 98
124 90
124 131
124 80
124 99
124 136
124 110
124 96
124 95
124 91
124 118
124 129
124 101
124 93
124 133
124 117
124 94
125 79
125 89
125 75
125 52
125 55
125 62
125 84
125 42
125 80
125 58
125 94
125 37
125 69
125 68
125 98
125 41
125 99
126 102
127 24
127 57
127 58
127 60
127 52
127 42
127 53
127 59
127 55
127 43
127 32
127 26
127 50
127 40
127 47
127 46
127 38
127 29
127 45
127 25
127 30
127 35
127 34
127 48
128 102
129 16
129 18
129 9
129 6
129 8
130 41
130 31
130 47
130 44
130 63
130 51
130 29
130 40
130 53
130 52
130 42
130 65
130 30
130 75
130 48
130 26
130 77
130 37
130 66
130 57
130 50
130 38
130 74
130 39
130 70
130 61
130 69
130 55
130 36
130 60
130 28
130 22
130 67
130 58
130 24
130 64
130 72
130 78
130 56
131 31
131 29
131 19
132 120
132 134
132 125
132 126
132 123
132 124
132 138
132 119
132 135
132 110
132 118
132 121
133 154
133 152
134 46
134 93
134 116
134 89
134 100
134 63
134 88
134 106
134 86
134 53
134 51
134 71
134 113
134 108
134 99
134 52
134 111
134 107
134 97
134 112
134 109
135 73
135 76
135 84
136 106
136 66
136 100
136 41
136 40
136 69
136 60
136 47
136 112
136 68
136 109
136 32
136 65
136 61
136 79
136 62
136 92
136 38
136 39
136 43
136 72
136 114
136 49
136 98
136 45
136 31
136 51
136 54
136 108
136 35
136 57
136 29
136 86
136 80
136 53
136 87
136 64
136 89
136 82
136 37
136 76
136 77
136 93
136 70
136 48
136 90
136 58
136 95
136 88
136 56
136 91
136 34
136 52
136 103
137 64
137 63
137 75
137 104
137 131
137 60
137 97
137 103
137 84
137 115
137 129
137 135
137 107
137 88
137 69
137 62
137 80
137 73
137 96
137 132
137 98
137 119
137 81
137 67
138 151
138 125
138 114
138 116
138 118
138 146
138 106
138 93
138 117
138 104
139 32
139 89
139 36
139 49
139 40
139 83
139 30
139 21
139 23
139 15
139 28
139 62
139 80
139 20
139 60
139 27
139 11
139 47
139 69
139 17
139 74
139 33
139 72
139 87
139 41
139 71
139 65
139 54
139 68
139 43
139 50
139 35
139 29
139 38
139 37
139 18
139 52
139 22
139 84
139 75
139 26
139 16
139 53
139 81
139 34
139 55
139 31
139 39
140 53
140 108
140 114
140 67
140 99
140 102
140 104
140 133
140 120
140 93
140 94
140 51
140 68
140 111
140 73
140 95
140 113
140 74
140 60
140 96
141 94
141 83
141 86
141 102
141 79
141 87
142 132
142 129
142 130
142 128
142 139
142 137
142 134
142 138
143 27
143 18
143 28
143 24
143 12
144 152
144 153
144 156
144 154
146 63
146 68
146 65
146 64
147 44
147 46
147 47
147 25
147 41
147 26
147 20
147 42
147 50
147 27
147 21
147 36
147 39
147 34
147 49
147 37
147 38
148 75
149 109
149 89
149 111
149 105
149 120
149 90
149 92
149 100
149 97
149 96
149 98
149 108
149 107
149 101
149 99
150 100
150 84
150 82
150 96
150 83
150 107
150 113
150 121
151 85
151 125
151 121
151 94
151 57
151 61
151 84
151 145
151 49
151 66
151 139
151 131
151 146
151 115
151 108
151 123
151 87
151 140
151 89
151 71
151 59
151 128
151 72
151 129
151 122
151 111
151 65
151 118
151 67
151 80
151 144
151 141
151 51
151 101
151 134
151 96
151 56
151 69
151 90
151 110
151 135
151 91
151 100
151 62
151 120
151 98
151 47
151 103
151 68
151 58
151 133
151 54
151 137
151 104
151 63
151 105
151 143
151 126
151 124
151 132
151 74
152 141
152 149
152 144
152 140
152 107
152 150
152 117
152 77
152 114
152 116
152 147
152 139
152 101
152 94
152 143
152 148
153 46
153 39
153 49
153 37
153 52
153 54
153 53
154 70
154 101
154 115
154 117
154 73
154 106
154 87
154 61
154 119
154 60
154 94
154 56
154 90
155 77
155 94
155 76
156 51
156 40
156 55
156 57
156 43
156 45
156 59
156 58
156 46
156 48
156 44
156 50
158 88
158 77
158 118
158 122
158 23
158 107
158 89
158 28
158 124
158 12
158 74
158 113
158 101
158 96
158 106
158 108
158 133
158 109
158 141
158 90
158 137
158 37
158 92
158 135
158 81
158 93
158 132
158 111
158 143
158 121
158 94
158 41
158 40
158 129
158 127
158 114
158 97
158 13
158 134
158 105
158 142
158 120
158 119
158 110
158 115
158 35
158 38
159 8
159 16
159 36
159 10
159 20
159 6
159 38
159 7
159 31
159 13
159 22
159 39
159 14
159 40
159 5
159 24
159 19
159 9
160 133
160 132
160 148
160 150
160 141
160 142
160 136
160 153
160 137
160 144
160 147
160 152
160 140
160 146
160 154
161 144
161 146
162 141
162 109
162 138
162 137
162 117
164 11
164 12
164 8
164 9
165 114
165 117
165 87
165 124
165 130
165 99
165 133
165 107
165 148
165 126
165 132
165 105
165 116
165 112
165 129
166 146
166 137
166 135
166 136
166 142
166 140
166 152
166 138
167 56
167 64
167 48
167 31
167 38
167 70
167 45
167 57
167 41
167 43
167 39
167 30
167 35
167 135
167 33
167 126
167 60
167 99
167 111
167 47
167 65
167 51
167 54
167 151
167 49
167 26
167 61
167 52
167 121
167 55
167 42
167 66
167 96
167 71
167 108
167 46
167 28
167 40
167 53
167 101
167 89
167 147
167 141
167 73
1 55
2 91
2 98
2 103
2 108
2 99
2 114
2 92
2 100
2 102
2 101
2 116
2 118
2 94
2 96
2 109
2 86
2 111
2 106
2 107
2 119
2 104
2 83
3 136
3 132
3 133
4 90
4 89
4 105
4 96
4 116
4 97
4 112
4 117
4 86
4 79
4 98
4 92
5 118
5 119
5 113
6 127
6 154
6 110
6 98
6 80
6 86
6 112
6 139
6 155
6 117
6 108
6 99
6 141
6 88
6 111
6 90
6 96
6 157
6 102
6 105
6 114
6 142
6 97
6 93
6 137
6 106
6 138
6 148
6 101
6 132
6 134
6 109
6 145
6 118
6 87
6 125
6 94
6 91
6 158
6 129
6 131
6 107
6 156
6 116
6 153
7 94
7 90
7 93
8 133
9 21
9 17
9 20
9 13
9 14
10 63
10 65
10 62
10 79
10 88
10 87
10 84
10 101
10 96
10 86
10 91
10 83
10 100
10 94
10 82
10 75
10 103
10 92
10 67
10 73
10 102
10 98
10 74
10 85
10 93
11 57
11 89
11 55
11 101
11 72
11 85
11 59
11 93
11 46
11 121
11 115
11 80
11 113
11 120
11 110
11 81
11 70
11 56
11 118
11 61
11 71
12 95
13 111
13 131
13 103
13 140
13 118
13 107
13 117
13 129
13 113
13 112
13 114
13 104
13 139
13 116
13 119
13 120
13 125
13 101
13 127
13 126
13 122
14 20
14 21
15 33
16 94
16 93
17 60
17 72
17 70
17 77
17 73
17 55
17 54
17 52
17 69
17 78
17 68
17 56
18 49
18 54
18 55
18 50
18 51
18 52
19 29
19 31
20 72
20 65
20 45
20 105
20 91
20 85
20 62
20 50
20 70
20 116
20 79
20 74
20 68
20 80
20 76
20 82
20 112
20 106
20 97
20 56
20 96
20 66
20 64
20 73
21 94
21 100
21 67
21 97
21 79
21 96
21 68
21 66
21 99
21 93
22 122
22 138
22 128
22 137
22 131
22 124
22 118
23 42
23 37
23 43
23 39
23 48
23 41
23 33
23 30
23 34
23 32
23 36
23 45
23 50
25 44
25 21
25 51
25 29
25 24
25 23
25 43
25 20
25 48
25 60
25 39
25 52
25 42
25 57
25 33
25 37
25 18
25 53
25 22
25 41
25 54
25 50
25 36
25 63
25 55
26 105
26 106
27 102
27 73
27 87
27 31
27 43
28 43
29 82
29 71
29 80
29 69
29 83
29 70
30 145
30 122
30 117
30 126
30 129
30 130
30 124
30 135
30 118
30 119
30 136
30 139
30 132
30 144
30 125
30 134
30 138
30 131
30 137
30 142
31 8
31 9
32 35
32 37
33 50
33 56
33 53
33 52
33 54
33 49
33 51
34 41
34 44
34 4
34 3
34 22
34 74
34 6
34 60
34 33
34 24
34 58
34 28
34 18
34 1
34 81
34 7
34 42
34 73
34 52
34 78
34 84
34 19
34 50
34 56
34 57
34 61
34 9
34 49
34 2
34 10
34 75
34 76
34 47
34 70
35 163
35 144
35 147
35 152
35 134
35 145
35 133
35 141
35 140
36 134
36 156
36 160
36 157
38 88
38 90
38 89
38 87
39 139
39 138
39 141
40 75
41 57
41 56
42 90
42 28
42 117
42 55
42 68
42 84
42 108
42 77
42 116
42 106
42 48
42 111
42 56
42 119
42 115
42 120
42 70
42 24
42 113
42 72
42 27
43 86
43 124
43 111
43 119
44 55
44 48
44 53
44 49
44 51
44 59
44 46
44 50
44 57
44 54
45 91
45 88
45 87
45 86
45 84
47 128
47 135
47 117
47 131
47 134
47 136
47 156
47 116
47 144
47 140
47 155
47 133
47 154
47 148
47 118
47 121
47 147
47 126
47 137
47 146
47 143
47 127
47 130
47 153
47 141
47 119
47 139
47 125
47 129
48 50
48 40
49 57
50 89
50 93
51 106
51 58
51 49
51 39
51 33
51 67
51 42
51 117
51 34
51 79
51 93
51 65
51 66
51 78
51 57
51 54
51 38
51 36
51 90
51 44
51 62
51 47
51 45
51 64
51 91
51 75
51 63
51 83
51 37
51 61
51 76
51 35
51 43
51 74
51 77
51 50
51 68
51 97
51 59
51 109
51 71
51 80
51 30
51 105
51 40
51 95
51 28
51 48
52 113
52 129
52 125
52 112
52 108
52 105
52 110
52 111
52 117
53 110
53 106
55 100
55 87
55 66
55 77
55 93
55 82
55 107
55 102
55 104
55 106
56 159
56 153
56 160
56 156
56 157
56 154
57 142
57 120
57 116
57 121
57 114
57 136
57 109
57 123
57 125
57 126
57 110
57 117
57 115
58 105
58 90
58 143
58 87
58 129
58 150
58 165
58 79
58 142
58 151
58 148
58 89
58 141
58 97
58 122
58 145
58 83
58 164
58 102
58 128
58 99
58 115
58 88
58 80
58 154
58 132
58 166
58 101
58 153
58 95
58 138
58 127
58 93
58 152
58 84
58 78
58 144
58 121
58 103
58 77
58 96
58 104
58 140
58 110
59 41
59 38
59 31
59 42
59 32
61 132
61 142
61 125
61 148
61 145
61 144
61 149
61 147
62 93
62 76
62 89
62 72
62 130
62 121
62 81
62 71
62 74
62 77
62 115
62 90
62 120
62 84
62 95
62 110
62 86
62 91
62 82
62 87
62 85
62 92
63 100
63 96
63 116
63 114
64 140
64 138
64 133
64 149
64 129
64 141
64 147
64 146
64 136
64 151
64 142
64 137
64 134
64 143
64 155
64 130
64 139
64 154
64 135
65 156
65 154
65 163
65 82
65 159
65 129
65 148
65 106
65 162
65 164
65 157
65 84
65 160
66 24
66 19
66 29
66 30
66 14
66 22
66 13
66 17
66 26
66 21
66 28
66 27
67 118
67 125
67 102
67 136
67 117
69 119
69 109
69 135
69 133
69 125
69 103
69 120
69 123
69 126
69 90
69 85
69 81
70 120
70 119
71 23
71 24
71 26
71 30
72 32
72 31
72 21
72 33
72 28
72 30
72 39
72 35
72 24
74 54
74 50
74 29
74 34
74 53
74 32
74 26
74 48
74 51
74 52
74 60
74 59
74 28
74 57
75 85
75 86
75 92
75 87
75 91
76 46
76 39
76 24
76 38
76 51
76 37
76 44
77 33
77 35
78 101
78 105
78 100
78 95
78 102
78 103
78 98
78 104
78 96
78 99
79 71
79 73
79 70
79 93
79 72
79 81
80 123
80 122
80 121
80 111
80 102
80 126
80 124
81 151
81 152
81 154
81 150
82 147
82 126
82 131
82 127
82 133
82 144
82 141
82 129
82 139
82 135
82 130
82 137
82 120
82 122
82 138
82 150
82 124
82 132
82 148
82 142
82 145
83 146
83 147
83 144
83 140
83 141
83 142
84 78
84 62
84 89
84 68
84 65
84 103
84 81
84 109
84 99
84 77
84 87
84 64
84 57
84 56
84 93
84 66
84 90
84 51
84 101
86 164
86 167
88 120
88 121
88 115
88 122
88 118
88 116
88 119
88 117
88 112
89 102
89 130
89 92
89 96
89 80
89 85
89 122
89 132
89 133
89 91
89 109
89 131
89 110
90 93
90 112
90 119
90 117
90 84
90 102
90 95
90 115
90 113
90 121
90 125
90 111
90 94
90 108
90 100
90 106
90 127
90 92
90 114
90 110
90 107
90 130
90 105
90 104
90 128
90 103
91 36
91 21
91 20
91 26
91 31
91 29
91 28
91 32
91 40
91 18
91 34
91 39
91 35
91 30
91 25
91 22
93 160
93 164
93 162
93 165
95 112
95 105
95 121
95 117
95 108
95 122
95 101
95 119
95 126
95 120
95 109
95 102
95 98
95 107
95 113
97 67
97 62
97 65
97 71
97 86
97 56
97 49
97 61
97 60
97 54
97 70
97 89
97 66
97 68
97 69
97 52
97 88
97 63
97 57
97 64
97 51
97 87
98 14
98 10
98 13
99 167
101 73
101 108
101 93
101 85
101 79
101 117
101 87
101 110
101 71
101 84
101 115
101 100
101 94
101 106
101 98
101 105
101 104
101 78
101 119
101 99
101 89
101 96
101 109
101 91
101 97
102 122
102 124
102 127
102 134
102 133
102 110
102 117
102 128
102 125
102 160
102 101
102 97
102 106
102 130
102 123
102 108
102 113
102 114
102 115
102 95
102 149
102 118
102 100
102 129
102 163
102 119
102 120
102 98
102 162
103 152
103 154
103 148
103 149
103 161
103 146
103 157
103 143
103 159
103 155
103 150
103 158
104 82
104 51
104 62
104 64
104 86
104 58
104 48
104 68
104 65
104 75
104 72
104 119
104 57
104 70
104 73
104 81
104 84
104 87
104 89
104 71
104 59
104 80
104 66
104 49
104 77
104 53
104 78
104 95
104 56
104 83
104 85
105 66
105 44
105 28
105 4
105 72
105 63
105 31
105 14
105 29
105 45
105 57
105 65
105 48
105 60
105 43
105 61
105 27
105 68
105 10
105 38
105 51
105 37
105 39
105 50
105 35
105 75
105 52
105 53
105 30
105 62
105 32
105 47
105 56
105 33
105 12
105 73
105 58
105 74
105 6
106 90
106 91
107 64
107 84
107 111
107 122
107 101
107 116
107 118
107 95
107 106
107 75
107 105
107 63
107 110
107 123
107 113
107 66
108 126
108 133
108 120
108 152
110 146
110 144
112 15
112 29
112 20
112 36
112 14
115 161
115 162
116 17
116 19
116 11
116 22
116 38
116 10
116 36
117 105
117 103
117 84
117 96
117 90
117 95
117 91
117 113
117 93
117 94
117 79
117 110
117 122
117 115
117 100
117 71
117 75
117 121
117 116
117 104
117 82
117 98
117 108
117 89
117 97
117 76
119 67
119 51
120 165
120 156
120 166
120 155
120 152
120 159
120 162
120 160
120 153
120 157
121 61
121 68
121 72
121 84
121 101
121 54
121 86
121 69
121 66
121 97
121 105
121 70
121 63
121 90
121 74
121 92
121 77
121 96
121 99
121 82
121 53
121 75
121 76
121 94
121 65
121 62
121 59
121 103
121 56
121 89
121 78
121 55
121 81
121 100
121 79
122 136
122 153
122 139
122 107
122 102
122 112
122 116
122 121
122 162
123 133
124 100
124 113
124 107
124 106
124 112
124 104
125 103
125 107
125 92
126 154
127 86
127 92
127 82
127 91
127 68
127 76
127 94
127 73
127 64
127 96
127 83
127 80
127 85
127 98
127 71
127 90
127 77
127 75
127 93
127 63
127 87
127 79
127 66
127 65
127 81
127 54
127 74
127 89
127 56
127 72
128 86
128 64
128 97
128 85
128 96
128 68
128 83
128 109
128 144
128 145
128 113
128 111
128 93
129 165
130 14
130 5
130 8
130 7
130 4
130 3
130 13
130 10
130 16
130 11
131 109
131 108
131 94
131 111
131 73
131 97
131 95
131 98
131 103
131 92
131 90
131 102
131 104
131 106
131 114
131 107
131 101
131 81
131 112
132 5
132 13
132 9
132 3
132 4
132 12
132 11
132 6
132 7
133 122
133 125
133 118
133 124
134 104
134 119
134 114
134 110
134 118
134 122
134 117
134 96
134 98
134 103
135 40
135 37
135 64
135 50
135 53
135 46
135 54
135 63
135 36
135 66
135 42
135 71
135 58
135 35
135 72
135 60
135 55
135 59
135 43
135 52
137 31
137 19
137 16
137 24
137 20
137 27
137 15
137 17
137 13
137 28
137 9
137 14
137 8
137 23
137 25
137 12
139 154
139 161
139 159
139 155
140 157
141 103
142 42
143 68
143 64
143 59
143 61
143 65
143 66
143 56
143 58
144 113
144 142
144 122
144 104
144 120
144 163
144 116
144 151
144 146
144 102
144 139
144 112
144 107
144 155
144 160
144 101
144 128
144 97
144 109
144 158
144 157
144 161
144 164
144 150
144 138
144 106
144 147
144 103
145 150
145 158
145 147
146 72
146 69
146 74
146 56
146 66
146 71
146 67
146 59
146 61
146 54
146 70
146 60
146 73
147 103
147 106
147 95
147 99
147 85
147 91
147 89
147 96
147 98
147 92
147 87
147 88
147 94
148 122
148 118
148 126
148 127
148 107
148 120
148 99
148 125
148 111
148 114
148 109
148 112
148 108
148 116
148 104
148 121
148 103
148 105
148 101
150 51
150 55
151 106
151 114
151 93
151 102
151 86
151 107
151 99
151 97
151 95
151 88
151 117
152 128
152 118
153 57
153 25
153 29
153 59
153 30
153 56
153 65
154 52
154 54
156 120
156 127
156 124
157 139
157 131
157 147
157 128
157 148
157 150
157 129
157 152
157 155
157 140
158 155
158 130
158 140
158 151
158 162
158 131
158 165
158 163
158 152
158 125
158 153
158 136
158 145
158 156
158 166
158 149
158 138
158 148
158 128
158 167
160 120
160 135
160 149
160 139
160 117
160 134
160 157
160 143
160 126
160 122
160 159
160 116
160 156
160 145
160 115
160 127
160 151
160 121
161 61
161 63
161 64
161 72
161 71
162 111
163 76
163 67
163 45
163 65
163 75
163 68
163 71
163 53
163 56
163 81
163 58
163 70
163 69
163 48
163 47
163 103
163 55
163 64
163 51
163 66
163 49
163 50
163 104
163 80
163 74
163 101
163 54
163 57
163 61
163 79
163 78
164 135
164 149
164 125
164 127
164 143
164 134
164 126
164 142
164 132
164 133
164 138
164 144
164 129
165 143
166 150
166 151
167 92
167 68
167 69
167 72
167 67
167 63
167 58
167 59
1 158
1 157
1 163
1 159
2 131
2 129
2 132
2 138
2 134
2 133
3 89
3 87
3 83
3 84
3 85
3 90
3 91
3 93
4 109
4 95
5 59
5 63
6 33
6 44
6 52
6 37
6 53
6 34
6 49
6 47
6 51
6 45
6 36
6 43
8 68
8 41
8 44
8 99
8 103
8 153
8 57
8 157
8 97
8 46
8 71
8 64
8 155
8 141
8 90
8 54
8 42
8 48
8 49
8 80
8 154
8 53
8 59
8 51
10 131
10 137
10 147
12 71
12 68
12 65
12 61
13 73
14 88
14 97
14 100
14 80
14 78
14 105
14 83
14 119
14 104
15 158
15 160
15 152
15 161
15 162
16 166
18 8
19 137
19 143
19 129
19 147
19 130
19 118
19 132
19 127
19 146
19 141
19 120
19 124
19 138
19 145
19 121
20 126
20 119
20 103
20 108
20 135
21 71
21 110
21 102
21 111
21 121
21 123
21 101
21 118
21 119
21 106
21 113
21 114
21 117
21 109
21 103
21 95
21 112
22 31
22 33
22 28
23 166
24 3
24 2
25 47
26 23
26 95
26 88
26 78
26 98
26 28
26 56
26 54
26 85
26 87
26 93
26 58
26 25
26 84
26 90
26 50
26 65
26 91
26 92
27 16
27 66
27 75
28 162
28 161
28 160
28 163
29 43
29 41
29 36
29 42
29 47
29 34
29 45
29 39
29 37
30 112
30 115
30 123
30 103
31 44
31 53
31 52
31 48
31 50
31 43
31 55
31 45
32 66
32 63
32 73
32 70
32 69
32 67
32 82
32 75
32 61
32 71
33 109
33 100
33 105
33 104
34 95
34 92
34 90
34 88
34 94
34 93
34 89
34 86
34 85
34 83
34 87
35 151
35 143
35 150
35 146
35 148
36 92
36 115
36 113
36 94
36 106
36 93
36 112
36 114
36 116
36 108
36 111
36 95
36 105
36 96
36 102
36 109
36 117
36 119
38 132
38 138
38 134
38 137
39 87
39 162
39 57
39 82
39 55
39 49
39 129
39 164
39 158
39 50
39 34
39 54
39 160
39 71
39 64
39 56
39 88
39 146
39 52
39 154
39 35
39 163
39 161
39 41
39 166
39 45
39 153
39 38
39 135
39 43
39 60
39 44
40 11
40 14
40 27
40 18
40 7
40 34
40 21
40 26
