80 3062
1 2
2 3
3 4
4 5
5 6
6 7
7 8
8 9
9 10
10 11
11 12
12 13
13 14
14 15
15 16
16 17
17 18
18 19
19 20
20 21
21 22
22 23
23 24
24 25
25 26
26 27
27 28
28 29
29 30
30 31
31 32
32 33
33 34
34 35
35 36
36 37
37 38
38 39
39 40
40 41
41 42
42 43
43 44
44 45
45 46
46 47
47 48
48 49
49 50
50 51
51 52
52 53
53 54
54 55
55 56
56 57
57 58
58 59
59 60
60 61
61 62
62 63
63 64
64 65
65 66
66 67
67 68
68 69
69 70
70 71
71 72
72 73
73 74
74 75
75 76
76 77
77 78
78 79
79 80
80 1
1 76
1 74
2 37
3 51
3 52
3 58
3 55
3 61
4 78
5 77
6 71
6 68
7 69
7 66
7 67
9 51
9 60
9 64
9 66
9 55
9 52
9 48
9 58
9 56
9 63
9 57
9 61
9 67
10 21
10 22
10 18
10 20
11 30
11 31
11 29
12 79
12 77
13 51
13 55
13 17
13 23
13 28
13 12
13 31
13 16
13 19
13 25
13 39
13 33
13 34
13 22
13 37
13 47
13 32
13 30
13 43
13 45
13 26
13 9
13 35
13 50
13 41
13 49
13 24
13 40
14 66
14 65
14 48
14 57
14 56
14 53
14 59
14 55
14 54
14 58
14 62
14 49
14 52
15 58
15 64
15 53
15 65
15 48
15 44
15 46
15 62
15 75
15 43
15 54
15 42
15 52
15 68
15 47
15 70
15 71
15 61
15 51
15 41
15 50
16 14
16 20
16 11
17 80
17 71
17 79
17 70
17 78
17 69
17 75
18 52
18 51
19 23
19 21
19 22
19 24
19 25
20 57
21 15
21 17
21 11
21 23
21 19
21 18
21 20
21 13
21 10
21 28
21 9
21 16
22 48
22 45
23 52
23 53
23 56
24 57
24 54
24 52
24 55
25 62
25 64
25 49
25 47
25 52
25 60
25 56
25 66
25 55
25 57
25 54
25 58
25 61
25 50
26 51
26 42
26 46
26 43
26 45
27 70
27 68
27 67
27 57
27 59
27 69
27 71
28 53
28 41
28 39
28 34
28 47
28 42
28 33
28 49
28 31
28 36
28 48
28 30
28 51
28 40
28 46
28 44
28 50
29 39
29 43
29 27
29 45
29 44
29 40
29 33
29 35
29 34
29 36
30 47
30 56
30 39
30 48
30 44
30 42
30 50
30 59
30 57
30 45
30 58
30 52
30 43
30 40
30 46
31 64
31 65
31 68
31 66
32 65
32 69
32 67
32 68
34 55
34 51
34 72
34 78
34 69
34 67
34 64
34 61
34 56
34 58
34 59
34 77
34 53
34 70
34 65
34 73
34 76
34 63
34 54
34 80
34 66
35 26
35 30
35 33
35 27
35 38
35 29
35 23
35 24
35 25
37 22
37 20
37 21
37 19
37 25
37 23
37 28
38 47
38 33
38 28
38 57
38 25
38 31
38 29
38 46
38 43
38 45
38 51
38 55
38 50
38 49
38 59
38 60
38 42
38 27
38 32
39 78
40 48
40 77
40 35
40 51
40 78
40 34
40 73
40 60
40 57
40 47
40 39
40 55
40 37
40 28
40 32
40 64
40 38
40 43
40 33
40 71
40 58
40 72
40 76
40 62
40 46
40 54
40 45
40 52
40 68
40 70
40 42
40 44
40 66
41 40
41 37
41 38
42 77
42 80
43 33
43 31
43 36
43 35
43 30
44 52
44 46
44 51
44 47
44 49
45 48
46 49
48 53
48 46
48 55
48 44
48 39
48 37
48 42
48 51
48 43
48 38
48 36
49 6
49 8
49 10
49 5
49 12
49 9
50 73
50 53
50 57
50 70
50 68
50 62
50 60
50 63
50 61
50 65
50 54
50 72
50 55
51 18
51 14
51 20
51 15
51 17
52 44
52 56
52 55
52 50
52 59
52 45
52 61
52 41
52 51
52 48
52 58
52 54
52 57
52 60
52 49
53 18
53 20
53 16
53 24
53 21
53 26
53 22
53 14
54 37
55 63
55 58
55 66
55 59
55 61
55 64
56 59
56 67
56 69
56 65
56 63
56 64
56 61
57 75
57 80
57 79
57 76
58 61
58 63
58 57
60 13
60 16
60 4
60 21
60 15
60 3
60 24
60 2
60 9
60 12
60 11
60 20
60 14
61 80
62 14
63 52
63 31
63 53
63 32
63 35
63 45
63 47
63 39
63 56
63 55
63 51
63 41
63 37
63 33
63 40
63 44
63 28
63 36
63 29
63 42
63 49
64 36
64 46
64 41
64 53
64 51
64 42
64 40
64 54
64 50
64 58
64 52
64 24
64 27
64 33
64 47
64 59
64 32
64 45
64 60
64 62
64 25
64 48
64 55
64 35
65 17
66 59
66 60
66 62
67 71
68 73
68 74
68 71
69 27
69 43
69 37
69 42
69 38
69 35
69 40
69 34
69 32
69 30
69 41
70 65
70 46
70 74
70 61
70 50
70 48
70 72
70 52
70 57
70 44
70 47
70 55
70 68
70 56
70 62
70 64
70 54
70 73
70 75
70 39
70 42
70 45
71 7
71 15
71 10
71 13
71 14
72 34
72 26
72 28
72 40
72 38
72 29
72 48
72 45
72 30
72 36
72 41
72 50
72 42
72 47
72 37
72 39
72 53
72 25
72 54
73 4
74 33
74 28
74 30
74 60
74 48
74 51
74 55
74 47
74 32
74 44
74 42
74 52
74 50
74 59
74 40
74 53
74 29
74 39
74 49
74 37
74 31
74 38
75 32
75 35
75 37
75 38
75 34
75 36
75 40
75 30
76 48
76 53
76 47
76 51
76 49
76 46
77 36
77 19
77 24
77 17
77 35
77 23
77 37
77 29
77 34
77 27
77 28
77 16
77 25
77 22
78 71
78 66
78 72
78 70
78 69
80 60
80 59
1 72
1 63
1 53
1 58
1 49
1 71
1 69
1 61
1 60
1 54
1 65
1 66
1 59
1 73
1 50
1 67
1 62
2 70
2 57
2 58
2 66
2 54
2 60
2 71
2 53
2 62
2 64
2 65
2 69
3 43
3 36
3 33
3 41
3 42
3 44
3 37
3 35
3 39
4 56
4 62
4 52
4 51
4 57
4 55
4 61
5 42
5 43
5 44
5 47
5 45
6 54
7 54
7 51
7 56
7 58
7 55
8 29
8 31
9 71
9 69
9 77
9 73
9 74
9 78
9 72
9 65
9 76
9 79
10 60
10 56
10 58
10 61
10 57
11 57
11 69
11 66
11 58
11 65
11 62
11 59
11 55
11 71
13 71
13 73
13 72
14 35
14 29
14 32
14 9
14 22
14 10
14 37
14 31
14 42
14 12
14 13
14 40
14 11
14 45
14 26
14 18
14 30
14 25
14 36
14 43
14 41
14 16
14 21
14 24
14 17
15 6
16 25
16 42
16 23
16 33
16 40
16 43
16 31
16 29
16 28
16 38
16 32
16 41
16 39
16 46
16 22
16 35
16 24
16 30
17 14
18 5
18 3
18 6
18 7
18 9
19 74
19 73
19 77
19 76
20 55
20 53
20 51
20 49
20 42
20 41
20 46
20 44
20 43
20 54
20 47
21 58
21 55
21 57
21 51
21 56
21 48
21 50
21 53
21 59
22 64
22 66
22 72
22 63
22 62
22 76
22 68
22 75
22 69
23 40
23 14
23 51
23 47
23 10
23 41
23 31
23 13
23 8
23 46
23 18
23 9
23 42
23 37
23 26
23 22
23 15
23 57
23 29
23 17
23 59
23 6
23 45
23 55
23 54
23 36
23 30
23 39
23 44
25 33
25 24
25 38
25 40
25 41
25 27
25 43
25 42
25 44
25 23
25 22
26 30
26 31
26 28
26 22
26 17
26 19
26 37
26 12
26 10
26 47
26 11
26 50
26 49
26 25
26 40
26 38
26 13
26 34
26 20
26 33
26 24
26 9
26 44
26 32
26 16
26 18
26 29
27 78
29 11
29 15
29 16
29 14
30 27
30 25
30 23
30 19
30 28
30 22
31 28
31 43
31 36
31 30
31 39
31 17
31 35
31 19
31 45
31 25
31 37
31 18
31 26
31 44
31 47
31 33
31 42
31 21
31 41
31 48
31 34
32 40
32 62
32 36
32 37
32 50
32 15
32 24
32 19
32 31
32 27
32 55
32 17
32 21
32 52
32 42
32 47
32 22
32 77
32 54
32 51
32 38
32 43
32 76
32 41
32 35
32 39
32 63
32 61
32 53
32 25
32 75
32 70
32 28
32 73
32 74
32 46
32 57
32 20
32 30
33 64
33 60
33 59
35 21
36 46
36 45
37 77
37 72
37 76
38 37
38 53
38 52
38 41
38 40
38 36
38 48
39 75
39 76
39 79
39 71
39 73
39 69
39 68
40 13
41 24
41 66
41 16
41 68
41 56
41 39
41 75
41 25
41 57
41 48
41 36
41 35
41 72
41 52
41 59
41 71
41 19
41 54
41 76
41 21
41 28
41 14
41 15
41 47
41 67
41 64
41 50
41 31
41 17
41 61
41 73
41 74
42 45
42 27
42 33
42 73
42 47
42 71
42 49
42 52
42 30
42 66
42 37
42 41
42 44
42 54
42 70
42 76
42 39
42 62
42 53
42 46
42 35
42 36
42 32
42 29
42 67
42 59
42 28
42 51
43 74
43 76
43 68
43 73
43 69
44 12
44 11
45 40
45 41
45 43
46 18
46 21
46 26
46 30
46 31
46 33
46 37
46 24
47 16
47 38
47 28
47 36
47 26
47 29
47 35
47 22
47 11
47 12
47 32
47 15
47 25
47 27
47 37
47 13
47 18
47 20
48 73
48 75
48 74
48 76
49 55
49 60
49 48
49 51
49 52
49 58
49 53
49 61
49 56
50 76
51 39
51 40
51 37
51 41
53 62
53 67
53 69
53 65
53 60
53 61
53 58
53 63
54 58
54 57
54 56
55 39
55 37
55 40
55 36
56 42
56 44
56 58
56 75
56 55
56 70
56 73
56 49
56 47
56 62
56 46
56 68
56 72
56 50
56 48
56 74
57 71
57 77
57 72
57 65
57 74
57 69
57 73
57 70
59 19
59 21
59 20
59 25
60 8
61 21
61 22
61 23
62 55
62 51
62 52
62 53
62 48
63 34
63 30
64 11
64 30
64 44
64 37
64 31
64 39
64 20
64 29
64 38
64 23
64 26
64 43
64 22
64 34
64 56
64 21
64 28
64 10
64 61
65 39
65 41
65 49
65 32
65 34
65 52
65 29
65 44
65 33
65 26
65 42
65 27
65 25
65 37
65 46
65 18
65 50
65 45
65 20
65 28
65 19
65 53
65 31
65 15
65 24
67 15
67 28
67 14
67 16
67 33
67 18
67 19
67 30
67 12
67 17
67 24
67 34
67 27
67 13
67 20
68 33
68 27
68 31
68 29
68 17
68 21
68 20
68 35
68 32
68 25
68 16
68 28
68 36
68 19
70 58
70 59
70 67
70 60
70 66
70 63
70 69
71 53
71 55
71 51
72 79
73 36
73 45
73 37
73 41
73 44
73 39
73 38
73 35
74 11
74 13
74 14
74 19
74 10
74 16
74 6
74 5
74 15
74 12
75 11
75 14
75 13
76 29
76 39
76 31
76 35
76 26
76 36
76 19
76 17
76 20
76 23
76 37
76 24
76 33
76 30
77 66
77 50
77 62
77 65
77 64
77 53
77 56
77 72
77 44
77 46
77 49
77 71
77 40
77 31
77 32
77 69
77 30
77 67
77 47
77 63
77 45
77 55
77 33
77 61
77 51
78 31
78 32
78 15
78 21
78 23
78 28
78 16
78 24
78 22
78 26
78 33
78 25
79 51
79 72
79 71
79 70
79 68
79 44
79 43
79 47
79 48
79 49
79 64
79 42
79 54
79 62
79 56
79 45
79 46
79 55
79 61
79 52
79 63
80 79
80 75
2 19
3 20
3 7
3 13
3 16
3 29
3 6
3 24
3 11
3 10
3 19
3 1
3 14
3 12
3 30
3 31
3 9
3 25
4 53
4 58
4 49
4 46
4 50
4 54
5 30
5 27
5 36
5 35
5 31
6 21
6 20
6 18
7 28
7 34
7 31
7 37
7 24
7 29
7 22
7 32
7 26
8 38
8 43
8 40
8 46
8 37
8 57
8 42
8 55
8 54
8 51
8 39
8 53
8 48
9 46
9 19
9 53
9 54
9 43
9 23
9 30
9 40
9 42
9 28
9 24
9 17
9 41
9 47
9 32
9 35
9 16
9 29
9 27
9 37
9 25
12 80
12 76
13 44
13 36
13 38
13 48
14 70
14 68
15 20
16 67
16 64
16 62
16 65
16 70
16 61
16 66
16 63
17 34
17 15
17 21
17 10
17 13
17 35
17 36
17 16
17 20
17 27
17 19
17 9
17 32
17 24
17 29
17 22
17 28
17 12
18 28
18 24
18 30
18 25
18 32
18 8
18 11
18 16
18 22
18 21
18 33
18 23
18 13
19 37
19 43
19 11
19 8
19 36
19 34
19 30
19 33
19 29
19 28
19 9
19 26
19 16
19 42
19 39
19 31
19 17
19 35
19 15
20 18
21 42
21 49
21 46
21 33
21 34
21 43
21 32
21 30
21 37
21 27
21 45
21 38
21 31
21 35
22 21
22 16
22 19
22 15
23 49
23 43
23 48
23 58
24 66
24 53
24 67
24 60
24 61
24 64
24 65
24 56
24 71
24 59
25 76
25 70
25 74
25 71
26 70
26 72
26 69
26 73
26 67
27 56
27 72
27 64
27 63
27 65
27 54
27 60
27 55
27 62
28 35
28 27
28 23
28 32
28 43
28 45
28 25
29 71
29 67
29 68
29 73
29 72
29 74
31 24
31 29
31 20
31 6
31 8
31 23
31 27
31 10
31 13
31 14
31 12
31 9
33 5
33 12
33 8
33 11
33 6
34 49
34 48
34 47
35 19
35 28
35 8
35 22
35 16
35 18
35 12
35 13
35 32
35 9
35 10
35 11
35 15
35 20
36 40
36 38
36 41
36 47
36 39
36 42
37 79
38 64
38 66
38 78
38 44
38 56
38 76
38 75
38 74
38 61
38 62
38 72
38 67
38 63
38 58
38 65
39 60
39 66
39 62
39 64
39 67
39 63
41 23
41 29
41 20
41 33
41 27
43 58
43 55
43 59
44 66
44 63
44 69
44 68
44 59
44 62
45 19
46 69
46 70
46 66
47 70
48 68
48 72
48 71
48 64
48 62
48 61
48 60
49 57
50 58
50 66
50 59
50 56
51 72
51 63
51 66
51 65
51 68
51 73
51 60
53 50
53 51
54 15
54 16
54 20
54 21
54 23
55 43
55 41
55 42
55 45
55 46
57 48
57 52
57 59
57 61
57 43
57 56
57 49
57 42
57 60
57 55
57 40
57 38
57 53
57 47
57 46
57 62
57 39
58 48
58 54
58 46
58 52
58 53
58 44
58 50
58 43
58 41
58 51
59 76
59 71
59 77
59 70
59 78
59 79
59 74
60 19
60 17
60 23
60 22
60 18
60 25
61 66
62 61
62 58
62 49
62 67
62 35
62 36
62 60
62 28
62 50
62 56
62 47
62 43
62 68
62 45
62 31
62 40
62 41
62 57
62 70
62 46
62 26
62 59
62 33
62 42
62 64
62 69
66 56
66 54
67 60
67 63
67 64
67 66
67 65
68 63
68 60
68 55
68 61
68 59
68 57
68 62
68 51
68 54
68 52
69 74
69 78
69 75
69 77
69 76
71 66
71 65
71 64
71 67
72 14
73 69
73 70
74 9
75 62
75 66
75 68
75 67
75 63
75 61
76 74
76 64
76 65
76 68
76 66
76 80
76 78
76 73
76 72
76 62
77 10
77 14
77 18
77 21
77 13
78 36
78 35
78 38
78 43
78 42
78 37
78 40
78 34
79 37
79 73
79 69
79 65
79 41
79 77
79 78
79 75
79 34
79 40
79 36
79 76
79 33
79 67
79 38
79 74
79 60
79 50
79 59
80 76
80 73
80 74
80 69
80 70
80 66
80 67
1 37
1 33
1 57
1 52
1 47
1 56
1 55
1 68
1 41
1 38
1 32
1 46
1 34
1 51
1 44
2 35
2 45
2 48
2 32
2 50
2 36
2 55
2 39
2 46
2 49
2 40
2 34
2 38
3 46
3 45
4 44
4 71
4 74
4 65
4 48
4 69
4 67
4 75
4 66
4 79
4 41
4 47
4 72
4 80
4 42
4 63
4 70
4 68
5 52
5 63
5 53
5 64
5 57
5 56
5 59
5 66
5 51
5 60
5 61
6 73
6 70
6 72
6 69
7 14
7 12
7 11
7 10
7 9
7 13
8 35
8 63
8 64
8 70
8 45
8 13
8 71
8 79
8 14
8 77
8 47
8 66
8 56
8 44
8 21
8 67
8 27
8 36
8 61
8 32
8 17
8 26
8 76
8 24
8 50
8 73
8 34
8 15
8 58
8 52
8 49
10 68
10 71
10 72
10 63
10 62
10 74
10 65
10 69
10 67
11 48
11 46
11 41
11 32
11 42
11 49
11 43
11 27
11 39
11 45
11 28
12 20
12 22
12 25
12 23
12 19
12 16
13 59
13 58
14 50
14 51
15 30
15 34
15 31
15 37
15 33
15 29
15 32
15 38
15 39
15 35
16 8
16 19
16 27
16 15
16 10
16 26
16 9
16 21
16 7
16 18
17 74
18 36
18 57
18 2
18 35
18 61
18 58
18 48
18 65
18 10
18 40
18 64
18 62
18 39
18 44
18 59
18 49
18 20
18 56
18 26
18 4
18 46
18 29
18 31
18 42
18 34
18 12
19 75
20 58
20 38
20 40
20 26
20 62
20 45
20 25
20 29
20 59
20 52
20 37
20 35
20 39
20 27
20 60
20 50
20 36
20 33
20 32
20 48
20 24
21 74
21 75
22 34
22 31
22 29
22 32
22 35
23 27
23 19
23 35
23 28
23 16
23 32
23 20
24 51
24 50
25 63
26 53
26 54
28 65
28 68
28 64
28 63
28 62
29 31
29 22
29 20
29 17
29 19
29 21
29 37
29 18
29 28
30 76
31 22
32 48
32 45
32 56
32 44
33 1
33 3
33 2
34 41
34 33
34 44
34 46
34 40
34 43
35 34
36 32
36 30
36 34
36 27
36 28
36 33
36 26
38 68
39 41
40 29
40 26
40 27
40 36
40 30
40 31
42 79
43 47
43 48
44 71
44 70
44 73
45 75
45 61
45 67
45 72
45 51
45 56
45 54
45 65
45 63
45 66
45 74
45 64
45 53
45 49
45 70
45 73
45 52
47 72
47 68
47 77
47 73
48 15
48 50
48 57
48 19
48 21
48 26
48 29
48 13
48 22
48 30
48 52
48 27
48 35
48 45
48 9
48 47
48 25
48 12
48 34
48 28
48 20
48 17
48 18
48 56
48 32
48 24
48 40
49 42
49 22
49 25
49 34
49 28
49 59
49 36
49 44
49 54
49 33
49 63
49 62
49 21
49 29
49 43
49 64
49 35
49 38
49 31
49 26
50 22
50 20
50 14
50 17
50 15
52 63
52 64
52 47
54 69
54 70
54 62
54 67
54 68
55 44
55 47
55 48
55 49
56 43
56 54
56 52
56 53
58 23
58 21
58 25
58 22
59 18
59 13
59 17
59 9
59 16
59 10
59 14
59 12
60 68
61 67
62 25
62 27
62 29
63 72
63 71
64 13
64 17
64 14
64 15
64 19
65 40
66 23
66 20
66 34
66 24
66 26
66 38
66 22
66 28
66 35
66 30
66 19
66 31
66 40
66 25
66 21
66 17
66 27
66 33
67 42
67 26
67 32
67 37
67 40
67 23
67 22
67 45
67 41
67 31
67 25
68 7
68 15
68 12
68 8
68 14
69 18
69 12
69 24
69 17
69 15
69 21
69 20
69 23
69 25
70 33
70 31
70 35
70 34
71 11
71 12
71 6
71 8
72 65
72 61
72 60
72 70
72 63
72 74
72 68
72 66
72 67
72 64
73 33
73 40
73 42
73 31
73 30
75 29
75 22
75 19
75 28
75 33
75 25
75 16
75 18
76 69
77 43
78 58
78 61
78 60
78 59
78 57
78 56
79 39
79 35
79 23
79 29
79 26
79 32
79 24
79 25
79 57
79 28
80 41
80 42
80 44
80 40
80 45
80 36
80 35
1 48
1 26
1 35
1 31
1 18
1 30
1 45
1 36
1 39
1 25
1 21
1 28
1 19
1 40
1 24
3 34
3 38
5 25
5 24
5 39
5 38
5 23
5 29
5 32
5 28
5 33
5 19
5 26
7 53
7 25
7 17
7 43
7 39
7 35
7 36
7 30
7 47
7 46
7 57
7 59
7 23
7 52
7 20
7 44
7 49
7 19
7 38
7 27
8 74
8 72
9 59
9 68
9 62
9 75
9 49
9 50
10 15
11 60
11 61
11 54
11 56
11 50
11 52
11 47
11 51
12 75
13 69
13 66
13 68
13 64
13 74
13 60
13 63
13 61
13 65
13 62
14 20
14 19
15 73
16 68
16 59
16 56
16 58
18 27
18 15
19 58
19 53
19 55
19 52
20 56
20 61
20 64
20 63
21 61
21 62
21 60
21 67
22 55
22 65
22 56
22 49
22 57
22 51
22 59
22 53
23 76
23 80
24 46
24 15
24 22
24 49
24 19
24 40
24 27
24 37
24 32
24 44
24 20
24 43
24 58
24 48
24 21
24 17
24 34
24 47
24 31
24 38
24 30
24 28
25 16
25 46
25 35
25 37
25 59
25 21
25 18
25 15
25 13
25 53
25 32
25 19
25 14
25 34
25 20
26 59
26 64
26 52
26 65
26 60
26 63
26 62
26 58
26 71
26 68
26 66
27 80
27 79
28 61
28 55
28 66
28 52
28 59
28 58
28 60
30 54
30 41
30 37
30 51
30 53
30 36
30 55
32 78
32 79
32 60
32 64
33 71
33 63
33 74
33 68
33 55
33 39
33 51
33 57
33 72
33 30
33 29
33 44
33 38
33 41
33 66
33 28
33 27
33 35
33 25
33 65
33 22
33 21
33 37
33 56
33 54
33 43
33 48
33 52
33 32
33 50
33 46
33 70
34 79
35 63
35 42
35 48
35 39
35 53
35 55
35 31
35 65
35 43
35 76
35 37
35 51
35 62
35 60
35 61
35 58
35 57
35 50
35 68
35 56
35 72
35 67
35 44
35 74
35 54
37 35
37 34
38 13
38 18
38 26
38 19
38 15
38 9
38 14
38 10
38 11
38 20
38 22
38 12
41 65
41 62
41 63
43 77
43 75
44 75
44 74
45 23
45 27
45 30
45 42
45 50
45 47
45 34
45 28
45 29
45 39
45 38
46 48
47 30
47 33
47 34
48 41
48 58
49 41
49 40
49 45
50 64
52 19
52 22
52 20
52 25
52 21
53 77
53 74
53 71
53 70
53 73
54 9
54 12
54 13
54 7
54 10
54 6
54 2
54 5
55 32
55 34
55 33
55 29
55 27
56 37
56 34
58 47
58 45
58 65
58 39
58 32
58 49
58 55
58 66
58 56
58 69
58 62
58 71
58 67
58 72
58 73
58 34
58 64
59 38
59 45
59 22
59 27
59 46
59 51
59 47
59 26
59 24
59 35
59 39
59 15
59 34
59 50
59 37
59 32
59 33
59 52
59 23
59 42
59 48
59 44
60 55
60 64
60 58
60 59
60 65
60 53
60 66
60 54
60 56
61 45
61 30
61 28
61 39
61 25
61 65
61 73
61 38
61 40
61 33
61 35
61 78
61 58
61 76
61 53
61 41
61 26
61 57
61 27
61 60
61 29
61 56
61 77
61 44
61 24
61 71
61 49
61 47
61 55
61 51
61 54
61 74
63 54
63 57
65 12
65 16
65 13
65 21
65 14
65 30
65 9
65 35
66 71
66 55
66 76
66 74
66 75
66 57
66 68
66 69
66 77
66 64
66 73
68 43
68 37
68 41
68 34
68 39
68 46
68 44
68 40
68 30
69 51
69 44
69 57
69 56
69 58
69 39
69 52
69 50
69 46
69 47
69 36
69 45
69 48
71 27
71 25
71 23
71 28
71 26
71 21
72 22
72 19
72 18
72 23
72 24
72 16
73 53
73 59
73 55
73 58
73 49
73 50
73 57
74 66
74 34
74 46
74 23
74 24
74 61
74 17
74 41
74 57
74 58
74 22
74 35
74 63
74 65
74 20
74 43
74 54
74 18
76 56
76 67
76 59
76 57
76 58
76 63
76 61
76 45
76 54
76 70
76 55
77 42
77 41
77 52
77 38
78 29
80 12
80 7
80 3
80 24
80 21
80 13
80 26
80 18
80 20
80 19
80 6
80 11
80 4
80 2
80 15
80 14
80 25
80 8
80 28
1 20
1 29
1 13
1 16
1 14
1 15
1 27
1 23
1 11
1 17
2 10
2 8
2 7
2 5
2 15
2 17
2 6
2 16
2 9
2 12
2 21
2 4
2 20
2 25
2 11
3 59
3 63
3 57
3 62
4 59
7 50
7 48
8 78
9 31
9 34
9 36
10 45
10 47
10 55
10 59
10 44
10 31
10 42
10 35
10 41
10 34
10 39
10 50
10 30
10 38
10 32
10 36
10 37
10 48
10 40
10 29
11 38
11 37
11 40
13 75
14 46
14 44
14 47
16 37
16 47
16 53
16 52
16 34
16 36
16 50
16 44
16 45
16 55
17 33
17 8
17 30
17 38
17 43
17 37
17 23
17 25
17 31
17 11
17 40
17 41
18 69
18 72
18 55
18 74
18 67
18 71
18 60
18 75
18 54
18 73
18 63
19 46
19 48
19 40
19 54
19 57
19 49
19 63
19 62
19 45
19 50
19 41
21 52
21 41
21 66
21 73
21 77
21 70
21 65
21 72
21 68
21 63
21 71
21 76
21 69
22 39
22 36
22 38
22 28
23 72
23 70
23 73
23 65
23 67
23 66
23 74
23 68
23 75
23 62
23 60
24 77
24 73
24 75
24 79
24 72
25 45
25 36
25 17
25 5
25 10
25 48
25 6
25 12
25 28
25 51
25 8
25 30
27 34
27 32
27 29
28 54
29 51
29 54
30 63
30 26
30 65
30 67
30 60
30 34
30 33
30 64
30 29
30 20
30 75
30 71
30 24
30 70
30 38
30 62
30 18
31 59
31 58
31 57
32 72
33 73
35 47
35 46
35 17
35 41
35 14
35 52
36 23
36 25
36 24
37 49
37 54
37 51
37 46
37 47
37 52
38 24
38 30
38 23
38 34
38 35
39 44
40 75
40 79
40 67
41 32
41 22
41 18
42 34
42 25
42 24
42 21
42 22
44 1
45 20
46 51
46 44
46 52
46 42
46 43
46 60
46 59
46 55
46 50
46 54
46 53
47 17
47 14
47 23
47 31
47 19
50 27
50 29
50 32
50 23
50 30
50 26
50 25
50 18
51 12
51 35
51 36
51 29
51 23
51 25
51 33
51 34
51 31
51 13
51 28
51 27
51 19
51 43
51 24
51 38
51 16
51 30
51 22
52 8
52 10
52 6
52 7
52 12
52 4
53 39
53 43
53 41
53 36
53 38
54 73
55 68
55 67
55 70
57 35
57 45
57 36
