100 471
1 2
2 3
3 4
4 5
5 6
6 7
7 8
8 9
9 10
10 11
11 12
12 13
13 14
14 15
15 16
16 17
17 18
18 19
19 20
20 21
21 22
22 23
23 24
24 25
25 26
26 27
27 28
28 29
29 30
30 31
31 32
32 33
33 34
34 35
35 36
36 37
37 38
38 39
39 40
40 41
41 42
42 43
43 44
44 45
45 46
46 47
47 48
48 49
49 50
50 51
51 52
52 53
53 54
54 55
55 56
56 57
57 58
58 59
59 60
60 61
61 62
62 63
63 64
64 65
65 66
66 67
67 68
68 69
69 70
70 71
71 72
72 73
73 74
74 75
75 76
76 77
77 78
78 79
79 80
80 81
81 82
82 83
83 84
84 85
85 86
86 87
87 88
88 89
89 90
90 91
91 92
92 93
93 94
94 95
95 96
96 97
97 98
98 99
99 100
100 1
2 70
2 48
2 76
2 72
2 16
2 79
2 68
2 57
2 28
2 67
2 13
2 35
2 24
2 69
2 21
2 44
2 19
2 34
2 32
2 31
2 62
2 27
2 45
2 47
2 20
2 22
2 40
2 23
2 73
2 42
2 60
2 55
2 46
2 65
2 66
2 51
2 64
2 26
2 53
2 49
3 29
3 46
3 40
3 44
3 55
3 28
3 36
3 47
3 41
3 30
3 38
3 49
3 56
3 51
3 48
3 43
3 32
3 53
3 31
3 34
4 56
4 61
4 58
4 55
4 57
5 44
5 53
5 55
5 37
5 48
5 34
5 52
5 50
5 43
5 54
5 35
6 31
6 59
6 77
6 45
6 14
6 75
6 57
6 35
6 76
6 28
6 18
6 46
6 21
6 36
6 44
6 62
6 40
6 41
6 71
6 56
6 79
6 61
6 15
6 26
6 38
6 17
6 47
6 55
6 43
6 67
6 63
6 48
6 53
6 64
6 27
6 74
6 16
6 54
6 22
6 72
6 25
6 58
6 42
7 86
7 82
7 91
7 81
7 87
7 92
7 79
7 93
7 78
7 80
8 31
8 58
8 29
8 37
8 59
8 39
8 61
8 35
8 49
8 43
8 52
8 34
8 64
8 66
8 46
8 56
8 48
8 65
8 60
8 54
8 51
8 42
8 57
8 53
8 38
8 55
10 49
10 44
10 64
10 47
10 59
10 43
10 57
10 42
10 40
10 63
10 41
10 71
10 67
10 62
10 39
10 70
10 45
10 48
10 65
11 55
11 61
11 59
11 50
11 48
11 54
11 56
11 62
11 46
11 45
12 57
12 45
12 53
12 64
12 37
12 46
12 58
12 44
12 66
12 52
12 55
12 61
12 34
12 62
12 42
12 56
12 59
12 36
12 35
12 31
12 39
12 60
13 85
14 95
14 92
14 90
14 94
15 63
15 75
15 73
15 65
15 74
15 64
15 58
15 66
15 77
15 71
15 61
15 79
15 68
15 76
15 70
16 82
16 57
16 86
16 83
16 37
16 51
16 50
16 64
16 39
16 34
16 60
16 28
16 70
16 74
16 33
16 81
16 32
16 67
16 69
16 40
16 77
16 79
16 53
16 35
16 46
16 80
16 75
16 85
16 27
16 43
16 56
16 42
16 29
16 36
16 71
16 66
16 30
16 68
16 61
16 84
16 54
16 59
16 62
17 94
17 92
17 81
17 80
17 90
17 75
17 93
17 79
17 84
17 86
19 83
19 80
19 81
19 85
19 82
20 93
20 92
21 51
21 10
21 9
21 60
21 19
21 63
21 77
21 31
21 53
21 24
21 15
21 18
21 25
21 91
21 90
21 32
21 34
21 55
21 47
21 16
21 36
21 68
21 98
21 94
21 17
21 76
21 30
21 79
21 46
21 45
21 26
21 56
21 52
21 54
21 61
21 23
21 49
21 13
21 85
21 12
21 89
21 81
21 48
21 7
21 41
21 27
21 86
21 78
21 11
21 42
21 8
22 50
22 48
22 60
22 43
22 61
22 45
22 46
22 44
22 57
22 62
22 53
22 59
22 54
22 56
22 41
24 39
24 35
24 37
24 52
24 54
24 53
24 47
24 49
24 50
24 51
24 31
24 40
24 46
24 41
24 43
25 65
25 66
25 64
25 69
