68 3773
1 2
2 3
3 4
4 5
5 6
6 7
7 8
8 9
9 10
10 11
11 12
12 13
13 14
14 15
15 16
16 17
17 18
18 19
19 20
20 21
21 22
22 23
23 24
24 25
25 26
26 27
27 28
28 29
29 30
30 31
31 32
32 33
33 34
34 35
35 36
36 37
37 38
38 39
39 40
40 41
41 42
42 43
43 44
44 45
45 46
46 47
47 48
48 49
49 50
50 51
51 52
52 53
53 54
54 55
55 56
56 57
57 58
58 59
59 60
60 61
61 62
62 63
63 64
64 65
65 66
66 67
67 68
68 1
1 53
1 24
1 42
1 25
1 52
1 36
1 43
1 28
1 20
1 35
1 48
1 23
1 40
1 26
1 50
1 54
1 34
1 39
1 21
1 47
1 32
2 38
2 50
2 41
2 51
2 54
2 34
2 42
2 33
2 32
2 40
2 49
2 53
2 46
2 43
2 37
3 25
3 26
5 47
6 26
6 32
6 23
6 22
6 42
6 38
6 37
6 35
6 29
6 39
6 33
6 31
6 28
6 40
8 68
8 62
8 66
8 63
10 49
10 50
10 46
10 47
10 45
11 53
11 49
11 32
11 52
11 40
11 47
11 50
11 41
11 34
11 45
11 36
11 46
11 42
11 43
11 38
11 39
12 9
12 14
12 11
12 10
12 6
12 8
13 29
13 28
14 61
14 65
14 66
14 63
15 42
15 37
15 31
15 33
15 41
15 28
15 39
15 27
15 34
15 32
15 40
16 60
16 62
16 58
17 29
17 31
17 26
17 30
17 27
18 37
18 26
18 39
18 36
18 29
18 30
18 33
18 31
19 64
19 60
19 63
19 58
19 61
20 31
20 32
21 53
21 50
21 49
21 54
21 48
22 18
22 21
22 19
22 13
22 15
23 64
24 59
24 62
24 51
24 50
24 54
24 44
24 37
24 46
24 38
24 53
24 52
24 41
24 55
24 56
24 57
24 43
24 63
24 42
25 40
25 55
25 34
25 12
25 13
25 20
25 31
25 28
25 48
25 29
25 4
25 38
25 56
25 33
25 59
25 17
25 30
25 47
25 9
25 43
25 15
25 19
25 46
25 52
25 10
25 50
25 44
25 8
25 16
25 58
25 27
25 23
25 7
25 49
25 14
26 23
26 16
26 22
26 17
26 55
26 45
26 20
26 54
26 14
26 18
26 31
26 43
26 34
26 25
26 12
26 32
26 49
26 41
26 42
26 35
26 50
26 56
26 15
26 24
26 37
28 32
29 27
29 22
29 25
29 23
29 21
30 54
30 50
30 55
30 61
30 60
30 52
30 59
30 49
30 48
30 47
30 51
31 53
32 53
32 52
33 18
33 20
33 31
33 23
33 16
33 30
33 25
33 26
34 62
34 67
34 59
34 64
34 68
34 63
35 51
35 48
35 50
36 52
36 57
36 35
36 46
36 48
36 38
36 47
36 56
36 49
36 51
36 43
36 50
36 39
36 58
37 57
37 56
38 28
38 27
38 25
39 48
39 42
39 29
39 44
39 33
39 35
39 43
39 32
39 49
39 50
39 31
39 37
39 36
39 30
39 38
40 28
41 14
42 63
42 64
43 59
43 51
43 53
43 54
43 49
43 50
43 56
43 58
43 52
43 60
43 64
44 28
45 42
45 40
45 38
45 41
46 38
46 31
46 34
46 30
46 35
46 28
46 36
46 32
47 52
47 56
47 19
47 62
47 58
47 13
47 22
47 40
47 38
47 27
47 33
47 14
47 26
47 54
47 57
47 53
47 41
47 30
47 44
47 61
47 36
47 45
47 12
47 25
47 32
47 37
47 16
47 28
47 20
47 60
47 15
47 35
47 34
47 17
47 55
47 59
47 24
48 13
48 22
48 10
48 14
48 16
48 17
48 15
48 28
48 18
48 24
48 27
48 25
50 43
50 47
50 23
50 29
50 14
50 19
50 18
50 35
50 37
50 58
50 45
50 59
50 53
50 49
50 16
50 15
50 44
50 42
50 56
50 31
50 27
50 25
50 38
50 52
50 39
50 33
50 40
50 46
51 63
52 29
52 24
52 23
52 8
52 18
52 12
52 37
52 4
52 45
52 19
52 26
52 30
52 32
52 38
52 13
52 16
52 5
52 20
52 42
52 7
52 21
52 35
52 34
52 2
52 15
52 3
52 1
52 6
52 11
53 21
53 23
54 21
55 57
55 48
55 47
55 42
55 39
55 41
55 49
55 52
55 44
55 35
55 38
55 34
56 34
56 38
56 40
56 31
56 33
56 30
56 39
56 43
56 47
56 42
56 35
56 36
57 60
57 44
57 63
57 49
57 55
57 47
57 54
57 46
57 56
58 25
58 27
58 24
60 66
61 51
61 53
61 56
61 52
61 50
61 46
62 51
63 36
63 37
64 38
64 42
64 33
64 39
64 37
64 40
64 45
64 34
64 43
65 33
65 38
65 42
65 36
65 40
65 34
67 20
67 13
67 16
67 12
67 17
67 21
67 22
67 15
67 6
67 18
67 23
67 19
68 65
68 63
68 60
68 64
68 58
68 67
68 62
68 59
1 66
1 67
1 64
3 64
4 51
4 54
4 55
5 34
5 31
5 28
5 30
5 27
5 35
7 66
7 67
8 32
8 27
8 14
8 18
8 25
8 16
8 22
8 23
8 30
8 21
8 28
8 15
9 11
9 8
9 5
9 3
9 4
11 55
12 47
12 41
12 46
12 42
12 43
12 38
12 44
12 39
13 49
13 51
13 46
14 29
14 20
14 16
14 28
14 33
14 27
14 30
14 31
14 22
14 26
14 21
16 26
16 34
16 46
16 48
16 37
16 43
16 29
16 30
16 27
16 36
16 22
16 49
16 38
16 41
16 35
16 32
16 42
16 44
16 40
18 63
19 33
19 22
19 25
19 26
19 24
19 31
19 35
19 27
19 32
19 21
19 18
19 23
20 13
20 12
20 10
21 67
22 43
22 35
22 34
22 41
22 44
22 36
22 38
22 39
22 48
22 49
22 37
23 67
24 21
24 28
24 22
24 29
24 30
24 17
24 12
24 16
24 26
24 34
24 15
24 31
24 36
24 23
24 39
25 62
25 64
25 61
25 60
26 13
26 7
26 11
26 8
26 6
27 64
27 58
27 56
27 67
27 65
27 59
27 63
27 66
28 49
28 43
28 53
28 52
28 54
28 48
28 51
29 38
29 46
29 18
29 43
29 47
29 36
29 24
29 41
29 34
29 11
29 39
29 42
29 37
29 44
29 28
29 45
29 17
29 40
29 12
29 26
29 15
29 33
31 47
31 59
31 49
31 58
31 56
31 55
31 50
31 48
32 58
32 21
32 38
32 29
32 42
32 51
32 56
32 23
32 63
32 41
32 47
32 37
32 25
32 35
32 30
32 59
32 28
32 57
32 65
32 44
32 31
32 43
32 55
32 46
32 49
32 27
32 66
33 48
33 47
33 50
33 38
33 53
33 42
33 43
33 51
33 40
33 44
33 56
33 36
33 45
33 37
34 22
34 23
34 21
34 19
34 17
34 15
34 16
34 24
36 59
36 63
37 40
38 47
38 48
38 41
38 44
38 45
39 13
39 15
39 12
39 11
40 44
40 55
40 50
40 54
40 47
40 43
40 48
40 52
40 49
40 51
41 18
41 11
41 12
41 23
41 22
41 16
41 24
42 50
42 60
42 61
42 51
42 58
42 53
42 59
43 63
43 48
43 61
43 62
43 47
43 41
43 33
43 40
43 39
43 42
43 35
43 34
43 55
43 26
43 37
43 32
45 58
45 63
45 66
45 62
45 54
45 55
45 60
45 65
45 64
45 53
45 68
46 66
46 62
46 59
46 60
46 63
46 61
46 56
46 67
47 65
47 67
48 40
48 39
48 44
48 45
49 59
50 34
50 30
50 32
51 32
51 37
51 36
51 34
51 33
52 51
53 36
53 31
53 39
53 43
53 34
53 35
53 30
53 33
54 11
54 16
54 10
54 13
55 24
55 27
55 26
55 25
55 33
55 21
55 32
55 28
56 54
56 41
56 55
56 49
56 32
56 44
56 37
56 46
56 51
57 45
57 48
57 52
57 53
57 50
58 54
59 26
59 25
59 27
60 22
60 12
60 3
60 5
60 15
60 24
60 18
60 9
60 21
60 23
60 6
60 13
60 11
60 4
60 2
60 25
61 58
61 57
61 60
62 58
62 54
62 55
62 53
64 26
64 52
64 32
64 35
64 27
64 53
64 49
64 19
64 31
64 48
64 29
64 54
64 47
64 36
64 51
64 20
64 21
64 25
64 44
65 49
65 46
65 50
66 34
66 31
66 37
66 33
66 35
66 40
66 36
67 36
67 40
67 38
68 20
68 17
68 12
68 15
68 21
68 19
1 27
2 25
2 22
2 4
2 18
2 12
2 9
2 11
2 5
2 13
2 26
2 14
2 16
2 20
2 31
2 15
2 8
2 21
4 50
4 45
4 46
4 48
4 44
4 47
5 48
5 52
5 53
5 37
5 40
5 50
5 44
5 29
5 51
5 32
5 46
5 33
5 45
5 43
6 53
6 60
6 58
6 62
7 41
7 40
7 44
9 24
9 12
9 23
9 29
9 16
9 28
9 15
9 22
9 13
9 21
9 26
9 14
10 34
10 33
10 48
10 43
10 51
10 41
10 54
10 38
10 39
10 29
10 31
10 53
10 52
10 36
10 44
10 28
11 58
11 59
11 44
11 54
11 51
11 56
11 61
13 60
13 56
13 59
14 35
14 24
14 36
14 34
15 10
15 9
15 13
16 5
16 6
17 19
17 36
17 23
17 45
17 42
17 37
17 32
17 35
17 40
17 21
17 39
17 20
17 34
17 24
17 38
18 50
18 45
18 46
18 48
18 51
18 44
18 53
18 49
19 10
19 13
19 9
20 59
20 33
20 44
20 36
20 56
20 43
20 46
20 39
20 27
20 49
20 55
20 57
20 29
20 38
20 63
20 48
20 54
20 28
20 50
20 51
20 40
20 30
21 23
22 40
22 52
22 32
22 45
22 31
22 27
22 29
22 46
22 42
22 30
22 28
23 26
23 28
23 29
23 32
23 8
23 7
23 27
23 9
23 10
23 33
23 35
23 16
23 15
23 13
23 22
23 31
23 14
23 17
23 5
23 18
24 61
24 58
25 32
26 10
26 46
26 29
26 19
26 40
26 39
26 38
26 30
26 33
26 44
26 21
27 41
27 48
27 45
27 53
27 50
27 47
27 42
28 35
28 37
28 44
28 42
28 62
28 41
28 33
28 55
28 65
28 46
28 40
28 66
28 50
28 56
28 58
28 38
28 39
28 63
29 52
29 51
29 49
29 48
29 50
29 53
30 26
30 27
31 63
31 62
32 16
32 6
32 11
32 26
32 17
32 19
32 14
32 15
32 34
32 7
32 10
33 11
33 12
33 28
33 13
33 17
34 38
34 36
34 28
34 25
34 31
34 40
34 37
34 30
34 39
34 33
35 61
35 64
35 63
35 65
36 19
36 1
36 3
36 11
36 27
36 16
36 12
36 5
36 7
36 6
36 10
36 17
36 2
36 24
36 14
36 26
36 4
36 8
36 20
37 67
38 18
38 16
38 17
38 13
39 59
39 55
39 52
39 54
39 56
39 53
40 38
40 37
40 42
40 39
40 35
40 36
41 53
41 48
41 59
41 50
41 55
41 38
41 43
41 52
41 47
41 46
41 57
41 58
42 31
42 27
42 34
42 20
42 44
42 37
42 49
42 24
42 26
42 25
42 33
42 19
42 45
42 47
42 18
42 40
42 38
42 52
42 41
43 67
43 66
43 65
44 61
44 55
44 58
44 54
44 52
44 60
44 57
44 59
45 16
45 11
45 17
45 15
45 13
45 14
47 64
48 30
49 60
50 48
50 57
50 55
50 54
51 9
51 10
51 11
51 16
51 14
51 18
51 7
51 8
51 13
52 46
52 41
52 43
52 47
52 36
52 39
52 49
52 40
52 25
52 48
52 44
52 28
57 38
57 35
57 29
57 25
57 42
57 31
57 41
57 30
57 27
57 28
57 43
57 24
57 26
57 34
57 32
57 33
58 46
58 52
58 48
58 53
58 55
58 47
59 50
59 46
59 44
59 40
59 38
59 48
59 47
59 41
59 39
59 49
60 29
60 35
60 34
60 37
60 32
60 28
60 33
60 30
61 11
62 44
62 38
62 45
62 46
62 43
62 42
63 4
64 28
64 30
65 17
65 8
65 19
65 4
65 6
65 18
65 26
65 24
65 5
65 23
65 12
65 22
65 14
65 11
65 21
65 20
65 13
65 25
66 50
66 57
66 58
66 56
66 43
66 59
66 47
66 60
66 52
66 61
66 49
66 45
67 25
67 31
67 34
67 27
67 35
67 28
67 39
1 30
1 45
1 31
1 49
1 44
1 41
1 46
1 29
1 33
3 28
4 65
5 13
5 4
5 36
5 42
5 23
5 17
5 26
5 39
5 20
5 8
5 11
5 18
5 49
5 15
6 20
6 18
6 11
6 19
6 15
6 12
6 27
6 8
6 24
6 13
6 34
7 26
7 25
7 29
7 28
7 31
7 27
8 34
8 36
9 7
11 35
11 60
11 33
11 57
11 37
11 63
11 64
11 48
12 60
12 55
12 57
12 61
12 54
13 12
13 18
13 17
14 32
14 45
14 19
14 40
14 42
14 23
14 39
14 37
15 57
15 53
15 56
16 51
16 50
17 8
17 9
17 7
17 16
17 11
17 15
17 14
17 6
18 23
18 20
18 32
18 21
18 35
18 38
18 15
18 43
18 47
18 27
18 16
18 17
19 12
21 24
21 25
21 26
22 58
22 59
22 60
23 41
23 46
23 45
25 65
26 36
26 28
27 51
27 55
27 61
27 62
27 54
28 31
29 10
29 16
29 19
29 13
29 14
30 44
30 46
31 34
31 36
31 35
31 37
32 48
33 29
33 35
33 39
33 32
35 53
35 34
35 58
35 41
35 59
35 43
35 57
35 47
35 60
35 49
35 33
35 45
35 38
35 37
35 56
35 40
35 42
36 65
36 64
36 41
36 66
36 55
36 45
36 67
36 54
36 40
36 53
36 42
38 11
38 20
38 9
38 24
38 34
38 21
38 12
38 14
38 19
38 8
38 10
38 29
38 23
38 22
40 15
40 12
40 16
40 26
40 32
40 17
40 18
40 29
40 33
40 27
40 13
40 14
40 25
40 20
41 56
41 60
42 46
42 57
42 55
42 62
42 48
43 15
43 22
43 17
43 21
43 19
44 48
44 42
44 46
44 31
44 39
44 34
44 30
44 47
44 40
44 33
44 38
44 35
45 61
45 59
47 43
48 19
48 23
48 20
51 57
51 56
52 61
52 62
53 49
53 44
53 48
53 56
54 31
54 35
54 29
54 25
54 26
54 23
54 24
55 29
55 36
55 37
55 30
55 40
56 29
56 28
57 36
57 40
57 37
57 39
58 63
58 66
59 37
59 35
61 36
61 47
61 34
61 43
61 41
61 40
61 42
61 39
61 49
61 37
61 48
61 28
61 31
61 32
62 52
62 66
62 37
62 49
62 19
62 24
62 48
62 25
62 17
62 20
62 64
62 30
62 57
62 56
62 33
62 23
62 47
62 39
62 41
62 40
62 61
62 59
62 22
62 31
62 15
63 8
63 10
63 9
63 11
65 39
65 29
65 27
65 30
65 37
66 62
67 44
67 45
67 42
67 46
67 41
67 43
67 49
67 30
67 50
67 37
68 22
68 26
68 27
68 23
68 13
68 16
68 14
68 10
68 29
68 8
68 9
1 37
1 51
1 58
1 55
2 29
2 28
3 62
3 63
4 42
5 62
5 60
5 64
6 41
7 52
7 50
7 37
7 48
7 38
7 45
7 42
8 13
8 19
9 25
9 17
9 19
10 55
13 64
13 65
13 67
14 43
14 58
14 50
14 46
14 53
14 51
14 44
14 55
15 67
17 55
18 68
18 64
18 62
18 61
19 38
19 36
19 37
20 52
20 60
20 58
20 61
21 32
21 30
21 28
21 35
21 31
22 61
22 51
22 53
22 55
22 47
24 40
24 33
24 32
25 53
26 63
26 66
27 57
28 59
28 61
30 57
30 41
30 58
30 40
30 42
30 56
33 22
35 20
35 19
35 21
36 25
36 18
36 22
36 28
36 15
37 64
37 63
37 66
38 26
38 15
39 45
39 41
40 65
40 61
40 64
40 66
41 54
42 54
42 56
43 31
43 28
43 20
43 25
43 29
43 36
44 37
44 32
44 36
45 43
45 44
45 49
46 55
46 57
46 64
47 42
47 50
47 31
47 46
47 29
47 39
47 51
47 49
48 21
49 34
49 24
49 23
49 32
49 28
49 19
49 20
49 35
49 31
49 18
50 26
50 64
50 36
50 24
50 66
50 62
50 28
50 65
50 41
50 60
50 67
51 50
51 29
51 38
51 41
51 44
51 31
51 35
51 40
51 49
51 30
52 50
53 47
53 52
53 50
54 27
54 28
55 46
55 43
56 27
56 23
56 26
56 24
57 68
57 65
57 64
57 67
57 51
57 62
58 60
58 61
58 57
58 65
58 64
60 50
60 49
60 54
60 51
60 53
60 55
61 12
61 16
61 15
61 17
61 13
63 26
63 25
63 20
63 29
63 30
63 31
63 19
63 24
64 46
64 22
64 41
64 50
64 24
65 28
66 53
66 65
66 54
67 59
67 62
67 58
68 51
68 52
2 62
3 34
3 40
3 37
3 32
3 33
5 24
5 38
5 41
6 50
6 30
6 48
6 44
6 45
6 46
7 60
7 63
7 61
8 35
8 44
8 45
8 26
8 37
8 43
8 42
8 31
9 45
9 48
9 50
9 51
9 54
9 55
9 53
10 66
10 68
10 64
11 62
11 67
11 65
12 48
12 50
12 45
13 11
13 10
13 9
13 16
13 8
13 3
13 4
13 5
14 9
14 10
15 46
15 48
15 44
15 43
17 52
17 60
17 51
17 67
17 59
17 56
17 46
17 65
17 43
17 62
17 57
17 41
17 53
17 49
17 58
17 54
18 55
18 58
18 57
18 52
18 59
19 14
19 4
19 17
19 15
19 2
19 1
19 7
20 9
20 7
20 18
20 23
20 25
20 8
20 24
20 22
20 16
20 14
21 68
21 66
22 17
22 16
22 14
22 20
23 20
23 34
23 25
23 19
23 21
25 24
26 9
27 29
27 25
27 32
27 34
27 44
27 31
27 24
27 38
27 43
27 46
28 45
29 57
29 56
29 54
29 58
29 62
29 59
29 61
31 57
31 54
31 64
31 61
31 65
32 36
32 40
33 41
33 49
34 61
34 41
34 43
34 29
34 32
34 54
34 60
34 56
34 46
34 55
34 27
34 42
34 51
35 18
35 39
35 22
35 30
35 24
35 29
35 28
35 23
35 17
35 32
36 21
36 30
36 29
36 33
38 35
38 40
38 52
38 49
38 33
38 46
39 9
39 7
39 8
40 31
41 68
41 62
41 49
41 64
41 67
41 63
44 62
44 65
44 67
44 64
45 31
45 36
45 34
45 35
46 16
46 11
46 17
46 25
46 27
46 22
46 12
46 14
46 19
46 26
48 54
48 52
48 55
48 56
48 51
50 61
51 28
51 25
51 42
51 26
51 47
51 43
51 45
51 27
51 39
51 24
52 58
52 56
52 59
52 54
54 14
54 22
54 30
54 20
54 18
57 61
58 18
58 19
59 14
59 15
59 9
59 24
59 21
59 12
59 31
59 16
59 11
59 10
59 22
59 34
59 17
59 30
59 20
60 31
60 20
60 39
60 17
60 16
60 36
60 38
60 27
60 26
63 66
63 59
63 62
63 61
64 61
64 63
65 51
65 53
65 48
67 32
67 33
67 26
67 24
67 29
68 48
68 53
68 49
68 47
1 57
1 60
1 65
1 62
2 56
2 59
2 58
2 55
2 60
3 45
3 54
3 51
3 46
3 48
3 50
3 43
3 42
3 47
3 59
3 60
3 57
3 55
5 55
5 57
5 54
7 33
7 23
7 35
7 39
7 36
7 34
10 58
11 22
11 17
11 19
11 15
11 25
11 26
11 13
11 16
11 27
11 21
11 14
11 10
11 24
12 49
12 52
14 38
14 41
15 36
15 35
15 30
15 24
15 38
16 54
16 52
16 61
16 59
16 56
16 55
17 47
17 48
18 56
18 40
18 41
18 54
18 34
19 11
19 16
20 26
20 15
20 34
21 52
21 47
21 45
21 51
21 42
22 26
22 25
22 24
22 33
24 67
25 66
26 59
26 60
26 57
29 20
29 9
30 45
30 38
30 39
31 66
32 61
32 60
32 62
34 47
35 52
35 54
36 60
36 44
38 43
38 53
38 7
38 42
38 36
38 32
41 5
41 3
41 10
41 7
41 8
44 9
45 56
45 47
45 57
45 51
46 43
46 45
46 50
46 51
46 52
46 39
46 48
46 41
46 42
48 65
48 66
49 48
49 52
49 55
49 53
50 63
51 53
51 61
51 58
51 55
51 62
51 48
52 64
52 65
52 66
52 63
53 28
53 16
53 19
53 26
53 27
53 40
53 10
53 14
53 20
53 41
53 22
53 37
53 32
53 6
53 17
53 7
53 15
54 19
54 15
54 17
55 23
56 60
56 59
56 58
56 48
56 53
57 19
57 16
57 20
57 18
57 15
57 22
58 44
58 51
58 45
58 43
59 2
59 1
60 47
60 48
61 22
61 19
61 14
61 25
61 44
61 33
61 26
61 30
61 24
61 38
61 29
61 21
61 23
61 45
61 55
61 54
63 38
63 33
63 23
63 12
63 13
63 22
63 15
63 42
63 46
63 6
63 27
63 7
63 49
63 43
63 41
63 21
63 47
63 48
63 45
65 64
65 62
65 58
65 55
65 59
68 30
68 31
68 25
68 24
1 13
2 52
2 47
2 57
2 48
3 49
4 53
7 58
7 57
7 59
8 49
8 46
8 53
9 46
9 39
9 47
9 44
9 40
9 37
9 38
9 52
9 41
10 60
10 63
10 59
13 37
13 39
14 49
14 56
14 48
14 52
15 59
15 62
15 61
17 50
17 44
18 13
18 7
18 9
18 11
18 25
19 55
20 35
21 39
21 43
21 17
21 33
21 18
21 44
21 38
21 29
21 37
21 34
22 7
22 11
22 6
22 4
22 9
23 39
23 42
23 40
23 38
23 44
25 45
25 37
25 51
25 22
25 42
25 54
25 41
25 39
25 36
27 52
28 57
29 3
29 32
29 5
29 6
29 35
29 4
31 3
31 6
31 4
34 44
35 55
36 32
36 31
36 34
38 67
38 63
38 64
39 58
39 51
39 34
39 57
40 34
41 44
41 51
41 45
41 61
42 66
42 65
44 56
44 63
44 53
44 51
44 49
44 50
45 7
45 10
45 3
45 2
45 4
45 9
46 29
46 24
46 7
46 44
46 21
46 49
46 9
46 10
46 13
46 23
46 37
46 18
48 37
48 32
48 29
48 53
48 62
48 59
48 50
48 35
48 41
48 57
48 36
48 31
48 61
48 58
49 25
49 27
50 6
50 12
50 8
50 9
50 7
51 60
51 59
51 54
52 60
53 57
53 58
53 63
53 62
53 65
53 59
53 60
55 16
55 17
55 18
55 13
56 13
56 11
58 31
58 34
58 62
58 35
58 49
58 33
58 50
58 32
58 37
58 41
58 42
58 36
58 40
59 36
61 20
63 18
63 16
63 17
66 21
66 18
66 24
66 22
66 16
66 17
67 63
67 47
67 51
67 56
67 54
67 61
67 64
1 19
1 38
1 61
1 22
1 17
1 56
1 18
1 16
1 14
1 15
4 20
5 19
5 22
5 21
6 17
6 21
6 9
7 19
7 18
7 20
7 22
8 39
8 48
8 2
8 20
8 40
8 3
8 4
8 5
8 33
8 11
8 7
9 35
9 18
9 30
9 27
9 1
9 20
9 34
9 36
9 31
9 6
10 37
10 35
10 40
10 42
11 66
12 23
12 31
12 27
12 20
12 17
12 19
12 21
12 26
12 29
12 22
12 24
12 30
12 25
12 16
13 6
13 25
13 26
13 31
13 24
13 7
13 23
13 20
13 15
13 2
14 47
14 54
15 4
15 3
15 1
15 5
16 57
19 50
19 44
19 48
19 41
19 43
19 46
19 52
19 29
19 30
19 53
19 51
19 39
19 34
19 42
19 45
20 68
21 62
21 59
21 60
21 64
21 55
21 61
21 57
21 46
21 41
22 50
22 54
22 63
24 47
25 63
25 57
26 4
30 10
30 6
30 5
30 11
30 8
31 52
31 60
31 45
31 40
31 43
31 51
32 5
32 2
32 8
32 13
32 18
32 12
32 24
32 4
32 22
33 46
34 18
34 26
34 20
34 45
35 67
36 23
38 68
39 47
39 46
40 53
40 63
40 62
40 57
40 56
40 45
42 32
42 28
42 35
42 36
42 22
42 30
42 39
43 18
44 12
44 10
45 18
46 33
47 21
47 18
47 23
47 11
48 33
48 12
48 26
49 22
49 21
51 23
51 19
51 15
51 22
51 20
52 31
53 64
54 34
54 33
56 25
56 22
58 39
58 38
59 28
59 54
59 51
59 29
59 32
59 45
59 33
59 53
60 42
62 60
66 51
67 60
68 35
68 41
68 44
68 40
68 39
68 38
68 43
68 36
2 30
2 39
3 53
3 41
3 52
3 58
3 65
3 38
3 39
3 44
4 67
6 49
6 52
8 60
8 59
8 65
8 61
8 58
9 42
13 66
14 57
16 15
16 21
16 13
16 8
16 12
16 28
16 19
16 10
16 24
16 25
17 33
18 22
18 6
18 12
18 14
19 8
19 6
20 5
20 19
20 6
20 1
20 3
20 4
20 17
21 40
21 65
21 63
22 57
25 35
26 1
26 3
26 2
27 13
27 11
27 15
27 10
27 16
27 9
28 34
29 55
32 39
33 8
33 7
33 9
33 5
37 18
37 11
37 12
37 16
37 20
37 8
37 21
37 9
37 7
37 22
37 15
37 13
37 25
37 3
37 19
39 61
39 63
41 28
41 26
41 20
41 19
41 21
41 17
41 15
49 45
49 47
49 46
49 43
50 5
50 17
50 3
50 4
50 10
50 11
53 46
53 55
53 45
53 61
54 60
54 57
54 59
54 47
54 56
54 49
54 51
54 61
55 6
55 3
55 12
55 1
55 9
55 14
55 7
55 5
59 23
59 18
59 19
61 7
61 8
61 18
61 6
62 50
63 67
64 18
65 45
65 43
65 41
65 44
66 44
66 38
66 41
66 30
66 26
66 20
66 48
66 42
66 19
66 27
67 66
67 65
68 33
68 32
3 35
3 20
3 17
3 22
3 23
3 19
4 33
4 28
4 34
4 22
4 18
4 12
4 13
4 11
4 17
4 21
4 27
4 25
4 32
4 16
4 19
4 30
4 26
4 29
6 59
6 64
6 61
6 63
6 54
6 57
7 54
9 64
9 62
9 63
9 60
9 61
10 61
12 32
12 36
12 35
12 33
13 42
13 48
13 44
13 45
13 30
13 32
13 33
13 35
13 38
13 21
13 19
14 59
14 60
16 45
16 53
16 20
16 11
16 4
16 9
17 12
18 28
18 10
18 42
18 24
18 8
20 45
20 47
21 19
21 20
21 36
21 27
22 62
22 64
22 56
23 60
23 56
23 57
23 61
23 54
23 55
23 58
24 66
25 21
26 62
26 67
26 58
29 63
29 31
30 43
30 34
30 35
30 36
31 30
31 39
32 45
33 54
33 55
33 57
35 46
35 44
36 68
37 62
37 65
37 61
38 30
39 27
39 26
39 24
39 25
39 28
40 30
40 46
41 66
45 25
45 22
45 23
45 20
49 67
50 13
50 22
50 21
50 20
52 57
54 32
54 45
54 43
54 4
54 39
54 38
54 40
54 6
54 37
54 44
54 8
58 56
58 26
58 22
58 28
58 23
58 20
58 29
58 21
60 67
60 57
60 62
60 64
60 59
60 65
62 21
62 34
62 27
62 32
62 29
64 59
64 62
64 66
64 55
64 60
64 58
65 52
66 46
67 57
68 57
68 50
68 46
68 42
68 45
2 61
2 66
2 63
2 65
4 43
6 51
6 55
6 43
6 47
7 21
7 30
7 32
12 28
12 34
12 37
14 25
16 63
20 37
20 42
23 36
23 30
26 52
26 47
26 48
26 51
27 8
27 22
27 20
27 7
27 17
30 28
31 11
32 9
35 5
35 31
35 9
35 2
35 16
35 12
35 27
35 7
35 13
35 4
35 25
35 3
35 1
37 24
37 26
39 68
40 2
40 3
41 65
42 23
42 17
42 21
43 46
43 38
43 45
46 65
46 58
46 53
49 61
49 63
49 64
53 18
53 38
53 42
53 9
53 8
53 12
53 25
53 24
54 9
54 5
54 7
54 2
55 51
57 23
57 17
57 21
58 17
59 42
60 63
61 35
63 54
63 51
63 56
63 55
63 50
63 57
64 15
64 16
65 10
65 7
65 1
65 2
2 17
2 23
2 19
3 31
3 18
3 24
3 27
3 29
3 36
3 16
4 59
4 62
4 63
4 64
4 58
6 65
7 17
7 11
7 15
7 9
7 10
7 6
7 13
8 38
8 50
8 52
8 41
8 47
8 54
8 55
8 56
10 56
11 31
11 28
11 8
11 9
14 62
20 65
20 62
20 64
20 66
20 53
23 51
23 49
23 53
23 48
24 49
25 5
25 11
25 6
27 21
27 23
28 26
28 24
28 27
29 60
29 67
29 68
29 66
29 65
29 64
30 9
31 46
32 3
33 52
33 27
38 66
38 62
38 54
38 57
38 60
38 58
38 56
38 55
39 67
44 15
44 13
45 27
45 24
45 32
45 29
49 7
49 16
49 9
49 13
49 14
49 17
49 12
49 15
49 11
52 22
52 33
52 9
52 10
53 51
53 29
55 54
55 61
55 50
55 45
56 20
56 16
56 21
56 18
57 66
63 58
63 60
63 53
65 60
65 57
66 32
66 39
67 11
67 14
67 9
67 8
67 10
68 3
68 7
68 2
68 5
4 9
4 15
4 8
5 58
7 2
9 33
10 27
10 30
10 32
10 23
11 23
11 18
12 58
12 53
12 59
12 56
15 22
17 28
23 68
27 30
31 41
31 42
32 67
32 64
33 10
33 6
33 4
33 19
33 15
36 9
37 68
38 51
40 60
41 27
43 1
43 3
44 41
46 40
48 60
49 10
49 26
49 8
49 29
51 65
54 46
54 48
55 59
55 63
55 64
55 58
62 35
62 10
62 12
62 8
62 5
62 9
62 11
62 36
62 16
62 7
62 13
62 6
63 28
65 32
65 31
67 55
68 56
68 54
5 25
6 36
8 57
9 43
10 6
10 13
10 8
10 9
12 3
12 7
12 18
12 4
12 15
12 2
17 61
20 41
23 43
24 48
24 60
24 45
26 5
27 33
27 36
27 35
28 13
28 7
28 10
28 6
28 23
28 22
28 16
28 18
28 12
28 11
30 68
33 65
33 59
33 61
33 58
33 60
34 65
34 66
37 14
38 31
38 37
39 19
39 14
39 16
40 24
41 25
41 29
41 36
41 31
41 40
42 14
42 15
43 10
43 8
45 48
51 46
52 27
52 14
52 17
54 42
61 59
65 54
67 52
1 12
6 66
7 14
13 22
13 27
14 67
15 11
15 19
15 12
15 20
15 18
15 8
16 47
19 59
19 56
19 47
19 57
19 65
19 62
19 40
19 28
23 52
25 67
27 37
27 40
28 60
30 24
30 21
30 33
30 29
30 32
30 23
30 22
30 25
32 68
33 63
33 68
33 66
33 64
39 21
39 23
39 22
40 59
40 21
40 5
40 4
40 19
40 58
40 9
40 8
43 57
44 66
46 8
46 4
49 39
49 30
49 41
49 38
49 44
49 40
49 42
49 33
53 11
53 5
55 53
56 68
59 68
59 66
60 43
60 44
60 52
68 55
68 37
1 59
4 24
4 40
4 35
4 31
4 39
4 38
4 36
5 63
6 67
7 24
8 24
13 62
13 61
13 58
15 29
15 47
16 31
16 23
16 33
17 64
18 67
18 65
18 66
19 54
19 67
19 66
21 56
23 65
23 66
23 63
24 18
24 20
24 35
24 27
28 64
30 37
30 20
31 44
34 50
34 53
34 57
34 52
37 55
37 53
37 50
37 49
37 28
37 27
37 35
37 17
37 30
37 29
37 45
37 46
37 51
37 31
37 47
37 42
41 39
42 29
45 52
45 50
48 5
48 11
48 7
48 2
48 4
51 12
51 2
51 17
51 6
52 55
54 1
55 11
55 15
55 8
55 10
56 14
56 8
56 12
56 7
56 19
56 4
56 10
56 15
56 5
57 14
57 6
57 8
57 5
57 11
57 13
58 67
58 68
58 30
60 7
60 41
60 46
60 40
60 19
60 14
60 10
60 8
61 27
63 35
63 34
63 44
63 32
63 40
66 68
68 6
5 3
5 16
5 14
13 63
14 13
14 8
14 12
14 11
15 21
15 23
16 64
16 66
17 63
21 13
21 12
21 15
23 62
28 36
31 22
31 27
31 33
31 29
31 19
31 24
32 54
32 50
45 26
45 28
46 54
47 66
47 63
48 47
48 43
48 42
49 37
54 41
54 36
56 45
59 8
59 7
59 5
63 65
63 68
64 14
64 17
65 56
67 48
1 63
3 30
4 52
5 66
6 14
8 29
8 51
9 59
9 32
9 49
9 57
9 58
9 56
12 1
12 51
13 52
13 41
13 47
13 43
13 55
13 50
13 53
15 45
16 14
16 18
17 68
17 66
19 49
21 14
21 10
21 11
21 16
22 8
23 50
23 47
