178 4160
1 2
2 3
3 4
4 5
5 6
6 7
7 8
8 9
9 10
10 11
11 12
12 13
13 14
14 15
15 16
16 17
17 18
18 19
19 20
20 21
21 22
22 23
23 24
24 25
25 26
26 27
27 28
28 29
29 30
30 31
31 32
32 33
33 34
34 35
35 36
36 37
37 38
38 39
39 40
40 41
41 42
42 43
43 44
44 45
45 46
46 47
47 48
48 49
49 50
50 51
51 52
52 53
53 54
54 55
55 56
56 57
57 58
58 59
59 60
60 61
61 62
62 63
63 64
64 65
65 66
66 67
67 68
68 69
69 70
70 71
71 72
72 73
73 74
74 75
75 76
76 77
77 78
78 79
79 80
80 81
81 82
82 83
83 84
84 85
85 86
86 87
87 88
88 89
89 90
90 91
91 92
92 93
93 94
94 95
95 96
96 97
97 98
98 99
99 100
100 101
101 102
102 103
103 104
104 105
105 106
106 107
107 108
108 109
109 110
110 111
111 112
112 113
113 114
114 115
115 116
116 117
117 118
118 119
119 120
120 121
121 122
122 123
123 124
124 125
125 126
126 127
127 128
128 129
129 130
130 131
131 132
132 133
133 134
134 135
135 136
136 137
137 138
138 139
139 140
140 141
141 142
142 143
143 144
144 145
145 146
146 147
147 148
148 149
149 150
150 151
151 152
152 153
153 154
154 155
155 156
156 157
157 158
158 159
159 160
160 161
161 162
162 163
163 164
164 165
165 166
166 167
167 168
168 169
169 170
170 171
171 172
172 173
173 174
174 175
175 176
176 177
177 178
178 1
1 168
1 166
2 169
2 173
2 168
2 174
2 167
3 82
3 86
3 66
3 40
3 91
3 79
3 63
3 54
3 74
3 49
3 59
3 94
3 88
3 44
3 73
3 65
3 52
3 69
3 45
3 93
3 50
3 51
3 92
3 83
3 90
3 89
3 60
3 78
3 47
3 56
3 68
4 149
4 143
4 138
4 142
4 147
4 132
4 146
4 145
4 136
4 150
4 135
4 152
4 129
4 125
4 148
4 133
4 130
4 128
5 17
5 47
5 20
5 74
5 30
5 54
5 34
5 49
5 73
5 33
5 41
5 21
5 24
5 56
5 57
5 76
5 43
5 60
5 28
5 51
5 70
5 16
5 44
5 32
5 69
5 50
5 48
5 26
5 37
5 59
5 71
5 64
5 19
5 29
5 22
5 23
5 66
5 25
5 62
5 15
5 14
5 27
6 29
6 56
6 44
6 32
6 53
6 55
6 51
6 31
6 38
6 35
6 46
6 25
6 30
6 22
6 40
6 42
6 50
6 57
6 58
6 28
6 49
6 27
6 48
6 45
6 24
7 66
7 69
7 71
7 68
8 119
8 77
8 89
8 66
8 67
8 64
8 117
8 40
8 116
8 47
8 61
8 84
8 78
8 42
8 41
8 52
8 60
8 80
8 53
8 44
8 56
8 95
8 74
8 79
8 57
8 107
8 68
8 45
8 75
8 87
8 98
8 101
8 69
8 96
8 54
8 99
8 102
8 118
8 104
8 58
8 70
8 112
8 108
8 103
8 82
8 91
8 90
8 83
8 55
8 97
8 110
9 47
9 21
9 52
9 43
9 49
9 29
9 27
9 38
9 40
9 19
9 50
9 60
9 59
9 37
9 61
9 35
9 51
9 44
9 41
9 55
9 32
9 39
9 46
9 26
9 58
9 45
9 23
10 66
11 95
11 110
11 109
11 101
11 103
11 102
11 114
11 105
11 111
11 99
11 104
11 106
11 97
12 49
12 44
12 55
12 58
12 56
12 61
12 53
12 50
12 48
12 59
12 43
12 64
12 45
12 60
12 47
13 177
13 167
13 176
13 169
13 170
13 174
13 175
14 80
14 82
15 51
15 52
15 26
15 62
15 113
15 61
15 110
15 42
15 53
15 118
15 100
15 68
15 111
15 93
15 95
15 80
15 117
15 36
15 81
15 64
15 86
15 115
15 85
15 55
15 57
15 67
15 74
15 24
15 109
15 119
15 46
15 32
15 73
15 98
15 37
15 71
15 45
15 44
15 101
15 40
15 83
15 96
15 97
15 27
15 104
15 77
15 89
15 90
15 66
15 106
15 47
15 103
15 28
15 79
15 75
15 114
15 72
16 128
16 81
16 98
16 133
16 74
16 95
16 134
16 148
16 93
16 83
16 85
16 69
16 126
16 114
16 144
16 76
16 82
16 80
16 64
16 90
16 136
16 112
16 137
16 143
16 79
16 123
16 131
16 92
16 110
16 78
16 100
16 73
16 113
16 130
16 109
16 117
16 147
16 122
16 97
16 75
16 139
16 65
16 104
16 145
16 140
16 127
16 77
16 91
16 138
16 84
16 115
16 102
16 68
16 96
16 121
16 120
16 116
17 50
17 49
17 51
18 63
18 41
18 49
18 66
18 69
18 47
18 68
18 65
18 42
18 53
18 52
18 58
18 67
18 59
18 46
18 60
18 51
18 55
20 99
20 106
20 72
20 41
20 90
20 94
20 77
20 34
20 44
20 101
20 83
20 48
20 74
20 95
20 105
20 67
20 84
20 57
20 62
20 92
20 107
20 71
20 38
20 31
20 103
20 28
20 61
20 66
20 70
20 56
20 98
20 104
20 29
20 39
20 59
20 100
20 78
20 91
20 54
20 36
20 63
20 49
20 79
20 65
20 82
20 30
20 69
20 109
20 35
20 81
20 40
20 25
20 76
20 43
20 64
21 127
21 140
21 139
21 137
21 117
21 131
21 130
21 132
21 119
21 115
21 138
21 122
21 133
21 123
21 126
21 135
21 128
21 114
22 174
22 173
22 172
22 177
23 8
23 7
23 5
24 22
25 170
25 166
25 163
25 172
25 164
25 173
25 169
25 174
25 175
25 168
26 12
26 4
26 7
26 8
26 10
26 9
27 93
27 104
27 106
27 87
27 86
27 97
27 98
27 91
27 101
27 88
27 90
27 94
27 83
27 107
27 99
27 100
27 105
27 96
27 89
27 103
27 82
28 69
28 58
28 62
28 66
28 67
28 59
28 57
28 61
28 64
28 60
29 56
29 38
29 25
29 49
29 59
29 44
29 41
29 36
29 53
29 34
29 60
29 46
29 42
29 24
29 23
29 45
29 39
29 52
29 37
29 32
29 58
29 47
29 55
30 37
30 39
30 34
30 48
30 38
30 33
30 47
30 42
30 45
30 29
30 36
30 46
30 35
31 128
31 149
31 138
31 150
31 146
31 139
31 153
31 135
31 132
31 136
31 145
31 154
31 142
31 151
31 147
31 155
31 137
31 141
31 152
32 136
32 150
32 127
32 148
32 119
32 120
32 151
32 118
32 146
32 115
32 141
32 122
32 117
32 129
32 142
32 112
32 114
32 109
32 124
32 123
32 113
32 140
32 154
32 152
32 134
32 147
32 111
32 145
32 131
34 76
34 80
34 77
34 75
35 67
35 71
35 65
35 68
35 72
35 74
36 126
36 130
36 107
36 118
36 122
36 112
36 120
36 117
36 132
36 138
36 124
36 116
36 123
36 134
36 121
36 109
36 133
36 137
36 114
36 115
36 108
36 129
36 105
36 127
37 57
37 56
37 60
37 54
37 53
37 55
38 128
38 137
38 130
38 129
38 119
38 141
38 115
38 118
38 116
38 142
38 125
38 138
38 121
38 120
38 135
38 123
38 140
38 139
38 133
38 127
39 142
39 124
39 143
39 133
39 125
39 120
39 119
39 127
39 152
39 122
39 118
39 131
39 150
39 151
39 134
39 116
39 145
39 147
39 149
39 139
39 136
39 123
39 132
39 141
39 117
39 135
40 24
40 18
40 19
40 20
40 23
41 29
41 30
41 19
41 12
41 46
41 34
41 36
41 24
41 9
41 28
41 33
41 16
41 8
41 38
41 11
41 39
41 10
41 25
41 37
41 45
41 27
41 31
41 40
42 135
42 137
43 48
43 47
43 49
44 139
45 105
45 94
45 120
45 128
45 97
45 127
45 154
45 143
45 101
45 139
45 149
45 132
45 140
45 117
45 104
45 96
45 135
45 93
45 124
45 129
45 113
45 151
45 141
45 146
45 108
45 134
45 106
45 155
45 145
45 133
45 150
45 152
45 126
45 130
45 144
45 114
45 109
45 92
45 148
45 142
45 125
45 118
45 100
45 95
46 152
46 149
46 157
46 156
46 154
46 146
46 145
46 143
46 148
46 153
46 147
47 22
48 171
49 176
50 177
50 176
51 88
51 86
51 90
51 85
51 91
52 109
52 117
52 115
52 104
52 116
52 119
52 107
52 118
52 106
52 110
52 105
53 137
53 131
53 139
53 126
53 118
53 124
53 121
53 122
53 134
53 120
53 128
53 119
53 133
53 132
53 116
53 130
54 155
54 149
54 150
54 139
54 162
54 152
54 142
54 157
54 160
54 147
54 158
54 141
54 143
54 148
55 92
56 41
56 43
56 45
56 48
56 52
56 64
56 59
56 49
56 42
56 58
56 46
56 60
56 65
56 47
56 54
56 53
57 127
57 121
57 122
57 124
57 123
57 126
57 128
58 100
58 102
58 99
58 107
58 106
58 105
58 95
58 101
58 109
58 104
58 92
58 103
58 98
59 130
59 142
59 131
59 119
59 128
59 129
59 135
59 138
59 125
59 127
59 123
59 136
59 120
59 147
59 139
59 145
59 122
59 126
59 146
59 143
59 148
59 134
60 169
60 164
60 161
60 148
60 146
60 150
60 166
60 157
60 158
60 162
60 153
60 149
60 147
60 145
60 154
61 169
61 164
61 156
61 158
61 163
61 155
61 165
61 159
61 166
61 162
62 164
62 161
62 158
62 162
62 159
62 160
63 61
63 56
63 46
63 48
63 47
63 58
63 57
63 60
63 59
63 52
63 49
63 53
64 124
64 112
64 127
64 123
64 116
64 125
64 126
64 138
64 137
64 114
64 122
64 106
64 128
64 117
64 132
64 133
64 136
64 131
64 121
64 111
64 130
64 135
65 161
65 158
65 159
65 171
65 172
65 173
65 156
65 164
65 168
65 157
65 160
66 114
66 71
66 97
66 64
66 147
66 157
66 76
66 153
66 158
66 156
66 107
66 92
66 78
66 63
66 85
66 117
66 79
66 90
66 139
66 146
66 93
66 112
66 122
66 130
66 91
66 144
66 124
66 83
66 119
66 106
66 94
66 145
66 151
66 141
66 86
66 98
66 74
66 138
66 150
66 111
66 133
66 105
66 108
66 87
66 80
66 137
66 103
66 110
66 109
66 127
66 148
66 70
66 132
66 136
66 75
66 100
66 125
66 61
66 134
66 84
66 88
66 129
66 81
66 82
66 73
66 95
67 169
67 170
67 172
67 171
68 176
68 168
68 172
68 170
68 169
69 124
69 126
69 116
69 122
69 118
69 123
69 115
69 119
69 120
69 127
70 172
70 178
70 171
70 177
71 55
71 51
71 47
71 53
71 57
71 52
71 54
71 56
71 49
72 56
72 60
72 58
72 59
72 57
73 142
73 143
73 131
73 134
73 144
73 132
73 133
73 136
73 156
73 149
73 157
73 137
73 141
73 146
73 152
73 138
73 128
73 125
73 150
73 130
73 120
73 147
73 139
73 140
73 154
74 168
74 165
74 164
74 157
74 166
74 160
74 161
74 155
74 158
75 123
75 109
75 121
75 116
75 117
75 107
75 114
75 110
75 113
75 112
76 69
76 67
76 71
76 73
76 68
76 82
76 83
76 80
76 74
76 84
76 85
77 160
77 153
77 158
77 156
77 162
77 154
78 175
78 165
78 163
78 169
78 164
78 166
78 159
78 168
78 167
78 157
78 162
79 43
80 107
80 122
80 131
80 143
80 126
80 129
80 124
80 136
80 102
80 137
80 105
80 146
80 114
80 140
80 109
80 121
80 117
80 150
80 132
80 138
80 128
80 111
80 110
80 135
80 151
80 115
80 119
80 108
80 142
80 144
80 148
80 103
80 113
80 101
80 133
80 95
80 139
80 120
81 178
82 123
82 154
82 152
82 126
82 125
82 155
82 147
82 127
82 150
82 130
82 151
82 164
82 129
82 141
82 161
82 146
82 160
82 128
82 148
82 144
82 134
82 168
82 158
82 137
82 138
82 165
82 143
82 163
84 47
84 38
84 58
84 52
84 56
84 39
84 50
84 53
84 57
84 37
84 54
84 48
84 43
84 35
84 45
84 51
84 49
85 32
85 65
85 41
85 48
85 37
85 54
85 40
85 59
85 38
85 52
85 53
85 44
85 30
85 56
85 39
85 49
85 36
85 51
85 42
86 159
86 162
86 157
86 161
86 166
86 167
86 168
86 156
86 163
86 160
86 172
87 45
87 44
87 41
87 46
88 90
88 46
88 79
88 87
88 35
88 64
88 104
88 51
88 45
88 86
88 93
88 77
88 37
88 72
88 61
88 68
88 78
88 94
88 96
88 80
88 103
88 69
88 73
88 95
88 56
88 101
88 59
88 48
88 76
88 50
88 70
88 40
88 38
88 71
88 53
88 54
88 65
88 81
88 33
88 49
88 92
88 58
88 39
88 105
88 41
88 82
90 97
90 92
90 135
90 110
90 111
90 105
90 106
90 98
90 109
90 88
90 120
90 121
90 125
90 96
90 128
90 127
90 119
90 103
90 132
90 95
90 99
90 126
90 107
90 124
90 133
90 136
90 118
90 93
90 130
90 94
90 122
90 102
90 112
90 113
90 134
90 104
91 156
92 157
93 154
93 131
93 155
93 171
93 132
93 170
93 86
93 148
93 81
93 126
93 145
93 83
93 104
93 158
93 139
93 89
93 152
93 117
93 129
93 134
93 119
93 114
93 172
93 160
93 125
93 157
93 168
93 127
93 98
93 146
93 156
93 135
93 90
93 163
93 103
93 84
93 105
93 167
93 107
93 153
93 149
93 108
93 124
93 115
93 113
93 123
93 143
93 91
93 162
93 130
93 164
93 159
93 111
93 87
93 100
93 128
94 43
94 46
94 75
94 37
94 86
94 59
94 88
94 47
94 53
94 93
94 109
94 96
94 83
94 114
94 117
94 110
94 76
94 98
94 54
94 121
94 106
94 107
94 92
94 36
94 41
94 70
94 66
94 102
94 87
94 50
94 122
94 97
94 34
94 57
94 90
94 39
94 73
94 77
94 69
94 108
94 64
94 67
94 79
94 120
94 62
94 49
94 113
94 74
94 91
94 51
94 104
94 84
94 78
94 61
94 81
94 103
95 144
95 156
95 161
95 155
95 149
95 159
95 139
95 153
95 160
95 158
95 154
95 147
95 150
95 145
96 133
96 141
96 136
96 138
96 135
96 140
97 22
97 26
97 8
97 18
97 5
97 28
97 21
97 29
97 16
97 24
97 23
97 15
97 25
97 13
97 10
97 11
97 12
98 132
99 107
99 102
99 87
99 76
99 111
99 86
99 90
99 94
99 75
99 108
99 105
99 78
99 117
99 119
99 122
99 112
99 113
99 89
99 120
99 80
99 103
99 96
99 92
99 98
99 118
99 85
99 114
99 83
99 95
99 121
99 82
100 20
100 48
100 46
100 31
100 30
100 43
100 49
100 18
100 29
100 47
100 51
100 41
100 50
100 40
100 17
100 42
100 25
100 21
100 39
101 89
101 74
101 60
101 96
101 87
101 77
101 80
101 59
101 78
101 61
101 84
101 94
101 73
101 86
101 72
101 95
101 68
101 67
101 70
101 63
101 100
101 82
101 93
101 65
101 91
101 98
101 76
102 13
102 35
102 15
102 20
102 40
102 14
102 18
102 26
102 30
102 32
102 34
102 8
102 17
102 23
102 21
102 10
102 37
102 31
102 29
102 25
102 33
103 33
103 31
103 23
103 27
103 22
103 28
103 24
103 30
104 101
104 91
104 95
104 93
104 100
104 96
104 92
104 99
104 94
104 97
105 166
105 168
106 133
106 119
106 118
106 129
106 128
106 126
106 123
106 122
106 140
106 146
106 142
106 136
106 120
106 148
106 134
106 125
106 127
106 135
106 144
106 117
106 141
107 127
107 51
107 104
107 133
107 132
107 114
107 112
107 75
107 95
107 123
107 54
107 115
107 60
107 90
107 109
107 78
107 152
107 58
107 66
107 113
107 103
107 125
107 131
107 52
107 74
107 138
107 68
107 141
107 63
107 122
107 101
107 151
107 61
107 97
107 79
107 59
107 126
107 130
107 102
107 84
107 134
107 96
107 91
107 142
107 111
107 136
107 87
107 150
107 70
107 81
107 50
107 64
107 137
107 86
107 72
107 93
107 139
107 67
107 121
107 129
107 116
107 148
108 154
108 161
108 158
108 152
108 156
108 163
108 160
108 162
108 164
108 157
109 169
109 162
109 161
109 166
109 163
109 168
110 119
110 125
110 86
110 135
110 77
110 124
110 100
110 118
110 120
110 91
110 114
110 115
110 123
110 93
110 101
110 87
110 89
110 108
110 94
110 134
110 113
110 126
110 81
110 133
110 107
110 130
110 117
110 128
110 109
110 121
110 106
110 95
110 97
110 104
110 105
110 112
110 103
110 96
110 83
112 101
112 122
112 105
112 124
112 108
112 100
112 109
112 117
112 102
112 123
112 114
112 116
112 119
112 115
112 99
112 120
113 125
113 124
113 129
113 122
113 130
113 131
113 132
113 120
113 121
114 160
114 165
114 163
114 161
114 146
114 139
114 156
114 150
114 155
114 143
114 145
114 144
114 154
114 152
114 142
114 157
114 162
114 167
114 169
114 171
114 174
114 138
114 149
115 76
115 71
115 73
116 104
116 88
116 98
116 108
116 114
116 112
116 94
116 109
116 89
116 83
116 97
116 107
116 115
116 92
116 86
116 106
116 103
116 105
116 85
116 87
117 38
117 45
117 29
117 31
117 43
117 25
117 21
117 14
117 30
117 35
117 24
117 28
117 39
117 23
117 18
117 41
117 27
117 37
117 33
117 42
117 36
117 47
117 20
117 13
117 46
117 40
118 128
118 135
118 129
118 138
118 142
118 141
118 133
118 136
118 140
118 144
118 139
119 169
119 168
119 171
119 162
119 164
119 159
119 166
121 154
121 162
121 164
121 115
121 163
121 105
121 161
121 98
121 109
121 133
121 116
121 146
121 130
121 153
121 117
121 137
121 104
121 119
121 168
121 165
121 167
121 114
121 155
121 143
121 169
121 150
121 103
121 92
121 113
121 142
121 106
121 172
121 100
121 107
121 148
121 151
121 140
121 125
121 112
121 97
121 159
121 94
121 156
121 131
121 171
121 129
121 139
121 110
121 123
122 177
122 172
122 171
122 173
122 169
122 175
122 176
122 167
122 168
123 53
123 56
123 51
123 52
123 59
123 54
123 45
123 49
123 57
123 55
124 89
124 129
124 121
124 95
124 93
124 133
124 106
124 154
124 99
124 87
124 114
124 85
124 120
124 135
124 108
124 141
124 138
124 117
124 104
124 113
124 128
124 159
124 130
124 136
124 111
124 156
124 94
124 98
124 143
124 107
124 126
124 153
124 96
124 116
124 122
124 86
124 103
124 155
124 123
124 90
124 146
124 150
124 118
124 105
125 14
125 16
125 8
125 11
125 18
125 7
125 17
125 13
125 4
127 60
127 99
127 132
127 138
127 117
127 145
127 82
127 86
127 150
127 89
127 58
127 144
127 84
127 56
127 80
127 67
127 123
127 152
127 131
127 93
127 65
127 122
127 107
127 54
127 108
127 125
127 87
127 134
127 69
127 70
127 98
127 114
127 94
127 143
127 78
127 73
127 106
127 75
127 115
127 126
127 79
127 53
127 61
127 76
127 151
127 64
127 149
127 100
127 120
127 59
127 105
127 101
127 140
127 88
127 102
127 71
127 81
127 77
127 135
127 57
127 91
127 158
127 119
127 148
127 72
127 104
127 90
127 129
128 164
128 161
128 160
128 157
128 155
128 165
128 156
128 163
129 106
129 105
129 107
129 95
129 100
129 102
129 93
129 97
129 104
129 92
130 77
130 76
130 82
130 62
130 57
130 48
130 68
130 44
130 43
130 23
130 33
130 71
130 65
130 52
130 40
130 47
130 35
130 30
130 70
130 73
130 21
130 85
130 80
130 20
130 59
130 74
130 66
130 86
130 46
130 87
130 84
130 69
130 29
130 26
130 90
130 75
130 31
130 51
130 67
130 49
130 36
130 79
130 25
130 24
130 28
130 60
131 109
131 167
131 123
131 172
131 152
131 164
131 104
131 169
131 145
131 124
131 122
131 168
131 134
131 80
131 143
131 154
131 125
131 136
131 105
131 93
131 107
131 118
131 84
131 98
131 141
131 111
131 96
131 139
131 138
131 110
131 135
131 121
131 149
131 161
131 90
131 166
131 88
131 103
131 171
131 87
131 151
131 116
131 160
131 150
131 162
131 170
131 153
131 101
131 106
131 163
131 97
131 157
131 165
131 114
131 81
131 102
131 91
131 99
131 86
131 85
131 129
131 128
131 142
132 156
132 150
132 146
132 153
132 151
132 145
132 148
132 149
132 147
133 101
133 102
133 105
133 108
133 99
133 104
133 107
134 130
134 141
134 116
134 104
134 127
134 165
134 113
134 147
134 161
134 108
134 155
134 107
134 139
134 144
134 121
134 105
134 150
134 114
134 143
134 137
134 112
134 146
134 118
134 159
134 122
134 148
134 151
134 124
134 119
134 160
134 153
134 110
134 111
134 102
134 125
134 115
134 101
134 152
135 97
136 113
136 119
136 117
136 115
136 110
136 116
137 33
137 27
137 44
137 28
137 50
137 24
137 32
137 25
137 37
137 26
137 21
137 38
137 35
137 41
137 51
137 46
137 34
137 30
137 31
137 53
137 49
137 23
137 20
137 45
138 176
138 172
138 173
138 174
139 176
139 177
140 163
140 161
140 162
141 14
141 13
141 23
141 16
141 18
141 19
141 20
142 166
142 161
142 151
142 169
142 165
142 153
142 168
142 163
142 149
142 167
142 158
142 154
142 152
142 159
142 162
142 171
143 161
143 138
143 141
143 132
143 130
143 131
143 148
143 156
143 134
143 135
143 159
143 169
143 163
143 147
143 158
143 165
143 149
143 162
143 142
143 155
143 166
143 168
143 152
143 139
144 142
144 108
144 119
144 112
144 148
144 137
144 147
144 122
144 104
144 131
144 109
144 128
144 127
144 135
144 139
144 149
144 111
144 114
144 133
144 124
144 106
144 136
144 125
144 143
144 132
144 134
144 105
144 107
145 168
145 166
145 165
145 169
146 102
146 98
146 78
146 95
146 92
146 82
146 100
146 94
146 80
146 87
146 85
146 81
146 90
146 96
146 83
146 101
147 119
147 111
147 113
147 115
147 117
147 123
147 122
148 99
148 119
148 96
148 108
148 94
148 122
148 125
148 123
148 129
148 110
148 127
148 111
148 95
148 97
148 126
148 104
148 113
148 98
148 109
148 112
148 116
149 75
149 86
149 104
149 120
149 83
149 109
149 108
149 77
149 115
149 103
149 98
149 113
149 82
149 76
149 80
149 95
149 84
149 116
149 91
149 93
149 101
149 111
149 114
149 105
149 90
149 118
149 112
149 110
149 102
149 100
149 72
151 160
151 144
151 145
151 136
151 150
151 159
151 138
151 141
151 156
151 149
151 153
151 146
151 140
151 142
151 155
151 161
151 162
152 176
152 168
152 170
152 171
152 172
152 175
152 169
152 174
153 15
153 17
154 167
154 168
155 162
155 170
155 173
155 169
155 171
155 168
155 166
156 12
156 6
156 14
156 19
156 40
156 37
156 29
156 33
156 39
156 27
156 31
156 24
156 10
156 8
156 7
156 28
156 30
156 16
156 41
156 21
156 25
156 9
156 17
156 23
156 26
157 145
157 153
157 159
157 155
157 138
157 163
157 152
157 137
157 133
157 141
157 162
157 148
157 154
157 132
157 150
157 136
158 129
158 164
158 108
158 117
158 141
158 131
158 151
158 119
158 127
158 113
158 116
158 170
158 166
158 150
158 146
158 123
158 152
158 132
158 138
158 168
158 160
158 128
158 107
158 118
158 120
158 137
158 135
158 148
158 144
158 172
158 115
158 161
158 156
158 167
158 134
158 111
158 145
158 165
158 140
158 142
159 86
159 120
159 35
159 60
159 61
159 46
159 83
159 105
159 122
159 98
159 67
159 95
159 38
159 85
159 28
159 62
159 127
159 34
159 27
159 22
159 129
159 108
159 125
159 112
159 59
159 73
159 75
159 134
159 43
159 82
159 99
159 124
159 74
159 71
159 119
159 97
159 133
159 131
159 106
159 118
159 55
159 110
159 135
159 48
159 93
159 130
159 128
159 88
159 37
159 72
159 84
159 69
159 52
159 121
159 139
159 41
159 33
159 107
159 51
159 94
159 100
159 63
159 111
159 102
159 29
159 114
159 25
159 53
159 57
160 151
160 150
160 136
160 137
160 143
160 145
160 142
160 153
160 149
160 140
160 147
160 141
160 152
160 144
161 38
161 52
161 95
161 65
161 31
161 37
161 24
161 56
161 75
161 23
161 18
161 61
161 33
161 46
161 48
161 88
161 72
161 30
161 47
161 83
161 51
161 63
161 44
161 54
161 82
161 71
161 78
161 35
161 22
161 34
161 29
161 57
161 67
161 25
161 99
161 93
161 40
161 41
161 55
161 32
161 81
161 87
161 36
161 97
161 69
161 74
161 42
161 73
161 39
162 173
162 172
163 43
163 31
163 28
163 44
163 29
163 39
163 42
163 37
163 41
164 166
164 171
164 167
164 162
165 100
165 91
165 97
165 95
165 99
165 98
165 92
166 82
166 111
166 114
166 57
166 99
166 40
166 65
166 93
166 19
166 44
166 22
166 96
166 38
166 72
166 21
166 46
166 25
166 101
166 95
166 56
166 77
166 117
166 12
166 87
166 94
166 104
166 45
166 67
166 62
166 86
166 42
166 13
166 11
166 91
166 17
166 54
166 30
166 106
166 27
166 59
166 63
166 78
166 115
166 36
166 69
166 100
166 33
166 74
166 116
166 15
166 109
166 32
166 43
166 29
166 49
166 90
166 76
166 14
166 53
166 110
166 105
166 26
166 79
166 97
166 112
166 108
166 102
166 83
166 103
167 41
167 102
167 31
167 79
167 81
167 112
167 97
167 36
167 110
167 124
167 58
167 106
167 86
167 80
167 94
167 30
167 72
167 49
167 130
167 48
167 71
167 121
167 90
167 47
167 105
167 65
167 125
167 85
167 83
167 67
167 91
167 38
167 68
167 100
167 44
167 113
167 82
167 120
167 84
167 28
167 64
167 128
167 57
167 55
167 95
167 122
167 108
167 50
167 89
167 24
167 59
167 26
167 34
167 118
167 76
167 69
167 114
167 46
167 101
167 62
167 42
167 99
167 111
168 75
168 97
168 56
168 63
168 50
168 93
168 104
168 52
168 94
168 83
168 49
168 62
168 98
168 46
168 64
168 92
168 105
168 76
168 100
168 53
168 87
168 65
168 80
168 88
168 82
168 78
168 77
168 70
168 69
168 96
168 74
168 91
168 79
168 85
168 101
168 68
168 89
169 171
169 172
169 167
170 112
170 114
170 97
170 102
170 94
170 88
170 106
170 93
170 103
170 91
170 92
170 95
170 100
170 99
170 113
170 108
170 89
170 96
170 111
171 126
171 160
171 156
171 161
171 135
171 125
171 146
171 159
171 138
171 124
171 145
171 162
171 147
171 155
171 170
171 173
171 168
171 127
171 167
171 148
171 133
171 128
171 140
171 158
171 163
171 130
171 164
171 139
171 150
171 142
171 129
172 177
172 175
172 176
173 48
173 49
173 36
173 47
173 50
173 40
173 37
173 42
173 46
173 44
174 154
174 162
174 146
174 151
174 150
174 166
174 164
174 148
174 156
174 147
174 158
174 152
174 145
174 161
175 92
175 69
175 84
175 80
175 87
175 88
175 94
175 91
175 71
175 97
175 85
175 96
175 90
175 79
175 75
175 81
175 70
175 77
175 76
176 65
176 85
176 63
176 47
176 81
176 84
176 71
176 56
176 52
176 39
176 74
176 45
176 83
176 66
176 59
176 73
176 67
176 49
176 40
176 42
176 75
176 46
176 55
176 58
176 37
176 51
176 57
176 76
176 91
176 80
176 68
176 72
176 64
176 88
176 50
176 41
176 90
178 146
178 159
178 116
178 169
178 167
178 117
178 136
178 144
178 115
178 141
178 158
178 171
178 138
178 157
178 161
178 174
178 160
178 164
178 118
178 153
178 170
178 128
178 122
178 165
178 132
178 142
178 155
178 124
178 126
178 148
178 145
178 140
178 173
178 125
178 137
178 154
178 149
178 163
178 175
178 143
178 127
178 129
1 108
1 136
1 142
1 134
1 127
1 126
1 119
1 143
1 123
1 132
1 133
1 115
1 113
1 124
1 129
1 131
1 121
1 112
1 144
1 110
1 117
1 135
1 128
1 109
1 116
2 136
2 94
2 57
2 81
2 93
2 89
2 58
2 97
2 127
2 128
2 121
2 135
2 102
2 67
2 56
2 132
2 155
2 129
2 116
2 124
2 104
2 142
2 82
2 140
2 151
2 75
2 123
2 118
2 154
2 159
2 103
2 85
2 137
2 63
2 147
2 78
2 144
2 61
2 68
2 100
2 130
2 91
2 65
2 109
2 139
2 107
2 113
2 134
2 96
2 146
2 101
2 60
2 114
2 62
2 122
2 153
2 90
2 117
2 112
2 141
2 64
2 106
2 74
2 73
2 86
2 138
2 115
3 107
3 121
3 127
3 109
3 112
3 106
3 128
3 113
3 119
3 122
3 125
3 102
3 124
3 99
3 126
3 105
3 131
3 120
3 117
3 118
3 100
3 101
3 103
3 114
3 95
3 96
3 108
4 156
4 160
4 139
4 173
4 171
4 141
4 155
4 162
4 158
4 157
4 166
4 137
4 161
4 163
4 169
4 144
4 151
4 140
4 165
5 58
5 92
5 46
5 90
5 94
5 65
5 53
5 63
5 89
5 72
5 38
5 83
5 91
5 75
5 45
5 55
5 81
5 80
5 67
5 31
5 88
5 42
5 18
5 39
5 84
5 40
6 159
6 158
6 162
6 169
6 161
6 160
6 171
7 147
7 154
7 157
7 131
7 145
7 150
7 135
7 159
7 153
7 161
7 152
7 149
7 142
7 156
7 139
7 132
7 133
7 160
8 126
8 88
8 128
8 106
8 93
8 94
8 81
8 109
8 85
8 123
8 124
8 122
8 114
8 125
8 105
8 130
8 92
8 111
8 115
9 30
9 17
9 53
9 16
9 20
9 34
9 36
9 22
9 24
9 48
9 57
9 56
9 42
9 65
9 54
10 132
10 117
10 115
10 119
10 122
10 128
10 118
10 134
10 133
10 126
10 124
10 127
10 114
10 130
11 163
11 162
11 161
11 164
12 10
12 9
12 6
12 8
13 156
13 150
13 159
13 149
13 160
13 153
13 144
13 146
13 157
13 148
14 124
14 143
14 133
14 137
14 113
14 120
14 118
14 145
14 106
14 112
14 148
14 151
14 107
14 109
14 130
14 136
14 99
14 147
14 108
14 102
14 104
14 128
14 126
14 105
14 100
14 125
14 115
14 146
14 96
14 149
14 117
14 95
14 135
14 150
14 144
15 65
16 7
16 13
16 9
16 6
16 12
17 29
17 34
17 37
17 33
17 36
17 30
18 143
18 140
18 141
18 169
18 167
18 145
18 148
18 160
18 163
18 146
18 155
18 150
18 165
18 154
18 151
18 166
18 168
18 138
19 59
19 56
19 48
19 54
19 57
19 49
19 53
19 47
19 60
21 98
21 83
21 109
21 113
21 101
21 107
21 88
21 100
21 87
21 97
21 106
21 110
21 85
21 95
21 86
21 91
21 93
22 76
22 140
22 111
22 129
22 146
22 91
22 68
22 138
22 93
22 119
22 96
22 150
22 79
22 99
22 95
22 113
22 107
22 124
22 101
22 136
22 120
22 130
22 135
22 94
22 85
22 88
22 149
22 121
22 147
22 110
22 144
22 87
22 141
22 109
22 115
22 81
22 114
22 90
22 75
22 84
22 71
22 73
22 97
22 125
22 82
22 123
22 132
22 77
22 70
22 83
22 117
22 118
22 131
22 148
23 53
23 55
23 52
23 47
23 49
25 45
25 39
25 47
25 41
25 46
26 91
26 102
26 79
26 141
26 108
26 81
26 111
26 129
26 77
26 148
26 130
26 105
26 97
26 125
26 98
26 107
26 134
26 113
26 114
26 122
26 95
26 117
26 136
26 96
26 135
26 84
26 88
26 121
26 103
26 110
26 126
26 145
26 78
26 143
26 115
26 90
26 137
26 94
26 149
26 123
26 109
26 104
26 75
26 127
26 106
27 30
27 67
27 80
27 77
27 45
27 57
27 32
27 40
27 55
27 38
27 60
27 92
27 75
27 37
27 52
27 46
27 56
27 48
27 44
27 71
27 63
27 36
27 59
27 95
27 84
27 62
27 76
27 85
27 70
27 58
27 81
27 73
27 53
27 65
27 33
27 74
27 39
27 35
27 31
27 26
28 12
28 10
28 7
28 17
28 16
28 8
29 150
30 142
30 147
30 134
30 133
30 136
30 138
30 140
30 145
30 146
30 131
30 143
31 50
31 55
31 46
31 45
31 49
31 47
31 54
31 57
31 53
31 51
31 48
32 143
32 144
33 95
33 91
33 85
33 68
33 70
33 98
33 93
33 65
33 101
33 63
33 102
33 82
33 84
33 106
33 71
33 86
33 77
33 76
33 90
33 75
33 88
33 72
33 83
33 81
33 89
33 74
33 100
33 73
33 97
34 44
34 40
34 39
34 42
35 93
35 103
35 83
35 89
35 108
35 105
35 85
35 77
35 88
35 70
35 79
35 99
35 69
35 96
35 90
35 98
35 87
35 76
35 91
35 106
35 84
35 86
36 75
36 76
37 116
37 102
37 83
37 75
37 122
37 108
37 121
37 74
37 127
37 134
37 69
37 105
37 129
37 100
37 70
37 81
37 72
37 90
37 101
37 104
37 82
37 131
37 94
37 118
37 98
37 115
37 86
37 140
37 103
37 130
37 139
37 77
37 80
37 111
37 120
37 113
37 107
37 133
37 73
37 89
37 109
37 85
37 78
37 132
38 132
38 46
38 35
38 145
38 167
38 66
38 30
38 98
38 176
38 161
38 95
38 151
38 158
38 156
38 64
38 106
38 122
38 91
38 111
38 105
38 174
38 164
38 172
38 68
38 50
38 65
38 94
38 62
38 73
38 110
38 169
38 173
38 124
38 86
38 44
38 22
38 33
38 54
38 100
38 69
38 157
38 20
38 143
38 146
38 63
38 84
38 57
38 61
38 78
38 56
38 43
38 60
38 96
38 149
38 89
38 71
38 83
38 168
38 134
38 87
38 148
38 27
38 24
38 93
38 153
38 113
38 76
38 97
38 81
38 88
38 160
38 36
38 77
38 37
38 154
38 152
38 51
38 117
38 170
38 58
38 52
38 103
38 34
38 85
38 126
38 171
38 67
38 175
38 162
38 147
38 26
38 108
39 61
39 107
39 104
39 80
39 95
39 97
39 79
39 91
39 71
39 66
39 106
39 85
39 42
39 94
39 70
39 86
39 44
39 63
39 83
39 41
39 65
39 87
39 100
39 72
39 56
39 64
39 89
39 55
39 38
39 103
39 105
39 78
39 74
39 62
39 92
39 101
39 102
39 43
39 51
39 45
39 90
39 59
39 84
39 69
40 120
40 168
40 96
40 152
40 108
40 95
40 128
40 103
40 89
40 139
40 167
40 149
40 161
40 98
40 160
40 127
40 141
40 97
40 156
40 142
40 125
40 94
40 104
40 105
40 106
40 158
40 101
40 92
40 145
40 132
40 170
40 126
40 143
40 107
40 133
40 154
40 131
40 150
40 162
40 159
40 129
40 134
40 90
40 137
40 157
40 100
40 124
40 113
40 111
40 112
40 121
40 123
40 118
40 130
40 146
40 140
40 166
41 79
41 87
41 93
41 130
41 122
41 92
41 35
41 77
41 73
41 62
41 53
41 89
41 20
41 60
41 49
41 115
41 7
41 100
41 74
41 54
41 21
41 126
41 134
41 109
41 84
41 48
41 81
41 72
41 63
41 128
41 85
41 139
41 65
41 112
41 71
41 59
41 78
41 121
41 66
41 67
41 75
41 56
41 95
41 70
41 131
41 120
41 64
41 117
41 124
41 57
41 51
41 68
41 17
41 90
41 111
41 108
41 106
41 102
41 110
41 107
41 137
41 132
41 18
41 101
41 69
41 82
41 105
43 170
43 167
43 168
43 159
43 161
43 160
43 158
43 162
43 166
44 166
44 167
44 162
44 157
44 154
44 165
44 164
44 168
44 161
44 158
45 167
45 169
46 122
46 126
46 100
46 125
46 106
46 109
46 94
46 117
46 98
46 90
46 116
46 112
46 105
46 103
46 114
46 91
46 123
46 104
46 107
46 115
46 99
47 77
47 60
47 63
47 65
47 66
47 64
47 59
47 67
47 69
47 61
47 62
47 71
47 76
47 72
47 58
48 6
49 101
49 89
49 86
49 85
49 103
