69 807
1 2
2 3
3 4
4 5
5 6
6 7
7 8
8 9
9 10
10 11
11 12
12 13
13 14
14 15
15 16
16 17
17 18
18 19
19 20
20 21
21 22
22 23
23 24
24 25
25 26
26 27
27 28
28 29
29 30
30 31
31 32
32 33
33 34
34 35
35 36
36 37
37 38
38 39
39 40
40 41
41 42
42 43
43 44
44 45
45 46
46 47
47 48
48 49
49 50
50 51
51 52
52 53
53 54
54 55
55 56
56 57
57 58
58 59
59 60
60 61
61 62
62 63
63 64
64 65
65 66
66 67
67 68
68 69
69 1
1 53
1 54
1 52
3 38
4 47
4 46
5 11
6 58
6 57
6 59
6 53
7 61
7 60
7 58
7 64
7 56
7 62
7 65
7 52
7 59
7 55
8 36
8 42
8 60
8 32
8 27
8 41
8 33
8 34
8 43
8 31
8 26
8 57
8 50
8 65
8 35
8 47
8 28
8 63
8 52
8 53
8 40
8 44
8 55
8 46
8 62
8 39
9 55
9 58
9 57
9 59
9 51
9 56
9 52
10 47
10 45
10 44
10 43
10 48
10 46
11 7
11 9
11 21
11 20
11 19
11 10
11 23
11 8
11 18
11 14
12 34
12 22
12 15
12 9
12 4
12 36
12 24
12 23
12 42
12 8
12 6
12 26
12 43
12 16
12 18
12 33
12 37
12 30
12 35
12 44
12 27
12 25
12 47
12 48
12 17
12 39
12 28
13 55
13 36
13 42
13 44
13 48
13 51
13 45
13 46
13 37
13 50
13 43
13 59
13 49
13 40
13 54
13 39
13 53
13 47
14 62
14 61
14 60
15 12
15 14
16 37
16 39
16 41
16 42
16 40
16 49
16 44
16 51
16 52
17 50
17 51
17 54
17 59
17 52
17 56
17 57
17 62
18 48
18 43
18 46
18 40
18 47
18 45
18 49
19 45
19 43
19 42
19 52
19 54
19 50
19 44
19 46
19 48
21 45
21 49
21 32
21 41
21 38
21 29
21 25
21 31
21 26
21 27
21 37
21 51
21 34
21 52
21 50
21 35
21 43
21 28
22 46
22 20
22 34
22 30
22 33
22 26
22 41
22 44
22 37
22 18
22 38
22 45
22 29
22 42
22 32
22 27
22 47
22 16
22 43
22 35
22 19
22 15
23 44
23 5
23 39
23 17
23 15
23 13
23 27
23 8
23 31
23 14
23 22
23 35
23 18
23 26
23 32
23 19
23 6
23 34
23 41
23 30
23 21
23 7
23 9
23 43
23 40
23 12
23 3
25 12
25 9
26 14
26 19
26 8
26 5
26 17
26 20
26 16
26 12
26 13
27 44
27 57
27 56
27 42
27 55
27 54
27 45
27 34
27 41
27 64
27 39
27 49
27 50
27 61
27 36
27 52
27 38
27 53
27 37
27 59
27 47
27 48
28 64
28 65
29 18
29 21
29 17
30 69
31 11
31 12
31 15
31 13
33 30
33 12
33 9
33 4
33 22
33 14
33 20
33 21
33 11
33 6
33 2
33 19
33 25
33 32
33 23
33 8
33 26
33 10
33 3
34 46
34 50
34 66
34 49
34 56
34 65
34 47
34 62
34 45
34 61
34 44
34 63
34 52
34 69
34 55
34 64
34 51
34 67
34 58
34 57
35 38
35 18
35 19
35 32
35 2
35 8
35 14
35 6
35 26
35 4
35 12
35 5
35 22
35 44
35 9
35 13
35 7
35 10
35 27
35 28
35 29
35 20
35 37
35 25
35 46
35 30
36 68
36 65
36 66
37 50
37 46
37 35
37 43
37 44
37 45
37 49
37 41
38 40
38 44
38 47
38 46
38 43
38 37
39 64
39 67
39 59
39 61
40 32
40 39
40 37
40 29
40 36
40 30
40 31
40 25
40 33
40 38
41 30
41 22
41 28
41 26
41 21
41 24
41 19
42 35
42 46
42 47
42 40
42 39
42 45
42 38
42 44
42 41
43 36
43 23
43 39
43 50
43 49
43 45
43 40
43 47
43 41
43 29
43 35
43 30
43 33
43 37
43 46
43 52
43 32
44 56
44 55
46 60
46 62
46 61
46 64
46 59
46 67
46 65
47 37
47 39
47 42
47 41
47 44
48 52
48 51
48 47
48 55
48 37
48 39
48 53
48 44
48 45
48 56
48 46
49 63
49 66
49 65
50 34
50 41
50 36
50 45
50 53
50 55
50 46
50 44
50 54
50 40
50 37
50 56
50 52
51 64
52 50
52 48
52 51
53 60
53 55
53 61
54 41
54 39
54 34
54 42
54 44
54 45
54 35
54 32
54 33
55 45
56 30
56 23
56 26
56 19
56 27
56 32
56 21
56 31
56 25
56 24
57 24
57 23
57 27
57 21
57 26
59 37
59 56
59 24
59 32
59 55
59 44
59 20
59 36
59 35
59 45
59 50
59 39
59 53
59 40
59 54
59 58
59 43
59 21
59 61
59 17
59 48
59 29
59 31
59 27
59 19
59 42
60 8
60 7
60 11
61 3
61 1
61 10
61 2
61 6
61 4
63 15
63 10
63 11
63 8
63 12
64 55
65 15
65 11
65 18
65 20
65 12
65 19
66 55
66 52
66 54
67 56
67 47
67 50
67 39
67 38
67 43
67 44
67 45
67 48
67 58
67 51
67 59
68 51
68 49
68 50
69 59
69 58
69 60
69 66
69 61
69 62
69 67
69 64
2 23
2 19
2 21
2 8
2 25
2 17
2 10
2 12
2 27
2 26
2 24
2 16
2 11
3 24
3 25
3 28
3 23
4 29
4 27
4 30
4 31
5 49
5 54
5 57
5 59
5 47
5 60
5 62
5 48
5 53
5 58
5 50
5 56
8 45
9 66
9 61
9 64
9 62
10 62
10 64
10 65
10 63
11 55
11 68
11 62
11 61
11 59
11 66
11 58
11 56
11 60
11 69
11 63
11 57
12 31
12 38
12 29
12 40
14 56
14 58
14 55
14 49
14 52
14 46
14 50
14 54
15 46
15 34
15 42
15 45
15 54
15 53
15 40
15 43
15 58
15 44
15 59
15 57
15 60
15 50
15 49
15 48
15 51
16 57
16 59
16 60
16 58
16 54
17 45
17 55
17 46
17 48
17 41
17 43
17 63
18 60
19 29
19 30
19 24
19 53
19 39
19 49
19 34
19 18
19 40
19 37
19 36
19 55
19 22
19 38
19 57
19 21
19 31
19 26
20 43
20 41
20 40
20 42
21 20
21 24
21 23
21 30
21 36
21 40
21 39
21 19
22 17
22 25
22 13
22 11
22 12
22 21
22 24
23 46
24 45
24 46
25 59
25 53
25 46
25 50
25 45
25 58
25 47
25 49
25 54
25 52
25 55
26 51
26 42
26 35
26 40
26 36
26 47
26 44
26 38
26 48
26 45
26 43
26 37
26 41
27 24
29 10
29 14
30 14
31 18
31 17
31 14
32 60
32 57
32 58
32 62
32 64
32 65
33 57
34 5
34 8
34 7
34 2
34 9
35 59
35 61
35 60
35 62
37 29
37 24
37 28
37 26
37 27
38 65
38 67
38 57
38 53
38 61
38 59
38 63
38 58
38 60
38 54
39 9
39 7
