17 128
1 2
2 3
3 4
4 5
5 6
6 7
7 8
8 9
9 10
10 11
11 12
12 13
13 14
14 15
15 16
16 17
17 1
3 15
3 16
4 10
4 9
6 17
6 16
7 15
7 14
7 13
9 15
11 15
11 16
11 14
13 8
14 9
14 11
14 5
14 8
14 7
14 6
15 1
17 10
17 15
17 12
17 13
1 12
2 12
3 17
4 7
4 8
4 13
4 14
5 11
6 9
6 4
6 11
6 5
6 8
7 12
8 4
8 2
10 12
10 15
10 14
11 7
12 10
12 9
13 15
16 12
1 11
1 5
1 9
1 8
1 7
4 12
5 3
5 1
7 16
7 10
8 17
8 16
10 3
10 4
10 6
11 9
11 8
11 5
11 10
11 4
12 3
12 2
14 10
15 9
15 11
16 4
16 5
16 8
16 13
16 7
16 11
17 9
17 11
1 13
2 8
3 11
3 7
3 10
5 8
5 7
8 14
9 3
10 8
10 16
10 7
10 9
10 17
12 4
12 5
13 10
13 6
13 5
13 9
17 7
17 5
17 6
2 16
2 13
2 14
2 9
2 10
3 5
