15 166
1 2
2 3
3 4
4 5
5 6
6 7
7 8
8 9
9 10
10 11
11 12
12 13
13 14
14 15
15 1
3 8
3 11
3 10
5 13
6 10
7 6
8 14
9 8
9 11
12 8
12 10
12 9
12 6
12 15
12 14
12 7
12 11
12 5
13 15
15 2
1 11
1 10
1 9
2 9
2 7
5 7
5 8
5 4
6 2
7 5
8 7
11 6
13 11
13 12
14 7
14 5
14 6
15 11
15 10
15 12
1 12
1 14
2 14
2 11
2 13
3 7
3 5
4 9
4 8
5 15
6 15
6 14
7 14
8 6
8 5
10 7
10 8
11 9
11 8
14 9
15 9
15 13
2 8
6 3
7 10
8 10
8 4
9 7
9 6
10 13
11 7
11 4
11 5
15 5
4 15
5 1
5 2
7 11
7 2
7 1
7 4
8 3
13 10
14 10
3 13
4 11
6 8
6 11
7 13
7 15
9 3
9 2
10 9
11 15
11 10
11 14
13 7
13 8
14 4
2 12
4 12
4 14
6 13
6 12
11 1
11 2
13 4
13 6
15 4
15 7
15 3
15 6
2 10
2 6
3 12
6 4
6 5
8 2
9 4
9 5
10 6
15 8
1 3
1 5
4 6
4 3
5 12
10 4
14 8
14 13
5 9
5 10
6 9
7 3
8 12
9 1
13 3
13 9
14 12
1 8
1 6
8 13
9 13
5 3
7 12
10 14
15 14
3 6
4 13
7 9
10 5
