58 868
1 2
2 3
3 4
4 5
5 6
6 7
7 8
8 9
9 10
10 11
11 12
12 13
13 14
14 15
15 16
16 17
17 18
18 19
19 20
20 21
21 22
22 23
23 24
24 25
25 26
26 27
27 28
28 29
29 30
30 31
31 32
32 33
33 34
34 35
35 36
36 37
37 38
38 39
39 40
40 41
41 42
42 43
43 44
44 45
45 46
46 47
47 48
48 49
49 50
50 51
51 52
52 53
53 54
54 55
55 56
56 57
57 58
58 1
1 11
1 14
1 9
1 16
1 13
2 44
2 49
2 11
2 7
2 27
2 26
2 17
2 39
2 41
2 31
2 43
2 8
2 47
2 21
2 30
2 29
2 19
2 35
2 34
2 23
2 45
2 40
2 9
2 22
2 14
2 13
2 10
2 48
2 28
2 36
3 52
3 53
4 32
4 29
4 27
4 43
4 37
4 24
4 45
4 25
4 20
4 18
4 17
4 30
4 39
4 33
4 38
4 42
4 21
4 34
4 26
4 31
5 49
6 13
6 12
7 18
7 21
8 16
8 19
8 15
9 3
11 51
11 49
11 50
11 52
12 3
12 5
12 4
12 8
13 52
13 51
14 6
14 2
14 3
15 29
15 33
15 30
16 33
16 32
16 30
17 10
18 21
18 42
18 23
18 32
18 30
18 33
18 22
18 28
18 27
18 38
18 44
18 40
18 39
18 16
18 24
18 37
18 46
18 35
19 5
20 26
20 41
20 35
20 31
20 38
20 39
20 36
20 42
20 27
20 33
20 32
20 30
21 10
21 20
21 25
21 19
21 6
21 13
21 15
21 5
21 16
21 18
21 12
21 24
21 7
21 14
22 53
23 27
24 14
24 11
24 17
24 18
24 10
24 12
24 13
24 19
25 49
25 57
25 46
25 52
25 55
25 53
25 56
25 47
26 32
27 51
27 53
27 56
27 52
28 53
28 50
28 51
28 54
29 53
29 46
29 56
29 49
29 52
29 48
29 50
30 47
31 53
31 50
31 47
31 51
32 49
32 51
32 53
32 50
32 54
33 32
33 30
33 40
33 29
33 38
33 39
34 4
35 48
35 50
35 54
35 55
35 47
35 52
37 30
37 39
37 42
37 21
37 36
37 24
37 34
37 32
37 23
37 48
37 35
37 43
37 29
37 33
37 20
37 26
37 18
38 55
38 42
38 36
38 56
38 44
38 35
38 52
38 57
38 46
38 54
38 40
38 51
38 34
38 53
39 51
39 46
39 48
39 47
39 49
39 52
40 2
40 13
40 4
40 10
40 6
40 9
40 12
42 18
42 19
42 20
43 42
43 38
43 36
44 2
45 54
46 39
46 33
46 40
46 48
46 45
46 50
46 41
46 36
46 34
47 17
47 15
47 20
47 19
48 35
48 52
48 44
48 47
48 51
48 50
48 41
48 34
48 46
48 53
48 37
48 36
48 54
49 51
49 44
49 53
49 42
49 54
49 41
49 45
49 52
49 43
52 45
52 47
52 46
52 50
54 16
54 15
54 21
55 28
55 29
55 30
56 43
57 48
57 26
57 21
57 38
57 33
57 40
57 45
57 22
57 37
57 18
57 27
57 47
57 17
57 43
57 24
57 36
57 34
57 19
57 31
57 39
57 20
57 44
58 21
58 23
58 24
58 19
58 20
58 22
58 18
1 30
1 24
1 33
1 32
1 31
1 29
1 28
2 52
3 47
4 35
4 28
5 12
5 11
5 10
5 13
6 47
7 41
7 29
7 33
7 34
7 39
7 26
7 32
7 28
7 37
8 13
8 12
9 33
9 43
9 45
9 41
9 34
9 38
9 46
9 40
9 37
9 35
10 52
10 40
10 42
10 50
10 38
10 49
10 53
10 46
11 8
12 6
12 9
12 10
13 50
15 39
15 36
15 49
15 44
15 32
15 41
15 28
15 31
15 48
15 40
15 26
15 23
15 46
15 37
15 25
15 21
15 43
16 40
16 47
16 42
16 35
16 46
16 45
16 34
16 36
16 39
17 50
18 54
18 57
19 10
19 26
19 23
19 48
19 24
19 43
19 44
19 40
19 17
19 11
19 16
19 28
19 21
19 8
19 27
19 33
19 46
19 35
19 37
19 30
19 18
19 25
19 22
19 12
19 38
20 11
20 15
20 14
20 9
20 12
20 13
20 16
22 44
22 43
22 47
23 25
23 26
23 31
23 19
23 22
23 20
23 18
23 28
24 29
24 28
24 23
24 30
24 27
24 35
24 20
24 16
25 18
25 30
25 24
25 10
25 23
25 32
25 36
25 14
25 19
25 28
25 33
25 29
25 17
25 16
25 12
26 38
26 39
28 42
28 46
28 43
28 45
28 47
29 47
29 45
29 44
29 51
30 33
30 42
30 35
30 41
30 43
30 40
30 32
32 26
32 37
32 31
32 35
32 34
32 36
33 28
33 23
33 20
33 37
33 46
33 31
33 53
33 55
33 41
33 43
33 36
33 22
33 48
33 54
33 35
33 26
33 21
33 47
33 57
33 56
33 49
33 52
33 25
33 51
33 18
34 24
34 23
35 25
35 30
35 32
35 24
35 31
35 26
35 29
35 23
36 50
36 49
37 58
38 33
39 55
39 41
39 43
39 53
39 45
39 42
40 54
40 52
40 51
41 15
42 25
42 17
42 31
42 27
42 22
42 39
42 36
42 9
42 29
42 11
42 16
42 7
42 34
42 41
42 33
42 44
42 23
42 45
42 13
42 24
42 28
42 32
42 10
44 42
45 52
45 53
45 51
45 55
45 44
45 47
46 32
46 43
46 30
46 38
46 44
46 42
46 37
47 39
48 18
48 19
48 14
48 17
48 16
48 7
48 8
48 15
48 10
49 26
49 27
49 29
49 30
49 31
50 43
50 42
50 38
50 25
50 44
50 40
50 34
50 49
50 27
50 32
50 52
50 33
50 37
50 48
50 36
50 31
50 46
50 39
50 45
50 30
50 41
51 20
51 10
51 7
51 19
51 11
51 17
51 21
51 9
51 8
51 18
51 24
51 3
51 5
51 22
52 14
52 23
52 11
52 22
52 18
52 19
52 12
52 24
52 21
52 15
52 9
53 12
53 11
53 10
53 13
53 9
53 8
53 6
54 31
54 32
54 24
54 25
54 26
54 20
54 23
55 50
55 52
55 57
55 54
55 51
55 49
55 48
56 38
56 41
56 40
56 35
56 39
56 28
56 32
56 29
56 37
57 11
57 41
57 16
57 10
57 25
57 46
57 51
57 32
57 23
57 53
57 49
57 13
57 52
57 35
57 28
57 54
57 42
57 29
57 12
58 7
58 12
58 25
58 5
58 28
58 26
58 4
58 3
58 17
58 8
58 29
58 11
58 16
58 2
58 30
58 15
58 32
1 53
1 52
1 51
1 48
1 50
1 49
1 54
2 32
3 50
3 48
3 49
5 43
5 35
5 38
5 33
5 40
5 41
5 34
6 56
6 50
6 54
6 48
6 51
7 17
8 23
8 21
8 20
8 22
9 18
9 21
10 31
11 16
11 15
11 14
11 21
11 18
11 20
11 17
12 24
12 35
12 48
12 34
12 47
12 56
12 21
12 52
12 55
12 45
12 54
12 41
12 51
12 49
12 29
12 32
12 40
12 27
12 30
14 52
14 49
15 38
19 9
19 14
19 29
20 34
20 40
20 29
20 22
20 24
20 23
21 56
21 57
22 34
23 9
24 9
24 15
25 35
26 10
26 21
26 1
26 16
26 24
26 5
26 9
26 11
26 20
26 17
26 6
26 3
26 7
26 13
26 8
27 54
27 50
27 49
28 48
28 49
30 50
30 44
30 45
30 48
30 39
30 38
32 27
32 43
32 42
32 48
32 46
32 28
32 44
32 39
32 41
33 24
34 11
