172 8723
1 2
2 3
3 4
4 5
5 6
6 7
7 8
8 9
9 10
10 11
11 12
12 13
13 14
14 15
15 16
16 17
17 18
18 19
19 20
20 21
21 22
22 23
23 24
24 25
25 26
26 27
27 28
28 29
29 30
30 31
31 32
32 33
33 34
34 35
35 36
36 37
37 38
38 39
39 40
40 41
41 42
42 43
43 44
44 45
45 46
46 47
47 48
48 49
49 50
50 51
51 52
52 53
53 54
54 55
55 56
56 57
57 58
58 59
59 60
60 61
61 62
62 63
63 64
64 65
65 66
66 67
67 68
68 69
69 70
70 71
71 72
72 73
73 74
74 75
75 76
76 77
77 78
78 79
79 80
80 81
81 82
82 83
83 84
84 85
85 86
86 87
87 88
88 89
89 90
90 91
91 92
92 93
93 94
94 95
95 96
96 97
97 98
98 99
99 100
100 101
101 102
102 103
103 104
104 105
105 106
106 107
107 108
108 109
109 110
110 111
111 112
112 113
113 114
114 115
115 116
116 117
117 118
118 119
119 120
120 121
121 122
122 123
123 124
124 125
125 126
126 127
127 128
128 129
129 130
130 131
131 132
132 133
133 134
134 135
135 136
136 137
137 138
138 139
139 140
140 141
141 142
142 143
143 144
144 145
145 146
146 147
147 148
148 149
149 150
150 151
151 152
152 153
153 154
154 155
155 156
156 157
157 158
158 159
159 160
160 161
161 162
162 163
163 164
164 165
165 166
166 167
167 168
168 169
169 170
170 171
171 172
172 1
1 120
1 107
1 100
1 74
1 104
1 114
1 131
1 109
1 85
1 116
1 103
1 101
1 113
1 105
1 128
1 78
1 97
1 91
1 94
1 115
1 92
1 111
1 123
1 121
1 82
1 80
1 108
1 102
1 86
1 76
1 96
1 112
1 73
1 81
1 126
1 129
1 118
1 79
1 106
2 114
2 113
3 29
3 27
3 37
3 25
3 17
3 34
3 16
3 44
3 30
3 28
3 36
3 42
3 32
3 23
3 38
3 35
3 14
3 22
3 41
3 15
4 149
4 150
4 146
4 148
4 151
4 152
5 29
5 35
5 26
5 49
5 42
5 47
5 30
5 37
5 46
5 40
5 25
5 36
5 27
5 41
5 33
5 43
5 38
5 45
6 119
6 132
6 105
6 126
6 114
6 109
6 139
6 111
6 127
6 140
6 141
6 130
6 128
6 122
6 123
6 107
6 131
6 113
6 110
6 117
6 135
6 116
6 138
6 108
7 40
7 44
7 45
7 64
7 71
7 77
7 48
7 22
7 78
7 80
7 51
7 56
7 14
7 18
7 13
7 30
7 68
7 65
7 17
7 74
7 21
7 53
7 43
7 39
7 26
7 36
7 61
7 34
7 23
7 11
7 41
7 20
7 58
7 67
7 50
7 37
7 4
7 46
7 9
7 47
7 63
7 66
7 33
7 69
7 60
7 52
8 70
9 155
9 158
9 159
9 153
9 157
10 148
10 152
10 147
10 151
10 153
10 145
10 149
11 138
11 134
11 132
11 139
11 136
11 133
12 104
12 136
12 144
12 88
12 90
12 122
12 146
12 148
12 118
12 79
12 81
12 126
12 100
12 123
12 125
12 101
12 78
12 140
12 87
12 143
12 84
12 96
12 145
12 119
12 86
12 131
12 103
12 109
12 151
12 97
12 147
12 106
12 108
12 115
12 98
12 127
12 120
12 124
12 92
12 113
12 95
12 114
12 116
12 105
12 80
12 83
12 129
12 142
12 137
13 164
13 168
13 156
13 155
13 146
13 167
13 157
13 161
13 151
13 158
13 152
13 148
13 163
13 141
13 166
13 144
13 153
13 160
14 24
14 60
14 44
14 22
14 25
14 38
14 32
14 26
14 39
14 29
14 27
14 45
14 57
14 53
14 56
14 54
14 42
14 50
14 59
14 13
14 35
14 43
14 52
14 23
14 28
14 18
14 48
14 47
14 46
14 40
15 155
15 156
15 153
15 115
15 110
15 133
15 119
15 125
15 123
15 137
15 145
15 126
15 116
15 120
15 140
15 124
15 131
15 150
15 154
15 152
15 132
15 159
15 148
15 143
15 104
15 107
15 102
15 130
15 122
15 138
15 103
15 114
15 128
15 134
15 108
15 139
15 106
15 112
15 157
15 127
15 121
16 114
16 125
16 113
16 111
16 137
16 120
16 123
16 122
16 129
16 126
16 136
16 118
16 116
16 109
16 115
16 135
16 119
16 110
16 132
17 22
17 5
17 6
17 7
17 9
17 19
17 13
17 16
17 20
17 10
17 4
17 11
17 26
17 3
17 23
18 143
18 154
18 148
18 165
18 166
18 158
18 155
18 152
18 162
18 151
18 146
18 153
18 142
18 164
18 168
18 159
18 149
18 147
18 163
18 141
18 169
19 140
19 147
19 148
19 151
19 145
19 150
19 146
20 96
20 85
20 107
20 139
20 99
20 87
20 104
20 130
20 148
20 151
20 134
20 119
20 106
20 128
20 132
20 97
20 94
20 137
20 102
20 155
20 86
20 93
20 88
20 92
20 73
20 98
20 74
20 156
20 124
20 89
20 141
20 110
20 143
20 105
20 120
20 147
20 131
20 111
20 126
20 117
20 144
20 82
20 112
20 83
20 76
20 152
20 123
20 78
20 103
20 114
21 168
21 170
21 169
22 44
22 64
22 66
22 83
22 67
22 85
22 60
22 69
22 76
22 70
22 53
22 56
22 58
22 62
22 71
22 80
22 45
22 68
22 79
22 50
22 77
22 78
22 84
22 65
22 72
22 57
22 52
23 26
23 38
23 51
23 16
23 6
23 10
23 15
23 43
23 13
23 49
23 4
23 33
23 39
23 19
23 34
23 52
23 54
23 11
23 53
23 42
23 36
23 27
23 21
23 18
23 29
23 20
23 14
23 25
23 46
23 28
23 40
24 151
24 141
24 145
24 149
24 152
24 147
24 143
24 148
24 150
25 136
25 110
25 118
25 132
25 148
25 120
25 137
25 144
25 168
25 122
25 121
25 141
25 106
25 126
25 142
25 113
25 145
25 159
25 164
25 157
25 128
25 108
25 130
25 119
25 105
25 165
25 158
25 138
25 123
25 154
25 107
25 143
25 109
25 135
25 133
25 152
25 115
25 156
25 149
25 124
26 124
26 126
26 122
27 56
27 66
27 54
27 65
27 72
27 71
27 67
27 38
27 33
27 51
27 53
27 32
27 41
27 62
27 36
27 42
27 61
27 55
27 59
27 46
27 44
27 52
27 60
27 68
27 45
27 37
27 58
27 47
27 70
28 145
28 146
28 142
28 147
28 141
29 88
29 91
29 62
29 81
29 64
29 83
29 94
29 86
29 93
29 66
29 85
29 92
29 82
29 77
29 84
29 60
29 95
29 79
29 67
29 76
29 87
29 78
29 69
29 61
30 92
30 95
30 102
30 96
30 103
30 101
30 99
30 93
30 104
30 90
30 98
30 105
31 153
32 171
32 170
32 169
33 135
33 122
33 119
33 118
33 151
33 142
33 125
33 99
33 97
33 98
33 145
33 123
33 109
33 143
33 102
33 156
33 140
33 138
33 147
33 127
33 112
33 116
33 113
33 146
33 129
33 124
33 133
33 154
33 111
33 100
33 105
33 101
33 158
33 115
33 137
33 144
33 106
33 152
33 132
33 139
33 148
33 126
33 155
34 170
35 59
35 64
35 51
35 61
35 78
35 67
35 83
35 79
35 70
35 63
35 85
35 56
35 77
35 84
35 73
35 72
35 45
35 50
35 57
35 49
35 86
35 53
35 60
35 55
35 80
35 75
35 74
35 87
35 69
35 66
36 103
36 120
36 105
36 148
36 107
36 123
36 134
36 145
36 139
36 116
36 137
36 126
36 115
36 128
36 136
36 143
36 114
36 131
36 121
36 130
36 154
36 99
36 125
36 144
36 104
36 110
36 135
36 127
36 147
36 113
36 106
36 140
36 109
37 94
37 96
37 98
37 99
37 92
38 163
38 162
38 165
38 164
38 167
38 161
39 151
39 153
39 154
40 119
42 166
42 164
42 163
42 161
42 159
42 160
43 139
43 135
43 142
43 140
43 141
44 73
44 100
44 68
44 104
44 118
44 109
44 91
44 66
44 85
44 121
44 94
44 117
44 70
44 80
44 92
44 81
44 78
44 105
44 99
44 114
44 74
44 120
44 119
44 113
44 86
44 107
44 110
44 103
44 93
44 98
44 101
44 75
44 84
44 96
45 96
45 103
45 73
45 82
45 85
45 71
45 76
45 84
45 99
45 79
45 88
45 94
45 100
45 74
45 75
45 90
45 92
45 86
45 89
45 106
45 77
45 97
45 72
45 102
46 147
46 149
46 146
46 145
47 160
48 35
48 39
48 29
48 30
48 28
48 44
48 42
48 34
48 38
48 27
48 43
48 33
48 36
49 7
49 9
49 6
49 8
50 109
50 104
50 113
50 106
50 105
50 148
50 135
50 111
50 143
50 108
50 128
50 110
50 127
50 132
50 145
50 116
50 131
50 142
50 141
50 146
50 136
50 138
50 117
50 155
50 121
50 157
50 119
50 115
51 142
51 139
51 141
51 138
52 113
52 108
52 111
52 115
52 118
52 119
52 107
52 116
52 109
53 79
53 34
53 57
53 83
53 84
53 94
53 47
53 46
53 62
53 89
53 32
53 37
53 76
53 55
53 35
53 64
53 21
53 51
53 93
53 31
53 50
53 82
53 77
53 67
53 42
53 91
53 49
53 19
53 90
53 39
53 88
53 98
53 41
53 71
53 66
53 75
53 96
53 97
53 29
53 40
53 78
53 58
53 30
53 95
53 87
53 24
53 44
53 45
53 27
53 92
53 59
53 63
53 23
54 64
54 126
54 63
54 116
54 101
54 108
54 104
54 66
54 95
54 120
54 70
54 73
54 123
54 87
54 68
54 121
54 71
54 67
54 106
54 65
54 103
54 81
54 110
54 75
54 82
54 124
54 91
54 76
54 86
54 96
54 60
54 92
54 119
54 94
54 115
54 74
54 113
54 99
54 84
54 105
54 114
54 111
54 80
54 79
55 44
55 36
55 49
55 52
55 54
55 41
55 40
55 38
55 50
55 47
55 46
55 43
55 48
56 127
56 126
56 129
56 124
56 133
56 125
57 160
57 114
57 103
57 99
57 112
57 91
57 133
57 85
57 83
57 101
57 107
57 129
57 156
57 81
57 120
57 76
57 125
57 143
57 123
57 98
57 145
57 93
57 84
57 135
57 154
57 106
57 149
57 97
57 89
57 137
57 146
57 138
57 82
57 148
57 134
57 77
57 131
57 90
57 111
57 159
57 121
57 127
57 118
57 110
57 78
57 105
57 141
57 126
57 124
57 147
57 79
57 95
57 130
58 12
58 14
58 13
58 16
58 10
58 11
60 159
60 160
60 163
60 148
60 167
60 161
60 164
60 158
60 162
60 169
60 166
60 170
60 151
60 150
60 155
60 157
61 16
61 48
61 24
61 34
61 19
61 44
61 37
61 13
61 15
61 18
61 38
61 40
61 30
61 23
61 50
61 21
61 26
61 36
61 41
61 25
61 42
61 45
61 27
61 51
61 33
61 32
61 22
61 29
61 53
62 119
62 130
62 109
62 58
62 71
62 164
62 167
62 72
62 123
62 68
62 134
62 159
62 94
62 92
62 155
62 154
62 78
62 152
62 161
62 91
62 137
62 141
62 82
62 69
62 83
62 131
62 129
62 144
62 111
62 166
62 67
62 59
62 147
62 60
62 146
62 96
62 64
62 117
62 86
62 85
62 66
62 84
62 75
62 140
62 138
62 158
62 151
62 149
62 89
62 128
62 90
62 142
62 114
62 133
62 157
62 150
62 143
62 77
62 120
62 101
62 139
62 163
62 156
62 126
62 76
62 115
62 97
62 145
62 125
62 57
62 135
62 65
62 80
63 122
63 79
63 156
63 98
63 141
63 135
63 142
63 94
63 77
63 133
63 132
63 115
63 76
63 106
63 90
63 102
63 82
63 95
63 108
63 84
63 150
63 144
63 159
63 74
63 126
63 128
63 160
63 101
63 117
63 158
63 131
63 86
63 104
63 129
63 124
63 114
63 116
63 143
63 145
63 111
63 147
63 105
63 85
63 140
63 153
63 71
63 89
63 137
63 80
63 72
63 146
63 123
63 87
63 119
64 96
64 90
64 73
64 60
64 87
64 85
64 86
64 68
64 62
64 61
64 75
64 79
64 69
64 76
64 55
64 95
64 88
64 66
64 56
64 72
64 92
64 89
64 98
64 84
64 82
64 97
64 71
65 59
65 71
65 55
65 63
65 47
65 51
65 58
65 68
65 73
65 62
65 39
65 69
65 70
65 50
65 53
65 46
65 43
65 64
65 61
66 73
66 100
66 95
66 114
66 116
66 92
66 108
66 81
66 72
66 86
66 89
66 74
66 98
66 111
66 94
66 78
66 93
66 99
66 70
66 75
66 105
66 87
66 103
66 77
66 85
66 97
66 90
66 107
66 82
66 102
66 106
66 115
66 80
67 150
67 149
68 90
68 87
68 84
68 91
68 85
69 58
69 46
69 45
69 47
69 59
69 38
69 60
69 51
69 48
69 44
69 53
69 56
69 39
69 31
69 52
69 61
69 54
69 40
69 35
70 77
70 82
70 81
70 84
70 76
71 110
71 108
71 88
71 86
71 115
71 124
71 95
71 125
71 84
71 90
71 114
71 91
71 120
71 75
71 104
71 89
71 82
71 136
71 98
71 81
71 127
71 105
71 85
71 129
71 119
71 77
71 121
71 100
71 87
71 83
71 133
71 135
71 101
71 122
71 78
71 92
71 123
71 116
71 113
71 96
71 103
71 126
72 70
72 69
72 78
72 80
72 83
72 67
72 84
72 71
72 68
72 81
72 86
73 126
73 110
73 111
73 112
73 99
73 119
73 122
73 136
73 127
73 101
73 130
73 131
73 109
73 103
73 107
73 134
73 120
73 102
73 137
73 133
73 100
73 117
73 132
73 105
73 104
73 116
73 135
73 113
74 136
74 144
74 143
74 140
74 135
74 142
74 141
74 146
75 32
75 41
75 39
75 13
75 31
75 28
75 33
75 23
75 30
75 27
75 24
75 26
75 34
75 29
75 25
75 21
75 14
75 16
75 42
75 11
76 110
76 114
76 115
76 120
76 113
76 123
76 109
76 105
76 108
76 119
76 122
76 112
77 132
77 129
77 134
77 131
78 143
79 141
79 129
79 132
79 142
79 124
79 144
79 134
79 143
79 137
79 125
79 140
79 127
79 128
79 133
79 131
80 3
80 17
80 13
80 19
80 15
80 7
80 14
80 10
80 9
80 22
80 12
80 6
80 20
81 87
81 100
81 123
81 131
81 120
81 105
81 98
81 88
81 111
81 107
81 121
81 96
81 135
81 97
81 91
81 104
81 134
81 101
81 118
81 103
81 128
81 130
81 86
81 132
81 93
81 92
81 108
81 94
81 122
81 137
81 125
81 80
81 102
81 112
82 127
82 131
82 137
82 128
82 130
82 138
82 135
82 125
82 129
82 132
83 12
83 11
83 8
83 6
83 7
83 5
84 14
84 15
84 18
84 13
84 16
84 19
85 115
85 109
85 108
85 112
85 114
86 95
86 117
86 103
86 91
86 99
86 113
86 106
86 92
86 98
86 114
86 112
86 116
86 115
86 93
86 96
86 105
86 110
86 104
86 89
87 73
87 75
87 72
88 57
88 90
88 75
88 125
88 97
88 58
88 84
88 98
88 56
88 64
88 74
88 129
88 99
88 69
88 47
88 22
88 60
88 122
88 71
88 13
88 59
88 17
88 109
88 50
88 10
88 45
88 101
88 39
88 103
88 94
88 123
88 9
88 91
88 55
88 106
88 81
88 102
88 116
88 93
88 15
88 20
88 77
88 37
88 124
88 6
88 104
88 117
88 38
88 133
88 8
88 67
88 5
88 121
88 68
88 43
88 80
88 120
88 33
88 54
88 24
88 48
88 16
88 130
88 36
88 62
88 63
88 132
88 41
88 29
88 46
88 52
88 44
88 112
88 96
88 100
88 105
88 66
88 28
88 76
88 34
88 70
88 118
88 61
89 125
89 126
89 131
90 88
90 85
90 79
90 75
90 78
90 81
90 83
90 76
90 89
90 71
90 80
90 74
90 69
90 67
90 92
91 93
91 90
91 94
92 48
92 65
92 35
92 75
92 59
92 33
92 53
92 76
92 70
92 71
92 30
92 77
92 61
92 81
92 74
92 54
92 39
92 44
92 51
92 73
92 79
92 78
92 31
92 62
92 47
92 37
92 32
92 60
92 43
92 64
92 80
92 40
92 38
92 69
92 63
93 164
93 158
93 160
93 157
93 163
93 159
94 82
95 66
95 92
95 76
95 93
95 107
95 90
95 84
95 71
95 105
95 94
95 104
95 79
95 86
95 102
95 62
95 98
95 80
95 88
95 82
95 106
95 72
95 81
95 73
95 101
95 109
95 85
95 67
95 64
96 61
96 76
96 51
96 73
96 42
96 56
96 36
96 48
96 46
96 71
96 52
96 79
96 47
96 39
96 63
96 65
96 70
96 80
96 58
96 41
96 64
96 34
96 66
96 49
96 50
96 44
96 38
96 68
96 43
96 60
96 62
96 57
96 59
97 35
98 80
98 90
98 76
98 70
98 95
98 84
98 91
98 71
98 96
98 94
98 88
98 75
98 92
98 64
98 87
98 77
98 89
98 85
98 68
99 161
99 164
99 166
99 165
100 92
100 82
100 95
100 94
100 80
100 76
100 79
100 103
100 102
100 77
100 99
100 86
100 98
100 75
100 87
100 91
100 96
100 74
101 115
101 114
102 53
102 51
102 59
102 60
102 55
102 47
102 63
102 44
102 57
102 52
102 62
102 46
102 50
104 15
104 13
104 23
104 17
104 24
104 20
104 29
104 21
104 27
104 30
104 25
104 19
104 18
105 129
105 145
105 115
105 151
105 146
105 125
105 130
105 133
105 139
105 148
105 135
105 138
105 118
105 150
105 144
105 126
105 143
105 127
105 117
105 134
105 141
105 114
105 128
105 136
105 147
106 12
106 17
106 7
106 10
106 25
106 11
106 6
106 14
106 21
106 15
106 18
106 20
106 13
106 23
107 76
107 43
107 36
107 66
107 62
107 58
107 20
107 15
107 11
107 64
107 41
107 54
107 87
107 59
107 60
107 18
107 8
107 67
107 13
107 35
107 44
107 6
107 12
107 52
107 73
107 39
107 32
107 57
107 81
107 33
107 34
107 63
107 24
107 30
107 84
107 72
107 61
107 3
107 68
107 23
107 56
107 83
107 70
107 74
107 10
107 28
107 78
107 48
107 79
108 74
108 78
108 76
109 95
109 100
109 85
109 104
109 82
109 92
109 93
109 96
109 78
109 101
109 103
109 97
109 98
109 81
109 84
109 77
109 86
110 70
110 69
111 16
111 33
111 7
111 9
111 36
111 14
111 21
111 20
111 35
111 43
111 4
111 2
111 15
111 34
111 50
111 51
111 12
111 30
111 31
111 18
111 47
111 13
111 11
111 37
111 48
111 23
111 25
111 6
111 26
111 28
112 84
112 86
113 49
113 60
113 58
113 43
113 25
113 56
113 41
113 48
113 34
113 57
113 52
113 55
113 33
113 31
113 44
113 38
113 51
113 35
113 29
113 24
113 62
113 23
113 22
113 42
113 32
113 53
114 138
114 88
114 73
114 104
114 137
114 97
114 81
114 87
114 142
114 83
114 144
114 135
114 128
114 154
114 98
114 147
114 113
114 149
114 84
114 109
114 121
114 89
114 140
114 101
114 150
114 71
114 77
114 120
114 143
114 79
114 70
114 117
114 141
114 148
114 106
114 130
114 94
114 108
114 131
114 122
114 127
114 99
114 153
114 80
114 155
114 102
114 133
114 125
114 129
114 76
114 100
114 118
114 119
114 132
114 107
115 142
115 134
115 151
115 135
115 127
115 126
115 132
115 129
115 137
115 150
115 131
115 138
115 136
115 143
115 140
115 125
115 141
116 143
116 147
116 144
116 150
116 146
118 104
118 103
118 106
119 107
119 118
119 108
119 112
119 110
119 121
119 115
119 116
119 111
119 114
120 38
120 37
120 47
120 52
120 36
120 39
120 35
120 50
120 40
120 46
120 44
120 43
120 49
120 45
120 41
121 74
121 57
121 64
121 76
121 56
121 59
121 66
121 68
121 70
121 63
121 73
121 55
121 62
122 133
122 117
122 126
122 134
122 113
122 131
122 147
122 129
122 139
122 146
122 148
122 142
122 140
122 132
122 112
122 136
122 128
122 138
122 121
122 119
122 135
122 124
122 120
122 137
123 92
123 90
123 83
123 94
123 78
123 82
123 97
123 85
123 79
123 77
123 98
123 86
124 163
125 57
125 153
125 100
125 120
125 137
125 133
125 146
125 134
125 140
125 58
125 132
125 92
125 63
125 72
125 147
125 80
125 82
125 81
125 107
125 59
125 102
125 124
125 106
125 97
125 112
125 94
125 95
125 84
125 119
125 135
125 103
125 110
125 109
125 61
125 122
125 108
125 88
125 66
125 96
125 152
125 93
125 104
125 117
125 99
125 70
125 78
125 116
125 129
125 123
125 114
125 86
125 142
125 83
125 98
125 151
125 113
125 90
125 148
125 145
126 106
126 103
126 101
126 100
126 105
127 2
127 5
127 6
128 141
128 137
128 139
128 138
129 172
129 171
130 70
130 59
130 61
130 39
130 48
130 63
130 47
130 58
130 68
130 46
130 50
130 40
130 51
130 69
130 41
130 52
130 65
130 37
130 38
130 45
130 66
130 44
130 54
131 109
131 127
131 94
131 122
131 101
131 105
131 119
131 95
131 128
131 134
131 104
131 135
131 97
131 93
131 117
131 133
131 126
131 106
131 116
131 130
131 115
131 100
131 120
131 102
131 129
132 134
132 136
133 69
133 82
133 46
133 58
133 28
133 76
133 85
133 71
133 61
133 62
133 45
133 55
133 42
133 48
133 36
133 80
133 47
133 24
133 65
133 20
133 49
133 31
133 72
133 70
133 74
133 38
133 29
133 60
133 22
133 23
133 79
133 53
133 34
133 57
133 66
133 77
133 63
133 54
134 157
134 158
135 72
135 77
135 102
135 98
135 89
135 76
135 86
135 83
135 87
135 80
135 94
135 97
135 90
135 91
135 100
135 84
135 101
135 74
135 106
135 99
135 104
135 85
136 89
136 95
136 100
136 66
136 92
136 90
136 70
136 99
136 73
136 83
136 68
136 93
136 60
136 91
136 75
136 74
136 71
136 69
136 102
136 77
136 72
136 65
136 86
136 96
136 67
136 80
137 93
137 64
137 80
137 57
137 50
137 43
137 48
137 73
137 68
137 87
137 84
137 85
137 42
137 71
137 88
137 78
137 90
137 53
137 66
137 51
137 83
137 65
137 56
137 40
137 63
137 76
137 60
137 94
137 91
137 59
137 55
137 46
137 72
137 58
137 86
137 54
137 82
137 49
138 86
138 69
138 73
138 83
138 78
138 87
138 65
138 64
138 93
138 70
138 74
138 75
138 92
138 84
138 66
138 77
138 72
138 85
138 96
138 68
138 79
139 113
139 78
139 41
139 137
139 50
139 136
139 83
139 90
139 80
139 69
139 84
139 122
139 45
139 34
139 55
139 119
139 115
139 70
139 99
139 138
139 74
139 36
139 76
139 85
139 71
139 51
139 66
139 49
139 63
139 133
139 109
139 111
139 131
139 39
139 58
139 44
139 124
139 123
139 106
139 68
139 129
139 127
139 64
139 79
139 108
139 48
139 104
139 82
139 53
139 86
139 92
139 120
139 95
139 102
139 91
139 65
139 94
139 100
139 40
139 98
139 77
139 52
140 142
140 143
140 144
141 77
141 25
141 50
141 89
141 80
141 26
141 23
141 8
141 13
141 58
141 45
141 42
141 22
141 85
141 44
141 68
141 78
141 73
141 19
141 10
141 48
141 9
141 38
141 57
141 14
141 20
141 52
141 60
141 51
141 49
141 30
141 86
141 40
141 64
141 17
141 71
141 75
141 59
141 79
141 72
141 56
141 62
141 47
141 36
141 46
141 32
141 24
141 93
141 69
141 65
141 28
141 16
141 33
141 39
141 27
142 56
142 53
142 57
142 43
142 47
142 46
142 52
142 49
142 50
142 44
142 45
143 74
143 51
143 50
143 58
143 53
143 63
143 66
143 73
143 72
143 71
143 75
143 68
143 48
143 54
143 47
143 69
143 56
143 45
144 115
144 120
144 121
144 116
144 118
145 108
145 102
145 103
145 101
145 106
145 104
146 104
146 100
146 93
146 137
146 106
146 127
146 148
146 125
146 135
146 122
146 118
146 114
146 95
146 149
146 138
146 110
146 150
146 142
146 136
146 152
146 131
146 139
146 103
146 132
146 121
146 130
146 94
146 117
146 115
146 120
146 128
146 126
146 123
146 151
146 109
147 140
147 142
147 150
147 146
147 153
147 143
147 138
147 154
147 152
147 151
147 145
147 139
147 155
147 149
148 68
148 85
148 67
148 74
148 73
148 79
148 82
148 65
148 81
148 72
148 71
148 69
148 77
149 132
149 116
149 115
149 142
149 147
149 134
149 152
149 144
149 139
149 114
149 140
149 124
149 146
149 131
149 123
149 120
149 126
149 130
149 129
149 117
149 143
149 153
149 127
149 136
149 125
149 145
149 137
150 157
150 149
150 161
150 144
150 165
150 142
150 163
150 160
150 159
150 148
150 162
150 146
150 169
150 156
150 152
151 105
151 101
151 104
151 94
151 86
151 114
151 73
151 87
151 106
151 85
151 95
151 110
151 76
151 96
151 88
151 118
151 102
151 93
151 74
151 112
151 113
151 108
151 109
151 80
151 107
151 78
151 84
151 77
151 91
152 168
152 160
152 169
152 157
152 166
152 164
152 163
152 165
152 155
152 158
152 162
152 154
153 50
153 65
153 108
153 107
153 59
153 99
153 92
153 111
153 57
153 89
153 82
153 112
153 79
153 102
153 88
153 72
153 55
153 81
153 106
153 115
153 98
153 69
153 51
153 90
153 68
153 86
153 80
153 84
153 95
153 60
153 76
153 52
153 67
153 61
153 83
153 74
153 91
153 64
153 94
153 105
153 78
153 77
153 63
154 169
154 167
154 166
155 131
155 130
155 139
155 134
155 132
155 136
156 108
156 114
156 104
156 79
156 80
156 87
156 90
156 100
156 81
156 77
156 102
156 89
156 83
156 103
156 96
156 112
156 110
156 94
156 106
156 97
156 85
157 119
157 113
157 101
157 104
157 97
157 110
157 86
157 88
157 99
157 93
157 122
157 118
157 109
157 98
157 115
157 89
157 95
157 106
157 111
157 121
157 108
158 95
158 127
158 106
158 153
158 165
158 139
158 145
158 103
158 104
158 156
158 152
158 128
158 140
158 115
158 136
158 112
158 133
158 97
158 137
158 114
158 109
158 138
158 129
158 155
158 118
158 113
158 117
158 147
158 116
158 164
158 131
158 125
158 99
158 143
158 151
158 107
158 122
158 110
158 144
158 142
158 161
158 141
158 132
158 157
158 150
158 126
159 105
159 106
159 113
159 108
159 103
159 107
159 101
159 93
159 95
159 90
159 94
159 98
159 111
159 109
160 50
160 68
160 42
160 36
160 41
160 33
160 49
160 31
160 27
160 65
160 66
160 26
160 37
160 30
160 53
160 44
160 67
160 60
160 64
160 56
160 28
160 25
160 34
160 43
160 55
160 24
160 46
161 15
161 28
161 25
161 24
161 18
161 17
161 14
161 19
161 21
162 32
162 20
162 13
162 16
162 23
162 29
162 14
162 11
162 19
162 31
162 28
162 24
162 15
162 27
162 12
163 37
163 62
163 34
163 33
163 60
163 63
163 64
163 48
163 51
163 54
163 61
163 41
163 55
163 49
163 38
163 58
163 52
163 32
163 50
163 45
164 114
164 125
164 119
164 138
164 112
164 136
164 118
164 111
164 132
164 117
164 137
164 120
164 141
164 128
164 135
164 126
164 130
164 131
164 124
164 133
164 143
165 140
165 162
165 147
165 149
165 138
165 154
165 146
165 141
165 145
165 158
165 151
165 150
165 163
165 159
165 152
165 139
165 148
165 156
165 142
166 107
166 123
166 113
166 133
166 111
166 95
166 105
166 103
166 110
166 118
166 104
166 96
166 117
166 131
166 98
166 108
166 106
166 116
166 126
166 127
166 97
166 134
166 129
166 115
167 91
167 60
167 65
167 77
167 64
167 85
167 78
167 80
167 82
167 70
167 87
167 68
167 89
167 83
167 94
167 79
167 74
167 92
167 86
167 84
167 76
167 72
167 73
168 124
168 62
168 114
168 119
168 115
168 81
168 73
168 74
168 86
168 68
168 108
168 79
168 92
168 66
168 110
168 117
168 105
168 112
168 100
168 102
168 76
168 94
168 77
168 70
168 104
168 93
168 90
168 97
168 82
168 87
168 67
168 101
168 123
168 63
168 84
168 91
168 80
168 83
168 111
169 69
172 87
172 86
172 107
172 128
172 113
172 118
172 93
172 88
172 123
172 98
172 122
172 126
172 111
172 99
172 103
172 116
172 108
172 121
172 114
172 124
172 110
172 130
172 127
172 89
172 109
172 102
172 101
172 100
172 129
172 94
1 119
1 99
1 125
1 122
1 127
1 110
2 77
2 76
3 33
3 21
3 24
3 26
3 20
4 128
5 160
5 164
5 161
6 156
6 158
6 161
6 160
6 157
6 165
6 163
6 164
6 166
7 88
7 84
7 82
7 94
7 91
7 90
7 81
7 79
7 87
7 85
7 83
7 96
7 93
8 18
8 20
8 17
8 16
8 13
9 122
9 113
9 142
9 119
9 107
9 123
9 129
9 146
9 109
9 105
9 135
9 138
9 154
9 126
9 151
9 110
9 148
9 117
9 143
9 124
9 147
9 131
9 141
9 112
9 114
9 145
9 125
9 156
9 115
9 108
10 150
10 142
10 146
10 144
11 166
11 156
11 145
11 172
11 158
11 153
11 147
11 144
11 159
11 162
11 170
11 165
11 171
11 152
11 151
11 167
11 168
11 161
11 160
11 157
12 14
12 15
12 6
12 7
12 8
12 10
13 162
13 159
14 159
14 156
14 150
14 157
14 161
14 154
14 158
14 151
14 162
14 155
15 37
15 39
15 45
15 41
15 53
15 38
15 23
15 18
15 43
15 33
15 21
15 36
15 47
15 46
15 58
15 48
15 11
15 12
15 56
15 27
15 49
15 57
15 60
15 29
15 30
15 44
15 40
15 28
15 25
15 31
15 13
16 46
16 35
16 43
16 40
16 44
16 41
16 34
16 39
18 157
18 140
18 130
18 133
18 156
18 160
18 137
18 132
18 134
18 136
18 131
18 161
18 150
18 145
19 40
19 29
19 16
19 18
19 34
19 27
19 30
19 33
19 26
19 39
19 15
19 17
19 28
19 38
19 21
20 22
20 12
20 26
20 24
20 23
20 19
20 29
20 14
20 18
20 27
20 15
20 11
22 152
22 149
22 144
22 150
22 148
22 145
22 151
22 142
22 138
23 32
23 41
23 30
23 47
23 44
23 35
24 137
24 135
24 138
24 134
24 146
25 67
25 71
25 41
25 68
25 48
25 50
25 69
25 63
25 57
25 40
25 56
25 55
25 47
25 44
25 58
25 66
25 70
25 51
25 65
26 31
26 42
26 43
26 38
26 40
26 29
26 32
26 45
26 47
26 48
26 30
26 46
26 44
27 29
27 13
27 64
27 12
27 14
27 17
27 25
27 39
27 15
27 23
27 57
27 63
27 50
27 16
27 31
27 69
27 48
27 43
27 49
27 21
27 26
28 54
28 55
28 58
28 57
28 50
28 53
29 160
29 162
30 82
30 79
30 81
30 89
30 86
30 91
30 100
30 88
30 97
30 84
30 87
31 48
31 37
31 30
31 43
31 54
31 19
31 52
31 58
31 50
31 36
31 22
31 23
31 21
31 41
31 44
31 27
31 46
31 47
31 34
31 49
31 29
31 53
31 45
31 55
31 40
31 26
31 38
32 67
32 125
32 114
32 133
32 91
32 98
32 117
32 134
32 123
32 129
32 154
32 112
32 101
32 94
32 158
32 143
32 75
32 139
32 145
32 132
32 82
32 113
32 74
32 135
32 140
32 153
32 111
32 115
32 120
32 73
32 151
32 130
32 100
32 105
32 110
32 155
32 85
32 128
32 72
32 150
32 157
32 90
32 77
32 131
32 124
32 149
32 95
32 96
32 160
32 104
32 159
32 81
32 142
32 87
32 109
32 64
32 156
32 144
32 66
33 62
33 63
34 118
34 117
34 119
35 134
35 133
35 129
35 131
35 127
35 126
36 87
36 101
36 98
36 92
36 88
36 89
36 90
36 94
36 97
36 96
37 80
37 88
37 82
37 79
37 90
37 78
37 85
37 77
37 86
37 84
39 48
39 46
39 72
39 70
39 53
39 51
39 61
39 57
39 71
39 45
39 52
39 47
39 60
39 50
39 66
39 55
39 49
39 73
39 69
40 67
40 64
40 60
40 61
40 69
40 66
40 68
40 63
40 70
41 83
41 85
41 89
41 88
42 167
42 165
42 162
42 168
43 93
43 91
45 48
45 33
45 37
45 31
45 32
45 39
45 35
45 54
45 43
45 29
45 51
45 41
45 47
45 58
45 28
45 30
45 50
45 57
46 127
46 111
46 125
46 100
46 131
46 121
46 126
46 123
46 110
46 122
46 94
46 105
46 138
46 119
46 135
46 99
46 129
46 136
46 102
46 109
46 120
46 101
46 113
46 95
46 128
46 137
46 97
46 118
46 114
46 115
46 104
47 158
47 161
47 156
47 157
47 155
47 154
48 146
48 155
48 117
48 116
48 122
48 134
48 124
48 156
48 149
48 143
48 113
48 133
48 131
48 132
48 139
48 110
48 126
48 112
48 127
48 125
48 138
48 120
48 144
48 114
48 136
48 152
48 128
48 130
48 145
48 137
48 153
48 151
48 141
49 100
49 92
49 95
49 99
49 98
49 96
49 91
50 149
50 133
50 130
50 159
50 166
50 129
50 118
50 169
50 114
50 150
50 167
50 124
50 123
50 160
50 161
50 120
50 122
50 144
50 163
50 139
50 154
50 125
50 153
50 140
51 63
51 117
51 130
51 65
51 95
51 86
51 136
51 78
51 76
51 107
51 70
51 80
51 116
51 161
51 150
51 69
51 146
51 122
51 106
51 163
51 73
51 74
51 82
51 79
51 100
51 164
51 123
51 67
51 92
51 101
51 124
51 154
51 104
51 129
51 147
51 98
51 140
51 131
51 160
51 126
51 109
51 133
51 105
51 64
51 135
51 113
51 157
51 89
51 81
51 102
51 134
51 68
51 96
51 85
51 162
51 151
51 127
51 88
51 87
51 84
51 103
51 119
51 149
51 128
51 112
51 83
52 84
52 96
52 94
52 86
52 90
52 92
52 87
52 82
52 91
52 93
53 56
53 69
53 85
53 73
53 48
53 80
53 108
53 52
53 61
53 104
53 107
53 72
53 74
53 99
53 106
53 101
53 103
53 81
53 65
53 102
54 163
54 156
54 160
54 164
54 155
54 165
54 159
54 153
54 161
54 162
55 166
55 164
55 158
55 163
55 143
55 145
55 146
55 153
55 162
55 167
55 148
55 144
55 159
55 161
55 152
55 165
55 149
55 150
55 142
55 160
56 169
58 149
58 151
58 150
58 154
58 157
58 138
58 152
58 148
58 137
58 142
58 144
58 135
58 147
58 139
58 153
58 140
59 134
59 132
59 135
59 137
59 133
60 89
60 119
60 124
60 95
60 86
60 107
60 69
60 112
60 125
60 104
60 101
60 79
60 68
60 82
60 103
60 74
60 92
60 88
60 127
60 118
60 98
60 111
60 94
60 120
60 87
60 71
60 100
60 91
60 97
60 114
60 84
60 116
60 93
60 128
60 77
60 78
60 123
60 70
60 102
61 103
61 115
61 148
61 122
61 133
61 113
61 117
61 147
61 152
61 118
61 146
61 156
61 106
61 134
61 109
61 140
61 107
61 120
61 114
61 135
61 108
61 150
61 138
61 144
61 139
61 136
61 123
61 125
61 151
61 132
61 100
61 143
61 153
61 110
61 102
61 158
61 141
61 105
61 159
61 154
62 136
62 110
62 124
62 116
62 121
63 97
63 81
63 93
63 83
63 99
64 114
64 100
64 122
64 102
64 119
64 110
64 120
64 117
64 105
64 101
64 123
64 109
64 115
64 99
64 78
64 116
64 83
64 94
64 113
64 80
64 93
64 107
65 155
65 150
65 152
65 151
65 147
65 148
65 146
65 154
65 144
66 127
66 112
66 84
66 142
66 47
66 101
66 46
66 137
66 146
66 59
66 61
66 96
66 45
66 130
66 113
66 120
66 117
66 139
66 109
66 124
66 143
66 118
66 104
66 131
66 134
66 128
66 64
66 68
66 88
66 126
66 132
66 145
66 76
66 141
66 58
66 136
66 54
66 44
66 138
66 49
66 123
67 97
67 111
67 106
67 104
67 101
67 100
67 102
67 108
67 98
67 110
67 105
68 100
68 52
68 86
68 96
68 60
68 58
68 48
68 37
68 49
68 54
68 107
68 42
68 80
68 36
68 55
68 73
68 29
68 93
68 39
68 32
68 27
68 102
68 98
68 47
68 64
68 51
68 62
68 75
68 31
68 83
68 56
68 63
68 99
68 33
68 89
68 34
68 41
68 40
68 35
68 70
68 57
68 59
68 53
68 77
68 103
68 50
68 45
68 105
68 46
68 88
69 42
69 43
69 50
69 49
70 87
70 108
70 110
70 93
70 89
70 103
70 88
70 95
70 98
70 102
70 85
70 91
70 100
70 96
70 80
70 105
70 97
70 94
71 48
71 39
71 56
71 47
71 74
71 59
71 66
71 65
71 54
71 93
71 44
71 79
71 76
71 55
71 61
71 45
71 58
71 41
71 64
71 42
71 102
71 62
71 67
71 51
71 73
71 52
71 80
71 63
71 70
72 38
72 35
72 39
72 36
74 125
74 152
74 130
74 150
74 148
74 155
74 122
74 133
74 138
74 153
74 139
74 132
74 131
74 124
74 137
74 127
74 151
75 110
75 132
75 97
75 137
75 101
75 111
75 133
75 105
75 118
75 104
75 125
75 136
75 100
75 108
75 91
75 107
75 121
75 116
75 138
75 139
75 98
75 112
75 123
75 119
75 126
75 141
75 130
75 92
75 96
75 115
75 95
75 99
77 29
77 35
77 33
77 28
77 55
77 58
77 40
77 88
77 82
77 63
77 38
77 44
77 74
77 71
77 73
77 57
77 59
77 27
77 34
77 47
77 86
77 64
77 70
77 89
77 80
77 31
77 41
77 53
77 65
77 72
77 54
77 51
77 76
77 56
77 49
77 42
77 85
77 37
77 32
77 87
78 171
79 92
79 99
79 89
79 98
79 97
79 101
79 91
79 83
79 104
79 103
79 96
79 84
79 90
79 85
79 88
79 76
79 95
79 81
81 127
81 99
81 83
81 117
81 126
81 138
81 119
81 139
81 140
81 89
81 90
81 133
81 95
81 144
81 129
81 124
81 113
81 85
81 142
81 136
81 115
82 75
83 155
83 169
83 156
83 158
83 147
83 164
83 153
83 165
83 161
83 145
83 149
83 157
83 168
83 154
83 152
83 163
83 167
84 114
84 117
84 113
84 111
84 118
84 119
85 9
85 38
85 13
85 56
85 34
85 2
85 32
85 33
85 3
85 25
85 35
85 30
85 18
85 28
85 17
85 16
85 14
85 58
85 49
85 4
85 23
85 47
85 55
85 39
85 21
85 46
85 52
85 36
85 10
85 54
85 60
85 19
85 22
86 109
86 124
86 90
86 139
86 129
86 73
86 72
86 121
86 94
86 70
86 107
86 111
86 162
86 128
86 83
86 156
86 134
86 149
86 71
86 97
86 122
86 155
86 77
86 75
86 143
86 81
86 119
86 69
86 140
86 160
86 161
86 118
86 68
86 79
86 164
86 108
86 148
86 78
86 153
86 88
86 137
86 132
86 150
86 82
86 133
86 168
86 100
86 166
86 146
86 157
86 165
87 155
87 144
87 157
87 153
87 151
87 149
87 152
87 150
87 147
87 156
87 145
88 49
88 35
88 51
89 71
89 117
89 121
89 145
89 103
89 110
89 105
89 115
89 106
89 72
89 141
89 102
89 120
89 93
89 82
89 80
89 142
89 119
89 112
89 66
89 87
89 143
89 118
89 147
89 101
89 59
89 64
89 135
89 77
89 91
89 134
89 140
89 81
89 65
89 75
89 133
89 84
89 123
89 104
89 78
89 94
89 57
89 128
89 146
89 113
89 138
89 68
89 148
89 61
89 144
89 63
89 58
89 62
89 116
89 130
90 64
90 48
90 154
90 82
90 140
90 109
90 72
90 118
90 119
90 124
90 112
90 60
90 108
90 99
90 50
90 56
90 100
90 84
90 122
90 153
90 107
90 43
90 127
90 102
90 38
90 142
90 155
90 160
90 77
90 49
90 106
90 148
90 139
90 53
90 141
90 126
90 93
90 121
90 51
90 55
90 95
90 87
90 44
90 41
90 40
90 63
90 156
90 68
90 157
90 151
90 144
90 131
90 46
90 114
90 42
90 57
90 137
90 96
90 59
90 111
90 149
90 145
90 135
90 133
90 73
90 98
90 128
90 147
90 115
90 136
90 65
91 60
91 78
91 63
91 65
91 41
91 70
91 39
91 71
91 75
91 69
91 77
91 72
91 81
91 83
91 56
91 89
91 51
91 36
91 64
91 55
91 45
91 54
91 73
91 66
91 57
91 82
91 38
91 58
91 84
91 79
91 43
91 88
93 170
93 167
93 169
94 105
94 99
94 104
94 98
94 92
94 97
94 96
94 93
94 100
94 102
95 15
95 18
95 14
95 16
96 135
96 126
96 136
96 129
96 133
96 132
96 127
96 137
97 32
97 40
97 79
97 33
97 104
97 37
97 101
97 51
97 70
97 112
97 53
97 46
97 96
97 54
97 90
97 81
97 87
97 42
97 62
97 100
97 85
97 52
97 64
97 95
97 99
97 94
97 82
97 56
97 86
97 88
97 93
97 76
97 113
97 38
97 44
97 59
97 91
97 115
97 89
97 114
97 45
97 60
97 43
97 69
97 78
97 67
97 47
97 48
97 107
98 27
98 20
98 21
98 17
98 23
98 16
98 24
98 31
99 142
99 141
99 151
99 148
99 145
99 135
99 150
99 153
99 155
99 156
99 138
99 159
99 149
99 139
99 137
99 154
100 70
100 84
100 88
100 85
100 81
100 73
100 69
100 71
101 37
101 36
101 33
102 35
102 42
102 23
102 33
102 36
102 34
102 37
102 45
102 49
102 25
102 40
102 41
102 29
102 32
102 26
102 48
102 43
102 54
102 38
103 133
103 125
103 128
103 132
103 131
103 121
103 124
103 123
103 130
103 129
103 127
103 119
103 114
103 118
103 117
103 126
104 145
104 144
104 142
105 119
105 124
105 112
105 132
105 137
105 123
105 116
105 120
106 46
106 49
106 37
106 36
106 35
106 41
106 45
106 47
106 52
106 53
106 50
106 51
107 50
107 55
107 53
108 62
108 68
108 58
108 34
108 65
108 87
108 86
108 79
108 50
108 66
108 52
108 55
108 84
108 39
108 75
108 43
108 51
108 36
108 47
108 56
108 57
108 85
108 53
108 63
108 83
108 41
108 72
108 67
108 69
109 167
109 166
110 41
110 35
110 32
110 26
110 34
110 39
110 30
110 36
110 27
111 74
111 76
111 66
111 61
111 98
111 89
111 93
111 65
111 63
111 56
111 59
111 67
111 73
111 79
111 60
111 80
111 94
111 86
111 82
111 71
111 62
111 83
111 85
111 97
111 70
111 68
111 90
111 88
112 14
112 17
112 52
112 16
112 44
112 42
112 59
112 31
112 35
112 21
112 27
112 57
112 8
112 12
112 33
112 47
112 34
112 53
112 22
112 55
112 24
112 49
112 26
112 4
112 32
112 58
112 9
112 13
112 39
112 11
112 5
112 6
112 30
112 46
113 139
113 145
113 136
113 134
113 135
113 144
113 140
113 146
114 21
114 28
114 44
114 41
114 8
114 34
114 56
114 31
114 26
114 7
114 33
114 19
114 22
114 27
114 24
114 17
114 46
114 36
114 49
114 12
114 43
114 39
114 38
114 16
114 6
114 2
114 25
114 48
114 51
114 3
114 42
114 52
114 18
114 14
114 35
114 5
115 16
115 18
115 59
115 26
115 37
115 33
115 6
115 36
115 24
115 61
115 21
115 12
115 32
115 56
115 38
115 9
115 41
115 23
115 65
115 62
115 14
115 54
115 68
115 50
115 66
115 51
115 45
115 28
115 48
115 30
115 49
115 40
115 17
115 7
115 20
115 27
115 43
115 53
117 30
117 42
117 14
117 50
117 16
117 8
117 44
117 43
117 49
117 24
117 17
117 3
117 28
117 39
117 12
117 52
117 6
117 41
117 53
117 38
117 26
117 56
117 55
117 22
117 13
117 5
117 36
117 32
117 37
117 31
117 35
117 45
117 54
117 25
117 59
117 46
117 47
117 40
117 10
117 60
118 64
118 66
119 59
119 63
119 64
119 62
120 97
121 21
121 30
121 23
121 22
121 26
121 25
121 27
121 29
122 46
122 78
122 89
122 24
122 5
122 57
122 41
122 35
122 22
122 80
122 77
122 40
122 28
122 34
122 72
122 10
122 94
122 31
122 7
122 39
122 93
122 45
122 91
122 37
122 9
122 59
122 84
122 36
122 18
122 55
122 14
122 38
122 87
122 27
122 64
122 29
122 83
122 73
122 60
122 92
122 63
122 32
122 56
122 50
122 33
122 95
122 65
122 13
122 48
122 96
122 85
122 79
122 90
122 81
122 74
122 23
122 15
122 70
122 25
122 21
122 52
122 47
123 61
123 66
123 64
123 65
123 60
123 62
124 160
124 166
124 164
124 167
125 20
125 16
125 18
125 22
125 13
125 15
125 14
125 17
126 102
126 108
126 92
126 109
126 99
126 95
126 111
126 96
126 110
126 112
126 94
127 121
127 106
127 109
127 132
127 125
127 123
127 131
127 130
127 111
127 119
127 117
127 108
127 135
127 129
127 114
127 107
127 115
127 120
127 126
127 110
127 137
128 109
128 113
128 112
128 123
128 163
128 132
128 142
128 140
128 156
128 126
128 106
128 114
128 158
128 162
128 111
128 127
128 134
128 120
128 108
128 122
128 144
128 152
128 125
128 154
128 164
128 115
128 146
128 157
128 131
128 135
128 143
128 155
128 116
128 149
128 136
128 161
129 124
129 122
129 123
129 126
130 132
130 100
130 91
130 128
130 141
130 114
130 129
130 97
130 143
130 145
130 127
130 105
130 146
130 139
130 95
130 111
130 107
130 113
130 137
130 136
130 119
130 101
130 125
130 110
130 120
130 151
130 149
130 115
130 140
130 124
130 123
130 98
130 96
130 109
130 122
130 134
130 116
130 152
131 96
131 66
131 65
131 121
131 75
131 136
131 138
131 110
131 113
131 124
131 77
131 140
131 125
131 85
131 114
131 73
131 84
131 61
131 52
131 79
131 57
131 88
131 89
131 81
131 143
131 64
131 90
131 139
131 74
131 71
131 67
131 69
131 62
131 112
131 123
131 86
131 70
131 76
131 99
131 98
131 50
131 82
131 56
131 87
131 103
131 141
132 48
132 56
132 52
132 51
132 58
132 59
132 50
132 57
132 54
133 138
133 136
134 55
134 142
134 59
134 57
134 50
134 110
134 96
134 102
134 89
134 132
134 126
134 63
134 99
134 94
134 54
134 76
134 90
134 84
134 106
134 64
134 105
134 73
134 79
134 117
134 86
134 91
134 71
134 95
134 121
134 56
134 77
134 124
134 108
134 141
134 113
134 52
134 70
134 82
134 144
134 136
134 49
134 131
134 74
134 60
134 139
134 143
134 122
134 88
134 115
134 62
134 133
134 104
134 53
134 109
134 87
134 48
134 140
135 70
135 69
135 58
135 88
135 79
135 65
135 66
135 62
135 75
135 64
135 78
135 96
135 92
135 105
135 57
135 95
135 63
135 60
136 153
136 146
136 151
136 150
136 144
136 142
136 155
136 143
136 154
136 147
136 152
137 13
137 15
137 11
137 14
137 18
137 16
138 144
138 143
138 154
138 151
138 135
138 153
138 152
138 136
138 132
138 140
138 148
138 137
138 142
138 149
138 145
138 147
138 133
139 121
139 93
139 116
139 126
139 110
139 103
139 112
139 88
139 96
139 101
139 117
139 107
140 156
140 153
140 162
140 164
140 163
140 157
140 152
140 159
140 158
140 161
140 160
140 165
140 148
141 153
141 146
141 152
141 155
141 154
141 143
141 151
141 145
141 149
142 42
142 48
143 70
143 57
143 59
143 52
143 60
143 41
143 64
143 62
143 65
143 43
144 134
144 127
144 133
144 130
144 128
144 131
144 132
144 126
144 124
144 123
145 40
145 51
145 46
145 50
145 66
145 43
145 57
145 62
145 67
145 64
145 42
145 39
145 44
145 61
145 58
145 45
145 65
145 38
145 60
145 56
146 92
146 79
146 82
146 65
146 78
146 76
146 67
146 72
146 91
146 85
146 64
146 69
146 90
146 61
146 77
146 60
146 75
146 88
146 74
146 81
146 84
146 86
147 157
147 160
147 161
147 156
147 159
147 141
148 167
148 170
148 169
149 20
149 17
149 18
149 21
150 145
150 128
150 135
150 136
150 143
150 130
150 138
150 127
150 126
150 137
150 131
150 129
150 139
151 156
151 155
152 140
152 133
152 137
152 135
152 136
152 126
152 128
152 132
152 142
153 152
153 144
153 142
153 143
153 131
153 141
153 136
153 140
153 134
153 150
153 146
153 151
154 36
154 98
154 120
154 46
154 111
154 109
154 58
154 125
154 96
154 76
154 40
154 57
154 72
154 65
154 103
154 71
154 28
154 117
154 123
154 129
154 39
154 81
154 11
154 12
154 59
154 128
154 53
154 67
154 119
154 82
154 25
154 48
154 106
154 90
154 47
154 91
154 122
154 83
154 126
154 27
154 60
154 63
154 35
154 14
154 22
154 121
154 55
154 41
154 114
154 69
154 61
154 51
154 23
154 49
154 64
154 84
154 86
154 43
154 66
154 100
154 15
154 37
154 30
154 108
154 34
154 89
154 54
154 18
154 94
154 130
154 78
154 52
154 105
154 99
154 80
154 112
154 50
154 77
154 104
154 62
154 79
158 62
158 71
158 60
158 108
158 68
158 64
158 49
158 26
158 25
158 41
158 52
158 82
158 44
158 28
158 61
158 45
158 79
158 80
158 84
158 63
158 93
158 83
158 35
158 29
158 100
158 72
158 66
158 42
158 85
158 58
158 47
158 89
158 78
158 69
158 57
158 37
158 111
158 77
158 67
158 102
158 56
158 59
158 105
158 96
158 33
158 90
158 38
158 86
158 81
158 92
158 50
158 48
158 101
159 151
159 156
159 152
159 146
159 147
159 148
159 145
159 155
160 141
160 143
160 142
161 105
161 106
161 101
161 103
161 95
161 102
161 98
162 96
162 75
162 77
162 87
162 74
162 90
162 89
162 67
162 78
162 102
162 91
162 95
162 80
162 85
162 84
162 73
162 64
162 61
162 70
162 105
162 100
162 82
162 99
162 93
163 168
164 18
164 20
164 5
164 6
164 11
164 9
164 7
164 8
164 21
164 10
164 13
164 2
165 169
165 168
166 49
166 57
166 80
166 92
166 61
166 58
166 54
166 64
166 71
166 65
166 68
166 93
166 51
166 89
166 44
166 73
166 59
166 70
166 90
166 81
166 83
166 52
166 76
166 91
166 85
166 75
166 56
166 78
166 55
166 94
166 47
166 82
166 77
167 105
167 110
167 88
167 57
167 63
167 62
167 42
167 106
167 67
167 108
167 75
167 100
167 54
167 109
167 52
167 66
167 41
167 55
167 44
167 99
167 71
167 59
167 40
167 56
167 90
167 103
167 104
167 61
167 107
167 111
168 121
168 72
168 36
168 34
168 85
168 53
168 20
168 61
168 56
168 57
168 12
168 107
168 54
168 32
168 42
168 58
168 118
168 22
168 26
168 96
168 78
168 46
168 39
168 41
168 99
168 16
168 19
168 29
168 52
168 103
168 60
168 88
168 69
168 120
168 47
168 106
168 75
168 37
168 13
168 49
168 17
168 109
168 51
168 23
168 116
168 14
168 28
168 33
168 27
168 64
168 35
168 44
168 31
168 25
168 65
169 168
169 165
170 75
170 57
170 56
170 31
170 59
170 37
170 34
170 52
170 36
170 44
170 40
170 60
170 38
170 54
170 55
170 45
170 62
170 41
170 67
170 47
170 71
170 64
170 33
170 53
170 46
170 49
170 68
170 50
170 35
170 43
171 17
171 8
171 10
171 18
171 11
171 14
171 20
172 55
172 50
172 52
1 152
1 141
1 147
1 133
1 142
1 145
1 139
1 144
1 132
1 151
1 137
1 130
1 143
1 134
1 154
1 138
1 140
1 150
1 155
1 146
2 109
2 142
2 139
2 70
2 64
2 71
2 134
2 89
2 84
2 102
2 131
2 122
2 69
2 103
2 60
2 125
2 111
2 100
2 108
2 119
2 85
2 121
2 107
2 130
2 83
2 96
2 117
2 126
2 90
2 97
2 128
2 133
2 78
2 81
2 137
2 112
2 92
2 123
2 93
2 82
2 127
2 67
2 63
2 68
2 129
2 66
2 135
3 170
3 169
4 137
4 132
4 133
4 134
4 122
4 145
4 141
4 127
4 135
4 138
4 147
4 126
4 130
4 154
4 125
6 41
6 43
6 42
6 34
6 38
6 40
7 57
7 54
8 166
8 153
8 157
8 155
8 164
8 169
8 168
8 158
8 154
9 19
9 23
9 18
9 1
9 20
9 5
9 17
9 15
9 11
9 13
9 14
9 7
9 8
9 21
9 2
10 26
10 24
10 25
11 137
12 150
12 141
12 135
12 154
12 153
12 138
12 121
12 139
12 132
12 117
12 128
12 134
12 152
12 149
13 40
13 43
13 48
13 29
13 34
13 41
13 42
13 47
13 30
13 44
13 36
13 31
13 38
13 45
13 46
15 144
15 117
15 109
15 118
15 158
15 113
15 111
15 136
16 88
16 77
16 79
16 72
16 90
16 84
16 86
16 85
16 89
16 68
16 82
16 81
16 78
16 70
16 69
16 93
17 90
17 86
17 100
17 97
17 115
17 82
17 98
17 101
17 104
17 89
17 113
17 94
17 119
17 84
17 118
17 105
17 103
17 106
17 111
17 120
17 91
17 83
17 112
17 95
17 99
17 102
17 87
18 43
18 41
18 37
18 39
18 34
18 36
18 47
18 45
18 42
18 35
18 49
19 162
19 164
19 156
19 163
19 159
19 157
20 113
20 100
20 116
20 108
20 115
21 13
21 15
22 36
22 29
22 34
22 41
22 37
22 86
22 63
22 74
22 59
22 46
22 61
22 91
22 54
22 28
22 51
22 33
22 48
22 81
22 26
22 42
22 24
22 31
22 35
22 39
22 40
22 30
22 43
22 89
22 75
22 88
23 115
23 111
23 101
23 114
23 117
23 103
23 122
23 125
23 104
23 105
23 106
23 124
23 102
23 108
23 118
23 123
23 109
23 116
24 117
24 110
24 122
24 126
24 115
24 107
24 120
24 127
24 118
24 121
24 131
24 132
24 124
24 112
24 125
24 128
24 109
25 76
25 37
25 62
25 117
25 116
25 92
25 74
25 30
25 81
25 28
25 85
25 78
25 96
25 34
25 60
25 103
25 114
25 100
25 38
25 32
25 82
25 35
25 99
25 27
25 43
25 88
25 112
25 46
25 31
25 86
25 54
25 91
25 64
25 75
25 45
25 97
25 104
25 84
25 80
25 49
25 102
25 59
26 49
26 63
26 53
26 62
26 57
26 41
26 54
26 51
26 50
26 59
26 58
26 52
27 141
27 149
27 150
27 145
27 152
27 139
27 153
27 151
27 140
27 142
27 147
28 15
28 21
28 17
28 14
28 19
28 18
28 16
29 144
29 111
29 159
29 156
29 116
29 152
29 140
29 142
29 121
29 133
29 109
29 145
29 108
29 151
29 138
29 157
29 153
29 126
29 120
29 147
29 123
29 150
29 132
29 135
29 118
29 115
29 122
29 114
29 117
29 143
29 129
32 119
32 116
32 44
32 121
32 70
32 71
32 53
32 41
32 86
32 57
32 97
32 106
32 108
32 40
32 103
32 62
32 141
32 52
32 127
32 50
32 138
32 107
32 59
32 79
32 68
32 102
32 49
32 61
32 35
32 34
32 46
32 83
32 93
32 36
32 118
32 38
32 43
32 55
32 60
32 65
33 166
33 157
33 149
33 165
33 162
33 153
33 167
33 150
33 164
33 159
34 148
34 149
36 42
36 41
36 30
36 32
36 38
36 40
36 39
36 33
36 35
37 66
37 61
37 81
37 75
37 73
37 65
37 63
37 69
37 71
37 72
38 66
38 21
38 60
38 75
38 48
38 111
38 129
38 126
38 22
38 42
38 113
38 90
38 61
38 69
38 4
38 51
38 119
38 89
38 135
38 106
38 80
38 82
38 64
38 122
38 134
38 14
38 123
38 85
38 107
38 45
38 43
38 79
38 116
38 101
38 63
38 50
38 94
38 67
38 93
38 9
38 18
38 62
38 47
38 100
38 120
38 16
38 95
38 103
38 32
38 24
38 58
38 49
38 86
38 34
38 87
38 109
38 41
38 57
38 99
38 125
38 127
38 17
38 27
38 92
38 81
38 97
38 131
38 118
38 54
38 28
38 26
38 136
38 31
38 117
38 124
38 59
38 15
39 101
39 119
39 112
39 105
39 109
39 125
39 108
39 121
39 116
39 118
39 115
39 111
39 107
39 100
39 103
39 114
40 71
41 23
41 24
41 26
41 22
42 73
42 113
42 24
42 71
42 70
42 93
42 79
42 28
42 104
42 54
42 29
42 101
42 105
42 92
42 66
42 61
42 77
42 31
42 83
42 59
42 50
42 94
42 97
42 112
42 110
42 88
42 91
42 62
42 99
42 109
42 45
42 67
42 39
42 96
42 32
42 47
42 56
42 74
42 22
42 63
42 65
42 38
42 60
42 98
42 103
42 111
42 85
42 51
42 72
42 23
42 44
42 87
43 95
43 69
43 133
43 28
43 79
43 39
43 57
43 108
43 48
43 29
43 120
43 55
43 129
43 116
43 125
43 113
43 114
43 70
43 136
43 101
43 35
43 99
43 112
43 80
43 105
43 92
43 82
43 87
43 45
43 88
43 32
43 84
43 81
43 59
43 97
43 26
43 122
43 30
43 90
43 102
43 89
43 77
43 130
43 104
43 52
43 94
43 107
43 121
43 33
43 119
43 34
43 51
43 73
43 115
43 131
43 38
43 71
43 106
43 66
43 128
43 124
43 83
43 76
43 72
43 50
43 110
43 58
44 135
44 153
44 124
44 125
44 141
44 152
44 149
44 147
44 151
44 126
44 160
44 137
44 148
44 131
44 158
44 143
44 146
44 127
44 108
44 140
44 123
44 133
44 112
44 132
44 129
44 138
44 159
44 134
44 156
44 142
44 115
45 117
45 115
45 121
45 125
45 122
45 119
45 113
46 107
46 96
46 116
46 112
46 106
46 124
46 108
47 79
47 71
47 59
47 87
47 67
47 36
47 49
47 50
47 41
47 39
47 42
47 43
47 70
47 34
47 27
47 54
47 24
47 51
47 37
47 53
47 31
47 66
47 88
47 76
47 85
47 84
47 63
47 60
47 80
47 78
47 91
47 33
47 89
47 93
47 73
47 57
47 35
47 65
47 29
47 30
47 62
47 56
47 52
47 44
48 59
48 41
48 66
48 52
48 81
48 74
48 87
48 76
48 45
48 70
48 75
48 64
48 88
48 85
48 60
48 47
48 69
48 78
48 68
48 61
48 65
48 72
48 54
48 46
48 83
48 82
48 56
48 57
49 81
49 63
49 76
49 67
49 62
49 29
49 25
49 107
49 94
49 45
49 52
49 93
49 72
49 68
49 77
49 37
49 82
49 73
49 65
49 89
49 34
49 58
49 57
49 66
49 113
49 78
49 83
49 46
49 51
49 42
49 23
49 84
49 31
49 60
49 56
49 112
49 69
49 27
49 105
49 90
49 114
49 108
49 102
49 40
49 116
49 39
49 117
49 55
49 24
49 111
49 109
49 70
49 75
49 87
49 41
49 86
50 95
50 91
50 96
50 88
50 92
50 93
51 71
51 60
51 58
51 62
51 90
51 55
51 59
51 72
51 91
51 61
51 93
51 53
51 66
51 97
51 57
52 159
53 26
53 22
53 36
53 25
54 122
54 118
55 28
55 29
56 75
56 146
56 159
56 160
56 81
56 71
56 123
56 106
56 67
56 168
56 145
56 82
56 154
56 117
56 73
56 144
56 152
56 138
56 76
56 63
56 86
56 155
56 162
56 104
56 99
56 140
56 87
56 83
56 84
56 85
56 111
56 156
56 150
56 108
56 136
56 98
56 97
56 137
56 139
56 149
56 70
56 95
56 109
56 167
56 107
56 120
56 101
56 114
56 66
56 121
56 135
56 69
56 102
56 103
56 163
56 110
56 151
56 157
56 132
56 64
56 119
56 158
56 148
56 89
56 113
57 31
57 29
57 36
57 34
57 40
57 35
57 38
57 37
58 93
58 73
58 72
58 40
58 87
58 92
58 105
58 48
58 60
58 102
58 76
58 62
58 65
58 109
58 67
58 44
58 39
58 108
58 99
58 84
58 78
58 45
58 49
58 56
58 38
58 52
58 85
58 61
58 98
58 89
58 103
58 74
58 80
58 54
58 83
58 53
58 68
58 90
58 41
58 37
58 81
58 75
58 101
58 66
58 86
58 43
59 151
59 146
59 150
59 147
59 152
59 153
59 149
61 129
61 101
61 104
61 121
61 128
61 127
61 142
61 126
61 98
61 99
61 124
61 131
62 10
62 24
62 32
62 34
62 17
62 6
62 15
62 13
62 33
62 37
62 40
62 8
62 18
62 23
62 22
62 20
62 25
62 39
62 31
62 41
62 35
62 4
62 38
62 26
64 103
64 106
64 112
67 42
67 44
68 157
68 124
68 149
68 110
68 159
68 136
68 137
68 138
68 122
68 128
68 125
68 114
68 119
68 155
68 121
68 140
68 118
68 133
68 150
68 126
68 154
68 131
68 158
68 139
68 135
68 123
68 112
68 129
68 116
69 102
69 83
69 98
69 89
69 88
69 96
69 86
69 94
69 99
69 92
69 95
69 90
69 87
70 160
71 109
71 97
71 128
71 131
71 106
71 134
71 146
71 144
71 140
71 132
71 107
71 138
71 142
71 137
71 99
71 112
72 170
72 166
72 169
72 165
73 85
73 88
73 91
73 87
73 82
73 90
73 89
74 115
74 83
74 117
74 86
74 97
74 103
74 95
74 88
74 99
74 112
74 119
74 106
74 102
74 107
74 100
74 96
74 101
74 93
74 111
74 94
74 134
74 92
74 84
74 91
74 90
74 85
74 120
74 87
74 126
74 128
74 98
74 105
75 149
75 129
75 142
75 159
75 140
75 128
75 153
75 150
75 146
75 156
75 148
75 145
75 161
75 135
75 124
76 147
76 151
76 148
76 154
76 155
78 80
78 70
78 82
78 73
78 75
78 76
78 71
78 66
78 69
78 74
78 72
79 86
80 61
80 62
80 70
80 40
80 55
80 65
80 34
80 49
80 64
80 67
80 30
80 36
80 50
80 68
80 57
80 48
80 33
80 72
80 59
80 54
80 63
80 52
80 73
80 31
80 69
80 56
81 63
81 74
81 76
81 64
81 67
81 65
81 72
82 155
82 156
82 162
82 160
82 159
84 132
84 131
84 123
84 133
84 127
84 126
84 130
84 134
84 124
84 129
86 76
86 61
86 65
86 85
86 84
86 62
86 80
86 67
86 101
86 74
86 102
87 142
87 139
87 131
87 143
87 137
87 134
87 141
87 136
87 120
87 129
87 154
87 123
87 116
87 125
87 148
87 117
87 132
87 127
87 126
87 122
87 121
87 133
87 124
88 53
88 26
88 21
88 40
88 14
88 25
89 127
89 79
89 54
89 109
89 92
89 122
89 111
89 74
89 98
89 96
89 124
89 100
89 129
89 97
89 55
89 56
89 108
89 60
89 76
90 152
91 157
91 159
91 155
91 160
91 156
92 25
92 26
92 27
92 22
92 18
92 19
92 28
92 21
93 89
93 79
93 90
93 101
93 75
93 95
93 117
93 74
93 98
93 105
93 112
93 99
93 116
93 100
93 113
93 84
93 81
93 114
93 86
93 109
93 104
93 78
93 77
93 110
93 106
93 103
93 102
93 91
94 60
94 61
94 46
94 48
94 59
94 67
94 55
94 64
94 63
94 51
94 50
94 49
94 47
94 66
94 54
94 52
95 63
95 89
95 69
95 65
95 52
95 61
95 75
95 54
95 50
95 40
95 57
95 74
95 37
95 68
95 91
95 48
95 36
95 38
95 78
95 49
95 83
95 60
95 70
95 46
96 89
96 88
96 67
96 85
96 83
96 90
96 91
96 84
96 69
96 75
96 78
96 92
96 82
96 93
96 55
97 65
97 57
97 71
97 73
97 49
97 72
97 80
97 68
97 75
97 77
98 146
98 115
98 137
98 132
98 119
98 114
98 141
98 117
98 142
98 118
98 131
98 149
98 144
98 121
98 138
98 129
98 148
98 128
98 125
98 123
98 127
99 129
99 144
99 108
99 122
99 115
99 119
99 121
99 117
99 110
99 111
99 109
99 114
99 146
99 133
99 126
99 130
99 131
99 132
99 113
99 124
100 35
100 26
100 56
100 37
100 52
100 27
100 33
100 55
100 29
100 42
100 31
100 47
100 49
100 39
100 43
100 51
100 40
100 28
100 34
100 30
100 44
100 54
101 172
101 164
101 162
101 157
101 159
101 161
101 168
101 158
101 170
101 165
101 156
101 153
101 155
102 157
102 149
102 151
102 159
102 162
102 161
102 163
102 154
102 156
102 153
104 140
104 139
104 154
104 136
104 137
104 128
104 164
104 143
104 151
104 168
104 133
104 141
104 152
104 149
104 130
104 167
104 169
104 160
104 156
104 166
105 46
105 42
105 41
106 165
106 139
106 156
106 157
106 133
106 137
106 141
106 135
106 162
106 152
106 167
106 149
106 138
106 168
106 161
106 164
106 147
106 163
106 130
106 136
106 153
106 160
106 142
106 140
106 128
106 129
107 145
107 147
107 151
107 148
108 49
108 54
108 48
108 46
108 44
109 165
109 140
109 146
109 157
109 150
109 159
109 162
109 151
109 147
109 144
109 163
109 164
109 156
109 158
109 153
109 142
109 149
110 127
110 115
110 123
110 128
110 126
110 124
110 116
110 118
111 166
111 169
111 170
112 101
112 81
112 107
112 104
112 103
112 66
112 95
112 78
112 56
112 99
112 105
112 75
112 68
112 60
112 48
112 40
112 82
112 102
112 72
112 79
112 41
112 96
112 91
112 61
112 51
112 71
112 98
112 77
112 89
112 43
112 70
112 85
112 37
112 87
112 94
112 88
112 65
112 29
112 90
113 108
113 109
114 111
114 134
114 93
114 95
114 64
114 74
114 124
114 78
114 90
114 75
114 85
114 66
114 82
114 126
114 92
114 96
114 110
114 105
115 139
115 128
115 121
115 130
115 124
115 133
115 120
116 87
116 106
116 130
116 114
116 119
116 149
116 122
116 98
116 131
116 132
116 91
116 80
116 138
116 88
116 123
116 104
116 111
116 129
116 105
116 141
116 78
116 89
116 93
116 83
116 81
116 125
116 82
116 100
116 140
116 101
116 134
116 124
116 142
116 99
116 103
116 120
116 107
116 115
116 118
116 94
116 135
116 112
117 97
117 115
117 101
117 94
117 98
117 96
117 102
117 89
117 109
117 119
117 104
117 91
117 108
117 113
117 105
117 93
117 114
117 103
117 92
117 95
117 122
117 120
117 99
118 47
118 43
118 51
118 50
118 65
118 52
118 54
118 42
118 59
118 67
118 62
118 55
118 60
118 56
118 45
119 130
119 128
119 127
120 122
120 123
120 125
120 127
121 84
121 99
121 58
121 88
121 83
121 81
121 94
121 61
121 102
121 92
121 80
121 75
121 91
121 95
121 101
121 78
121 85
121 72
121 65
121 103
121 100
121 98
121 67
121 77
121 79
122 168
122 162
122 159
122 170
122 163
122 164
122 171
122 156
122 155
122 166
122 169
123 135
123 150
123 143
123 144
123 142
123 156
123 137
123 141
123 149
123 147
123 146
123 153
123 155
123 157
123 152
124 153
124 129
124 152
124 111
124 106
124 104
124 143
124 115
124 114
124 101
124 113
124 131
124 96
124 137
124 103
124 102
124 138
124 141
124 130
124 148
124 91
124 95
124 139
124 144
124 121
124 117
124 150
124 92
124 120
124 94
124 100
124 99
124 112
124 126
124 133
124 132
124 98
124 97
124 145
124 135
125 118
125 143
125 115
125 111
125 127
125 130
125 121
125 144
125 136
127 144
127 142
127 151
127 153
127 143
127 140
127 147
127 148
127 150
127 157
127 154
128 49
128 51
128 60
128 70
128 66
128 65
128 77
128 61
128 56
128 75
128 58
128 62
128 54
128 73
128 64
128 47
128 72
128 69
128 71
128 63
128 52
129 120
129 118
129 112
129 138
129 127
129 108
129 116
129 106
129 117
129 136
129 121
129 114
129 111
129 128
129 137
129 110
129 142
129 135
129 141
129 105
129 145
129 134
129 104
130 43
131 83
132 84
132 81
132 76
132 80
132 83
133 92
133 123
133 146
133 153
133 139
133 120
133 99
133 81
133 145
133 118
133 89
133 149
133 94
133 112
133 104
133 137
133 107
133 121
133 88
133 98
133 111
133 140
133 122
133 106
133 131
133 83
133 126
133 127
133 113
133 144
133 117
133 102
133 110
133 90
133 154
133 109
133 86
133 84
133 97
133 150
133 143
134 41
134 42
135 33
135 25
135 27
135 28
135 26
135 35
136 97
136 79
136 88
136 94
136 82
136 81
136 85
136 87
136 76
137 162
137 163
137 143
137 157
137 156
137 152
137 164
137 147
137 158
137 149
137 159
137 146
137 155
137 154
137 142
138 170
138 168
138 171
138 163
139 165
139 125
139 164
139 162
139 153
139 149
139 132
139 146
139 148
139 147
139 160
139 161
139 152
139 156
139 142
139 150
139 135
139 144
139 154
140 101
140 84
140 102
140 104
140 88
140 67
140 81
140 97
140 70
140 99
140 87
140 78
140 92
140 82
140 106
140 105
140 86
140 95
140 77
140 63
140 72
140 73
140 69
140 93
140 89
140 76
140 85
140 80
141 167
142 152
142 154
142 153
142 145
142 148
142 151
142 149
143 79
143 103
143 109
143 99
143 104
143 93
143 91
143 78
143 126
143 121
143 117
143 90
143 122
143 87
143 133
143 100
143 116
143 89
143 102
143 84
143 101
143 136
143 120
143 113
143 114
143 140
143 129
143 94
143 131
143 124
143 86
143 134
143 135
143 92
143 119
143 130
143 108
144 117
144 110
144 137
144 111
144 107
144 141
144 125
144 143
144 119
144 136
144 113
144 139
144 109
144 138
144 114
144 108
144 150
144 122
144 151
145 20
145 28
145 17
145 29
145 72
145 84
145 63
145 54
145 88
145 95
145 113
145 81
145 112
145 89
145 52
145 53
145 116
145 35
145 76
145 55
145 18
145 78
145 93
145 32
145 79
145 94
145 111
145 96
145 85
145 47
145 21
145 83
145 77
145 59
145 97
145 30
145 70
145 49
145 110
145 74
145 114
145 68
145 91
145 41
145 80
145 27
145 16
145 117
145 105
145 73
145 86
146 108
146 89
146 98
146 97
146 99
146 101
146 107
146 102
146 96
147 118
147 121
147 126
147 135
147 134
147 117
147 144
147 128
147 127
148 111
148 114
148 112
148 115
148 113
149 160
149 164
149 165
149 159
149 161
149 151
149 148
150 31
150 35
150 30
150 33
151 89
151 69
151 90
151 79
151 68
151 75
151 83
151 82
152 83
152 86
152 85
152 97
152 91
152 99
152 96
152 93
152 90
152 87
152 92
152 84
152 88
153 125
153 93
153 124
153 109
153 116
153 101
153 126
153 128
153 138
153 122
153 104
153 103
153 133
153 121
153 113
153 120
153 123
153 100
153 127
154 118
154 95
154 97
154 124
154 93
154 102
154 116
154 85
154 107
154 113
154 101
154 88
154 87
154 115
155 53
155 50
155 19
155 37
155 38
155 69
155 107
155 18
155 54
155 73
155 52
155 36
155 83
155 28
155 23
155 87
155 31
155 65
155 39
155 40
155 93
155 97
155 85
155 90
155 60
155 59
155 16
155 109
155 92
155 74
155 91
155 71
155 94
155 27
155 32
155 48
155 103
155 47
155 24
155 51
155 46
155 81
155 84
155 95
155 102
155 96
155 22
155 49
155 66
155 105
155 63
155 57
155 20
155 100
155 104
155 88
155 34
155 30
155 61
156 19
156 57
156 16
156 91
156 25
156 68
156 50
156 65
156 46
156 14
156 30
156 28
156 59
156 56
156 36
156 33
156 12
156 29
156 70
156 35
156 34
156 44
156 23
156 27
156 63
156 37
156 71
156 84
156 41
156 47
156 88
156 26
156 38
156 18
156 78
156 60
156 69
156 54
156 72
156 31
156 11
156 45
156 67
156 48
156 82
156 58
156 73
156 55
156 75
156 74
156 22
157 67
158 76
158 73
158 74
159 100
159 102
159 124
159 126
159 139
159 86
159 118
159 130
159 96
159 121
159 137
159 128
159 114
159 117
159 125
159 123
159 131
159 92
159 138
159 110
159 97
159 120
159 99
159 85
159 129
159 141
159 87
159 112
159 88
159 91
160 153
160 145
160 139
160 144
160 147
160 154
160 140
162 154
162 159
162 152
162 144
162 136
162 142
162 138
162 156
162 155
162 151
162 135
162 139
162 147
162 133
162 143
162 164
162 137
162 131
162 134
162 146
162 149
162 140
162 129
162 150
163 156
163 152
163 157
163 154
163 137
163 141
163 139
163 134
163 143
163 148
163 158
163 138
163 142
163 151
163 135
163 145
163 153
164 152
164 158
164 151
164 166
164 162
164 156
164 150
164 161
164 159
164 154
164 171
164 172
164 170
165 54
165 52
165 56
165 58
165 53
167 45
167 38
167 49
167 48
167 39
167 47
167 53
167 43
167 51
167 37
168 55
168 50
169 141
169 146
169 153
169 145
169 147
169 144
169 152
169 151
169 154
169 142
169 157
170 63
170 70
170 76
170 65
170 72
170 73
171 104
171 105
171 109
171 108
172 92
172 91
172 85
2 62
2 61
4 169
4 172
4 170
5 7
5 10
5 17
5 16
5 9
5 12
5 11
5 8
5 14
5 22
5 21
5 24
7 113
7 102
7 106
7 99
7 100
7 105
7 107
7 108
7 109
7 110
7 111
7 114
9 28
9 27
10 34
10 63
10 40
10 18
10 49
10 79
10 42
10 50
10 22
10 70
10 35
10 80
10 73
10 48
10 16
10 37
10 29
10 66
10 57
10 33
10 17
10 60
10 53
10 61
10 47
10 44
10 31
10 15
10 69
10 46
10 59
10 75
10 28
10 55
10 51
11 37
11 38
12 156
12 155
13 82
13 81
13 85
13 84
14 75
14 7
14 41
14 71
14 37
14 76
14 10
14 51
14 21
14 11
14 66
14 20
14 36
14 69
14 55
14 62
14 77
14 68
14 49
14 64
14 19
14 63
14 72
14 65
14 74
14 67
15 32
15 61
15 50
15 52
15 83
15 85
15 80
15 34
15 88
15 98
15 89
15 71
15 72
15 96
15 90
15 70
15 20
15 68
15 76
15 17
15 95
15 64
15 59
15 69
15 93
15 62
15 99
15 35
15 73
15 87
15 24
15 92
15 66
16 94
16 99
16 100
16 75
16 76
16 60
16 102
16 52
16 66
16 58
16 61
16 96
16 55
16 62
16 64
16 103
16 98
16 83
16 97
16 47
16 71
16 57
16 67
16 65
16 38
16 54
16 51
16 49
16 56
17 138
17 142
17 144
17 148
17 160
17 151
17 143
17 157
17 161
17 165
17 136
17 135
17 153
17 156
17 164
17 162
17 158
17 159
17 133
17 146
17 139
17 145
17 134
19 152
19 160
19 166
19 158
19 161
20 71
20 95
20 79
20 101
20 84
20 75
20 77
20 65
20 72
20 81
21 154
21 140
21 153
21 141
21 127
21 132
21 123
21 122
21 157
21 139
21 151
21 124
21 133
21 137
21 128
21 129
21 144
21 138
21 149
21 147
21 136
21 121
23 113
23 134
23 139
23 93
23 110
23 88
23 140
23 107
23 160
23 146
23 131
23 91
23 98
23 89
23 144
23 130
23 99
23 143
23 119
23 158
23 151
23 133
23 156
23 150
23 120
23 135
23 136
23 152
23 94
23 154
23 161
23 157
23 129
23 159
23 92
24 76
24 113
24 96
24 73
24 80
24 84
24 77
24 123
24 98
24 88
24 101
24 85
24 93
24 114
24 86
24 111
24 87
24 91
24 129
24 100
24 116
24 79
24 90
24 106
24 74
25 111
26 60
26 71
26 55
26 65
26 75
26 68
26 73
26 78
26 79
26 64
26 61
26 82
26 56
26 77
26 67
26 66
27 143
27 144
27 146
28 144
28 149
28 171
28 155
28 152
28 153
28 154
28 167
28 168
28 157
28 170
28 163
28 161
28 162
28 140
28 159
