186 4943
1 2
2 3
3 4
4 5
5 6
6 7
7 8
8 9
9 10
10 11
11 12
12 13
13 14
14 15
15 16
16 17
17 18
18 19
19 20
20 21
21 22
22 23
23 24
24 25
25 26
26 27
27 28
28 29
29 30
30 31
31 32
32 33
33 34
34 35
35 36
36 37
37 38
38 39
39 40
40 41
41 42
42 43
43 44
44 45
45 46
46 47
47 48
48 49
49 50
50 51
51 52
52 53
53 54
54 55
55 56
56 57
57 58
58 59
59 60
60 61
61 62
62 63
63 64
64 65
65 66
66 67
67 68
68 69
69 70
70 71
71 72
72 73
73 74
74 75
75 76
76 77
77 78
78 79
79 80
80 81
81 82
82 83
83 84
84 85
85 86
86 87
87 88
88 89
89 90
90 91
91 92
92 93
93 94
94 95
95 96
96 97
97 98
98 99
99 100
100 101
101 102
102 103
103 104
104 105
105 106
106 107
107 108
108 109
109 110
110 111
111 112
112 113
113 114
114 115
115 116
116 117
117 118
118 119
119 120
120 121
121 122
122 123
123 124
124 125
125 126
126 127
127 128
128 129
129 130
130 131
131 132
132 133
133 134
134 135
135 136
136 137
137 138
138 139
139 140
140 141
141 142
142 143
143 144
144 145
145 146
146 147
147 148
148 149
149 150
150 151
151 152
152 153
153 154
154 155
155 156
156 157
157 158
158 159
159 160
160 161
161 162
162 163
163 164
164 165
165 166
166 167
167 168
168 169
169 170
170 171
171 172
172 173
173 174
174 175
175 176
176 177
177 178
178 179
179 180
180 181
181 182
182 183
183 184
184 185
185 186
186 1
1 163
1 162
1 164
1 160
1 165
1 158
2 137
2 135
2 142
2 138
2 145
2 141
2 144
3 113
3 117
5 178
5 171
5 177
5 168
5 169
5 166
5 172
5 164
5 174
5 170
6 36
6 32
6 39
6 30
6 33
6 27
6 34
6 31
6 26
6 38
6 41
7 163
7 140
7 138
7 124
7 136
7 167
7 158
7 160
7 127
7 129
7 146
7 162
7 121
7 175
7 156
7 149
7 133
7 123
7 152
7 166
7 151
7 114
7 155
7 148
7 172
7 171
7 131
7 128
7 120
7 125
7 169
7 154
7 132
7 117
7 165
7 173
7 159
7 113
7 174
8 96
8 102
8 95
8 104
8 107
8 110
8 94
8 99
8 103
8 97
8 101
9 59
9 26
9 42
9 39
9 22
9 27
9 41
9 54
9 60
9 25
9 29
9 53
9 65
9 62
9 71
9 51
9 18
9 30
9 46
9 45
9 66
9 43
9 58
9 35
9 49
9 47
9 72
9 55
9 48
9 61
9 57
9 32
9 15
9 74
9 19
9 38
9 40
9 64
9 24
9 21
10 102
10 96
10 97
10 85
10 112
10 105
10 98
10 100
10 93
10 108
10 90
10 88
10 103
10 107
10 110
10 106
10 94
10 104
11 136
11 141
11 142
11 147
11 146
11 143
11 145
11 144
11 164
11 161
11 137
11 154
11 163
11 153
11 149
11 159
11 155
11 156
11 138
12 130
12 129
12 120
12 122
12 116
12 127
12 123
12 121
12 124
12 119
12 128
13 120
13 102
13 154
13 104
13 156
13 99
13 92
13 118
13 149
13 169
13 127
13 158
13 155
13 148
13 91
13 159
13 130
13 123
13 114
13 146
13 109
13 96
13 174
13 103
13 160
13 152
13 112
13 116
13 143
13 115
13 166
13 125
13 121
13 88
13 98
13 119
13 97
13 157
13 167
13 145
13 175
13 164
13 132
13 129
13 153
13 131
13 137
13 139
13 165
13 162
13 106
13 150
13 128
13 95
14 12
14 17
14 10
14 18
14 32
14 21
14 20
14 24
14 13
14 27
14 31
14 11
14 28
15 178
15 177
15 180
15 181
16 151
16 159
16 125
16 134
16 163
16 143
16 164
16 138
16 135
16 144
16 131
16 141
16 157
16 154
16 160
16 166
16 156
16 146
16 132
16 158
16 149
16 137
16 155
16 167
16 128
16 130
16 145
16 126
17 69
17 67
17 49
17 43
17 64
17 60
17 47
17 52
17 44
17 51
17 65
17 61
17 46
17 50
17 53
17 68
17 54
18 33
18 32
18 34
18 36
18 38
18 40
19 27
19 18
19 34
19 29
19 24
19 21
19 15
19 39
19 37
19 22
19 17
19 33
19 42
19 41
19 40
19 38
19 30
20 86
20 90
20 111
20 99
20 76
20 84
20 91
20 82
20 96
20 80
20 77
20 83
20 88
20 103
20 108
20 107
20 102
20 109
20 110
20 101
20 79
20 104
20 105
20 78
21 178
21 180
21 176
21 183
21 179
21 174
22 172
22 166
22 151
22 155
22 158
22 152
22 174
22 163
22 167
22 156
22 148
22 165
22 162
22 150
22 160
22 154
22 171
23 145
23 118
23 180
23 162
23 132
23 135
23 179
23 122
23 149
23 184
23 130
23 157
23 143
23 141
23 144
23 160
23 133
23 167
23 129
23 165
23 127
23 175
23 131
23 121
23 142
23 125
23 173
23 158
23 172
23 138
23 171
23 153
23 137
23 128
23 155
23 178
23 139
23 164
23 161
23 147
23 176
23 136
24 70
24 110
24 55
24 78
24 116
24 53
24 106
24 126
24 77
24 141
24 64
24 72
24 87
24 142
24 66
24 63
24 135
24 138
24 57
24 79
24 130
24 120
24 134
24 151
24 76
24 82
24 54
24 139
24 109
24 91
24 59
24 67
24 133
24 113
24 80
24 150
24 117
24 115
24 99
24 88
24 68
24 56
24 93
24 71
24 156
24 85
24 90
24 84
24 146
24 69
24 101
24 114
24 60
24 121
24 124
24 104
24 98
24 155
24 136
24 108
24 73
24 129
24 89
24 158
24 112
24 97
24 111
25 117
25 119
26 86
26 90
26 80
26 85
26 84
26 82
26 83
26 89
27 179
27 177
27 175
27 178
28 160
28 171
28 126
28 164
28 159
28 125
28 146
28 150
28 166
28 144
28 152
28 120
28 135
28 149
28 133
28 142
28 151
28 138
28 141
28 156
28 122
28 124
28 127
28 162
28 158
28 155
28 154
28 172
28 168
28 137
28 131
28 165
28 136
28 118
29 131
29 154
29 147
29 127
29 103
29 115
29 85
29 123
29 100
29 116
29 95
29 118
29 128
29 83
29 151
29 121
29 111
29 86
29 136
29 99
29 125
29 120
29 75
29 132
29 96
29 91
29 79
29 114
29 94
29 89
29 82
29 129
29 146
29 108
29 84
29 135
29 140
29 122
29 117
29 97
29 130
29 149
29 81
29 104
30 83
30 89
30 34
30 55
30 68
30 105
30 59
30 33
30 100
30 56
30 106
30 58
30 39
30 29
30 46
30 36
30 77
30 102
30 98
30 63
30 47
30 67
30 82
30 101
30 28
30 86
30 73
30 87
30 27
30 84
30 65
30 69
30 76
30 40
30 64
30 41
30 74
30 78
30 85
30 81
30 91
30 111
30 62
30 42
30 45
30 32
30 70
30 72
30 92
30 75
30 110
30 107
30 44
30 50
30 96
30 109
30 60
31 42
31 37
31 65
31 18
31 25
31 57
31 26
31 39
31 68
31 52
31 29
31 61
31 58
31 55
31 36
31 43
31 46
31 71
31 20
31 75
31 64
31 30
31 38
31 62
31 63
31 27
31 28
31 44
31 24
31 47
31 23
31 48
34 79
34 83
34 74
34 76
34 75
34 80
34 78
35 34
35 60
35 87
35 103
35 58
35 105
35 80
35 77
35 37
35 78
35 44
35 49
35 66
35 42
35 92
35 88
35 104
35 57
35 63
35 43
35 67
35 89
35 91
35 61
35 47
35 75
35 39
35 93
35 55
35 85
35 53
35 56
35 46
35 74
35 84
35 100
35 97
35 82
35 48
35 69
35 90
35 64
35 83
35 95
35 32
36 26
36 44
36 56
36 24
36 22
36 30
36 40
36 25
36 48
36 33
36 20
36 52
36 38
36 29
36 54
36 47
36 17
36 45
36 34
36 27
36 43
36 31
36 41
36 58
37 25
37 20
37 13
37 19
37 6
37 21
37 22
37 5
37 26
37 9
37 27
37 24
37 29
37 18
37 17
37 12
37 28
37 4
37 10
37 23
38 51
38 53
38 46
38 55
38 49
38 50
38 47
39 94
39 80
39 76
39 68
39 41
39 29
39 64
39 72
39 57
39 46
39 77
39 91
39 101
39 95
39 49
39 89
39 96
39 32
39 63
39 60
39 54
39 103
39 51
39 102
39 34
39 58
39 71
39 31
39 105
39 38
39 70
39 42
39 82
39 74
39 50
39 65
39 61
39 36
39 98
39 47
39 84
39 30
39 99
39 79
39 100
39 56
39 59
39 55
39 88
40 68
40 116
40 63
40 76
40 64
40 59
40 104
40 85
40 67
40 92
40 93
40 57
40 62
40 72
40 117
40 47
40 114
40 71
40 106
40 70
40 105
40 75
40 96
40 107
40 123
40 55
40 78
40 73
40 51
40 90
40 100
40 126
40 118
40 45
40 138
40 49
40 136
40 98
40 88
40 74
40 111
40 56
40 130
40 69
40 79
40 91
40 99
40 119
40 80
40 77
40 109
40 125
40 128
40 113
40 108
40 50
40 101
40 44
40 84
40 139
40 48
40 65
40 115
41 145
41 169
41 140
41 141
41 148
41 147
41 149
41 143
41 144
41 164
41 175
41 168
41 170
41 161
41 159
41 158
41 177
41 174
41 152
41 167
41 173
41 156
41 157
41 151
42 22
42 26
42 48
42 32
42 45
42 9
42 37
42 10
42 30
42 41
42 47
42 14
42 29
42 40
42 12
42 21
42 53
42 33
42 17
42 44
42 50
42 36
42 16
42 39
42 18
42 57
42 51
42 38
42 8
42 55
42 25
42 35
43 125
43 148
43 139
43 145
43 109
43 113
43 108
43 129
43 134
43 111
43 110
43 118
43 127
43 119
43 123
43 154
43 98
43 122
43 97
43 138
43 104
43 117
43 121
43 133
43 135
43 147
43 115
43 150
43 137
43 120
43 144
43 116
43 102
43 101
43 99
44 71
44 74
44 72
44 64
44 76
44 77
44 75
44 78
45 81
45 99
45 83
45 107
45 104
45 71
45 95
45 77
45 106
45 72
45 93
45 96
45 87
45 98
45 113
45 103
45 100
45 70
45 76
45 80
45 75
45 88
45 78
45 90
45 84
45 82
45 85
45 111
46 64
46 62
46 81
46 76
46 93
46 70
46 60
46 67
46 92
46 84
46 63
46 54
46 89
46 71
46 80
46 88
46 91
46 72
46 86
46 79
46 69
46 74
46 57
46 56
46 82
47 41
47 36
47 29
47 11
47 51
47 28
47 8
47 9
47 35
47 43
47 20
47 5
47 50
47 37
47 39
47 38
47 19
47 15
47 12
47 30
47 46
47 27
47 7
47 32
47 34
47 14
47 6
47 10
47 44
47 13
47 33
47 49
48 128
48 126
48 107
48 112
48 124
48 116
48 108
48 102
48 113
48 101
48 120
48 109
48 122
48 118
48 117
48 105
48 96
48 125
48 114
48 131
48 121
48 130
49 178
49 171
49 179
49 157
49 174
49 165
49 156
49 176
49 155
49 159
49 173
49 162
49 175
49 164
49 172
49 180
49 158
49 154
49 170
50 78
50 69
50 53
50 47
50 54
50 65
50 62
50 41
50 31
50 56
50 38
50 64
50 35
50 52
50 39
50 60
50 58
50 59
50 32
50 42
50 66
50 68
50 48
50 57
50 46
50 55
50 75
50 67
50 43
50 76
50 45
50 24
50 63
50 40
50 23
51 75
51 76
52 149
52 146
52 159
52 151
52 150
52 144
52 143
52 148
52 152
52 155
52 157
53 40
53 138
53 103
53 139
53 144
53 69
53 119
53 68
53 64
53 79
53 63
53 18
53 80
53 56
53 145
53 35
53 87
53 30
53 55
53 33
53 72
53 81
53 88
53 116
53 57
53 111
53 104
53 106
53 123
53 71
53 74
53 124
53 48
53 37
53 16
53 85
53 109
53 70
53 84
53 25
53 91
53 78
53 67
53 24
53 61
53 29
53 140
53 36
53 28
53 50
53 93
53 97
53 133
53 131
53 92
53 127
53 94
53 60
53 52
53 141
53 110
53 128
53 58
53 77
53 76
53 143
53 89
53 96
53 43
53 31
53 65
53 19
53 129
53 146
53 114
53 112
53 86
53 22
53 137
53 20
53 90
54 145
54 142
55 107
55 92
55 90
55 123
55 113
55 105
55 116
55 102
55 85
55 100
55 93
55 114
55 117
55 86
55 110
55 98
55 101
55 109
55 88
55 97
55 103
55 122
55 124
55 115
55 106
55 99
55 108
55 87
55 120
55 89
55 83
56 68
56 93
56 78
56 97
56 65
56 88
56 89
56 91
56 81
56 77
56 95
56 86
56 72
56 90
56 61
56 66
56 76
56 98
56 82
56 70
56 87
56 60
56 74
57 33
57 43
57 142
57 45
57 105
57 65
57 143
57 114
57 70
57 50
57 117
57 64
57 113
57 76
57 91
57 138
57 52
57 73
57 62
57 129
57 63
57 59
57 125
57 140
57 134
57 93
57 39
57 82
57 44
57 98
57 133
57 106
57 127
57 32
57 78
57 116
57 37
57 109
57 144
57 66
57 53
57 46
57 139
57 36
57 146
57 145
57 123
57 72
57 119
57 68
57 48
57 34
57 137
57 71
57 55
57 118
57 67
57 51
57 130
57 79
57 112
57 108
57 41
57 121
57 88
57 86
57 40
57 124
57 110
57 132
58 60
58 56
59 142
59 134
59 137
59 138
59 141
59 130
59 139
59 129
59 128
59 133
59 135
60 159
60 153
60 173
60 154
60 165
60 170
60 168
60 162
60 169
60 174
60 155
60 161
60 164
60 160
60 167
60 163
60 171
60 156
60 172
61 99
61 77
61 78
61 98
61 94
61 100
61 67
61 58
61 83
61 66
61 76
61 84
61 73
61 95
61 86
61 81
61 82
61 79
61 107
61 90
61 96
61 70
61 105
61 80
61 101
61 75
61 65
61 103
61 108
62 84
62 115
62 93
62 90
62 95
62 104
62 106
62 101
62 114
62 83
62 102
62 85
62 98
62 80
62 82
62 91
62 103
62 99
62 78
62 97
62 113
62 111
62 92
62 88
62 89
62 73
62 81
63 12
63 10
63 11
63 15
63 13
64 157
64 154
64 155
65 45
65 46
65 49
65 47
65 44
65 43
65 48
66 157
66 167
66 171
66 159
66 163
66 155
66 153
66 164
66 169
66 160
66 158
66 165
66 168
67 175
67 176
67 177
68 175
68 172
68 165
68 158
68 161
68 173
68 181
68 162
68 160
68 183
68 180
68 159
68 164
68 169
68 174
68 182
69 46
69 45
69 34
69 32
69 47
69 25
69 31
69 42
69 35
69 28
69 43
69 37
69 41
69 27
70 162
70 163
70 165
71 126
72 186
73 164
74 104
74 95
74 85
74 107
74 94
74 105
74 100
74 92
74 98
74 112
74 84
74 115
74 90
74 89
74 109
74 102
74 91
74 93
74 97
74 103
74 83
76 20
76 31
76 21
76 11
76 13
76 16
76 27
76 22
76 15
76 32
76 28
76 18
76 19
76 14
77 178
77 179
77 182
77 181
77 176
77 177
78 133
78 132
78 135
78 146
78 144
78 128
78 145
78 134
78 127
78 143
78 137
78 131
78 126
78 130
78 138
78 139
79 26
79 28
79 24
79 25
79 29
79 20
79 18
79 27
79 19
80 29
80 28
80 27
81 159
81 149
81 155
81 150
81 166
81 161
81 146
81 153
81 169
81 160
81 168
81 148
82 120
82 75
82 38
82 42
82 155
82 121
82 118
82 146
82 154
82 152
82 31
82 41
82 153
82 43
82 80
82 78
82 64
82 86
82 144
82 67
82 44
82 141
82 49
82 160
82 40
82 23
82 150
82 131
82 81
82 50
82 138
82 103
82 36
82 61
82 56
82 100
82 54
82 57
82 74
82 124
82 34
82 132
82 24
82 96
82 133
82 158
82 149
82 126
82 122
82 106
82 98
82 33
82 159
82 22
82 91
82 26
82 62
82 130
82 58
82 27
82 46
82 92
82 60
82 148
82 142
82 115
82 97
82 128
82 102
82 134
82 93
82 114
82 25
82 110
82 105
82 71
82 53
82 145
82 63
82 76
82 116
82 161
82 87
82 77
82 104
82 139
82 108
82 157
82 21
82 29
83 44
83 45
83 46
83 40
83 43
83 42
84 170
84 163
84 176
84 167
84 177
84 171
84 169
84 173
84 174
84 166
84 180
85 82
85 78
85 68
85 67
85 73
85 77
85 70
85 71
85 81
85 74
85 75
86 159
86 155
86 143
86 148
86 137
86 139
86 135
86 173
86 146
86 171
86 161
86 157
86 168
86 158
86 152
86 136
86 160
86 138
86 164
86 162
86 144
86 149
86 169
86 165
86 140
86 156
87 29
87 16
87 30
87 11
87 14
87 50
87 48
87 53
87 37
87 51
87 41
87 26
87 44
87 47
87 33
87 19
87 31
87 42
87 35
87 20
87 34
87 28
87 17
87 22
87 40
87 49
87 18
87 25
88 111
88 98
88 91
88 95
88 108
88 99
88 101
88 93
88 97
88 105
88 109
88 94
88 112
88 106
88 103
88 104
89 169
89 164
89 166
89 168
90 59
91 118
91 108
91 133
91 144
91 115
91 109
91 114
91 124
91 123
91 142
91 102
91 148
91 122
91 145
91 125
91 147
91 149
91 137
91 121
91 104
91 132
91 134
91 120
91 113
91 106
91 128
91 105
91 119
91 116
92 171
92 173
92 177
92 175
92 180
92 178
92 170
92 181
92 172
93 107
93 101
93 111
93 114
93 104
93 103
93 108
93 109
93 110
94 141
94 149
94 145
94 150
94 148
94 142
94 147
94 146
95 174
95 178
95 172
95 177
95 170
96 79
96 103
96 83
96 76
96 107
96 100
96 106
96 94
96 85
96 104
96 89
96 110
96 114
96 77
96 72
96 61
96 63
96 65
96 73
96 74
96 64
96 86
96 95
96 67
96 69
96 115
96 88
96 78
96 82
96 112
96 99
96 68
96 111
96 81
96 84
96 109
96 101
97 118
97 122
97 119
97 121
97 120
98 21
98 14
98 13
98 15
98 12
98 18
98 17
98 11
98 24
99 14
99 47
99 50
99 53
99 55
99 54
99 39
99 46
99 38
99 27
99 19
99 29
99 12
99 22
99 40
99 24
99 20
99 49
99 32
99 36
99 23
99 13
99 15
99 41
99 18
99 30
99 51
99 37
99 7
99 8
99 26
99 25
100 158
100 162
100 127
100 137
100 165
100 134
100 156
100 146
100 144
100 153
100 164
100 140
100 157
100 130
100 147
100 135
100 132
100 141
100 159
100 126
100 161
100 155
100 129
100 142
100 154
100 128
101 159
101 145
101 161
101 143
101 160
101 149
101 155
101 151
101 154
101 142
101 147
101 138
101 140
101 144
101 139
101 148
101 158
101 146
102 92
102 68
102 60
102 91
102 55
102 65
102 99
102 75
102 72
102 90
102 62
102 81
102 58
102 85
102 56
102 83
102 96
102 64
102 88
102 57
102 63
102 59
102 89
102 66
102 69
102 76
102 86
102 101
102 79
102 61
102 67
102 80
103 81
103 83
104 111
104 77
104 113
104 110
104 92
104 101
104 52
104 60
104 55
104 122
104 133
104 88
104 118
104 81
104 59
104 86
104 116
104 95
104 98
104 120
104 71
104 61
104 127
104 57
104 69
104 93
104 99
104 85
104 83
104 67
104 112
104 50
104 97
104 103
104 106
104 78
104 72
104 114
104 87
104 65
104 128
104 56
104 117
104 63
104 132
104 53
104 115
104 108
104 94
104 74
104 58
104 96
104 119
105 8
105 3
105 7
105 6
105 5
106 101
106 89
106 99
106 102
106 93
106 100
106 92
106 90
106 91
107 64
107 68
107 58
107 117
107 119
107 139
107 110
107 72
107 71
107 131
107 86
107 81
107 122
107 82
107 123
107 100
107 90
107 103
107 93
107 89
107 121
107 78
107 143
107 85
107 104
107 70
107 135
107 95
107 141
107 118
107 128
107 59
107 76
107 62
107 113
107 136
107 92
107 87
107 114
107 127
107 115
107 116
107 96
107 65
107 124
107 134
107 133
107 79
107 84
107 112
107 109
108 180
108 182
108 185
108 184
108 181
108 179
109 84
109 90
109 86
109 92
109 93
109 87
109 83
109 89
110 129
110 104
110 86
110 71
110 105
110 97
110 66
110 120
110 90
110 76
110 92
110 91
110 73
110 107
110 70
110 78
110 87
110 108
110 88
110 117
110 113
110 96
110 109
110 115
110 82
110 119
110 114
110 112
110 101
110 80
110 67
110 116
110 72
110 65
110 118
110 106
111 12
111 14
111 9
111 8
111 15
111 7
111 10
112 67
112 55
112 63
112 69
112 56
112 60
112 62
112 57
112 54
112 51
112 52
112 47
112 59
113 127
113 82
113 120
113 77
113 99
113 105
113 95
113 101
113 107
113 94
113 89
113 112
113 84
113 91
113 90
113 125
113 93
113 87
113 98
113 116
113 111
113 96
113 118
113 92
113 119
113 106
113 103
113 83
113 115
113 102
113 81
113 100
113 104
113 76
113 110
114 162
115 175
115 180
115 176
115 184
115 170
115 178
115 182
115 179
115 171
115 173
116 102
116 109
116 127
116 115
116 95
116 105
116 111
116 93
116 99
116 100
116 118
116 101
116 125
116 108
116 112
116 104
116 97
116 110
116 129
116 124
116 114
116 94
119 141
119 139
120 167
120 177
120 176
120 170
120 168
120 171
120 169
120 175
120 181
121 41
121 31
121 23
121 47
121 54
121 25
121 65
121 21
121 42
121 70
121 71
121 75
121 28
121 56
121 18
121 52
121 33
121 20
121 19
121 53
121 40
121 45
121 50
121 66
121 29
121 39
121 79
121 35
121 63
121 69
121 26
121 76
121 37
121 74
121 36
121 55
121 57
121 64
121 38
121 34
122 58
122 89
122 56
122 37
122 96
122 100
122 64
122 86
122 62
122 108
122 50
122 99
122 48
122 60
122 38
122 45
122 75
122 105
122 71
122 70
122 83
122 84
122 49
122 69
122 39
122 110
122 36
122 80
122 40
122 107
122 81
122 35
122 47
122 97
122 78
122 43
122 41
122 91
122 63
122 42
122 85
122 61
122 67
122 106
122 44
122 33
122 51
122 77
123 25
123 28
123 23
123 26
123 24
124 164
124 168
124 156
124 172
124 167
124 154
124 155
124 157
124 174
124 170
124 158
124 161
124 175
124 166
124 160
125 35
125 34
125 66
125 12
125 80
125 26
125 64
125 23
125 76
125 41
125 70
125 53
125 73
125 21
125 39
125 75
125 37
125 14
125 63
125 67
125 18
125 11
125 36
125 6
125 5
125 48
125 16
125 55
125 8
125 43
125 9
125 42
125 24
125 58
125 15
125 28
125 78
125 38
125 85
125 44
125 72
125 50
125 54
125 40
125 51
125 82
125 22
125 25
125 62
125 7
125 71
125 20
125 86
125 83
125 60
126 58
126 56
126 61
126 71
126 51
126 55
126 42
126 73
126 45
126 72
126 66
126 69
126 67
126 48
126 41
126 44
126 65
126 52
126 62
126 39
126 60
126 49
126 68
127 70
127 71
127 75
127 84
127 74
127 72
127 85
127 76
127 81
127 77
127 80
127 78
128 54
128 47
128 64
128 57
128 67
128 62
128 59
128 66
128 60
128 61
128 65
128 49
128 71
128 63
129 87
129 78
129 95
129 104
129 117
129 112
129 79
129 89
129 105
129 82
129 93
129 114
129 115
129 76
129 83
129 121
129 106
129 122
129 110
129 81
129 85
129 84
129 98
129 119
129 86
129 91
129 100
129 73
129 107
129 96
130 53
130 54
130 40
130 100
130 113
130 58
130 103
130 90
130 114
130 41
130 77
130 79
130 87
130 124
130 115
130 97
130 50
130 71
130 76
130 83
130 88
130 46
130 39
130 101
130 81
130 120
130 45
130 111
130 48
130 118
130 56
130 121
130 92
130 61
130 106
130 78
130 108
130 102
130 57
130 116
130 98
130 89
130 107
130 86
130 123
130 109
130 70
130 65
130 99
130 60
130 80
130 117
130 110
130 122
130 91
130 95
130 47
130 69
130 105
131 137
132 88
132 90
133 23
133 53
133 90
133 103
133 69
133 105
133 94
133 58
133 57
133 44
133 31
133 93
133 104
133 55
133 51
133 49
133 65
133 91
133 24
133 25
133 72
133 35
133 84
133 42
133 99
133 33
133 18
133 98
133 30
133 21
133 41
133 26
133 102
133 47
133 85
133 100
133 79
133 19
133 43
133 34
133 28
133 81
133 38
133 76
133 89
133 36
133 66
133 39
133 95
133 67
133 86
133 29
133 88
133 78
134 114
134 104
134 98
134 117
134 139
134 140
134 119
134 123
134 125
134 107
134 97
134 105
134 113
134 146
134 132
134 121
134 92
134 147
134 142
134 99
134 111
134 138
134 129
134 118
134 110
134 109
134 143
134 103
134 148
134 127
134 141
134 106
135 179
136 171
136 168
136 172
137 167
137 143
137 154
137 140
137 157
137 156
137 155
137 148
137 150
137 162
137 151
137 147
137 145
137 135
137 144
137 152
137 141
137 166
137 159
137 153
137 158
138 73
138 70
138 87
138 151
138 153
138 165
138 89
138 128
138 103
138 147
138 111
138 134
138 155
138 75
138 79
138 145
138 159
138 106
138 131
138 66
138 142
138 132
138 144
138 72
138 113
138 126
138 130
138 127
138 80
138 108
138 94
138 136
138 104
138 114
138 78
138 85
138 68
138 160
138 93
138 88
138 164
138 167
138 77
138 162
138 96
138 109
138 105
138 101
138 84
138 107
138 90
138 163
138 152
138 169
138 115
138 116
138 92
138 149
138 83
138 158
138 168
138 166
138 121
138 99
138 146
138 122
139 159
139 110
139 144
139 103
139 106
139 151
139 131
139 113
139 109
139 100
139 154
139 135
139 121
139 123
139 147
139 115
139 156
139 107
139 160
139 150
139 162
139 128
139 153
139 105
139 177
139 174
139 173
139 119
139 124
139 125
139 117
139 138
139 157
139 171
139 149
139 176
139 158
139 134
139 127
139 163
139 165
139 112
139 137
139 129
139 101
139 168
140 156
140 136
140 109
140 101
140 145
140 66
140 131
140 97
140 135
140 108
140 170
140 117
140 93
140 81
140 153
140 150
140 95
140 77
140 48
140 121
140 130
140 62
140 169
140 71
140 155
140 111
140 80
140 74
140 72
140 154
140 163
140 78
140 162
140 165
140 123
140 82
140 113
140 90
140 52
140 60
140 143
140 89
140 53
140 158
140 126
140 118
140 43
140 94
140 83
140 124
140 49
140 164
140 146
140 73
140 120
140 44
140 119
140 86
140 45
140 137
140 103
140 110
140 96
140 114
140 47
140 148
140 115
140 159
140 68
140 64
140 79
140 106
140 144
140 98
140 55
140 76
140 54
140 166
140 57
141 22
141 20
141 21
141 25
141 18
143 167
143 156
143 164
143 153
143 157
143 166
143 150
143 149
143 165
143 147
143 155
143 168
143 154
143 146
143 159
143 148
144 114
144 94
144 100
144 117
144 96
144 88
144 89
144 76
144 115
144 113
144 97
144 93
144 75
144 85
144 107
144 86
144 99
144 109
144 80
144 81
144 78
144 101
144 87
144 77
144 111
145 98
145 157
145 106
145 160
145 154
145 64
145 137
145 42
145 57
145 148
145 55
145 133
145 87
145 50
145 68
145 129
145 54
145 40
145 135
145 99
145 43
145 153
145 115
145 103
145 114
145 82
145 155
145 104
145 88
145 127
145 53
145 46
145 74
145 36
145 97
145 94
145 62
145 69
145 95
145 120
145 41
145 37
145 75
145 123
145 147
145 58
145 60
145 152
145 81
145 101
145 70
145 166
145 71
145 96
145 130
145 167
145 159
145 51
145 117
145 72
145 125
145 132
145 110
145 105
145 91
145 108
145 63
145 107
145 122
145 151
145 170
145 138
145 140
145 168
145 52
145 161
145 61
145 136
145 150
145 128
145 93
146 120
146 115
146 97
146 145
146 134
146 114
146 110
146 105
146 140
146 112
146 86
146 109
146 87
146 107
146 139
146 82
146 116
146 104
146 141
146 148
146 101
146 138
146 102
146 125
146 85
146 126
146 136
146 93
146 137
146 91
146 121
146 135
146 129
146 128
146 103
146 144
146 96
146 100
146 83
146 119
146 111
146 98
146 113
147 168
147 175
147 169
147 170
147 176
147 178
147 177
147 166
147 183
147 180
147 171
148 180
148 181
149 175
149 176
150 46
150 51
150 47
150 56
150 59
150 53
150 43
150 61
150 50
150 58
151 32
151 31
152 62
152 63
152 65
152 64
153 173
153 172
153 169
153 167
154 182
154 184
155 161
155 154
155 176
155 159
155 165
155 171
155 173
155 147
155 151
155 158
155 175
155 145
155 170
155 149
155 153
155 178
155 162
155 174
155 144
155 168
155 179
155 167
156 55
156 60
156 57
156 69
156 56
156 65
156 33
156 53
156 40
156 49
156 46
156 35
156 34
156 43
156 37
156 36
156 38
156 31
156 32
156 44
156 62
156 51
156 42
156 54
156 64
157 70
157 66
157 67
158 125
158 126
158 129
158 123
159 171
160 23
160 75
160 40
160 41
160 55
160 48
160 49
160 24
160 19
160 80
160 43
160 13
160 54
160 51
160 77
160 17
160 16
160 60
160 12
160 76
160 53
160 73
160 28
160 20
160 14
160 27
160 78
160 22
160 58
160 47
160 38
160 46
160 68
160 69
160 15
160 52
160 35
160 34
160 39
160 59
160 56
160 44
160 26
160 30
160 70
161 137
161 113
161 120
161 129
161 122
161 133
161 140
161 103
161 132
161 107
161 118
161 104
161 108
161 135
161 130
161 101
161 125
161 117
161 134
161 114
161 126
161 102
161 112
161 127
162 143
162 154
162 135
162 153
162 132
162 146
162 147
162 155
162 139
162 138
162 148
162 136
162 140
162 151
162 141
162 144
162 133
162 150
163 160
163 166
163 162
163 174
163 169
163 167
163 168
163 165
164 146
164 147
164 157
164 150
164 155
164 145
164 137
164 140
164 144
164 152
164 149
164 153
164 141
165 117
165 91
165 100
165 45
165 77
165 31
165 105
165 124
165 83
165 59
165 49
165 68
165 98
165 127
165 116
165 61
165 44
165 64
165 57
165 107
165 55
165 130
165 42
165 79
165 102
165 69
165 121
165 113
165 122
165 93
165 119
165 65
165 92
165 36
165 78
165 81
165 118
165 128
165 126
165 85
165 67
165 114
165 56
165 48
165 41
165 34
165 95
165 66
165 101
165 52
165 39
165 90
165 120
165 33
165 94
165 38
165 82
165 60
165 35
165 37
165 110
165 136
165 99
165 87
166 145
166 137
166 130
166 135
166 148
166 131
166 134
166 133
166 136
166 142
166 143
167 185
168 92
168 90
168 83
168 89
168 87
168 81
168 97
168 85
168 84
168 88
168 79
168 91
168 96
168 86
169 117
169 109
169 85
169 74
169 100
169 89
169 105
169 95
169 111
169 107
169 73
169 91
169 115
169 77
169 83
169 104
169 96
169 94
169 108
169 82
169 93
169 92
169 116
169 76
169 102
169 88
169 75
169 86
169 110
169 114
170 59
170 46
170 75
170 47
170 33
170 126
170 57
170 54
170 74
170 127
170 83
170 105
170 30
170 44
170 121
170 87
170 90
170 114
170 27
170 45
170 124
170 67
170 96
170 78
170 68
170 73
170 39
170 31
170 89
170 120
170 37
170 51
170 53
170 116
170 93
170 35
170 102
170 40
170 106
170 77
170 36
170 104
170 103
170 60
170 123
170 61
170 101
170 99
170 109
170 88
170 66
170 100
170 25
170 56
170 65
170 113
170 29
170 92
170 107
170 72
170 119
170 117
170 38
170 81
170 26
170 80
170 34
170 71
171 68
172 186
172 183
172 181
172 179
172 178
172 177
172 182
173 70
173 72
173 92
173 75
173 84
173 74
173 67
173 61
173 85
173 65
173 86
173 77
173 90
173 87
173 64
173 93
173 79
173 68
173 76
173 63
173 89
173 71
174 106
174 103
174 108
174 101
174 105
175 97
175 112
175 110
175 101
175 113
175 102
175 98
175 103
175 100
175 107
175 111
176 139
176 146
176 162
176 170
176 125
176 148
176 152
176 158
176 156
176 138
176 133
176 164
176 132
176 159
176 181
176 145
176 160
176 171
176 168
176 172
176 178
176 167
176 140
176 131
176 141
176 169
176 179
176 128
176 129
176 137
176 161
176 143
176 165
176 124
176 144
176 174
176 142
176 180
176 147
176 175
176 153
177 170
177 163
177 172
177 155
177 168
177 162
177 169
177 167
177 159
177 158
177 171
177 157
178 130
178 151
178 155
178 128
178 115
178 116
178 119
178 146
178 124
178 126
178 136
178 117
178 134
178 138
178 142
178 148
178 118
178 139
178 154
178 140
178 132
178 147
178 137
178 125
178 141
178 113
178 112
179 176
179 181
179 171
179 178
179 173
180 136
180 105
180 128
180 122
180 140
180 114
180 126
180 113
180 123
180 119
180 111
180 103
180 132
180 124
180 127
180 129
180 135
180 141
180 104
180 108
180 137
180 133
180 145
180 115
180 138
180 110
180 112
180 106
181 97
181 98
181 95
181 103
181 91
181 102
181 96
181 99
181 89
181 92
181 88
181 94
182 148
182 130
182 114
182 140
182 142
182 118
182 131
182 124
182 164
182 137
182 132
182 103
182 168
182 135
182 151
182 127
182 160
182 171
182 173
182 179
182 123
182 155
182 136
182 113
182 144
182 158
182 104
182 154
182 178
182 139
182 134
182 143
182 112
182 156
182 149
182 167
182 110
182 184
182 169
182 152
182 126
182 119
182 125
182 128
182 111
182 157
182 170
182 121
182 138
182 145
182 108
182 129
182 141
182 180
182 159
182 172
183 7
183 13
183 10
183 9
183 14
183 15
184 110
184 113
184 114
185 137
185 135
186 115
186 127
186 122
186 112
186 114
186 128
186 121
186 119
186 125
186 124
186 117
186 113
1 141
1 144
1 154
1 148
1 152
1 150
1 159
1 145
1 151
1 146
1 143
1 147
2 175
2 151
2 168
2 160
2 149
2 181
2 165
2 177
2 174
2 157
2 148
2 158
2 176
2 171
2 173
2 146
2 159
2 143
2 170
2 182
2 179
2 180
3 159
3 138
3 170
3 169
3 162
3 168
3 180
3 144
3 164
3 174
3 150
3 171
3 142
3 179
3 153
3 165
3 140
3 145
3 166
3 148
3 178
3 161
3 156
3 146
3 139
4 145
4 168
4 161
4 139
4 146
4 159
4 158
4 163
4 140
4 160
4 167
4 153
4 141
4 148
4 166
4 152
4 162
4 156
4 142
4 164
4 150
5 69
5 77
5 58
5 79
5 60
5 80
5 55
5 82
5 73
5 62
5 56
5 66
5 70
5 67
5 63
5 75
5 53
5 57
5 59
6 84
6 86
6 83
7 161
8 138
8 145
8 140
8 149
8 137
8 147
8 148
8 146
8 141
10 171
10 174
10 173
10 177
11 86
11 50
11 47
11 44
11 22
11 73
11 90
11 33
11 16
11 72
11 27
11 21
11 55
11 62
11 54
11 61
11 46
11 40
11 34
11 76
11 23
11 75
11 29
11 18
11 37
11 25
11 83
11 67
11 85
11 68
11 35
11 89
11 52
11 43
11 45
11 53
11 80
11 64
11 32
11 84
11 28
11 56
11 49
11 42
11 82
11 70
11 17
11 74
12 61
12 59
12 60
13 101
13 68
13 24
13 58
13 51
13 79
13 65
13 134
13 70
13 18
13 28
13 23
13 93
13 47
13 48
13 36
13 38
13 64
13 124
13 39
13 87
13 75
13 30
13 82
13 136
13 32
13 77
13 69
13 35
13 74
13 56
13 44
13 25
13 31
13 52
13 17
13 94
13 60
13 57
13 78
13 62
13 20
13 29
13 138
13 19
13 59
13 140
13 161
13 142
13 89
13 85
13 71
13 34
13 76
13 33
13 105
13 41
13 108
13 111
13 107
13 27
14 54
14 62
14 55
14 60
14 56
14 59
16 117
16 115
16 112
16 118
17 135
17 138
17 127
17 118
17 133
17 125
17 132
17 134
17 126
17 109
17 130
17 114
17 136
17 123
17 137
17 112
17 128
17 129
17 117
17 131
17 115
19 80
19 46
19 52
19 89
19 59
19 96
19 53
19 67
19 45
19 64
19 83
19 70
19 91
19 87
19 98
19 84
19 79
19 74
19 78
19 85
19 81
19 35
19 76
19 68
19 66
19 86
19 61
19 71
19 63
19 36
19 90
19 43
19 65
19 51
19 58
19 32
19 57
19 88
19 56
19 55
20 35
20 38
20 45
20 34
20 33
20 39
20 48
20 46
20 49
20 44
20 43
21 147
21 138
21 128
21 143
21 127
21 123
21 142
21 144
21 141
21 132
21 122
21 146
21 150
21 159
21 157
21 154
21 129
21 133
21 149
21 125
21 153
21 158
21 137
21 152
21 136
21 126
21 140
21 145
22 184
22 181
22 183
22 182
22 178
22 179
22 180
22 176
22 185
24 132
24 137
25 46
25 38
25 36
25 63
25 59
25 35
25 60
25 53
25 37
25 66
25 44
25 61
25 42
25 64
25 49
25 57
25 45
25 43
25 47
25 41
25 56
26 71
26 91
26 101
26 63
26 81
26 76
26 68
26 96
26 74
26 92
26 77
26 94
26 78
26 65
26 79
26 70
26 66
26 87
26 98
26 97
26 88
26 69
27 165
27 170
27 172
27 164
27 162
27 163
27 176
27 160
27 161
27 174
27 166
29 148
29 141
29 150
29 139
29 142
30 71
31 106
31 113
31 91
31 112
31 136
31 96
31 133
31 89
31 87
31 94
31 118
31 90
31 123
31 92
31 72
31 131
31 74
31 76
31 82
31 115
31 117
31 135
31 81
31 109
31 102
31 134
31 108
31 103
31 83
31 98
31 84
31 137
31 78
31 127
31 110
31 119
31 85
31 132
31 116
31 120
31 130
32 147
32 150
32 141
32 136
32 144
32 155
32 137
32 140
32 146
32 153
32 145
32 154
33 31
33 47
33 39
33 30
33 44
33 26
33 48
33 42
33 41
33 29
33 45
33 38
33 46
34 139
34 133
34 134
34 140
34 144
34 135
34 143
34 142
35 41
35 38
35 33
35 40
36 105
36 63
36 102
36 109
36 81
36 78
36 84
36 55
36 35
36 100
36 75
36 71
36 96
36 85
36 76
36 103
36 90
36 114
36 72
36 70
36 93
36 87
36 92
36 53
36 88
36 64
36 67
36 77
36 60
36 83
36 99
36 86
36 57
36 69
36 79
36 97
36 46
36 62
36 39
36 107
36 82
36 66
36 108
36 42
37 96
37 105
37 78
37 84
37 92
37 86
37 108
37 74
37 61
37 107
37 64
37 75
37 58
37 81
37 103
37 76
37 94
37 60
37 90
37 73
37 102
37 88
37 62
37 67
37 93
37 87
37 80
37 66
37 98
37 95
37 68
37 59
37 55
38 166
38 154
38 161
38 152
38 160
38 167
38 163
38 155
38 151
38 157
38 165
39 170
39 169
39 168
39 165
39 166
39 167
40 140
40 143
40 146
40 141
40 144
40 137
41 106
41 107
41 100
41 101
41 94
41 97
41 93
41 96
41 109
41 104
41 99
41 98
41 108
42 20
42 19
42 24
42 15
42 13
43 132
43 141
43 153
43 152
43 130
43 155
43 143
43 157
43 161
43 158
43 149
43 142
43 156
44 155
44 159
44 162
44 167
44 152
44 165
44 164
44 156
44 163
44 161
44 166
44 151
44 154
45 129
45 127
45 165
45 115
45 148
45 142
45 168
45 131
45 110
45 166
45 138
45 123
45 147
45 118
45 122
45 159
45 112
45 136
45 137
45 145
45 151
45 132
45 120
45 128
45 130
45 124
45 133
45 144
45 152
45 163
45 143
46 31
47 165
47 173
47 161
47 163
47 164
47 172
47 168
47 162
47 169
47 146
47 154
47 147
47 167
47 157
48 162
48 165
48 163
48 168
48 172
48 174
48 175
48 173
48 167
48 166
49 31
49 32
49 48
49 59
49 57
49 58
49 56
49 43
49 45
49 54
49 60
49 38
49 51
49 33
49 34
49 61
49 29
49 47
49 46
49 42
50 167
50 110
50 153
50 129
50 108
50 158
50 127
50 131
50 141
50 133
50 162
50 103
50 132
50 122
50 125
50 143
50 120
50 165
50 113
50 123
50 117
50 145
50 118
50 126
50 146
50 128
50 166
50 115
50 134
50 111
50 151
50 148
50 106
50 124
50 107
50 147
50 139
51 8
51 18
51 17
51 20
51 13
51 16
51 10
51 7
51 11
52 83
52 127
52 129
52 119
52 124
52 72
52 85
52 74
52 135
52 65
52 86
52 142
52 112
52 111
52 91
52 120
52 136
52 139
52 147
52 56
52 126
52 128
52 98
52 99
52 59
52 133
52 92
52 107
52 121
52 71
52 64
52 122
52 108
52 100
52 77
52 132
52 102
52 57
52 63
52 134
52 130
52 106
52 80
52 137
52 89
52 113
52 94
52 81
52 79
52 88
52 78
52 140
52 123
53 10
53 11
53 15
53 23
53 12
53 5
53 13
53 1
53 21
53 3
53 7
53 27
53 8
53 26
53 4
54 157
54 159
55 46
55 41
55 57
55 59
55 58
55 42
55 40
55 47
55 48
55 52
55 50
55 45
55 44
57 148
57 147
57 150
57 141
57 135
57 151
58 87
58 95
58 91
58 113
58 114
58 37
58 99
58 112
58 40
58 64
58 89
58 116
58 54
58 88
58 101
58 71
58 120
58 66
58 103
58 48
58 80
58 93
58 61
58 78
58 75
58 34
58 84
58 97
58 104
58 73
58 52
58 90
58 51
58 98
58 77
58 110
58 42
58 70
58 108
58 53
58 62
58 47
58 111
58 122
58 94
58 76
58 79
58 81
58 107
58 105
58 63
59 91
59 103
59 102
59 105
59 95
59 101
59 98
59 90
59 94
59 100
60 158
60 157
61 128
62 117
62 109
62 110
62 105
62 118
62 112
62 108
63 154
63 153
63 165
63 155
63 164
63 162
64 81
64 96
64 104
64 77
64 100
64 98
64 79
64 93
64 91
64 97
64 84
64 80
64 88
64 82
64 92
64 99
64 105
64 78
64 87
65 99
65 97
65 121
65 111
65 118
65 116
65 112
65 106
65 110
65 96
65 104
65 87
65 124
65 108
65 120
65 125
65 90
65 95
65 94
65 109
65 123
65 86
65 98
65 92
65 117
65 101
65 113
65 114
66 33
66 8
66 23
66 34
66 49
66 39
66 26
66 21
66 11
66 30
66 24
66 15
66 12
66 40
66 27
66 19
66 32
66 22
66 25
66 29
66 43
66 18
66 17
66 41
66 45
66 31
66 38
66 46
66 16
67 108
67 73
67 76
67 88
67 83
67 61
67 80
67 92
67 82
67 114
67 99
67 81
67 53
67 75
67 60
67 106
67 90
67 62
67 85
67 94
67 64
67 102
67 96
67 112
67 110
67 57
67 101
67 65
67 109
67 84
67 58
67 51
67 79
67 70
67 74
67 95
68 51
68 23
68 104
68 76
68 101
68 30
68 27
68 88
68 25
68 61
68 40
68 71
68 74
68 85
68 24
68 90
68 33
68 95
68 108
68 17
68 98
68 91
68 44
68 63
68 47
68 16
68 93
68 52
68 102
68 72
68 37
68 99
68 86
68 111
68 32
68 60
68 50
68 55
68 28
68 31
68 42
68 66
68 107
68 110
68 58
68 112
68 82
68 53
68 21
68 67
