47 273
1 2
2 3
3 4
4 5
5 6
6 7
7 8
8 9
9 10
10 11
11 12
12 13
13 14
14 15
15 16
16 17
17 18
18 19
19 20
20 21
21 22
22 23
23 24
24 25
25 26
26 27
27 28
28 29
29 30
30 31
31 32
32 33
33 34
34 35
35 36
36 37
37 38
38 39
39 40
40 41
41 42
42 43
43 44
44 45
45 46
46 47
47 1
2 9
3 39
4 13
4 11
4 17
5 43
6 39
7 23
7 11
7 37
7 16
7 43
7 42
7 33
7 39
7 27
7 32
7 9
7 15
7 40
7 41
7 30
7 18
7 17
7 28
7 12
7 13
7 14
7 20
7 35
8 18
8 20
8 19
9 42
10 20
10 22
10 23
10 21
11 26
11 22
11 35
11 29
11 28
11 18
11 31
11 27
11 30
11 36
11 21
12 44
12 41
12 45
12 46
14 27
14 29
16 40
16 39
17 27
17 28
17 23
18 22
18 30
18 27
18 20
18 34
18 28
18 29
18 31
18 33
18 32
18 36
18 21
20 28
20 26
20 25
20 23
21 40
21 42
21 38
21 47
21 37
21 45
22 10
22 12
22 9
22 7
23 27
23 13
23 40
23 28
23 45
23 44
23 41
23 42
23 17
23 31
23 26
23 29
23 35
23 38
23 25
23 33
23 16
23 18
23 20
23 34
26 39
26 43
26 42
26 45
26 40
26 38
26 36
27 24
27 25
28 24
28 33
28 30
28 9
28 27
28 21
28 36
28 12
28 7
28 20
28 8
28 18
28 13
28 16
28 10
28 25
28 11
28 39
29 40
30 21
30 20
31 44
31 43
32 25
32 26
32 30
32 17
32 20
32 28
32 19
32 31
32 21
32 24
32 18
34 21
34 24
34 25
34 26
34 20
34 30
34 38
34 33
34 23
34 29
34 22
35 40
35 41
35 37
35 42
35 39
36 39
38 45
38 46
39 9
39 10
39 14
39 16
39 6
39 8
39 18
39 15
39 11
40 35
40 24
40 20
40 18
40 21
40 19
40 33
40 25
40 22
40 27
40 31
41 43
42 46
42 45
43 20
43 25
43 15
43 22
43 21
43 10
43 16
43 24
43 19
43 13
43 18
45 34
45 33
45 36
46 39
46 42
46 40
46 45
46 38
46 37
47 39
47 41
1 25
1 31
1 32
1 28
1 30
2 28
2 24
2 25
2 29
2 26
3 23
3 22
3 31
