97 451
1 2
2 3
3 4
4 5
5 6
6 7
7 8
8 9
9 10
10 11
11 12
12 13
13 14
14 15
15 16
16 17
17 18
18 19
19 20
20 21
21 22
22 23
23 24
24 25
25 26
26 27
27 28
28 29
29 30
30 31
31 32
32 33
33 34
34 35
35 36
36 37
37 38
38 39
39 40
40 41
41 42
42 43
43 44
44 45
45 46
46 47
47 48
48 49
49 50
50 51
51 52
52 53
53 54
54 55
55 56
56 57
57 58
58 59
59 60
60 61
61 62
62 63
63 64
64 65
65 66
66 67
67 68
68 69
69 70
70 71
71 72
72 73
73 74
74 75
75 76
76 77
77 78
78 79
79 80
80 81
81 82
82 83
83 84
84 85
85 86
86 87
87 88
88 89
89 90
90 91
91 92
92 93
93 94
94 95
95 96
96 97
97 1
1 91
1 90
1 92
1 94
2 91
3 88
3 83
3 89
3 80
3 64
3 69
3 74
3 72
3 61
3 81
3 86
3 65
3 82
3 87
3 91
3 70
3 85
3 78
4 39
4 43
4 35
4 40
4 42
4 38
5 31
5 51
5 47
5 45
5 39
5 20
5 32
5 46
5 38
5 54
5 28
5 19
5 23
5 29
5 36
5 21
5 30
5 42
5 49
5 25
5 41
5 48
5 33
6 58
6 50
6 75
6 76
6 51
6 79
6 83
6 57
6 62
6 82
6 49
6 69
6 72
6 84
6 71
6 67
6 52
6 70
6 54
6 64
6 78
6 80
6 63
7 84
7 87
7 85
7 80
7 81
8 74
8 70
8 66
8 77
8 63
8 73
8 76
8 72
8 68
10 70
10 72
11 64
11 50
11 53
11 43
11 42
11 46
11 44
11 51
11 52
11 48
11 78
11 57
11 67
11 56
11 61
11 49
11 72
11 70
11 60
11 47
11 68
11 69
12 52
12 55
12 40
12 48
12 58
12 39
12 44
12 38
12 46
12 42
12 49
12 56
12 59
12 57
12 41
13 81
14 2
14 52
14 3
14 35
14 6
14 7
14 8
14 46
14 4
14 42
14 9
14 29
14 39
14 13
14 56
14 1
14 20
14 18
14 51
14 16
14 36
14 17
14 40
14 47
14 22
14 23
14 11
14 27
14 30
14 31
14 21
14 55
14 43
14 28
14 38
14 24
14 25
14 33
15 56
15 58
15 26
15 27
15 50
15 24
15 41
15 45
15 35
15 63
15 59
15 53
15 51
15 60
15 38
15 52
15 25
15 33
15 39
15 43
15 47
15 49
16 52
16 49
16 43
16 41
16 42
16 46
16 47
17 50
18 75
19 21
19 13
19 9
19 16
19 11
20 78
20 74
20 77
21 51
21 57
21 53
21 52
21 55
21 48
21 50
22 27
22 33
22 31
22 29
23 73
23 91
23 94
23 81
23 80
23 88
23 77
23 90
23 74
23 75
23 78
23 79
23 95
23 86
23 87
23 82
23 92
24 92
24 93
24 95
25 85
25 84
26 89
26 82
26 92
26 84
26 85
26 95
26 93
26 91
26 87
28 24
28 45
28 47
28 21
28 32
28 33
28 31
28 39
28 30
28 37
28 27
28 34
28 35
28 23
28 49
28 20
28 36
28 40
29 79
30 49
30 34
30 35
30 60
30 57
30 44
30 40
30 45
30 38
30 56
30 50
30 41
30 61
30 36
30 47
30 51
31 96
31 95
32 26
32 5
32 30
32 14
32 15
32 62
32 40
32 42
32 24
32 35
32 45
32 11
32 6
32 10
32 28
32 56
32 20
32 43
32 22
32 47
32 60
32 55
32 31
32 46
32 51
32 18
32 29
32 50
32 34
32 58
32 19
32 36
32 9
32 13
32 17
32 53
32 57
32 39
32 52
32 37
33 64
33 67
33 56
33 68
33 57
33 58
33 70
33 59
33 63
33 62
33 69
34 50
34 65
34 57
34 58
34 55
34 64
34 60
34 53
34 66
34 54
34 68
34 63
35 71
35 70
35 68
36 46
36 62
36 45
