152 3446
1 2
2 3
3 4
4 5
5 6
6 7
7 8
8 9
9 10
10 11
11 12
12 13
13 14
14 15
15 16
16 17
17 18
18 19
19 20
20 21
21 22
22 23
23 24
24 25
25 26
26 27
27 28
28 29
29 30
30 31
31 32
32 33
33 34
34 35
35 36
36 37
37 38
38 39
39 40
40 41
41 42
42 43
43 44
44 45
45 46
46 47
47 48
48 49
49 50
50 51
51 52
52 53
53 54
54 55
55 56
56 57
57 58
58 59
59 60
60 61
61 62
62 63
63 64
64 65
65 66
66 67
67 68
68 69
69 70
70 71
71 72
72 73
73 74
74 75
75 76
76 77
77 78
78 79
79 80
80 81
81 82
82 83
83 84
84 85
85 86
86 87
87 88
88 89
89 90
90 91
91 92
92 93
93 94
94 95
95 96
96 97
97 98
98 99
99 100
100 101
101 102
102 103
103 104
104 105
105 106
106 107
107 108
108 109
109 110
110 111
111 112
112 113
113 114
114 115
115 116
116 117
117 118
118 119
119 120
120 121
121 122
122 123
123 124
124 125
125 126
126 127
127 128
128 129
129 130
130 131
131 132
132 133
133 134
134 135
135 136
136 137
137 138
138 139
139 140
140 141
141 142
142 143
143 144
144 145
145 146
146 147
147 148
148 149
149 150
150 151
151 152
152 1
1 71
1 69
1 72
2 138
2 136
3 55
3 56
3 57
5 131
5 129
5 132
5 134
6 148
6 146
6 139
6 149
6 144
6 150
6 135
6 138
6 136
8 122
8 143
8 105
8 129
8 135
8 148
8 145
8 152
8 146
8 144
8 106
8 128
8 114
8 121
8 130
8 107
8 109
8 113
8 108
8 118
8 151
8 125
8 120
8 133
8 150
8 134
8 119
8 131
8 111
8 124
8 141
9 70
9 64
9 91
9 87
9 89
9 100
9 82
9 59
9 80
9 92
9 104
9 84
9 105
9 63
9 77
9 62
9 78
9 93
9 67
9 83
9 60
9 95
9 75
9 96
9 73
9 72
9 81
9 69
9 94
9 88
10 133
11 71
11 73
11 74
12 89
12 84
12 91
12 88
12 87
12 92
12 90
12 93
13 97
14 120
14 128
14 129
14 130
14 121
14 124
14 127
14 123
14 122
15 143
15 149
15 150
15 145
15 144
15 146
16 83
16 76
16 68
16 80
16 77
16 73
16 69
16 71
16 75
16 81
16 72
16 70
17 19
17 21
17 20
17 22
18 51
18 45
18 44
18 48
18 47
19 73
19 102
19 106
19 104
19 80
19 99
19 77
19 94
19 89
19 83
19 107
19 95
19 110
19 105
19 92
19 81
19 86
19 96
19 97
19 84
19 100
19 75
19 88
19 98
19 87
19 74
19 85
20 139
20 135
20 113
20 116
20 126
20 114
20 115
20 123
20 119
20 127
20 122
20 134
21 38
21 62
21 42
21 45
21 67
21 53
21 63
21 46
21 41
21 47
21 61
21 44
21 36
21 48
21 59
21 39
21 35
21 37
21 54
21 49
21 66
22 98
22 91
22 102
22 100
22 92
22 95
22 93
23 83
23 54
23 75
23 79
23 115
23 71
23 97
23 128
23 81
23 122
23 68
23 92
23 66
23 64
23 98
23 103
23 70
23 78
23 127
23 85
23 62
23 112
23 130
23 87
23 77
23 125
23 123
23 119
23 100
23 61
23 120
23 133
23 96
23 63
23 142
23 69
23 73
23 56
23 90
23 126
23 137
23 117
23 108
23 94
23 102
23 91
23 114
23 110
23 93
23 72
23 106
24 117
24 102
24 95
24 114
24 133
24 100
24 131
24 118
24 109
24 128
24 91
24 115
24 81
24 96
24 83
24 125
24 89
24 97
24 137
24 90
24 135
24 130
24 82
24 124
24 77
24 80
24 127
24 132
24 99
24 78
24 116
24 110
24 119
24 126
24 113
24 98
24 129
24 111
24 79
24 122
25 5
25 8
25 6
25 11
25 9
26 133
26 134
26 137
26 136
27 47
27 50
27 51
27 37
27 41
27 55
27 52
27 46
27 36
27 39
27 45
27 43
27 49
27 40
28 121
28 103
28 140
28 109
28 113
28 130
28 93
28 123
28 145
28 132
28 118
28 91
28 106
28 135
28 92
28 107
28 105
28 95
28 149
28 87
28 125
28 122
28 120
28 110
28 133
28 128
28 94
28 124
28 90
28 143
28 88
28 115
28 104
28 117
28 114
28 136
28 102
28 86
28 137
28 141
29 61
29 62
30 12
30 20
30 19
30 14
30 18
30 22
30 15
31 34
31 29
31 33
31 25
32 110
32 106
32 52
32 68
32 78
32 98
32 92
32 117
32 135
32 102
32 124
32 103
32 150
32 89
32 55
32 136
32 138
32 145
32 100
32 82
32 126
32 141
32 62
32 77
32 148
32 67
32 72
32 111
32 84
32 107
32 137
32 140
32 86
32 60
32 59
32 71
32 129
32 142
32 76
32 118
32 112
32 97
32 65
32 95
32 63
32 64
32 120
32 96
32 108
32 116
32 146
32 132
32 99
32 123
32 69
32 58
32 61
32 91
32 70
32 88
32 54
32 114
33 120
33 119
33 123
33 124
34 135
34 127
34 133
34 142
34 126
34 141
34 119
34 122
34 132
34 123
34 137
34 115
34 139
34 140
34 116
34 131
34 121
35 66
36 65
36 90
36 68
36 56
36 54
36 97
36 81
36 66
36 85
36 69
36 74
36 55
36 76
36 73
36 95
36 86
36 75
36 72
36 57
36 62
36 64
36 82
36 92
36 70
36 60
36 78
36 63
36 83
36 96
37 51
37 35
37 44
37 55
37 42
37 54
37 48
37 53
37 36
37 32
37 40
37 41
37 30
37 34
37 52
39 44
39 43
39 38
39 36
39 33
39 34
39 41
39 35
40 71
40 49
40 66
40 50
40 67
40 52
40 58
40 46
40 74
40 70
40 44
40 48
40 43
40 53
40 73
40 63
40 38
40 57
40 54
40 69
40 72
40 61
41 100
41 109
41 91
41 99
41 96
41 108
41 104
41 98
41 90
41 107
41 87
41 95
41 89
41 85
41 103
41 94
42 85
42 87
42 81
42 76
42 78
42 82
42 79
42 86
43 74
43 97
43 91
43 76
43 95
43 93
43 98
43 73
43 96
43 70
43 65
43 92
43 82
43 86
43 78
43 83
43 90
43 63
43 81
43 104
43 88
43 102
43 68
43 71
43 69
43 89
43 100
44 29
44 25
44 42
44 21
44 40
44 17
44 47
44 22
44 39
44 32
44 23
44 19
44 20
44 16
44 35
44 34
44 33
44 48
44 31
44 43
44 28
44 24
44 18
44 27
45 97
45 98
45 106
45 120
45 139
45 116
45 108
45 124
45 140
45 119
45 101
45 113
45 136
45 127
45 111
45 130
45 118
45 131
45 133
45 138
45 105
45 110
45 115
45 135
45 99
45 125
45 129
45 141
45 100
45 132
45 102
45 103
45 117
45 134
46 125
46 118
46 121
46 124
46 135
46 120
46 130
46 126
46 140
46 123
46 115
46 134
46 129
46 131
46 112
46 132
46 128
46 119
46 122
46 143
46 136
46 137
46 116
46 142
46 141
47 99
47 101
48 83
48 92
48 78
48 94
48 90
48 84
48 88
48 93
48 85
48 77
48 91
48 87
48 75
49 98
49 87
49 110
49 76
49 106
49 102
49 84
49 93
49 111
49 82
49 113
49 115
49 95
49 78
49 86
49 104
49 125
49 126
49 99
49 91
49 123
49 75
49 92
49 117
49 119
49 94
49 116
49 112
49 114
49 79
49 77
49 97
49 80
50 131
50 133
50 129
50 100
50 109
50 134
50 80
50 112
50 113
50 125
50 120
50 123
50 84
50 137
50 79
50 73
50 71
50 143
50 111
50 142
50 116
50 128
50 127
50 87
50 106
50 115
50 86
50 97
50 98
50 107
50 101
50 132
50 92
50 105
50 121
50 130
50 99
50 118
50 122
50 108
50 85
50 72
50 82
50 69
50 81
50 93
50 83
50 104
50 94
51 14
51 11
51 13
52 146
52 135
52 144
52 142
52 147
52 134
52 143
52 148
52 140
52 145
52 132
52 136
54 114
54 140
54 131
54 117
54 138
54 137
54 120
54 118
54 136
54 128
54 139
54 124
54 121
54 132
54 119
54 142
54 133
54 144
54 129
54 134
55 118
55 115
55 129
55 130
55 124
55 123
55 119
55 114
55 121
55 122
55 113
55 128
55 127
56 61
56 63
56 80
56 72
56 62
56 96
56 69
56 88
56 91
56 65
56 84
56 78
56 87
56 83
56 66
56 93
56 60
56 81
56 79
56 95
56 92
56 64
56 94
56 77
56 74
57 130
57 133
57 138
57 129
57 135
57 131
57 137
58 110
58 133
58 131
58 116
58 127
58 129
58 134
58 111
58 112
58 122
58 135
58 123
58 118
58 113
58 136
58 130
58 121
58 117
58 125
59 132
59 138
59 137
59 120
59 117
59 103
59 107
59 141
59 97
59 109
59 142
59 100
59 112
59 116
59 101
59 122
59 111
59 108
59 125
59 124
59 98
59 123
59 99
59 104
59 135
59 102
59 118
59 130
59 106
59 128
60 126
60 128
60 127
61 55
61 64
61 63
61 58
61 56
61 54
61 65
62 146
63 105
63 107
63 109
63 102
63 106
63 110
64 48
64 37
64 38
64 41
64 39
64 40
64 45
64 47
64 35
65 27
65 26
65 24
65 23
65 20
65 25
67 115
67 123
67 105
67 119
67 102
67 110
67 113
67 118
67 103
67 117
67 111
67 112
67 106
67 114
67 122
67 109
68 41
68 31
68 22
68 43
68 23
68 36
68 26
68 29
68 40
68 28
68 42
68 33
68 37
69 135
69 131
69 124
69 129
69 128
69 127
69 109
69 138
69 137
69 133
69 107
69 108
69 119
69 132
69 123
69 134
69 130
69 111
69 112
69 120
69 122
70 35
70 25
70 24
70 32
70 27
70 30
70 34
70 22
70 28
70 43
70 39
70 21
70 29
71 130
71 132
71 133
72 97
72 98
72 101
72 102
72 99
73 91
73 89
73 92
73 88
73 93
74 121
74 72
74 60
74 86
74 95
74 67
74 78
74 62
74 103
74 68
74 111
74 120
74 123
74 99
74 101
74 126
74 118
74 65
74 106
74 107
74 90
74 76
74 125
74 110
74 112
74 87
74 77
74 108
74 114
74 105
74 69
74 115
74 85
74 119
74 59
74 116
74 97
74 81
74 94
74 102
74 82
74 113
74 63
74 100
76 65
76 57
76 67
76 63
76 61
76 59
76 68
76 58
77 65
77 66
78 36
78 30
78 29
78 31
78 34
78 32
78 28
78 27
78 26
78 33
80 95
80 128
80 118
80 111
80 130
80 107
80 131
80 127
80 97
80 93
80 85
80 106
80 89
80 117
80 108
80 86
80 123
80 104
80 99
80 88
80 87
80 105
80 126
80 109
82 71
82 48
82 65
82 51
82 47
82 59
82 53
82 52
82 73
82 67
82 50
82 58
82 79
82 49
82 72
82 55
82 77
82 74
82 70
82 69
82 56
83 45
83 38
83 43
83 37
83 39
83 40
83 41
84 113
84 109
84 104
84 89
84 32
84 11
84 66
84 13
84 24
84 73
84 75
84 46
84 60
84 31
84 35
84 25
84 21
84 17
84 83
84 55
84 56
84 92
84 14
84 71
84 115
84 38
84 106
84 79
84 100
84 27
84 50
84 67
84 88
84 81
84 19
84 52
84 114
84 47
84 53
84 105
84 33
84 18
84 49
84 29
84 28
84 15
84 102
84 36
84 37
84 90
84 12
84 77
84 26
84 54
84 108
84 23
84 48
84 59
84 111
84 41
84 40
84 70
84 10
84 101
84 93
85 138
85 128
85 102
85 134
85 110
85 123
85 111
85 142
85 122
85 104
85 124
85 133
85 126
85 115
85 106
85 109
85 137
85 105
85 135
85 130
85 103
85 118
85 139
85 114
85 108
86 147
86 146
87 96
87 77
87 34
87 67
87 86
87 47
87 45
87 21
87 22
87 46
87 20
87 89
87 33
87 101
87 38
87 66
87 56
87 40
87 62
87 75
87 76
87 36
87 16
87 51
87 41
87 95
87 54
87 30
87 32
87 24
87 50
87 102
87 83
87 31
87 78
87 42
87 37
87 48
87 57
87 90
87 35
87 79
87 39
87 63
87 97
87 28
87 55
87 69
87 59
87 18
87 43
87 68
87 73
87 15
87 94
87 85
87 58
87 74
87 64
87 60
88 23
88 25
88 50
88 82
88 64
88 41
88 74
88 21
88 71
88 81
88 75
88 80
88 35
88 72
88 73
88 40
88 79
88 56
88 86
88 83
88 76
88 84
88 87
88 90
88 49
88 31
88 20
88 29
88 34
88 77
88 69
88 63
88 67
88 48
88 28
88 85
88 55
88 22
88 46
88 47
88 44
88 70
89 149
89 148
89 150
90 52
90 49
90 40
90 54
90 32
90 27
90 45
90 39
90 44
90 29
90 50
90 35
90 38
90 26
90 48
90 33
90 41
90 30
90 42
91 43
91 30
91 38
91 46
91 49
91 31
91 47
91 52
91 27
91 37
91 40
91 42
91 48
91 29
91 32
91 51
91 25
91 35
91 54
91 26
92 133
92 111
92 137
92 142
92 151
92 113
92 119
92 126
92 123
92 144
92 143
92 130
92 132
92 118
92 135
92 128
92 136
92 115
92 141
92 145
92 114
92 149
92 150
92 121
92 124
93 8
93 5
93 7
93 4
93 6
94 142
94 147
94 141
94 143
94 146
94 145
95 115
95 128
95 109
95 137
95 132
95 111
95 129
95 125
95 106
95 121
95 138
95 124
95 114
95 134
95 110
95 127
95 126
95 118
95 123
95 131
95 135
96 33
96 35
96 32
96 37
96 31
97 31
97 84
97 75
97 27
97 89
97 85
97 70
97 68
97 58
97 71
97 23
97 49
97 62
97 33
97 35
97 74
97 56
97 67
97 41
97 32
97 55
97 44
97 78
97 38
97 40
97 51
97 24
97 77
97 52
97 65
97 79
97 39
97 47
97 28
97 34
97 64
97 86
97 59
97 54
97 42
97 88
97 87
97 73
97 53
97 25
98 60
98 65
98 69
98 67
98 64
98 68
98 62
99 67
99 54
99 55
99 50
99 60
99 63
99 73
99 53
99 51
99 52
99 64
99 72
99 70
99 68
99 58
100 150
100 148
100 146
101 61
101 20
101 19
101 34
101 58
101 13
101 9
101 15
101 35
101 18
101 11
101 41
101 57
101 24
101 38
101 46
101 25
101 40
101 48
101 47
101 17
101 7
101 33
101 42
101 5
101 54
101 56
101 32
101 30
101 37
101 22
101 28
101 21
101 12
101 26
101 44
102 23
102 24
102 28
102 29
102 26
104 90
104 89
104 92
104 84
104 86
104 83
104 94
104 88
104 85
105 70
105 23
105 8
105 71
105 6
105 100
105 41
105 7
105 87
105 67
105 53
105 74
105 11
105 114
105 21
105 84
105 78
105 91
105 81
105 103
105 107
105 96
105 31
105 108
105 42
105 113
105 38
105 56
105 14
105 97
105 30
105 92
105 17
105 29
105 73
105 66
105 55
105 85
105 63
105 24
105 98
105 111
105 43
105 50
105 57
105 69
105 109
105 93
105 82
105 36
105 102
105 83
105 94
105 59
105 77
105 99
105 60
105 76
105 112
105 19
105 12
105 35
105 75
105 79
105 54
105 34
105 45
105 44
105 13
105 68
106 85
106 84
106 89
106 86
107 113
107 114
108 74
108 78
108 60
108 64
108 31
108 49
108 71
108 67
108 65
108 101
108 100
108 107
108 45
108 117
108 54
108 96
108 66
108 110
108 75
108 53
108 83
108 34
108 99
108 112
108 69
108 29
108 79
108 97
108 50
108 86
108 114
108 98
108 70
108 52
108 38
108 57
108 115
108 33
108 103
108 80
108 105
108 76
108 113
108 87
108 111
108 95
108 77
108 85
108 104
108 116
108 89
108 40
108 84
108 41
108 61
109 127
109 126
109 140
109 114
109 125
109 119
109 131
109 118
109 111
109 136
109 115
109 112
109 121
109 138
109 133
109 129
109 128
109 117
109 139
109 135
110 132
110 127
110 136
110 123
110 128
110 126
110 130
110 121
110 131
110 134
111 132
111 108
111 106
111 123
111 101
111 127
111 130
111 136
111 126
111 109
111 124
111 115
111 117
111 120
111 137
111 114
111 113
111 105
111 103
111 142
111 125
111 141
111 107
111 144
112 125
112 129
112 106
112 121
112 136
112 117
112 141
112 115
112 103
112 107
112 142
112 137
112 130
112 118
112 123
112 139
112 127
112 133
112 140
112 102
112 120
112 109
112 105
112 124
112 114
112 134
112 119
112 122
113 109
113 117
113 110
113 116
113 115
113 111
114 129
114 134
114 137
114 138
114 128
114 139
114 140
114 125
116 62
116 80
116 38
116 61
116 28
116 42
116 59
116 41
116 45
116 64
116 67
116 27
116 65
116 49
116 91
116 73
116 51
116 87
116 25
116 86
116 44
116 81
116 20
116 43
116 83
116 21
116 89
116 66
116 53
116 92
116 69
116 33
116 90
116 35
116 79
116 74
116 23
116 85
116 56
116 31
116 32
116 29
116 82
116 50
117 93
117 98
117 96
117 95
117 97
117 89
117 99
117 91
117 92
118 120
118 123
118 110
118 104
118 111
118 113
118 127
118 130
118 124
118 132
118 108
118 126
118 106
118 109
118 131
118 116
118 107
119 23
119 30
119 50
119 27
119 58
119 34
119 67
119 52
119 36
119 62
119 24
119 59
119 42
119 48
119 29
119 32
119 26
119 44
119 45
119 54
119 56
119 46
119 31
119 35
119 25
119 43
119 47
119 38
120 101
120 95
120 96
120 100
120 90
120 93
120 98
120 92
120 103
120 99
120 89
121 123
121 130
121 110
121 125
121 133
121 112
121 117
121 114
121 120
121 105
121 134
121 126
121 115
121 129
121 119
121 113
121 118
121 111
121 109
121 104
121 106
121 127
121 135
122 28
122 24
122 16
122 21
122 17
122 14
122 9
122 11
122 25
122 13
122 23
122 12
122 20
122 26
123 108
123 112
123 125
123 107
123 101
123 102
123 126
123 105
123 91
123 120
123 96
123 128
123 118
123 115
123 116
123 100
123 122
123 121
123 93
123 114
123 92
123 89
123 119
123 106
123 129
123 95
123 88
123 90
124 121
124 96
124 111
124 92
124 108
124 86
124 102
124 95
124 106
124 81
124 113
124 122
124 131
124 90
124 107
124 119
124 91
124 82
124 87
124 85
124 130
124 114
124 127
124 123
124 97
124 112
124 120
124 116
124 132
124 98
124 109
124 115
125 116
125 121
125 117
125 118
125 124
125 115
125 112
125 119
126 117
126 114
126 136
126 116
126 124
126 132
126 125
126 135
126 121
126 129
126 118
126 133
126 130
126 128
126 113
126 119
127 41
127 39
128 143
128 133
128 138
128 130
128 140
128 134
128 121
128 146
128 124
128 139
128 123
128 120
128 132
128 118
128 119
128 125
129 93
129 80
129 102
129 85
129 84
129 99
129 105
129 103
129 109
129 90
129 97
129 89
129 101
129 83
129 92
129 104
129 98
129 106
129 107
129 91
129 88
129 94
130 96
130 97
130 82
130 114
130 127
130 118
130 58
130 116
130 81
130 79
130 110
130 112
130 108
130 125
130 63
130 102
130 72
130 55
130 71
130 129
130 106
130 98
130 113
130 100
130 86
130 123
130 105
130 64
130 61
130 70
130 107
130 104
130 124
130 93
130 126
130 121
130 120
130 74
130 66
130 84
130 69
130 57
130 67
130 75
130 90
130 68
130 122
130 73
130 91
130 85
130 95
131 104
131 106
131 61
131 71
131 92
131 103
131 93
131 83
131 141
131 60
131 99
131 128
131 114
131 72
131 84
131 137
131 90
131 74
131 113
131 136
131 57
131 118
131 91
131 63
131 58
131 100
131 89
131 70
131 68
131 98
131 80
131 139
131 56
131 127
131 86
131 110
131 67
131 78
131 125
131 88
131 65
131 130
131 69
131 117
131 122
131 126
131 120
131 81
131 95
131 134
131 66
131 112
131 116
131 123
131 140
131 115
132 107
132 115
132 138
132 110
132 100
132 103
132 89
132 137
132 114
132 93
132 127
132 99
132 123
132 134
132 91
132 78
132 75
132 120
132 94
132 77
132 108
132 101
132 136
132 106
132 128
132 76
132 105
132 104
132 80
132 92
132 118
132 88
132 72
132 102
132 130
132 83
132 111
132 67
132 79
132 122
132 112
132 131
132 74
132 121
132 82
132 97
132 81
133 60
133 33
133 36
133 41
133 46
133 67
133 65
133 64
133 32
133 63
133 62
133 39
133 57
133 45
133 43
133 35
133 38
133 51
133 54
133 66
133 49
134 77
134 86
134 76
134 71
134 63
134 68
134 74
134 66
134 85
134 54
134 83
134 81
134 87
134 73
134 70
134 88
134 78
134 69
134 60
134 56
134 72
134 58
134 62
134 90
134 75
134 51
135 134
135 133
135 131
135 138
136 145
137 15
137 26
137 23
137 51
137 30
137 29
137 44
137 14
137 33
137 11
137 37
137 27
137 7
137 61
137 22
137 13
137 9
137 28
137 52
137 34
137 31
137 6
137 57
137 49
137 55
137 10
137 56
137 35
137 48
137 4
137 62
137 60
137 50
137 42
137 36
137 32
137 41
137 2
138 48
138 46
138 49
139 58
139 101
139 106
139 52
139 54
139 35
139 50
139 45
139 96
139 41
139 78
139 40
139 47
139 105
139 37
139 70
139 108
139 91
139 39
139 92
139 97
139 36
139 98
139 31
139 75
139 86
139 83
139 49
139 33
139 102
139 103
139 26
139 62
139 84
139 38
139 95
139 44
139 107
139 82
139 29
139 34
139 69
139 46
139 48
139 90
139 74
139 80
139 89
139 57
140 95
141 112
141 118
141 109
141 120
141 119
141 107
141 116
141 113
141 108
142 62
142 59
142 49
142 28
142 34
142 32
142 46
142 47
142 35
142 54
142 38
142 39
142 53
142 57
142 43
142 60
142 55
142 51
142 56
142 61
142 58
143 113
143 103
143 87
143 109
143 77
143 120
143 108
143 121
143 85
143 93
143 117
143 75
143 82
143 95
143 98
143 102
143 89
143 74
143 97
143 116
143 78
143 101
143 94
143 86
143 115
143 79
143 106
143 90
143 119
143 112
143 84
144 64
144 70
144 66
144 67
144 69
145 74
145 54
145 68
145 76
145 61
145 78
145 67
145 69
145 59
145 75
145 64
145 53
145 62
145 73
145 58
145 70
146 100
146 102
146 103
146 90
146 97
146 99
146 94
146 89
146 95
147 76
147 91
147 87
147 89
147 82
147 90
147 85
147 79
147 93
147 81
148 108
148 105
148 114
148 89
148 84
148 111
148 98
148 83
148 109
148 95
148 77
148 93
148 112
148 81
148 90
148 91
148 101
148 113
148 92
148 106
148 110
149 80
149 69
149 79
149 71
149 78
149 96
149 56
149 76
149 97
149 68
149 113
149 64
149 91
149 49
149 88
149 52
149 83
149 70
149 82
149 53
149 117
149 94
149 93
149 62
149 92
149 74
149 116
149 118
149 51
149 115
149 106
149 99
149 60
149 50
149 63
149 44
149 54
149 72
149 77
149 111
149 85
149 105
149 81
149 109
149 47
149 66
149 46
149 86
150 74
150 67
150 75
150 69
150 72
150 65
151 149
151 147
152 18
152 23
152 21
152 17
1 102
1 100
2 86
3 117
3 145
3 107
3 118
3 109
3 139
3 123
3 138
3 144
3 127
3 135
3 112
3 140
3 119
3 130
3 128
3 108
3 114
3 134
3 110
3 120
3 115
3 148
3 122
3 126
3 111
3 113
3 146
3 106
3 137
4 111
4 125
4 74
4 116
4 121
4 97
4 112
4 103
4 68
4 113
4 92
4 91
4 122
4 94
4 79
4 75
4 61
4 73
4 109
4 88
4 77
4 96
4 90
4 60
4 101
4 84
4 98
4 85
4 119
4 72
4 107
4 124
4 64
4 71
4 104
4 65
4 106
4 81
4 70
4 120
4 126
4 114
4 69
4 105
4 110
4 67
5 125
5 105
5 121
5 139
5 108
5 126
5 107
5 95
5 133
5 97
5 98
5 103
5 104
5 112
5 117
5 122
5 110
5 136
5 141
5 124
5 135
5 143
5 100
5 138
5 114
5 128
5 123
6 3
6 13
6 4
6 5
6 17
6 11
6 14
7 99
7 97
7 101
7 98
8 74
8 76
8 82
8 88
8 81
8 72
8 83
8 85
8 77
8 73
8 87
9 90
9 101
9 46
9 66
9 51
9 76
9 49
9 58
9 47
9 86
9 50
9 54
9 43
9 53
9 74
9 102
9 57
9 65
9 40
9 85
9 52
9 68
9 48
9 103
9 42
9 97
10 69
11 123
11 97
11 77
11 114
11 118
11 86
11 117
11 115
11 110
11 100
11 107
11 90
11 93
11 99
11 87
11 75
11 89
11 111
11 92
11 121
11 113
11 96
11 95
11 112
11 83
11 82
11 101
11 108
11 84
11 79
11 109
11 105
11 94
11 103
11 81
11 122
12 128
12 130
12 126
13 131
13 69
13 107
13 62
13 39
13 63
13 96
13 60
13 43
13 94
13 128
13 118
13 77
13 83
13 127
13 126
13 64
13 78
13 106
13 86
13 51
13 70
13 61
13 90
13 58
13 122
13 49
13 100
13 115
13 73
13 84
13 101
13 103
13 99
13 105
13 65
13 92
13 129
13 119
13 81
13 38
13 46
13 47
13 87
13 102
13 85
13 124
13 82
13 50
13 132
13 40
13 120
13 117
13 48
13 66
13 116
13 55
13 112
13 71
13 108
13 57
13 74
13 109
13 54
14 32
14 30
14 33
15 115
15 98
15 107
15 108
15 99
15 113
15 112
15 101
15 104
15 111
15 102
16 53
16 46
16 44
16 47
16 49
16 51
17 145
17 147
18 145
19 76
19 61
19 62
19 58
19 48
19 63
19 79
19 60
19 64
19 45
19 82
19 66
19 54
19 56
19 68
19 40
19 52
19 51
19 69
19 50
19 70
19 59
19 47
19 78
19 65
20 34
20 52
20 43
20 35
20 59
20 60
20 32
20 50
20 26
20 33
20 57
20 49
20 28
20 44
20 40
20 39
20 51
20 18
20 55
20 29
20 47
20 22
20 53
20 41
20 42
20 25
20 36
20 23
20 16
21 87
21 85
21 43
21 72
21 79
21 74
21 84
21 86
21 73
21 82
21 65
21 83
21 34
21 40
21 80
21 68
21 52
21 58
21 76
21 64
21 50
21 77
21 56
21 75
22 111
22 129
22 146
22 114
22 126
22 141
22 132
22 127
22 118
22 128
22 99
22 113
22 116
22 144
22 137
22 103
22 135
22 130
22 110
22 104
22 106
22 97
22 119
22 123
22 121
22 109
22 131
22 115
22 147
22 140
22 142
22 96
22 124
23 50
23 20
23 40
23 58
23 84
23 51
23 48
23 37
23 59
23 35
23 38
23 74
23 52
23 65
23 25
23 60
23 34
23 27
23 26
23 31
23 67
23 82
23 76
24 101
25 41
25 43
26 88
26 89
26 54
26 94
26 53
26 92
26 106
26 83
26 81
26 51
26 87
26 74
26 75
26 101
26 97
26 73
26 72
26 99
26 66
26 65
26 58
26 100
26 64
26 80
26 84
26 70
26 91
26 60
26 103
26 69
26 95
26 61
26 67
26 57
26 63
27 97
27 105
27 100
27 103
27 99
28 49
28 70
28 45
28 57
28 46
28 79
28 25
28 74
28 27
28 55
28 67
28 60
28 66
28 39
28 44
28 73
28 22
28 26
28 77
28 76
28 47
28 32
28 89
28 38
28 51
28 23
28 63
28 35
28 81
28 62
28 58
28 75
28 50
28 54
28 48
28 69
28 20
28 59
28 24
28 72
28 52
28 85
28 68
28 42
29 44
29 70
29 23
29 40
29 73
29 48
29 75
29 28
29 32
29 58
29 59
29 72
29 51
29 46
29 45
29 41
29 54
29 25
29 80
29 42
29 39
29 35
29 34
29 81
29 71
29 64
29 77
29 68
29 49
29 26
29 76
30 120
30 119
31 151
31 145
31 148
31 149
31 146
32 66
33 60
33 61
34 28
34 23
34 32
34 20
34 22
34 25
34 16
34 17
34 30
34 21
35 137
37 142
38 116
38 119
38 131
38 120
38 121
38 129
38 126
38 132
38 125
38 114
39 59
39 60
39 63
39 64
39 66
40 147
41 82
42 129
42 127
42 135
42 123
42 112
42 133
42 111
42 109
42 130
42 126
42 117
42 120
42 105
42 125
42 128
42 122
42 114
42 116
42 107
42 108
42 115
42 106
43 106
43 105
43 103
43 112
43 111
43 99
43 108
44 90
44 94
44 98
44 99
44 91
44 93
44 103
44 101
44 97
44 96
44 104
44 95
44 102
44 88
45 56
45 55
45 47
45 38
45 42
45 52
45 39
45 35
45 41
45 49
45 51
45 44
46 101
47 45
47 57
47 74
47 64
47 33
47 39
47 15
47 84
47 89
47 72
47 16
47 88
47 38
47 12
47 44
47 59
47 68
47 3
47 55
47 82
47 13
47 71
47 62
47 86
47 18
47 11
47 32
47 83
47 76
47 80
47 5
47 46
47 6
47 17
47 30
47 70
47 10
47 9
47 77
47 90
47 40
47 50
47 22
47 69
47 4
47 37
47 42
47 66
47 36
47 43
47 28
47 67
47 35
47 58
47 14
47 75
47 53
47 52
47 63
47 20
48 27
49 140
49 137
49 122
49 151
49 127
49 129
49 150
49 134
49 143
49 138
49 121
49 131
49 124
49 132
49 147
49 139
49 146
49 144
49 128
50 25
51 90
51 81
51 89
51 88
52 141
52 138
52 139
53 116
53 107
53 124
53 95
53 100
53 121
53 120
53 112
53 114
53 99
53 115
53 126
53 98
53 119
53 111
53 101
53 106
53 97
54 16
54 12
54 15
54 17
54 13
55 34
55 33
55 31
55 43
55 32
55 54
55 49
55 44
55 48
55 57
55 36
55 37
55 58
55 50
55 39
55 47
55 41
55 46
56 14
56 9
56 13
56 11
56 15
56 19
56 16
56 10
56 12
56 7
57 140
57 142
57 132
57 139
58 53
58 62
58 79
58 64
58 47
58 83
58 71
58 77
58 78
58 46
58 54
58 88
58 66
58 60
58 70
58 63
58 55
58 87
58 86
58 68
58 74
58 51
