28 162
1 2
2 3
3 4
4 5
5 6
6 7
7 8
8 9
9 10
10 11
11 12
12 13
13 14
14 15
15 16
16 17
17 18
18 19
19 20
20 21
21 22
22 23
23 24
24 25
25 26
26 27
27 28
28 1
1 22
2 21
2 20
2 18
3 15
3 18
3 17
4 15
4 12
6 21
7 24
8 19
8 22
9 27
9 28
10 8
10 6
10 12
10 7
11 15
11 16
11 18
12 17
12 14
12 18
12 21
12 8
12 15
12 19
12 10
12 16
12 5
12 11
13 3
13 9
13 6
13 18
13 12
13 4
13 2
14 25
14 26
15 5
15 14
15 8
15 7
15 12
15 10
15 9
16 1
16 6
16 4
16 3
17 19
17 15
17 16
17 14
18 3
20 17
20 16
20 26
20 27
20 22
20 19
20 25
20 13
20 23
20 24
20 12
21 25
21 27
22 25
22 26
23 22
24 13
24 16
24 15
24 9
24 11
24 14
24 12
25 18
25 20
26 28
28 15
28 14
1 7
1 11
1 15
1 6
1 3
1 5
1 12
2 15
3 10
3 8
3 6
3 7
3 5
3 9
3 23
3 22
3 13
3 20
3 16
4 7
6 8
6 9
6 10
6 12
6 11
9 15
9 14
9 8
9 17
9 11
9 12
10 17
10 16
10 15
11 22
11 21
13 11
13 8
13 5
13 7
13 10
14 8
14 5
14 7
14 12
14 11
14 9
14 10
