67 3278
1 2
2 3
3 4
4 5
5 6
6 7
7 8
8 9
9 10
10 11
11 12
12 13
13 14
14 15
15 16
16 17
17 18
18 19
19 20
20 21
21 22
22 23
23 24
24 25
25 26
26 27
27 28
28 29
29 30
30 31
31 32
32 33
33 34
34 35
35 36
36 37
37 38
38 39
39 40
40 41
41 42
42 43
43 44
44 45
45 46
46 47
47 48
48 49
49 50
50 51
51 52
52 53
53 54
54 55
55 56
56 57
57 58
58 59
59 60
60 61
61 62
62 63
63 64
64 65
65 66
66 67
67 1
1 47
1 43
1 53
1 50
1 39
1 38
1 44
1 52
1 41
1 46
1 48
1 49
1 36
2 21
2 24
2 27
2 31
2 30
2 22
3 20
3 25
3 10
3 15
3 18
3 11
3 28
3 12
3 24
3 31
3 16
3 14
3 29
3 27
4 64
4 66
4 65
5 30
5 41
5 37
5 52
5 31
5 51
5 33
5 35
5 55
5 48
5 58
5 47
5 56
5 46
5 50
5 32
5 34
5 45
5 42
6 55
7 43
7 44
7 41
7 40
7 42
7 38
7 37
8 49
8 45
8 51
8 48
8 53
8 44
8 54
9 30
9 31
9 34
9 28
9 27
10 41
10 44
10 43
11 47
11 48
12 60
12 63
12 66
12 61
13 40
13 28
13 37
13 44
13 25
13 30
13 22
13 18
13 36
13 20
13 17
13 19
13 11
13 42
13 39
13 29
13 26
13 15
13 9
14 40
14 38
14 43
14 39
15 55
15 42
15 48
15 60
15 37
15 49
15 43
15 35
15 39
15 57
15 38
15 53
15 40
15 50
15 36
15 54
15 56
15 45
15 62
15 46
15 59
16 51
16 50
16 53
16 63
16 52
16 58
16 67
16 57
16 54
16 49
16 55
17 6
17 5
17 7
17 3
17 2
17 10
17 9
18 51
18 49
18 48
19 66
19 58
19 67
19 55
19 62
19 60
19 59
19 52
19 65
19 54
20 35
20 57
20 62
20 38
20 61
20 48
20 32
20 63
20 53
20 37
20 25
20 43
20 59
20 40
20 26
20 44
20 30
20 28
20 54
20 27
20 50
20 56
20 34
21 55
21 54
21 57
21 58
21 51
21 52
22 51
22 58
22 52
22 53
22 54
22 55
23 1
24 55
24 46
24 44
24 47
24 59
24 56
24 53
24 42
24 45
24 38
24 51
24 54
24 43
24 61
24 37
24 57
25 33
25 34
25 31
25 23
25 35
25 24
25 30
25 22
25 36
25 27
26 42
26 41
26 40
27 43
27 49
27 62
27 59
27 40
27 61
27 38
27 57
27 51
27 46
27 60
27 36
27 52
27 32
27 58
27 26
27 48
27 34
27 47
27 30
27 41
27 33
29 46
29 39
29 47
29 50
29 42
29 37
29 38
29 43
29 54
29 49
29 52
30 41
30 40
30 42
30 36
30 38
31 65
31 64
32 16
32 17
32 12
32 19
32 13
32 14
33 6
33 8
34 31
34 50
34 43
34 47
34 41
34 42
34 36
34 30
34 49
34 38
34 45
34 32
34 37
34 28
35 63
35 64
35 65
35 62
36 26
36 21
36 32
36 30
36 27
36 25
37 35
37 36
37 45
37 41
37 31
37 39
37 25
37 26
37 29
37 42
37 27
37 34
37 30
38 66
38 65
39 10
39 19
39 11
39 8
39 22
39 6
39 16
39 21
39 13
39 5
39 23
39 14
41 20
41 22
41 34
41 36
41 29
41 26
41 21
41 35
41 28
41 30
41 32
41 38
42 55
42 46
42 51
42 50
42 48
42 57
42 52
43 8
43 10
44 38
45 30
45 28
45 29
47 16
47 15
47 14
48 62
48 61
49 36
49 29
49 31
49 35
49 34
49 30
49 32
50 40
50 42
50 46
50 43
50 45
50 47
51 43
52 66
52 28
52 40
52 62
52 38
52 41
52 58
52 43
52 65
52 49
52 36
52 55
52 33
52 54
52 51
52 67
52 50
52 35
52 39
52 45
52 34
52 63
52 26
52 37
52 56
53 41
53 42
54 49
55 22
55 21
57 54
57 53
57 52
57 62
57 63
58 4
58 3
59 21
59 15
59 19
59 26
59 28
59 9
59 29
59 24
59 13
59 23
59 27
59 11
59 14
59 17
60 12
60 24
60 18
60 40
60 36
60 41
60 5
60 15
60 13
60 51
60 47
60 17
60 22
60 28
60 10
60 48
60 37
60 49
60 16
60 50
60 42
60 38
60 33
60 25
60 4
60 7
60 34
60 20
60 14
60 21
61 67
61 66
61 64
62 64
63 55
63 58
63 59
63 50
63 51
63 56
64 63
64 62
65 32
65 37
65 41
65 28
65 43
65 36
65 44
65 27
65 39
65 46
65 42
65 35
67 21
67 18
67 22
67 19
1 17
1 19
1 10
1 5
1 12
1 14
1 27
1 22
1 30
1 42
1 21
1 13
1 40
1 35
1 23
1 8
1 33
1 4
1 18
1 16
2 63
2 62
2 64
2 66
3 60
4 59
4 58
5 49
6 57
6 59
6 61
6 58
7 63
7 62
8 4
8 10
8 7
8 14
8 12
8 21
8 11
9 57
9 63
9 46
9 51
9 55
9 65
9 60
9 48
9 54
9 56
10 29
10 36
10 39
10 40
10 34
10 42
10 35
11 62
11 63
12 28
12 25
12 24
12 26
12 29
12 22
12 31
12 27
13 46
13 41
13 47
13 43
13 38
14 33
14 27
14 37
14 31
14 42
14 36
14 26
14 35
14 32
16 48
16 47
16 46
17 38
17 51
17 36
17 39
17 43
17 46
17 50
17 42
17 37
18 62
18 63
18 58
18 56
18 60
18 54
20 39
20 33
20 45
21 20
21 16
21 12
21 8
21 6
21 7
21 17
21 13
21 19
21 3
21 1
22 4
22 15
22 2
22 5
22 9
22 20
22 11
22 12
22 6
23 25
23 32
23 20
23 26
23 33
23 22
23 29
23 31
23 30
24 29
25 41
25 38
25 47
25 44
25 37
25 42
26 6
27 65
28 42
28 30
28 50
28 34
28 40
28 31
28 37
28 38
28 39
28 51
28 45
28 53
28 41
28 43
28 49
29 62
29 63
29 56
29 65
29 61
30 56
30 34
30 15
30 44
30 32
30 17
30 45
30 18
30 4
30 14
30 35
30 43
30 46
30 22
30 37
30 58
30 19
30 60
30 51
30 5
30 61
30 8
30 9
30 48
30 53
30 24
30 10
30 55
30 57
31 24
31 23
31 27
31 25
32 53
32 47
32 48
32 52
32 44
32 56
32 43
32 45
33 29
33 31
33 28
33 27
33 35
34 16
34 20
34 25
34 22
34 21
34 24
34 26
34 15
34 23
34 18
35 58
35 57
35 56
36 55
36 49
36 58
36 56
36 51
36 57
36 59
36 61
36 50
36 54
36 47
36 62
36 46
37 24
38 54
38 53
39 63
40 57
40 54
40 52
40 59
40 56
41 12
41 18
41 16
41 9
41 19
41 10
42 18
42 12
42 25
42 23
42 29
42 21
42 33
42 28
42 26
42 13
42 22
42 17
42 27
42 24
42 19
42 31
43 50
43 53
43 49
43 54
43 55
44 15
44 8
44 13
44 10
44 5
44 14
44 9
44 12
44 18
44 7
44 19
44 4
44 21
45 54
45 60
45 59
45 62
45 61
45 53
45 58
45 63
46 33
46 32
47 32
48 23
48 18
48 21
48 22
48 14
48 20
48 17
48 15
49 46
49 40
49 48
49 38
49 45
49 47
49 42
49 39
49 37
50 21
51 58
51 57
51 59
53 31
53 30
53 29
56 8
56 9
56 14
56 15
56 13
57 67
58 19
58 18
58 20
58 15
58 22
59 39
59 45
59 49
59 41
59 61
59 46
59 56
59 57
59 48
59 43
59 44
59 55
59 47
59 50
60 8
60 9
61 18
61 19
61 13
61 22
61 26
61 28
61 17
61 15
61 20
61 21
61 29
61 16
61 24
62 47
62 59
62 42
62 38
62 56
62 55
62 40
62 48
62 54
62 52
62 45
62 43
62 53
63 54
63 47
63 48
63 49
63 53
64 23
64 19
64 34
64 31
64 26
64 24
64 29
64 20
64 33
64 36
64 22
64 35
64 25
65 10
65 22
65 13
65 16
65 20
65 14
65 26
65 19
65 12
65 15
65 29
66 50
66 51
67 44
67 45
67 63
67 39
67 41
67 61
67 58
67 60
67 56
67 47
67 55
67 43
67 51
67 48
67 42
67 57
67 53
67 40
67 54
1 56
1 61
1 55
1 59
2 25
2 29
2 34
2 32
2 23
2 26
2 20
3 56
3 57
3 58
3 52
3 49
3 53
3 55
3 51
3 61
4 57
4 61
4 63
4 62
5 10
5 20
5 17
5 23
5 14
5 22
5 8
5 4
5 19
5 9
5 12
5 16
5 3
6 13
7 26
8 55
8 64
8 63
8 56
8 58
8 59
8 61
8 62
9 8
9 1
9 13
9 4
9 3
9 7
9 14
10 50
10 48
10 46
10 51
10 47
11 40
11 6
11 39
11 33
11 15
11 21
11 50
11 9
11 18
11 23
11 14
11 46
11 28
11 41
11 2
11 19
11 8
11 29
11 22
11 36
11 17
11 49
11 42
11 10
11 37
11 4
11 51
11 45
11 5
11 34
11 43
11 32
11 16
12 38
12 37
12 35
15 47
15 41
15 44
17 33
17 35
17 34
18 33
18 22
18 47
18 23
18 29
18 31
18 46
18 30
18 42
18 27
18 26
18 39
18 25
18 36
18 35
18 43
18 24
18 34
19 48
19 64
19 61
19 51
19 56
19 53
19 46
20 55
20 58
21 41
21 42
21 39
21 38
22 59
22 61
22 50
22 62
22 60
23 19
23 36
23 18
23 35
23 37
23 21
23 53
23 46
23 15
23 17
23 57
23 28
23 51
23 45
23 55
23 34
23 27
23 41
23 48
23 56
23 44
24 58
25 59
26 56
26 55
27 23
27 19
27 13
27 17
27 18
27 14
29 25
29 26
29 24
29 23
29 22
31 2
31 3
31 6
32 24
32 26
32 27
32 28
32 36
32 35
32 34
32 23
32 21
32 37
32 29
32 31
32 22
32 25
33 12
33 11
36 65
36 66
36 67
37 56
37 53
37 58
37 54
37 55
38 16
38 28
38 25
38 15
38 40
38 35
38 18
38 34
38 27
38 13
38 46
38 24
38 30
38 36
38 42
38 29
38 23
38 21
38 14
38 20
39 57
39 61
40 67
40 58
40 38
40 42
40 46
40 55
40 35
40 44
40 60
40 50
40 49
40 47
41 6
41 7
41 14
41 13
42 39
42 30
42 20
42 16
42 32
42 44
42 38
42 34
43 46
44 48
44 34
44 42
44 52
44 35
44 36
44 47
44 50
44 46
44 49
45 40
45 39
45 51
45 64
45 50
45 42
45 47
45 48
45 66
45 56
45 52
45 65
45 38
46 29
46 28
46 30
47 63
47 60
47 65
47 58
47 66
47 61
47 55
47 56
48 4
48 5
49 19
49 24
49 7
49 4
49 10
49 26
49 33
49 12
49 6
49 18
49 8
49 21
49 9
49 20
49 11
49 25
49 14
49 28
49 16
50 33
50 31
50 27
50 28
50 24
50 39
50 26
50 23
50 34
50 29
50 36
50 32
50 37
51 55
51 56
52 24
52 10
52 14
52 19
52 22
52 23
52 13
52 31
52 17
52 47
52 48
52 46
52 21
52 29
52 11
52 20
52 7
52 8
52 15
52 25
53 24
53 25
54 32
54 37
54 27
54 40
54 45
54 42
54 41
54 51
54 48
54 36
54 24
54 29
54 31
54 28
54 53
54 52
54 47
54 57
54 50
54 34
54 23
54 44
54 38
55 37
55 42
55 36
55 43
55 39
55 40
55 38
56 42
56 40
56 41
57 12
57 11
57 14
57 10
58 23
58 30
58 31
58 29
58 24
58 27
58 32
59 54
60 52
60 53
61 27
61 23
62 57
62 58
63 28
63 27
63 25
63 22
63 24
65 67
65 64
67 32
67 9
67 17
67 8
67 24
67 26
67 7
67 23
67 28
67 29
67 15
67 14
1 62
1 65
2 19
2 16
2 13
2 17
3 48
4 60
4 54
6 53
6 51
6 54
6 50
7 52
7 45
7 57
7 50
7 58
7 53
7 59
7 47
7 48
7 55
8 32
8 43
8 25
8 19
8 24
8 28
8 23
8 22
8 33
8 26
8 37
8 35
8 42
8 39
8 27
8 20
8 46
8 34
8 30
9 52
9 50
9 66
9 59
9 58
9 61
9 49
9 53
10 8
10 5
10 4
10 9
11 35
11 38
12 23
12 21
12 20
13 58
14 45
14 34
14 44
14 41
16 45
16 43
17 60
17 62
17 57
17 61
20 36
20 47
21 60
22 44
22 40
22 49
22 46
22 43
22 41
22 47
22 48
24 50
25 63
25 60
25 65
25 64
25 61
26 66
27 15
27 20
28 36
29 48
29 59
29 57
29 60
30 39
31 29
31 26
31 21
31 28
33 63
33 60
33 58
33 57
33 61
33 64
34 33
34 39
34 29
34 27
37 48
39 53
39 47
39 49
39 45
39 43
39 41
39 54
39 51
39 44
40 36
40 43
40 32
40 34
40 31
41 65
41 64
43 51
43 52
43 57
43 56
44 37
44 43
44 32
45 14
45 24
45 15
45 6
45 16
45 25
45 8
45 18
45 10
45 19
45 9
45 17
46 58
46 36
46 56
46 48
46 43
46 42
46 41
46 61
46 52
46 55
46 44
46 64
46 51
46 50
46 57
46 34
46 40
46 37
46 45
46 49
46 53
47 3
47 13
47 11
47 5
47 4
47 2
47 9
47 8
47 6
48 47
49 22
50 44
50 49
50 16
50 22
50 18
50 17
50 12
50 35
50 20
50 15
50 48
50 10
50 55
50 30
50 11
50 41
50 19
51 63
51 61
51 62
52 18
53 60
53 58
53 57
53 52
54 46
54 43
55 24
55 25
55 23
55 20
56 58
56 46
56 45
56 55
56 47
56 54
56 50
56 51
56 49
56 52
57 13
58 5
58 7
58 6
58 9
59 51
59 32
59 20
59 18
59 36
59 42
59 40
59 37
59 34
59 22
59 30
59 25
60 45
60 56
60 55
60 57
60 58
60 54
61 36
61 33
61 35
62 24
62 11
62 18
62 20
62 29
62 17
62 10
62 22
62 23
62 14
62 21
62 15
62 16
64 39
64 40
64 13
64 17
64 27
64 15
64 12
64 18
64 38
64 28
64 10
66 54
66 41
66 47
66 33
66 34
66 39
66 42
66 56
66 63
66 60
66 55
66 37
66 61
66 43
66 64
66 32
67 65
67 50
67 46
67 52
67 62
67 49
1 20
2 47
2 41
2 35
2 43
2 28
2 44
2 45
2 38
3 23
3 22
3 21
4 36
4 28
4 22
4 24
4 27
4 34
4 35
4 17
4 32
4 25
4 18
4 33
4 29
5 40
5 29
5 36
5 38
5 27
6 17
6 15
6 29
6 14
6 9
6 11
6 16
6 10
6 12
6 28
6 18
6 19
6 25
6 22
6 27
6 23
8 18
8 29
8 31
8 36
9 62
9 64
10 54
10 53
13 31
13 34
13 27
13 32
13 16
13 12
14 16
15 26
15 25
15 22
15 19
15 20
15 17
15 24
15 27
15 28
15 23
16 6
16 9
16 4
16 3
16 11
16 12
16 13
17 65
17 66
18 57
18 59
18 53
18 50
19 34
20 19
20 5
20 17
20 29
20 7
20 24
20 16
20 11
20 8
20 10
20 13
20 18
21 46
21 33
21 43
21 32
21 31
21 30
21 25
21 35
21 40
21 36
21 44
21 27
21 26
21 24
21 34
21 48
21 49
22 63
23 7
23 40
23 9
23 39
23 50
23 8
23 38
23 12
23 16
23 49
24 2
26 11
26 1
26 15
26 14
26 12
26 3
26 2
26 8
26 17
26 13
26 9
26 10
26 7
26 4
26 20
27 16
28 64
28 60
28 65
28 59
28 62
28 66
29 7
29 5
30 11
30 7
30 6
30 3
31 14
31 12
31 9
31 10
31 15
31 11
32 5
32 6
32 7
33 18
33 22
33 20
33 19
34 55
34 56
35 34
36 10
36 22
36 16
36 13
36 12
36 28
36 17
36 15
36 19
36 18
36 20
36 11
36 23
36 24
37 59
37 57
38 51
38 48
38 63
38 44
38 56
38 49
38 57
38 43
38 61
38 52
38 60
39 60
39 59
39 55
39 58
40 25
40 7
40 2
40 17
40 6
40 26
40 15
40 12
40 27
40 19
40 23
40 9
40 11
40 21
40 14
40 13
40 4
40 8
41 40
41 44
41 37
44 25
44 22
44 24
44 23
44 20
44 41
44 28
44 30
44 27
44 40
44 26
45 7
47 1
47 7
48 45
48 50
48 51
48 40
48 44
48 41
48 46
48 42
51 36
51 45
51 42
51 35
51 32
51 50
51 29
51 37
51 41
51 48
51 44
51 31
51 47
51 33
51 39
53 14
53 18
53 26
53 28
53 17
53 20
53 22
53 16
54 64
55 47
55 48
55 50
55 49
56 27
56 26
56 23
56 28
56 22
56 19
56 20
56 24
57 66
58 60
58 52
58 54
58 56
58 53
58 50
59 38
59 16
59 64
59 53
59 33
59 35
60 29
60 27
60 26
62 44
63 43
63 36
63 38
63 31
63 21
63 23
63 19
63 32
63 35
63 42
63 41
63 26
63 39
63 37
64 48
64 49
64 46
64 43
64 30
64 42
64 44
67 20
67 16
3 39
3 26
3 40
3 36
3 34
3 41
3 33
4 50
4 52
4 55
4 51
4 53
5 21
5 63
5 54
5 24
5 39
5 15
5 43
5 60
5 13
5 65
5 53
6 44
6 46
6 37
6 38
6 41
6 48
6 42
7 36
7 30
7 27
7 28
7 32
7 24
7 29
7 51
7 31
7 23
7 39
7 46
8 60
8 67
8 66
8 65
8 47
8 57
9 25
9 24
9 26
9 29
10 20
10 17
10 18
10 15
10 24
10 14
10 25
10 19
10 22
11 65
11 53
11 55
11 59
11 60
11 61
11 52
11 57
11 64
12 54
12 51
12 53
13 54
13 55
13 56
13 59
13 66
13 62
13 64
13 63
14 29
14 8
14 10
14 11
14 56
14 18
14 24
14 50
14 20
14 9
14 12
14 55
14 60
14 21
14 13
14 58
14 30
14 19
14 22
14 47
14 25
14 54
14 61
14 62
15 52
16 36
16 35
16 34
16 33
18 52
19 38
19 40
19 32
19 27
19 39
19 36
19 29
19 41
19 45
19 35
19 31
19 44
19 24
19 47
19 28
19 26
19 50
19 42
19 57
20 49
20 51
20 46
21 11
21 10
22 45
24 39
24 16
24 18
24 26
24 12
24 11
24 30
24 15
24 52
24 48
24 17
24 41
24 35
24 13
24 27
24 23
24 14
26 34
26 31
26 24
26 28
26 38
26 29
26 35
26 50
26 46
26 48
26 22
26 47
26 23
26 32
26 25
26 44
26 45
27 64
27 53
27 54
27 56
29 32
29 35
29 28
29 33
29 31
29 34
30 33
31 57
31 58
31 59
31 56
31 62
31 54
31 50
31 61
31 63
31 53
31 51
31 66
31 60
32 49
32 55
32 54
33 47
33 45
33 48
35 13
35 12
35 11
35 7
35 9
35 14
38 32
38 33
39 66
40 51
41 27
41 25
41 24
41 23
41 17
43 12
43 18
43 13
43 17
43 20
43 14
44 3
44 1
44 11
45 23
45 26
45 27
45 33
45 31
45 32
45 22
48 8
48 16
48 3
48 7
48 24
48 6
48 19
48 12
48 25
48 1
48 10
49 65
49 64
50 66
53 21
53 13
53 19
53 10
53 15
56 64
56 65
56 67
56 66
57 44
57 46
57 45
57 47
57 49
58 66
60 59
60 63
60 66
60 65
61 25
62 12
62 8
62 13
63 57
65 56
65 58
65 52
65 57
65 51
66 16
66 10
66 15
66 17
66 14
66 13
1 60
2 48
2 54
2 53
2 37
2 46
2 49
3 7
5 25
5 18
6 63
6 62
6 65
7 60
7 61
8 40
8 41
8 38
10 28
10 37
10 33
10 26
10 55
10 38
10 31
10 32
10 56
12 2
12 10
12 8
12 6
12 5
12 11
12 9
12 7
12 4
13 45
13 50
13 10
13 7
13 21
13 53
13 24
13 33
13 48
13 49
13 23
14 6
15 30
16 38
16 32
16 41
16 37
17 28
17 23
17 29
17 24
17 31
17 27
17 22
18 17
18 15
18 28
18 20
18 32
19 17
19 30
19 21
19 18
19 25
20 60
20 66
21 45
21 37
23 67
23 66
24 36
24 33
25 48
25 3
25 11
25 18
25 10
25 32
25 51
25 7
25 14
25 13
25 45
25 46
25 40
25 49
25 12
25 2
25 1
25 39
25 5
25 28
28 18
28 17
28 12
28 19
28 10
28 14
28 13
29 36
29 40
30 12
30 16
31 67
32 50
33 62
33 59
34 17
35 40
35 43
35 39
35 33
35 38
35 32
35 37
36 33
36 35
36 29
36 34
38 31
39 42
39 35
39 33
40 22
40 20
40 33
40 30
40 45
40 28
40 29
41 39
42 5
42 7
43 9
44 33
44 39
47 38
47 35
47 45
47 36
47 37
47 29
47 26
47 41
47 33
47 34
47 27
49 59
49 58
49 57
49 61
49 60
49 62
49 53
49 51
49 54
49 55
50 62
50 58
50 63
50 54
50 60
50 57
50 59
52 61
52 57
53 40
53 39
53 37
53 47
53 48
53 51
53 46
53 49
53 38
53 34
53 43
53 33
53 45
56 34
56 35
56 37
56 32
56 36
57 43
57 55
57 48
57 41
57 56
57 51
57 42
57 37
57 50
59 62
60 31
60 35
60 32
61 41
61 37
61 14
61 30
61 34
61 40
61 43
61 46
61 39
61 32
61 38
61 45
61 44
62 60
62 49
63 5
63 6
63 40
63 29
63 7
63 20
63 4
63 52
63 46
63 45
63 14
63 12
63 34
63 2
63 3
63 30
63 16
64 41
65 55
65 53
65 59
66 59
66 57
66 62
1 63
2 67
3 50
3 37
3 42
3 47
3 45
3 35
3 46
3 44
3 43
6 45
6 43
8 3
8 13
8 6
8 1
8 16
8 15
8 17
10 30
10 23
10 21
10 27
11 54
11 26
11 44
11 58
11 24
11 25
11 31
12 45
12 43
12 42
12 41
12 44
12 34
12 39
12 30
15 18
15 14
16 14
17 45
17 44
17 25
17 49
17 26
17 15
17 30
17 48
17 20
17 16
17 47
17 40
18 38
18 40
18 45
18 44
18 41
19 43
19 49
19 37
24 49
25 29
26 63
26 65
26 64
27 50
30 13
31 30
31 36
31 34
31 37
31 33
32 57
32 60
33 41
33 42
33 40
35 15
35 28
35 17
35 24
35 21
35 16
35 23
35 27
35 19
35 29
36 1
36 2
36 6
36 5
36 7
36 3
37 40
37 43
37 44
37 46
39 28
39 27
39 29
39 32
41 33
42 10
42 11
43 45
44 6
44 2
46 66
47 31
48 53
48 63
48 57
48 37
48 38
48 52
48 60
48 35
48 36
48 43
51 49
51 38
51 46
52 42
52 44
52 30
53 12
53 9
54 11
54 10
54 8
55 45
55 41
57 28
57 39
57 40
57 30
57 29
57 32
57 38
58 11
58 17
58 28
58 10
58 21
58 13
58 25
58 12
59 8
59 12
60 46
60 44
61 47
62 19
63 10
63 17
63 11
63 8
63 13
63 9
64 52
64 50
64 53
64 54
65 30
66 28
66 31
66 36
66 27
66 35
67 34
67 11
67 30
67 31
67 6
67 13
1 6
1 7
1 9
2 33
3 17
4 19
4 21
4 20
6 49
6 52
6 56
7 12
7 14
7 10
7 16
7 4
7 13
7 5
7 11
9 5
10 45
13 52
13 51
14 57
14 49
14 63
14 67
14 53
14 52
14 59
14 64
14 66
19 14
20 12
20 14
20 6
20 9
22 42
23 47
23 54
23 52
23 43
23 42
23 14
24 67
26 57
26 54
29 51
29 21
29 41
30 26
30 27
30 28
30 29
30 25
32 41
32 51
32 46
33 14
33 17
33 16
33 15
34 11
34 13
34 10
34 12
37 47
37 49
37 50
37 51
38 9
38 5
38 2
38 10
38 8
39 15
39 9
40 62
42 36
43 11
43 6
44 17
45 35
45 36
45 37
45 21
45 41
46 31
47 52
48 56
49 15
49 27
49 17
53 36
53 44
54 39
55 52
55 51
55 46
55 53
60 23
62 34
63 60
63 62
64 37
64 45
64 57
67 12
2 50
2 40
2 51
2 36
2 42
4 7
4 6
4 9
6 47
7 18
7 20
7 21
7 22
7 17
10 61
10 60
10 52
10 62
10 57
14 48
14 51
15 65
17 52
17 41
17 53
17 32
18 12
18 10
18 13
18 21
18 37
20 15
21 14
21 15
21 9
25 62
26 43
26 37
26 39
26 36
27 45
27 44
28 67
30 59
31 40
31 46
31 52
31 49
31 45
31 41
31 42
31 48
31 39
31 47
33 13
33 9
33 1
33 2
33 5
33 7
34 54
34 58
35 47
35 44
35 42
35 45
36 64
36 53
37 32
38 19
41 31
43 62
43 38
43 61
43 39
43 41
43 48
43 63
43 42
43 64
43 33
43 37
44 55
44 64
44 63
44 60
44 56
44 62
44 59
44 61
44 54
44 51
44 53
46 18
46 11
46 10
46 12
46 13
46 17
46 6
46 9
46 14
46 25
46 7
46 24
47 30
48 55
48 39
48 32
48 27
48 28
48 59
48 33
48 64
48 54
48 34
48 30
48 29
50 53
50 52
50 38
51 17
51 14
51 9
51 10
51 11
51 23
51 24
51 19
51 15
51 8
51 20
53 65
53 35
53 64
53 61
53 63
53 50
55 27
55 28
55 29
55 31
55 30
56 17
56 18
56 16
59 31
60 39
61 9
62 30
62 35
62 31
62 27
62 25
62 26
65 34
65 31
65 38
65 45
65 33
66 53
66 52
66 49
67 59
1 57
2 11
2 12
2 10
2 9
3 6
4 56
5 28
6 34
7 54
9 42
9 44
9 40
9 32
9 41
9 43
9 33
9 39
9 38
10 65
10 63
16 24
17 21
21 18
21 28
21 29
21 47
22 57
23 59
23 58
23 60
24 10
24 20
24 19
25 20
26 21
26 18
26 19
27 8
27 10
27 31
27 9
27 24
27 5
27 2
27 25
27 11
27 29
27 4
28 9
28 15
28 16
28 6
28 8
29 17
29 20
29 18
29 16
30 20
30 21
33 3
33 10
34 8
34 9
34 19
34 7
35 50
35 46
35 52
35 53
35 48
36 42
36 52
36 31
36 39
36 45
36 40
36 44
37 33
39 25
39 20
39 36
39 34
39 17
39 38
39 24
39 37
42 41
42 40
44 16
45 49
45 43
47 22
47 21
47 23
47 24
48 26
52 27
52 12
52 16
52 32
52 6
53 59
53 62
53 55
54 56
54 59
54 60
55 60
55 63
55 66
55 54
55 62
55 57
55 61
56 5
56 4
56 10
56 2
56 3
56 7
57 59
57 60
57 65
58 33
58 45
58 37
58 36
58 38
58 44
58 35
58 42
58 26
59 63
59 52
59 65
60 30
61 59
61 51
61 63
61 55
61 60
61 56
1 11
3 19
4 39
4 13
4 16
4 12
4 10
4 23
4 46
4 40
4 37
4 38
4 42
4 45
4 30
6 40
6 39
9 15
9 16
10 49
12 46
12 49
12 47
13 65
14 28
15 10
15 7
15 6
15 13
15 5
15 12
16 61
16 59
16 60
17 19
18 14
19 13
20 22
24 34
24 32
24 40
31 8
31 7
31 5
31 13
31 19
31 18
31 20
32 20
33 25
33 38
33 39
33 21
33 32
33 37
34 46
34 52
34 57
35 6
35 8
36 38
36 14
36 48
36 41
37 9
37 13
37 7
37 5
37 11
42 54
42 53
43 19
43 47
43 35
43 32
43 40
43 29
43 27
43 25
43 15
43 26
43 30
43 24
45 55
46 19
46 65
46 38
46 22
46 59
46 35
46 16
46 26
46 39
46 62
47 57
49 56
49 43
49 63
49 41
49 52
51 65
52 64
52 59
52 60
53 11
53 23
54 33
56 12
57 17
58 34
61 10
61 11
63 44
64 21
65 9
66 23
66 11
66 19
66 24
66 18
66 22
66 12
67 27
3 65
3 64
3 62
6 5
6 8
6 26
6 24
9 19
9 11
9 35
9 21
9 18
9 17
9 22
9 20
11 30
12 18
12 3
12 19
15 1
15 4
15 34
15 21
15 29
15 11
15 8
16 40
16 42
16 44
17 58
17 56
17 55
20 52
22 65
22 66
24 65
24 62
25 19
25 50
25 21
25 17
25 16
26 33
27 37
27 42
27 39
27 35
28 44
29 58
31 43
32 15
32 10
32 8
32 9
32 11
33 51
33 26
33 50
