61 1493
1 2
2 3
3 4
4 5
5 6
6 7
7 8
8 9
9 10
10 11
11 12
12 13
13 14
14 15
15 16
16 17
17 18
18 19
19 20
20 21
21 22
22 23
23 24
24 25
25 26
26 27
27 28
28 29
29 30
30 31
31 32
32 33
33 34
34 35
35 36
36 37
37 38
38 39
39 40
40 41
41 42
42 43
43 44
44 45
45 46
46 47
47 48
48 49
49 50
50 51
51 52
52 53
53 54
54 55
55 56
56 57
57 58
58 59
59 60
60 61
61 1
1 35
1 44
1 39
1 40
1 31
1 38
1 42
1 46
1 47
1 43
1 37
1 52
1 49
2 31
2 30
2 47
2 34
2 16
2 45
2 37
2 23
2 22
2 44
2 28
2 21
2 17
2 20
2 36
2 24
2 25
2 42
2 18
2 41
2 27
2 40
3 41
3 48
3 47
3 53
3 50
3 44
3 37
3 51
3 45
3 39
3 42
3 33
3 36
4 9
4 6
4 8
5 31
5 36
5 34
5 38
5 29
5 32
5 39
5 47
5 27
5 33
5 44
5 40
5 41
6 59
6 60
7 42
7 39
8 6
8 5
9 33
9 32
9 44
9 36
9 40
9 43
9 31
9 37
9 45
9 39
9 35
10 17
10 41
10 46
10 36
10 16
10 5
10 47
10 34
10 14
10 33
10 13
10 28
10 24
10 23
10 12
10 32
10 31
10 52
10 27
10 26
10 38
10 30
10 19
10 49
10 9
10 35
10 7
10 44
10 43
10 48
10 20
11 57
11 19
11 56
11 52
11 38
11 46
11 18
11 34
11 39
11 28
11 53
11 21
11 30
11 26
11 20
11 35
11 42
11 40
11 54
11 50
11 27
11 37
11 25
11 23
11 29
11 32
12 47
13 33
14 53
14 54
15 49
15 48
15 46
15 52
15 38
15 39
15 47
15 44
15 37
15 43
16 50
16 49
16 47
18 30
18 29
18 26
19 34
19 30
19 37
19 38
19 31
19 27
19 23
19 26
19 35
19 29
19 24
19 39
19 32
19 45
19 33
20 45
20 29
20 28
20 36
20 35
20 39
20 30
20 38
20 41
20 44
20 31
20 37
20 40
20 26
20 33
21 56
21 55
21 36
21 48
21 33
21 54
21 47
21 39
21 53
21 52
21 49
21 51
21 37
21 57
21 42
21 50
21 32
21 34
21 35
22 46
22 49
22 45
22 38
22 40
22 55
22 44
22 50
22 37
22 42
22 36
22 35
22 52
22 56
22 43
22 48
23 55
23 53
23 61
23 60
23 59
23 57
24 21
24 16
24 17
24 28
24 26
24 15
24 22
24 29
25 29
25 24
25 23
25 22
25 21
26 37
26 38
26 39
27 32
27 36
27 22
27 37
27 26
27 24
27 23
28 56
28 59
28 57
29 5
29 34
29 7
29 12
29 24
29 26
29 17
29 25
29 14
29 16
29 21
29 31
29 4
29 35
29 27
29 13
29 36
29 15
29 11
30 45
30 47
30 48
30 49
31 12
31 13
31 10
31 9
32 21
33 50
33 49
33 55
33 52
33 53
33 54
33 47
34 45
34 47
34 40
34 50
34 39
34 43
34 49
34 51
34 38
35 12
35 13
35 9
35 14
35 5
35 4
36 8
37 57
38 51
38 50
39 13
40 24
40 25
40 38
40 32
40 39
40 45
40 12
40 11
40 33
40 16
40 43
40 42
40 47
40 36
40 5
40 3
40 49
40 23
40 26
40 21
40 27
40 37
40 35
40 48
40 8
40 46
40 30
40 4
41 29
41 30
41 24
41 26
41 31
42 38
42 30
42 39
42 28
42 32
42 18
42 20
42 29
42 40
42 31
42 36
42 25
42 26
42 41
42 33
43 35
43 33
44 18
44 21
44 22
44 23
44 17
44 33
44 31
44 19
44 29
44 26
44 20
45 52
45 53
46 56
46 53
46 51
46 48
46 49
47 25
47 34
47 27
47 51
47 42
47 36
47 37
47 54
47 21
47 31
47 24
47 29
47 22
47 26
47 53
47 30
47 43
47 40
47 44
47 46
47 33
47 38
47 32
48 12
48 7
48 9
48 14
48 8
48 13
48 18
48 15
48 19
48 4
49 43
49 31
49 42
49 44
49 38
49 40
49 33
49 45
49 48
49 35
49 47
49 37
49 36
49 52
49 51
49 53
50 42
50 36
50 40
50 38
50 37
50 39
51 8
51 6
51 13
51 15
51 20
51 5
51 22
51 9
51 7
51 10
51 11
51 18
51 21
51 16
53 9
53 20
53 28
53 19
53 14
53 32
53 13
53 12
53 31
53 30
53 21
53 16
53 26
53 11
53 24
53 10
53 15
54 52
55 23
55 15
55 34
55 32
55 9
55 37
55 36
55 20
55 18
55 10
55 33
55 14
55 17
55 24
55 25
55 35
55 22
55 38
55 12
55 21
56 40
56 46
56 41
56 52
56 38
56 39
56 50
56 48
56 53
56 60
56 58
56 44
56 42
56 55
57 53
57 55
57 45
57 49
57 47
57 48
57 46
58 21
58 19
58 13
58 10
58 12
58 17
58 9
58 20
59 38
59 39
59 40
60 26
60 32
60 28
60 39
60 27
60 48
60 35
60 41
60 40
60 37
60 30
60 44
60 47
60 29
60 36
60 34
61 22
61 24
1 48
1 55
1 50
1 51
1 53
1 54
2 32
2 57
2 39
2 50
2 33
2 43
2 12
2 19
2 29
2 58
2 48
2 51
2 60
2 35
2 54
2 13
2 53
2 11
2 55
2 59
3 38
3 43
3 40
3 55
3 56
3 46
3 52
4 35
4 38
4 33
4 34
5 19
5 21
6 61
7 37
7 34
7 31
7 36
7 33
8 39
8 40
8 42
8 37
8 28
8 33
8 29
8 36
8 30
8 32
8 35
10 22
10 37
10 21
10 25
10 39
11 41
11 36
11 45
11 17
11 22
11 48
11 47
11 31
12 50
12 51
12 48
12 46
13 34
13 28
13 36
13 27
13 22
13 16
13 21
13 9
13 26
13 17
13 11
13 19
13 8
13 25
13 20
14 12
14 9
14 10
14 8
14 13
14 16
15 41
15 28
15 12
15 20
15 13
15 25
15 42
15 27
15 11
15 53
15 30
15 14
15 36
15 24
15 23
15 50
15 32
15 26
15 21
15 18
15 22
16 12
16 9
16 11
16 13
16 10
17 3
18 44
18 40
18 41
18 54
18 43
18 47
18 50
18 45
18 38
20 47
20 50
20 43
20 46
20 51
20 48
20 54
21 25
21 30
21 31
21 28
21 24
21 26
21 29
21 20
22 20
22 18
22 21
22 16
23 44
24 27
25 14
25 11
25 5
25 3
25 10
25 16
25 6
25 12
26 28
26 45
26 48
26 35
26 31
26 25
26 30
26 24
26 36
26 34
26 40
27 15
27 25
27 20
27 16
27 19
27 13
27 17
27 14
28 36
29 28
30 6
30 8
30 9
31 5
31 3
31 2
32 60
33 27
33 32
33 21
33 30
33 19
33 20
33 26
35 24
35 21
35 22
36 30
36 31
36 26
36 35
36 29
36 34
36 27
36 25
38 1
38 5
38 4
39 56
39 57
39 54
39 47
39 53
39 46
39 49
39 51
39 59
40 6
41 5
43 31
43 29
43 30
43 27
45 31
45 33
45 28
46 35
46 31
46 30
46 36
46 27
46 42
46 39
46 25
46 32
46 41
46 26
46 43
46 28
46 38
47 3
48 39
48 43
48 42
48 44
48 36
48 38
48 33
48 34
48 32
48 46
48 35
48 30
48 51
48 28
48 50
48 37
48 40
49 22
49 21
49 28
49 24
49 27
49 18
49 23
49 14
49 26
49 30
49 19
49 16
50 44
50 41
51 40
51 32
51 33
51 31
51 24
51 36
51 30
51 27
51 29
51 26
51 25
51 34
51 35
51 23
52 51
52 54
54 57
54 58
55 11
55 8
55 16
56 15
56 11
56 20
56 21
56 19
56 17
56 22
56 16
56 12
57 27
57 29
57 33
57 21
57 30
57 22
57 24
57 31
57 35
57 32
57 25
58 60
58 53
58 57
59 37
59 33
59 36
61 43
61 46
1 17
1 27
1 24
1 36
1 29
1 15
1 12
1 14
1 32
1 41
1 21
1 45
1 28
1 23
2 49
3 8
3 9
3 5
4 57
4 51
4 52
4 55
4 50
4 54
5 53
5 43
5 48
5 46
5 50
5 55
5 56
5 54
5 57
7 59
7 61
8 41
8 49
8 47
8 46
8 50
8 48
8 45
9 14
10 53
10 51
10 54
11 43
11 49
12 38
12 41
12 36
12 37
12 39
13 51
13 53
14 59
15 45
15 35
15 29
15 33
16 32
17 51
17 58
17 56
17 53
17 52
17 55
17 57
20 52
21 38
21 40
22 39
23 19
23 22
23 20
23 18
23 28
23 16
23 21
23 17
24 42
24 38
24 47
24 35
24 40
24 39
24 33
24 32
24 36
24 45
24 37
24 31
24 34
25 9
26 23
27 11
27 6
27 10
27 5
27 12
27 8
28 35
29 32
29 52
29 48
29 38
29 42
29 20
29 53
29 22
29 51
29 56
29 46
29 33
29 55
29 45
29 41
29 40
30 14
30 50
30 21
30 43
30 37
30 42
30 22
30 28
30 39
30 51
30 11
30 27
30 26
30 52
30 32
30 25
30 33
30 46
30 15
30 40
30 53
30 35
30 16
30 13
30 36
31 30
32 6
33 22
34 33
34 21
34 31
34 30
34 27
34 28
34 29
34 19
35 59
35 50
35 56
35 46
35 52
35 48
35 45
35 49
35 58
35 53
35 57
36 38
37 52
37 49
37 47
37 53
37 48
37 51
38 23
38 28
38 31
38 20
38 17
38 16
38 25
38 15
38 32
38 29
38 22
38 30
38 37
38 21
38 26
39 18
39 17
39 33
39 7
39 21
39 42
39 44
39 32
39 22
39 37
39 9
39 10
39 27
39 34
39 30
39 12
39 41
39 19
39 24
39 36
40 57
40 58
40 59
41 35
41 37
41 45
41 47
41 40
41 34
41 43
42 34
43 16
43 18
43 10
43 4
43 5
43 13
43 22
43 19
43 9
43 15
44 42
44 49
44 50
44 48
44 46
44 43
45 25
45 30
45 22
45 24
45 19
45 21
45 35
45 34
45 23
46 45
46 44
47 45
48 57
48 59
49 39
51 54
51 56
51 55
51 58
51 60
52 40
52 34
52 39
52 44
52 32
52 38
52 37
52 35
52 36
53 52
54 16
54 22
54 13
54 21
54 27
54 28
54 29
54 18
54 30
54 26
54 17
54 14
54 20
55 6
55 30
55 7
55 19
55 5
55 27
56 51
56 49
56 45
56 47
57 38
57 41
57 28
57 37
57 40
57 26
57 34
57 39
57 43
57 42
61 2
61 3
2 46
3 17
4 40
4 30
4 45
4 27
4 15
4 10
4 19
4 13
4 25
4 36
4 14
4 31
4 44
4 32
4 20
4 28
4 21
4 16
4 12
6 38
7 57
7 55
7 53
7 60
7 45
7 43
7 58
7 51
7 44
7 41
7 56
7 49
7 38
7 46
7 40
7 54
8 27
8 31
8 26
8 34
9 7
9 8
9 5
11 15
11 9
11 6
11 13
11 4
11 2
11 24
11 7
11 5
11 16
11 3
12 8
12 10
12 6
12 7
13 12
13 24
13 15
13 23
13 18
14 17
16 2
16 4
17 23
17 25
17 20
17 16
17 24
17 21
17 29
17 26
17 28
17 33
17 32
17 34
18 36
18 49
18 33
18 39
18 53
18 46
18 34
18 57
18 55
18 37
18 51
18 48
19 28
19 25
21 6
21 3
21 18
21 14
21 23
21 8
21 19
21 9
21 13
21 10
21 15
21 5
21 17
21 2
22 15
22 31
22 26
22 34
22 33
22 29
22 28
22 24
22 27
22 25
23 11
23 3
23 5
23 9
23 7
23 6
23 4
24 30
24 18
24 12
24 7
24 13
24 5
24 14
24 11
24 4
24 19
25 46
25 49
25 48
25 45
25 47
25 52
25 50
25 51
26 41
26 42
26 46
26 44
26 55
26 51
26 53
26 57
26 43
26 52
27 55
27 31
27 54
27 50
27 44
27 48
27 56
27 42
27 34
27 39
27 41
27 52
27 53
27 46
27 35
27 45
27 33
27 43
27 57
28 40
28 38
28 39
29 50
29 49
30 54
30 60
30 56
30 55
31 55
31 57
32 18
33 17
33 18
34 52
34 46
34 54
35 17
35 18
36 56
37 32
37 43
37 30
37 55
37 40
37 35
37 45
37 28
37 39
37 29
37 54
37 42
37 33
37 34
37 27
38 11
38 12
38 14
39 45
39 28
39 48
39 35
39 25
39 31
39 23
39 43
40 50
40 54
41 16
41 17
41 19
42 56
43 50
43 54
43 52
43 58
43 48
43 46
44 56
44 58
44 59
44 54
44 55
45 48
45 47
45 43
45 26
45 56
45 27
45 32
45 39
45 29
45 37
45 38
45 49
45 42
47 18
47 19
49 32
49 9
49 17
49 29
49 20
50 4
50 8
50 5
50 15
50 13
50 9
50 7
50 11
50 16
50 10
50 6
51 28
52 14
53 17
54 61
54 56
55 42
55 46
55 39
55 52
55 51
55 45
