129 6872
1 2
2 3
3 4
4 5
5 6
6 7
7 8
8 9
9 10
10 11
11 12
12 13
13 14
14 15
15 16
16 17
17 18
18 19
19 20
20 21
21 22
22 23
23 24
24 25
25 26
26 27
27 28
28 29
29 30
30 31
31 32
32 33
33 34
34 35
35 36
36 37
37 38
38 39
39 40
40 41
41 42
42 43
43 44
44 45
45 46
46 47
47 48
48 49
49 50
50 51
51 52
52 53
53 54
54 55
55 56
56 57
57 58
58 59
59 60
60 61
61 62
62 63
63 64
64 65
65 66
66 67
67 68
68 69
69 70
70 71
71 72
72 73
73 74
74 75
75 76
76 77
77 78
78 79
79 80
80 81
81 82
82 83
83 84
84 85
85 86
86 87
87 88
88 89
89 90
90 91
91 92
92 93
93 94
94 95
95 96
96 97
97 98
98 99
99 100
100 101
101 102
102 103
103 104
104 105
105 106
106 107
107 108
108 109
109 110
110 111
111 112
112 113
113 114
114 115
115 116
116 117
117 118
118 119
119 120
120 121
121 122
122 123
123 124
124 125
125 126
126 127
127 128
128 129
129 1
1 50
1 52
1 53
2 45
2 48
2 50
2 51
2 54
3 83
3 84
3 80
3 82
3 81
4 8
4 6
5 59
5 54
5 76
5 77
5 74
5 64
5 89
5 53
5 90
5 69
5 68
5 75
5 58
5 87
5 70
5 73
5 50
5 86
5 61
5 63
5 56
5 85
5 65
5 67
5 62
5 92
6 13
6 14
7 128
8 45
8 48
8 47
9 7
9 13
9 8
9 11
10 79
10 70
10 75
10 76
10 69
10 85
10 78
10 72
10 87
10 73
10 74
10 71
10 80
10 77
11 9
11 10
11 8
12 40
12 35
12 48
12 51
12 33
12 34
12 47
12 43
12 50
12 46
12 37
12 39
12 42
12 38
13 88
13 92
13 75
13 49
13 41
13 91
13 74
13 65
13 84
13 77
13 37
13 80
13 47
13 40
13 48
13 60
13 76
13 69
13 61
13 45
13 43
13 42
13 90
13 71
13 55
13 82
13 70
13 52
13 38
13 50
13 51
13 58
13 46
13 68
13 39
13 44
14 33
15 27
15 26
15 30
15 23
15 22
15 31
15 25
15 17
16 127
17 34
18 125
18 127
18 126
19 114
19 111
19 113
19 116
19 115
20 122
20 116
20 108
20 123
20 107
20 109
20 117
20 125
20 119
20 118
20 124
20 126
20 112
20 120
21 98
21 97
21 96
21 108
21 106
21 99
21 105
21 107
21 100
21 95
21 102
23 116
23 112
23 111
23 110
23 113
23 119
23 117
24 51
24 46
24 55
24 78
24 62
24 67
24 68
24 49
24 92
24 66
24 101
24 106
24 75
24 107
24 91
24 60
24 54
24 73
24 63
24 83
24 82
24 53
24 70
24 89
24 52
24 61
24 50
24 100
24 96
24 94
24 102
24 84
24 48
24 76
24 99
24 88
24 105
25 37
25 84
25 75
25 34
25 115
25 73
25 70
25 47
25 89
25 71
25 109
25 113
25 46
25 105
25 21
25 56
25 79
25 74
25 66
25 57
25 30
25 63
25 101
25 96
25 98
25 108
25 44
25 41
25 88
25 32
25 23
25 81
25 116
25 52
25 48
25 106
25 43
25 76
25 59
25 39
25 53
25 93
25 49
25 97
25 83
25 78
25 54
25 61
25 99
25 40
25 60
25 62
25 29
25 38
25 68
25 35
25 45
25 90
25 22
27 91
27 90
27 75
27 94
27 53
27 50
27 56
27 74
27 88
27 99
27 68
27 54
27 100
27 89
27 70
27 30
27 83
27 43
27 76
27 31
27 63
27 80
27 66
27 87
27 44
27 42
27 97
27 29
27 81
27 82
27 96
27 72
27 95
27 34
27 98
27 38
27 61
27 78
27 41
27 102
27 79
27 45
27 37
27 65
27 33
27 86
27 59
28 90
28 110
28 108
28 101
28 117
28 116
28 89
28 119
28 100
28 93
28 97
28 109
28 94
28 114
28 112
28 113
28 104
28 121
28 86
28 106
28 120
28 118
28 85
29 62
29 77
29 64
29 67
29 68
29 55
29 75
29 52
29 71
29 61
29 56
29 63
29 70
29 76
29 73
29 60
31 15
31 21
31 22
31 16
31 20
31 17
31 19
32 114
32 110
32 100
32 109
32 116
32 112
32 122
32 121
32 108
32 124
32 102
32 111
32 119
32 107
32 94
32 105
32 98
32 95
32 101
32 120
32 103
32 99
32 123
33 72
33 89
33 80
33 82
33 77
33 83
33 87
33 86
33 79
33 75
33 88
33 74
33 78
33 71
33 70
34 126
34 129
35 15
35 53
35 16
35 23
35 44
35 56
35 18
35 65
35 52
35 22
35 19
35 38
35 54
35 10
35 68
35 41
35 40
35 49
35 20
35 55
35 34
35 57
35 28
35 62
35 63
35 42
35 66
35 14
35 64
35 46
35 60
35 37
35 27
35 39
35 51
35 21
35 48
35 58
35 31
36 113
36 118
36 121
36 112
36 111
36 119
36 120
37 81
37 80
38 56
38 45
38 58
38 44
38 37
38 57
38 34
38 40
38 33
38 32
38 31
38 46
38 36
38 35
38 29
38 49
38 47
38 51
38 54
38 43
38 48
39 105
39 98
39 106
39 96
39 95
39 102
39 100
39 101
39 97
40 104
40 120
40 98
40 106
40 116
40 115
40 105
40 114
40 111
40 103
40 108
40 119
40 109
40 101
41 126
41 116
41 118
41 122
41 115
41 121
41 124
41 120
41 117
41 114
42 94
42 93
42 110
42 108
42 97
42 102
42 109
42 100
42 99
42 103
42 111
43 125
43 118
43 124
43 117
43 119
43 126
43 127
43 123
44 19
44 21
44 35
44 18
44 41
44 39
44 38
44 37
44 15
44 20
44 16
44 23
44 27
44 32
44 29
44 33
44 36
44 28
45 108
45 104
45 107
46 80
46 37
46 82
46 32
46 34
46 77
46 69
46 60
46 51
46 63
46 85
46 45
46 61
46 73
46 70
46 38
46 71
46 42
46 53
46 65
46 67
46 66
46 78
46 74
46 35
46 84
46 59
46 75
46 64
46 62
46 48
46 86
46 39
46 88
46 55
46 72
47 88
49 120
49 65
49 75
49 115
49 122
49 111
49 66
49 91
49 107
49 76
49 112
49 71
49 77
49 47
49 72
49 114
49 85
49 86
49 63
49 110
49 99
49 74
49 123
49 124
49 93
49 103
49 105
49 70
49 83
49 108
49 48
49 113
49 97
49 69
49 82
49 46
49 102
49 78
49 60
49 95
49 57
49 68
49 92
49 62
49 90
49 67
49 80
49 106
50 89
51 83
51 73
51 80
51 72
51 78
51 71
51 81
52 112
52 100
52 105
52 102
52 92
52 108
52 91
52 93
52 88
52 89
52 95
52 111
52 110
52 97
52 86
52 101
52 90
53 44
53 45
53 46
54 107
54 97
54 99
54 79
54 95
54 103
54 80
54 88
54 81
54 92
54 84
54 102
54 90
54 110
54 82
54 93
54 86
54 89
54 78
54 105
54 83
54 98
54 106
54 100
55 52
55 68
55 63
55 38
55 72
55 76
55 62
55 64
55 51
55 67
55 57
55 78
55 44
55 50
55 79
55 53
55 75
55 69
55 60
55 42
55 40
55 77
55 58
55 71
55 43
55 54
55 70
56 66
56 61
56 63
56 62
57 89
57 93
57 92
58 70
58 51
58 55
58 66
58 67
58 86
58 72
58 79
58 38
58 31
58 93
58 26
58 47
58 57
58 80
58 29
58 35
58 39
58 64
58 92
58 36
58 63
58 24
58 56
58 78
58 73
58 83
58 30
58 75
58 52
58 32
58 81
58 49
58 74
58 42
58 77
58 46
58 89
58 45
58 69
58 40
58 87
59 55
61 82
61 7
61 69
61 83
61 23
61 73
61 57
61 2
61 6
61 33
61 14
61 53
61 8
61 21
61 22
61 78
61 79
61 18
61 41
61 71
61 32
61 12
61 60
61 42
61 67
61 4
61 52
61 46
61 55
61 11
61 17
61 26
61 28
61 50
61 48
61 49
61 45
61 63
61 70
61 31
61 54
61 39
61 13
61 72
61 16
61 10
61 75
61 44
61 65
61 34
61 38
61 37
61 15
62 114
62 111
62 110
62 108
64 95
64 99
64 90
64 98
64 92
64 89
64 94
64 100
64 102
64 88
64 85
64 93
65 111
65 113
65 112
66 83
66 60
66 109
66 106
66 111
66 110
66 100
66 68
66 90
66 87
66 48
66 86
66 51
66 103
66 95
66 80
66 59
66 64
66 63
66 52
66 78
66 49
66 101
66 93
66 57
66 96
66 74
66 54
66 44
66 102
66 56
66 85
66 77
66 75
66 84
66 62
67 125
67 123
67 128
67 124
67 129
68 57
68 70
68 74
68 66
68 78
68 77
68 65
68 72
68 80
68 56
68 76
68 79
68 64
68 71
69 40
69 46
69 36
69 39
69 44
69 47
69 45
69 49
69 41
70 88
70 66
70 67
70 95
70 103
70 102
70 75
70 74
70 97
70 60
70 99
70 109
70 78
70 61
70 84
70 92
70 68
70 104
70 96
70 93
70 110
70 62
70 91
70 72
70 64
70 106
70 113
70 101
70 87
70 90
70 86
71 59
71 50
71 61
71 47
71 64
71 53
71 57
71 66
71 52
71 49
71 54
71 55
71 63
71 56
71 60
71 48
72 28
72 37
72 25
72 24
72 29
72 30
72 23
72 36
73 109
73 110
74 28
74 42
74 40
74 36
74 37
74 27
74 46
74 35
74 31
74 44
74 52
74 38
74 43
74 53
74 49
74 48
76 116
76 112
76 120
76 122
76 111
76 110
76 114
76 109
76 119
76 115
76 117
76 113
77 124
77 128
77 122
77 125
77 129
78 41
78 33
78 11
78 31
78 24
78 14
78 35
78 27
78 38
78 34
78 8
78 20
78 10
78 22
78 36
78 26
78 42
78 23
78 25
78 9
79 75
79 109
79 67
79 111
79 78
79 85
79 90
79 96
79 65
79 53
79 74
79 91
79 77
79 52
79 76
79 60
79 86
79 81
79 110
79 72
79 103
79 64
79 105
79 63
79 92
79 68
79 107
79 69
79 94
79 95
79 87
79 98
79 66
79 56
79 58
79 55
79 73
80 40
80 23
80 24
80 33
80 27
80 42
80 39
80 22
80 28
80 37
80 43
80 32
80 29
80 45
80 44
80 30
80 36
80 21
82 37
83 63
84 14
84 11
84 17
84 23
84 15
84 12
84 21
84 18
84 19
85 92
85 93
85 91
85 108
85 99
85 90
85 101
85 102
85 95
85 104
85 106
85 98
85 103
86 94
86 83
86 105
86 89
86 81
86 90
86 102
86 84
86 82
86 103
86 80
86 85
86 100
86 92
86 96
87 31
87 19
87 15
87 32
87 27
87 17
87 12
87 11
87 16
87 18
87 25
87 26
87 20
87 24
88 83
88 103
88 80
88 93
88 107
88 70
88 105
88 86
88 101
88 94
88 72
88 76
88 109
88 102
88 79
88 73
88 84
88 111
88 82
88 78
88 75
88 81
88 104
88 97
88 92
88 100
89 66
89 64
89 67
90 68
90 77
90 72
90 73
90 70
90 71
91 64
91 69
91 75
91 63
91 66
91 65
91 77
91 70
91 72
91 68
92 86
92 88
92 83
92 82
93 36
93 37
93 35
93 28
93 29
93 26
93 33
93 17
93 23
93 34
93 18
93 20
93 24
93 25
94 52
94 45
94 42
94 50
94 43
94 51
94 48
94 44
94 46
95 34
95 39
95 38
95 36
95 35
96 33
96 34
97 108
97 111
98 97
98 107
98 105
98 100
98 110
98 104
98 96
98 109
98 103
99 93
99 68
99 88
99 86
99 69
99 94
99 91
99 115
99 74
99 117
99 116
99 82
99 71
99 77
99 98
99 112
99 123
99 111
99 121
99 114
99 73
99 72
99 78
99 66
99 105
99 83
99 89
99 75
99 103
99 87
99 124
99 79
99 109
99 65
99 120
99 106
99 95
99 97
100 39
100 40
100 16
100 44
100 26
100 30
100 45
100 36
100 18
100 14
100 25
100 22
100 42
100 43
100 23
100 15
100 27
100 41
100 19
100 28
100 33
100 38
101 93
101 64
101 69
101 61
101 79
101 70
101 116
101 115
101 91
101 109
101 82
101 90
101 57
101 83
101 76
101 81
101 78
101 112
101 63
101 77
101 100
101 55
101 66
101 98
101 65
101 117
101 108
101 89
101 95
101 107
101 59
101 84
101 67
101 71
101 58
101 118
101 103
101 97
102 17
103 28
103 48
103 9
103 41
103 43
103 21
103 33
103 22
103 52
103 35
103 37
103 23
103 18
103 47
103 44
103 27
103 60
103 30
103 17
103 56
103 11
103 32
103 24
103 12
103 14
103 57
103 49
103 55
103 6
103 15
103 36
103 25
103 59
103 31
103 54
103 39
103 53
103 46
104 117
104 125
104 121
104 116
104 124
104 115
104 126
104 127
104 122
105 43
105 73
105 117
105 115
105 46
105 25
105 81
105 51
105 28
105 84
105 91
105 29
105 48
105 12
105 108
105 14
105 71
105 77
105 30
105 45
105 69
105 63
105 31
105 86
105 101
105 78
105 61
105 80
105 94
105 17
105 34
105 118
105 96
105 49
105 55
105 44
105 89
105 109
105 65
105 107
105 93
105 112
105 37
105 68
105 47
105 38
105 59
105 20
105 76
105 104
105 11
105 97
105 42
105 87
105 58
105 75
105 64
105 121
105 27
105 95
105 99
105 114
105 72
105 56
105 9
105 66
105 67
105 52
105 62
105 116
105 100
106 24
106 29
106 32
106 55
106 73
106 68
106 90
106 81
106 27
106 41
106 79
106 49
106 66
106 58
106 26
106 36
106 85
106 62
106 51
106 64
106 23
106 96
106 44
106 52
106 83
106 71
106 82
106 87
106 75
106 97
106 89
106 92
106 65
106 84
106 30
106 80
106 28
106 34
106 50
106 95
106 91
106 78
106 43
106 60
106 67
106 88
106 72
107 93
107 91
107 89
107 96
107 86
107 84
107 85
107 92
108 12
109 87
109 84
109 88
109 81
109 86
109 79
109 78
109 85
109 80
110 105
110 103
110 95
110 101
110 102
110 100
110 106
110 98
110 97
111 108
111 105
111 110
111 107
112 71
112 68
112 107
112 76
112 66
112 102
112 93
112 91
112 98
112 74
112 100
112 108
112 104
112 116
112 95
112 80
112 92
112 88
112 110
112 85
112 118
112 86
112 83
112 84
112 61
112 77
112 81
112 65
112 79
112 67
112 73
112 103
112 106
112 114
113 83
113 82
113 84
113 89
113 87
113 88
114 108
114 100
114 107
114 109
114 97
114 92
114 102
114 106
114 95
114 99
114 113
114 105
114 104
114 94
114 112
114 101
114 111
115 111
115 114
115 69
115 88
115 71
115 110
115 109
115 66
115 124
115 73
115 96
115 107
115 121
115 104
115 122
115 98
115 117
115 97
115 75
115 120
115 78
115 85
115 72
115 91
115 108
115 93
115 106
115 83
115 95
115 77
115 65
115 100
115 76
115 86
115 123
116 44
116 77
116 90
116 68
116 95
116 92
116 82
116 79
116 65
116 51
116 46
116 53
116 45
116 76
116 75
116 58
116 61
116 96
116 48
116 73
116 59
116 91
116 93
116 70
116 66
116 74
116 86
116 55
116 85
116 69
116 84
116 88
117 75
117 82
117 104
117 79
117 56
117 36
117 93
117 43
117 90
117 64
117 61
117 73
117 84
117 71
117 103
117 65
117 86
117 49
117 76
117 91
117 68
117 40
117 47
117 81
117 99
117 63
117 100
117 70
117 101
117 38
117 78
117 39
117 45
117 92
117 62
117 89
117 60
117 67
117 97
117 53
117 83
117 85
117 55
117 74
118 120
119 41
119 47
119 40
119 45
119 44
119 46
120 43
120 41
120 44
120 40
120 45
120 42
121 96
121 98
121 90
121 62
121 76
121 65
121 87
121 113
121 116
121 60
121 117
121 82
121 74
121 103
121 75
121 71
121 79
121 110
121 94
121 102
121 93
121 107
121 56
121 58
121 84
121 68
121 86
121 69
121 72
121 83
121 63
121 59
121 97
121 81
121 80
121 77
121 67
121 92
121 64
121 66
121 104
121 109
121 119
121 55
121 85
122 59
122 72
122 52
122 76
122 66
122 68
122 78
122 79
122 50
122 55
122 51
122 57
122 60
122 56
122 70
122 61
122 58
122 54
122 63
122 64
123 70
123 78
123 67
123 68
123 77
123 72
123 71
123 79
123 62
123 81
123 69
123 65
124 98
124 95
124 100
124 96
124 97
125 43
125 26
125 11
125 13
125 28
125 19
125 38
125 48
125 34
125 14
125 24
125 23
125 41
125 25
125 17
125 9
125 30
125 12
125 15
125 47
125 40
125 21
125 10
125 20
125 45
125 31
125 27
125 22
125 37
125 33
126 21
126 15
126 16
126 19
126 18
127 44
127 30
127 52
127 28
127 89
127 32
127 33
127 46
127 34
127 36
127 68
127 83
127 80
127 64
127 43
127 48
127 75
127 61
127 92
127 35
127 57
127 91
127 79
127 45
127 82
127 42
127 78
127 86
127 53
127 62
127 41
127 29
127 51
127 66
127 39
127 56
127 50
127 38
127 40
128 126
128 119
128 112
128 111
128 116
128 122
128 125
128 117
128 121
128 124
129 41
129 78
129 77
129 57
129 53
129 31
129 56
129 68
129 75
129 49
129 70
129 74
129 54
129 72
129 33
129 59
129 64
129 48
129 38
129 81
129 32
129 60
129 39
129 76
129 66
129 42
129 67
129 43
129 58
129 51
129 44
129 63
129 34
1 117
1 123
1 125
1 120
1 118
1 122
1 113
1 115
1 119
1 112
2 35
2 20
2 42
2 52
2 10
2 26
2 53
2 41
2 8
2 43
2 21
2 46
2 30
2 38
2 16
2 27
2 9
2 17
2 37
2 39
2 36
2 11
2 55
2 44
2 47
2 23
2 34
2 14
2 13
2 18
2 12
3 16
3 13
3 31
3 27
3 28
3 29
3 25
3 22
3 32
3 24
3 14
3 26
3 21
4 71
5 82
5 95
5 71
5 80
5 84
5 81
5 88
5 72
5 79
6 91
6 102
6 94
6 93
6 98
6 74
6 60
6 64
6 112
6 104
6 86
6 113
6 110
6 96
6 52
6 81
6 73
6 45
6 77
6 83
6 75
6 44
6 67
6 101
6 61
6 56
6 57
6 82
6 62
6 100
6 46
6 84
6 48
6 65
6 90
6 88
6 66
6 71
6 99
6 72
6 59
6 68
6 76
7 106
7 93
7 86
7 74
7 103
7 87
7 89
7 82
7 76
7 101
7 92
7 96
7 95
7 97
7 100
7 90
7 84
7 102
7 78
7 81
8 56
8 96
8 63
8 75
8 92
8 83
8 68
8 85
8 51
8 73
8 69
8 95
8 78
8 50
8 89
8 60
8 87
8 81
8 67
8 59
8 52
8 57
8 65
8 98
8 88
8 72
8 42
8 43
8 82
8 66
8 61
8 44
8 46
8 90
8 71
9 45
9 47
9 48
9 42
9 53
9 51
9 43
9 44
10 91
10 93
10 88
10 86
11 66
11 74
11 65
11 77
11 72
11 79
11 73
11 70
11 82
11 78
11 81
11 80
11 64
12 129
13 59
13 53
13 28
13 34
13 32
13 30
13 36
13 29
13 54
14 103
14 97
14 107
14 104
14 106
14 98
15 55
15 53
15 54
15 51
16 54
16 113
16 61
16 69
16 116
16 92
16 86
16 60
16 65
16 55
16 107
16 105
16 114
16 90
16 70
16 117
16 102
16 73
16 66
16 75
16 99
16 58
16 95
16 53
16 100
16 59
16 81
16 94
16 108
16 74
16 89
16 88
16 83
16 91
16 93
16 87
16 80
16 68
16 115
16 79
17 51
17 49
18 105
18 102
18 101
18 109
18 104
18 100
18 103
20 62
20 64
20 67
20 56
20 63
20 57
20 60
20 61
20 55
20 59
21 116
21 124
21 121
21 126
21 125
21 119
22 112
22 72
22 77
22 61
22 96
22 67
22 86
22 69
22 111
22 76
22 88
22 83
22 94
22 68
22 64
22 85
22 60
22 105
22 79
22 93
22 97
22 90
22 84
22 110
22 80
22 108
22 113
22 109
22 81
22 114
22 91
22 95
22 98
22 73
22 58
22 70
23 114
23 109
24 26
24 33
24 38
24 29
24 34
24 37
24 40
24 28
24 32
24 36
25 87
25 94
25 67
25 72
25 77
25 80
25 82
25 86
25 91
26 122
26 118
26 119
26 121
27 25
27 16
27 12
27 21
27 15
27 20
27 11
27 36
27 18
27 7
27 5
27 32
27 4
27 35
27 9
27 19
27 17
27 6
28 122
28 123
29 84
29 81
29 83
29 74
29 78
29 82
29 79
30 39
30 42
30 43
30 44
30 40
31 68
31 5
31 14
31 67
31 63
31 58
31 54
31 48
31 75
31 73
31 66
31 3
31 24
31 76
31 27
31 78
31 94
31 90
31 101
31 92
31 97
31 51
31 41
31 98
31 77
31 57
31 23
31 6
31 44
31 33
31 49
31 39
31 91
31 84
31 28
31 85
31 25
31 18
31 9
31 56
31 59
31 65
31 29
31 13
31 71
31 11
31 60
31 102
31 64
31 26
31 70
31 42
31 82
31 7
31 81
31 100
31 34
32 128
32 125
32 115
32 104
33 18
33 9
33 16
33 19
33 7
33 12
33 11
34 78
34 71
34 70
34 66
34 65
34 74
34 77
34 68
34 69
34 79
34 81
34 73
34 76
35 90
35 101
35 50
35 69
35 91
35 94
35 61
35 93
35 81
35 80
35 77
35 86
35 76
35 59
35 104
35 100
35 78
35 103
35 67
35 98
35 47
35 89
35 102
36 98
36 100
36 80
36 99
36 97
36 79
36 76
36 107
36 71
36 78
36 88
36 82
36 83
36 94
36 81
36 91
36 89
36 102
36 105
36 73
36 75
36 77
36 92
36 74
36 109
36 108
37 65
37 68
37 49
37 60
37 61
37 56
37 48
37 52
37 53
37 63
37 54
37 66
37 64
37 47
37 67
38 27
39 32
39 28
39 31
39 26
39 29
39 34
39 27
40 51
40 50
41 90
41 96
41 89
41 85
41 86
41 92
41 87
41 88
41 100
41 98
41 102
41 95
42 122
42 118
42 117
42 121
42 120
43 105
44 50
44 51
44 64
44 53
44 56
44 55
44 82
44 72
44 49
44 97
44 77
44 74
44 101
44 70
44 30
44 114
44 85
44 61
44 115
44 67
44 76
44 42
44 80
44 63
44 69
44 73
44 31
44 107
44 89
44 79
44 68
44 106
44 108
44 75
44 60
44 100
44 94
44 99
44 62
44 92
44 103
44 87
44 47
44 86
44 48
44 104
44 78
44 96
44 102
44 88
44 93
44 111
45 120
45 98
45 127
45 106
45 100
45 115
45 114
45 101
45 103
45 109
45 116
45 113
45 122
45 111
45 96
45 121
45 102
45 110
45 118
45 119
45 123
46 33
46 76
46 30
46 79
46 44
46 50
46 56
46 41
46 31
46 40
46 49
47 104
47 115
47 122
47 113
47 107
47 117
47 121
47 111
47 112
47 119
47 108
47 116
47 120
47 103
48 61
48 63
48 70
48 51
48 66
48 69
48 55
48 68
48 54
48 57
48 47
48 59
49 39
49 41
49 45
49 44
49 40
50 119
50 117
50 120
50 116
50 121
50 118
51 92
51 88
51 91
51 87
52 67
52 62
52 64
52 63
52 57
52 61
52 66
52 58
53 50
53 71
53 52
53 67
53 58
53 43
53 60
53 51
53 69
53 49
53 62
53 66
53 64
53 74
53 75
53 65
53 55
53 72
53 57
55 82
55 84
55 86
55 83
55 89
55 90
56 127
57 125
57 126
57 127
57 122
58 105
58 106
60 66
60 62
60 65
60 68
61 81
61 85
61 68
61 105
61 76
61 74
61 100
61 87
61 98
61 77
61 103
61 80
61 86
61 104
61 102
61 84
61 92
61 96
62 73
62 68
62 71
62 66
62 67
63 83
63 82
63 88
64 108
64 105
64 97
64 106
64 122
64 113
64 121
64 96
64 119
64 111
64 103
64 114
64 118
64 120
65 91
65 82
65 83
65 86
65 87
65 92
65 85
65 93
65 88
66 122
67 112
67 114
67 109
67 122
67 111
67 113
67 121
67 107
67 108
67 120
67 110
67 116
68 111
68 89
68 102
68 98
68 90
68 95
68 110
68 86
68 105
68 100
68 87
68 88
68 91
68 109
68 96
68 99
68 108
68 104
68 85
69 57
69 66
69 60
69 61
69 63
69 55
69 67
69 58
69 65
69 59
71 100
71 70
71 62
71 108
71 101
71 74
71 73
71 96
71 107
71 88
71 93
71 65
71 115
71 109
71 94
71 78
71 83
71 112
71 106
71 86
71 92
71 113
71 79
71 117
71 90
71 118
71 51
71 80
71 69
71 76
71 77
71 67
71 105
73 93
73 79
73 87
73 18
73 113
73 7
73 32
73 36
73 92
73 54
73 8
73 111
73 115
73 85
73 76
73 23
73 70
73 13
73 101
73 11
73 89
73 116
73 6
73 39
73 30
73 16
73 46
73 90
73 64
73 50
73 27
73 63
73 97
73 12
73 100
73 19
73 51
73 106
73 20
73 108
73 40
73 31
73 49
73 104
73 43
73 44
73 117
73 22
73 84
73 17
73 98
73 88
73 86
73 56
73 21
73 41
73 82
73 37
73 34
73 38
73 35
73 9
73 91
73 33
73 65
73 99
73 10
73 119
73 26
73 107
73 77
73 72
73 55
73 58
73 66
74 24
74 66
74 68
74 5
74 12
74 21
74 26
74 8
74 47
74 61
74 22
74 62
74 45
74 10
74 41
74 39
74 51
74 19
74 14
74 7
74 13
74 29
74 33
74 11
74 59
74 54
74 25
74 16
74 50
74 15
74 55
74 56
74 65
74 57
76 93
76 90
76 94
76 63
76 72
76 73
76 69
76 84
76 79
76 92
76 89
76 102
76 74
76 67
76 91
76 88
76 71
76 86
76 98
76 68
76 62
76 82
76 65
77 60
77 64
77 61
77 63
78 13
80 128
81 39
82 104
82 102
82 113
82 101
82 97
82 120
82 103
82 107
82 100
82 125
82 99
82 110
82 91
82 96
82 90
82 94
82 118
82 119
82 109
82 123
82 95
82 93
83 52
83 56
83 53
83 50
83 51
83 55
83 54
84 4
84 8
84 3
84 7
84 5
85 17
85 5
85 1
85 9
85 2
85 4
85 11
85 8
85 13
85 3
85 7
85 16
86 107
86 116
86 93
86 97
86 104
86 118
86 98
86 112
86 117
86 113
86 108
86 120
86 95
86 115
86 119
86 99
87 73
87 72
87 75
87 76
87 77
87 69
87 67
87 74
87 71
88 91
88 87
88 96
88 90
88 95
88 108
88 99
88 85
88 106
89 111
89 112
89 113
89 115
90 116
90 111
90 112
90 117
91 113
91 114
91 109
92 47
92 45
92 42
92 41
92 43
92 40
92 37
92 46
93 15
93 6
93 14
93 21
93 19
93 8
93 7
93 11
93 12
93 9
93 13
94 114
94 116
94 109
94 117
94 110
94 112
94 119
94 113
94 121
94 118
94 105
95 117
95 115
95 124
95 123
95 120
95 114
95 118
95 113
96 89
97 100
97 67
97 56
97 83
97 115
97 86
97 58
97 81
97 57
97 72
97 88
97 82
97 103
97 119
97 116
97 110
97 51
97 90
97 55
97 59
97 105
97 121
97 69
97 68
97 70
97 117
97 79
97 107
97 113
97 92
97 48
97 63
97 75
97 62
97 91
97 87
97 106
97 53
97 77
97 49
97 118
97 85
98 73
98 63
98 58
98 50
98 42
98 65
98 79
98 40
98 74
98 45
98 93
98 57
98 44
98 72
98 68
98 94
98 82
98 64
98 62
98 81
98 70
98 76
98 55
98 60
98 84
98 95
98 86
98 80
98 52
98 75
98 41
100 4
101 87
101 85
101 92
102 10
102 23
102 37
102 36
102 18
102 8
102 32
102 35
102 7
102 28
102 27
102 12
102 26
102 6
102 34
102 5
102 31
102 21
102 44
102 43
102 4
102 16
102 33
102 39
102 3
102 14
103 85
103 99
103 81
103 90
103 84
103 98
103 91
103 92
103 94
103 101
103 82
103 102
103 96
103 87
103 100
103 107
105 92
106 39
107 82
107 88
107 83
108 113
108 116
108 112
108 117
108 110
108 114
108 111
109 53
109 54
109 48
109 47
109 55
109 57
109 52
109 46
110 88
110 86
110 94
110 99
110 104
110 112
110 85
110 90
110 87
110 115
110 89
111 109
112 42
112 25
112 30
112 41
112 26
112 27
112 34
112 40
112 39
112 32
112 31
113 126
114 119
114 118
115 50
115 62
115 51
115 42
115 46
115 59
115 56
115 60
115 54
115 53
115 44
115 45
115 43
115 40
115 61
116 89
116 42
116 36
116 32
116 57
116 60
116 50
116 78
116 94
116 71
116 34
116 26
116 100
116 101
116 28
116 87
116 107
116 72
116 64
116 56
116 29
116 105
116 83
116 98
116 106
116 39
116 37
116 99
116 31
116 63
116 81
116 104
116 35
116 30
118 24
118 23
118 21
118 26
118 22
119 6
119 16
119 28
119 9
119 17
119 32
119 15
119 36
119 37
119 20
119 31
119 34
119 8
119 22
119 14
119 19
119 39
119 5
119 10
119 30
119 38
119 35
119 25
119 29
120 101
120 96
120 90
120 107
120 102
120 97
120 99
120 100
120 91
120 81
120 86
120 110
120 114
120 84
120 112
120 85
120 89
120 93
120 104
120 95
120 87
120 78
120 103
120 109
120 111
121 61
121 95
121 89
121 99
121 91
121 70
121 101
121 57
121 100
123 51
123 55
123 58
123 56
123 50
123 53
123 57
124 103
124 104
124 106
124 108
125 85
125 82
125 72
125 90
125 84
125 93
125 76
125 99
125 70
125 78
125 102
125 95
125 81
125 101
125 92
125 79
125 73
125 83
125 80
125 77
125 87
126 63
126 79
126 82
126 57
126 74
126 66
126 71
126 65
126 86
126 89
126 91
126 60
126 68
126 61
126 47
126 85
126 88
126 84
126 81
126 52
126 59
126 70
126 56
126 46
126 75
126 55
126 69
126 80
126 90
126 48
127 21
127 23
127 24
127 22
128 90
128 89
128 80
128 98
128 97
128 88
128 78
128 81
128 93
128 94
128 99
128 84
128 83
128 85
129 46
129 88
129 85
129 86
129 61
129 50
129 69
129 84
129 47
129 97
129 83
129 98
129 89
129 94
129 82
129 62
129 79
129 55
129 96
129 65
129 37
129 87
129 80
129 91
129 30
1 107
1 106
1 109
1 105
1 101
1 100
1 110
2 19
2 22
4 67
4 62
4 75
4 61
4 77
4 58
4 59
4 63
4 52
4 66
4 56
4 53
4 55
4 76
4 72
4 74
4 78
4 64
5 120
5 104
5 111
5 119
5 107
5 114
5 102
5 116
5 112
5 113
5 101
5 122
5 125
5 106
6 128
6 124
6 129
6 120
6 122
6 121
7 53
7 54
7 56
8 115
8 97
8 117
8 105
8 99
8 113
8 80
8 91
8 104
8 103
8 79
8 86
8 110
8 101
8 93
8 107
8 108
8 94
8 84
9 126
9 125
9 124
9 128
12 121
12 120
12 118
12 123
12 115
12 117
13 78
13 86
13 72
13 79
13 83
13 73
14 34
14 37
14 40
14 31
14 25
14 39
14 36
14 35
14 42
14 29
14 30
14 32
14 28
15 129
15 124
15 126
15 125
16 106
16 110
17 113
17 103
17 109
17 108
17 116
17 115
17 107
17 120
17 125
17 101
17 122
17 112
17 114
17 100
17 104
17 102
18 39
18 54
18 45
18 40
18 38
18 56
18 46
18 51
18 44
18 55
18 42
18 50
18 47
18 43
19 107
19 84
19 106
19 95
19 75
19 87
19 88
19 91
19 93
19 110
19 99
19 82
19 90
19 97
19 94
19 109
19 83
19 92
19 100
19 86
19 74
19 96
19 101
20 19
22 74
22 82
22 65
22 62
22 78
23 52
24 123
26 102
26 104
26 101
26 98
26 103
27 108
28 37
28 35
28 23
28 15
28 38
28 30
28 31
28 16
28 36
28 26
28 14
28 25
28 18
28 19
29 107
29 111
29 114
29 106
29 116
29 110
29 113
30 113
30 105
30 107
30 110
30 111
30 108
31 46
31 45
31 50
31 52
32 18
32 7
32 17
32 8
32 10
32 12
32 19
32 20
32 11
32 9
33 93
33 91
34 75
34 67
34 82
34 83
36 61
36 53
36 72
36 43
36 57
36 58
36 56
36 47
36 55
36 54
36 45
36 52
36 70
36 48
36 49
36 60
36 69
37 70
37 72
38 119
38 117
38 118
39 48
39 58
39 33
39 50
39 23
39 21
39 46
39 57
39 42
39 18
39 51
39 19
39 60
39 49
39 52
39 63
39 61
39 37
39 20
39 38
39 36
39 54
39 53
39 62
39 55
39 35
39 44
40 121
41 97
41 101
42 30
43 35
43 64
43 77
43 41
43 36
43 91
43 74
43 82
43 60
43 75
43 86
43 51
43 46
43 30
43 85
43 79
43 92
43 66
43 52
43 93
43 63
43 65
43 89
43 55
43 57
43 42
43 29
43 83
43 67
43 49
43 39
43 33
43 68
43 61
43 47
43 37
43 90
44 40
45 47
45 50
45 49
46 118
46 115
46 116
46 117
46 114
47 94
47 106
47 76
47 100
47 91
47 83
47 75
47 95
47 85
47 93
47 102
47 81
47 77
47 99
47 109
47 80
47 72
47 101
47 73
47 92
47 78
47 71
47 105
48 99
48 52
48 58
48 60
48 80
48 114
48 82
48 62
48 106
48 122
48 85
48 86
48 50
48 72
48 105
48 71
48 84
48 93
48 123
48 65
48 117
48 78
48 83
48 119
48 116
48 95
48 101
48 90
48 92
48 98
48 113
48 76
48 115
48 109
48 91
48 53
49 117
50 55
50 53
50 20
50 29
50 32
50 21
50 28
50 37
50 39
50 47
50 35
50 38
50 57
50 27
50 24
50 34
50 23
50 52
50 44
50 26
50 54
50 41
50 58
51 19
51 21
51 20
51 28
51 23
51 34
51 38
51 22
51 25
51 31
51 29
52 96
52 106
52 85
52 87
52 83
52 99
52 84
52 104
52 94
53 90
53 87
53 80
53 77
53 76
53 88
53 84
53 85
53 81
53 79
53 78
54 124
54 129
54 125
54 127
54 128
55 87
56 81
56 82
56 85
56 79
56 78
56 75
56 76
56 80
56 84
56 83
57 109
57 52
57 107
57 83
57 88
57 79
57 53
57 40
57 90
57 100
57 112
57 50
57 59
57 68
57 77
57 61
57 45
57 87
57 49
57 102
57 82
57 38
57 44
57 84
57 41
57 64
57 104
57 106
57 71
57 76
57 111
57 96
57 62
57 108
57 97
57 113
57 74
57 103
57 51
57 66
57 54
57 101
57 72
57 110
57 67
57 85
57 56
57 42
57 60
57 43
58 34
58 33
59 116
59 96
59 120
59 109
59 86
59 102
59 89
59 117
59 88
59 115
59 99
59 105
59 111
59 83
59 92
59 93
59 107
59 112
59 95
59 85
59 87
59 106
59 100
59 113
59 103
60 111
60 110
61 94
61 110
61 99
61 97
61 91
61 106
61 107
61 108
62 102
62 97
62 95
62 85
62 75
62 81
62 83
62 89
62 77
62 106
62 74
62 94
62 86
62 100
62 69
62 101
62 78
62 104
62 103
62 96
62 99
62 80
62 105
63 110
63 111
63 112
63 100
63 101
63 113
63 105
63 99
63 103
64 6
64 15
64 5
64 9
64 13
64 11
64 12
64 14
64 7
64 10
65 76
65 58
65 63
65 49
65 79
65 62
65 67
65 71
65 70
65 84
65 73
65 57
65 80
65 64
65 59
65 50
65 75
65 61
65 68
65 47
65 81
66 81
66 71
66 76
66 82
66 70
67 84
67 95
67 91
67 106
67 100
67 97
67 104
67 93
67 101
67 98
67 92
67 99
67 96
67 90
67 83
68 112
68 106
68 113
68 97
68 107
68 94
68 103
69 126
69 127
69 128
70 124
70 122
70 125
70 126
72 111
72 90
72 104
72 88
72 103
72 89
72 100
72 99
72 105
72 106
72 98
72 81
72 77
72 76
72 69
72 96
72 74
72 94
72 84
72 107
72 66
72 80
72 97
72 78
72 91
72 75
72 83
72 86
73 47
75 85
75 94
75 83
75 91
75 89
75 84
75 90
75 92
75 95
75 80
76 50
76 53
76 47
76 35
76 51
76 41
76 49
76 43
76 44
76 38
76 58
76 37
76 36
76 56
76 52
77 94
77 95
78 86
78 90
78 84
78 85
78 80
78 82
78 81
78 88
78 92
78 87
78 91
78 83
79 122
79 121
79 118
79 119
80 109
80 108
80 105
80 112
80 107
80 104
80 102
80 101
80 103
80 113
81 55
81 62
81 63
81 53
81 68
81 41
81 49
81 69
81 51
81 45
81 65
81 48
81 44
81 56
81 46
81 57
81 50
81 42
81 38
81 60
81 52
82 112
83 126
83 123
83 120
83 127
83 124
84 60
84 59
84 54
84 49
84 55
84 38
84 63
84 56
84 68
84 52
84 37
84 70
84 58
84 48
84 61
84 62
84 67
84 57
84 36
84 46
84 43
84 40
84 35
84 50
85 57
85 77
85 18
85 87
85 41
85 70
85 62
85 66
85 59
85 40
85 94
85 88
85 52
85 83
85 89
85 80
85 44
85 50
85 26
85 33
85 53
85 32
85 67
85 35
85 58
85 75
85 38
85 42
85 37
85 46
85 73
85 28
85 61
85 55
85 24
85 84
85 22
85 54
85 47
85 20
85 43
85 81
85 56
85 72
85 97
85 68
85 63
85 51
85 25
86 59
86 43
86 45
86 47
86 111
86 52
86 71
86 73
86 67
86 54
86 65
86 50
86 101
86 68
86 79
86 76
86 66
86 91
86 55
86 49
86 60
86 61
86 42
86 62
86 48
86 70
86 57
86 53
86 56
86 69
87 41
87 39
87 68
87 37
87 46
87 56
87 48
87 60
87 45
87 55
87 63
87 42
87 35
87 62
87 53
87 38
87 57
87 65
87 70
87 58
90 103
90 104
90 107
90 105
91 56
91 80
91 60
91 87
91 76
91 84
91 82
91 86
91 57
91 58
91 59
91 71
91 73
91 67
91 61
91 88
91 85
91 62
91 79
92 126
93 22
93 16
94 83
94 80
94 84
94 77
95 105
95 84
95 82
95 106
95 91
95 80
95 88
95 83
95 77
95 94
95 101
95 100
95 103
95 109
95 87
95 112
95 79
95 98
95 93
95 97
95 104
95 78
95 102
95 90
97 124
97 125
97 123
98 89
99 84
99 81
99 76
100 99
100 107
100 104
100 106
100 108
100 98
100 103
102 9
104 71
104 62
104 45
104 37
104 64
104 44
104 53
104 49
104 76
104 38
104 32
104 87
104 41
104 68
104 51
104 78
104 66
104 86
104 42
104 28
104 34
104 84
104 47
104 82
104 52
104 61
104 35
104 54
104 74
104 56
104 70
104 59
104 67
104 60
104 40
104 63
104 79
104 83
104 81
104 65
105 79
105 57
105 88
105 70
105 53
105 50
105 83
105 85
106 47
106 53
106 48
106 57
106 74
106 37
106 40
106 56
107 100
107 99
107 101
108 23
108 17
108 13
108 18
108 20
108 15
108 21
109 98
109 97
109 99
110 70
110 109
110 107
110 92
110 79
110 82
110 72
110 113
110 93
110 77
110 81
110 80
110 114
110 116
110 71
110 73
111 128
112 53
112 50
112 54
112 55
113 8
113 31
113 36
113 30
113 34
113 6
113 33
113 9
113 4
113 32
113 23
113 26
113 5
113 12
113 13
113 10
113 29
113 22
113 35
113 17
113 37
113 20
113 25
113 18
113 3
114 54
114 89
114 78
114 43
114 51
114 45
114 87
114 75
114 52
114 66
114 67
114 64
114 73
114 70
114 91
114 50
114 44
114 48
114 53
114 69
114 60
114 47
114 55
114 77
114 61
114 59
114 76
114 65
114 90
114 93
114 84
115 29
115 28
115 23
115 21
115 12
115 22
115 18
115 19
115 17
115 24
115 25
115 14
116 19
116 18
116 15
116 13
116 10
116 9
116 20
116 11
116 16
117 113
117 108
117 95
117 112
117 116
117 106
117 102
117 115
117 94
117 88
117 114
119 97
119 114
119 83
119 84
119 90
119 105
119 115
119 116
119 82
119 111
119 110
119 113
119 109
119 91
119 104
119 98
119 102
119 93
119 112
120 125
120 126
120 123
120 127
120 119
121 112
121 105
121 108
122 71
122 62
122 67
122 65
123 29
123 34
123 21
123 26
123 22
123 24
123 30
123 36
123 20
123 35
123 33
124 85
124 87
124 93
124 83
124 113
124 92
124 77
124 89
124 78
124 105
124 110
124 107
124 79
124 82
124 94
124 81
124 90
125 71
125 59
125 75
125 63
125 60
125 64
125 61
125 62
126 129
127 55
127 37
127 67
127 58
127 65
127 59
127 49
128 63
128 41
128 59
128 49
128 35
128 38
128 62
128 60
128 45
128 66
128 37
128 48
128 61
128 39
128 55
128 57
128 56
128 47
128 50
128 52
128 54
128 36
128 51
129 110
129 100
129 121
129 93
129 122
129 99
129 114
129 105
129 90
129 117
129 111
129 106
129 118
129 109
129 103
129 104
1 90
1 84
1 92
1 86
1 96
1 75
1 81
1 97
1 85
1 76
1 78
1 91
1 80
1 77
1 93
1 89
1 94
2 7
2 58
2 49
2 62
2 60
2 59
2 56
2 57
2 40
2 33
2 28
2 6
2 25
3 87
3 34
3 77
3 92
3 55
3 72
3 45
3 88
3 85
3 97
3 101
3 43
3 58
3 36
3 71
3 35
3 54
3 68
3 94
3 110
3 100
3 65
3 107
3 89
3 109
3 37
3 66
3 105
3 99
3 41
3 44
3 106
3 52
3 67
3 103
3 64
3 91
3 51
3 61
3 56
3 96
3 73
3 49
3 108
3 47
3 104
3 70
4 99
4 107
4 84
4 88
4 80
4 90
4 57
4 73
4 68
4 95
4 96
4 102
4 87
4 81
4 97
4 104
4 82
4 94
4 65
4 91
4 103
4 100
4 70
4 93
4 79
5 109
5 115
5 100
5 108
5 118
5 110
6 69
6 39
6 92
6 95
6 79
6 38
6 87
6 70
6 103
6 54
6 63
6 55
6 33
6 36
6 40
6 80
6 41
6 97
7 15
7 14
7 13
7 16
8 13
8 15
8 12
8 18
8 14
8 17
9 110
9 60
9 107
9 59
9 52
9 80
9 65
9 54
9 99
9 72
9 73
9 49
9 63
9 86
9 83
9 111
9 88
9 89
9 95
9 109
9 55
9 100
9 87
9 112
9 94
9 92
9 56
9 93
9 46
9 108
9 57
9 91
9 77
9 102
9 84
9 98
9 85
9 103
9 66
9 104
9 90
9 97
10 129
10 127
10 126
11 95
11 94
11 97
11 92
11 91
11 96
12 114
13 4
14 22
14 62
14 53
14 27
14 69
14 83
14 72
14 57
14 41
14 67
14 55
14 82
14 60
14 64
14 78
14 66
14 23
14 71
14 38
14 47
14 63
14 52
14 61
14 70
14 58
14 76
14 65
14 75
14 21
14 50
14 56
14 77
16 18
16 15
17 126
18 86
18 83
18 84
18 89
18 96
18 91
18 77
18 90
18 87
18 78
18 95
18 94
18 97
18 92
19 55
19 81
19 63
19 62
19 73
19 53
19 45
19 79
19 56
19 57
19 51
19 77
19 68
19 80
19 58
19 47
19 52
19 69
19 50
19 59
19 71
19 70
19 66
19 67
19 60
19 54
20 45
20 46
20 43
20 33
20 44
20 50
20 51
20 27
20 28
20 29
20 47
20 52
20 38
20 54
20 26
20 40
20 41
20 42
20 31
21 62
21 71
21 63
21 67
21 68
21 66
21 74
21 56
21 77
21 75
21 70
21 57
21 61
21 65
22 49
22 43
22 48
22 24
22 32
22 39
22 44
22 28
22 59
22 55
22 47
22 30
22 42
22 33
22 51
22 54
22 29
22 35
22 41
22 26
22 25
23 95
23 100
23 104
23 94
23 97
23 98
23 89
23 92
23 91
23 103
23 106
23 101
23 102
24 90
24 80
24 74
24 85
24 87
24 93
25 122
25 95
25 114
25 118
25 121
25 100
25 112
25 126
25 119
25 111
25 103
25 85
25 120
25 92
26 109
26 127
26 117
26 89
26 108
26 114
26 96
26 115
26 84
26 87
26 111
26 126
26 82
26 106
26 110
26 85
26 88
26 100
26 91
26 77
26 92
26 93
26 125
26 120
26 80
26 94
26 97
26 113
27 121
27 128
27 122
27 118
27 127
27 125
27 129
27 123
28 111
28 96
28 98
28 105
28 115
28 82
28 88
28 99
28 87
28 107
29 103
29 115
29 117
29 95
29 102
29 97
29 104
29 108
29 98
29 101
29 105
29 119
29 118
30 116
30 117
30 103
30 115
30 112
30 118
30 109
30 106
31 62
31 47
31 53
32 34
32 57
32 58
32 29
32 27
32 56
32 21
32 39
32 42
32 22
32 38
32 35
32 31
32 40
32 44
32 52
32 59
32 47
32 50
32 54
32 45
32 37
32 46
32 49
32 43
33 107
33 104
33 101
33 109
33 108
33 95
33 110
33 96
33 100
33 112
33 106
34 90
34 98
34 84
34 85
34 94
34 99
34 92
34 96
34 80
34 72
34 100
34 89
35 109
35 110
35 108
35 112
35 113
36 106
36 116
36 124
36 103
36 115
36 110
36 127
36 101
36 126
36 114
37 103
37 105
37 110
37 124
37 122
37 114
37 111
37 127
37 107
37 128
37 106
37 125
37 108
37 121
37 100
37 120
37 129
38 74
38 67
38 63
38 76
38 71
38 77
38 59
38 68
38 53
38 66
38 52
38 64
39 86
39 81
39 92
39 84
39 90
39 83
39 88
39 94
39 87
39 80
40 110
40 97
40 100
40 107
40 112
40 102
40 113
41 107
41 106
41 109
41 108
41 111
41 113
42 107
42 104
42 106
42 101
43 115
43 106
43 107
43 109
43 108
43 112
43 96
43 110
43 113
43 98
43 116
43 102
43 97
44 57
45 23
45 25
45 20
45 21
45 22
45 16
45 17
45 19
46 95
46 83
46 99
46 94
46 90
46 89
46 100
46 97
46 92
46 93
46 87
47 82
47 54
47 49
47 97
47 69
47 55
47 62
47 61
47 60
47 67
47 50
47 59
47 98
47 90
47 58
47 56
47 64
47 79
47 74
47 66
47 89
47 51
47 52
47 68
47 57
48 18
48 16
48 21
48 17
48 20
48 19
48 24
49 64
50 109
50 128
50 113
50 127
50 111
50 129
50 123
50 122
50 108
50 110
50 125
51 129
52 45
52 48
52 49
52 54
52 43
52 40
52 5
52 17
52 19
52 27
52 21
52 50
52 38
52 34
52 8
52 25
52 13
52 15
52 32
52 30
52 29
52 46
52 1
52 20
52 3
52 28
52 24
52 7
52 14
52 37
52 2
52 44
53 68
53 56
53 59
53 47
53 48
54 120
54 119
54 115
54 123
54 111
54 112
54 117
54 122
54 108
54 116
54 104
54 114
54 118
54 126
55 39
55 49
55 30
55 37
55 59
55 34
55 48
55 35
55 61
55 36
55 65
55 73
55 46
55 41
55 33
55 45
55 66
55 32
56 19
57 105
58 23
58 16
58 20
58 27
58 22
58 18
58 13
58 19
59 108
59 104
60 33
60 39
60 42
60 34
60 46
60 41
60 36
60 45
60 37
61 40
61 47
61 59
61 43
61 88
61 66
61 58
61 56
61 51
61 35
64 78
64 79
64 77
64 83
64 91
64 87
64 84
64 86
65 77
66 97
66 73
66 124
66 89
66 129
66 116
66 108
66 94
66 113
66 123
66 117
66 69
66 72
66 105
66 112
66 121
66 104
66 114
66 92
67 87
67 77
67 82
67 118
67 105
67 80
67 88
67 78
67 89
67 81
67 117
68 63
68 58
68 67
68 61
68 60
69 108
69 118
69 100
69 112
69 119
69 106
69 117
69 116
69 101
69 120
69 123
69 114
70 98
70 100
71 84
71 91
71 85
71 97
71 98
71 95
71 81
72 95
72 85
72 102
72 87
72 70
72 101
72 92
73 125
73 128
73 127
74 78
74 110
74 93
74 101
74 100
74 98
74 107
74 64
74 102
74 73
74 87
74 81
74 79
74 108
74 67
74 85
74 32
74 90
74 80
74 88
74 71
74 77
74 30
74 58
74 97
74 83
74 60
75 128
75 121
75 127
75 122
75 119
75 120
75 124
76 96
76 75
76 85
76 99
76 87
76 83
76 78
77 123
77 121
78 59
78 58
80 51
80 83
80 54
80 67
80 58
80 52
80 71
80 69
80 73
80 60
80 57
80 79
80 65
80 47
80 55
80 48
80 66
80 56
80 41
80 63
80 46
80 70
80 78
80 72
81 67
81 61
81 59
81 64
82 75
82 63
82 64
82 77
82 65
82 73
82 48
82 51
82 69
82 53
82 61
82 67
82 42
82 70
82 41
82 78
82 68
82 54
82 57
82 66
82 52
82 55
82 40
82 44
83 69
83 75
83 93
83 101
83 98
83 115
83 87
83 113
83 82
83 107
83 67
83 68
83 79
83 64
83 78
83 110
83 85
83 99
83 114
83 104
83 111
83 91
83 77
83 95
83 121
83 102
83 92
83 74
83 81
83 106
83 88
83 71
83 117
83 70
83 96
83 118
83 72
83 103
83 66
83 76
84 69
84 45
84 66
84 71
84 72
84 64
85 39
85 29
85 27
85 45
85 48
85 19
85 49
85 23
85 12
85 14
85 30
85 15
86 58
86 51
87 61
88 98
90 40
90 76
90 46
90 63
90 42
90 75
90 57
90 67
90 39
90 51
90 53
90 60
90 47
90 43
90 45
90 61
90 74
90 48
90 38
91 126
91 127
91 125
92 70
92 51
92 66
92 65
92 107
92 87
92 76
92 59
92 89
92 111
92 106
92 103
92 99
92 72
92 95
92 94
92 105
92 110
92 58
92 114
92 117
92 84
92 71
92 112
92 74
92 77
92 55
92 90
92 52
92 73
92 63
92 91
92 102
92 69
92 78
92 115
92 61
92 96
92 62
92 108
92 101
93 91
93 90
93 86
93 85
93 89
94 125
94 123
95 46
95 41
95 32
95 40
95 45
95 47
95 48
95 42
96 98
96 93
96 99
96 95
97 35
97 33
97 37
97 36
97 28
98 101
100 75
100 82
100 95
100 74
100 81
100 88
100 84
100 96
100 80
100 85
100 93
100 83
100 79
100 89
100 72
100 76
100 78
100 73
100 97
100 70
101 14
101 8
101 6
101 12
101 13
101 11
101 10
101 5
103 86
105 119
105 123
105 122
106 19
106 21
107 113
107 103
107 109
107 111
107 115
107 114
107 110
108 46
108 49
108 69
108 53
108 62
108 70
108 60
108 68
108 56
108 48
108 47
108 43
108 52
108 64
108 63
108 72
108 65
108 57
108 71
109 68
109 61
109 69
109 60
109 67
109 63
109 65
109 71
110 35
110 34
110 22
110 30
110 25
110 28
110 36
110 27
110 29
110 26
110 32
110 18
110 33
110 21
111 59
111 60
111 54
111 55
111 57
111 61
111 64
112 11
112 9
113 81
113 43
113 73
113 76
113 46
113 80
113 74
113 42
113 66
113 47
113 58
113 65
113 59
113 68
113 55
113 64
113 62
113 57
113 63
113 71
113 45
113 38
113 70
113 61
113 44
114 29
114 36
114 12
114 37
114 9
114 16
114 14
114 49
114 13
114 63
114 71
114 72
114 34
114 46
114 25
114 19
114 81
114 88
114 42
114 22
114 35
114 20
114 26
114 18
114 58
114 62
114 39
114 5
114 8
114 28
114 85
114 10
114 82
115 30
116 23
116 21
116 17
116 25
117 119
119 99
119 101
119 100
119 106
119 108
120 17
120 15
121 106
121 120
121 114
121 88
121 111
121 123
121 118
123 40
123 38
123 37
123 39
124 75
124 99
124 109
124 84
124 114
124 101
124 115
124 117
124 86
124 111
124 102
124 74
124 116
124 76
125 121
125 105
125 109
125 120
125 107
125 117
125 124
125 113
125 111
125 123
125 122
126 93
126 97
126 92
126 94
126 98
127 123
1 66
1 67
1 54
1 71
1 72
1 73
1 62
1 68
1 64
1 61
1 70
1 59
1 74
1 58
1 57
2 29
2 15
2 24
2 31
2 32
3 95
3 74
3 90
3 79
3 78
4 106
4 101
5 94
5 91
5 93
5 96
5 97
6 24
7 104
7 94
7 99
8 116
8 112
8 111
8 100
8 114
8 102
8 109
10 107
10 111
10 123
10 110
10 108
10 106
10 105
10 113
10 122
10 116
10 120
10 117
10 118
10 114
11 71
11 75
11 52
11 60
11 51
11 61
11 67
11 68
11 57
11 49
11 62
11 69
11 55
11 53
11 63
12 66
12 70
12 52
12 95
12 56
12 88
12 71
12 63
12 80
12 83
12 98
12 64
12 73
12 81
12 68
12 74
12 87
12 82
12 60
12 65
12 67
12 96
12 72
12 62
12 90
12 94
12 79
12 69
14 128
15 98
15 97
15 112
15 102
15 100
15 114
15 108
15 105
15 110
15 99
15 115
15 113
15 109
15 104
16 85
16 84
17 33
17 45
17 117
17 54
17 32
17 7
17 27
17 89
17 105
17 82
17 28
17 59
17 60
17 47
17 93
17 44
17 39
17 91
17 83
17 8
17 68
17 95
17 88
17 37
17 66
17 79
17 106
17 86
17 76
17 12
17 65
17 16
17 70
17 77
17 46
17 67
17 50
17 71
17 40
17 15
17 21
17 87
17 30
17 57
17 42
17 11
17 62
17 110
17 36
17 111
17 48
17 14
17 84
17 63
17 6
17 64
17 97
17 25
17 56
17 96
17 26
17 99
18 114
18 108
18 113
18 112
19 105
19 89
19 98
19 103
19 104
19 102
19 112
20 58
20 35
20 53
20 36
20 37
20 66
20 49
20 32
20 34
20 65
21 60
21 101
21 82
21 91
21 87
21 104
21 84
21 76
21 85
21 90
21 103
21 93
21 72
21 88
21 78
21 86
21 59
22 119
22 106
22 103
22 125
22 99
22 92
22 117
22 100
22 115
22 107
22 118
23 60
23 65
23 61
23 71
23 55
23 57
23 64
23 59
23 67
23 62
23 63
23 66
24 81
24 95
24 79
24 86
25 104
25 123
25 124
25 102
25 107
25 110
26 81
26 71
26 63
26 74
26 69
26 72
26 83
26 86
26 76
26 70
26 68
26 61
26 67
26 62
26 90
26 65
27 14
27 8
27 13
28 17
29 9
29 11
30 114
31 40
31 35
31 37
31 38
31 30
32 75
32 84
32 76
32 80
32 86
32 96
32 89
32 74
32 77
32 79
32 93
32 83
32 85
33 5
33 6
33 8
34 62
34 53
34 56
34 54
34 52
34 59
34 63
34 51
35 12
35 13
36 30
36 63
36 64
36 35
36 26
36 62
36 51
36 33
36 44
36 66
36 32
36 39
36 42
36 41
36 29
36 38
36 27
36 34
36 31
37 43
37 77
37 46
37 75
37 71
37 55
37 45
37 58
37 42
37 69
37 76
38 105
38 121
38 107
38 109
38 126
38 127
38 102
38 108
38 111
38 101
38 113
38 115
38 112
38 106
38 99
38 116
39 10
39 11
39 8
39 12
39 17
39 22
39 9
39 15
41 105
41 94
41 99
42 3
42 14
42 10
42 20
42 8
42 6
42 7
42 5
42 19
42 15
42 2
42 13
42 16
42 9
43 56
43 53
43 54
43 58
43 45
43 34
43 40
44 95
44 110
44 109
44 117
44 118
44 90
44 98
44 105
45 4
46 15
46 26
46 10
46 23
46 22
46 25
46 16
46 21
46 11
46 28
46 20
46 27
46 24
46 17
46 12
47 114
47 87
47 110
47 96
48 67
48 41
48 74
48 73
48 64
48 45
48 38
48 35
48 46
48 44
48 75
48 39
48 34
48 40
49 34
49 35
49 6
49 7
49 22
49 52
49 23
49 55
49 61
49 19
49 12
49 15
49 54
49 26
49 31
49 18
49 14
49 36
49 11
49 9
49 38
49 5
49 94
49 58
49 87
49 25
49 53
49 79
49 84
49 20
50 82
50 65
50 85
50 95
50 70
50 45
50 94
50 74
50 81
50 102
50 48
50 77
50 63
50 91
50 88
50 99
50 107
50 59
50 87
50 83
50 105
50 79
50 78
50 43
50 96
50 112
50 64
50 80
50 73
50 86
50 101
50 90
51 48
51 26
51 24
51 76
51 62
51 39
51 66
51 50
51 40
51 47
51 58
51 82
51 55
51 103
51 32
51 64
51 36
51 90
51 27
51 59
51 104
51 98
51 79
51 69
51 95
51 97
51 54
51 99
51 89
51 30
51 68
51 63
51 41
51 53
51 86
51 46
52 72
52 68
52 71
52 47
52 56
52 76
52 78
52 75
52 74
53 115
53 123
53 121
53 125
53 124
53 116
53 117
55 119
55 114
55 120
55 122
55 121
55 113
55 115
55 123
56 104
56 103
57 115
57 121
57 118
57 117
57 114
58 101
58 90
58 100
58 102
58 95
58 85
58 84
58 76
58 91
58 104
58 82
58 99
58 62
58 61
58 97
58 94
59 124
59 122
59 118
59 119
59 114
60 53
60 27
60 21
60 67
60 25
60 89
60 57
60 75
60 30
60 50
60 23
60 86
60 80
60 49
60 83
60 26
60 56
60 35
60 64
60 28
60 76
60 31
60 70
60 72
60 71
60 87
60 44
60 48
60 29
60 74
60 77
60 38
60 51
60 59
61 64
62 82
62 72
62 60
62 65
62 53
62 84
62 59
62 44
62 51
62 57
62 52
62 70
62 42
63 32
63 56
63 54
63 19
63 29
63 28
63 57
63 44
63 74
63 49
63 36
63 21
63 53
63 31
63 77
63 55
63 86
63 39
63 50
63 91
63 15
63 70
63 61
63 30
63 96
63 72
63 65
63 34
63 24
63 98
63 25
63 13
63 78
63 95
63 94
63 60
63 43
63 84
63 85
63 47
63 75
63 48
63 71
63 79
63 66
63 92
63 52
63 51
63 69
63 97
63 59
63 38
63 80
64 101
65 94
65 74
65 102
65 98
65 89
65 97
65 69
65 99
65 104
65 100
65 90
65 95
65 101
65 56
65 60
66 43
66 41
67 37
67 41
67 34
67 43
67 42
68 119
68 115
68 121
68 123
68 117
68 118
68 116
68 122
69 53
69 51
69 48
69 50
69 56
70 19
70 26
70 27
70 20
70 23
70 21
70 25
71 8
71 15
71 19
71 16
71 22
71 13
71 11
71 23
71 9
71 24
71 10
71 12
71 18
72 49
72 35
72 40
72 39
72 58
72 50
72 31
72 46
72 71
72 41
72 43
72 53
72 59
72 56
72 67
72 34
72 33
72 48
72 68
72 63
72 64
73 123
74 84
74 82
74 86
75 28
76 106
76 108
76 107
76 104
76 105
76 97
77 110
77 112
77 113
77 111
77 116
77 114
77 108
78 73
78 93
78 89
80 90
80 77
80 76
80 93
80 84
80 87
80 89
80 82
80 88
80 92
81 66
82 88
82 89
82 79
82 72
82 85
82 87
82 76
82 92
82 81
82 84
83 73
84 111
84 95
84 109
84 90
84 75
84 73
84 77
84 113
84 93
84 103
84 100
84 112
84 114
84 81
84 80
84 89
84 92
84 83
84 108
84 99
84 79
84 101
84 86
84 98
84 88
85 78
85 76
85 82
85 74
85 96
85 100
86 30
86 37
86 41
86 75
86 19
86 38
86 32
86 31
86 77
86 28
86 21
86 34
86 78
86 63
86 74
86 44
86 23
86 39
86 35
86 26
86 64
86 22
86 36
86 24
86 18
86 33
87 23
87 47
87 36
87 34
87 28
87 40
87 49
87 64
87 33
87 52
87 21
87 44
88 64
88 56
88 23
88 61
88 54
88 36
88 12
88 63
88 41
88 30
88 10
88 55
88 34
88 40
88 20
88 47
88 46
88 39
88 24
88 59
88 43
88 32
88 17
88 50
88 11
88 29
88 14
88 57
88 33
88 22
88 37
88 13
88 35
88 68
88 48
88 18
88 38
88 45
88 21
88 62
88 25
89 92
89 114
89 104
89 93
89 105
89 108
89 95
89 109
89 88
89 91
89 96
89 106
89 101
89 100
89 87
