40 656
1 2
2 3
3 4
4 5
5 6
6 7
7 8
8 9
9 10
10 11
11 12
12 13
13 14
14 15
15 16
16 17
17 18
18 19
19 20
20 21
21 22
22 23
23 24
24 25
25 26
26 27
27 28
28 29
29 30
30 31
31 32
32 33
33 34
34 35
35 36
36 37
37 38
38 39
39 40
40 1
1 16
1 15
1 14
1 13
1 18
1 17
2 31
2 33
3 32
3 30
3 36
3 35
3 31
4 11
5 40
5 37
6 20
6 15
6 19
6 17
6 13
7 25
8 39
10 37
11 13
12 9
12 3
12 8
12 5
12 14
12 7
12 10
12 15
13 12
13 9
13 10
14 32
14 30
14 33
15 8
15 6
15 4
15 13
15 10
15 11
15 5
15 3
17 19
17 23
17 24
17 25
17 16
17 14
17 29
17 13
17 12
17 22
17 15
18 4
18 3
19 11
19 9
20 19
20 16
20 17
20 22
20 18
21 12
21 11
21 5
21 6
21 4
21 13
21 15
21 20
21 16
21 8
22 7
22 17
22 13
22 16
22 9
22 10
22 14
22 11
24 9
24 6
24 8
24 12
25 3
25 1
27 15
27 24
27 21
27 12
27 18
27 14
27 20
27 23
27 17
27 19
27 22
27 13
27 30
28 33
28 32
28 35
28 31
28 34
29 27
29 28
30 9
30 10
30 8
31 3
31 5
32 22
32 30
32 19
32 13
32 27
32 18
32 36
32 34
32 28
32 14
32 25
32 15
32 31
33 4
33 16
33 20
33 17
33 18
33 12
33 5
33 8
33 3
33 14
33 6
33 13
33 15
34 19
34 17
34 18
34 15
35 33
35 37
35 29
35 38
35 34
35 30
36 39
38 17
38 9
38 12
38 5
38 18
38 11
38 3
38 6
38 2
38 4
38 15
39 27
39 32
39 26
39 34
39 30
39 24
39 36
39 22
39 33
39 28
1 39
2 20
2 17
2 14
2 18
2 21
5 39
5 34
5 36
6 4
7 28
7 21
7 35
7 30
7 26
7 27
7 33
7 34
7 32
7 20
7 19
7 31
8 31
8 27
8 33
8 26
8 29
8 32
9 21
9 23
9 15
9 20
9 17
9 22
10 1
10 4
11 10
12 37
12 34
12 36
13 19
13 21
13 23
13 25
15 1
15 7
15 2
16 24
18 35
18 34
18 32
18 37
18 33
19 8
19 10
19 13
19 7
20 33
20 28
20 34
20 37
20 24
20 36
20 27
20 38
20 29
20 39
20 26
21 18
21 17
21 14
21 7
21 10
22 35
23 35
23 36
24 15
24 17
24 13
24 21
24 14
24 7
24 19
24 20
24 16
24 11
25 37
26 32
26 25
26 30
27 34
27 35
28 23
28 20
28 21
28 19
30 11
30 16
30 15
30 7
30 19
30 6
32 39
32 20
32 29
32 38
32 37
32 35
32 23
33 24
34 25
34 21
34 22
34 16
36 15
36 13
37 20
39 29
39 31
40 31
40 36
40 33
40 32
40 38
40 35
40 39
40 30
3 21
3 25
3 24
3 20
3 26
3 29
3 27
5 7
5 12
5 10
5 9
6 23
6 26
6 21
6 9
6 28
6 18
6 25
6 29
6 27
6 11
6 31
6 32
6 24
9 32
10 30
10 28
11 23
11 22
12 20
12 28
12 19
12 35
12 32
12 27
12 30
12 23
12 25
12 26
12 17
12 31
13 20
13 22
14 28
14 29
15 35
15 33
15 37
15 31
15 34
15 32
16 5
16 7
16 9
16 8
17 21
17 20
18 39
22 21
22 20
22 30
22 26
22 29
23 34
23 30
24 27
24 22
24 18
24 28
24 30
24 32
24 29
25 18
25 23
25 21
28 36
28 37
29 14
29 13
29 10
29 11
29 15
31 16
31 12
31 14
31 18
31 11
31 17
31 8
31 10
32 8
32 21
32 11
32 16
32 17
32 12
32 10
32 9
33 10
33 11
35 27
35 25
35 26
36 4
36 9
36 12
36 11
36 14
36 6
36 3
36 18
36 5
36 20
36 17
36 10
37 33
37 30
37 29
37 34
37 32
38 21
38 24
38 20
38 23
38 26
39 37
39 35
2 29
2 27
2 25
2 23
3 16
3 28
3 17
3 19
3 23
4 10
4 13
4 9
4 6
4 2
4 7
5 35
6 22
10 5
10 3
11 26
11 16
11 15
11 21
11 17
11 25
11 27
11 24
13 8
13 4
13 3
13 11
13 18
13 7
13 15
14 13
15 24
15 27
15 36
15 18
15 30
15 38
15 26
15 29
15 23
15 19
18 5
18 7
18 2
18 6
18 14
18 8
19 33
19 35
22 25
22 15
23 20
23 22
23 27
23 18
23 25
23 31
23 17
23 19
23 28
24 26
25 36
25 34
25 40
25 33
26 15
26 22
26 20
26 18
26 14
26 23
27 26
27 29
28 24
28 25
29 32
30 12
30 13
33 32
33 30
34 12
34 24
34 14
34 23
34 20
35 17
35 15
35 18
35 19
36 29
36 28
36 27
36 33
36 25
36 30
36 31
38 36
38 33
38 27
38 28
38 29
38 35
4 12
4 24
4 22
4 16
4 14
4 15
4 19
4 25
4 26
5 13
5 18
5 16
5 14
6 33
6 35
9 29
9 24
9 28
10 31
10 38
10 33
10 36
10 39
10 29
11 19
11 20
11 18
11 7
11 8
14 34
14 39
14 37
14 35
16 27
16 30
17 3
17 26
17 1
17 4
17 5
17 11
17 9
17 7
17 2
19 34
19 24
19 32
19 26
19 37
19 31
19 29
19 21
19 17
19 14
19 27
19 15
19 18
21 33
21 26
21 35
21 28
21 27
21 32
23 5
23 2
24 5
25 10
25 15
25 19
25 17
25 13
26 34
26 35
26 31
26 37
27 33
28 38
30 3
30 2
30 5
31 15
31 19
