194 11325
1 2
2 3
3 4
4 5
5 6
6 7
7 8
8 9
9 10
10 11
11 12
12 13
13 14
14 15
15 16
16 17
17 18
18 19
19 20
20 21
21 22
22 23
23 24
24 25
25 26
26 27
27 28
28 29
29 30
30 31
31 32
32 33
33 34
34 35
35 36
36 37
37 38
38 39
39 40
40 41
41 42
42 43
43 44
44 45
45 46
46 47
47 48
48 49
49 50
50 51
51 52
52 53
53 54
54 55
55 56
56 57
57 58
58 59
59 60
60 61
61 62
62 63
63 64
64 65
65 66
66 67
67 68
68 69
69 70
70 71
71 72
72 73
73 74
74 75
75 76
76 77
77 78
78 79
79 80
80 81
81 82
82 83
83 84
84 85
85 86
86 87
87 88
88 89
89 90
90 91
91 92
92 93
93 94
94 95
95 96
96 97
97 98
98 99
99 100
100 101
101 102
102 103
103 104
104 105
105 106
106 107
107 108
108 109
109 110
110 111
111 112
112 113
113 114
114 115
115 116
116 117
117 118
118 119
119 120
120 121
121 122
122 123
123 124
124 125
125 126
126 127
127 128
128 129
129 130
130 131
131 132
132 133
133 134
134 135
135 136
136 137
137 138
138 139
139 140
140 141
141 142
142 143
143 144
144 145
145 146
146 147
147 148
148 149
149 150
150 151
151 152
152 153
153 154
154 155
155 156
156 157
157 158
158 159
159 160
160 161
161 162
162 163
163 164
164 165
165 166
166 167
167 168
168 169
169 170
170 171
171 172
172 173
173 174
174 175
175 176
176 177
177 178
178 179
179 180
180 181
181 182
182 183
183 184
184 185
185 186
186 187
187 188
188 189
189 190
190 191
191 192
192 193
193 194
194 1
1 105
1 115
1 120
1 97
1 135
1 103
1 117
1 145
1 142
1 118
1 102
1 131
1 98
1 128
1 119
1 109
1 144
1 100
1 138
1 114
1 133
1 107
1 99
1 104
1 122
1 149
1 134
1 137
1 132
1 136
1 95
1 125
1 113
1 130
1 121
1 106
2 190
2 189
2 188
2 187
2 186
2 184
2 178
2 179
2 177
3 32
3 27
3 25
3 62
3 43
3 52
3 40
3 58
3 47
3 16
3 19
3 53
3 67
3 66
3 28
3 44
3 49
3 48
3 42
3 63
3 20
3 10
3 46
3 64
3 22
3 17
3 15
3 56
3 30
3 55
3 11
3 29
3 12
3 37
3 35
3 21
3 14
3 59
3 39
4 160
4 166
4 164
4 165
4 161
4 159
5 8
5 11
5 10
5 13
6 43
6 49
6 42
6 46
6 48
6 45
7 183
7 181
7 184
8 36
8 31
8 35
8 33
8 39
8 37
8 34
10 77
10 86
10 79
10 82
10 78
10 84
10 71
10 81
10 75
10 80
10 72
11 98
11 104
11 107
11 97
11 102
11 110
11 108
11 105
11 106
11 100
13 56
14 141
14 78
14 57
14 56
14 19
14 26
14 104
14 113
14 34
14 138
14 148
14 85
14 16
14 101
14 123
14 111
14 119
14 81
14 54
14 55
14 92
14 72
14 114
14 99
14 95
14 98
14 60
14 96
14 39
14 47
14 133
14 35
14 65
14 137
14 32
14 36
14 71
14 40
14 129
14 127
14 49
14 121
14 117
14 38
14 58
14 116
14 46
14 87
14 28
14 107
14 83
14 24
14 77
14 70
14 131
14 112
14 74
14 94
14 144
14 59
14 25
14 51
14 22
14 88
14 79
14 91
14 134
14 89
14 43
14 118
14 106
14 67
14 143
14 44
14 124
14 13
14 128
14 84
14 139
14 105
14 62
14 97
14 10
14 145
14 27
14 132
14 93
15 140
15 137
15 160
15 151
15 168
15 135
15 155
15 153
15 161
15 139
15 148
15 166
15 147
15 165
15 162
15 157
15 143
15 159
15 138
15 136
15 167
16 96
16 99
16 112
16 100
16 98
16 113
16 107
16 94
16 97
16 92
16 108
16 110
16 91
17 87
17 103
17 126
17 73
17 54
17 140
17 119
17 64
17 143
17 76
17 110
17 80
17 100
17 78
17 148
17 57
17 96
17 101
17 92
17 134
17 112
17 62
17 97
17 108
17 104
17 102
17 131
17 123
17 89
17 91
17 84
17 53
17 70
17 66
17 120
17 79
17 52
17 61
17 138
17 147
17 151
17 109
17 75
17 141
17 107
17 85
17 60
17 74
17 115
17 121
17 122
17 117
17 149
17 153
17 71
17 113
17 55
17 118
17 77
17 98
17 152
17 136
17 137
17 150
17 124
17 130
19 84
19 81
19 85
19 82
20 185
20 174
20 182
20 186
20 178
20 181
20 179
20 176
20 173
20 189
20 175
20 188
21 133
21 143
21 137
21 135
21 140
21 134
21 144
21 132
22 107
22 79
22 44
22 97
22 54
22 43
22 76
22 95
22 71
22 105
22 47
22 62
22 67
22 90
22 70
22 87
22 56
22 82
22 69
22 83
22 103
22 75
22 89
22 66
22 102
22 53
22 78
22 85
22 106
22 108
22 99
22 100
22 91
22 61
22 93
22 48
22 68
22 104
22 46
22 74
22 80
22 65
22 60
23 177
23 168
23 169
23 179
23 171
23 160
23 178
23 158
23 164
23 175
23 161
23 172
23 181
23 176
23 166
23 173
25 114
25 103
25 120
25 100
25 113
25 99
25 119
25 108
25 122
25 102
25 109
25 116
25 115
25 106
25 124
25 123
25 110
25 117
25 112
26 45
26 43
26 42
26 39
26 44
26 38
26 33
26 35
26 36
27 94
27 86
27 89
27 88
27 101
27 85
27 81
27 91
27 83
27 90
27 95
27 100
27 96
28 178
28 158
28 170
28 183
28 179
28 163
28 160
28 151
28 176
28 171
28 174
28 172
28 150
28 187
28 186
28 188
28 157
28 173
28 164
28 182
28 169
28 153
28 180
28 181
29 149
29 160
29 154
29 142
29 136
29 143
29 158
29 147
29 159
29 148
29 155
29 141
29 156
29 138
29 139
29 157
30 87
30 135
30 169
30 90
30 95
30 155
30 154
30 162
30 130
30 138
30 143
30 134
30 137
30 97
30 118
30 91
30 151
30 147
30 139
30 182
30 132
30 88
30 121
30 92
30 105
30 119
30 124
30 122
30 136
30 181
30 167
30 94
30 86
30 107
30 127
30 100
30 171
30 165
30 142
30 158
30 157
30 115
30 183
30 146
30 133
30 148
30 172
30 149
30 170
30 156
30 152
30 96
30 112
30 129
30 113
30 175
30 160
30 178
30 163
30 177
30 161
30 179
30 120
30 85
31 61
31 167
31 80
31 176
31 154
31 85
31 153
31 181
31 131
31 59
31 97
31 169
31 161
31 130
31 146
31 114
31 178
31 105
31 75
31 66
31 148
31 95
31 81
31 118
31 70
31 90
31 64
31 91
31 92
31 100
31 111
31 121
31 96
31 134
31 120
31 116
31 69
31 63
31 168
31 155
31 151
31 119
31 104
31 166
31 93
31 136
31 94
31 129
31 175
31 145
31 172
31 71
31 87
31 147
31 137
31 60
31 77
31 163
31 139
31 182
31 170
31 68
31 110
31 132
31 103
31 98
31 159
31 144
31 123
31 102
31 140
31 156
31 78
31 142
31 184
31 177
31 187
31 99
31 180
31 84
31 160
31 62
31 158
31 101
31 135
32 142
32 101
32 84
32 121
32 132
32 147
32 102
32 122
32 126
32 96
32 109
32 145
32 150
32 82
32 108
32 137
32 80
32 124
32 106
32 143
32 141
32 91
32 139
32 92
32 123
32 117
32 111
32 83
32 110
32 127
32 155
32 134
32 103
32 104
32 151
32 125
32 94
32 97
32 138
32 140
32 90
32 77
32 119
32 88
32 95
33 146
33 142
33 147
34 125
34 123
34 132
34 130
34 126
34 127
35 136
35 91
35 144
35 128
35 95
35 78
35 119
35 107
35 104
35 77
35 146
35 115
35 137
35 127
35 126
35 90
35 92
35 108
35 121
35 73
35 123
35 102
35 82
35 103
35 71
35 86
35 129
35 98
35 96
35 130
35 87
35 101
35 134
35 117
35 85
35 118
35 133
35 88
35 70
35 124
35 69
35 80
35 79
35 112
35 106
35 140
35 139
35 147
35 138
36 135
36 137
38 191
38 189
38 193
39 35
39 45
39 37
39 18
39 15
39 27
39 19
39 24
39 32
39 21
39 43
39 31
39 11
39 41
39 28
39 33
39 38
39 22
39 10
39 34
39 20
39 17
39 12
40 99
40 92
40 84
40 91
40 94
40 83
40 101
40 96
40 93
40 97
40 98
40 95
40 106
40 88
40 86
40 90
40 108
40 107
40 105
41 29
41 28
42 171
42 164
42 167
42 170
42 172
43 65
43 96
43 69
43 80
43 107
43 64
43 124
43 113
43 110
43 57
43 89
43 60
43 68
43 55
43 79
43 95
43 97
43 99
43 123
43 102
43 63
43 78
43 121
43 94
43 82
43 76
43 116
43 81
43 85
43 67
43 86
43 119
43 56
43 91
43 118
43 92
43 84
43 115
43 93
43 83
43 59
43 109
43 73
43 66
43 112
43 88
44 163
44 161
44 155
44 154
44 164
44 153
44 158
44 165
44 159
45 68
45 54
45 51
45 56
45 47
45 71
45 65
45 52
45 69
45 42
45 62
45 44
45 48
45 50
45 39
45 70
45 55
45 74
45 66
45 58
45 40
45 43
45 60
45 41
46 123
46 116
46 86
46 84
46 119
46 117
46 92
46 93
46 82
46 118
46 109
46 96
46 122
46 97
46 85
46 121
46 114
46 102
46 124
46 101
46 110
46 90
46 113
46 115
46 107
46 111
46 126
46 108
47 135
47 140
47 147
47 150
47 131
47 137
47 126
47 132
47 141
47 148
47 149
47 134
47 139
47 143
47 142
47 127
47 153
47 146
47 138
48 137
48 184
48 164
48 147
48 169
48 140
48 183
48 162
48 158
48 160
48 155
48 134
48 178
48 180
48 133
48 153
48 142
48 167
48 136
48 165
48 179
48 172
48 168
48 145
48 144
48 166
48 141
48 173
48 163
49 70
49 75
49 73
49 74
49 66
49 67
49 69
50 134
50 72
50 57
50 58
50 52
50 80
50 79
50 103
50 66
50 109
50 108
50 75
50 47
50 135
50 56
50 60
50 71
50 117
50 126
50 104
50 125
50 128
50 70
50 73
50 74
50 65
50 95
50 130
50 124
50 146
50 99
50 131
50 83
50 89
50 138
50 100
50 98
50 142
50 139
50 106
50 140
50 123
50 115
50 137
50 90
50 86
50 114
50 63
50 129
50 105
50 67
50 55
50 119
50 121
50 116
50 133
50 68
51 132
51 139
51 140
51 129
51 133
51 144
51 134
51 138
51 146
51 147
51 142
51 131
52 115
52 101
52 110
52 108
52 100
52 104
52 106
52 103
52 105
53 154
53 156
53 150
53 147
53 149
53 135
53 144
53 151
53 136
53 141
53 137
53 140
53 139
53 145
55 78
55 91
55 87
55 117
55 57
55 160
55 152
55 141
55 77
55 163
55 136
55 171
55 176
55 68
55 100
55 95
55 116
55 129
55 120
55 174
55 65
55 52
55 172
55 166
55 162
55 169
55 115
55 111
55 66
55 179
55 71
55 84
55 94
55 127
55 168
55 131
55 175
55 101
55 150
55 164
55 145
55 113
55 107
55 93
55 119
55 104
55 143
55 59
55 158
55 114
55 82
55 74
55 142
55 153
55 147
55 106
55 76
55 177
55 144
55 112
55 83
55 90
55 133
55 108
55 85
55 159
55 178
55 123
55 110
55 154
55 124
55 146
55 122
55 161
55 81
55 89
55 96
55 75
55 72
55 138
55 135
55 86
55 170
55 103
55 151
55 58
55 60
56 32
56 41
56 27
56 45
56 26
56 40
56 48
56 52
56 50
56 47
56 51
56 31
56 46
56 35
56 33
56 29
56 44
56 39
56 36
57 118
57 127
57 135
57 149
57 129
57 102
57 126
57 111
57 122
57 121
57 131
57 146
57 142
57 128
57 151
57 141
57 150
57 101
57 109
57 136
57 137
57 113
57 139
57 114
57 105
57 110
57 116
57 134
57 145
57 117
57 147
57 132
57 130
57 112
57 138
58 142
58 137
58 148
58 138
58 151
58 150
58 141
58 143
58 146
58 140
58 153
58 160
58 136
58 158
58 152
58 156
58 139
59 120
59 100
59 106
59 111
59 107
59 125
59 105
59 103
59 113
59 115
59 110
59 109
59 122
59 104
59 118
59 108
60 153
60 116
60 154
60 105
60 134
60 112
60 180
60 159
60 102
60 177
60 98
60 107
60 186
60 176
60 150
60 109
60 169
60 130
60 110
60 104
60 168
60 163
60 141
60 126
60 157
60 97
60 106
60 121
60 155
60 162
60 114
60 119
60 170
60 187
60 101
60 171
60 185
60 123
60 140
60 132
60 135
60 118
60 146
60 164
60 178
60 117
60 172
60 182
60 138
60 175
60 151
60 148
60 144
60 100
60 139
60 167
60 147
60 124
61 140
61 81
61 106
61 90
61 174
61 105
61 94
61 112
61 148
61 135
61 83
61 136
61 77
61 107
61 80
61 142
61 79
61 155
61 181
61 118
61 171
61 129
61 134
61 149
61 172
61 161
61 170
61 99
61 87
61 117
61 137
61 176
61 97
61 121
61 147
61 95
61 104
61 144
61 122
61 160
61 133
61 91
61 78
61 185
61 177
61 167
61 178
61 131
61 103
61 120
61 153
61 151
61 183
61 156
61 101
61 123
61 111
61 139
61 116
61 143
61 84
61 113
61 182
61 127
61 180
61 128
61 168
61 102
61 93
61 166
61 126
61 186
62 37
62 38
62 81
62 71
62 80
62 83
62 39
62 84
62 56
62 76
62 45
62 86
62 73
62 69
62 104
62 85
62 40
62 43
62 60
62 64
62 61
62 54
62 47
62 78
62 42
62 103
62 53
62 74
62 68
62 92
62 89
62 70
62 94
62 90
62 91
62 41
62 99
62 55
62 57
62 79
62 105
62 48
62 87
62 50
62 75
63 14
63 73
63 58
63 55
63 53
63 76
63 30
63 20
63 48
63 26
63 12
63 21
63 80
63 41
63 52
63 23
63 9
63 79
63 62
63 13
63 29
63 51
63 38
63 11
63 72
63 54
63 61
63 66
63 75
63 33
63 44
63 45
63 25
63 74
63 70
63 32
63 36
63 67
63 56
63 10
63 77
63 17
63 78
63 16
64 37
64 46
64 124
64 81
64 100
64 85
64 38
64 104
64 119
64 97
64 50
64 36
64 44
64 102
64 54
64 43
64 75
64 49
64 95
64 111
64 91
64 116
64 80
64 93
64 84
64 39
64 89
64 45
64 108
64 105
64 61
64 71
64 60
64 62
64 74
64 112
64 79
64 73
64 118
64 98
64 77
64 55
64 70
64 76
64 51
64 53
64 66
64 107
64 48
64 82
64 123
64 68
65 16
65 22
65 23
65 28
65 24
65 20
65 26
65 13
65 25
65 29
66 19
66 27
66 11
66 39
66 58
66 35
66 43
66 33
66 26
66 10
66 6
66 28
66 53
66 63
66 34
66 59
66 32
66 23
66 36
66 25
66 62
66 60
66 24
66 64
66 37
66 12
66 55
66 7
66 61
66 45
66 40
66 17
66 31
66 65
66 30
66 48
66 18
67 159
67 156
67 155
67 157
67 154
68 162
68 169
68 186
68 170
68 188
68 172
68 175
68 163
68 167
68 160
68 174
68 181
68 185
68 165
68 180
68 168
68 189
68 184
68 171
68 166
69 110
69 121
69 125
69 123
69 122
69 112
69 120
69 111
69 128
69 116
69 124
69 137
69 114
69 131
69 135
69 133
69 136
69 126
69 138
69 132
71 174
71 172
72 10
72 12
72 13
73 97
73 92
73 85
73 95
73 96
73 88
73 94
74 186
75 166
75 162
75 170
75 176
75 169
75 159
75 171
75 173
75 165
76 154
76 178
76 187
76 164
76 158
76 151
76 176
76 177
76 180
76 157
76 167
76 153
76 168
76 162
76 173
76 181
76 179
76 155
76 172
76 184
76 170
76 175
78 121
78 28
78 72
78 133
78 22
78 62
78 60
78 67
78 21
78 38
78 51
78 88
78 96
78 73
78 33
78 94
78 44
78 122
78 97
78 50
78 46
78 93
78 37
78 100
78 41
78 115
78 125
78 91
78 64
78 40
78 71
78 49
78 56
78 59
78 98
78 113
78 107
78 61
78 86
78 123
78 25
78 74
78 63
78 102
78 130
78 30
78 24
78 110
78 75
78 87
78 132
78 127
78 70
78 85
78 103
78 19
78 45
78 128
78 83
78 58
78 92
78 77
78 52
78 76
78 31
78 112
78 42
78 82
78 101
78 53
78 114
78 43
78 131
79 75
79 84
79 83
79 73
79 77
79 85
79 81
79 76
79 68
79 74
79 82
79 72
80 108
80 70
80 67
80 65
80 16
80 54
80 56
80 47
80 83
80 20
80 34
80 103
80 104
80 28
80 110
80 119
80 61
80 45
80 102
80 50
80 30
80 57
80 116
80 96
80 26
80 42
80 90
80 17
80 40
80 60
80 107
80 89
80 109
80 114
80 75
80 24
80 85
80 98
80 29
80 82
80 106
80 69
80 31
80 111
80 39
80 18
80 44
80 58
80 38
80 77
80 22
80 74
80 49
80 118
80 99
80 78
80 101
80 91
80 25
80 32
80 76
80 37
80 15
80 35
81 180
81 183
81 184
81 177
81 173
81 181
81 186
81 176
82 70
82 65
82 59
82 52
82 51
82 74
82 69
82 75
82 62
82 49
82 67
82 68
82 66
82 50
82 73
82 57
82 71
82 56
83 129
83 131
83 133
83 127
83 130
84 36
85 105
85 112
85 113
85 80
85 123
85 97
85 93
85 119
85 108
85 90
85 96
85 125
85 92
85 95
85 114
85 122
85 111
85 124
85 115
85 109
85 102
85 104
85 82
85 103
85 117
85 81
85 118
85 94
86 131
86 169
86 180
86 150
86 129
86 167
86 176
86 161
86 164
86 153
86 140
86 184
86 135
86 155
86 132
86 127
86 186
86 128
86 160
86 158
86 163
86 172
86 183
86 151
86 182
86 130
86 136
86 166
86 156
86 147
86 171
86 187
86 165
86 145
86 181
86 162
86 152
86 137
86 175
86 168
86 134
87 163
87 135
87 157
87 161
87 138
87 165
87 149
87 152
87 141
87 160
87 168
87 156
87 140
87 159
87 142
87 148
87 164
87 137
87 155
87 169
87 146
87 158
87 150
88 185
88 191
88 192
88 194
88 188
89 134
89 130
89 128
89 120
89 142
89 146
89 143
89 149
89 147
89 136
89 152
89 125
89 129
89 123
89 154
89 140
89 151
89 135
89 157
89 153
89 132
89 133
89 131
89 156
89 124
90 101
90 117
90 94
90 119
90 97
90 105
90 95
90 113
90 104
90 72
90 73
90 78
90 86
90 109
90 81
90 123
90 115
90 100
90 125
90 80
90 92
90 118
90 103
90 120
90 85
90 114
90 76
90 75
90 84
90 88
90 79
90 110
91 103
91 126
91 95
91 101
91 136
91 134
91 129
91 87
91 115
91 131
91 148
91 125
91 139
91 86
91 96
91 90
91 99
91 83
91 89
91 145
91 118
91 141
91 143
91 108
91 82
91 140
91 110
91 79
91 109
91 138
91 128
91 117
91 94
91 121
91 100
91 114
91 104
91 112
91 80
91 105
91 130
91 146
91 77
91 113
91 85
92 44
92 43
92 55
92 50
92 48
92 46
92 51
93 104
93 103
93 102
93 101
94 168
94 180
94 177
94 167
94 179
94 181
94 175
94 174
94 171
94 166
94 165
94 173
95 147
95 139
95 137
95 143
95 160
95 156
95 150
95 169
95 138
95 142
95 153
95 166
95 151
95 149
95 144
95 157
95 164
95 170
95 167
95 163
95 159
95 168
95 154
96 176
96 187
96 179
96 174
96 177
96 182
96 185
96 180
96 178
97 75
97 83
97 61
97 84
97 77
97 82
97 76
97 68
97 74
97 71
97 72
97 62
97 63
97 67
97 81
97 73
99 64
99 65
99 61
99 66
99 59
99 62
99 60
99 56
100 25
100 29
100 14
100 33
100 31
100 30
100 41
100 16
100 24
100 37
100 35
100 34
100 22
100 17
100 21
100 19
100 13
100 38
101 50
101 54
101 51
101 52
101 48
101 53
102 40
102 60
102 21
102 49
102 12
102 48
102 16
102 41
102 17
102 45
102 39
102 46
102 38
102 2
102 1
102 8
102 61
102 55
102 14
102 30
102 32
102 57
102 18
102 44
102 47
102 19
102 22
102 54
102 37
102 20
102 6
102 15
102 23
102 9
102 50
102 13
102 52
103 87
103 81
103 80
103 83
103 84
104 141
104 177
104 185
104 174
104 183
104 146
104 188
104 160
104 162
104 145
104 173
104 147
104 186
104 178
104 181
104 182
104 142
104 165
104 166
104 171
104 168
104 184
104 155
104 161
104 172
104 180
104 153
104 144
104 175
104 179
104 176
104 190
104 150
104 167
104 189
104 143
105 174
105 182
105 170
105 178
105 185
105 160
105 168
105 176
105 169
105 175
105 179
105 177
105 161
105 162
105 173
105 171
105 184
105 158
106 131
106 113
106 152
106 149
106 73
106 123
106 51
106 114
106 109
106 100
106 162
106 96
106 63
106 118
106 90
106 60
106 137
106 103
106 58
106 130
106 133
106 136
106 160
106 59
106 108
106 121
106 142
106 161
106 140
106 61
106 94
106 86
106 93
106 87
106 148
106 139
106 97
106 112
106 48
106 119
106 84
106 67
106 88
106 102
106 145
106 92
106 158
106 156
106 76
106 144
106 75
106 141
106 50
106 101
106 117
106 99
106 125
106 138
106 104
106 69
106 128
106 82
106 54
106 116
106 153
106 127
106 111
106 134
106 98
106 72
106 57
106 105
107 87
107 94
107 93
107 95
107 89
107 109
107 100
107 103
107 92
107 102
107 110
107 112
107 83
107 90
107 99
107 113
107 86
107 82
108 114
108 115
108 121
108 128
108 116
108 120
108 127
108 129
108 122
108 123
108 125
108 113
109 71
109 75
109 67
109 64
109 77
109 74
109 69
109 59
109 73
109 61
109 70
109 63
110 172
110 178
110 177
110 174
110 176
111 100
112 187
112 189
112 190
114 172
114 176
114 173
114 171
114 179
114 170
114 177
115 170
115 174
115 165
115 171
115 156
115 167
115 180
115 164
115 169
115 157
115 168
115 147
115 159
115 152
115 160
115 179
115 151
115 175
115 154
115 150
115 162
115 178
115 149
115 148
116 8
117 161
117 149
117 167
117 163
117 159
117 158
117 164
117 155
117 165
117 166
117 151
117 156
118 51
118 52
118 53
118 54
120 29
120 25
120 18
120 17
120 22
120 28
120 51
120 45
120 46
120 36
120 21
120 23
120 32
120 19
120 48
120 42
120 43
120 30
120 34
120 27
120 12
120 53
120 39
120 31
120 33
120 47
121 21
121 81
121 80
121 34
121 90
121 44
121 87
121 47
121 20
121 66
121 71
121 79
121 31
121 99
121 54
121 89
121 28
121 27
121 29
121 25
121 85
121 43
121 69
121 46
121 38
121 91
121 76
121 24
121 23
121 65
121 49
121 30
121 73
121 42
121 74
121 75
121 63
121 82
121 94
121 72
121 95
121 26
121 68
121 51
121 58
121 36
121 48
121 59
121 40
121 50
121 92
121 56
122 125
122 129
122 135
122 132
122 139
122 126
122 134
122 128
122 152
122 141
122 137
122 130
122 142
122 144
122 133
122 147
123 102
123 100
123 103
123 105
124 43
124 75
124 101
124 127
124 56
124 82
124 142
124 72
124 41
124 60
124 62
124 118
124 89
124 145
124 87
124 147
124 68
124 104
124 98
124 80
124 100
124 135
124 120
124 58
124 54
124 83
124 88
124 111
124 136
124 126
124 77
124 117
124 133
124 132
124 86
124 71
124 45
124 95
124 92
124 114
124 109
124 52
124 131
124 59
124 129
124 64
124 53
124 113
124 152
124 94
124 47
124 137
124 67
124 143
124 73
124 115
124 153
124 144
124 76
124 46
124 122
124 141
124 121
124 130
124 151
124 93
124 63
125 104
125 81
125 76
125 106
125 90
125 84
125 78
125 75
125 89
125 80
125 105
125 102
125 82
125 100
125 110
125 83
125 108
125 97
125 85
125 109
125 101
125 111
125 94
125 96
126 150
126 146
126 157
126 154
126 152
126 158
126 149
126 153
126 148
127 124
127 126
127 141
127 121
127 129
127 123
127 139
127 135
127 122
127 133
127 118
127 131
127 142
127 138
128 107
128 103
128 59
128 133
128 143
128 117
128 101
128 120
128 170
128 124
128 76
128 58
128 132
128 97
128 75
128 95
128 72
128 74
128 158
128 126
128 83
128 82
128 96
128 122
128 136
128 63
128 93
128 150
128 80
128 142
128 137
128 67
128 134
128 154
128 89
128 112
128 148
128 169
128 172
128 152
128 116
128 141
128 167
128 125
128 159
128 106
128 166
128 140
128 78
128 171
128 111
128 79
128 91
128 60
128 157
128 139
128 127
128 68
128 135
128 71
128 115
128 131
128 165
128 62
128 110
128 108
128 105
129 132
129 120
129 134
129 137
129 126
129 135
129 125
129 121
129 131
130 106
130 117
130 108
130 109
130 112
130 113
130 107
130 111
130 118
131 154
131 155
132 22
132 23
132 21
132 25
132 27
132 28
133 50
133 66
133 64
133 45
133 47
133 51
133 39
133 57
133 48
133 58
133 41
133 42
133 37
133 55
133 46
133 56
133 53
133 49
133 40
133 63
134 42
134 38
134 37
134 32
134 48
134 30
134 36
134 34
134 49
134 41
134 47
134 39
134 35
134 46
134 44
134 33
134 50
135 88
135 110
135 107
135 76
135 85
135 91
135 101
135 81
135 105
135 89
135 96
135 83
135 109
135 79
135 99
135 104
135 87
135 82
135 92
135 94
135 98
135 77
135 75
135 90
135 108
135 74
136 62
136 71
136 72
136 59
136 65
136 60
136 64
136 73
136 68
137 69
137 71
138 69
138 87
138 88
138 96
138 64
138 90
138 75
138 82
138 62
138 65
138 41
138 68
138 54
138 109
138 59
138 51
138 79
138 105
138 46
138 42
138 44
138 55
138 72
138 95
138 70
138 83
138 101
138 98
138 71
138 58
138 93
138 56
138 86
138 57
138 47
138 73
138 85
138 89
138 39
138 91
138 50
138 49
138 106
138 107
138 84
139 133
139 142
139 146
139 147
139 137
139 135
139 134
139 144
139 138
139 126
139 127
139 130
139 131
140 59
140 57
140 60
140 63
141 132
141 186
141 169
141 139
141 185
141 143
141 164
141 191
141 121
141 175
141 172
141 159
141 122
141 165
141 136
141 188
141 125
141 130
141 128
141 181
141 148
141 163
141 104
141 174
141 126
141 178
141 118
141 123
141 156
141 152
141 157
141 154
141 105
141 153
141 189
141 171
141 183
141 119
141 151
141 177
141 117
141 137
141 170
141 110
141 112
141 102
141 138
141 166
141 147
141 109
141 182
141 190
141 150
142 150
142 181
142 139
142 169
142 110
142 42
142 35
142 65
142 107
142 121
142 61
142 173
142 111
142 91
142 98
142 165
142 78
142 79
142 93
142 116
142 171
142 151
142 97
142 149
142 64
142 132
142 67
142 104
142 41
142 134
142 166
142 172
142 39
142 176
142 117
142 114
142 126
142 182
142 63
142 37
142 128
142 60
142 177
142 106
142 167
142 163
142 185
142 153
142 40
142 70
142 131
142 157
142 36
142 129
142 124
142 159
142 74
142 100
142 141
142 130
142 118
142 77
142 49
142 127
142 54
142 94
142 105
142 135
142 76
142 145
142 59
142 138
142 168
142 133
142 137
142 99
142 155
142 62
142 56
142 68
142 86
142 51
142 102
142 47
142 122
142 46
142 174
142 115
142 170
142 84
142 178
142 136
142 71
142 183
142 53
142 66
142 90
142 50
143 134
143 124
143 114
143 130
143 117
143 113
143 116
143 118
143 120
143 111
143 133
143 129
143 126
143 136
144 94
144 93
144 90
144 92
145 130
145 127
145 129
145 125
146 14
146 18
146 11
146 21
146 16
146 13
146 20
146 22
146 23
146 9
146 17
146 15
146 8
146 7
147 171
147 187
147 177
147 180
147 173
147 168
147 164
147 170
147 185
147 166
147 165
147 181
147 172
148 162
148 172
148 165
148 191
148 171
148 160
148 186
148 175
148 167
148 159
148 163
148 189
148 170
148 158
148 173
148 188
148 179
148 178
148 183
148 190
148 164
148 174
148 184
149 86
149 95
149 109
149 47
149 78
149 162
149 185
149 37
149 99
149 25
149 137
149 34
149 139
149 62
149 113
149 116
149 79
149 64
149 89
149 26
149 57
149 181
149 98
149 97
149 27
149 39
149 50
149 163
149 187
149 123
149 160
149 32
149 35
149 93
149 172
149 75
149 144
149 176
149 136
149 141
149 41
149 148
149 124
149 82
149 114
149 84
149 135
149 46
149 76
149 100
149 104
149 73
149 108
149 186
149 178
149 56
149 90
149 147
149 65
149 112
149 66
149 31
149 70
149 154
149 177
149 68
149 130
149 87
149 29
149 133
149 88
149 96
149 143
149 80
149 145
149 91
149 174
149 121
149 151
149 28
149 103
149 125
149 175
149 72
149 67
149 118
149 131
149 48
149 53
149 22
149 128
149 36
149 156
149 120
149 169
149 51
149 33
149 105
149 159
149 153
149 61
149 170
149 117
149 102
149 42
149 173
149 55
149 107
149 44
149 30
149 138
149 152
149 23
150 148
150 123
150 124
150 154
150 142
150 167
150 126
150 141
150 135
150 164
150 149
150 147
150 132
150 121
150 137
150 136
150 127
150 140
150 156
150 129
150 139
150 155
150 133
150 157
150 166
150 130
150 138
151 28
151 21
151 22
151 34
151 26
151 29
151 30
151 25
151 38
151 20
151 33
151 31
151 35
151 18
151 17
151 23
152 35
152 18
152 34
152 26
152 15
152 33
152 21
152 30
152 11
152 24
152 23
152 12
152 20
152 16
152 32
152 31
152 28
153 141
153 140
153 127
153 130
153 135
153 146
153 148
153 136
153 133
153 150
153 121
153 137
153 145
153 118
153 152
153 132
153 123
153 144
153 143
153 134
153 151
154 74
154 85
154 91
154 69
154 71
154 96
154 87
154 80
154 82
154 81
154 79
154 78
154 86
154 70
154 72
154 90
154 77
154 95
155 81
155 98
155 80
155 96
155 99
155 87
155 93
155 94
155 79
155 97
155 100
155 90
155 102
155 77
155 103
156 84
156 64
156 54
156 49
156 74
156 69
156 30
156 65
156 60
156 78
156 88
156 58
156 42
156 36
156 56
156 28
156 80
156 70
156 50
156 37
156 47
156 79
156 72
156 38
156 86
156 48
156 35
156 43
156 67
156 29
156 55
156 66
156 81
156 41
156 61
156 63
156 46
156 45
157 49
157 54
157 76
157 51
157 33
157 72
157 85
157 46
157 17
157 57
157 37
157 77
157 11
157 14
157 67
157 71
157 47
157 18
157 39
157 59
157 8
157 75
157 26
157 7
157 5
157 25
157 40
157 65
157 86
157 43
157 53
157 24
157 19
157 32
157 28
157 48
157 50
157 70
157 64
157 62
157 15
157 66
157 42
157 60
157 58
157 9
157 6
157 88
157 20
157 34
157 35
157 29
157 55
157 45
157 36
157 10
158 180
158 182
159 152
159 148
159 146
159 143
159 147
159 144
159 149
159 138
159 141
159 155
159 139
159 154
160 12
160 11
161 156
161 137
161 153
161 143
161 125
161 108
161 142
161 120
161 155
161 139
161 151
161 102
161 152
161 96
161 131
161 115
161 144
161 126
161 109
161 117
161 128
161 127
161 101
161 116
161 148
161 104
161 123
161 147
161 130
161 141
161 145
161 113
161 157
161 107
161 103
161 160
161 122
161 159
161 118
162 91
162 95
162 100
162 75
162 90
162 88
162 97
162 68
162 87
162 79
162 77
162 99
162 82
162 78
162 69
162 94
162 76
162 92
162 98
162 84
162 93
162 83
162 64
162 81
162 66
162 70
162 96
163 127
163 131
163 171
163 108
163 135
163 120
163 169
163 126
163 116
163 114
163 162
163 137
163 148
163 138
163 122
163 145
163 155
163 112
163 109
163 170
163 144
163 167
163 146
163 156
163 133
163 132
163 141
163 158
163 123
163 168
163 149
163 125
163 160
163 136
163 140
163 121
164 92
164 100
164 61
164 89
164 96
164 80
164 78
164 102
164 90
164 59
164 84
164 87
164 73
164 85
164 64
164 75
164 72
164 83
164 86
164 77
164 58
164 93
164 60
164 74
164 103
164 91
164 70
164 71
165 58
165 72
165 55
165 63
165 54
165 70
165 56
165 67
165 62
165 61
165 75
165 73
165 74
165 59
165 71
165 57
166 163
166 182
166 172
166 173
166 170
166 158
166 175
166 179
166 186
166 157
166 162
166 171
166 176
166 188
166 159
166 181
166 155
166 177
166 185
166 180
166 174
167 131
167 132
167 127
167 128
167 125
167 126
167 130
168 43
168 96
168 79
168 32
168 83
168 64
168 22
168 36
168 48
168 61
168 75
168 49
168 90
168 67
168 17
168 63
168 25
168 74
168 78
168 98
168 24
168 101
168 35
168 19
168 54
168 26
168 13
168 89
168 82
168 68
168 95
168 102
168 51
168 71
168 60
168 77
168 80
168 53
168 55
168 69
168 97
168 86
168 100
168 20
168 41
168 45
168 65
168 99
168 46
168 91
168 28
168 23
168 18
168 57
169 179
169 138
169 171
169 137
169 160
169 154
169 167
169 139
169 182
169 158
169 187
169 185
169 184
169 140
169 151
169 163
169 165
169 180
169 176
169 162
169 186
169 153
169 173
169 172
169 141
169 174
169 168
169 181
169 152
169 157
169 183
169 146
170 120
170 156
170 155
170 117
170 150
170 137
170 148
170 141
170 124
170 138
170 153
170 130
170 142
170 121
170 110
170 128
170 135
170 143
170 140
170 112
170 116
170 127
170 132
170 134
170 146
170 111
170 114
170 126
170 123
171 44
171 36
171 38
171 41
171 39
171 42
171 40
171 43
171 46
171 45
172 112
172 110
172 103
172 109
172 116
172 114
172 105
172 113
172 115
172 119
172 102
172 122
172 104
173 118
173 95
173 120
173 128
173 141
173 165
173 94
173 102
173 155
173 86
173 111
173 129
173 137
173 139
173 150
173 136
173 100
173 104
173 105
173 113
173 153
173 117
173 161
173 131
173 97
173 172
173 126
173 107
173 93
173 130
173 108
173 166
173 88
173 167
173 122
173 156
173 138
173 168
173 127
173 132
173 162
173 125
173 135
173 103
173 171
173 123
173 109
173 169
173 163
173 158
173 110
173 151
173 89
173 134
174 104
174 103
175 146
175 147
176 174
176 175
176 171
176 186
176 190
176 189
176 179
176 182
176 181
176 180
176 172
177 81
177 82
177 99
177 108
177 103
177 105
177 77
177 79
177 102
177 98
177 104
177 88
177 87
177 96
177 85
177 100
177 89
177 97
177 101
177 106
177 84
178 132
178 158
178 156
178 145
178 154
178 157
178 171
178 176
178 183
178 169
178 162
178 155
178 139
178 149
178 160
178 167
178 174
178 147
178 142
178 130
178 163
178 141
178 110
178 180
178 138
178 143
178 129
178 152
178 140
178 111
178 128
178 151
178 134
178 172
178 116
178 119
178 109
178 117
178 166
178 137
178 164
178 173
178 168
178 165
178 115
178 122
178 148
179 160
179 173
179 169
179 175
179 181
179 170
179 185
179 178
179 172
179 183
179 177
179 165
179 162
179 188
179 174
179 168
179 167
179 161
179 184
180 21
180 19
181 175
181 173
181 178
181 177
181 174
181 179
182 168
182 174
182 175
182 172
182 171
183 56
183 58
183 53
183 59
183 49
183 51
183 50
183 60
183 54
184 194
184 190
184 191
184 187
184 188
184 189
185 139
186 69
186 65
186 66
186 63
186 50
186 60
186 54
186 59
186 52
186 53
186 68
186 51
186 64
186 62
187 20
187 19
187 23
187 30
187 27
187 22
187 21
187 26
188 116
188 138
188 139
188 118
188 122
188 130
188 124
188 112
188 86
188 107
188 134
188 144
188 131
188 142
188 125
188 120
188 114
188 89
188 101
188 103
188 111
188 113
188 121
188 108
188 133
188 95
188 110
188 127
188 109
188 96
188 115
188 105
188 91
188 100
188 92
188 132
188 141
188 93
189 115
189 113
189 123
189 121
189 120
189 131
189 130
189 119
189 126
189 116
189 125
189 118
189 124
189 132
190 165
190 171
190 173
190 177
190 175
190 170
190 163
190 162
190 167
190 169
190 181
190 172
190 168
191 141
191 140
191 146
191 150
191 138
191 149
191 142
191 148
191 145
192 74
192 45
192 86
192 60
192 39
192 106
192 95
192 80
192 63
192 91
192 50
192 68
192 43
192 93
192 70
192 57
192 59
192 105
192 56
192 89
192 49
192 44
192 84
192 104
192 83
192 58
192 102
192 81
192 54
192 46
192 108
192 77
192 101
192 66
192 103
192 55
192 62
192 61
192 78
192 92
192 82
192 98
192 88
192 37
192 107
192 94
192 100
192 87
193 78
193 39
193 60
193 44
193 82
193 49
193 43
193 75
193 68
193 47
193 71
193 37
193 85
193 36
193 65
193 79
193 59
193 70
193 57
193 48
193 84
193 42
193 87
193 80
193 72
193 51
193 76
193 46
193 45
193 56
193 83
193 61
193 52
194 148
194 146
194 149
194 144
194 151
1 96
1 116
1 126
1 71
1 91
1 70
1 72
1 84
1 76
1 124
1 88
1 86
1 87
1 94
1 85
1 80
1 89
1 111
1 90
1 101
1 69
3 95
3 81
3 90
3 91
3 87
3 80
3 86
3 77
3 93
3 78
3 94
3 83
3 89
4 82
4 78
4 72
4 84
4 59
4 60
4 70
4 63
4 76
4 62
4 58
4 85
4 73
4 79
4 65
4 81
4 61
4 69
4 68
5 103
5 135
5 101
5 109
5 110
5 111
5 137
5 107
5 117
5 122
5 128
5 134
5 98
5 129
5 136
5 119
5 115
5 146
5 125
5 126
5 97
5 132
5 114
5 105
5 138
5 112
5 127
5 148
5 106
5 145
5 149
5 123
5 143
6 14
6 11
6 13
7 81
7 67
7 66
7 69
7 70
7 74
7 77
7 80
7 79
7 61
7 58
7 76
7 57
7 78
7 72
7 64
7 71
8 167
8 188
8 173
8 174
8 184
8 192
8 170
8 166
8 176
8 181
8 165
8 182
8 177
8 189
8 186
9 29
9 33
9 32
9 20
9 23
9 16
9 12
9 28
9 27
9 22
9 19
9 15
9 5
9 26
9 13
9 11
9 17
10 173
10 189
10 183
10 190
10 174
10 168
10 164
10 166
10 170
10 177
10 191
10 184
10 188
10 180
10 165
10 175
10 186
10 179
10 181
10 167
10 176
10 169
11 75
11 67
11 82
11 95
11 73
11 92
11 99
11 91
11 71
11 72
11 85
11 103
11 83
11 96
11 76
11 88
11 66
11 89
11 77
11 84
11 70
12 139
12 140
13 110
13 122
13 114
13 107
13 120
13 117
13 126
13 118
13 125
13 127
13 108
13 115
13 119
13 124
13 111
13 123
14 66
14 61
14 73
14 50
15 99
15 100
17 132
17 133
17 139
18 89
18 91
18 96
18 103
18 94
18 100
18 95
18 99
19 113
19 115
19 91
19 105
19 76
19 117
19 99
19 112
19 111
19 104
19 94
19 74
19 106
19 75
19 96
19 107
19 80
19 77
19 103
19 102
19 116
19 110
19 86
20 118
20 114
20 88
20 80
20 108
20 110
20 115
20 102
20 84
20 97
20 90
20 106
20 93
20 121
20 112
20 82
20 95
20 83
20 113
20 99
20 101
20 87
20 104
20 116
20 85
20 91
20 86
20 98
20 120
21 106
21 166
21 79
21 178
21 90
21 120
21 77
21 158
21 93
21 109
21 182
21 108
21 116
21 164
21 162
21 48
21 71
21 62
21 112
21 103
21 159
21 150
21 78
21 123
21 53
21 148
21 155
21 95
21 179
21 58
21 168
21 86
21 69
21 152
21 74
21 99
21 115
21 153
21 94
21 47
21 142
21 84
21 91
21 102
21 96
21 113
21 81
21 87
21 72
21 131
21 176
21 165
21 180
21 181
21 54
21 59
21 97
21 44
21 92
21 67
21 110
21 57
21 111
21 104
21 125
21 121
21 82
21 56
21 118
21 50
21 161
21 167
21 169
21 146
21 124
21 98
21 128
21 63
21 100
21 171
21 149
21 73
21 151
21 183
21 157
21 51
21 65
21 43
21 83
22 31
22 94
22 42
22 81
22 50
22 28
22 73
22 35
22 58
22 45
22 29
22 64
22 96
22 88
22 84
22 19
22 51
22 52
22 77
22 20
22 24
22 30
22 38
22 34
22 27
24 144
25 166
25 169
25 170
25 171
26 56
26 53
26 72
26 57
26 75
26 69
26 67
26 74
26 46
26 70
26 60
26 40
26 59
26 50
26 63
26 41
26 52
26 47
26 62
27 116
27 145
27 135
27 154
27 113
27 99
27 139
27 127
27 93
27 104
27 106
27 147
27 112
27 114
27 148
27 125
27 129
27 121
27 140
27 119
27 126
27 152
27 156
27 141
27 124
27 98
27 136
27 134
27 115
27 149
27 151
27 146
27 143
27 97
27 109
27 123
28 168
28 119
28 144
28 128
28 161
28 115
28 127
28 133
28 137
28 162
28 124
28 177
28 184
28 141
28 138
28 121
28 140
28 114
28 175
28 166
28 125
28 116
28 149
28 159
28 142
28 185
28 148
28 118
28 130
28 167
28 147
28 129
29 25
29 23
29 45
29 28
29 32
29 31
29 35
29 34
29 37
29 27
29 41
29 44
30 82
30 83
30 81
30 80
30 79
31 183
31 186
32 176
32 168
32 171
32 165
32 177
32 178
32 179
33 174
33 164
33 167
33 166
33 171
33 168
33 163
34 169
34 172
34 164
34 161
34 167
34 158
34 166
34 159
34 160
34 170
34 175
34 156
34 163
35 16
37 135
37 53
37 82
37 108
37 65
37 75
37 106
37 134
37 104
37 74
37 63
37 72
37 119
37 71
37 117
37 54
37 88
37 111
37 77
37 122
37 127
37 85
37 128
37 55
37 126
37 123
37 133
37 132
37 62
37 58
37 124
37 90
37 113
37 69
37 130
37 83
37 57
37 100
37 86
37 79
37 60
37 70
37 102
37 84
37 94
37 97
37 56
37 107
37 99
37 61
37 81
37 129
37 121
37 80
37 52
37 50
37 103
37 95
37 67
37 96
37 109
38 184
38 180
38 172
38 166
38 167
38 187
38 185
38 182
38 170
38 179
38 171
38 178
38 183
38 175
38 169
38 176
38 181
39 47
40 127
40 137
40 119
40 149
40 120
40 147
40 121
40 138
40 145
40 151
40 140
40 129
40 124
40 118
40 136
40 135
40 125
40 126
40 133
40 148
41 130
41 140
41 127
41 139
41 136
41 131
41 133
41 134
41 125
41 141
41 128
42 192
42 175
42 179
42 183
42 190
42 177
42 186
42 181
42 176
42 188
42 191
42 189
43 178
43 180
43 175
43 179
44 36
44 68
44 62
44 59
44 64
44 35
44 32
44 42
44 63
44 69
44 56
44 72
44 66
44 37
44 53
44 65
44 71
44 46
44 33
44 30
44 48
44 29
44 57
44 47
44 52
44 49
44 31
44 51
44 43
45 154
45 156
45 159
45 158
45 153
46 88
46 99
46 89
46 91
46 94
46 100
46 87
46 83
46 95
47 51
47 58
47 41
47 42
47 53
47 43
47 57
47 49
47 45
47 46
47 52
47 44
48 139
49 24
49 36
49 38
49 85
49 21
49 98
49 105
49 94
49 47
49 19
49 100
49 63
49 109
49 45
49 79
49 35
49 51
49 77
49 60
49 31
49 72
49 103
49 55
49 54
49 22
49 42
49 39
49 25
49 64
49 56
49 78
49 99
49 59
49 20
49 52
49 34
49 88
49 53
49 33
49 41
49 46
49 58
49 40
49 97
49 91
49 29
49 68
49 108
49 28
49 65
49 76
49 44
49 96
51 179
51 182
51 186
51 178
51 185
51 177
51 174
51 175
52 68
52 26
52 27
52 73
52 77
52 43
52 47
52 91
52 83
52 118
52 42
52 48
52 46
52 81
52 62
52 111
52 40
52 59
52 84
52 128
52 86
52 58
52 107
52 76
52 49
52 45
52 29
52 79
52 34
52 33
52 28
52 117
52 51
52 50
52 123
52 66
52 25
52 65
52 64
52 44
52 124
52 92
52 61
52 75
52 93
52 63
52 85
52 30
52 94
52 87
52 125
52 32
52 97
52 112
52 69
52 90
52 113
52 122
52 22
52 54
53 163
53 155
53 160
53 162
53 146
53 178
53 159
53 177
53 173
53 148
53 179
53 152
53 153
53 164
53 174
53 167
53 142
53 175
53 170
54 114
54 72
54 93
54 121
54 75
54 123
54 148
54 147
54 78
54 100
54 127
54 142
54 143
54 117
54 141
54 126
54 146
54 125
54 151
54 131
54 109
54 110
54 108
54 96
54 133
54 152
54 137
54 99
54 130
54 105
54 87
54 73
54 76
54 91
54 97
54 122
54 71
54 115
54 119
54 138
54 144
54 85
54 128
54 74
54 79
54 132
54 98
54 103
54 104
54 89
54 77
55 148
55 165
55 180
55 155
55 156
55 167
55 157
56 80
56 75
56 78
56 79
56 72
56 73
57 179
57 183
57 171
57 182
57 144
57 168
57 162
57 172
57 170
57 148
57 166
57 163
57 177
57 173
57 157
57 181
57 159
57 167
57 152
57 180
57 174
57 164
57 160
57 156
58 33
58 36
58 40
58 32
58 43
58 31
58 39
58 46
58 42
58 38
59 101
59 90
59 66
59 87
59 83
59 75
59 70
59 65
59 72
59 81
59 98
59 85
59 77
59 62
59 64
59 71
59 76
59 78
59 63
59 102
59 67
59 93
59 69
59 97
59 94
60 93
60 82
60 95
60 79
60 115
60 83
60 91
60 84
60 78
60 80
60 81
60 111
60 90
60 99
60 86
60 74
60 87
60 113
60 73
60 77
60 75
60 89
61 165
61 184
61 173
61 169
61 154
61 188
61 152
61 179
61 162
61 159
61 163
62 65
62 106
62 77
62 114
62 100
62 113
62 67
62 58
62 107
62 109
62 95
62 108
62 97
62 98
62 111
62 112
62 93
62 110
62 115
62 82
62 116
63 168
63 167
63 163
63 166
63 164
64 92
64 72
64 103
64 109
64 101
64 110
64 99
64 83
64 67
64 106
64 87
65 111
65 108
65 104
65 103
65 107
65 109
65 102
65 100
65 110
65 105
66 163
66 164
66 167
66 166
67 123
67 124
67 122
68 51
68 55
68 48
68 56
68 46
68 64
68 41
68 62
68 44
68 60
68 49
68 53
68 63
68 58
68 59
68 52
68 54
68 65
68 42
69 151
69 172
69 181
69 175
69 152
69 173
69 179
69 183
69 156
69 184
69 176
69 163
69 158
69 164
69 177
69 185
69 155
69 169
69 174
69 166
69 167
69 171
69 182
70 156
70 157
70 155
70 152
70 158
71 164
71 168
71 166
71 170
72 93
72 53
72 108
72 89
72 76
72 71
72 75
72 119
72 95
72 44
72 105
72 54
72 28
72 104
72 55
72 51
72 38
72 96
72 82
72 50
72 114
72 87
72 109
72 78
72 31
72 61
72 102
72 121
72 113
72 77
72 125
72 88
72 91
72 74
72 128
72 48
72 70
72 116
72 79
72 124
72 32
72 39
72 65
72 115
72 69
72 107
72 56
72 58
72 94
72 57
72 30
72 33
72 100
72 45
74 173
74 170
74 171
74 169
75 59
75 51
75 60
75 54
75 46
75 45
75 52
75 53
75 48
75 58
75 56
75 55
76 45
76 34
76 58
76 46
76 72
76 74
76 60
76 42
76 62
76 51
76 36
76 61
76 73
76 29
76 50
76 47
76 64
76 49
76 33
76 30
76 66
76 40
76 65
76 39
76 68
76 63
76 54
76 38
76 67
76 35
76 37
76 53
77 186
77 182
77 180
77 176
77 179
77 173
77 178
77 175
77 183
77 174
77 184
78 66
78 69
79 174
79 175
79 153
79 161
79 163
79 180
79 172
79 173
79 181
79 155
79 167
79 159
79 152
79 185
79 170
79 154
79 168
79 183
79 166
79 184
79 156
79 169
79 179
80 162
80 140
80 137
80 124
80 127
80 153
80 123
80 148
80 157
80 134
80 129
80 125
80 122
80 160
80 154
80 152
80 144
80 161
80 150
80 149
80 128
80 130
80 143
80 146
80 158
80 131
80 155
80 141
81 54
81 59
81 66
81 64
81 60
81 51
81 72
81 58
81 61
81 67
81 53
81 70
82 159
83 86
83 89
83 88
83 105
83 90
83 92
83 81
83 100
83 102
83 93
83 103
83 104
83 95
83 106
84 107
84 106
84 126
84 122
84 113
84 115
84 111
84 110
84 130
84 108
84 129
84 116
84 139
84 136
84 104
84 120
84 124
84 134
84 131
84 137
84 133
84 127
84 132
84 114
85 51
85 64
85 61
85 62
85 65
85 77
85 91
85 56
85 89
85 54
85 66
85 47
85 101
85 74
85 73
85 60
85 88
85 70
85 52
85 99
85 78
85 75
85 83
85 58
85 59
85 50
85 106
85 87
85 98
86 11
87 154
87 153
88 144
88 129
88 114
88 109
88 137
88 112
88 104
88 141
88 117
88 125
88 102
88 110
88 126
88 132
88 143
88 119
88 100
88 120
88 147
88 99
88 105
88 101
88 108
88 136
88 150
88 111
88 151
88 103
88 145
88 139
88 134
88 122
88 127
88 115
89 68
89 73
89 58
89 61
89 80
89 77
89 109
89 69
89 107
89 103
89 79
89 87
89 67
89 88
89 113
89 105
89 100
89 60
89 51
89 104
89 57
89 71
89 63
89 121
89 55
89 119
89 95
89 93
89 94
89 84
89 83
89 52
89 110
89 114
89 106
89 92
89 59
89 56
89 118
89 91
89 72
89 99
89 76
90 49
90 58
90 62
90 65
90 47
90 82
90 68
90 52
90 57
90 74
90 96
90 106
90 77
90 64
90 102
90 42
90 89
90 50
90 67
90 51
90 87
90 83
90 63
90 56
90 43
90 45
90 48
90 60
90 99
90 61
91 78
91 55
91 59
91 71
91 66
91 44
91 58
91 54
91 50
91 57
91 69
91 41
91 60
91 63
91 61
91 46
91 37
91 76
91 47
91 48
91 74
91 53
91 62
92 184
93 40
93 52
93 55
93 56
93 50
93 38
93 60
93 65
93 39
93 47
93 61
93 46
93 51
93 37
93 59
93 64
93 44
93 53
93 42
93 43
93 63
94 88
94 76
94 101
94 91
94 96
94 75
94 80
94 98
94 82
94 89
94 83
94 111
94 93
94 92
94 87
94 97
94 70
94 103
94 77
94 74
94 105
94 84
94 102
94 73
94 109
94 100
94 107
95 158
95 165
95 162
95 152
95 146
97 99
97 94
97 69
97 65
97 78
97 87
97 79
97 64
97 95
97 80
97 96
97 66
97 101
98 87
98 95
98 89
98 90
98 93
99 132
99 137
99 139
99 126
99 129
99 138
99 128
99 123
99 133
99 134
100 36
100 10
100 83
100 79
100 39
100 43
100 63
100 5
100 3
100 59
100 45
100 23
100 88
100 75
100 12
100 81
100 78
100 6
100 80
100 74
100 48
100 2
100 32
100 77
100 72
100 46
100 20
100 70
100 50
100 42
100 64
100 28
100 9
100 11
100 93
100 52
100 86
100 66
100 4
100 51
100 7
100 68
100 47
100 94
101 122
101 94
101 84
101 88
101 117
101 116
101 107
101 105
101 87
101 123
101 96
101 114
101 118
101 85
101 98
101 83
101 110
101 124
101 113
101 119
101 109
101 92
101 89
101 104
101 115
101 100
101 80
101 93
102 122
102 79
102 96
102 73
102 69
102 82
102 114
102 130
102 131
102 124
102 92
102 67
102 87
102 108
102 125
102 76
102 80
102 128
102 62
102 84
102 72
102 129
102 119
102 59
102 101
102 111
102 94
102 91
102 65
102 123
102 70
102 133
102 71
102 132
102 99
102 116
102 78
102 135
102 74
102 97
102 89
102 75
102 106
102 117
102 58
103 191
104 156
104 154
104 157
104 164
104 151
104 158
104 169
104 159
104 152
105 186
105 180
106 173
106 191
106 184
106 180
106 171
106 165
106 178
106 177
106 176
106 172
106 168
106 169
106 187
106 170
106 189
106 175
106 188
107 153
107 166
107 106
107 128
107 165
107 184
107 140
107 139
107 163
107 179
107 98
107 136
107 115
107 151
107 172
107 143
107 149
107 117
107 160
107 121
107 125
107 175
107 178
107 171
107 141
107 154
107 105
107 120
107 157
107 155
107 111
107 161
107 101
107 126
107 182
107 148
107 127
107 147
107 130
107 167
107 145
107 104
107 162
107 177
107 97
107 124
107 174
107 134
108 156
108 159
108 152
108 157
108 153
108 164
108 160
108 161
109 99
109 96
109 94
109 93
110 85
110 78
110 76
110 81
110 82
110 75
110 86
110 84
110 88
110 72
110 79
111 136
111 127
111 123
111 134
111 126
111 135
111 129
111 130
112 128
112 101
112 91
112 131
112 56
112 105
112 53
112 92
112 137
112 124
112 50
112 107
112 78
112 72
112 74
112 139
112 55
112 138
112 94
112 67
112 104
112 103
112 120
112 52
112 127
112 148
112 119
112 95
112 117
112 129
112 57
112 64
112 62
112 109
112 152
112 49
112 89
112 73
112 110
112 99
112 85
112 80
112 58
112 142
112 79
112 136
112 108
112 147
112 60
112 93
112 111
112 71
112 98
112 84
112 59
112 88
112 90
112 86
112 122
112 123
112 134
112 76
112 68
112 48
112 144
112 65
112 45
112 51
112 83
113 110
113 143
113 102
113 111
113 164
113 172
113 157
113 147
113 161
113 170
113 171
113 126
113 176
113 163
113 135
113 106
113 118
113 162
113 130
113 167
113 123
113 166
113 127
113 129
113 122
113 105
113 132
113 119
113 134
113 156
113 173
113 145
113 133
113 117
113 98
113 158
113 137
113 124
113 108
113 149
113 153
113 141
113 151
113 148
113 175
113 131
114 131
114 61
114 86
114 149
114 132
114 144
114 71
114 147
114 98
114 142
114 78
114 109
114 62
114 72
114 97
114 133
114 110
114 99
114 121
114 69
114 128
114 76
114 111
114 150
114 122
114 137
114 112
114 102
114 59
114 135
114 60
114 73
114 85
114 79
114 161
114 158
114 107
114 63
114 89
114 153
114 134
114 155
114 136
114 67
114 105
114 148
114 65
114 100
114 87
114 108
114 116
114 81
114 93
114 154
114 143
114 77
114 104
114 117
114 123
114 162
114 145
114 138
115 51
115 74
115 81
115 57
115 75
115 36
115 40
115 78
115 68
115 55
115 37
115 93
115 72
115 79
115 69
115 73
115 90
115 41
115 67
115 34
115 70
115 53
115 61
115 38
115 76
115 50
115 59
115 64
115 43
115 91
115 42
115 84
115 95
115 92
115 52
115 48
115 49
115 44
116 87
116 100
116 92
116 115
116 88
116 93
116 83
116 84
116 103
116 102
116 77
116 91
116 108
116 78
116 99
116 114
116 96
116 111
116 82
116 86
116 110
116 106
116 104
116 95
116 76
117 29
117 16
117 18
117 19
117 27
117 23
117 25
117 21
117 28
118 50
118 97
118 68
118 73
118 69
118 72
118 45
118 56
118 66
118 47
118 41
118 101
118 70
118 94
118 92
118 83
118 106
118 95
118 59
118 67
118 46
118 71
118 103
118 76
118 74
118 48
118 40
118 99
118 43
118 84
118 86
118 104
118 80
118 57
118 75
118 96
118 89
118 90
118 85
118 82
118 98
118 87
119 187
119 190
119 193
119 186
119 188
119 184
119 189
120 24
120 20
121 168
121 159
121 120
121 117
121 52
121 191
121 174
121 157
121 161
121 144
121 60
121 154
121 130
121 171
121 167
121 61
121 175
121 158
121 113
121 143
121 116
121 104
121 164
121 109
121 177
121 190
121 155
121 111
121 189
121 53
121 173
121 105
121 107
121 101
121 178
121 166
121 152
121 149
121 184
121 138
121 172
121 150
121 125
121 78
121 141
121 131
121 102
121 135
121 181
121 140
121 88
121 156
121 188
121 77
121 128
121 84
121 98
121 119
121 153
121 179
121 170
121 108
121 62
121 106
121 148
121 100
121 123
121 115
121 70
121 64
121 137
122 127
122 121
123 183
123 182
123 188
123 190
123 178
123 180
123 185
124 123
124 154
124 174
124 96
124 183
124 188
124 177
124 166
124 146
124 167
124 182
124 168
124 116
124 112
124 175
124 102
124 169
124 105
124 190
124 192
124 91
124 106
124 165
124 171
124 185
124 97
124 148
124 187
124 172
124 161
124 181
124 150
124 170
124 160
124 119
124 108
124 180
124 158
124 138
124 155
125 183
125 147
125 130
125 156
125 134
125 144
125 64
125 177
125 77
125 145
125 180
125 140
125 67
125 150
125 170
125 176
125 146
125 166
125 171
125 151
125 69
125 119
125 91
125 172
125 122
125 138
125 88
125 118
125 148
125 137
125 169
125 87
125 123
125 158
125 72
125 184
125 113
125 168
125 70
125 174
125 117
125 167
125 103
125 165
125 73
125 182
125 128
125 116
125 160
125 127
125 179
125 163
125 71
125 152
125 139
125 99
125 157
125 178
125 162
125 92
125 185
125 124
125 107
125 95
126 84
126 10
126 171
126 121
126 107
126 50
126 64
126 92
126 181
126 86
126 34
126 140
126 59
126 120
126 54
126 117
126 18
126 38
126 147
126 94
126 114
126 25
126 91
126 52
126 28
126 106
126 72
126 156
126 15
126 135
126 79
126 56
126 160
126 174
126 165
126 63
126 116
126 82
126 81
126 164
126 98
126 166
126 57
126 125
126 46
126 48
126 100
126 104
126 172
126 44
126 11
126 128
126 53
126 61
126 97
126 49
126 66
126 75
126 55
126 151
126 88
126 155
126 143
126 99
126 122
126 42
126 67
126 105
126 22
126 12
126 27
126 110
126 109
126 33
126 41
126 93
126 32
126 179
126 170
126 45
126 83
126 71
126 142
126 115
126 131
126 113
126 167
126 168
126 29
126 119
126 96
126 17
126 37
126 78
126 136
126 162
126 85
126 39
126 95
126 161
126 138
126 178
126 62
127 50
127 80
127 75
127 61
127 60
127 63
127 54
127 73
127 53
127 77
127 78
127 57
127 59
127 66
127 82
127 71
127 69
127 68
127 58
127 65
127 81
128 64
128 61
128 70
128 65
128 69
129 181
129 183
129 174
129 179
129 169
129 166
129 173
129 184
129 182
129 165
129 176
129 171
130 47
130 61
130 46
130 62
130 52
130 50
130 59
130 45
130 51
130 43
130 48
130 57
130 60
131 184
131 134
131 143
131 141
131 144
131 162
131 138
131 168
131 148
131 140
131 179
131 139
131 136
131 150
131 161
131 142
131 178
131 135
131 164
131 186
131 180
131 165
131 149
131 173
131 137
131 188
131 166
131 163
131 187
131 170
131 152
131 146
131 189
131 175
131 147
132 54
132 52
132 55
132 43
132 51
132 44
132 45
132 47
132 48
133 190
133 183
133 189
133 182
133 179
133 187
133 181
133 191
134 72
134 69
134 53
134 65
134 51
134 68
134 52
134 66
134 59
134 73
134 58
134 57
135 100
135 170
135 150
135 26
135 112
135 160
135 138
135 165
135 27
135 50
135 45
135 125
135 73
135 111
135 119
135 130
135 24
135 190
135 155
135 186
135 118
135 40
135 114
135 67
135 163
135 86
135 65
135 97
135 127
135 46
135 64
135 44
135 151
135 143
135 52
135 161
135 139
135 31
135 166
135 185
135 70
135 167
135 181
135 140
135 149
135 36
135 54
135 176
135 173
135 113
135 180
135 35
135 95
135 157
135 56
135 69
135 121
135 134
135 123
135 192
135 37
135 49
135 72
135 43
135 184
135 171
135 152
135 33
135 178
135 148
135 187
135 128
135 188
135 179
135 68
135 142
135 48
135 154
135 59
135 131
135 32
135 117
135 93
135 61
135 116
136 131
136 129
136 130
136 126
137 167
137 179
137 174
137 147
137 184
137 149
137 154
137 181
137 178
137 165
137 156
137 146
137 158
137 166
137 155
137 172
137 152
137 141
137 142
137 187
137 148
137 185
137 183
137 175
137 161
137 169
137 168
137 177
137 135
137 186
137 140
137 159
137 157
138 188
138 184
138 182
138 183
138 185
139 77
140 72
140 75
140 73
140 71
141 58
143 112
143 97
143 100
143 98
143 102
143 107
143 110
143 115
144 95
144 87
144 100
144 85
144 96
144 91
144 88
144 98
145 135
145 140
145 138
145 141
145 136
145 150
145 139
145 137
145 149
145 148
145 142
146 161
146 148
146 144
146 141
146 150
146 142
146 162
146 143
146 158
146 156
146 157
146 151
146 155
146 154
147 71
147 84
147 82
147 86
147 72
147 81
147 87
147 79
147 73
147 77
147 88
147 74
147 76
148 166
149 49
149 40
149 38
149 43
150 165
150 160
150 161
150 163
151 177
151 174
151 178
151 181
152 150
152 157
152 160
152 154
152 149
152 156
153 129
154 134
154 162
154 143
154 132
154 173
154 182
154 136
154 178
154 185
154 133
154 174
154 152
154 160
154 147
154 153
154 176
154 135
154 171
154 170
154 140
154 158
154 183
154 150
154 139
154 164
154 144
154 169
154 186
154 156
154 146
154 137
154 159
154 180
154 175
154 165
154 130
154 157
154 167
154 163
154 142
155 120
155 119
156 68
156 32
156 57
156 19
156 39
156 26
156 31
156 25
156 52
156 18
156 40
156 24
156 21
156 23
156 27
156 22
157 92
157 151
157 98
157 119
157 123
157 74
157 134
157 152
157 126
157 103
157 133
157 120
157 69
157 84
157 154
157 137
157 139
157 131
157 97
157 109
157 146
157 56
157 143
157 155
157 129
157 52
157 148
157 79
157 122
157 132
157 128
157 95
157 112
157 63
157 153
157 144
157 150
157 93
157 102
157 81
157 91
157 141
157 80
157 147
157 114
157 73
158 84
158 48
158 61
158 50
158 15
158 51
158 21
158 16
158 17
158 26
158 33
158 37
158 52
158 38
158 20
158 56
158 22
158 55
158 66
158 19
158 80
158 69
158 28
158 83
158 58
158 76
158 47
158 65
158 35
158 12
158 67
158 30
158 70
158 63
158 14
158 82
158 43
158 59
158 49
158 57
158 11
158 73
158 78
158 25
158 71
158 77
158 34
159 186
159 175
159 170
159 167
159 169
159 172
159 181
159 184
159 185
159 179
159 176
159 171
159 165
159 182
159 187
159 183
160 126
160 138
160 112
160 116
160 103
160 123
160 128
160 120
160 109
160 134
160 130
160 136
160 127
160 118
160 110
160 135
160 113
160 131
160 122
160 129
160 104
160 132
160 137
160 119
160 107
160 124
160 106
161 182
161 181
162 104
162 124
162 102
162 113
162 108
162 101
162 116
162 120
162 126
162 119
162 115
162 105
162 111
162 107
162 80
162 114
162 86
162 106
162 127
162 103
162 121
163 68
163 103
163 64
163 139
163 70
163 129
163 94
163 92
163 62
163 71
163 98
163 80
163 110
163 90
163 115
163 83
163 87
163 74
163 96
163 65
163 118
163 73
163 107
163 119
163 86
163 117
163 97
163 93
163 85
163 72
163 105
163 67
163 88
163 101
163 66
163 95
163 77
163 104
163 142
164 82
164 81
165 155
165 100
165 156
165 151
165 148
165 153
165 115
165 143
165 124
165 121
165 102
165 168
165 138
165 125
165 134
165 126
165 150
165 139
165 167
165 103
165 175
165 119
165 152
165 157
165 149
165 131
165 111
165 132
165 116
165 135
165 122
165 162
165 163
165 160
165 117
165 147
165 130
165 129
165 104
165 174
165 141
165 164
165 137
165 128
165 144
165 173
165 133
165 158
165 108
166 85
166 76
166 88
166 84
166 67
166 86
166 105
166 102
166 95
166 109
166 112
166 96
166 100
166 81
166 118
166 115
166 103
166 83
166 121
166 79
166 117
166 75
166 71
166 73
166 72
166 104
166 116
166 69
166 77
166 74
166 70
166 107
167 102
167 98
167 99
167 107
167 108
167 86
167 114
167 80
167 94
167 83
167 109
167 95
167 101
167 84
167 92
167 106
167 96
167 100
167 105
167 104
167 113
167 93
168 76
168 50
168 72
168 52
168 66
168 70
169 191
169 188
170 32
170 61
170 35
170 28
170 24
170 26
170 8
170 17
170 43
170 51
170 55
170 40
170 16
170 7
170 6
170 21
170 4
170 15
170 31
170 41
170 12
170 18
170 52
170 49
170 53
170 27
170 42
170 14
170 23
170 48
170 5
170 50
170 37
170 29
170 38
170 56
170 44
172 184
172 187
172 189
173 140
173 154
173 144
173 149
173 146
173 119
173 114
173 121
173 157
173 124
173 142
173 133
173 148
173 152
173 143
174 85
174 96
174 112
174 97
174 111
174 116
174 101
174 91
174 87
174 75
174 110
174 100
174 129
174 139
174 107
174 71
174 93
174 127
174 72
174 146
174 134
174 78
174 147
174 140
174 74
174 76
174 121
174 117
174 128
174 83
174 81
174 141
174 143
174 115
174 119
174 118
174 120
174 122
174 95
174 135
174 145
174 144
174 98
174 138
174 131
174 133
174 148
175 171
175 181
175 166
175 161
175 177
175 167
175 180
175 179
175 163
175 159
175 151
175 160
175 174
175 155
175 182
175 165
175 153
175 164
175 157
176 77
176 90
176 76
176 79
176 102
176 99
176 97
176 100
176 85
176 103
176 86
176 92
176 101
176 80
176 84
176 82
176 93
177 86
177 127
177 116
177 132
177 109
177 117
177 114
177 118
177 144
177 126
177 115
177 148
177 146
177 90
177 143
177 152
177 150
177 112
177 107
177 92
177 141
177 111
177 151
177 147
177 129
177 156
177 142
177 120
177 91
177 157
177 138
177 133
177 119
177 154
177 131
177 122
177 128
177 159
177 125
177 124
177 145
178 136
178 113
178 102
178 105
178 100
178 114
178 101
178 123
178 99
178 146
178 107
178 89
178 126
178 98
178 127
178 133
178 84
178 108
178 97
178 94
178 95
178 82
178 90
178 96
178 85
178 153
178 150
178 83
178 125
178 120
178 103
178 135
179 159
179 182
179 164
179 166
179 154
179 171
179 157
179 155
180 159
180 158
180 160
181 42
181 45
181 23
181 66
181 95
181 75
181 65
181 81
181 80
181 40
181 50
181 83
181 25
181 96
181 37
181 90
181 28
181 59
181 78
181 43
181 58
181 44
181 39
181 67
181 71
181 79
181 57
181 73
181 48
181 82
181 68
181 47
181 32
181 94
181 24
181 97
181 92
181 69
181 54
181 93
181 70
181 22
181 85
181 41
181 30
181 99
181 31
181 49
181 27
182 81
182 78
182 90
182 83
182 88
182 79
182 74
182 84
183 192
184 80
184 111
184 87
184 84
184 79
184 105
184 77
184 95
184 104
184 99
184 90
184 82
184 110
184 83
184 109
184 81
184 108
184 107
184 78
184 94
184 89
184 91
185 151
185 123
185 118
185 162
185 145
185 153
185 150
185 130
185 152
185 155
185 120
185 132
185 135
185 124
185 119
185 158
185 149
185 122
185 141
185 160
185 133
185 144
185 136
185 156
185 134
185 127
185 154
185 126
185 116
185 147
185 159
185 137
185 138
185 115
186 185
186 166
186 173
186 165
186 178
186 181
186 177
186 170
186 182
186 172
186 169
186 174
186 167
187 125
187 97
187 55
187 90
187 75
187 80
187 86
187 54
187 129
187 102
187 53
187 127
187 116
187 65
187 85
187 67
187 68
187 63
187 64
187 52
187 121
187 78
187 95
187 92
187 111
187 118
187 84
187 57
187 93
187 130
187 120
187 96
187 104
187 58
187 82
187 77
187 124
187 108
187 106
187 119
187 103
187 81
187 114
187 126
188 154
188 157
188 156
188 155
189 69
189 75
189 80
189 73
189 78
189 77
189 68
189 81
189 72
190 187
190 176
190 189
190 174
190 192
190 194
190 178
190 182
191 104
191 95
191 100
191 73
191 53
191 85
191 45
191 74
191 46
191 28
191 89
191 102
191 34
191 96
191 69
191 52
191 62
191 91
191 98
191 57
191 55
191 105
191 64
191 29
191 84
191 48
191 49
191 103
191 54
191 35
191 19
191 79
191 13
191 81
191 40
191 63
191 94
191 31
191 88
191 109
191 51
191 24
191 60
191 22
191 75
191 87
191 37
191 41
191 20
191 42
191 106
191 18
191 65
191 16
191 71
191 50
191 76
191 78
191 111
191 101
191 56
192 176
192 172
192 175
192 181
192 179
192 178
192 182
192 177
192 184
192 183
192 174
192 173
193 143
193 128
193 98
193 162
193 151
193 152
193 144
193 142
193 163
193 126
193 101
193 107
193 116
193 103
193 99
193 132
193 102
193 174
193 136
193 118
193 137
193 110
193 141
193 95
193 96
193 161
193 120
193 168
193 130
193 160
193 149
193 166
193 119
193 150
193 94
193 147
193 146
193 139
193 133
193 125
193 108
193 111
193 131
193 167
193 109
193 155
193 170
194 94
194 89
194 52
194 58
194 65
194 85
194 62
194 51
194 95
194 78
194 79
194 90
194 98
194 88
194 68
194 60
194 71
194 100
194 102
194 70
194 75
194 56
194 96
194 91
194 66
194 86
194 99
194 72
194 82
194 76
194 92
194 67
194 61
1 162
1 174
1 170
1 178
1 190
1 192
1 179
1 185
1 161
1 159
1 187
1 168
1 173
1 191
1 164
1 163
1 166
1 184
1 188
1 186
1 171
1 158
1 169
2 40
2 24
2 23
2 31
2 29
2 18
2 20
2 26
2 19
2 33
2 30
2 34
2 38
3 176
3 175
3 178
3 172
3 173
4 51
4 43
4 50
4 37
4 46
4 41
4 48
4 52
4 34
4 54
4 38
4 31
4 42
4 30
5 18
5 30
5 3
5 16
5 21
5 31
5 32
5 9
5 26
5 27
5 12
5 28
5 4
5 24
5 34
5 29
5 17
5 23
6 79
6 77
7 112
7 123
7 104
7 125
7 100
7 121
7 120
7 119
7 126
7 124
7 101
7 116
7 111
7 115
7 117
7 110
7 109
7 102
8 106
9 139
9 146
9 145
9 137
9 143
9 140
9 142
10 150
10 160
10 151
10 143
10 149
10 163
10 145
10 192
10 144
10 162
10 161
10 178
10 182
10 187
10 153
10 185
10 156
11 159
11 179
11 157
11 158
11 187
11 186
11 161
11 171
11 192
11 163
11 191
11 183
11 170
11 176
11 173
11 177
11 174
11 166
11 194
11 178
11 162
11 182
11 168
12 183
12 182
12 184
12 187
12 181
12 189
12 186
13 164
13 89
13 139
13 70
13 162
13 159
13 69
13 130
13 99
13 100
13 86
13 136
13 71
13 106
13 165
13 144
13 85
13 155
13 112
13 143
13 83
13 87
13 90
13 137
13 152
13 95
13 129
13 96
13 141
13 92
13 109
13 142
13 146
13 103
13 154
13 148
13 161
13 156
13 113
13 68
13 135
13 101
13 79
13 158
13 132
13 78
13 84
13 94
13 167
13 88
13 160
13 91
13 133
15 24
15 17
15 20
15 23
15 19
15 18
16 79
16 77
16 88
16 78
16 61
16 62
16 109
16 90
16 71
16 101
16 76
16 117
16 84
16 103
16 115
16 111
16 69
16 116
16 87
16 75
16 67
16 106
16 95
16 93
16 59
16 74
16 73
16 64
16 72
16 86
16 70
16 63
17 40
17 38
17 45
17 36
17 44
17 37
17 43
17 42
17 46
17 41
18 44
18 31
18 37
18 23
18 26
18 43
18 24
18 17
18 9
18 11
18 45
18 48
18 5
18 40
18 35
18 33
18 39
18 8
18 47
18 15
18 12
18 7
18 3
18 20
18 4
18 30
18 14
19 98
19 90
19 79
19 83
19 95
19 101
19 88
19 97
20 13
20 10
20 8
20 6
21 68
21 88
21 85
21 61
21 55
21 80
21 75
21 60
21 49
22 36
22 37
22 25
22 26
23 151
23 150
23 174
23 180
23 159
23 153
23 167
23 165
23 157
23 152
24 148
24 131
24 162
24 64
24 136
24 129
24 83
24 157
24 152
24 71
24 74
24 114
24 76
24 99
24 126
24 81
24 101
24 128
24 110
24 108
24 68
24 79
24 87
24 149
24 138
24 65
24 132
24 168
24 125
24 134
24 151
24 94
24 109
24 102
24 159
24 153
24 119
24 92
24 123
24 113
24 63
24 112
24 135
24 147
24 122
24 116
24 146
24 89
24 61
24 124
24 98
24 158
24 160
24 145
24 73
24 96
24 154
24 127
24 97
24 69
24 120
24 107
24 62
24 95
24 115
24 156
24 155
25 53
25 81
25 43
25 69
25 77
25 84
25 61
25 98
25 44
25 56
25 49
25 92
25 94
25 42
25 101
25 39
25 74
25 60
25 89
25 70
25 73
25 88
25 41
25 90
25 52
25 63
25 58
25 62
25 96
25 79
25 107
25 54
25 95
25 51
25 50
25 65
25 75
25 72
25 78
25 46
25 82
25 76
25 68
26 66
26 120
26 58
26 122
26 79
26 55
26 77
26 112
26 54
26 105
26 106
26 90
26 115
26 107
26 133
26 71
26 64
26 116
26 61
26 98
26 99
26 89
26 117
26 128
26 76
26 114
26 127
26 96
26 97
26 100
26 113
26 125
26 86
26 132
26 126
26 119
26 124
26 51
26 68
26 135
26 85
26 121
26 73
26 88
26 108
26 102
26 134
27 37
27 64
27 55
27 48
27 51
27 76
27 66
27 43
27 52
27 39
27 40
27 47
27 50
27 79
27 77
27 38
27 61
27 67
27 73
27 46
27 57
27 71
27 56
27 74
27 63
27 36
27 41
27 53
27 54
27 78
27 59
27 65
28 155
28 71
28 43
28 49
28 65
28 45
28 156
28 97
28 88
28 131
28 94
28 75
28 98
28 112
28 56
28 76
28 83
28 95
28 53
28 110
28 50
28 36
28 111
28 117
28 34
28 41
28 136
28 100
28 13
28 21
28 47
28 135
28 27
28 58
28 23
28 85
28 22
28 84
28 17
28 24
28 102
28 31
28 38
28 16
28 86
28 78
28 126
28 62
28 143
28 37
28 14
28 48
28 35
28 73
28 91
28 11
28 68
28 57
28 66
28 96
28 79
28 12
28 72
28 30
28 80
28 89
28 74
28 134
28 63
28 64
28 69
28 90
28 25
28 20
29 116
29 122
29 130
29 166
29 144
29 140
29 164
29 161
29 163
29 111
29 112
29 137
29 110
29 125
29 127
29 169
29 145
29 152
29 114
29 115
29 153
29 123
29 121
29 124
29 151
29 131
29 172
29 108
29 170
29 171
29 173
30 32
30 11
30 15
30 40
30 6
30 18
30 2
30 28
30 14
30 3
30 8
30 39
30 9
30 5
30 21
30 36
30 20
30 25
30 27
30 23
30 34
30 41
30 26
30 16
31 152
32 187
32 184
32 183
32 181
32 180
32 185
32 186
33 153
33 152
33 150
33 151
33 157
33 154
33 148
33 160
33 149
33 172
33 161
33 156
34 22
34 9
34 17
34 49
34 30
34 33
34 32
34 11
34 25
34 26
34 46
34 14
34 41
34 38
34 42
34 24
34 28
34 37
34 23
34 12
34 47
34 29
34 20
34 31
35 93
35 111
35 94
35 125
35 114
35 83
35 122
35 132
35 100
35 109
36 138
36 141
36 144
36 127
36 146
36 126
36 139
36 128
36 142
36 131
36 133
36 145
36 134
37 148
37 151
37 157
37 150
37 147
37 158
37 153
37 155
38 156
38 154
39 77
39 79
39 88
39 118
39 115
39 91
39 74
39 96
39 94
39 104
39 119
39 108
39 97
39 76
39 82
39 78
39 102
39 109
39 117
39 81
39 105
39 85
39 101
39 83
39 113
39 89
39 110
39 107
39 92
39 98
39 95
39 80
40 152
41 87
41 84
41 89
41 94
41 79
41 86
41 99
41 88
41 95
41 92
41 97
41 100
41 78
41 90
41 80
41 85
41 83
42 107
42 106
42 105
42 109
43 72
43 98
43 101
43 117
43 111
43 74
43 108
43 77
43 90
44 186
44 187
44 190
44 189
45 113
45 98
45 118
45 116
45 119
45 107
45 112
45 100
45 110
45 111
45 120
45 103
45 96
45 108
45 105
47 180
47 178
49 57
49 140
49 11
49 125
49 93
49 13
49 30
49 84
49 130
49 15
49 16
49 117
49 48
49 128
49 32
49 111
49 127
49 14
49 129
49 131
49 12
49 89
49 61
49 27
49 106
49 80
49 10
49 7
49 123
49 104
49 81
49 137
49 139
49 110
49 18
49 95
49 23
49 113
49 17
49 135
49 132
49 90
49 124
49 43
49 86
49 8
49 134
49 116
49 37
50 151
50 153
51 128
51 103
51 65
51 96
51 78
51 119
51 92
51 44
51 123
51 118
51 98
51 115
51 111
51 77
51 61
51 99
51 84
51 112
51 49
51 127
51 81
51 114
51 72
51 97
51 130
51 83
51 63
51 45
51 116
51 42
51 64
51 91
51 120
51 53
51 46
51 56
51 55
51 69
51 124
51 60
51 54
51 50
51 108
51 62
51 100
51 66
51 89
51 117
51 76
51 94
51 79
51 125
51 74
51 104
51 110
51 90
52 78
53 17
53 27
53 26
53 16
53 12
53 15
53 31
53 19
53 32
53 22
53 14
53 21
53 20
53 18
53 30
54 159
54 164
54 140
54 107
54 120
54 166
54 113
54 160
54 134
54 118
54 112
54 167
54 155
54 161
54 139
54 173
54 176
54 102
54 116
54 171
54 179
54 136
54 174
54 135
54 168
54 149
54 172
54 162
54 165
54 154
55 61
55 70
55 69
55 62
55 63
55 64
56 129
56 123
56 121
56 128
56 127
56 117
56 114
56 124
56 119
56 122
56 126
56 116
56 115
57 43
57 39
57 40
57 33
57 45
57 44
57 41
57 32
57 42
57 36
57 38
58 50
58 29
58 27
58 47
58 41
58 57
58 54
58 26
58 51
58 34
58 30
58 52
58 28
58 55
58 44
59 33
59 41
59 121
59 53
59 79
59 57
59 46
59 18
59 34
59 17
59 37
59 19
59 26
59 68
59 32
59 126
59 13
59 92
59 51
59 86
59 28
59 117
59 22
59 38
59 80
59 23
59 25
59 58
59 54
59 29
59 42
59 15
59 20
59 45
59 43
59 40
59 112
59 124
59 123
59 16
59 74
59 96
59 27
59 31
59 36
59 73
59 95
59 14
59 44
60 143
60 152
60 149
61 25
61 27
62 183
62 182
62 173
62 185
62 184
62 174
62 181
62 175
63 142
63 144
63 145
63 141
63 140
64 125
64 129
64 121
64 126
64 117
64 114
64 128
64 113
64 115
65 106
66 169
66 106
66 179
66 120
66 168
66 119
66 114
66 107
66 111
66 129
66 158
66 162
66 138
66 117
66 175
66 147
66 132
66 140
66 128
66 174
66 131
66 161
66 125
66 108
66 134
66 172
66 142
66 144
66 157
66 150
66 139
66 127
66 170
66 104
66 154
66 177
66 151
66 145
66 126
66 146
66 109
66 136
66 165
66 156
66 115
66 105
67 126
67 119
67 118
67 120
67 101
67 107
67 112
67 104
67 105
67 116
67 109
67 110
67 125
67 103
67 115
67 111
67 108
67 113
68 136
68 127
68 133
68 132
68 137
68 129
68 130
68 135
69 3
69 2
69 8
69 4
69 11
69 10
69 6
69 9
69 1
70 191
71 157
71 158
72 142
72 138
73 185
74 179
74 177
74 167
75 98
75 100
75 134
75 96
75 111
75 97
75 116
75 103
75 115
75 110
75 106
75 125
75 99
75 126
75 118
75 94
75 117
75 129
75 143
75 137
75 140
75 127
75 133
75 108
75 124
75 105
75 107
75 130
75 112
75 113
75 123
75 135
75 104
75 119
75 132
76 127
76 166
76 92
76 102
76 108
76 99
76 86
76 89
76 140
76 104
76 82
76 141
76 84
76 98
76 94
76 143
76 110
76 79
76 117
76 156
76 105
76 138
76 106
76 103
76 81
76 75
76 109
76 119
76 142
76 149
76 144
76 111
76 126
76 80
76 78
76 128
76 160
76 131
76 171
76 152
76 165
76 112
76 134
76 161
76 159
76 113
76 97
76 90
76 124
76 148
76 145
76 123
76 93
76 100
77 155
77 160
77 119
77 142
77 156
77 140
77 112
77 124
77 149
77 108
77 109
77 137
77 144
77 127
77 141
77 148
77 123
77 152
77 128
77 131
77 135
77 154
77 146
77 145
77 126
77 122
77 116
77 113
77 159
77 161
77 150
78 65
78 116
78 142
78 80
78 141
78 138
78 153
78 139
78 118
78 126
78 157
78 147
78 99
78 136
78 68
78 90
78 151
78 81
78 150
78 149
78 106
78 89
78 120
78 124
78 109
78 119
78 95
78 140
79 143
79 110
79 113
79 124
79 132
79 171
79 138
79 126
79 145
79 137
79 117
79 114
79 122
79 127
79 133
79 148
79 151
79 182
79 147
79 116
79 134
79 139
79 123
79 142
79 135
79 149
79 121
79 164
79 162
79 140
79 158
79 178
79 144
79 150
79 176
79 130
79 120
79 141
80 88
80 86
80 93
80 87
81 166
81 168
81 163
81 158
81 160
81 175
81 167
81 172
81 161
81 164
81 170
81 171
82 113
82 114
82 150
82 117
82 127
82 155
82 126
82 128
82 133
82 152
82 144
82 146
82 157
82 118
82 149
82 130
82 135
82 148
82 125
82 131
82 122
82 138
82 111
82 156
82 136
82 129
82 151
82 109
82 134
83 158
83 151
83 156
83 159
83 150
83 157
84 103
84 105
84 102
84 112
85 133
85 121
85 183
85 120
85 129
85 127
85 191
85 126
85 139
85 181
85 190
85 165
85 156
85 116
85 177
85 131
85 135
85 153
85 174
85 168
85 140
85 175
85 161
85 173
85 130
85 149
85 180
85 145
85 162
85 184
85 170
85 182
85 187
85 137
85 176
85 164
85 138
85 134
85 128
85 150
85 189
85 169
85 155
85 163
85 152
86 108
86 116
86 124
86 110
86 120
86 113
86 138
86 107
86 119
86 105
86 139
86 133
86 125
86 115
86 142
86 122
86 106
86 114
87 116
87 134
87 147
87 111
87 96
87 107
87 114
87 90
87 129
87 120
87 124
87 121
87 110
87 136
87 126
87 130
87 104
87 118
87 101
87 144
87 108
87 117
87 123
87 113
87 115
87 139
87 97
87 99
87 105
87 119
87 103
87 91
87 92
87 128
87 94
87 125
87 95
87 131
88 98
88 35
88 32
88 36
88 41
88 39
88 28
88 95
88 51
88 67
88 93
88 106
88 73
88 45
88 48
88 66
88 21
88 75
88 72
88 65
88 81
88 76
88 27
88 107
88 26
88 30
88 85
88 84
88 34
88 60
88 90
88 64
88 29
88 69
88 92
88 49
88 94
88 79
88 20
88 25
88 47
88 22
88 33
88 53
88 80
88 46
88 63
88 38
88 70
88 86
88 37
88 43
88 91
88 82
88 62
88 68
89 158
89 155
89 161
89 159
89 165
89 164
90 34
90 108
90 28
90 33
90 40
90 32
90 112
90 38
90 31
90 111
90 29
90 54
90 44
90 26
90 66
90 59
90 36
90 46
90 55
90 27
91 102
91 98
91 106
91 107
92 34
92 58
92 18
92 31
92 39
92 21
92 29
92 41
92 25
92 22
92 52
92 20
92 45
92 42
92 14
92 28
92 16
92 32
92 38
92 35
92 19
92 23
92 47
93 173
93 183
93 172
93 184
93 178
93 177
93 174
93 182
93 175
93 176
93 180
94 86
94 61
94 131
94 63
94 60
94 153
94 152
94 128
94 53
94 113
94 160
94 52
94 81
94 148
94 150
94 72
94 50
94 56
94 124
94 99
94 66
94 144
94 129
94 57
94 149
94 54
94 51
94 138
94 154
94 110
94 120
94 123
94 134
94 158
94 142
94 49
94 156
94 43
94 58
94 140
94 44
94 69
94 47
94 159
94 68
94 155
94 119
94 46
94 45
94 67
94 59
94 112
94 137
94 115
94 133
94 126
94 79
95 45
95 47
95 44
95 48
96 190
96 188
96 184
97 167
97 162
97 165
97 163
97 168
97 166
97 161
98 34
98 11
98 42
98 32
98 43
98 5
98 19
98 25
98 2
98 12
98 23
98 22
98 27
98 33
98 3
98 39
98 16
98 8
98 26
98 44
98 7
98 15
98 35
98 28
98 29
98 37
98 4
98 36
99 169
99 172
99 174
99 170
99 173
100 120
100 117
100 122
101 139
101 144
101 147
101 133
101 143
101 132
101 127
101 146
101 121
101 136
101 138
101 141
101 130
101 142
101 131
101 126
101 137
101 134
102 68
102 64
103 92
103 122
103 40
103 79
103 43
103 128
103 51
103 39
103 155
103 123
103 53
103 66
103 95
103 59
103 93
103 58
103 98
103 105
103 100
103 45
103 119
103 63
103 44
103 68
103 135
103 86
103 99
103 127
103 160
103 36
103 32
103 85
103 133
103 46
103 37
103 154
103 116
103 146
103 34
103 110
103 124
103 38
103 107
103 140
103 129
103 141
103 132
103 74
103 149
103 142
103 157
103 134
103 126
103 111
103 114
103 47
103 136
103 65
103 72
103 91
103 121
103 52
103 70
103 73
103 33
103 64
103 150
103 35
103 113
103 61
103 96
103 54
104 192
104 191
104 187
105 72
105 73
106 115
106 120
107 135
107 152
107 142
107 137
107 144
107 150
107 158
107 159
107 138
108 71
108 65
108 101
108 81
108 51
108 69
108 52
108 94
108 72
108 88
108 54
108 70
108 50
108 103
108 102
108 78
108 96
108 93
108 74
108 99
108 75
108 67
108 64
108 90
108 95
108 59
108 97
108 49
108 80
108 61
108 63
108 82
108 87
108 55
109 95
109 90
109 80
109 87
109 83
109 92
109 102
109 91
109 100
109 85
109 78
109 98
109 84
109 89
109 82
110 102
110 91
110 93
110 92
110 98
110 101
110 89
110 96
110 90
110 115
110 104
110 107
110 114
110 95
110 83
110 106
110 87
110 103
111 5
111 8
111 6
112 161
112 159
112 158
112 160
112 165
112 163
114 82
114 80
114 84
115 141
115 135
115 142
115 127
115 143
115 130
115 132
115 137
115 136
115 126
115 123
115 120
115 131
115 140
115 124
115 139
115 146
115 121
116 179
116 189
116 176
116 182
116 190
116 177
116 184
116 191
116 192
116 186
116 174
116 188
117 66
117 52
117 92
117 56
117 77
117 132
117 63
117 93
117 48
117 85
117 71
117 68
117 53
117 45
117 120
117 74
117 113
117 86
117 88
117 131
117 81
117 103
117 102
117 70
117 76
117 80
117 100
117 47
117 98
117 97
117 64
117 99
117 106
117 125
117 129
117 115
117 104
117 126
117 109
117 119
117 43
117 59
117 122
117 82
117 90
117 67
117 51
117 46
117 111
117 55
117 49
117 89
117 107
117 134
118 27
118 34
118 12
118 14
118 32
118 29
118 30
118 21
118 19
118 24
118 31
118 15
118 18
118 26
118 22
118 23
118 16
119 180
119 185
119 183
119 181
119 192
119 182
119 191
120 146
120 164
120 107
120 119
120 162
120 144
120 151
120 157
120 139
120 149
120 154
120 133
120 112
120 141
120 136
120 167
120 96
120 128
120 111
120 150
120 173
120 129
120 127
120 103
120 137
120 153
120 147
120 159
120 166
120 163
120 99
120 92
120 143
120 115
120 116
120 106
120 138
120 123
120 161
120 101
120 171
120 124
120 125
120 117
120 155
120 135
120 134
120 105
120 145
120 132
120 98
120 174
120 113
120 100
120 118
120 122
120 156
122 64
122 98
122 54
122 53
122 102
122 28
122 61
122 24
122 38
122 42
122 60
122 56
122 76
122 96
122 69
122 91
122 99
122 55
122 79
122 70
122 65
122 30
122 107
122 85
122 29
122 33
122 35
122 62
122 63
122 31
122 78
122 101
122 68
122 72
122 57
122 45
122 92
122 105
122 25
122 81
122 49
122 109
122 97
122 106
122 112
122 50
122 77
122 100
122 95
122 90
122 84
122 48
122 58
122 34
123 176
123 184
123 186
123 179
123 187
126 186
126 188
126 177
126 184
126 180
126 183
126 187
126 175
126 191
126 182
126 185
127 156
127 157
127 114
127 149
127 145
127 177
127 168
127 146
127 179
127 115
127 164
127 158
127 152
127 140
127 130
127 166
127 165
127 155
127 170
127 132
127 171
127 120
127 153
127 119
127 147
127 161
127 163
127 172
127 159
127 137
127 178
128 173
128 27
128 144
128 86
128 55
128 109
128 153
128 138
128 155
128 130
128 47
128 56
128 98
128 161
128 90
128 99
128 85
128 164
128 102
128 30
128 53
128 100
128 146
128 163
128 175
128 31
128 145
128 77
128 121
128 149
128 41
128 49
128 35
128 29
128 114
128 23
128 168
128 118
128 174
128 88
128 36
128 147
128 92
128 37
128 39
129 191
130 42
130 125
130 93
130 87
130 56
130 53
130 24
130 37
130 25
130 80
130 110
130 99
130 58
130 96
130 54
130 23
130 122
130 95
130 69
130 128
130 71
130 92
130 101
130 73
130 85
130 31
130 64
130 100
130 63
130 81
130 32
130 90
130 49
130 116
130 33
130 120
130 124
130 104
130 105
130 72
130 74
130 41
130 91
130 79
130 114
130 34
130 27
130 127
130 115
130 77
130 40
131 75
131 74
131 76
131 77
131 78
131 79
131 83
131 82
131 80
132 180
132 181
133 143
133 100
133 136
133 146
133 115
133 145
133 125
133 110
133 91
133 86
133 116
133 151
133 123
133 157
133 159
133 92
133 139
133 132
133 167
133 169
133 101
133 148
133 130
133 161
133 106
133 141
133 142
133 122
133 104
133 97
133 135
133 165
133 153
133 118
133 95
133 127
133 126
133 162
133 98
133 102
133 121
133 87
133 113
133 158
133 96
133 119
133 108
133 131
133 109
133 111
133 149
133 120
133 128
133 90
133 88
133 124
133 152
133 129
134 177
134 170
134 173
134 172
134 178
135 133
135 106
135 147
135 141
135 122
135 102
135 144
135 120
135 126
135 115
135 124
136 35
136 16
136 42
136 34
136 20
136 53
136 7
136 29
136 39
136 12
136 43
136 25
136 28
136 52
136 15
136 51
136 9
136 37
136 13
136 38
136 18
136 50
136 8
136 6
136 44
136 19
136 30
136 21
136 40
136 24
136 45
137 139
137 136
137 144
137 133
138 63
138 67
138 78
138 60
138 94
138 76
138 61
139 159
139 171
139 149
139 151
139 162
139 160
139 156
139 169
139 157
139 167
139 158
139 164
139 141
139 163
139 172
140 133
140 136
140 123
140 145
140 93
140 108
140 129
140 151
140 113
140 99
140 100
140 127
140 147
140 148
140 146
140 116
140 138
140 132
140 114
140 153
140 91
140 115
140 122
140 154
140 104
140 109
140 142
140 106
140 103
140 105
140 119
140 117
140 101
140 112
140 97
140 139
140 98
140 94
140 92
140 152
140 128
140 124
140 110
140 102
141 149
141 144
141 167
141 134
141 155
141 131
141 158
141 129
141 140
141 145
141 146
141 133
143 173
143 178
143 179
143 175
144 64
144 74
144 66
144 81
144 68
144 58
144 62
144 71
144 75
144 76
144 73
144 60
144 61
144 55
144 57
144 56
144 77
144 59
144 72
145 175
145 182
145 173
145 177
145 176
145 169
145 171
145 174
145 181
145 180
145 178
145 179
145 168
147 111
147 143
147 136
147 152
147 159
147 131
147 139
147 127
147 125
147 149
147 154
147 158
147 157
147 119
147 113
147 153
147 118
147 137
147 150
147 142
147 115
147 120
147 134
147 128
147 114
147 123
147 151
147 122
147 130
147 156
147 146
147 110
147 121
148 63
148 13
148 85
148 55
148 43
148 62
148 58
148 78
148 25
148 56
148 54
148 82
148 44
148 15
148 51
148 42
148 34
148 81
148 64
148 88
148 32
148 70
148 72
148 71
148 40
148 33
148 89
148 17
148 22
148 68
148 24
148 29
148 65
148 12
148 18
148 11
148 75
148 59
148 39
148 23
148 87
148 16
148 48
148 46
148 35
148 38
148 26
148 31
148 14
148 30
148 50
148 49
148 67
149 146
150 168
151 131
151 134
151 132
151 136
151 137
151 127
151 135
152 86
152 105
152 148
152 58
152 83
152 100
152 67
152 89
152 145
152 108
152 134
152 74
152 92
152 75
152 143
152 144
152 103
152 84
152 133
152 93
152 77
152 139
152 97
152 131
152 135
152 66
152 117
152 65
152 72
152 147
152 124
152 141
152 94
152 68
152 128
152 112
152 136
152 76
152 101
152 62
152 69
152 114
152 137
152 142
152 126
152 70
152 125
152 73
152 129
152 119
152 121
152 151
152 130
152 57
152 127
152 120
152 78
152 146
152 95
152 88
152 118
152 91
153 191
153 193
153 192
154 104
154 112
154 122
154 121
154 109
154 128
154 113
154 115
154 120
154 126
154 111
154 145
154 110
154 125
154 138
154 129
154 124
154 148
154 106
154 114
154 108
154 116
154 123
154 141
155 138
155 135
155 116
155 151
155 139
155 133
155 123
155 154
155 113
155 136
155 129
155 150
155 149
155 137
155 122
155 140
155 114
155 132
155 112
155 131
155 134
155 147
155 144
155 143
156 53
156 59
156 62
156 44
156 51
157 82
157 87
157 96
157 94
157 61
157 99
157 68
157 101
157 83
157 44
157 90
158 148
158 137
158 146
158 166
158 128
158 164
158 131
158 145
158 130
158 165
158 122
158 161
158 144
158 155
158 124
158 154
158 136
158 151
158 126
158 160
158 140
158 150
158 143
158 123
158 125
158 141
158 157
158 147
158 127
158 167
158 132
158 149
158 156
158 138
158 162
158 163
159 121
159 132
159 125
159 137
159 122
159 130
159 120
159 127
159 134
159 119
159 124
159 117
159 126
159 129
159 116
159 123
160 65
160 69
160 92
160 95
160 44
160 36
160 90
160 20
160 56
160 105
160 70
160 52
160 60
160 59
160 98
160 96
160 24
160 16
160 30
160 115
160 28
160 49
160 32
160 40
160 97
160 35
160 43
160 83
160 111
160 45
160 25
160 55
160 102
160 81
160 64
160 91
160 18
160 27
160 62
160 41
160 38
160 58
160 82
160 34
160 78
160 47
160 14
160 23
160 100
160 88
160 19
160 22
160 67
160 42
160 63
160 50
160 26
160 101
160 73
160 21
161 95
161 106
161 112
161 114
161 98
161 90
161 111
161 93
161 119
161 88
161 100
161 92
161 97
162 175
163 180
163 183
163 159
163 157
163 178
163 174
163 166
163 154
163 177
163 172
163 176
163 181
163 175
163 161
164 173
164 151
164 158
164 169
164 172
164 153
164 166
164 168
164 175
164 167
164 160
166 165
166 161
166 164
166 168
166 160
166 169
167 135
167 138
167 139
167 123
167 143
167 136
167 121
167 140
167 146
167 142
167 134
167 141
167 144
168 73
168 56
169 193
169 192
170 72
170 73
170 70
170 76
170 71
170 69
171 17
171 16
171 21
171 22
171 19
171 20
172 183
172 186
172 176
172 188
172 177
173 75
173 80
173 74
173 66
173 61
173 72
173 59
173 69
173 70
173 56
173 71
173 73
173 65
173 58
173 76
173 64
173 68
173 79
173 63
174 24
174 18
174 40
174 46
174 80
174 50
174 73
174 29
174 21
174 68
174 79
174 35
174 69
174 41
174 39
174 52
174 82
174 33
174 48
174 20
174 89
174 37
174 43
174 63
174 28
174 94
174 26
174 60
174 31
174 55
174 61
174 84
174 77
174 59
174 22
174 44
174 49
174 86
174 42
174 92
174 38
174 58
174 32
175 15
175 25
175 11
175 28
175 4
175 5
175 34
175 6
175 8
175 9
175 20
175 33
175 47
175 10
175 26
175 21
175 36
175 18
175 43
175 44
175 39
175 46
175 27
175 13
175 24
175 30
175 37
175 17
175 32
175 29
177 163
177 170
177 172
177 168
177 162
177 83
177 121
177 140
177 139
177 135
177 160
177 137
177 94
177 165
177 161
177 130
177 169
177 110
177 134
177 95
177 171
178 184
178 185
178 112
178 177
178 175
178 118
178 159
178 131
178 106
178 144
178 124
178 170
179 130
179 136
179 129
179 126
179 131
179 134
179 132
180 162
180 163
181 189
181 187
181 185
181 183
181 184
181 188
181 180
181 191
182 189
182 190
183 83
183 87
183 45
183 65
183 46
183 44
183 72
183 70
183 92
183 37
183 105
183 68
183 66
183 52
183 84
183 30
183 104
183 57
183 77
183 76
183 32
183 78
183 73
183 86
183 26
183 55
183 99
183 93
183 79
183 80
183 28
183 29
183 102
183 94
183 61
183 90
183 35
183 91
183 38
183 40
183 27
183 81
183 88
183 63
183 31
183 74
183 97
183 41
184 171
184 150
184 149
184 152
184 159
184 151
184 145
184 158
184 157
184 162
184 147
184 165
184 166
184 155
184 148
184 153
184 163
184 154
185 97
185 117
185 83
185 110
185 187
185 71
185 181
185 85
185 178
185 52
185 191
185 56
185 125
185 90
185 183
185 111
185 101
185 184
185 87
185 179
185 53
185 163
185 86
185 108
185 73
185 68
185 140
185 81
185 61
185 54
185 170
185 89
185 142
185 82
185 55
185 79
185 65
185 88
185 112
185 74
185 161
185 165
185 166
185 58
185 80
185 66
185 143
185 102
185 182
185 107
185 105
185 96
185 84
185 128
185 75
185 92
185 94
185 109
185 91
185 174
185 103
185 72
185 63
185 146
185 175
185 190
185 171
185 59
185 188
185 78
185 148
186 140
186 149
186 137
186 143
186 144
186 150
186 147
186 148
186 138
187 138
187 137
187 139
187 132
187 131
187 143
187 122
187 145
187 135
187 134
187 123
187 128
187 146
188 117
188 106
188 88
188 94
188 90
188 99
188 119
188 123
188 97
188 102
189 24
189 36
189 37
189 28
189 18
189 21
189 50
189 22
189 31
189 42
189 23
189 48
189 46
189 53
189 20
189 35
189 30
189 45
189 47
189 34
189 40
189 33
190 129
190 128
191 15
191 27
191 26
191 47
191 32
191 36
191 30
191 14
191 39
191 43
191 25
192 76
192 131
192 118
192 128
192 47
192 123
192 97
192 115
192 129
192 132
192 133
192 71
192 134
192 120
192 53
192 116
192 127
192 99
192 113
192 65
192 121
192 111
192 122
192 96
192 125
192 48
192 51
192 136
192 90
192 52
192 135
192 126
192 117
193 180
193 182
193 181
193 179
193 183
194 115
194 104
194 73
194 101
194 109
194 105
194 131
194 106
194 107
194 119
194 108
194 69
194 74
194 129
194 113
194 138
194 128
194 134
194 137
194 81
194 84
194 135
194 97
194 130
194 127
194 126
194 132
194 125
194 117
194 111
194 133
194 123
194 118
1 93
1 123
1 140
1 127
1 112
1 139
1 146
2 174
2 185
2 181
2 175
2 183
3 114
3 121
3 119
3 122
3 120
3 116
3 123
3 118
4 101
4 96
4 98
4 100
4 94
5 89
5 91
5 87
5 86
5 83
5 82
6 80
6 89
6 44
6 103
6 62
6 97
6 76
6 23
6 74
6 52
6 33
6 64
6 75
6 50
6 107
6 60
6 100
6 63
6 65
6 98
6 88
6 56
6 71
6 108
6 85
6 39
6 37
6 32
6 105
6 78
6 109
6 28
6 90
6 47
6 91
6 84
6 70
6 35
6 31
6 66
6 111
6 95
6 102
6 73
6 61
6 40
6 101
6 83
6 27
6 68
6 99
6 24
6 26
6 93
6 41
7 171
7 172
7 167
7 155
7 160
7 163
7 169
7 157
7 161
7 158
7 156
7 168
7 165
7 170
