153 3881
1 2
2 3
3 4
4 5
5 6
6 7
7 8
8 9
9 10
10 11
11 12
12 13
13 14
14 15
15 16
16 17
17 18
18 19
19 20
20 21
21 22
22 23
23 24
24 25
25 26
26 27
27 28
28 29
29 30
30 31
31 32
32 33
33 34
34 35
35 36
36 37
37 38
38 39
39 40
40 41
41 42
42 43
43 44
44 45
45 46
46 47
47 48
48 49
49 50
50 51
51 52
52 53
53 54
54 55
55 56
56 57
57 58
58 59
59 60
60 61
61 62
62 63
63 64
64 65
65 66
66 67
67 68
68 69
69 70
70 71
71 72
72 73
73 74
74 75
75 76
76 77
77 78
78 79
79 80
80 81
81 82
82 83
83 84
84 85
85 86
86 87
87 88
88 89
89 90
90 91
91 92
92 93
93 94
94 95
95 96
96 97
97 98
98 99
99 100
100 101
101 102
102 103
103 104
104 105
105 106
106 107
107 108
108 109
109 110
110 111
111 112
112 113
113 114
114 115
115 116
116 117
117 118
118 119
119 120
120 121
121 122
122 123
123 124
124 125
125 126
126 127
127 128
128 129
129 130
130 131
131 132
132 133
133 134
134 135
135 136
136 137
137 138
138 139
139 140
140 141
141 142
142 143
143 144
144 145
145 146
146 147
147 148
148 149
149 150
150 151
151 152
152 153
153 1
1 95
1 85
1 92
1 89
1 91
1 94
1 86
1 87
1 84
1 83
2 66
2 97
2 68
2 76
2 99
2 77
2 92
2 70
2 95
2 88
2 89
2 91
2 83
2 80
2 73
2 75
2 90
2 102
2 84
2 64
2 65
2 59
2 63
2 79
2 104
2 72
2 87
3 150
3 148
4 124
4 115
4 117
4 108
4 105
4 106
4 137
4 98
4 118
4 107
4 126
4 109
4 132
4 135
4 99
4 136
4 104
4 100
4 134
4 133
4 120
4 128
4 125
4 113
4 123
4 102
4 131
4 130
4 114
4 122
5 19
5 20
5 13
5 18
5 31
5 25
5 30
5 33
5 32
5 11
5 14
5 26
5 23
5 28
5 29
5 16
6 87
6 89
6 94
6 95
6 90
6 86
6 76
6 85
6 77
6 92
6 88
6 78
6 93
6 81
7 137
7 140
7 132
7 134
7 143
7 133
8 49
8 64
8 51
8 29
8 67
8 45
8 41
8 31
8 30
8 53
8 68
8 55
8 70
8 52
8 73
8 39
8 75
8 71
8 32
8 38
8 36
8 37
8 62
8 58
8 34
8 27
9 135
9 132
9 130
9 129
9 137
9 136
9 143
9 145
9 140
9 134
9 142
9 133
10 118
10 110
10 106
10 107
10 117
10 105
10 108
10 113
10 104
10 112
11 119
11 105
11 108
11 117
11 113
11 103
11 116
11 123
11 110
11 124
11 114
11 109
11 107
11 122
11 104
12 3
13 46
13 60
13 58
13 19
13 49
13 11
13 28
13 39
13 59
13 66
13 62
13 56
13 47
13 51
13 40
13 31
13 30
13 12
13 32
13 18
13 23
13 63
13 34
13 68
13 50
13 42
13 22
13 44
13 67
13 26
13 17
13 65
13 53
13 38
13 43
14 144
14 143
14 139
14 150
14 151
14 137
14 146
14 145
15 140
15 112
15 136
15 133
15 142
15 132
15 144
15 135
15 122
15 121
15 125
15 131
15 128
15 129
15 114
15 127
15 134
15 145
15 139
15 130
15 117
15 120
15 143
15 118
16 150
16 148
16 151
17 43
17 41
17 46
17 39
17 33
17 34
17 37
17 42
17 32
17 44
18 74
18 81
18 79
18 77
18 78
19 99
19 97
19 98
19 95
20 117
20 118
20 114
20 120
20 121
20 116
20 113
20 119
21 30
21 33
21 27
21 20
21 34
21 53
21 31
21 57
21 25
21 59
21 58
21 47
21 28
21 36
21 52
21 16
21 24
21 26
21 15
21 50
21 46
21 44
21 37
21 55
21 35
21 51
21 54
21 23
21 41
21 17
23 92
24 141
24 139
25 81
25 61
25 75
25 78
25 65
25 89
25 84
25 90
25 70
25 76
25 72
25 67
25 87
25 68
25 73
25 63
25 62
25 64
25 85
26 18
26 60
26 48
26 43
26 31
26 46
26 58
26 47
26 36
26 32
26 55
26 41
26 42
26 19
26 45
26 25
26 29
26 52
26 39
26 53
26 54
26 28
26 57
26 35
26 34
27 47
27 16
27 22
27 50
27 39
27 46
27 40
27 49
27 37
27 44
27 48
27 45
27 33
27 29
27 15
27 51
27 25
27 21
27 42
27 32
28 49
28 53
28 83
28 55
28 82
28 79
28 105
28 113
28 80
28 57
28 102
28 41
28 42
28 86
28 59
28 94
28 73
28 63
28 45
28 92
28 61
28 87
28 120
28 110
28 117
28 30
28 62
28 60
28 66
28 26
28 116
28 58
28 36
28 85
28 106
28 76
28 114
28 65
28 47
28 115
28 35
28 67
28 31
28 38
28 51
28 91
28 121
28 95
28 118
28 54
28 109
28 77
28 99
28 71
28 98
28 104
28 72
28 111
28 70
29 92
29 95
29 89
29 100
29 94
29 88
29 90
29 99
29 97
30 151
30 153
31 110
31 109
31 108
32 35
32 30
32 46
32 43
32 38
32 45
32 40
32 34
32 47
32 36
32 39
32 37
33 6
33 23
33 18
33 31
33 7
33 22
33 29
33 39
33 25
33 30
33 15
33 44
33 21
33 8
33 10
33 3
33 5
33 46
33 13
33 24
33 36
33 42
33 35
33 12
33 27
33 2
33 20
33 37
34 112
34 91
34 69
34 102
34 46
34 106
34 75
34 88
34 50
34 104
34 74
34 58
34 63
34 60
34 47
34 71
34 51
34 109
34 48
34 107
34 82
34 81
34 68
34 85
34 79
34 94
34 97
34 70
34 61
34 56
34 101
34 99
34 105
34 76
34 108
34 93
34 86
34 73
34 55
34 103
34 96
34 114
34 57
35 66
35 60
35 62
35 76
35 73
35 65
35 71
35 61
35 69
35 72
35 63
35 74
36 11
36 12
36 88
36 24
36 67
36 59
36 18
36 6
36 74
36 40
36 22
36 66
36 62
36 42
36 8
36 3
36 90
36 68
36 20
36 54
36 48
36 23
36 71
36 10
36 85
36 7
36 78
36 35
36 15
36 79
36 16
36 38
36 83
36 82
36 53
36 77
36 72
36 34
36 80
36 55
36 87
36 60
36 32
36 44
36 46
36 56
36 52
36 91
36 45
36 51
36 61
36 81
36 75
36 9
36 26
36 14
36 28
37 126
37 141
37 114
37 105
37 101
37 120
37 85
37 119
37 140
37 91
37 95
37 131
37 94
37 96
37 136
37 115
37 109
37 132
37 92
37 89
37 123
37 79
37 117
37 82
37 142
37 138
37 103
37 102
37 98
37 130
37 124
37 104
37 127
37 118
37 78
37 121
37 133
37 129
37 90
37 113
39 93
39 98
39 120
39 112
39 106
39 105
39 92
39 100
39 113
39 101
39 116
39 114
39 102
39 109
39 95
39 110
39 122
39 103
39 119
39 123
39 118
39 97
39 111
39 94
39 107
39 115
40 131
40 137
40 134
40 135
40 145
40 138
40 141
40 146
40 143
40 133
41 91
41 72
41 93
41 66
41 73
41 108
41 107
41 122
41 75
41 103
41 131
41 99
41 129
41 89
41 81
41 80
41 71
41 69
41 113
41 111
41 95
41 124
41 104
41 125
41 82
41 98
41 77
41 102
41 117
41 112
41 92
41 94
41 76
41 109
41 105
41 101
41 114
41 110
41 97
41 85
41 65
41 70
41 83
41 84
42 90
42 54
42 101
42 95
42 45
42 81
42 74
42 63
42 44
42 82
42 58
42 79
42 70
42 77
42 49
42 53
42 86
42 84
42 67
42 37
42 59
42 88
42 100
42 46
42 69
42 38
42 61
42 39
42 71
42 62
42 68
42 66
42 87
42 93
42 73
42 50
42 92
42 51
42 78
43 101
43 88
43 107
43 61
43 75
43 69
43 102
43 86
43 108
43 120
43 77
43 117
43 105
43 100
43 87
43 122
43 99
43 95
43 115
43 111
43 73
43 119
43 74
43 126
43 123
43 85
43 125
43 82
43 59
43 84
43 63
43 124
43 67
43 106
43 121
43 81
43 113
43 114
44 126
44 109
44 107
44 108
44 131
44 112
44 115
44 128
44 125
44 121
44 130
44 119
44 120
44 106
44 133
44 124
44 122
44 117
44 113
44 111
44 132
44 114
46 106
46 99
46 112
46 116
46 103
46 123
46 111
46 102
46 129
46 113
46 126
46 131
46 117
46 132
46 118
46 122
46 130
46 127
46 125
46 105
46 115
46 101
46 120
46 114
46 128
47 99
47 106
47 98
47 97
47 94
47 108
47 102
47 104
47 107
47 100
48 54
48 40
48 61
48 34
48 53
48 33
48 24
48 18
48 51
48 27
48 50
48 41
48 16
48 38
48 26
48 60
48 35
48 56
48 59
48 63
48 39
48 17
48 47
48 44
48 32
48 52
48 43
48 46
48 55
48 62
48 45
48 57
49 57
49 53
49 65
49 64
49 58
49 60
49 61
49 54
49 55
49 56
49 69
49 63
50 128
50 126
50 130
50 129
50 124
50 125
50 127
50 133
50 132
51 42
51 26
51 14
51 53
51 39
51 23
51 15
51 19
51 21
51 35
51 37
51 24
51 22
51 34
51 20
51 16
51 41
51 49
51 31
51 28
51 33
51 46
51 17
51 47
51 27
51 40
52 131
52 129
52 133
53 80
53 81
54 134
54 128
54 120
54 123
54 122
54 121
54 130
54 131
54 129
54 133
54 125
55 34
56 45
56 68
56 49
56 58
56 48
56 69
56 54
56 64
56 66
56 62
56 61
56 59
57 16
57 17
58 140
58 139
58 143
59 52
59 50
59 54
59 51
59 48
59 57
59 53
60 99
60 95
60 93
60 83
60 84
60 82
60 96
60 77
60 87
60 101
60 97
60 98
60 74
60 89
60 88
60 86
60 85
60 76
60 94
61 114
61 64
61 59
61 120
61 101
61 119
61 58
61 67
61 117
61 130
61 63
61 108
61 111
61 35
61 41
61 94
61 97
61 53
61 46
61 69
61 56
61 98
61 73
61 105
61 104
61 77
61 84
61 65
61 89
61 39
61 131
61 129
61 103
61 96
61 74
61 106
61 113
61 38
61 51
61 72
61 118
61 76
61 57
61 42
61 50
61 123
61 100
61 95
61 133
61 107
61 92
61 90
61 48
61 80
61 127
61 85
61 60
61 37
61 43
62 131
62 125
62 135
62 128
62 129
62 133
62 134
63 26
63 6
63 7
63 5
63 23
63 16
63 19
63 12
63 20
63 11
63 14
63 13
63 15
63 9
64 20
64 61
64 6
64 63
64 52
64 22
64 69
64 24
64 75
64 54
64 35
64 17
64 45
64 12
64 23
64 36
64 29
64 74
64 28
64 78
64 39
64 21
64 80
64 47
64 18
64 19
64 68
64 16
64 49
64 30
64 57
64 5
64 43
64 40
64 13
64 55
64 44
64 15
64 48
64 67
64 31
64 62
64 9
64 26
64 37
64 11
64 27
64 53
64 42
64 50
65 146
65 151
65 144
65 149
65 145
65 153
65 152
66 118
66 115
66 99
66 112
66 88
66 91
66 92
66 106
66 108
66 94
66 95
66 103
66 102
66 87
66 93
66 114
66 101
66 113
66 97
66 117
66 110
66 107
66 105
66 111
66 116
67 100
68 92
68 86
68 93
68 90
68 89
68 87
69 104
69 102
70 69
71 105
71 102
71 109
71 107
72 59
72 45
72 31
72 93
72 25
72 109
72 91
72 90
72 60
72 51
72 36
72 83
72 106
72 102
72 33
72 99
72 47
72 101
72 71
72 120
72 44
72 95
72 125
72 74
72 56
72 105
72 98
72 27
72 107
72 49
72 68
72 62
72 92
72 103
72 88
72 77
72 28
72 89
72 81
72 30
72 108
72 96
72 114
72 124
72 37
72 53
72 55
72 41
72 79
72 122
72 85
72 78
72 118
72 66
72 104
72 111
72 113
72 38
72 63
72 80
72 34
72 110
72 97
73 101
73 82
73 106
73 97
73 99
73 105
73 83
73 92
73 88
73 94
73 93
73 98
73 79
73 85
73 87
74 116
74 119
74 122
74 121
74 118
75 54
75 62
75 56
75 60
75 30
75 47
75 57
75 53
75 52
75 32
75 58
75 41
75 38
75 37
75 36
75 42
75 50
75 51
75 35
75 59
75 49
75 29
76 62
77 74
77 75
77 72
77 76
78 133
78 129
78 132
78 130
79 36
79 43
79 41
79 46
79 48
79 39
79 37
79 44
79 45
79 56
79 34
79 40
79 53
79 52
79 38
80 118
80 127
80 108
80 113
80 104
80 109
80 121
80 119
80 128
80 107
80 116
80 124
80 130
80 122
81 39
82 37
82 38
82 39
82 40
82 31
82 46
82 41
82 44
82 45
82 32
82 42
83 55
83 54
83 56
83 57
84 107
84 116
84 111
84 124
84 105
84 112
84 113
84 122
84 117
84 106
84 104
84 120
84 118
84 114
84 102
84 115
85 24
85 26
85 22
85 25
85 28
86 99
86 100
86 97
86 101
86 94
86 95
86 98
87 59
87 61
88 78
88 46
88 86
88 70
88 59
88 44
88 52
88 87
88 73
88 72
88 64
88 84
88 85
88 58
88 60
88 79
88 56
88 47
88 45
88 43
88 65
88 62
88 69
88 66
88 80
88 76
88 53
88 61
89 69
89 83
89 100
89 91
89 71
89 78
89 81
89 87
89 79
89 82
89 92
89 98
89 93
89 72
89 73
89 94
89 77
89 102
89 88
89 86
90 70
90 79
90 86
90 71
90 78
90 88
90 75
90 74
90 80
90 89
90 87
90 77
90 85
91 131
91 117
91 118
91 128
91 102
91 87
91 105
91 127
91 85
91 82
91 112
91 134
91 101
91 93
91 95
91 113
91 83
91 100
91 109
91 125
91 132
91 97
91 89
91 104
91 110
91 116
91 114
91 124
91 133
91 88
91 99
91 115
92 86
92 71
92 100
92 111
92 118
92 90
92 76
92 66
92 70
92 82
92 116
92 77
92 94
92 79
92 110
92 117
92 74
92 115
92 68
92 75
92 108
92 65
92 83
92 101
92 69
92 105
92 89
92 102
92 119
92 64
92 103
93 139
93 149
93 145
93 129
93 131
93 111
93 118
93 133
93 114
93 102
93 143
93 113
93 138
93 115
93 106
93 126
93 144
93 107
93 122
93 116
93 134
93 147
93 120
93 132
93 109
93 124
93 135
93 100
93 105
93 146
93 121
94 73
94 75
94 74
95 75
95 41
95 26
95 20
95 6
95 82
95 60
95 7
95 19
95 54
95 42
95 53
95 51
95 66
95 32
95 4
95 98
95 40
95 76
95 83
95 5
95 8
95 9
95 25
95 35
95 62
95 84
95 87
95 86
95 68
95 18
95 90
95 71
95 73
95 46
95 23
95 39
95 44
95 55
95 28
95 47
95 24
95 81
95 99
95 45
95 17
95 52
95 64
95 70
95 63
95 80
95 57
95 12
95 38
95 33
95 14
95 13
95 77
95 79
95 49
95 91
95 30
95 27
95 69
95 67
96 59
96 52
96 51
96 56
96 53
96 47
96 45
96 58
96 44
97 80
97 85
97 88
97 86
97 84
97 89
97 90
97 93
99 83
99 85
100 114
100 125
100 117
100 129
100 118
100 111
100 112
100 124
100 115
100 128
100 127
100 133
100 121
100 119
101 149
101 144
101 150
101 136
101 134
101 146
101 141
101 147
101 148
101 145
101 135
101 138
101 142
102 117
102 135
102 116
102 131
102 133
102 125
102 121
102 136
102 113
102 129
102 137
102 127
102 119
102 118
102 115
102 120
102 132
103 131
103 118
103 126
103 137
103 130
103 110
103 123
103 109
103 135
103 127
103 113
103 132
103 124
103 111
103 122
103 125
103 117
104 60
104 64
104 70
104 71
104 62
104 57
104 61
104 54
104 78
104 75
104 72
104 65
104 58
104 55
104 68
105 124
105 122
107 143
107 137
107 146
107 141
107 136
107 147
107 135
107 144
107 140
107 139
108 49
108 63
108 42
108 69
108 73
108 43
108 32
108 66
108 56
108 16
108 55
108 5
108 65
108 36
108 20
108 9
108 40
108 60
108 33
108 70
108 30
108 31
108 51
108 12
108 18
108 77
108 62
108 37
108 57
108 59
108 8
108 10
108 75
108 23
108 4
108 3
108 28
108 24
108 2
108 68
108 29
108 19
108 25
108 78
108 15
108 35
108 17
108 27
108 53
109 103
109 102
110 123
110 133
110 124
110 144
110 126
110 145
110 143
110 140
110 151
110 117
110 116
110 148
110 114
110 127
110 136
110 150
110 120
110 115
110 121
110 119
110 147
110 134
110 146
110 132
110 139
110 137
110 141
111 76
111 74
112 98
112 95
112 99
112 92
114 82
114 123
114 90
114 70
114 59
114 96
114 77
114 105
114 127
114 89
114 60
114 64
114 68
114 119
114 95
114 108
114 93
114 91
114 122
114 113
114 85
114 84
114 81
114 61
114 74
114 86
114 73
114 99
114 106
114 66
114 78
114 69
114 107
114 62
114 63
114 97
114 121
114 110
114 103
114 94
114 83
114 67
114 72
114 79
115 149
115 110
115 146
115 147
115 125
115 104
115 136
115 106
115 126
115 122
115 135
115 124
115 150
115 129
115 111
115 127
115 119
115 139
115 120
115 107
115 137
115 123
115 112
115 131
115 143
115 109
115 148
116 136
116 122
116 108
116 135
116 139
116 152
116 133
116 123
116 126
116 120
116 106
116 143
116 113
116 148
116 150
116 118
116 142
116 121
116 112
116 125
116 145
116 124
116 115
116 128
116 146
116 140
116 105
117 78
117 81
117 89
117 85
117 80
117 82
117 76
117 90
117 88
118 38
118 30
118 44
118 33
118 50
118 29
118 34
118 37
118 31
118 47
118 41
118 35
118 39
118 48
118 42
118 45
119 116
119 123
119 140
119 115
119 113
119 137
119 117
119 121
119 134
119 114
119 130
119 143
119 127
119 129
119 118
119 141
119 122
119 125
119 124
119 132
120 5
120 6
120 7
122 44
122 36
122 29
122 35
122 41
122 23
122 42
122 38
122 28
122 31
122 37
122 26
122 30
122 45
122 32
122 27
122 39
123 12
124 84
124 87
124 78
124 88
124 71
124 75
124 80
124 69
124 81
124 77
124 79
124 72
125 78
125 99
125 98
125 89
125 96
125 104
125 103
125 100
125 105
125 101
125 85
125 70
125 81
125 75
125 73
125 110
125 74
125 72
125 106
125 76
125 90
125 94
125 87
125 79
125 86
125 80
125 77
125 71
125 102
125 84
125 112
126 58
126 66
126 82
126 81
126 76
126 79
126 87
126 80
126 85
126 68
126 75
126 72
126 69
126 74
126 84
126 60
126 83
127 92
127 82
127 90
127 103
127 97
127 101
127 96
127 100
127 84
127 95
127 93
127 86
127 94
128 144
128 137
128 126
128 112
128 110
128 60
128 108
128 70
128 47
128 95
128 127
128 71
128 149
128 61
128 135
128 66
128 51
128 145
128 100
128 105
128 79
128 62
128 80
128 48
128 143
128 148
128 69
128 52
128 77
128 150
128 101
128 102
128 65
128 133
128 88
128 74
128 75
128 111
128 83
128 82
128 78
128 104
128 122
128 63
128 56
128 43
128 89
128 106
128 139
128 54
128 132
128 118
128 125
128 39
128 146
128 94
128 45
128 87
128 142
128 103
128 113
128 130
128 134
128 91
128 76
128 58
128 138
129 101
129 95
129 102
129 112
129 114
129 108
129 104
129 110
129 97
129 98
129 94
129 100
129 105
130 111
130 112
131 122
131 127
131 123
131 124
132 91
132 95
132 90
132 92
132 94
132 100
132 101
133 63
133 64
133 67
133 66
133 65
134 66
134 71
134 67
134 74
134 68
134 77
134 79
134 65
134 64
134 63
134 76
134 69
134 72
134 80
134 81
135 114
135 120
135 117
135 110
135 141
135 112
135 124
135 133
135 111
135 108
135 147
135 140
135 116
135 143
135 130
135 105
135 132
135 129
135 125
135 107
135 127
135 146
135 128
135 121
135 139
135 103
135 134
135 122
136 114
136 101
136 105
136 117
136 127
136 103
136 113
136 121
136 123
136 140
136 144
136 110
136 109
136 122
136 108
136 118
136 112
136 106
136 104
136 111
136 143
136 102
136 132
136 119
136 135
136 133
136 126
136 116
137 6
138 120
138 127
138 135
138 140
138 121
138 126
138 119
138 134
138 128
138 125
138 131
138 123
138 124
138 136
138 122
138 130
139 99
139 100
140 105
140 86
140 100
140 125
140 115
140 107
140 81
140 117
140 55
140 126
140 113
140 62
140 74
140 84
140 93
140 65
140 78
140 119
140 82
140 94
140 80
140 112
140 63
140 77
140 79
140 97
140 72
140 103
140 128
140 110
140 101
140 66
140 108
140 130
140 99
140 91
140 71
140 85
140 64
140 114
140 96
140 89
140 59
140 122
140 61
140 90
141 84
141 104
141 108
141 101
141 111
141 107
141 93
141 114
141 110
141 78
141 91
141 82
141 97
141 85
141 119
141 88
141 109
141 99
141 117
141 86
141 83
141 81
141 105
141 121
141 96
141 122
141 87
141 120
143 150
143 141
143 152
143 148
143 147
144 151
145 16
145 14
146 145
147 144
147 146
147 142
148 78
148 81
148 88
148 100
148 91
148 75
148 85
148 74
148 87
148 69
148 72
148 89
148 76
148 80
148 68
148 93
148 95
148 86
148 83
148 98
148 82
149 142
149 106
149 122
149 119
149 123
149 121
149 101
149 88
149 148
149 96
149 146
149 143
149 116
149 108
149 117
149 103
149 147
149 93
149 91
149 107
149 144
149 99
149 140
149 111
149 131
149 130
149 104
149 133
149 137
149 125
149 94
149 90
149 112
149 105
149 115
149 89
150 4
150 96
150 58
150 30
150 100
150 5
150 103
150 8
150 64
150 55
150 49
150 87
150 91
150 54
150 23
150 85
150 35
150 90
150 38
150 84
150 43
150 27
150 21
150 60
150 74
150 56
150 32
150 77
150 14
150 59
150 88
150 73
150 81
150 40
150 44
150 99
150 63
150 29
150 47
150 15
150 76
150 98
150 34
150 70
150 16
150 67
150 17
150 61
150 95
150 11
150 24
150 41
150 102
150 39
150 50
150 20
150 10
150 6
150 18
150 93
150 12
151 62
151 54
151 65
151 100
151 87
151 103
151 63
151 61
151 91
151 92
151 83
151 77
151 101
151 113
151 86
151 110
151 53
151 112
151 106
151 94
151 90
151 114
151 76
151 58
151 111
151 69
151 52
151 59
151 75
151 115
151 71
151 78
151 105
151 88
151 57
151 97
151 55
151 80
151 84
151 89
152 41
152 24
152 51
152 57
152 73
152 43
152 39
152 15
152 56
152 62
152 61
152 13
152 27
152 40
152 46
152 33
152 80
152 76
152 7
152 59
152 52
152 71
152 16
152 8
152 68
152 12
152 34
152 78
152 26
152 37
152 54
152 32
152 20
152 77
152 6
152 67
152 55
152 36
152 10
152 63
152 65
152 31
152 45
152 14
152 70
152 18
153 97
153 94
153 96
153 91
153 93
1 109
1 103
1 77
1 106
1 73
1 80
1 108
1 93
1 74
1 82
1 79
1 112
1 78
1 76
1 110
1 90
1 96
1 98
2 145
2 113
2 134
2 119
2 139
2 125
2 129
2 128
2 115
2 138
2 122
2 121
2 140
2 131
2 117
2 111
2 112
2 142
2 135
2 120
2 136
2 132
2 133
3 107
3 136
3 125
3 102
3 130
3 111
3 104
3 101
3 121
3 106
3 120
3 124
3 108
3 129
3 138
3 99
3 123
3 116
3 135
3 139
3 114
3 110
3 97
3 103
3 133
3 134
3 98
3 105
3 113
3 112
4 95
4 92
4 111
4 80
4 101
4 83
4 89
4 85
4 110
4 90
4 91
4 116
4 86
4 112
4 103
4 81
5 39
5 41
5 60
5 45
5 63
5 61
5 68
5 70
5 72
5 53
5 51
5 65
5 59
5 38
5 49
5 52
5 75
5 36
5 40
5 37
5 58
5 47
5 44
5 69
5 62
5 73
6 53
6 47
6 46
6 60
6 59
6 43
6 48
6 45
6 58
6 51
6 54
7 151
7 152
8 112
8 116
8 98
8 110
8 105
8 133
8 106
8 135
8 115
8 128
8 126
8 86
8 132
8 134
8 82
8 85
8 95
8 97
8 101
8 124
8 91
8 96
8 87
8 90
8 104
8 119
8 108
8 129
8 114
8 131
8 127
8 120
8 93
8 121
9 131
9 139
9 124
9 125
9 128
9 138
11 130
11 126
11 121
11 132
11 120
11 129
12 72
12 73
12 66
12 58
12 78
12 81
12 69
12 82
12 64
12 62
12 79
12 60
12 53
12 55
12 67
12 65
12 68
12 63
13 144
13 134
13 152
13 122
13 131
13 123
13 137
13 151
13 133
13 121
13 147
13 128
13 125
13 136
13 149
13 130
13 129
13 138
13 148
13 150
14 115
14 94
14 113
14 120
14 92
14 111
14 124
14 121
14 116
14 106
14 108
14 97
14 102
14 118
14 101
14 119
14 109
14 96
14 100
14 117
15 126
15 116
15 119
16 56
16 124
16 77
16 100
16 55
16 44
16 95
16 41
16 118
16 54
16 123
16 65
16 64
16 79
16 68
16 104
16 93
16 63
16 73
16 113
16 86
16 69
16 82
16 101
16 109
16 40
16 103
16 49
16 67
16 102
16 115
16 85
16 76
16 48
16 39
16 105
16 42
16 117
16 60
16 61
16 80
16 112
16 53
16 83
16 120
16 97
16 38
16 91
16 50
16 59
16 110
16 81
16 96
16 78
16 51
16 94
16 119
16 87
16 92
16 62
17 13
17 15
18 105
18 108
18 104
19 143
19 146
19 145
19 148
19 150
20 77
20 48
20 86
20 52
20 79
20 27
20 70
20 55
20 36
20 85
20 40
20 35
20 83
20 41
20 24
20 87
20 8
20 72
20 49
20 16
20 62
20 92
20 33
20 13
20 34
20 64
20 88
20 18
20 75
20 29
20 44
20 84
20 71
20 43
20 93
20 54
20 12
20 67
20 53
20 65
20 80
20 90
20 50
20 91
20 57
20 76
20 23
20 59
20 78
20 47
20 10
20 95
20 73
20 38
21 142
21 144
21 139
21 143
22 97
22 100
22 102
22 109
22 98
22 93
22 92
22 99
22 103
22 95
23 35
23 17
23 12
23 16
23 33
23 31
23 15
23 32
23 41
23 36
23 14
23 22
23 28
23 26
23 25
23 38
23 13
23 21
23 18
24 115
24 110
24 118
24 113
24 119
24 116
24 112
24 120
25 69
25 80
25 79
25 71
25 86
25 83
25 74
26 133
26 132
27 150
27 149
27 146
27 152
27 144
27 151
27 148
27 143
28 128
28 119
28 122
29 28
29 34
29 33
29 31
30 52
30 51
30 39
30 53
30 43
30 44
30 41
30 54
30 48
30 50
30 49
30 38
30 37
30 40
31 101
31 96
31 81
31 95
31 93
31 88
31 99
31 100
31 104
31 83
31 106
31 92
31 105
31 86
31 97
31 90
33 88
33 75
33 89
33 74
33 85
33 69
33 57
33 60
33 61
33 59
33 72
33 58
33 70
33 73
33 79
33 86
33 81
33 67
33 56
33 82
33 84
34 53
35 119
35 116
35 115
35 110
35 111
35 113
35 117
36 123
36 127
36 113
36 105
36 121
36 108
36 112
36 114
36 126
36 128
36 99
36 120
36 96
36 124
36 111
36 117
36 97
36 119
36 104
36 100
36 103
37 64
37 54
37 35
37 47
37 57
37 36
37 40
37 66
37 58
37 63
37 51
37 56
37 39
37 55
37 42
37 59
38 13
38 12
38 18
38 22
38 14
38 24
38 10
38 11
38 25
38 27
38 17
38 26
38 20
38 9
39 127
39 121
39 124
39 117
39 125
40 39
40 35
40 44
40 36
40 43
40 45
40 42
40 37
40 47
41 28
41 34
41 30
41 26
41 29
41 33
41 25
41 24
41 32
42 48
43 116
44 118
44 101
44 129
44 110
44 127
44 98
44 103
44 105
45 135
45 140
45 123
45 139
45 133
45 126
45 132
45 141
45 128
45 136
45 125
45 131
46 29
47 129
47 125
47 122
47 124
47 141
47 143
47 135
47 123
47 127
47 133
47 150
47 132
47 121
47 134
47 136
48 135
48 120
48 122
48 94
48 114
48 106
48 132
48 110
48 143
48 118
48 111
48 103
48 124
48 105
48 133
48 134
48 140
48 95
48 96
48 115
48 128
48 126
48 109
48 108
48 144
48 139
48 131
49 128
49 130
49 133
49 132
49 134
50 104
50 96
50 92
50 91
50 86
50 89
50 101
50 87
50 97
50 99
51 44
51 36
51 29
51 57
51 13
51 56
51 10
51 8
51 7
51 18
51 12
51 30
51 38
51 43
52 134
52 99
52 126
52 91
52 117
52 123
52 113
52 93
52 119
52 139
52 141
52 112
52 98
52 140
52 110
52 103
52 92
52 128
52 105
52 104
52 125
52 121
52 108
52 135
52 109
52 97
52 137
52 118
52 116
53 128
53 143
53 132
53 133
53 136
53 138
53 126
53 129
53 123
53 130
53 142
54 95
54 74
54 70
54 64
54 117
54 69
54 107
54 76
54 72
54 116
54 65
54 106
54 103
54 83
54 99
54 81
54 62
54 100
54 104
54 101
54 98
54 67
54 90
54 96
54 114
54 105
54 79
54 102
54 88
54 118
54 68
54 80
54 86
54 71
54 119
54 92
54 111
54 63
54 113
55 100
55 113
55 106
55 111
55 101
55 109
55 89
55 102
55 103
55 115
55 105
55 114
55 98
55 110
55 91
55 116
55 92
55 93
55 107
55 96
55 97
56 55
56 53
56 116
56 43
56 50
56 98
56 74
56 109
56 70
56 37
56 102
56 41
56 110
56 83
56 101
56 89
56 32
56 91
56 85
56 108
56 67
56 39
56 90
56 92
56 105
56 46
56 95
56 72
56 71
56 78
56 112
56 38
56 99
56 96
56 118
56 75
56 86
56 73
56 51
56 76
56 111
56 44
56 33
56 80
56 117
56 104
56 103
56 94
56 107
56 79
57 20
57 22
58 32
58 36
58 62
58 18
58 48
58 116
58 67
58 47
58 99
58 55
58 115
58 35
58 46
58 101
58 84
58 91
58 70
58 87
58 42
58 119
58 13
58 92
58 66
58 94
58 7
58 75
58 50
58 16
58 106
58 81
58 82
58 121
58 24
58 98
58 78
58 100
58 56
58 61
58 28
58 10
58 88
58 107
58 26
58 17
58 117
58 85
58 120
58 38
58 90
58 34
58 25
58 19
58 39
58 27
58 72
58 57
58 86
58 102
58 95
58 97
58 65
58 23
58 53
58 31
58 12
58 111
58 93
58 41
59 148
60 59
60 52
60 34
60 25
60 44
60 26
60 41
60 31
60 45
60 48
60 23
60 62
60 51
60 56
60 47
60 57
60 24
60 50
60 35
60 30
60 38
60 39
60 22
60 27
60 37
61 88
63 150
63 132
63 143
63 146
63 145
63 134
63 149
63 147
63 142
63 130
63 152
63 138
63 141
63 136
63 148
63 140
64 145
64 148
64 146
65 148
65 150
66 130
66 128
66 132
66 134
67 74
67 105
67 61
67 83
67 113
67 77
67 85
67 92
67 72
67 99
67 101
67 107
67 75
67 109
67 108
67 96
67 65
67 87
67 89
67 91
67 112
67 114
67 70
67 76
67 102
67 93
67 88
67 80
67 60
67 59
67 94
67 95
67 97
67 69
67 81
67 56
67 64
67 78
68 139
68 141
68 136
68 137
68 142
69 52
69 50
69 67
69 17
69 25
69 54
69 18
69 30
69 59
69 34
69 58
69 48
69 20
69 68
69 64
69 26
69 37
69 22
69 39
69 21
69 45
69 23
69 33
69 16
69 51
69 53
69 43
69 66
69 29
69 15
69 55
69 13
69 49
69 42
70 58
70 80
70 90
70 86
70 64
70 40
70 37
70 87
70 28
70 60
70 74
70 31
70 88
70 42
70 101
70 99
70 65
70 33
70 25
70 27
70 91
70 98
70 83
70 23
70 30
70 95
70 36
70 53
70 21
70 51
70 79
70 32
70 45
70 48
70 63
70 54
70 41
70 22
70 93
70 97
70 81
70 82
70 47
70 73
70 78
70 75
70 100
70 26
70 50
70 56
71 133
71 138
71 136
71 134
71 139
71 130
71 132
71 137
71 126
72 61
72 86
72 57
72 54
72 64
72 69
72 67
72 58
72 65
72 52
72 76
72 94
73 84
73 86
74 88
74 111
74 95
74 114
74 79
74 128
74 92
74 83
74 126
74 85
74 91
74 89
74 110
74 106
74 78
74 86
74 103
74 127
74 125
74 133
74 120
74 123
74 81
74 102
74 76
74 84
74 115
74 100
74 82
74 108
74 104
74 72
74 90
74 117
75 109
75 107
75 115
75 101
75 117
75 110
75 116
75 97
75 99
75 113
75 102
75 95
75 105
75 98
75 100
75 94
75 114
75 106
77 30
77 14
77 45
77 58
77 19
77 31
77 69
77 37
77 24
77 33
77 38
77 8
77 36
77 59
77 13
77 9
77 35
77 57
77 23
77 53
77 50
77 54
77 10
77 7
77 39
77 70
77 73
77 17
77 20
77 61
77 27
77 25
77 47
77 29
77 62
77 56
77 32
77 68
77 5
78 46
78 51
78 57
78 38
78 39
78 54
78 50
78 45
78 49
78 48
78 43
78 41
78 55
78 59
78 47
79 29
79 33
79 35
80 34
80 29
80 36
80 32
80 33
81 137
81 140
81 133
81 142
81 135
81 144
81 138
81 139
82 148
82 151
82 149
83 9
83 65
83 38
83 5
83 62
83 20
83 93
83 33
83 96
83 8
83 34
83 29
83 101
83 15
83 60
83 67
83 39
83 76
83 26
83 28
83 23
83 63
83 14
83 86
83 104
83 44
83 81
83 95
83 18
83 51
83 90
83 36
83 61
83 6
83 102
83 70
83 94
83 87
83 78
83 105
83 58
83 32
83 53
83 79
83 103
83 72
83 48
83 82
83 17
83 37
83 19
83 66
