180 10121
1 2
2 3
3 4
4 5
5 6
6 7
7 8
8 9
9 10
10 11
11 12
12 13
13 14
14 15
15 16
16 17
17 18
18 19
19 20
20 21
21 22
22 23
23 24
24 25
25 26
26 27
27 28
28 29
29 30
30 31
31 32
32 33
33 34
34 35
35 36
36 37
37 38
38 39
39 40
40 41
41 42
42 43
43 44
44 45
45 46
46 47
47 48
48 49
49 50
50 51
51 52
52 53
53 54
54 55
55 56
56 57
57 58
58 59
59 60
60 61
61 62
62 63
63 64
64 65
65 66
66 67
67 68
68 69
69 70
70 71
71 72
72 73
73 74
74 75
75 76
76 77
77 78
78 79
79 80
80 81
81 82
82 83
83 84
84 85
85 86
86 87
87 88
88 89
89 90
90 91
91 92
92 93
93 94
94 95
95 96
96 97
97 98
98 99
99 100
100 101
101 102
102 103
103 104
104 105
105 106
106 107
107 108
108 109
109 110
110 111
111 112
112 113
113 114
114 115
115 116
116 117
117 118
118 119
119 120
120 121
121 122
122 123
123 124
124 125
125 126
126 127
127 128
128 129
129 130
130 131
131 132
132 133
133 134
134 135
135 136
136 137
137 138
138 139
139 140
140 141
141 142
142 143
143 144
144 145
145 146
146 147
147 148
148 149
149 150
150 151
151 152
152 153
153 154
154 155
155 156
156 157
157 158
158 159
159 160
160 161
161 162
162 163
163 164
164 165
165 166
166 167
167 168
168 169
169 170
170 171
171 172
172 173
173 174
174 175
175 176
176 177
177 178
178 179
179 180
180 1
1 161
1 168
1 166
1 165
1 169
1 163
1 159
1 158
1 156
1 160
2 161
2 159
2 160
2 162
2 158
2 163
2 164
2 166
3 110
3 108
3 93
3 106
3 100
3 99
3 116
3 107
3 89
3 92
3 94
3 112
3 96
3 101
3 98
3 117
3 115
3 87
3 97
3 119
3 111
4 17
4 100
4 105
4 18
4 44
4 101
4 31
4 96
4 39
4 21
4 49
4 42
4 41
4 82
4 88
4 77
4 58
4 89
4 79
4 37
4 78
4 34
4 71
4 28
4 64
4 50
4 70
4 66
4 40
4 91
4 29
4 73
4 104
4 48
4 43
4 46
4 26
4 74
4 20
4 81
4 14
4 99
4 86
4 36
4 15
4 95
4 27
4 67
4 60
4 106
4 38
4 61
4 52
4 90
4 68
4 16
4 25
5 120
5 129
5 127
5 110
5 130
5 114
5 123
5 117
5 112
5 119
5 131
5 126
5 128
5 132
5 122
6 104
6 105
6 95
6 100
6 88
6 101
6 86
6 89
6 93
6 98
6 102
7 108
7 101
7 104
7 103
7 100
7 105
7 106
8 113
8 117
8 116
8 119
8 109
8 110
8 112
8 118
8 120
9 147
9 143
9 148
9 144
9 145
9 149
10 152
10 147
10 154
10 141
10 145
10 143
10 150
10 142
12 144
12 133
12 158
12 117
12 164
12 119
12 131
12 163
12 120
12 162
12 159
12 127
12 154
12 118
12 150
12 129
12 121
12 157
12 142
12 143
12 116
12 156
12 138
12 130
12 115
12 126
12 124
12 134
12 122
12 123
12 147
12 148
12 149
12 146
13 150
13 157
13 160
13 149
13 154
13 153
13 145
13 146
13 162
13 163
13 158
13 168
13 147
13 151
13 156
13 159
13 152
13 167
13 164
14 113
14 57
14 58
14 94
14 115
14 40
14 65
14 93
14 43
14 77
14 51
14 108
14 74
14 89
14 69
14 71
14 42
14 50
14 92
14 83
14 67
14 55
14 73
14 44
14 84
14 75
14 99
14 96
14 38
14 98
14 54
14 68
14 63
14 91
14 76
14 97
14 111
14 66
14 52
14 60
14 85
14 112
14 101
14 103
14 106
14 87
14 62
14 53
14 49
14 56
14 47
14 104
15 135
15 129
15 130
15 127
15 149
15 134
15 146
15 147
15 141
15 150
15 133
15 128
15 144
15 143
15 148
15 138
15 139
15 142
15 145
15 137
17 115
17 110
17 122
17 121
17 117
17 113
17 112
17 118
17 120
17 108
17 119
17 111
17 116
17 106
18 117
18 159
18 146
18 154
18 128
18 136
18 148
18 119
18 121
18 129
18 160
18 158
18 123
18 122
18 103
18 139
18 134
18 156
18 106
18 137
18 105
18 115
18 130
18 127
18 108
18 153
18 113
18 150
18 114
18 111
18 157
18 145
18 116
18 141
18 135
18 152
18 120
18 140
18 109
18 110
19 104
19 114
19 103
19 106
19 113
19 99
19 108
19 105
19 100
19 110
19 97
19 98
20 127
20 175
20 103
20 107
20 136
20 155
20 144
20 162
20 150
20 143
20 161
20 113
20 158
20 109
20 120
20 111
20 132
20 153
20 133
20 135
20 96
20 129
20 174
20 167
20 168
20 151
20 159
20 154
20 105
20 139
20 117
20 164
20 115
20 156
20 112
20 121
20 110
20 166
20 169
20 172
20 173
20 108
20 102
20 123
20 114
20 90
20 118
20 92
20 116
20 94
20 126
21 83
21 70
21 85
21 110
21 58
21 82
21 126
21 65
21 113
21 77
21 111
21 121
21 69
21 68
21 133
21 104
21 128
21 92
21 116
21 107
21 62
21 118
21 75
21 86
21 93
21 67
21 72
21 132
21 114
21 71
21 76
21 100
21 61
21 103
21 105
21 95
21 101
21 73
21 57
21 56
21 59
21 106
21 96
21 74
21 127
21 64
21 91
21 79
21 89
22 138
22 142
22 156
22 147
22 144
22 134
22 157
22 146
22 155
22 154
22 135
22 137
22 149
22 143
22 136
23 141
23 143
23 145
23 146
23 144
24 53
24 74
24 116
24 70
24 69
24 111
24 63
24 103
24 67
24 106
24 94
24 92
24 104
24 98
24 109
24 47
24 51
24 83
24 58
24 96
24 82
24 84
24 75
24 81
24 88
24 115
24 54
24 60
24 120
24 85
24 48
24 105
24 78
24 101
24 66
24 93
24 55
24 90
24 61
24 65
24 86
24 64
24 89
25 3
25 4
26 92
26 152
26 69
26 75
26 91
26 84
26 132
26 117
26 119
26 120
26 147
26 115
26 127
26 88
26 122
26 72
26 145
26 70
26 110
26 103
26 60
26 77
26 59
26 138
26 133
26 100
26 74
26 94
26 68
26 111
26 63
26 136
26 130
26 144
26 101
26 125
26 148
26 65
26 76
26 137
26 128
26 93
26 142
26 82
26 97
26 89
26 150
26 107
26 112
26 126
26 105
26 73
26 98
26 113
26 71
26 135
27 134
27 133
27 125
27 130
27 121
27 122
27 132
27 127
27 118
27 136
27 119
28 152
28 149
28 150
29 99
29 100
29 101
29 106
29 105
29 102
29 103
30 100
30 105
30 108
30 107
30 89
30 96
30 103
30 93
30 92
30 90
30 97
30 95
30 102
30 109
30 104
31 162
31 163
32 125
32 112
32 140
32 158
32 126
32 141
32 135
32 116
32 165
32 159
32 161
32 148
32 120
32 143
32 142
32 122
32 160
32 124
32 153
32 115
32 131
32 134
32 168
32 127
32 169
32 145
32 157
32 163
32 130
32 139
32 166
32 117
32 128
32 133
32 121
32 119
32 156
33 132
33 133
34 170
34 171
34 169
34 168
34 172
35 143
35 116
35 117
35 113
35 119
35 144
35 147
35 148
35 139
35 146
35 120
35 138
35 140
35 132
35 131
35 118
35 121
35 128
35 125
35 123
35 129
35 149
35 145
35 142
35 133
35 115
36 119
36 118
36 145
36 124
36 139
36 138
36 137
36 131
36 114
36 115
36 125
36 143
36 129
36 140
36 132
36 130
36 122
36 127
36 116
36 117
36 142
36 126
37 127
37 128
38 90
38 88
38 87
39 19
39 8
39 10
39 18
39 16
39 9
39 21
39 24
39 15
39 20
39 11
39 12
39 14
39 26
40 136
40 133
40 138
40 132
40 140
40 134
40 142
41 3
41 2
41 1
42 28
42 35
42 33
42 19
42 29
42 32
42 31
42 21
42 27
42 30
42 24
43 135
43 136
43 131
43 123
43 124
43 127
43 132
44 60
44 108
44 79
44 71
44 93
44 81
44 95
44 103
44 43
44 46
44 58
44 97
44 37
44 50
44 56
44 38
44 102
44 100
44 36
44 88
44 105
44 78
44 86
44 109
44 94
44 64
44 49
44 67
44 112
44 57
44 55
44 52
44 63
44 104
44 61
44 83
44 66
44 72
44 76
44 89
44 101
44 47
44 87
44 69
44 74
44 33
44 68
44 53
44 96
44 39
45 106
45 104
46 123
46 116
46 128
46 127
46 117
46 118
46 125
46 122
47 61
47 65
47 58
47 69
47 66
47 60
47 67
47 68
47 57
48 17
48 12
48 15
48 7
48 16
48 18
48 14
48 10
48 8
49 64
49 82
49 92
49 111
49 77
49 72
49 122
49 67
49 113
49 98
49 74
49 94
49 100
49 75
49 78
49 56
49 103
49 73
49 60
49 81
49 66
49 101
49 93
49 116
49 95
49 85
49 120
49 121
49 83
49 119
49 58
49 59
49 86
49 110
49 118
49 84
49 62
49 76
49 114
49 115
49 79
49 105
49 57
49 107
50 19
50 48
50 34
50 35
50 37
50 31
50 28
50 29
50 43
50 18
50 55
50 14
50 54
50 41
50 17
50 46
50 15
50 42
50 32
50 49
50 36
50 21
50 16
50 23
50 38
50 30
50 53
50 33
50 52
51 54
51 68
51 70
51 56
51 72
51 58
51 57
51 67
51 62
51 71
51 55
51 64
51 53
52 76
52 63
52 71
52 69
52 72
52 66
52 62
52 68
52 51
52 70
52 58
52 65
52 55
52 67
52 74
52 59
52 64
53 167
53 165
53 174
53 168
53 170
53 173
53 175
54 33
54 30
54 29
54 15
54 19
54 24
54 28
54 26
54 38
54 25
54 23
54 27
54 17
54 18
55 119
55 134
55 137
55 132
55 145
55 108
55 104
55 110
55 131
55 128
55 120
55 112
55 118
55 130
55 133
55 144
55 136
55 114
55 115
55 135
55 127
55 125
55 117
55 121
55 124
55 113
55 143
56 79
56 72
56 81
56 66
56 70
56 71
56 87
56 82
56 80
56 75
56 89
56 68
56 88
56 65
56 69
58 43
58 88
58 68
58 49
58 82
58 100
58 63
58 47
58 44
58 40
58 107
58 134
58 135
58 101
58 81
58 76
58 110
58 95
58 46
58 89
58 92
58 65
58 28
58 112
58 91
58 60
58 73
58 52
58 129
58 93
58 62
58 136
58 83
58 53
58 67
58 121
58 109
58 130
58 36
58 96
58 55
58 102
58 125
58 48
58 42
58 115
58 116
58 127
58 64
58 98
58 117
58 131
58 114
58 103
58 123
58 111
58 54
58 30
58 37
58 85
58 108
58 38
58 75
58 132
58 118
58 90
58 105
58 29
58 94
58 99
58 45
59 82
59 55
59 81
59 62
59 74
59 86
59 52
59 58
59 65
59 53
59 57
59 54
59 71
59 64
59 69
59 67
59 63
59 70
59 48
59 66
59 88
59 75
59 72
59 80
60 62
60 65
60 64
60 69
60 66
61 158
62 120
62 135
62 131
62 125
62 99
62 139
62 103
62 123
62 98
62 118
62 142
62 114
62 141
62 133
62 108
62 127
62 104
62 97
62 137
62 126
62 115
62 111
62 132
62 136
62 113
62 124
62 100
62 107
63 44
63 47
63 40
63 39
63 45
63 37
65 90
65 106
65 86
65 99
65 102
65 107
65 97
65 87
65 103
65 108
65 95
65 105
65 101
66 134
66 111
66 140
66 93
66 95
66 97
66 125
66 101
66 131
66 90
66 110
66 138
66 128
66 112
66 104
66 116
66 88
66 106
66 130
66 99
66 118
66 83
66 107
66 127
66 132
66 113
66 137
66 119
66 102
66 133
66 98
66 94
66 96
66 115
66 123
66 114
66 122
67 179
67 178
68 110
68 144
68 139
68 119
68 168
68 131
68 126
68 155
68 162
68 111
68 160
68 140
68 143
68 116
68 117
68 114
68 166
68 150
68 125
68 171
68 173
68 113
68 148
68 169
68 163
68 118
68 135
68 133
68 170
68 141
68 151
68 157
68 112
68 145
68 146
68 124
68 120
68 156
68 147
68 138
68 142
68 152
68 158
68 130
69 158
69 167
69 165
69 156
69 168
69 166
69 153
69 169
69 154
69 157
69 150
70 40
70 91
70 30
70 72
70 38
70 62
70 25
70 78
70 33
70 16
70 36
70 23
70 90
70 22
70 82
70 76
70 52
70 51
70 75
70 18
70 67
70 49
70 13
70 85
70 83
70 65
70 47
70 81
70 59
70 28
70 42
70 89
70 35
70 63
70 14
70 69
70 80
70 53
70 15
70 60
70 86
70 88
70 50
70 58
70 64
70 46
70 77
70 54
71 82
71 79
71 75
71 74
71 77
71 61
71 59
71 66
71 60
71 70
71 64
71 65
71 81
72 174
72 173
72 179
72 178
72 176
73 160
73 159
73 166
73 165
73 161
73 167
73 164
73 156
74 164
74 165
74 167
75 159
75 160
76 96
76 99
77 120
77 114
77 111
77 156
77 149
77 126
77 106
77 160
77 123
77 161
77 163
77 131
77 135
77 146
77 143
77 139
77 117
77 129
77 150
77 162
77 155
77 132
77 113
77 127
77 140
77 142
77 109
77 122
77 124
77 116
77 115
77 151
77 157
77 158
77 148
77 144
77 145
78 170
78 167
78 172
78 177
78 171
78 175
78 165
78 166
78 168
79 126
79 109
79 104
79 113
79 114
79 111
79 110
79 118
79 105
79 108
79 107
79 101
79 102
79 124
79 120
79 125
80 175
80 179
80 180
80 177
80 174
81 172
82 143
82 130
82 129
82 136
82 127
82 146
82 125
82 119
82 144
82 145
82 147
82 117
82 140
82 126
82 128
82 133
82 142
82 148
82 121
82 122
83 178
83 179
84 76
84 90
84 89
84 71
84 80
84 67
84 83
84 81
84 88
84 68
84 70
84 87
84 73
84 77
85 155
85 174
85 158
85 171
85 173
85 178
85 151
85 163
85 161
85 160
85 175
85 169
85 153
85 170
85 162
85 165
85 176
85 152
85 159
85 156
86 42
86 43
86 41
87 40
87 30
87 37
87 20
87 39
87 12
87 10
87 19
87 24
87 14
87 31
87 28
87 29
87 34
87 27
87 11
87 32
87 18
87 21
87 33
88 132
88 133
88 131
90 164
91 124
91 119
91 125
91 112
91 132
91 126
91 120
91 118
91 115
91 131
91 123
91 133
91 121
91 114
91 127
91 113
92 171
93 163
93 160
93 159
93 151
93 167
93 162
93 166
93 168
93 175
93 177
93 156
93 171
93 172
93 157
93 154
93 174
94 178
94 176
94 170
94 174
94 171
94 172
94 166
94 164
94 168
94 163
94 179
95 175
96 62
96 137
96 46
96 40
96 86
96 48
96 42
96 80
96 60
96 83
96 24
96 89
96 122
96 35
96 29
96 54
96 102
96 27
96 55
96 100
96 101
96 124
96 34
96 130
96 114
96 66
96 127
96 105
96 73
96 74
96 37
96 118
96 78
96 128
96 133
96 33
96 47
96 44
96 121
96 107
96 111
96 112
96 23
96 138
96 31
96 116
96 75
96 103
96 131
96 76
96 58
96 82
96 93
96 135
96 67
96 91
96 52
96 106
96 113
96 94
96 45
96 57
96 85
96 68
96 77
96 88
96 72
96 56
96 117
96 104
96 90
97 77
97 78
97 82
97 81
97 79
99 115
99 57
99 117
99 109
99 133
99 170
99 77
99 58
99 93
99 94
99 153
99 174
99 173
99 69
99 152
99 103
99 122
99 66
99 52
99 89
99 102
99 97
99 143
99 139
99 136
99 129
99 172
99 98
99 151
99 163
99 158
99 75
99 130
99 148
99 140
99 160
99 171
99 82
99 64
99 96
99 145
99 125
99 165
99 108
99 175
99 141
99 101
99 161
99 126
99 104
99 62
99 162
99 70
99 157
99 63
99 134
99 119
99 92
99 79
99 176
99 137
99 61
99 116
99 68
99 149
99 150
99 159
99 113
99 86
99 59
99 55
99 156
99 83
99 167
99 54
99 72
99 91
100 128
100 135
100 139
100 138
100 168
100 122
100 169
100 142
100 170
100 144
100 129
100 147
100 133
100 131
100 151
100 161
100 127
100 174
100 145
100 124
100 159
100 155
100 160
100 158
100 123
100 157
100 148
100 134
100 167
100 171
100 156
100 143
100 141
100 140
100 175
100 165
101 87
101 103
101 59
101 107
101 64
101 100
101 117
101 71
101 106
101 73
101 116
101 93
101 97
101 95
101 98
101 99
101 76
101 115
101 85
101 61
101 57
101 78
101 72
101 91
101 105
101 113
101 96
101 66
101 62
101 94
101 92
101 77
101 108
101 88
101 63
101 79
101 74
101 70
101 114
101 118
101 67
101 84
103 15
103 20
103 11
103 16
103 12
103 13
103 23
104 31
104 33
105 103
105 91
105 85
105 87
105 95
105 101
105 89
105 80
105 98
105 78
105 79
105 104
105 90
105 81
105 93
105 83
105 82
106 162
106 161
107 45
107 42
107 37
107 30
107 33
107 46
107 44
107 36
107 43
107 29
107 35
107 40
108 175
109 157
109 155
109 154
109 156
109 153
110 56
110 70
110 46
110 67
110 81
110 48
110 71
110 57
110 78
110 43
110 64
110 55
110 75
110 76
110 69
110 44
110 61
110 39
110 60
110 51
110 63
110 54
110 79
110 47
110 40
110 65
110 42
110 50
111 162
111 175
111 164
111 163
111 170
111 173
111 174
111 167
112 138
112 129
112 135
112 140
112 124
112 130
112 139
112 126
112 142
112 134
112 144
112 125
112 128
112 141
112 121
112 127
112 133
113 95
113 107
113 115
113 109
113 112
113 125
113 116
113 120
113 123
113 89
113 93
113 110
113 119
113 108
113 91
113 102
113 103
113 132
113 133
113 129
113 97
113 130
113 121
113 105
113 94
113 92
113 101
113 100
113 99
113 135
114 66
114 67
114 74
114 75
114 58
114 73
114 56
114 54
114 55
114 51
114 57
114 78
114 70
114 61
114 76
114 72
114 68
114 63
114 69
114 50
115 155
115 153
115 143
115 154
115 147
115 148
115 141
115 151
115 142
115 139
115 150
115 144
115 152
115 149
116 132
116 137
116 135
116 142
116 123
116 143
116 133
116 121
116 139
116 136
116 130
116 120
116 140
116 126
117 65
118 156
119 65
119 104
119 130
119 122
119 111
119 106
119 125
119 112
119 141
119 98
119 90
119 145
119 54
119 103
119 139
119 83
119 74
119 94
119 105
119 80
119 67
119 102
119 93
119 126
119 92
119 82
119 84
119 56
119 91
119 72
119 116
119 55
119 108
119 138
119 144
119 127
119 62
119 53
119 58
119 59
119 78
119 118
119 135
119 61
119 134
119 73
119 70
119 110
119 146
119 124
119 71
119 75
119 123
119 109
119 52
119 117
119 97
119 89
119 101
119 115
119 100
119 66
120 149
120 152
120 150
120 148
121 86
121 119
121 97
121 79
121 108
121 84
121 64
121 126
121 111
121 129
121 104
121 110
121 78
121 102
121 65
121 118
121 136
121 71
121 124
121 67
121 101
121 63
121 85
121 99
121 90
121 116
121 132
121 61
121 72
121 114
121 103
121 89
121 115
121 127
121 96
121 68
121 62
121 74
121 109
121 106
121 135
121 107
121 134
121 70
122 178
122 179
123 31
123 39
123 40
123 21
123 36
123 33
123 20
123 28
123 24
123 29
123 25
123 22
123 23
123 26
123 34
123 38
123 18
124 148
124 142
124 134
124 136
124 150
124 135
124 140
124 143
124 138
124 147
124 139
124 151
125 62
125 99
125 143
125 116
125 133
125 103
125 69
125 77
125 111
125 64
125 158
125 84
125 97
125 105
125 149
125 81
125 129
125 144
125 79
125 138
125 98
125 104
125 87
125 160
125 73
125 82
125 91
125 89
125 161
125 120
125 109
125 122
125 63
125 159
125 90
125 94
125 135
125 95
125 65
125 113
125 92
125 108
125 88
125 106
125 76
125 152
125 117
125 153
125 162
125 154
125 83
125 70
125 107
125 102
125 150
125 96
125 164
125 115
125 101
125 85
125 148
125 156
125 61
125 137
125 155
125 147
125 66
125 119
125 100
126 158
126 154
126 162
126 159
126 171
126 163
126 168
126 169
126 165
126 161
126 172
126 166
126 155
126 164
126 151
126 153
127 11
127 14
127 13
127 15
127 5
127 12
127 8
127 16
127 18
127 7
128 112
128 114
128 108
128 115
128 118
128 105
128 104
128 116
128 107
128 120
128 103
128 113
129 85
129 98
129 104
129 96
129 90
129 86
129 102
129 99
129 106
129 100
129 95
129 84
129 105
129 101
130 148
130 144
130 149
130 147
130 152
130 146
130 143
130 142
130 151
131 144
132 176
132 173
132 164
132 170
132 167
132 172
132 174
132 169
132 166
133 104
133 100
133 107
133 105
133 103
134 132
134 124
134 125
134 130
134 136
134 149
134 138
134 151
134 155
134 153
134 129
134 142
134 127
134 152
134 116
134 133
134 118
134 122
134 120
134 123
134 146
134 137
135 85
135 66
135 65
135 68
135 67
135 99
135 90
135 87
135 98
135 60
135 61
135 58
135 89
135 91
135 86
135 78
135 97
135 59
135 57
135 96
135 94
135 73
135 83
135 64
135 63
136 145
136 147
136 149
136 148
136 146
137 123
137 119
137 117
138 80
138 105
138 88
138 84
138 58
138 82
138 76
138 109
138 110
138 71
138 77
138 106
138 73
138 55
138 62
138 101
138 59
138 92
138 68
138 104
138 75
138 70
138 69
138 64
138 94
138 81
138 78
138 85
138 61
138 65
138 91
138 97
138 96
139 115
139 118
139 105
139 110
139 106
139 143
139 133
139 130
139 135
139 122
139 131
139 146
139 121
139 113
139 119
139 144
139 142
139 123
139 104
139 109
139 137
139 138
139 136
139 141
139 145
139 128
139 116
139 108
140 70
140 62
140 53
140 59
140 77
140 68
140 75
140 66
140 72
140 73
140 63
140 76
140 56
140 69
140 74
140 55
140 61
140 67
141 15
141 17
141 9
141 23
141 14
141 24
141 16
141 25
141 12
141 18
142 176
142 150
142 159
142 170
142 157
142 161
142 148
142 164
142 144
142 174
142 173
142 160
142 138
142 162
142 158
142 175
142 171
142 169
142 156
142 167
142 153
142 163
142 172
142 168
142 165
142 154
142 147
143 6
144 89
144 92
144 97
144 91
144 84
144 95
144 100
144 82
144 79
144 94
144 83
144 93
144 88
144 87
144 98
144 78
145 63
145 68
145 50
145 75
145 55
145 59
145 66
145 70
145 58
145 72
145 54
145 64
145 62
145 71
145 65
146 32
146 31
146 33
146 28
146 27
146 26
146 25
146 30
147 63
147 92
147 73
147 51
147 39
147 55
147 48
147 87
147 72
147 99
147 26
147 20
147 74
147 50
147 54
147 32
147 57
147 79
147 76
147 94
147 23
147 78
147 30
147 100
147 62
147 33
147 27
147 58
147 52
147 29
147 31
147 66
147 75
147 86
147 37
147 34
147 56
147 91
147 21
147 81
147 49
147 22
147 65
147 43
147 46
147 35
147 83
147 28
147 47
148 63
148 54
148 58
148 64
148 59
148 55
149 110
149 119
149 127
149 116
149 135
149 97
149 142
149 104
149 155
149 100
149 159
149 117
149 99
149 122
149 162
149 139
149 118
149 98
149 156
149 140
149 114
149 95
149 153
149 129
149 147
149 128
149 161
149 102
149 141
149 111
149 131
149 136
149 126
149 144
149 138
149 158
149 103
149 130
149 137
149 105
149 154
150 78
150 65
150 76
150 74
150 67
150 56
150 77
150 55
150 73
150 47
150 63
150 93
150 120
150 59
150 72
150 50
150 32
150 87
150 30
150 106
150 98
150 38
150 119
150 34
150 28
150 122
150 35
150 111
150 37
150 48
150 85
150 86
150 62
150 115
150 108
150 82
150 118
150 116
150 81
150 107
150 53
150 61
150 49
150 68
150 112
150 40
150 95
150 97
150 109
150 44
150 104
150 96
150 105
150 71
150 26
150 58
150 46
150 121
150 39
150 31
150 36
150 69
150 80
150 84
150 52
150 99
150 110
151 34
151 19
151 9
151 8
151 22
151 20
151 26
151 10
151 18
151 24
151 41
151 35
151 25
151 13
151 37
151 11
151 29
151 27
151 33
151 17
152 172
152 169
152 164
152 171
152 165
154 172
155 74
155 90
155 68
155 78
155 111
155 113
155 114
155 99
155 91
155 109
155 71
155 122
155 82
155 88
155 104
155 118
155 87
155 83
155 67
155 116
155 107
155 110
155 97
155 89
155 86
155 101
155 84
155 121
155 81
155 92
155 96
155 102
155 120
155 80
155 70
155 98
156 123
156 141
156 129
156 132
156 146
156 147
156 153
156 137
156 135
156 145
156 136
156 126
156 161
156 149
156 144
156 152
156 122
156 124
156 160
156 134
156 150
156 148
156 143
156 162
156 155
156 140
157 82
157 78
157 68
157 71
157 67
157 76
157 72
157 75
157 84
158 113
158 100
158 101
158 107
158 112
158 104
158 103
158 106
158 105
158 109
158 102
158 118
158 111
159 175
159 171
159 176
159 173
160 120
161 138
161 97
161 131
161 100
161 105
161 114
161 91
161 140
161 118
161 94
161 144
161 93
161 127
161 136
161 92
161 104
161 108
161 99
161 145
161 124
161 125
161 101
161 96
161 107
161 126
161 139
161 109
161 129
161 111
161 95
161 106
161 132
161 128
161 98
161 123
161 102
161 147
162 94
162 96
162 93
162 103
162 89
162 101
162 92
162 87
162 97
163 71
163 78
163 122
163 99
163 130
163 135
163 128
163 85
163 124
163 123
163 133
163 113
163 57
163 55
163 137
163 73
163 54
163 136
163 127
163 81
163 110
163 56
163 132
163 62
163 98
163 83
163 114
163 88
163 95
163 70
163 75
163 117
163 74
163 61
163 103
163 138
163 104
163 80
163 107
163 58
163 59
163 50
163 102
163 106
163 96
163 63
163 139
163 101
163 105
163 86
163 119
163 126
163 64
163 48
163 79
163 94
163 112
163 121
163 67
164 53
164 48
164 50
164 47
166 142
166 123
166 151
166 150
166 137
166 127
166 164
166 155
166 138
166 146
166 114
166 169
166 135
166 119
166 115
166 157
166 162
166 153
166 117
166 161
166 154
166 125
166 116
166 128
166 148
166 121
166 129
166 163
166 130
166 152
166 165
166 124
166 160
166 136
166 139
166 113
166 140
167 52
167 45
167 43
167 47
167 46
167 53
167 60
167 44
167 65
167 58
167 48
167 54
167 51
167 62
167 63
167 40
167 67
168 115
168 139
168 101
168 105
168 99
168 153
168 95
168 114
168 135
168 144
168 102
168 106
168 108
168 127
168 111
168 143
168 141
168 110
168 133
168 96
168 121
168 97
168 93
168 125
168 142
168 112
168 116
168 107
168 149
168 131
168 130
168 126
168 119
168 151
168 154
168 117
168 94
168 140
168 123
168 104
168 132
169 26
169 67
169 57
169 68
169 71
169 54
169 82
169 46
169 87
169 58
169 16
169 25
169 15
169 53
169 24
169 33
169 76
169 47
169 86
169 60
169 75
169 34
169 36
169 55
169 42
169 66
169 88
169 89
169 19
169 83
169 52
169 63
169 78
169 41
169 38
169 49
169 30
169 17
169 21
169 91
169 81
169 43
169 48
169 77
169 80
169 85
169 44
169 32
169 45
169 62
169 22
169 31
169 35
170 66
170 65
170 68
171 47
171 149
171 126
171 107
171 16
171 22
171 91
171 88
171 66
171 100
171 74
171 116
171 54
171 146
171 105
171 40
171 71
171 81
171 135
171 51
171 41
171 49
171 61
171 130
171 143
171 63
171 76
171 138
171 131
171 50
171 140
171 114
171 85
171 89
171 68
171 37
171 96
171 21
171 45
171 118
171 103
171 153
171 109
171 112
171 31
171 104
171 106
171 84
171 125
171 86
171 69
171 155
171 151
171 38
171 123
171 64
171 30
171 77
171 134
171 46
171 99
171 111
171 59
171 57
171 133
171 90
171 147
171 25
171 128
171 145
171 120
171 148
171 70
171 79
171 18
171 65
171 19
171 95
171 53
171 98
171 152
171 127
171 67
171 34
171 141
171 108
171 150
171 93
171 33
171 48
171 42
171 156
171 132
172 126
172 114
172 109
172 101
172 143
172 117
172 82
172 88
172 135
172 94
172 83
172 134
172 108
172 102
172 128
172 103
172 140
172 144
172 81
172 123
172 99
172 86
172 95
172 87
172 138
172 137
172 133
172 122
172 115
172 98
172 85
172 119
172 90
172 110
172 93
172 97
172 124
172 112
172 92
172 139
173 177
173 176
174 67
174 101
174 100
174 88
174 92
174 87
174 90
174 94
174 75
174 99
174 81
174 105
174 76
174 111
174 66
174 62
174 96
174 110
174 73
174 83
174 80
174 112
174 68
174 78
174 86
174 95
174 64
174 74
174 106
174 98
174 103
174 65
174 79
174 102
174 97
174 108
175 107
175 149
175 134
175 121
175 52
175 41
175 95
175 86
175 42
175 158
175 77
175 98
175 97
175 150
175 141
175 117
175 71
175 125
175 122
175 48
175 59
175 99
175 58
175 54
175 105
175 56
175 96
175 112
175 60
175 53
175 69
175 103
175 135
175 100
175 151
175 44
175 156
175 43
175 72
175 94
175 91
175 102
175 128
175 126
175 49
175 131
175 83
175 109
175 152
175 148
175 133
175 70
175 88
175 87
175 51
175 145
175 85
175 154
175 47
175 81
175 136
175 147
175 68
175 62
175 157
175 80
175 84
175 74
175 139
175 120
175 106
175 111
175 118
175 123
175 63
175 130
176 148
176 165
176 167
176 166
176 147
176 151
176 150
176 160
176 157
176 154
176 163
176 164
177 163
177 165
177 169
177 174
177 168
177 172
177 173
177 167
177 171
178 147
178 128
178 130
178 131
178 150
178 132
178 145
178 137
178 136
178 144
178 141
178 138
178 142
178 127
178 134
178 139
178 133
179 168
179 151
179 149
179 154
179 170
179 155
179 163
179 134
179 141
179 171
179 150
179 166
179 153
179 143
179 165
179 139
179 135
179 167
179 142
179 162
179 156
179 145
179 160
179 158
179 147
180 170
180 169
180 172
1 28
1 30
1 24
1 32
1 40
1 31
1 29
1 19
1 21
1 27
1 39
1 36
1 41
1 22
1 20
2 133
2 139
2 168
2 142
2 143
2 141
2 145
2 156
2 154
2 136
2 144
2 128
2 131
2 167
2 165
2 155
2 147
2 138
3 158
3 153
3 105
3 157
3 127
3 125
3 95
3 139
3 169
3 130
3 118
3 149
3 172
3 134
3 135
3 141
3 159
3 123
3 168
3 170
3 103
3 152
3 164
3 124
3 91
3 126
3 140
3 151
3 144
3 109
3 165
3 137
3 143
3 160
3 90
3 128
3 138
3 102
3 114
4 133
4 130
4 150
4 119
4 139
4 124
4 116
4 129
4 132
4 141
4 121
4 135
4 142
4 118
4 113
4 137
4 140
4 112
4 131
4 111
4 134
4 148
4 144
4 117
4 122
4 136
5 104
5 81
5 85
5 105
5 101
5 111
5 92
5 91
5 103
5 90
5 95
5 100
5 97
5 83
5 87
5 108
5 88
5 93
5 106
6 82
6 81
6 84
7 152
7 145
7 151
7 120
7 140
7 150
7 153
7 134
7 135
7 158
7 122
7 128
7 136
7 146
7 142
7 154
7 147
7 156
7 149
7 126
7 132
7 144
7 148
7 139
7 131
8 97
8 99
8 96
8 124
8 127
8 128
8 98
8 104
8 121
8 111
8 101
8 129
8 102
8 95
8 123
8 105
8 94
9 90
9 125
9 158
9 85
9 138
9 154
9 137
9 160
9 103
9 80
9 164
9 134
9 96
9 98
9 170
9 157
9 88
9 172
9 124
9 84
9 92
9 146
9 123
9 116
9 78
9 150
9 102
9 126
9 167
9 133
9 141
9 142
9 119
9 76
9 127
9 166
9 152
9 75
9 89
9 171
9 114
9 117
9 115
9 120
9 118
9 140
9 130
9 131
9 83
9 108
9 129
9 109
9 153
9 97
9 128
9 111
9 100
9 156
9 113
9 165
9 81
9 155
10 148
10 138
10 127
10 133
10 134
10 114
10 139
10 131
10 153
10 120
10 149
10 110
10 121
10 117
10 124
10 136
10 132
10 115
10 119
10 126
10 112
10 122
11 30
12 49
12 53
12 25
12 73
12 35
12 46
12 24
12 55
12 76
12 40
12 26
12 47
12 42
12 57
12 72
12 32
12 29
12 75
12 44
12 50
12 52
12 36
12 31
12 61
12 64
12 66
12 28
12 68
12 38
12 77
12 33
13 165
13 169
13 166
13 170
13 161
14 118
14 132
14 120
14 122
14 114
14 109
14 131
14 130
14 126
14 121
14 110
14 128
14 127
14 119
15 168
15 122
15 92
15 84
15 78
15 123
15 75
15 72
15 87
15 163
15 171
15 170
15 108
15 105
15 116
15 125
15 120
15 89
15 97
15 101
15 80
15 94
15 90
15 124
15 165
15 118
15 153
15 83
15 126
15 157
15 113
15 162
15 71
15 93
15 115
15 132
15 154
15 107
15 96
15 102
15 173
15 98
15 164
15 169
15 151
15 140
15 95
15 158
15 119
15 117
15 114
15 104
15 82
15 131
15 152
15 103
16 32
16 27
16 29
16 28
16 26
17 135
17 164
17 137
17 144
17 156
17 131
17 123
17 157
17 162
17 139
17 149
17 124
17 129
17 163
17 154
17 126
17 132
17 133
17 141
17 138
17 155
17 136
17 127
17 142
17 147
17 158
17 143
18 171
18 168
18 172
18 178
18 174
18 169
18 173
19 168
19 166
19 165
19 164
19 163
20 85
20 69
20 75
20 26
20 86
20 78
20 64
20 66
20 39
20 134
20 142
20 99
20 41
20 72
20 98
20 48
20 91
20 119
20 125
20 67
20 74
20 101
20 35
20 52
20 145
20 65
20 71
20 83
20 131
20 36
20 53
20 147
20 54
20 58
20 84
20 50
20 95
20 51
20 38
20 82
20 100
20 45
20 27
20 124
20 138
20 146
20 40
20 104
20 73
20 89
20 130
20 88
20 61
20 46
20 56
20 106
20 55
20 63
20 62
21 108
21 115
21 119
21 112
21 122
22 105
22 65
22 131
22 75
22 125
22 77
22 152
22 61
22 148
22 57
22 97
22 84
22 96
22 60
22 64
22 126
22 150
22 112
22 109
22 98
22 62
22 128
22 66
22 100
22 58
22 83
22 129
22 88
22 70
22 113
22 107
22 117
22 92
22 74
22 78
22 106
22 80
22 140
22 103
22 85
22 76
22 132
22 59
22 141
22 71
22 90
22 110
22 153
22 115
22 108
22 82
22 79
22 91
22 127
22 95
23 152
23 130
23 167
23 163
23 138
23 135
23 132
23 159
23 166
23 171
23 170
23 139
23 131
23 147
23 134
23 161
23 153
23 157
23 156
23 128
23 151
23 158
24 169
24 170
24 166
24 171
24 175
24 163
24 172
24 174
24 164
25 22
25 23
25 14
25 39
25 46
25 15
25 57
25 51
25 59
25 32
25 52
25 11
25 35
25 41
25 7
25 60
25 42
25 28
25 54
25 50
25 27
25 44
25 24
25 61
25 34
25 53
25 6
25 36
25 56
25 49
25 13
25 21
25 38
26 48
26 22
26 29
26 56
26 31
26 61
26 47
26 23
26 32
26 38
26 52
26 30
26 40
26 37
26 39
26 41
26 54
26 33
26 43
26 67
26 21
26 58
26 42
26 64
26 24
26 34
27 157
27 155
27 164
27 158
27 152
27 161
27 160
27 156
27 163
28 46
28 39
28 49
28 43
28 37
28 41
28 47
28 45
28 50
28 52
28 51
28 38
29 162
29 156
29 157
29 160
29 159
30 128
30 136
30 122
30 148
30 112
30 110
30 127
30 130
30 125
30 115
30 139
30 149
30 123
30 117
30 134
30 131
30 114
30 129
30 121
30 133
30 150
30 141
30 135
30 142
30 124
30 147
31 110
33 163
33 165
33 166
33 148
33 155
33 147
33 157
33 146
33 144
33 150
33 152
33 154
33 145
34 84
34 89
34 104
34 158
34 90
34 173
34 67
34 39
34 23
34 122
34 20
34 27
34 32
34 140
34 58
34 59
34 105
34 164
34 51
34 57
34 110
34 139
34 147
34 43
34 96
34 102
34 141
34 25
34 148
34 114
34 42
34 54
34 71
34 61
34 29
34 38
34 45
34 81
34 94
34 166
34 136
34 115
34 33
34 56
34 145
34 48
34 123
34 62
34 80
34 98
34 44
34 85
34 73
34 162
34 160
34 151
34 150
34 77
34 87
34 21
34 113
34 75
34 26
34 155
34 37
34 106
34 82
34 74
34 161
34 109
34 99
34 124
34 120
34 137
34 83
34 103
34 142
34 63
34 79
34 107
34 28
34 111
34 127
34 118
34 154
34 126
34 138
34 149
34 144
34 129
34 46
35 151
35 157
35 158
35 160
35 153
35 163
35 154
35 159
35 155
35 164
35 161
36 148
36 136
36 150
36 162
36 160
36 155
36 165
36 144
36 121
36 168
36 151
36 135
36 171
36 164
36 153
36 161
36 146
36 113
36 156
36 147
36 128
36 166
36 152
37 118
37 103
37 102
37 106
37 108
37 100
37 111
37 112
37 115
37 97
37 94
37 101
37 114
37 105
37 96
37 104
37 98
37 117
37 119
38 156
38 157
38 177
38 160
38 158
38 167
38 162
38 166
38 172
38 173
38 170
38 171
40 47
40 45
40 49
40 51
40 56
40 42
40 61
40 58
40 44
40 60
40 46
41 154
41 158
41 150
41 156
41 153
41 159
41 146
41 160
41 157
41 147
41 163
42 142
42 141
43 152
43 144
43 146
43 140
43 139
43 156
43 155
43 150
43 151
43 153
43 157
44 138
45 128
45 126
45 121
45 118
45 114
45 129
45 120
45 137
45 122
45 115
45 135
45 125
45 138
45 132
45 117
45 124
45 127
45 116
45 108
45 105
45 110
45 109
45 130
46 176
46 172
46 171
46 179
46 174
47 117
47 104
47 86
47 103
47 108
47 80
47 94
47 116
47 93
47 118
47 89
47 88
47 96
47 75
47 73
47 124
47 111
47 122
47 127
47 92
47 132
47 72
47 126
47 87
47 119
47 99
47 106
47 91
47 121
47 128
47 105
47 131
47 112
47 125
47 115
47 101
47 120
47 97
47 71
47 83
48 51
48 63
48 46
48 73
48 52
48 65
48 58
48 72
48 71
48 61
48 45
48 75
48 60
48 44
48 69
48 50
48 81
48 80
48 78
48 77
48 56
48 59
48 64
49 68
49 88
49 65
49 145
49 90
49 135
49 129
49 127
49 112
49 128
49 140
49 141
49 144
49 123
49 99
49 146
49 69
49 136
49 125
49 108
49 133
49 137
49 61
49 124
49 104
49 139
50 165
50 152
50 164
50 158
50 159
50 150
50 162
50 161
50 170
50 169
50 154
50 147
50 143
50 173
50 163
50 177
50 142
50 175
50 157
50 160
50 151
50 144
50 155
51 73
51 75
51 69
51 61
51 63
52 111
52 132
52 104
52 123
52 118
52 124
52 112
52 134
52 142
52 139
52 147
52 126
52 128
52 116
52 110
52 105
52 140
52 144
52 146
52 108
52 137
52 109
52 135
52 136
52 121
52 129
52 153
52 133
52 130
52 152
52 106
52 154
52 115
53 96
53 79
53 91
53 64
53 97
53 107
53 77
53 130
53 123
53 61
53 59
53 104
53 87
53 92
53 127
53 58
53 121
53 126
53 56
53 72
53 98
53 93
53 57
53 113
53 100
53 55
53 112
53 115
53 85
53 103
53 69
53 120
53 136
53 109
53 125
53 81
53 63
53 70
53 83
53 131
53 94
53 108
53 124
53 114
53 76
53 132
53 101
53 140
53 95
53 90
53 118
53 89
53 88
53 138
53 52
53 137
53 99
54 170
54 169
54 163
54 166
54 165
54 173
54 171
54 174
54 164
54 167
54 176
54 175
54 172
54 161
55 142
55 148
55 150
55 152
55 147
55 149
55 146
55 141
56 151
56 149
57 51
57 50
57 48
59 96
59 91
59 94
59 83
59 87
59 84
59 93
59 92
59 95
59 90
60 32
60 34
60 37
60 31
60 35
61 174
61 178
61 175
61 169
61 170
63 57
63 48
63 51
63 52
63 58
63 54
63 53
63 61
63 59
63 46
64 164
64 166
65 127
65 111
65 113
65 96
65 115
65 116
65 91
65 94
65 123
65 93
65 120
65 114
65 121
65 92
65 112
65 110
65 118
66 62
66 63
66 69
66 64
66 60
66 59
66 65
66 72
66 71
66 61
67 62
67 32
67 39
67 13
67 31
67 54
67 14
67 18
67 42
67 28
67 52
67 72
67 58
67 63
67 56
67 15
67 34
67 22
67 65
67 59
67 21
67 66
67 24
67 71
67 35
67 30
67 37
67 45
67 10
67 38
67 49
67 48
67 73
67 47
67 26
67 33
67 53
67 9
67 17
67 19
68 64
68 70
68 57
68 66
68 61
68 51
68 60
68 74
68 67
68 59
68 58
69 121
69 120
69 113
69 111
69 117
69 123
69 125
69 118
69 112
70 104
70 9
70 84
70 48
70 74
70 20
70 45
70 21
70 4
70 97
70 103
70 79
70 8
70 37
70 100
70 56
70 10
70 61
70 43
70 94
70 12
70 92
70 68
70 7
70 95
70 44
70 29
70 96
70 73
70 39
70 3
70 11
70 32
70 19
70 66
70 87
70 24
71 56
71 45
71 27
71 38
71 52
71 33
71 43
71 26
71 63
71 46
71 47
71 68
71 53
71 24
71 12
71 30
71 39
71 16
71 37
71 40
71 44
71 69
71 22
71 9
71 57
71 19
71 36
71 31
71 13
71 55
71 29
71 17
71 50
71 28
71 11
71 23
72 50
72 48
72 60
72 63
72 52
72 59
72 61
72 55
72 51
73 149
74 131
74 130
74 122
74 132
74 125
74 136
74 127
74 135
74 120
74 124
74 140
74 119
74 129
74 121
74 134
74 126
75 52
75 78
75 31
75 72
75 32
75 73
75 43
75 59
75 57
75 54
75 46
75 47
75 50
75 40
75 62
75 67
75 60
75 42
75 66
75 36
75 27
75 69
75 80
75 64
75 38
75 71
75 77
75 48
75 34
75 28
75 65
76 44
76 115
76 50
76 65
76 136
76 85
76 53
76 110
76 60
76 112
76 79
76 83
76 72
76 88
76 84
76 146
76 62
76 89
76 106
76 90
76 119
76 135
76 142
76 23
76 128
76 40
76 144
76 73
76 147
76 118
76 103
76 97
76 75
76 7
76 54
76 34
76 104
76 129
76 48
76 124
76 102
76 55
76 82
76 68
76 87
76 46
76 58
76 56
76 21
76 122
76 70
76 57
76 92
76 20
76 130
76 105
76 37
76 141
76 19
76 52
76 10
76 86
76 149
76 148
76 16
76 27
76 61
76 36
76 98
76 101
76 8
76 127
76 140
76 47
76 138
76 18
76 80
76 32
76 13
76 64
76 131
76 24
76 35
76 132
76 117
76 12
76 145
76 63
76 137
76 51
76 30
77 169
77 172
77 176
77 173
77 174
77 175
78 174
78 163
78 169
78 162
78 154
78 155
78 173
78 176
78 159
78 156
79 162
80 151
80 148
80 149
80 154
80 152
80 160
80 163
80 153
80 162
80 147
80 157
81 42
81 46
81 85
81 7
81 8
81 53
81 79
81 78
81 101
81 16
81 58
81 92
81 47
81 34
81 33
81 13
81 48
81 99
81 31
81 20
81 21
81 51
81 87
81 113
81 119
81 91
81 89
81 52
81 67
81 96
81 114
81 19
81 77
81 106
81 27
81 72
81 26
81 70
81 103
81 28
81 108
81 54
81 39
81 65
81 118
81 30
81 50
81 104
81 83
81 25
81 35
81 14
81 121
81 60
81 38
81 95
81 68
81 49
81 43
81 64
81 17
81 94
81 88
81 22
81 62
81 107
81 11
81 80
81 105
81 56
81 109
81 74
81 29
82 28
82 30
82 20
82 26
82 23
82 22
82 21
82 24
82 25
83 87
83 68
83 60
83 91
83 64
83 13
83 50
83 75
83 78
83 85
83 73
83 24
83 53
83 45
83 116
83 65
83 104
83 32
83 80
83 48
83 41
83 108
83 11
83 112
83 28
83 59
83 117
83 62
83 105
83 95
83 70
83 57
83 26
83 119
83 4
83 17
83 121
83 37
83 67
83 39
83 56
83 126
83 122
83 88
83 46
83 5
83 103
83 30
83 47
83 92
83 124
83 97
83 15
83 34
83 76
83 118
83 7
83 115
83 81
83 19
83 96
83 51
83 114
83 99
83 20
83 42
83 16
83 27
83 90
83 18
83 58
85 114
85 112
86 50
86 38
86 44
86 34
86 48
86 55
86 58
86 53
86 37
86 35
86 39
86 51
86 46
87 82
87 71
87 55
87 54
87 67
87 84
87 98
87 90
87 77
87 56
87 124
87 94
87 70
87 107
87 108
87 110
87 103
87 100
87 58
87 101
87 99
87 91
87 86
87 75
87 119
87 104
87 74
87 49
87 73
87 60
87 64
87 114
87 63
87 69
87 116
87 117
87 95
87 68
87 62
87 113
87 50
87 120
87 66
87 76
87 97
87 123
87 102
87 83
87 65
87 53
87 78
87 72
88 91
88 109
88 117
88 106
88 110
88 86
88 120
88 93
88 92
88 108
88 121
88 96
88 104
88 95
88 119
88 90
88 112
88 98
89 71
89 68
89 24
89 41
89 19
89 65
89 59
89 51
89 81
89 72
89 42
89 50
89 28
89 87
89 37
89 102
89 75
89 114
89 34
89 79
89 40
89 31
89 105
89 97
89 20
89 57
89 38
89 77
89 101
89 39
89 25
89 23
89 44
89 35
89 82
89 80
89 73
89 62
89 33
89 104
89 22
89 30
89 76
89 70
89 108
89 96
89 106
89 111
89 54
89 86
89 29
89 99
89 56
89 98
89 109
89 64
89 48
89 55
89 85
90 61
90 69
90 71
90 82
90 49
90 68
90 58
90 78
90 47
90 59
90 76
90 65
90 83
90 52
90 80
90 46
90 72
90 84
90 53
90 64
90 54
90 57
90 60
90 51
90 85
90 66
90 81
91 122
91 104
91 97
91 137
91 139
91 111
91 105
91 136
91 151
91 110
91 103
91 145
91 135
91 101
91 144
91 129
91 107
91 148
91 138
91 134
91 150
91 108
91 98
91 140
91 147
91 152
91 116
92 166
92 169
92 172
92 167
93 92
93 54
93 63
93 74
93 96
93 81
93 79
93 62
93 83
93 89
93 65
93 59
93 90
93 86
93 78
93 75
93 57
93 80
93 73
93 98
93 84
93 101
93 67
93 61
93 55
93 70
93 53
93 91
93 64
93 82
93 95
93 99
93 77
94 72
94 73
94 63
94 93
94 67
94 81
94 88
94 97
94 85
94 96
94 80
94 89
94 66
94 71
94 64
94 86
94 87
94 76
94 84
94 92
94 75
95 15
95 13
96 70
96 61
96 64
96 59
96 53
96 50
96 49
96 87
96 95
96 51
96 81
96 79
97 127
97 128
97 125
97 124
98 114
98 109
98 120
98 113
98 116
98 112
98 118
98 115
99 135
99 85
99 80
99 106
99 118
99 81
99 95
99 132
99 90
99 84
99 128
99 146
99 127
99 87
99 144
99 112
99 114
99 147
99 123
99 154
99 124
99 121
100 179
101 169
101 163
101 167
101 171
101 164
101 172
101 176
101 178
101 173
101 177
101 170
102 180
103 26
103 35
103 46
103 59
103 33
103 55
103 38
103 56
103 36
103 44
103 37
103 29
103 34
103 54
103 57
103 43
103 32
103 27
103 39
103 51
104 76
104 69
104 72
104 62
104 75
104 64
104 56
104 59
104 63
104 60
104 71
105 102
105 117
105 116
105 111
105 119
105 118
105 123
105 114
105 110
105 100
105 115
105 112
105 99
105 113
106 130
106 125
106 123
106 127
106 131
106 122
107 113
107 120
107 114
107 130
107 123
107 125
107 122
107 121
107 117
107 115
107 128
107 119
108 75
108 76
109 74
109 73
109 72
109 76
110 102
110 95
110 112
110 105
110 115
110 101
110 108
110 98
110 113
110 114
110 107
110 99
110 97
110 93
110 100
111 13
111 15
111 11
111 9
111 8
112 102
112 155
112 150
112 27
112 111
112 151
112 51
112 32
112 99
112 159
112 23
112 54
112 64
112 103
112 87
112 88
112 98
112 22
112 37
112 59
112 35
112 153
112 53
112 62
112 39
112 29
112 116
112 75
112 85
112 100
112 148
112 46
112 145
112 110
112 77
112 147
112 97
112 105
112 26
112 25
112 94
112 84
112 72
112 34
112 162
112 90
112 91
112 95
112 79
112 86
112 114
112 131
112 122
112 70
112 160
112 108
112 61
112 93
112 106
112 41
112 158
112 74
112 80
112 33
112 67
112 83
112 57
112 31
112 66
112 45
112 63
112 109
112 40
112 30
112 152
112 161
112 78
112 56
113 162
113 158
113 163
113 165
113 156
113 164
113 153
113 166
113 150
114 157
114 169
114 167
114 161
114 158
114 165
114 151
114 153
114 163
114 166
114 162
114 154
114 156
114 152
114 164
115 120
115 98
115 91
115 112
115 50
115 100
115 97
115 64
115 44
115 58
115 95
115 117
115 80
115 56
115 55
115 39
115 71
115 48
115 75
115 93
115 53
115 107
115 82
115 66
115 109
115 99
115 121
115 57
115 68
115 111
115 94
115 77
115 110
115 102
115 49
115 124
115 73
115 106
115 123
115 61
115 79
115 41
115 84
115 51
115 119
115 113
115 43
115 78
115 72
115 67
115 52
115 105
115 59
115 81
115 85
115 74
115 89
115 47
116 114
116 119
116 128
116 105
116 147
116 112
116 118
116 108
116 146
116 138
116 148
116 111
116 113
116 127
116 131
116 106
116 145
117 140
117 144
117 142
117 141
118 22
119 15
119 17
119 18
119 16
119 13
119 19
120 21
120 19
121 150
121 140
121 93
121 76
121 60
121 66
121 87
121 139
121 51
121 47
121 55
121 41
121 88
121 123
121 58
121 142
121 105
121 117
121 147
121 49
121 75
121 69
121 152
121 48
121 148
121 154
121 92
121 57
121 143
121 37
121 138
121 137
121 52
121 131
121 98
121 82
121 100
121 36
121 59
121 149
121 39
121 83
121 43
121 153
121 42
121 94
121 80
122 8
122 7
122 11
122 6
123 93
123 88
123 92
123 84
123 90
123 87
123 94
123 85
124 89
124 84
124 87
124 91
124 108
124 119
124 111
124 104
124 72
124 115
124 65
124 62
124 66
124 95
124 86
124 132
124 92
124 116
124 88
124 122
124 121
124 129
124 82
124 109
124 94
124 76
124 106
124 97
124 118
124 69
124 75
124 85
124 123
124 67
124 127
124 64
124 105
124 96
124 83
124 79
124 113
124 112
124 114
124 110
124 74
125 170
125 175
125 166
125 176
125 157
125 173
125 179
125 151
125 177
125 163
125 171
125 180
126 148
126 149
127 39
127 27
127 42
127 29
127 32
127 35
127 24
127 19
127 40
127 26
127 31
127 37
127 9
127 17
127 21
127 25
127 20
127 10
127 38
127 33
127 36
128 82
128 58
128 49
128 91
128 57
128 76
128 77
128 31
128 64
128 35
128 65
128 83
128 102
128 44
128 74
128 96
128 90
128 86
128 72
128 37
128 95
128 46
128 62
128 54
128 100
128 51
128 80
128 42
128 106
128 50
128 71
128 94
128 88
128 39
128 41
128 68
128 55
128 36
128 85
128 66
128 75
128 59
128 45
128 87
128 79
128 60
128 40
128 67
128 84
128 101
128 32
128 92
128 99
128 81
129 66
129 40
129 83
129 76
129 17
129 57
129 87
129 46
129 36
129 56
129 32
129 28
129 62
129 81
129 45
129 35
129 80
129 18
129 63
129 24
129 49
129 43
129 74
129 68
129 44
129 38
129 47
129 82
129 51
129 55
129 48
129 27
129 64
129 71
129 72
129 19
129 21
129 25
129 78
129 23
129 37
129 33
129 29
129 73
129 75
130 162
130 160
130 145
130 139
130 155
130 136
130 140
130 165
130 161
130 150
130 163
130 154
131 154
131 164
131 165
131 127
131 120
131 126
131 152
131 134
131 124
131 123
131 159
131 114
131 145
131 104
131 116
131 153
131 166
131 139
131 115
131 113
131 160
131 161
131 119
131 158
131 142
131 169
131 111
131 146
131 168
131 125
131 106
131 141
131 107
131 148
131 163
131 149
131 118
131 121
131 147
131 167
131 122
131 110
131 138
132 5
132 7
132 4
132 8
133 42
133 46
133 41
133 45
133 36
133 40
133 56
133 49
133 52
133 50
133 39
133 44
133 51
133 48
133 37
134 175
135 150
135 148
135 154
135 149
135 155
135 156
136 160
136 164
136 165
136 161
136 167
136 166
137 100
137 48
137 68
137 46
137 82
137 75
137 88
137 102
137 77
137 110
137 78
137 53
137 54
137 56
137 59
137 61
137 96
137 115
137 113
137 89
137 81
137 121
137 107
137 112
137 66
137 93
137 97
137 105
137 79
137 104
137 65
137 95
137 69
137 71
137 74
137 45
137 72
137 42
137 108
137 84
137 43
137 98
137 120
137 103
137 87
137 55
137 91
137 62
137 86
137 92
137 67
137 80
137 52
138 83
138 74
138 89
138 95
138 90
138 108
138 99
138 100
138 102
138 103
139 117
139 153
139 107
139 112
139 103
139 148
139 152
139 147
139 157
139 151
139 156
139 165
139 129
139 163
139 149
139 132
139 126
139 127
139 167
139 166
139 111
139 164
139 161
139 160
140 148
140 142
140 129
140 133
140 114
140 132
140 121
140 126
140 124
140 125
140 115
140 120
140 149
140 137
140 112
140 131
140 139
140 134
140 116
140 135
140 145
140 144
141 30
141 64
141 47
141 71
141 60
141 27
141 29
141 43
141 21
141 63
141 58
141 37
141 68
141 44
141 38
141 73
141 75
141 57
141 70
141 35
141 34
141 26
141 41
141 56
141 42
141 20
141 31
141 69
141 45
141 54
141 74
141 67
141 50
142 18
142 32
142 23
142 11
142 35
142 45
142 42
142 10
142 27
142 22
142 39
142 19
142 36
142 46
142 17
142 12
142 34
142 15
142 30
142 26
142 41
142 13
143 112
144 163
145 108
145 116
145 103
145 114
145 100
145 106
145 122
145 118
145 107
145 101
145 105
145 119
145 117
145 111
145 120
145 104
145 99
145 102
145 121
146 169
146 173
146 168
146 167
146 172
146 174
147 77
147 64
147 61
147 93
147 19
147 40
147 38
147 24
147 36
147 41
147 69
147 67
147 70
147 16
147 60
147 42
147 71
147 53
147 59
148 180
148 176
148 179
149 167
149 174
149 166
149 175
149 171
150 91
150 79
150 92
150 41
150 88
150 66
150 70
150 29
150 33
150 102
150 101
150 45
150 60
150 103
150 42
150 75
150 51
151 102
151 31
151 104
151 126
151 129
151 44
151 36
151 109
151 80
151 64
151 119
151 47
151 92
151 54
151 58
151 128
151 61
151 30
151 38
151 16
151 96
151 105
151 60
151 76
151 124
151 23
151 134
151 32
151 103
151 69
151 127
151 7
151 135
151 98
151 40
151 123
151 130
151 68
151 75
151 136
151 99
151 59
151 63
151 71
151 106
151 89
151 28
151 114
151 78
151 46
151 87
151 4
151 50
151 65
151 137
151 51
151 131
151 97
151 122
151 133
151 118
151 101
151 108
151 94
151 82
151 2
151 21
151 70
151 100
151 72
151 117
151 132
151 107
151 53
152 20
152 67
152 49
152 52
152 60
152 61
152 42
152 35
152 40
152 45
152 29
152 39
152 65
152 25
152 22
152 44
152 64
152 50
152 33
152 38
152 28
152 62
152 46
152 21
152 66
152 59
152 43
152 63
152 24
152 18
152 32
153 81
153 114
153 122
153 95
153 112
153 73
153 101
153 111
153 79
153 52
153 47
153 97
153 113
153 63
153 96
153 60
153 82
153 120
153 108
153 117
153 88
153 78
153 105
153 70
153 80
153 116
153 83
153 46
153 94
153 87
153 84
153 86
153 50
153 67
153 45
153 49
153 125
153 54
153 44
153 93
153 56
153 57
153 68
153 110
153 61
153 53
153 106
153 104
153 92
154 98
154 139
154 112
154 85
154 144
154 107
154 118
154 124
154 140
154 119
154 94
154 100
154 113
154 126
154 75
154 70
154 141
154 138
154 137
154 104
154 69
154 95
154 96
154 97
154 84
154 142
154 73
154 80
154 116
154 82
154 91
154 132
154 79
154 147
154 86
154 74
154 134
154 76
154 72
154 125
154 146
154 68
154 108
154 121
154 93
154 87
154 71
154 102
154 145
155 13
155 17
155 15
156 55
156 29
156 21
156 26
156 11
156 61
156 24
156 22
156 46
156 16
156 50
156 36
156 35
156 20
156 43
156 58
156 45
156 57
156 52
156 17
156 67
156 47
156 41
156 25
156 31
156 18
156 62
156 51
156 38
156 32
156 63
156 13
156 19
156 23
156 12
156 49
156 53
156 28
157 101
157 104
157 96
157 102
157 97
157 98
157 105
158 165
158 161
158 164
159 67
159 61
159 69
159 64
159 66
160 108
160 109
160 141
160 133
160 110
160 115
160 129
160 136
160 123
160 135
160 116
160 124
160 137
160 118
160 132
160 140
160 138
160 119
160 143
160 139
160 121
160 122
160 112
161 78
161 80
161 76
161 84
161 83
161 73
161 77
161 72
161 75
162 102
162 133
162 174
162 137
162 144
162 110
162 123
162 148
162 166
162 113
162 109
162 161
162 136
162 128
162 173
162 155
162 149
162 178
162 91
162 98
162 180
162 152
162 153
162 150
162 170
162 132
162 143
162 106
162 169
162 129
162 105
162 108
162 156
162 112
162 125
162 165
162 145
162 164
162 116
162 115
162 99
162 157
162 146
162 141
162 118
162 120
162 160
162 159
162 104
162 111
162 88
162 177
162 175
163 68
163 76
164 89
164 134
164 99
164 137
164 118
164 105
164 146
164 123
164 77
164 76
164 111
164 102
164 109
164 128
164 155
164 122
164 112
164 107
164 104
164 117
164 85
164 86
164 114
164 147
164 94
164 133
164 138
164 152
164 74
164 101
164 135
164 144
164 80
164 79
164 83
164 154
164 81
164 130
164 148
164 91
164 140
164 93
164 125
164 103
164 145
164 129
165 100
165 111
165 110
165 105
165 103
165 113
165 106
165 102
165 107
166 175
167 37
167 35
167 17
167 21
167 31
167 33
167 64
167 56
167 28
167 14
167 36
167 27
167 18
167 55
167 23
167 57
167 38
167 22
167 16
167 49
167 19
167 50
168 176
168 173
168 174
168 171
168 175
169 142
169 111
169 84
169 127
169 153
169 107
169 144
169 129
169 122
169 154
169 137
169 141
169 128
169 120
169 131
169 117
169 152
169 79
169 115
169 114
169 136
169 146
169 149
169 130
169 113
169 116
169 139
169 97
169 101
169 110
169 140
169 90
169 138
169 104
169 112
169 105
169 123
169 121
169 106
169 150
169 143
172 149
172 142
172 152
172 156
172 155
172 146
172 147
172 148
172 154
173 131
173 127
173 128
175 82
175 79
175 75
175 89
175 108
175 92
176 144
177 141
177 151
177 125
177 158
177 122
177 146
177 135
177 124
177 164
177 170
177 127
177 157
177 140
177 149
177 166
177 160
177 147
177 159
177 142
177 139
177 131
177 150
177 161
177 138
178 107
178 101
178 102
178 103
178 104
178 99
179 120
179 82
179 73
179 75
179 109
179 71
179 116
179 128
179 127
179 74
179 107
179 125
179 133
179 119
179 95
179 102
179 96
179 138
179 99
179 111
179 126
179 86
179 101
179 132
179 157
179 84
179 174
179 152
179 118
179 146
179 90
179 117
179 121
179 80
179 77
179 78
179 112
179 91
179 161
179 110
179 68
179 89
179 87
179 144
179 70
179 148
179 169
179 72
179 79
179 85
179 93
179 140
179 97
179 100
179 164
180 65
180 61
180 60
180 58
180 64
180 59
1 66
1 93
1 92
1 62
1 90
1 85
1 56
1 74
1 55
1 60
1 80
1 71
1 68
1 50
1 91
1 72
1 57
1 64
1 58
1 78
1 77
1 86
1 73
1 69
1 89
1 54
1 59
1 82
1 51
1 63
1 76
1 87
2 132
2 127
3 23
3 46
3 44
3 19
3 39
3 32
3 48
3 28
3 45
3 30
3 25
3 47
3 33
3 36
3 43
3 34
3 17
3 22
3 40
4 143
4 156
4 109
4 110
4 147
4 152
4 128
4 145
4 103
4 123
4 149
4 126
4 107
4 108
4 154
4 115
5 67
5 73
5 86
5 84
5 59
5 74
5 60
5 58
5 82
5 80
5 78
5 75
5 64
5 68
5 61
5 89
5 55
5 56
5 77
5 76
5 65
5 52
6 63
6 67
6 80
6 107
6 94
6 106
6 70
6 68
6 109
6 115
6 69
6 77
6 116
6 65
6 96
6 83
6 90
6 60
6 108
6 73
6 114
6 97
6 91
6 87
6 117
6 112
6 92
7 94
7 96
8 103
8 108
8 106
9 53
9 43
9 74
9 19
9 107
9 68
9 62
9 58
9 110
9 61
9 44
9 67
9 33
9 40
9 105
9 99
9 79
9 48
9 59
9 42
9 121
9 122
9 104
9 29
9 46
9 30
9 55
9 57
9 26
9 17
9 91
9 34
9 71
9 54
9 23
9 38
9 20
9 37
9 112
9 56
9 49
9 15
9 77
9 69
9 24
9 63
9 31
9 51
9 60
10 87
10 137
10 113
10 84
10 82
10 98
10 108
10 91
10 105
10 102
10 92
10 144
10 86
10 125
10 107
10 116
10 109
10 94
10 95
10 93
10 83
10 106
10 103
10 118
10 100
10 130
10 123
10 135
10 90
11 96
11 97
12 125
12 132
13 174
13 175
13 172
13 176
13 177
15 63
15 67
15 69
15 70
15 64
15 66
15 65
15 73
16 6
16 51
16 98
16 101
16 63
16 42
16 36
16 60
16 50
16 106
16 76
16 18
16 21
16 23
16 71
16 67
16 120
16 1
16 61
16 134
16 102
16 40
16 14
16 100
16 110
16 126
16 34
16 91
16 74
16 54
16 116
16 114
16 44
16 94
16 108
16 99
16 70
16 129
16 65
16 41
16 95
16 66
16 104
16 43
16 105
16 127
16 123
16 4
16 86
16 39
16 112
16 20
16 55
16 128
16 53
16 31
16 117
16 109
16 77
16 19
16 81
16 125
16 56
16 72
16 64
16 47
16 87
16 7
16 2
16 59
16 75
16 73
16 113
16 37
16 10
16 38
16 122
16 131
16 49
16 25
16 78
16 115
16 46
16 9
17 146
17 145
17 150
17 86
17 94
17 56
17 62
17 105
17 79
17 88
17 148
17 91
17 70
17 82
17 75
17 69
17 60
17 76
17 128
17 71
17 134
17 64
17 104
17 99
17 68
17 73
17 140
17 81
17 72
17 80
17 51
17 98
17 114
17 61
17 55
17 85
17 65
17 103
17 92
17 53
17 84
17 77
18 97
18 99
18 107
18 104
18 112
19 89
19 91
19 92
19 79
19 88
19 70
19 81
19 75
19 72
19 84
19 76
19 71
19 73
19 77
19 83
19 80
20 176
20 165
20 140
20 170
20 163
20 148
20 177
20 122
20 171
20 157
20 97
20 178
20 137
20 141
20 152
21 19
21 20
21 16
21 17
22 9
22 39
22 8
22 49
22 30
22 35
22 46
22 7
22 34
22 25
22 20
22 31
22 48
22 32
22 33
22 16
22 43
22 38
22 12
22 36
22 42
22 14
22 11
22 44
22 15
23 148
23 149
23 164
23 155
23 150
25 171
26 55
26 50
26 51
27 38
27 48
27 53
27 39
27 32
27 40
27 43
27 45
27 33
27 34
27 52
27 44
27 42
27 41
27 31
27 35
28 170
28 174
28 178
28 177
28 173
28 175
29 109
29 86
29 98
29 82
29 113
29 90
29 91
29 107
29 89
29 85
29 114
29 93
29 115
29 111
29 97
29 80
30 151
31 93
31 96
31 94
31 98
32 50
32 58
32 62
32 66
32 77
32 52
32 68
32 39
32 70
32 46
32 76
32 54
32 49
32 71
32 41
32 75
32 69
32 29
32 56
32 38
32 28
32 61
32 59
32 35
32 60
32 27
32 78
32 42
32 72
32 26
32 22
32 47
32 40
32 74
32 57
33 50
33 35
33 36
33 29
33 41
33 32
33 28
33 53
33 40
33 26
33 44
33 25
33 52
33 48
33 37
33 43
33 47
33 42
34 176
34 143
34 159
34 179
34 157
34 165
34 167
34 156
34 146
34 152
34 153
35 177
35 175
35 176
36 170
36 167
36 158
36 169
36 163
37 156
37 158
38 91
38 85
38 84
38 86
38 80
38 83
38 93
38 92
38 94
39 73
39 75
39 69
39 66
39 74
39 70
39 71
39 72
39 76
39 67
39 68
40 173
40 176
41 74
41 91
41 61
41 88
41 86
41 107
41 103
41 38
41 58
41 39
41 101
41 113
41 105
41 30
41 81
41 102
41 72
41 37
41 87
41 76
41 80
41 69
41 28
41 67
41 43
41 83
41 31
41 90
41 112
41 45
41 34
41 77
41 95
41 63
41 36
41 49
41 110
41 29
41 27
41 109
41 33
41 68
41 78
41 104
41 44
41 79
41 55
41 111
41 89
41 51
41 73
42 88
42 67
42 84
42 77
42 87
42 78
42 60
42 80
42 70
42 71
42 66
42 69
42 81
42 62
42 75
42 61
42 76
42 68
43 120
43 101
43 126
43 104
43 74
43 122
43 107
43 119
43 78
43 110
43 77
43 133
43 86
43 92
43 118
43 81
43 94
43 79
43 129
43 115
43 95
43 113
43 76
43 91
43 85
43 108
43 99
43 82
43 111
43 100
43 112
43 128
43 73
43 87
43 80
43 90
43 72
43 109
43 130
43 105
43 83
43 114
44 107
45 133
45 160
45 103
45 157
45 131
45 92
45 158
45 113
45 111
45 112
45 107
45 159
45 161
45 151
45 153
45 94
45 144
45 142
45 145
45 99
45 150
45 154
45 95
45 146
45 98
45 136
45 141
45 102
45 155
45 100
45 90
46 58
46 55
46 63
46 59
46 67
46 57
46 61
47 98
47 123
47 130
47 134
47 133
47 107
47 136
47 102
47 114
47 109
48 53
48 55
48 57
49 53
49 91
49 102
49 71
49 70
49 80
49 87
49 89
49 117
50 47
50 45
51 155
51 169
51 168
51 145
51 147
51 149
51 159
51 156
51 153
51 146
51 162
51 154
51 166
51 165
51 151
51 150
52 32
52 13
52 12
52 16
52 21
52 11
52 24
52 30
52 1
52 9
52 5
52 26
52 8
52 25
52 20
52 4
52 22
52 33
52 23
52 29
52 7
52 27
54 144
54 147
54 156
54 145
54 148
54 146
54 155
54 151
54 149
55 103
55 106
56 64
56 67
57 176
57 170
57 178
57 174
57 177
57 173
58 145
58 144
58 113
58 97
58 77
58 122
58 78
58 152
58 84
58 147
58 119
58 139
58 106
58 124
58 137
58 143
58 120
58 141
58 140
58 142
58 126
58 104
59 45
59 27
59 23
59 32
59 43
59 46
59 31
59 25
59 30
59 39
59 47
59 24
59 37
59 49
59 38
59 22
59 36
59 26
59 34
59 44
60 168
60 175
60 169
60 172
60 173
60 174
61 121
61 119
61 120
61 123
62 82
62 80
63 107
63 109
65 132
65 150
65 139
65 161
65 133
65 137
65 141
65 152
65 129
65 151
65 155
65 142
65 135
65 140
65 136
65 163
65 130
65 159
65 158
65 143
65 154
65 147
65 145
66 73
66 77
66 89
66 80
66 76
66 86
66 79
66 78
66 82
66 87
66 74
66 70
66 85
67 133
67 96
67 150
67 165
67 145
67 159
67 115
67 138
67 122
67 160
67 129
67 136
67 78
67 163
67 155
67 105
67 90
67 143
67 161
67 135
67 120
67 156
67 134
67 162
67 107
67 70
67 137
67 106
67 79
67 121
67 95
67 91
67 75
67 81
67 97
67 100
67 132
67 153
67 92
67 94
67 140
67 99
67 126
67 88
67 157
67 101
67 111
67 125
67 149
67 108
67 80
67 104
67 109
67 112
67 164
67 85
67 98
67 83
67 147
67 87
67 84
67 89
67 130
67 74
67 131
68 31
68 52
68 33
68 55
68 37
68 36
68 43
68 30
68 48
68 27
68 56
68 53
68 42
68 49
68 40
68 25
68 50
68 26
68 46
68 54
69 87
69 137
69 50
69 90
69 100
69 145
69 68
69 119
69 66
69 105
69 139
69 141
69 142
69 82
69 63
69 134
69 115
69 86
69 58
69 92
69 127
69 94
69 51
69 61
69 106
69 79
69 122
69 88
69 55
69 53
69 75
69 80
69 124
69 143
69 98
69 76
69 129
69 54
69 144
69 95
69 65
69 131
69 99
69 110
69 135
69 107
69 97
69 85
69 128
69 130
69 78
69 84
69 101
69 133
69 108
69 148
69 72
69 71
70 140
70 144
70 143
70 145
70 141
70 146
70 142
71 118
71 85
71 112
71 132
71 101
71 78
71 94
71 107
71 86
71 105
71 119
71 115
71 117
71 95
71 92
71 121
71 126
71 103
71 125
71 127
71 108
71 106
71 93
71 98
71 130
71 124
71 111
71 80
71 104
71 100
71 120
71 87
71 109
72 107
72 105
72 127
72 145
72 144
72 138
72 118
72 128
72 132
72 103
72 137
72 113
72 143
72 122
72 141
72 121
72 119
72 133
72 134
72 124
72 116
72 139
72 126
72 111
72 146
72 140
72 108
72 106
72 104
72 123
72 147
72 102
73 173
73 178
73 176
73 163
73 169
73 157
73 171
73 168
73 170
73 177
74 141
74 142
74 144
74 156
74 139
74 133
74 145
74 151
74 147
74 162
74 137
74 157
74 148
74 152
76 116
76 95
76 91
76 67
76 74
76 93
76 71
76 107
76 66
76 108
76 69
76 94
77 177
77 170
77 178
77 168
78 114
78 116
78 112
78 120
78 106
78 117
78 108
78 110
78 107
78 109
78 118
79 165
79 161
79 163
80 133
80 140
80 126
80 139
80 137
80 131
80 134
80 129
80 143
80 135
80 128
80 132
81 148
81 140
81 115
81 134
81 111
81 137
81 142
81 133
81 144
81 145
81 143
81 110
81 141
81 128
81 126
81 135
81 131
81 123
81 139
81 138
81 130
81 150
81 127
81 149
81 122
81 132
82 19
82 27
84 44
84 32
84 23
84 36
84 49
84 17
84 60
84 40
84 61
84 12
84 46
84 47
84 52
84 19
84 27
84 21
84 26
84 56
84 16
84 42
84 54
84 11
84 38
84 59
84 51
84 28
84 48
84 37
84 25
84 22
85 39
85 32
85 41
85 40
85 31
85 35
85 26
85 25
85 34
85 30
87 35
88 28
88 32
88 29
88 31
89 159
89 167
89 161
89 155
89 172
89 163
89 168
89 170
89 166
89 171
90 153
90 165
90 160
90 166
90 156
90 154
90 158
90 159
90 163
91 117
92 174
92 165
92 163
92 177
92 176
92 168
92 173
93 76
93 119
93 144
93 111
93 108
93 104
93 149
93 106
93 112
93 143
93 116
93 150
93 102
93 148
93 117
93 141
93 85
93 128
93 126
93 134
93 121
93 133
93 113
93 68
93 100
93 120
93 109
93 146
93 129
93 124
93 125
93 158
93 132
93 115
93 140
93 142
93 145
93 114
93 136
93 123
95 46
95 42
95 69
95 57
95 40
95 60
95 76
95 52
95 50
95 38
95 54
95 67
95 47
95 58
95 68
95 51
95 55
95 64
95 72
95 49
95 62
95 70
95 77
95 44
95 56
95 74
95 73
96 69
96 65
97 41
97 40
98 36
98 35
98 42
98 43
98 40
98 32
99 120
99 110
99 105
99 138
99 88
99 111
99 155
99 107
100 34
100 23
100 21
100 25
100 15
100 35
100 20
100 11
100 17
100 10
100 33
100 22
100 29
100 32
100 31
100 4
100 26
100 16
100 30
100 3
100 36
101 122
101 80
101 111
101 65
101 89
101 126
101 112
101 68
101 129
101 60
101 75
101 132
101 124
101 134
101 110
101 128
101 123
101 136
101 121
101 83
101 130
101 104
101 120
101 69
101 131
102 158
102 154
102 160
102 155
103 21
103 18
103 19
103 14
103 17
104 77
104 85
104 61
104 50
104 92
104 78
104 53
104 87
104 70
104 68
104 48
104 65
104 79
104 67
104 51
104 88
104 66
104 84
104 49
104 57
104 80
104 74
104 81
105 58
105 135
105 69
105 75
105 63
105 121
105 156
105 158
105 142
105 128
105 86
105 130
105 133
105 144
105 149
105 152
105 134
105 129
105 71
105 77
105 154
105 145
105 160
105 70
105 132
105 108
105 155
105 72
105 94
105 68
105 124
105 120
105 143
105 73
105 65
105 141
105 66
105 88
105 59
106 139
106 136
106 137
106 132
106 138
106 140
107 134
107 118
107 116
107 124
107 112
107 109
107 129
107 131
107 126
108 44
108 54
108 70
108 65
108 55
108 71
108 48
108 42
108 80
108 37
108 95
108 91
108 38
108 35
108 51
108 43
108 52
108 68
108 72
108 79
108 66
108 59
108 74
108 50
108 88
108 56
108 69
108 63
108 73
108 53
108 64
108 92
108 67
108 47
108 85
108 39
108 94
108 87
108 78
108 77
108 49
108 61
109 168
109 173
109 166
109 172
109 170
110 31
110 29
110 33
110 25
110 28
110 18
110 27
110 22
110 26
110 32
110 23
110 19
111 140
111 142
111 139
112 175
112 172
112 173
112 170
112 176
113 96
113 136
113 138
113 128
113 126
113 98
113 137
113 124
113 134
113 117
113 142
113 122
113 106
113 139
113 104
114 176
114 174
114 173
114 177
114 179
115 159
115 136
115 157
115 137
115 131
115 163
115 128
115 145
115 146
115 125
115 130
115 166
115 165
115 162
115 135
115 156
115 132
115 134
115 129
115 160
115 158
116 64
116 98
116 60
116 110
116 92
116 97
116 72
116 103
116 63
116 90
116 69
116 77
116 79
116 95
116 86
116 76
116 82
116 71
116 102
116 96
116 104
116 85
116 99
116 75
116 66
116 74
116 65
116 100
116 109
116 94
116 61
116 70
116 81
116 101
116 59
117 56
117 54
117 42
117 48
117 25
117 50
117 33
117 38
117 57
117 32
117 27
117 29
117 26
117 41
117 43
117 45
117 55
117 39
117 30
117 44
117 49
117 28
118 105
118 104
118 106
119 132
119 113
119 81
119 49
119 44
119 39
119 38
119 136
119 57
119 95
119 129
119 79
119 133
119 60
119 128
119 87
119 42
119 68
119 77
119 46
119 131
119 47
119 64
119 114
119 96
119 86
119 85
119 43
119 76
120 116
120 114
120 118
120 131
120 147
120 100
120 126
120 111
120 127
120 145
120 129
120 97
120 115
120 90
120 151
120 124
120 123
120 104
120 102
120 98
120 139
120 95
120 130
120 154
120 122
120 108
120 125
120 146
120 135
120 119
120 157
120 105
120 107
120 91
120 117
120 113
120 132
120 155
121 125
121 113
121 130
121 95
121 151
121 128
121 144
121 133
121 91
121 146
121 141
121 145
122 78
122 75
122 79
123 58
123 64
123 57
123 54
123 60
123 55
123 62
124 80
124 78
125 121
125 128
125 123
125 118
125 124
125 127
125 114
125 141
125 130
125 110
125 132
125 93
125 131
125 139
126 175
126 174
126 145
126 173
126 147
126 170
126 150
126 146
126 167
126 176
126 160
126 156
127 171
127 163
127 174
127 173
127 164
127 168
127 165
127 166
128 78
128 97
128 70
128 93
128 89
129 122
129 127
129 121
129 126
129 125
130 153
130 159
130 164
130 167
130 166
130 156
130 168
131 49
131 45
131 48
131 55
131 44
131 52
131 53
131 46
132 10
132 11
132 6
133 102
133 98
133 111
133 106
133 125
133 164
133 160
133 79
133 95
133 77
133 109
133 136
133 83
133 138
133 88
133 124
133 80
133 151
133 143
133 139
133 173
133 116
133 161
133 150
133 97
133 113
133 167
133 115
133 146
133 93
133 87
133 92
133 155
133 108
133 75
133 127
133 159
133 122
133 174
133 175
133 94
133 126
133 142
133 141
133 145
133 112
133 90
133 158
133 147
133 128
133 149
133 129
133 101
133 131
133 89
134 110
134 109
134 111
134 104
134 105
134 106
134 107
135 69
135 56
135 54
135 52
135 53
136 64
136 117
136 51
136 23
136 32
136 134
136 116
136 48
136 52
136 44
136 99
136 152
136 169
136 82
136 84
136 90
136 102
136 112
136 54
136 107
136 74
136 30
136 122
136 57
136 67
136 75
136 110
136 156
136 55
136 132
136 65
136 60
136 150
136 172
136 94
136 25
136 154
136 33
136 159
136 91
136 96
136 37
136 157
136 115
136 39
136 47
136 119
136 72
136 36
136 80
136 83
136 114
136 92
136 143
136 58
136 128
136 68
136 118
136 86
136 46
136 125
136 139
136 138
136 31
136 97
136 24
136 56
136 93
136 21
136 151
136 98
136 130
136 63
136 168
136 171
136 27
136 124
136 162
136 141
136 66
136 59
136 26
136 131
136 104
136 41
136 62
136 73
136 35
136 22
136 34
136 70
136 43
136 106
136 129
137 130
137 125
137 135
137 143
137 141
137 145
137 129
137 126
137 146
137 122
137 147
137 134
137 139
137 142
137 131
137 127
138 173
138 164
138 169
138 179
138 170
138 167
138 166
138 163
138 171
138 174
138 178
138 172
139 96
139 100
139 87
139 95
139 92
139 90
139 89
139 84
139 97
139 98
139 88
139 99
140 162
140 168
140 165
140 174
140 175
140 172
140 166
140 167
140 164
140 173
140 163
141 145
141 148
141 147
141 140
141 149
141 150
141 151
141 152
141 139
141 134
141 153
141 135
141 143
141 155
141 137
141 138
142 93
142 91
142 96
142 95
142 97
142 92
142 94
143 123
143 122
143 126
143 125
143 120
144 171
144 166
144 172
144 168
144 169
144 164
145 164
145 162
145 161
146 47
146 52
146 43
146 56
146 53
146 42
146 57
146 45
146 48
146 59
146 61
146 62
146 60
146 46
146 55
147 134
147 136
148 83
148 102
148 70
148 71
148 108
148 84
148 86
148 96
148 97
148 128
148 69
148 65
148 107
148 110
148 118
148 78
148 66
148 79
148 72
148 104
148 68
148 99
148 124
148 51
148 120
148 101
148 122
148 49
148 85
148 77
148 105
148 82
148 100
148 80
148 92
148 131
148 94
148 129
148 111
148 60
148 81
148 95
148 133
148 106
148 53
148 109
148 115
148 116
148 89
148 125
148 126
148 91
149 85
149 82
149 47
149 26
149 112
149 31
149 25
149 58
149 81
149 46
149 35
149 67
149 38
149 84
149 13
149 93
149 69
149 74
149 21
149 57
149 40
149 80
149 68
149 79
149 22
149 41
149 96
149 16
149 15
149 52
149 20
149 62
149 73
149 121
149 134
149 64
149 63
149 56
149 113
149 87
149 101
149 54
149 107
149 125
149 42
149 50
149 49
149 75
149 89
149 88
149 17
149 28
149 39
149 91
149 51
149 24
149 108
149 76
149 71
149 61
149 30
149 44
149 59
149 90
149 65
150 179
150 177
150 174
150 160
150 180
150 169
150 178
150 159
150 175
150 166
150 172
150 168
150 164
150 171
150 170
151 5
151 77
151 81
151 84
151 83
151 62
151 66
151 73
151 42
151 55
151 14
151 86
151 6
151 85
151 43
151 45
151 15
151 56
151 57
151 48
152 148
152 101
152 139
152 141
152 119
152 126
152 146
152 135
152 116
152 125
152 142
152 120
152 105
152 110
152 136
152 137
152 91
152 118
152 104
152 131
152 95
152 114
152 123
152 138
152 113
152 112
152 129
152 151
152 149
152 99
152 111
152 150
152 102
152 109
152 128
152 107
152 106
152 145
152 124
153 119
153 124
153 89
153 127
153 129
153 90
153 118
153 115
153 123
153 131
153 130
153 133
153 109
154 65
154 61
154 57
154 51
154 53
154 63
154 54
154 58
154 55
154 56
154 47
154 64
154 67
154 49
154 59
155 64
155 10
155 14
155 31
155 60
155 32
155 69
155 62
155 42
155 46
155 3
155 45
155 40
155 54
155 22
155 5
155 79
155 21
155 36
155 73
155 49
155 56
155 34
155 30
155 66
155 51
155 16
155 85
155 44
155 57
155 76
155 48
155 41
155 23
155 19
155 26
155 9
155 18
155 6
155 12
155 75
155 11
155 63
155 4
157 17
157 74
157 41
157 89
157 48
157 66
157 85
157 53
157 86
157 44
157 28
157 63
157 23
157 56
157 37
157 16
157 77
157 50
157 31
157 83
157 33
157 39
157 36
157 32
157 35
157 55
157 73
157 57
157 15
157 54
157 58
157 25
157 22
157 18
157 52
157 42
157 38
157 27
157 40
157 20
158 154
158 156
159 125
159 121
159 124
159 115
159 65
159 128
159 135
159 84
159 99
159 127
159 132
159 126
159 119
159 131
159 129
159 91
159 137
159 68
159 130
159 74
159 107
159 76
159 70
159 112
159 113
159 78
159 81
159 123
159 93
159 122
159 105
159 83
159 96
159 89
159 114
159 120
159 102
159 77
159 97
159 134
159 111
159 136
159 86
159 75
159 71
159 100
159 85
160 33
160 39
160 31
160 37
160 32
161 66
161 61
161 74
161 90
161 85
161 81
161 67
161 79
161 82
161 64
161 70
161 63
161 87
161 62
163 87
163 120
163 93
163 108
163 90
163 82
163 125
163 97
163 89
163 116
163 109
164 31
164 33
164 36
164 35
164 29
165 163
165 138
165 90
165 88
165 160
165 54
165 57
165 96
165 91
165 170
165 131
165 95
165 116
165 81
165 98
165 132
165 135
165 154
165 58
165 86
165 51
165 73
165 56
165 48
165 47
165 87
165 123
165 140
165 130
165 159
165 150
165 62
165 61
165 89
165 124
165 148
165 52
165 101
165 114
165 93
165 69
165 169
165 137
165 65
165 122
165 75
165 59
165 155
165 94
165 49
165 133
165 109
165 115
165 70
165 60
165 144
165 145
165 146
165 72
165 126
165 134
165 117
165 66
165 168
165 142
165 136
165 125
165 83
165 55
165 67
165 79
165 167
165 147
165 92
165 108
165 153
165 161
166 111
166 131
166 126
166 110
166 122
167 70
167 98
167 116
167 122
167 83
167 121
167 59
167 94
167 79
167 88
167 105
167 119
167 103
167 89
167 75
167 115
167 111
167 90
167 86
167 66
167 93
167 96
167 104
167 61
167 99
167 84
167 77
167 78
167 117
167 69
167 71
167 82
167 68
167 97
167 126
167 118
167 95
167 74
168 66
168 80
168 82
168 44
168 76
168 86
168 71
168 61
168 42
168 67
168 78
168 85
168 63
168 69
168 54
168 75
168 47
168 51
168 43
168 50
168 83
168 62
168 70
168 87
168 60
168 58
168 72
168 53
168 41
168 37
168 59
168 39
169 155
169 161
169 160
169 157
169 148
170 140
171 142
171 144
172 52
172 104
172 113
172 53
172 65
172 111
172 57
172 72
172 51
172 69
172 84
172 118
172 62
172 59
172 67
172 64
172 77
172 96
172 79
172 116
172 63
172 75
172 54
172 56
172 68
173 129
173 130
173 133
173 135
173 136
174 132
174 131
174 154
174 143
174 148
174 128
174 144
174 135
174 145
174 147
174 123
174 162
174 163
174 138
174 150
174 153
174 133
174 120
174 134
174 121
174 125
174 166
174 151
174 164
174 159
174 156
174 149
174 124
174 146
174 126
174 129
174 152
174 130
174 161
175 172
175 173
175 174
176 29
176 38
176 37
176 28
176 31
176 34
176 32
178 92
178 85
178 89
178 93
178 90
178 82
178 86
178 94
178 83
179 172
179 177
179 178
180 108
180 119
180 103
180 111
180 137
180 145
180 134
180 96
180 112
180 106
180 105
180 113
180 122
180 97
180 128
180 110
180 146
180 95
180 100
180 141
180 132
180 124
180 140
180 136
180 109
180 125
180 115
180 102
180 101
180 93
180 126
180 144
180 104
180 127
1 164
1 167
2 135
2 95
2 134
2 148
2 125
2 140
2 80
2 107
2 111
2 118
2 97
2 110
2 94
2 116
2 121
2 114
2 74
2 81
2 91
2 69
2 90
2 78
2 88
2 129
2 98
2 113
2 130
2 75
2 83
2 149
2 84
2 117
2 66
2 112
2 109
2 108
2 79
2 92
2 76
2 124
2 93
2 73
2 99
2 87
2 103
2 150
2 105
2 126
3 146
3 148
3 154
3 142
3 136
3 147
3 132
3 156
4 65
4 80
4 92
4 85
4 87
4 76
4 72
4 102
4 83
4 98
5 66
5 41
5 69
5 35
5 28
5 79
5 39
5 38
5 72
5 25
5 47
5 33
5 37
5 36
5 63
5 54
5 49
5 19
5 22
5 11
5 48
5 15
5 14
5 13
5 40
5 29
5 20
5 30
5 16
5 12
5 45
5 10
5 44
5 23
6 17
6 16
7 141
7 138
7 133
7 137
7 155
8 131
8 126
8 135
8 130
8 132
9 50
9 41
9 39
9 36
9 45
10 140
10 151
10 160
10 164
10 155
10 158
10 163
10 159
10 146
10 156
10 157
11 172
11 171
12 153
12 140
12 152
12 155
13 50
13 65
13 57
13 71
13 54
13 77
13 62
13 67
13 51
13 69
13 76
13 72
13 73
13 56
13 53
13 63
13 59
13 60
13 66
14 90
14 86
14 100
14 88
14 102
16 149
16 153
16 154
16 143
16 138
16 96
16 140
16 142
16 155
16 130
16 158
16 152
16 137
16 146
16 107
16 132
16 141
16 159
16 160
16 147
16 157
16 119
16 151
16 148
16 139
16 136
17 39
17 41
17 37
18 64
18 61
18 53
18 55
18 63
18 46
18 58
18 57
18 56
18 51
19 159
19 160
20 70
20 81
20 77
21 175
21 171
21 174
21 172
22 167
22 166
23 14
23 19
23 20
23 8
23 13
23 10
23 7
23 15
23 21
23 16
23 6
23 11
24 73
24 72
24 71
24 68
25 88
25 65
25 80
25 95
25 96
25 89
25 73
25 71
25 63
25 72
25 76
25 91
25 83
25 77
25 74
25 64
25 84
25 68
25 92
25 70
25 93
25 85
26 114
26 109
27 71
28 127
28 120
28 140
28 110
28 139
28 128
28 113
28 154
28 155
28 105
28 142
28 143
28 103
28 118
28 137
28 114
28 102
28 104
28 122
28 135
28 119
28 146
28 144
28 151
28 132
28 115
28 156
28 106
28 117
28 153
28 107
28 108
28 126
28 145
28 111
29 126
29 171
29 142
29 169
29 170
29 161
29 151
29 144
29 128
29 136
29 145
29 134
29 168
29 167
29 149
29 165
29 137
29 138
29 133
29 163
29 132
29 143
29 150
29 131
29 152
29 164
29 158
29 146
29 127
30 28
30 25
30 29
30 23
30 27
30 22
30 26
31 164
31 152
31 178
31 171
31 175
31 140
31 151
31 157
31 161
31 153
31 143
31 174
31 159
31 158
31 144
31 169
31 147
31 142
31 165
31 149
31 146
31 154
31 166
32 23
32 25
32 15
32 17
32 19
33 13
33 55
33 10
33 59
33 22
33 27
33 45
33 38
33 49
33 51
33 62
33 17
33 46
33 20
33 31
33 14
33 16
33 11
33 24
34 17
35 127
35 87
35 90
35 105
35 91
35 76
35 65
35 96
35 73
35 60
35 99
35 100
35 126
35 64
35 102
35 77
35 67
35 86
35 79
35 57
35 114
35 74
35 71
35 61
35 111
35 59
35 97
35 75
35 92
35 110
35 62
35 108
35 81
35 94
35 104
35 58
35 122
36 52
36 55
36 54
36 57
37 140
37 137
37 136
37 138
37 129
37 122
37 123
37 116
37 139
37 120
37 113
37 134
38 41
38 75
38 66
38 71
38 89
38 51
38 45
38 62
38 82
38 95
38 53
38 81
38 74
38 70
38 63
38 64
38 67
38 79
38 57
38 73
38 50
38 60
38 76
38 65
38 44
38 47
38 54
38 72
38 43
39 37
39 42
39 30
39 34
39 64
39 23
39 58
39 36
39 49
39 3
39 29
39 87
39 61
39 31
39 63
39 65
39 22
39 59
39 6
39 84
39 90
39 79
39 62
39 83
39 81
39 28
39 13
39 78
39 55
39 44
39 52
39 35
39 57
39 41
39 60
39 56
39 17
39 50
39 88
39 89
39 25
39 43
39 80
39 53
39 7
40 50
40 39
40 54
40 36
40 57
40 52
40 38
40 37
41 133
41 97
41 145
41 116
41 117
41 119
41 92
41 130
41 94
41 99
41 114
41 134
41 131
41 126
41 140
41 118
41 155
41 115
41 98
41 151
41 128
41 144
41 129
41 125
41 135
41 121
41 137
41 148
41 122
41 143
41 108
41 141
42 121
42 112
42 111
42 116
42 118
42 119
42 115
43 31
43 22
43 10
43 18
43 26
43 46
43 15
43 13
43 40
43 19
43 24
43 3
43 6
43 27
43 16
43 2
43 12
43 39
43 33
43 32
