TESTING ALPHA EJ1
best train w/alpha: 0.2
46.8851016854 40.1291131996
41.3059650706 39.5382301451
41.1680002831 39.2698936205
41.0615093954 39.5400381472
40.8979334468 39.7904196353
40.8349460456 40.0032794444
40.6572085199 40.1427865059
39.3590445374 39.8930389926
36.5548815524 37.438682444
35.828628615 37.5268662066
best train w/alpha: 0.8
61.6849163719 42.8818896813
49.7858626968 42.2721098639
48.5269847607 41.8351109547
48.5252291237 41.8343074121
48.5246113678 41.8317075789
48.5210973398 41.830095914
48.5237998846 41.8288584577
48.5262207257 41.8200496387
48.4984492957 41.8046129269
48.5117613491 41.760230057
best valid w/alpha: 0.2
47.9655682319 40.177877012
41.3613836125 39.5391644096
35.1083882647 31.0551346843
23.4441084953 25.9729948421
21.0699699263 27.1602388009
12.7057437585 26.1248724696
14.892816405 22.1911240889
15.854741021 29.3090865747
8.02098112438 13.258256303
9.67998374794 11.8365736144
best valid w/alpha: 0.8
75.9494992342 44.8839978456
53.1593278653 43.2002431164
52.6146482672 42.4046295153
53.924342967 42.9637052752
53.8493485721 42.9712606238
52.8704427678 43.0309969432
49.9886166869 42.5527970788
49.9747987554 42.5622559253
49.9730495958 42.5336795909
50.0016720829 42.5261955893
TESTING ALPHA EJ2
best train w/alpha: 0.2
36.3452161946 14.1355788217
2.69653733773 13.5295561867
1.07174374985 6.22966030323
0.993503113174 5.90982548128
0.873621158511 5.86106044567
0.785074157744 5.27501683107
0.727903160773 4.69574220825
0.667076513852 4.2639295243
0.601640220542 3.81633532818
0.570142383922 3.56521588226
best train w/alpha: 0.8
24.3851339947 19.3524680759
4.11630087417 18.6055467381
2.12548183042 9.16606110465
1.36608584196 7.54034121056
1.16701821587 7.50931495609
1.08385044985 6.68618089101
1.03403336129 6.316216022
1.0100424373 5.80917903389
0.99088495386 5.90275550138
0.97853817166 6.12706246578
