
Rk,Player,Pos,Age,Tm,G,MP,PER,TS%,3PAr,FTr,ORB%,DRB%,TRB%,AST%,STL%,BLK%,TOV%,USG%,0.0,OWS,DWS,WS,WS/48,0.0,OBPM,DBPM,BPM,VORP
1,ShareefAbdur-Rahim,C,30,SAC,80,2015,13.1,.524,.031,.358,7.0,16.4,11.6,9.2,1.3,1.5,13.3,19.5,0.0,1.1,1.7,2.8,.067,0.0,-2.1,0.0,-2.1,-0.1
2,HassanAdams,SG,22,NJN,61,495,13.0,.577,.007,.267,8.4,9.9,9.2,4.5,1.8,0.6,12.7,16.3,0.0,0.5,0.5,1.0,.095,0.0,-2.4,-1.2,-3.6,-0.2
3,MauriceAger,SG,22,DAL,32,214,2.9,.408,.214,.471,0.6,11.0,5.9,5.0,1.0,1.1,15.1,21.7,0.0,-0.5,0.2,-0.3,-0.060,0.0,-7.5,-1.8,-9.3,-0.4
4,LaMarcusAldridge,C,21,POR,63,1392,17.1,.533,.004,.240,12.6,15.3,13.9,3.2,0.9,4.2,7.5,19.3,0.0,2.5,1.0,3.4,.118,0.0,-0.3,-0.6,-0.9,0.4
5,MalikAllen,PF,28,CHI,60,638,10.4,.443,.004,.132,7.6,13.7,10.6,4.2,1.4,2.0,7.1,20.5,0.0,-0.2,1.1,1.0,.073,0.0,-4.9,-0.3,-5.2,-0.5
6,RayAllen,SG,31,SEA,55,2219,21.6,.564,.384,.268,3.1,10.4,6.7,19.0,1.9,0.4,10.7,29.5,0.0,5.4,0.9,6.3,.136,0.0,5.4,-2.1,3.4,3.0
7,TonyAllen,SG,25,BOS,33,805,17.0,.596,.127,.517,5.1,13.6,9.2,12.5,3.2,1.2,19.1,22.1,0.0,0.8,1.1,1.9,.111,0.0,0.0,1.1,1.1,0.6
8,RaferAlston,PG,30,HOU,82,3040,12.9,.496,.519,.174,1.1,9.5,5.3,24.1,2.2,0.3,13.4,19.4,0.0,1.7,4.9,6.6,.104,0.0,0.4,0.9,1.3,2.5
9,LouAmundson,PF,24,TOT,11,89,9.6,.412,.000,.667,17.6,20.2,18.9,1.7,0.6,6.9,20.5,12.7,0.0,-0.1,0.1,0.1,.039,0.0,-5.5,1.4,-4.1,0.0
9,LouAmundson,PF,24,UTA,1,2,0.0,0.0,0.0,0.0,0.0,0.0,0.0,0.0,0.0,0.0,0.0,0.0,0.0,0.0,0.0,0.0,-0.004,0.0,-5.3,0.2,-5.1,0.0
9,LouAmundson,PF,24,PHI,10,87,9.8,.412,.000,.667,18.0,20.6,19.3,1.7,0.6,7.1,20.5,13.0,0.0,-0.1,0.1,0.1,.040,0.0,-5.5,1.4,-4.1,0.0
10,AlanAnderson,SG,24,CHA,17,256,10.1,.538,.247,.284,4.9,10.0,7.4,13.8,1.4,0.0,19.4,20.1,0.0,0.0,0.1,0.1,.024,0.0,-2.2,-1.8,-4.0,-0.1
11,DerekAnderson,SF,32,CHA,50,1190,13.7,.586,.517,.361,2.8,8.6,5.6,17.6,2.3,0.5,14.1,15.1,0.0,2.0,0.9,2.9,.117,0.0,1.5,-0.4,1.0,0.9
12,CarmeloAnthony,SF,22,DEN,65,2486,22.1,.552,.103,.391,6.6,11.1,8.9,19.2,1.5,0.7,12.1,33.4,0.0,5.2,2.1,7.3,.140,0.0,3.1,-1.1,2.0,2.5
13,RafaelAraujo,C,26,UTA,28,248,8.3,.463,.000,.446,10.8,21.5,16.2,6.1,1.3,0.7,17.9,17.1,0.0,-0.1,0.3,0.1,.027,0.0,-4.5,-0.7,-5.2,-0.2
14,GilbertArenas,PG,25,WAS,74,2942,24.0,.565,.377,.464,2.3,11.1,6.6,27.2,2.4,0.3,11.2,31.4,0.0,9.3,1.5,10.8,.177,0.0,7.0,-2.0,5.0,5.2
15,TrevorAriza,SG,21,ORL,57,1278,16.2,.567,.019,.461,9.7,14.2,12.0,8.9,2.5,1.2,15.8,19.2,0.0,1.5,1.9,3.4,.128,0.0,0.2,1.2,1.5,1.1
16,DarrellArmstrong,PG,38,IND,81,1275,15.1,.547,.568,.247,3.0,9.3,6.1,24.8,2.9,0.4,15.4,17.4,0.0,1.7,1.5,3.2,.121,0.0,1.7,-0.6,1.1,1.0
17,HiltonArmstrong,C,22,NOK,56,634,12.2,.570,.000,.536,10.3,17.0,13.6,2.5,1.0,3.3,18.5,13.6,0.0,0.5,0.7,1.2,.091,0.0,-3.1,0.5,-2.6,-0.1
18,CarlosArroyo,PG,27,ORL,72,1304,14.4,.501,.107,.347,3.0,9.5,6.3,27.1,1.6,0.1,14.0,22.8,0.0,1.2,1.3,2.5,.094,0.0,-0.4,-1.6,-2.0,0.0
19,ChuckyAtkins,PG,32,MEM,75,2064,17.4,.580,.428,.435,1.0,7.0,4.0,27.9,1.2,0.1,13.0,21.4,0.0,5.1,-0.2,4.9,.114,0.0,3.5,-4.1,-0.6,0.7
20,JamesAugustine,PF,22,ORL,2,7,16.6,.333,.000,.000,18.0,34.4,26.4,48.9,0.0,0.0,0.0,19.9,0.0,0.0,0.0,0.0,.168,0.0,3.3,1.8,5.0,0.0
Rk,Player,Pos,Age,Tm,G,MP,PER,TS%,3PAr,FTr,ORB%,DRB%,TRB%,AST%,STL%,BLK%,TOV%,USG%,0.0,OWS,DWS,WS,WS/48,0.0,OBPM,DBPM,BPM,VORP
21,KelennaAzubuike,SG,23,GSW,41,669,13.4,.572,.359,.355,4.2,11.4,7.7,6.2,1.6,1.1,13.3,18.7,0.0,0.7,0.5,1.2,.083,0.0,-1.1,-1.6,-2.7,-0.1
22,RenaldoBalkman,SF,22,NYK,68,1064,16.1,.531,.098,.327,11.0,21.8,16.4,7.0,2.8,3.3,13.5,15.5,0.0,1.1,1.7,2.8,.125,0.0,-1.0,2.4,1.4,0.9
23,MarcusBanks,PG,25,PHO,45,503,11.3,.497,.148,.306,2.4,6.2,4.4,17.4,2.3,0.4,15.2,23.5,0.0,-0.1,0.4,0.4,.037,0.0,-2.8,-1.3,-4.1,-0.3
24,LeandroBarbosa,SG,24,PHO,80,2613,18.4,.595,.394,.209,1.0,8.1,4.8,18.7,1.8,0.4,10.7,23.4,0.0,6.1,2.1,8.2,.151,0.0,3.8,-0.9,2.9,3.2
25,J.J.Barea,PG,22,DAL,33,191,9.6,.440,.269,.308,4.5,11.1,7.9,20.4,0.3,0.4,13.7,25.0,0.0,-0.1,0.2,0.1,.015,0.0,-2.8,-2.6,-5.4,-0.2
26,AndreaBargnani,PF,21,TOR,65,1629,12.8,.546,.429,.227,3.7,14.8,9.2,5.1,1.0,2.5,13.5,22.6,0.0,0.2,1.7,1.9,.057,0.0,-1.1,-0.7,-1.7,0.1
27,MattBarnes,PF,26,GSW,76,1813,14.7,.547,.462,.196,5.4,16.0,10.6,12.8,1.9,1.7,13.3,18.5,0.0,1.9,1.8,3.7,.099,0.0,0.5,0.3,0.9,1.3
28,AndreBarrett,PG,24,CHI,6,29,8.2,.500,.000,.000,4.0,15.6,9.8,38.2,0.0,0.0,33.3,18.4,0.0,0.0,0.0,0.0,.014,0.0,-5.6,-1.6,-7.1,0.0
29,EarlBarron,C,25,MIA,28,203,6.6,.357,.012,.217,11.3,12.5,11.9,4.0,1.6,1.6,10.8,23.8,0.0,-0.5,0.2,-0.3,-0.062,0.0,-8.1,-2.3,-10.4,-0.4
30,BrentBarry,SG,35,SAS,75,1631,16.6,.666,.675,.275,1.3,10.2,5.9,13.3,1.8,0.5,11.3,15.6,0.0,4.2,2.6,6.8,.201,0.0,3.5,0.4,3.9,2.4
31,BrandonBass,PF,21,NOK,21,162,7.2,.411,.023,.364,9.1,21.9,15.3,2.8,0.7,1.5,16.4,17.2,0.0,-0.2,0.2,0.0,-0.011,0.0,-7.2,-1.5,-8.7,-0.3
32,MaceoBaston,PF,31,IND,47,405,13.7,.714,.092,.618,5.9,15.4,10.6,6.5,1.5,3.4,24.9,14.2,0.0,0.5,0.5,1.1,.127,0.0,-1.9,1.4,-0.6,0.1
33,EstebanBatista,PF,23,ATL,13,81,12.5,.524,.000,.438,10.3,34.6,22.3,8.1,2.0,0.0,17.3,13.1,0.0,0.0,0.1,0.2,.101,0.0,-3.8,-0.1,-4.0,0.0
34,TonyBattie,PF,30,ORL,66,1575,9.8,.513,.003,.214,7.4,19.3,13.5,3.6,1.0,1.5,13.4,13.4,0.0,0.6,2.1,2.7,.081,0.0,-2.9,0.6,-2.3,-0.1
35,ShaneBattier,SF,28,HOU,82,2988,12.0,.589,.570,.173,2.6,10.4,6.5,9.2,1.4,1.5,9.3,12.1,0.0,4.4,4.6,9.0,.144,0.0,0.8,2.5,3.3,4.0
36,CharlieBell,SG,27,MIL,82,2848,13.1,.530,.371,.172,2.3,7.6,4.9,13.6,1.8,0.1,9.0,18.3,0.0,3.6,0.4,4.0,.068,0.0,1.2,-1.9,-0.7,1.0
37,RajaBell,SG,30,PHO,78,2917,12.0,.562,.522,.160,2.0,7.7,5.0,9.5,0.9,0.5,7.5,17.0,0.0,4.2,1.6,5.8,.095,0.0,2.3,-0.5,1.8,2.8
38,MikeBibby,PG,28,SAC,82,2784,16.0,.532,.413,.298,1.6,9.6,5.5,24.3,1.6,0.2,13.0,24.5,0.0,2.9,1.5,4.4,.076,0.0,2.1,-2.0,0.1,1.4
39,AndrisBiedrins,C,20,GSW,82,2382,16.2,.598,.000,.287,11.3,24.0,17.5,5.4,1.4,4.3,15.4,13.8,0.0,3.5,3.3,6.7,.136,0.0,-1.1,2.5,1.4,2.1
40,ChaunceyBillups,PG,30,DET,70,2533,21.3,.591,.388,.536,1.1,10.0,5.6,32.9,1.8,0.5,12.2,21.5,0.0,8.7,2.7,11.4,.216,0.0,5.4,-0.9,4.4,4.1
Rk,Player,Pos,Age,Tm,G,MP,PER,TS%,3PAr,FTr,ORB%,DRB%,TRB%,AST%,STL%,BLK%,TOV%,USG%,0.0,OWS,DWS,WS,WS/48,0.0,OBPM,DBPM,BPM,VORP
41,SteveBlake,PG,26,TOT,82,2225,9.9,.491,.409,.126,1.1,7.5,4.3,26.1,1.4,0.3,19.4,13.0,0.0,1.0,1.1,2.1,.045,0.0,-1.4,-1.7,-3.1,-0.6
41,SteveBlake,PG,26,MIL,33,583,6.8,.435,.527,.155,1.4,7.8,4.5,20.3,0.9,0.4,16.9,12.8,0.0,-0.1,0.0,-0.1,-0.008,0.0,-2.8,-3.0,-5.8,-0.6
41,SteveBlake,PG,26,DEN,49,1642,11.0,.511,.368,.116,1.0,7.4,4.3,28.2,1.5,0.2,20.2,13.1,0.0,1.1,1.1,2.2,.064,0.0,-0.9,-1.3,-2.1,-0.1
42,WillBlalock,PG,23,DET,14,166,4.5,.383,.167,.200,4.3,6.4,5.4,14.9,1.7,0.0,26.9,12.8,0.0,-0.3,0.1,-0.1,-0.032,0.0,-5.4,-0.2,-5.7,-0.2
43,AndrayBlatche,PF,20,WAS,56,682,12.1,.471,.137,.249,12.6,19.8,16.1,8.8,1.3,3.6,18.3,17.2,0.0,-0.1,0.5,0.5,.033,0.0,-2.8,0.4,-2.4,-0.1
44,MarkBlount,C,31,MIN,82,2544,12.7,.546,.037,.232,6.6,16.9,11.9,4.5,0.9,1.8,14.7,19.8,0.0,0.6,2.2,2.8,.052,0.0,-2.7,-0.5,-3.2,-0.8
45,KeithBogans,SG,26,ORL,59,990,9.2,.546,.559,.257,2.0,9.4,5.8,9.5,1.5,0.2,14.4,14.9,0.0,0.7,1.0,1.7,.080,0.0,-0.4,-1.0,-1.3,0.2
46,AndrewBogut,C,22,MIL,66,2258,15.5,.566,.008,.308,8.7,21.9,15.2,13.9,1.1,1.2,17.4,17.3,0.0,2.6,1.4,4.0,.085,0.0,-0.1,0.7,0.5,1.4
47,MattBonner,PF,26,SAS,56,653,16.4,.542,.397,.160,12.3,16.4,14.4,5.7,1.4,1.2,9.0,20.3,0.0,1.1,1.2,2.2,.163,0.0,1.0,-0.6,0.4,0.4
48,JoshBoone,PF,22,NJN,61,669,14.6,.587,.000,.602,11.4,19.6,15.5,2.6,0.9,2.5,13.2,17.4,0.0,0.9,0.8,1.7,.122,0.0,-3.0,-1.4,-4.4,-0.4
49,CalvinBooth,C,30,WAS,44,380,9.6,.490,.030,.152,7.9,16.8,12.3,6.8,0.5,5.9,11.3,9.2,0.0,0.3,0.3,0.6,.072,0.0,-3.2,1.8,-1.4,0.1
50,CarlosBoozer,PF,25,UTA,74,2557,24.1,.588,.000,.322,11.2,29.9,20.6,16.6,1.4,0.7,12.8,26.5,0.0,6.5,3.4,9.9,.185,0.0,3.4,1.2,4.6,4.3
51,ChrisBosh,C,22,TOR,69,2658,22.6,.577,.032,.539,8.1,24.8,16.4,11.7,0.8,2.6,11.7,26.7,0.0,6.1,3.5,9.6,.174,0.0,1.3,1.3,2.6,3.1
52,BruceBowen,SF,35,SAS,82,2464,7.1,.511,.497,.156,1.2,9.4,5.5,7.0,1.3,0.7,11.5,10.9,0.0,0.4,3.6,4.1,.079,0.0,-1.4,1.9,0.5,1.5
53,EarlBoykins,PG,30,TOT,66,2031,16.2,.548,.311,.319,2.8,5.1,4.0,22.7,1.4,0.1,12.0,21.6,0.0,4.1,0.4,4.5,.105,0.0,1.9,-3.1,-1.2,0.4
53,EarlBoykins,PG,30,DEN,31,877,17.7,.542,.291,.347,3.0,5.1,4.0,24.2,1.4,0.2,10.7,23.8,0.0,2.0,0.5,2.5,.134,0.0,2.3,-2.8,-0.5,0.3
53,EarlBoykins,PG,30,MIL,35,1154,15.1,.554,.330,.292,2.6,5.2,3.9,21.5,1.4,0.0,13.4,19.9,0.0,2.1,-0.1,2.0,.083,0.0,1.6,-3.3,-1.7,0.1
54,CedricBozeman,SG,23,ATL,23,199,-0.1,.312,.333,.154,1.8,12.3,7.0,6.9,1.3,0.8,17.8,11.7,0.0,-0.4,0.1,-0.3,-0.077,0.0,-7.2,-1.0,-8.2,-0.3
55,EltonBrand,PF,27,LAC,80,3077,23.1,.581,.001,.381,10.5,18.3,14.5,14.7,1.3,4.5,12.5,24.3,0.0,7.2,4.3,11.5,.180,0.0,2.7,2.3,5.1,5.5
56,RonnieBrewer,SG,21,UTA,56,675,15.2,.566,.047,.430,6.7,6.8,6.7,5.7,2.9,0.7,9.5,16.8,0.0,1.1,0.7,1.7,.124,0.0,0.1,-0.2,-0.2,0.3
57,PrimozBrezec,C,27,CHA,58,838,9.7,.474,.011,.248,11.0,15.2,13.0,4.6,0.7,2.1,11.1,18.5,0.0,0.0,0.6,0.7,.038,0.0,-3.7,-1.3,-5.1,-0.6
58,AndreBrown,PF,25,SEA,38,271,11.1,.577,.014,.203,11.4,21.4,16.4,1.2,1.2,1.1,26.5,18.4,0.0,-0.2,0.2,0.0,-0.002,0.0,-5.4,-3.1,-8.5,-0.4
59,DeeBrown,PG,22,UTA,49,450,8.6,.411,.286,.378,2.2,8.6,5.4,26.2,2.6,1.3,21.3,14.5,0.0,-0.2,0.5,0.2,.024,0.0,-3.4,-0.3,-3.7,-0.2
60,DevinBrown,SG,28,NOK,58,1662,14.3,.538,.409,.279,3.7,13.9,8.7,14.8,1.4,0.4,12.7,19.6,0.0,2.1,1.5,3.5,.102,0.0,1.3,-0.3,1.0,1.2
Rk,Player,Pos,Age,Tm,G,MP,PER,TS%,3PAr,FTr,ORB%,DRB%,TRB%,AST%,STL%,BLK%,TOV%,USG%,0.0,OWS,DWS,WS,WS/48,0.0,OBPM,DBPM,BPM,VORP
61,KwameBrown,C,24,LAL,41,1132,13.7,.573,.004,.554,8.4,16.7,12.6,10.2,1.8,3.3,20.2,15.0,0.0,0.7,1.2,1.9,.080,0.0,-1.4,2.1,0.7,0.8
62,P.J.Brown,PF,37,CHI,72,1456,9.7,.462,.005,.292,10.2,17.0,13.6,5.0,0.8,2.8,15.3,17.0,0.0,-0.4,2.7,2.3,.075,0.0,-4.5,1.6,-3.0,-0.4
63,ShannonBrown,SG,21,CLE,23,202,7.5,.455,.338,.189,3.4,8.9,6.0,8.1,1.8,1.2,14.9,21.1,0.0,-0.2,0.3,0.1,.015,0.0,-4.4,-0.7,-5.1,-0.2
64,KobeBryant,SG,28,LAL,77,3140,26.1,.580,.227,.437,2.8,13.5,8.2,25.5,1.8,0.9,10.9,33.6,0.0,10.8,2.2,13.0,.199,0.0,6.1,-1.4,4.7,5.3
65,GregBuckner,SG,30,DAL,76,1372,7.8,.486,.344,.114,3.1,10.6,6.9,7.6,1.8,0.4,11.3,12.0,0.0,0.4,1.7,2.2,.076,0.0,-1.5,1.0,-0.4,0.5
66,PatBurke,C,33,PHO,23,164,9.3,.424,.338,.200,9.0,23.7,16.7,4.3,0.9,0.9,9.0,21.3,0.0,-0.1,0.2,0.1,.015,0.0,-4.6,-2.3,-6.9,-0.2
67,CaronButler,SF,26,WAS,63,2474,18.3,.537,.074,.336,6.6,15.3,10.8,15.9,2.8,0.5,13.9,23.1,0.0,3.4,1.9,5.3,.103,0.0,1.4,0.5,1.9,2.5
68,JackieButler,C,21,SAS,11,103,9.6,.520,.000,.286,7.3,18.0,12.9,8.1,1.0,0.0,20.2,22.8,0.0,-0.1,0.2,0.1,.047,0.0,-5.4,-0.7,-6.1,-0.1
69,RasualButler,SF,27,NOK,81,2223,10.8,.495,.461,.110,2.1,11.4,6.7,4.7,1.0,1.9,7.5,18.3,0.0,0.8,1.8,2.6,.056,0.0,-1.0,-0.8,-1.7,0.2
70,AndrewBynum,C,19,LAL,82,1793,15.4,.593,.007,.483,9.2,22.3,15.8,8.2,0.3,5.4,17.6,16.3,0.0,2.3,1.9,4.2,.112,0.0,-2.0,1.5,-0.5,0.7
71,JoseCalderon,PG,25,TOR,77,1614,19.1,.588,.149,.283,1.5,8.3,4.9,39.7,2.0,0.2,16.2,19.5,0.0,4.0,1.5,5.4,.162,0.0,2.1,-2.0,0.1,0.9
72,MarcusCamby,C,32,DEN,70,2369,19.1,.519,.003,.335,7.9,30.5,19.4,14.1,1.8,7.0,13.9,15.9,0.0,2.5,5.1,7.6,.155,0.0,-1.3,6.7,5.3,4.4
73,BrianCardinal,PF,29,MEM,28,313,17.7,.655,.518,.318,5.0,17.6,11.3,16.1,3.6,0.2,19.2,17.3,0.0,0.7,0.3,0.9,.144,0.0,2.8,0.1,3.0,0.4
74,RodneyCarney,SF,22,PHI,67,1169,11.4,.514,.184,.222,4.0,9.1,6.6,3.8,1.7,1.5,9.1,18.7,0.0,0.4,1.0,1.3,.055,0.0,-2.1,-1.3,-3.4,-0.4
75,MattCarroll,SG,26,CHA,72,1878,14.6,.580,.406,.316,2.1,11.2,6.5,8.2,1.5,0.4,8.9,19.9,0.0,3.4,1.2,4.6,.117,0.0,1.4,-1.7,-0.3,0.8
76,AnthonyCarter,PG,31,DEN,2,37,3.3,.375,.250,.000,0.0,9.0,4.6,41.4,0.0,1.9,42.9,16.2,0.0,-0.1,0.0,-0.1,-0.115,0.0,-9.2,-4.0,-13.2,-0.1
77,VinceCarter,SG,30,NJN,82,3126,21.8,.559,.273,.360,4.3,14.2,9.3,25.1,1.4,0.8,10.5,30.8,0.0,7.4,3.1,10.5,.161,0.0,4.7,-0.6,4.1,4.8
78,SamCassell,PG,37,LAC,58,1407,17.1,.506,.174,.291,2.3,11.8,7.1,35.3,1.1,0.4,12.5,26.5,0.0,1.7,1.0,2.8,.095,0.0,1.4,-2.4,-0.9,0.4
79,KelvinCato,C,32,NYK,18,95,12.3,.403,.000,.545,15.2,23.5,19.4,0.0,1.7,8.4,18.0,15.9,0.0,-0.1,0.2,0.1,.036,0.0,-8.1,-0.2,-8.3,-0.2
80,TysonChandler,C,24,NOK,73,2525,17.0,.620,.002,.429,14.3,27.3,20.7,4.1,0.8,4.1,18.5,12.3,0.0,4.1,3.8,7.9,.150,0.0,-0.3,2.8,2.5,2.9
Rk,Player,Pos,Age,Tm,G,MP,PER,TS%,3PAr,FTr,ORB%,DRB%,TRB%,AST%,STL%,BLK%,TOV%,USG%,0.0,OWS,DWS,WS,WS/48,0.0,OBPM,DBPM,BPM,VORP
81,JoshChildress,SG,23,ATL,55,2024,16.2,.586,.149,.405,7.2,13.1,10.1,10.8,1.5,1.4,11.6,15.7,0.0,4.1,1.4,5.5,.130,0.0,1.6,0.4,2.0,2.0
82,DougChristie,SG,36,LAC,7,82,4.1,.355,.353,.176,4.4,11.6,8.0,14.6,1.9,0.9,21.4,13.1,0.0,-0.1,0.1,-0.1,-0.031,0.0,-5.3,0.0,-5.3,-0.1
83,SpeedyClaxton,PG,28,ATL,42,1054,7.3,.363,.101,.216,1.4,8.0,4.6,28.1,3.6,0.3,19.8,16.6,0.0,-1.8,1.0,-0.7,-0.034,0.0,-4.6,-0.5,-5.1,-0.8
84,JarronCollins,C,28,UTA,82,913,8.0,.494,.000,.488,9.5,13.3,11.4,9.5,0.7,0.7,15.2,12.0,0.0,0.7,0.6,1.3,.067,0.0,-2.0,-0.2,-2.2,-0.1
85,JasonCollins,PF,28,NJN,80,1844,3.0,.408,.013,.841,5.8,14.4,10.1,3.5,1.1,1.6,26.1,7.1,0.0,-1.3,1.9,0.6,.015,0.0,-5.5,2.1,-3.5,-0.7
86,MardyCollins,SF,22,NYK,52,777,9.2,.445,.206,.360,4.3,11.5,8.0,17.4,2.2,0.3,17.8,18.8,0.0,-0.6,0.6,0.0,.002,0.0,-3.1,-0.5,-3.7,-0.3
87,NickCollison,C,26,SEA,82,2378,14.2,.546,.003,.313,11.4,22.2,16.8,5.4,1.1,2.1,14.5,16.2,0.0,2.8,1.8,4.6,.093,0.0,-1.1,0.3,-0.8,0.7
88,WillConroy,PG-SG,24,TOT,7,52,1.1,.000,.000,1.333,6.9,9.1,8.1,23.6,0.0,0.0,29.6,6.0,0.0,-0.1,0.0,-0.1,-0.062,0.0,-6.5,-1.5,-8.0,-0.1
88,WillConroy,SG,24,MEM,3,17,4.2,0.0,0.0,0.0,7.0,7.0,7.0,7.8,0.0,0.0,0.0,0.0,0.0,0.0,0.0,0.0,.035,0.0,-2.9,-0.1,-3.1,0.0
88,WillConroy,PG,24,LAC,4,35,-0.4,.000,.000,1.333,6.9,10.2,8.6,31.3,0.0,0.0,29.6,8.9,0.0,-0.1,0.0,-0.1,-0.108,0.0,-8.3,-2.1,-10.4,-0.1
89,BrianCook,PF,26,LAL,65,1018,14.8,.525,.282,.115,7.1,17.6,12.4,10.8,1.3,2.0,10.6,21.2,0.0,0.9,0.8,1.8,.083,0.0,-0.6,-1.3,-1.9,0.0
90,JamalCrawford,SG,26,NYK,59,2198,14.5,.517,.363,.307,2.4,7.8,5.1,20.9,1.4,0.3,13.9,24.1,0.0,2.3,0.9,3.1,.069,0.0,1.4,-2.0,-0.6,0.7
91,AustinCroshere,PF,31,DAL,61,727,10.9,.463,.410,.234,5.6,24.8,15.4,9.2,1.0,0.6,11.9,17.8,0.0,0.1,1.1,1.3,.083,0.0,-2.4,0.0,-2.4,-0.1
92,EddyCurry,C,24,NYK,81,2849,17.0,.603,.001,.649,8.2,15.5,11.9,4.6,0.6,1.1,18.4,25.5,0.0,3.1,1.6,4.7,.079,0.0,-0.8,-2.1,-2.9,-0.6
93,SamuelDalembert,C,25,PHI,82,2535,16.1,.581,.003,.340,11.3,23.3,17.4,4.2,1.0,4.8,17.5,16.7,0.0,2.5,3.6,6.2,.117,0.0,-1.5,2.1,0.6,1.6
94,ErickDampier,C,31,DAL,76,1915,14.9,.642,.000,.572,14.0,21.5,17.8,3.5,0.7,3.3,20.4,12.8,0.0,3.3,3.1,6.4,.160,0.0,0.0,2.0,2.0,1.9
95,AntonioDaniels,SG,31,WAS,80,1761,15.0,.572,.162,.643,1.1,8.9,4.9,24.3,1.1,0.4,12.1,14.2,0.0,4.1,0.2,4.3,.116,0.0,0.3,-2.8,-2.6,-0.2
96,MarquisDaniels,SG,26,IND,45,800,11.6,.506,.093,.285,3.7,8.3,5.9,12.6,1.8,0.7,14.8,20.8,0.0,-0.1,0.7,0.6,.036,0.0,-2.7,-1.0,-3.7,-0.4
97,BaronDavis,PG,27,GSW,63,2221,21.0,.530,.272,.358,2.5,11.3,6.8,36.9,2.9,1.0,13.9,26.5,0.0,4.1,2.3,6.4,.139,0.0,3.5,0.0,3.4,3.1
98,DaleDavis,C,37,DET,46,464,13.2,.486,.000,.351,15.1,20.0,17.5,3.9,1.2,5.7,14.9,10.3,0.0,0.5,0.8,1.3,.132,0.0,-2.6,3.1,0.5,0.3
99,PaulDavis,C,22,LAC,31,180,11.2,.452,.000,.192,14.1,15.2,14.6,6.4,1.8,2.2,12.4,16.5,0.0,0.0,0.2,0.2,.066,0.0,-3.1,-0.2,-3.4,-0.1
100,RickyDavis,SF,27,MIN,81,3021,15.9,.566,.285,.262,2.2,10.1,6.2,21.9,1.4,0.6,14.7,21.9,0.0,3.9,1.9,5.7,.091,0.0,1.8,-1.0,0.9,2.2
Rk,Player,Pos,Age,Tm,G,MP,PER,TS%,3PAr,FTr,ORB%,DRB%,TRB%,AST%,STL%,BLK%,TOV%,USG%,0.0,OWS,DWS,WS,WS/48,0.0,OBPM,DBPM,BPM,VORP
101,CarlosDelfino,SG,24,DET,82,1372,12.8,.515,.367,.237,5.8,17.2,11.5,10.2,1.8,0.5,12.8,16.5,0.0,1.0,1.9,2.9,.101,0.0,-0.7,0.4,-0.4,0.6
102,LuolDeng,SF,21,CHI,82,3071,18.7,.560,.006,.295,5.5,15.9,10.8,11.8,1.6,1.2,10.0,22.2,0.0,5.7,5.6,11.3,.176,0.0,0.8,1.9,2.7,3.6
103,BorisDiaw,PF,24,PHO,73,2268,13.0,.570,.079,.211,4.9,11.0,8.1,21.7,0.6,1.2,19.9,15.4,0.0,3.0,1.5,4.6,.097,0.0,0.2,0.8,1.0,1.7
104,YakhoubaDiawara,SG,24,DEN,64,1177,5.3,.450,.582,.182,2.6,7.8,5.3,6.5,1.3,0.4,10.5,12.8,0.0,-0.2,0.8,0.5,.021,0.0,-2.3,-0.8,-3.1,-0.3
105,DanDickau,PG,28,POR,50,444,12.2,.476,.404,.351,1.9,10.3,6.0,26.3,1.7,0.2,13.4,21.3,0.0,0.3,0.2,0.4,.048,0.0,-0.2,-2.9,-3.1,-0.1
106,TravisDiener,PG,24,ORL,26,288,11.6,.566,.625,.188,1.3,6.3,3.9,20.0,0.7,0.0,13.1,16.0,0.0,0.5,0.2,0.7,.113,0.0,1.0,-3.5,-2.6,0.0
107,IkeDiogu,PF,23,TOT,59,760,14.9,.559,.000,.526,11.0,19.5,15.2,5.7,0.5,2.6,17.0,22.9,0.0,0.7,0.8,1.5,.094,0.0,-3.3,-1.5,-4.9,-0.5
107,IkeDiogu,PF,23,GSW,17,222,18.4,.601,.000,.530,10.2,21.2,15.6,3.6,0.7,3.8,15.0,23.1,0.0,0.4,0.2,0.6,.137,0.0,-2.9,-1.8,-4.7,-0.2
107,IkeDiogu,PF,23,IND,42,538,13.5,.539,.000,.525,11.4,18.8,15.0,6.5,0.5,2.1,17.9,22.8,0.0,0.3,0.6,0.9,.076,0.0,-3.5,-1.4,-4.9,-0.4
108,DeSaganaDiop,C,25,DAL,81,1480,10.6,.503,.007,.570,13.8,21.6,17.8,2.8,1.4,5.8,25.0,7.9,0.0,0.7,3.1,3.8,.123,0.0,-2.3,4.7,2.4,1.7
109,JuanDixon,SG,28,TOT,81,1926,11.8,.516,.321,.165,1.7,8.4,5.0,11.0,2.1,0.4,11.8,20.7,0.0,0.5,1.2,1.7,.042,0.0,-0.6,-1.4,-2.0,0.0
109,JuanDixon,SG,28,POR,55,1243,11.2,.515,.322,.162,1.6,7.0,4.3,11.6,2.1,0.4,13.9,20.9,0.0,0.1,0.5,0.6,.023,0.0,-0.8,-1.8,-2.6,-0.2
109,JuanDixon,SG,28,TOR,26,683,12.9,.517,.320,.170,1.9,10.8,6.3,9.9,2.0,0.2,7.9,20.5,0.0,0.4,0.7,1.1,.076,0.0,-0.2,-0.7,-0.9,0.2
110,MichaelDoleac,C,29,MIA,56,698,11.0,.518,.006,.234,7.6,18.3,13.1,5.1,1.4,1.7,13.5,15.1,0.0,0.3,0.9,1.2,.086,0.0,-3.9,0.2,-3.6,-0.3
111,KeyonDooling,SG,26,ORL,66,1435,11.1,.501,.210,.308,1.9,5.4,3.7,13.1,1.9,0.8,12.2,19.1,0.0,0.7,1.4,2.1,.071,0.0,-1.4,-1.0,-2.4,-0.2
112,QuincyDouby,PG,22,SAC,42,359,9.0,.449,.397,.119,3.5,8.7,6.0,6.9,2.1,0.9,10.2,18.5,0.0,-0.3,0.3,0.0,-0.006,0.0,-3.4,-1.7,-5.1,-0.3
113,ChrisDuhon,PG,24,CHI,78,1906,11.9,.529,.507,.209,1.4,8.7,5.1,24.4,1.9,0.2,16.6,14.8,0.0,1.9,3.0,4.8,.121,0.0,-0.1,0.1,0.0,1.0
114,TimDuncan,C,30,SAS,80,2726,26.1,.579,.008,.502,9.8,27.0,18.8,18.8,1.3,5.1,14.0,27.9,0.0,6.3,6.8,13.0,.230,0.0,2.0,5.1,7.1,6.3
115,MikeDunleavy,SG-PF,26,TOT,82,2580,14.1,.542,.264,.316,3.6,15.5,9.4,14.2,1.6,0.6,13.3,19.0,0.0,2.6,2.5,5.1,.095,0.0,-0.1,0.3,0.2,1.4
115,MikeDunleavy,PF,26,GSW,39,1051,14.6,.538,.281,.273,4.1,15.7,9.8,16.7,1.8,0.9,14.6,19.7,0.0,1.0,0.9,1.9,.086,0.0,-0.3,0.0,-0.3,0.4
115,MikeDunleavy,SG,26,IND,43,1529,13.8,.544,.250,.350,3.3,15.4,9.2,12.4,1.6,0.5,12.3,18.5,0.0,1.6,1.6,3.2,.102,0.0,0.1,0.4,0.6,1.0
116,RonaldDupree,SF,26,DET,19,94,7.4,.358,.000,.290,6.3,15.2,10.7,8.5,2.9,0.8,7.9,19.2,0.0,-0.2,0.2,0.0,-0.007,0.0,-6.0,0.4,-5.6,-0.1
117,MontaEllis,SG,21,GSW,77,2638,15.0,.545,.142,.354,2.5,7.7,5.1,18.8,2.4,0.6,15.9,22.4,0.0,2.0,1.9,4.0,.072,0.0,-0.4,-0.6,-1.0,0.7
118,FranciscoElson,C,30,SAS,70,1332,11.2,.552,.007,.284,7.7,22.2,15.2,6.4,1.2,3.3,21.3,14.4,0.0,0.2,2.9,3.1,.111,0.0,-3.7,3.4,-0.3,0.6
119,MelvinEly,PF-C,28,TOT,30,309,5.2,.442,.000,.588,5.7,14.8,10.2,9.0,1.0,2.0,21.8,19.1,0.0,-0.6,0.3,-0.3,-0.039,0.0,-7.1,-0.1,-7.2,-0.4
119,MelvinEly,PF,28,CHA,24,244,4.8,.464,.000,.583,5.7,13.5,9.5,8.9,0.4,1.9,23.4,18.3,0.0,-0.4,0.1,-0.2,-0.047,0.0,-6.9,-0.9,-7.8,-0.4
119,MelvinEly,C,28,SAS,6,65,6.7,.376,.000,.600,5.8,19.7,13.0,9.2,3.3,2.3,16.5,22.1,0.0,-0.2,0.2,0.0,-0.009,0.0,-8.0,3.0,-5.0,0.0
120,MauriceEvans,SG,28,LAL,76,1732,12.1,.523,.245,.286,6.3,8.6,7.5,6.7,1.1,0.6,8.5,17.3,0.0,2.0,0.6,2.6,.072,0.0,-0.7,-2.2,-2.9,-0.4
Rk,Player,Pos,Age,Tm,G,MP,PER,TS%,3PAr,FTr,ORB%,DRB%,TRB%,AST%,STL%,BLK%,TOV%,USG%,0.0,OWS,DWS,WS,WS/48,0.0,OBPM,DBPM,BPM,VORP
121,ReggieEvans,PF,26,DEN,66,1127,13.5,.550,.000,.851,15.8,29.9,23.0,5.7,1.8,1.0,24.3,14.8,0.0,0.4,1.9,2.3,.096,0.0,-2.7,1.1,-1.6,0.1
122,DanielEwing,PG,23,LAC,61,712,9.3,.495,.273,.280,1.5,10.7,6.1,19.8,2.4,0.4,21.7,15.0,0.0,-0.3,0.7,0.5,.033,0.0,-3.3,-0.7,-4.0,-0.4
123,JordanFarmar,PG,20,LAL,72,1090,10.8,.515,.466,.129,2.4,10.3,6.4,19.0,2.1,0.5,19.0,15.8,0.0,0.2,0.7,0.9,.038,0.0,-1.6,-1.4,-2.9,-0.3
124,DesmonFarmer,SG,25,SEA,8,32,15.4,.421,.533,.067,0.0,3.8,1.9,46.0,1.6,0.0,6.1,23.3,0.0,0.0,0.0,0.0,.074,0.0,1.4,-7.8,-6.4,0.0
125,RaymondFelton,PG,22,CHA,78,2832,13.5,.481,.305,.250,2.1,9.3,5.6,32.0,2.2,0.3,16.8,21.9,0.0,0.2,2.1,2.3,.039,0.0,0.2,-0.9,-0.7,1.0
126,MichaelFinley,SF,33,SAS,82,1823,13.7,.524,.431,.148,2.3,12.0,7.4,9.7,0.9,0.6,6.1,19.6,0.0,2.1,2.6,4.7,.125,0.0,0.1,-0.6,-0.4,0.7
127,DerekFisher,SG,32,UTA,82,2287,11.4,.510,.231,.455,1.6,6.3,4.0,18.1,1.9,0.2,12.9,18.2,0.0,2.4,1.5,3.9,.083,0.0,-0.4,-1.3,-1.6,0.2
128,T.J.Ford,PG,23,TOR,75,2243,18.2,.508,.076,.325,2.7,9.7,6.2,44.8,2.3,0.3,18.3,26.1,0.0,2.0,2.3,4.3,.091,0.0,1.1,-0.5,0.6,1.5
129,DannyFortson,C,30,SEA,14,158,4.3,.560,.033,.433,9.8,23.0,16.3,0.9,0.3,0.0,29.6,14.6,0.0,-0.1,0.1,0.0,-0.013,0.0,-6.3,-3.7,-10.0,-0.3
130,JeffFoster,C,30,IND,75,1740,13.0,.513,.004,.469,16.5,24.1,20.2,5.0,1.9,1.6,18.2,9.9,0.0,1.8,2.7,4.5,.124,0.0,-1.4,2.3,0.9,1.3
131,RandyFoye,PG,23,MIN,82,1879,14.0,.536,.268,.278,3.2,10.5,6.9,20.9,1.5,0.9,16.4,22.9,0.0,1.0,1.3,2.3,.058,0.0,-0.3,-1.3,-1.6,0.2
132,AdonalFoyle,C,31,GSW,48,475,13.7,.557,.000,.294,11.5,17.7,14.6,5.5,1.1,8.0,19.3,10.7,0.0,0.4,0.6,1.0,.104,0.0,-3.2,4.0,0.8,0.3
133,SteveFrancis,SG,29,NYK,44,1237,15.1,.5