./tiempos
ig10
1925, 1395
1210, 1350
1112, 1462
1051, 1411
1194, 1508
1791, 1503
1721, 1208
2384, 1584
2118, 1348
2150, 1378
ig100
3401, 1906
2474, 3299
2283, 3590
2305, 3386
2252, 3192
2294, 3889
2310, 3038
2603, 3781
2549, 3491
2887, 3222
ig1000
14891, 13085
10198, 25948
8425, 27184
7633, 25355
7551, 24081
7359, 24976
8463, 23320
8006, 23249
7245, 22321
7321, 22800
rnd10
2552, 894
2063, 714
1897, 655
1793, 598
2025, 663
1741, 1294
1851, 1442
2776, 1415
2243, 1347
2398, 1451
rnd100
6636, 3567
4143, 2122
3695, 1876
3571, 1746
3859, 2093
3235, 2355
3600, 2453
5551, 2851
4345, 2607
4815, 2685
rnd1000
75336, 62472
44014, 39319
37918, 33735
43532, 40345
48650, 41742
39732, 34046
38387, 33251
48547, 37314
52640, 41495
47481, 34654
