108 1232
1 2
1 8
1 16
1 17
1 18
1 28
1 29
1 30
1 32
1 41
1 43
1 52
1 57
1 61
1 63
1 70
1 74
1 93
1 107
2 3
2 6
2 9
2 15
2 16
2 19
2 24
2 33
2 37
2 41
2 42
2 45
2 49
2 54
2 63
2 66
2 67
2 90
2 91
2 94
2 98
2 102
2 106
2 108
3 4
3 5
3 6
3 7
3 8
3 9
3 10
3 11
3 13
3 21
3 26
3 33
3 34
3 42
3 43
3 47
3 61
3 62
3 63
3 98
4 5
4 6
4 7
4 8
4 9
4 10
4 11
4 17
4 19
4 33
4 35
4 41
4 45
4 47
4 49
4 51
4 52
4 55
4 59
4 63
4 66
4 68
4 75
4 76
4 81
4 83
4 84
4 87
4 101
4 103
4 105
5 6
5 7
5 8
5 9
5 10
5 11
5 12
5 15
5 28
5 36
5 50
5 54
5 55
5 60
5 67
5 71
5 72
5 77
5 79
5 83
5 87
5 91
6 7
6 8
6 9
6 10
6 11
6 12
6 15
6 30
6 35
6 43
6 48
6 52
6 53
6 58
6 59
6 66
6 80
6 86
6 87
6 88
6 90
6 95
6 99
6 101
6 102
6 107
6 108
7 8
7 9
7 10
7 11
7 17
7 27
7 28
7 51
7 54
7 61
7 67
7 68
7 69
7 76
7 77
7 80
7 94
7 95
8 9
8 10
8 11
8 15
8 22
8 25
8 26
8 27
8 45
8 46
8 48
8 63
8 64
8 65
8 75
8 76
8 82
8 90
8 91
8 98
8 107
9 10
9 11
9 14
9 28
9 30
9 44
9 47
9 53
9 54
9 63
9 65
9 77
9 83
9 84
9 87
9 92
9 94
9 95
9 96
9 101
9 107
10 11
10 12
10 16
10 33
10 44
10 48
10 54
10 60
10 62
10 69
10 79
10 81
10 82
10 87
10 93
10 99
10 101
10 102
11 30
11 33
11 34
11 38
11 40
11 48
11 50
11 57
11 65
11 67
11 75
11 84
11 91
11 100
11 106
12 13
12 14
12 15
12 16
12 17
12 18
12 19
12 20
12 21
12 23
12 28
12 42
12 46
12 77
12 87
12 91
12 95
12 96
12 100
12 101
13 14
13 15
13 16
13 17
13 18
13 19
13 20
13 21
13 24
13 25
13 37
13 38
13 42
13 49
13 53
13 55
13 56
13 58
13 63
13 65
13 66
13 72
13 74
13 75
13 76
13 79
13 80
13 84
13 85
13 86
13 87
13 92
13 101
14 15
14 16
14 17
14 18
14 19
14 20
14 21
14 26
14 31
14 34
14 37
14 42
14 47
14 49
14 53
14 54
14 62
14 65
14 74
14 79
14 82
14 87
14 89
14 90
14 101
14 104
15 16
15 17
15 18
15 19
15 20
15 21
15 22
15 24
15 29
15 31
15 38
15 39
15 46
15 56
15 67
15 75
15 77
15 83
15 90
15 92
15 98
15 104
16 17
16 18
16 19
16 20
16 21
16 25
16 26
16 29
16 36
16 41
16 55
16 68
16 69
16 71
16 74
16 75
16 84
16 87
16 93
16 108
17 18
17 19
17 20
17 21
17 26
17 28
17 40
17 45
17 46
17 49
17 52
17 55
17 56
17 59
17 61
17 68
17 76
17 78
17 86
17 88
17 92
17 93
17 95
17 103
18 19
18 20
18 21
18 23
18 24
18 28
18 33
18 35
18 39
18 41
18 44
18 70
18 73
18 74
18 75
18 79
18 81
18 82
18 84
18 96
18 97
18 104
19 20
19 21
19 23
19 25
19 28
19 36
19 37
19 49
19 50
19 51
19 71
19 74
19 81
19 86
19 92
19 93
20 21
20 33
20 34
20 38
20 42
20 45
20 50
20 59
20 64
20 80
20 81
20 88
20 89
20 90
20 95
20 97
20 106
20 107
21 23
21 42
21 45
21 46
21 53
21 59
21 60
21 61
21 68
21 69
21 74
21 80
21 83
21 97
21 99
21 100
21 105
22 25
22 29
22 35
22 36
22 40
22 47
22 49
22 50
22 57
22 58
22 61
22 62
22 66
22 69
22 75
22 79
22 81
22 83
22 88
22 92
22 98
22 100
22 102
22 105
23 24
23 30
23 33
23 38
23 41
23 43
23 49
23 61
23 73
23 76
23 77
23 79
23 85
23 91
23 96
23 98
23 100
23 102
23 106
24 30
24 33
24 35
24 46
24 47
24 49
24 51
24 55
24 57
24 58
24 60
24 68
24 71
24 74
24 82
24 83
24 87
24 96
24 99
24 100
24 102
24 104
24 107
25 34
25 36
25 38
25 45
25 47
25 51
25 57
25 58
25 60
25 62
25 69
25 93
25 97
26 29
26 30
26 32
26 38
26 39
26 41
26 48
26 53
26 58
26 60
26 63
26 64
26 65
26 69
26 71
26 86
26 90
26 93
26 97
26 98
26 101
26 104
26 105
26 106
26 108
27 31
27 33
27 34
27 49
27 51
27 52
27 58
27 63
27 65
27 70
27 78
27 79
27 82
27 83
27 89
27 98
27 100
27 104
27 106
27 107
27 108
28 33
28 34
28 46
28 49
28 68
28 70
28 76
28 90
28 100
28 103
28 104
28 107
29 41
29 45
29 52
29 58
29 65
29 67
29 69
29 76
29 93
29 94
30 31
30 38
30 46
30 53
30 55
30 56
30 64
30 67
30 68
30 72
30 74
30 78
30 94
30 97
30 99
30 106
31 32
31 38
31 44
31 45
31 48
31 54
31 55
31 68
31 72
31 73
31 76
31 79
31 83
31 85
31 89
31 90
31 92
31 94
31 96
31 98
31 101
31 103
31 107
32 44
32 45
32 46
32 49
32 52
32 59
32 71
32 80
32 84
32 88
32 89
32 92
32 94
32 95
32 96
32 99
32 101
33 34
33 39
33 40
33 46
33 57
33 64
33 73
33 79
33 86
33 89
33 90
33 95
33 96
33 98
33 106
34 40
34 47
34 58
34 59
34 61
34 64
34 65
34 66
34 69
34 74
34 77
34 84
34 95
35 40
35 44
35 46
35 49
35 51
35 53
35 57
35 61
35 70
35 79
35 80
35 81
35 83
35 84
35 87
36 38
36 45
36 52
36 67
36 83
36 91
36 95
36 101
36 102
36 105
37 38
37 41
37 43
37 44
37 46
37 66
37 70
37 71
37 74
37 80
37 89
37 97
37 100
37 102
38 58
38 62
38 77
38 81
38 87
38 88
38 91
38 99
38 101
38 103
39 41
39 47
39 55
39 61
39 64
39 65
39 73
39 77
39 78
39 82
39 89
39 92
39 108
40 43
40 44
40 53
40 57
40 58
40 61
40 63
40 79
40 80
40 94
40 96
40 99
40 101
40 106
41 42
41 45
41 50
41 60
41 61
41 62
41 76
41 79
41 82
41 83
41 87
41 90
41 91
41 93
41 101
42 55
42 56
42 59
42 60
42 62
42 82
42 83
42 88
42 91
42 94
42 98
42 99
42 100
42 101
43 45
43 53
43 54
43 58
43 61
43 63
43 66
43 69
43 70
43 75
43 79
43 81
43 84
43 88
43 92
43 93
43 99
43 106
44 45
44 47
44 58
44 67
44 73
44 82
44 87
44 99
44 107
45 46
45 47
45 51
45 52
45 54
45 57
45 58
45 59
45 62
45 66
45 74
45 85
45 89
45 92
45 94
45 95
45 99
45 100
46 53
46 58
46 59
46 71
46 74
46 75
46 78
46 82
46 90
46 91
46 93
46 96
46 104
46 106
46 108
47 49
47 63
47 68
47 74
47 81
47 90
47 94
48 49
48 56
48 61
48 63
48 69
48 80
48 83
48 95
49 50
49 51
49 52
49 57
49 61
49 66
49 68
49 70
49 71
49 72
49 75
49 76
49 87
49 90
49 98
49 100
50 51
50 53
50 66
50 70
50 72
50 74
50 80
50 84
50 87
50 93
50 102
50 105
50 108
51 52
51 53
51 54
51 58
51 61
51 65
51 72
51 73
51 83
51 86
51 92
51 99
51 100
51 101
51 104
51 107
52 54
52 55
52 56
52 57
52 60
52 68
52 73
52 74
52 80
52 90
52 91
52 93
52 100
52 106
52 107
53 64
53 72
53 76
53 78
53 101
53 102
54 62
54 73
54 77
54 79
54 82
54 87
54 92
54 103
54 104
55 68
55 74
55 75
55 86
55 89
55 92
55 93
55 97
56 66
56 71
56 74
56 87
56 89
56 92
56 93
56 95
56 101
56 102
56 103
56 106
57 59
57 62
57 65
57 68
57 70
57 72
57 75
57 80
57 85
57 88
57 89
57 94
57 100
57 106
57 108
58 68
58 72
58 79
58 80
58 82
58 103
58 108
59 60
59 61
59 72
59 76
59 86
59 95
59 99
59 102
59 103
59 107
60 84
60 88
60 92
60 96
60 97
60 98
60 106
61 66
61 70
61 77
61 83
61 87
61 98
61 99
61 105
62 63
62 65
62 72
62 75
62 79
62 82
62 83
62 89
62 104
62 106
63 64
63 71
63 80
63 82
63 84
63 86
63 88
63 89
63 90
63 92
63 95
63 96
63 100
63 108
64 68
64 74
64 75
64 86
64 89
64 98
64 102
64 103
65 72
65 75
65 79
65 85
65 89
65 104
65 105
65 106
65 108
66 74
66 78
66 79
66 81
66 82
66 92
66 94
66 96
66 101
66 103
67 76
67 83
67 86
67 91
67 92
67 94
67 102
67 105
68 69
68 77
68 79
68 85
68 91
68 104
69 70
69 71
69 73
69 74
69 77
69 82
69 83
69 86
69 87
69 96
69 99
69 106
69 107
70 71
70 88
70 94
70 95
71 75
71 78
71 79
71 86
71 98
71 106
71 107
72 79
72 90
72 93
73 75
73 88
73 95
73 100
73 101
73 106
73 108
74 77
74 82
74 85
74 86
74 92
75 76
75 77
75 80
75 82
75 86
75 88
75 94
75 97
75 98
75 103
76 86
76 90
76 96
76 100
76 105
76 106
77 82
77 96
77 100
78 81
78 84
78 94
78 96
78 102
78 103
78 107
79 83
79 88
79 92
79 97
79 99
79 104
79 105
80 81
80 84
80 91
80 94
80 96
80 101
80 107
81 84
81 86
81 91
81 96
81 97
81 99
81 106
81 107
81 108
82 83
82 86
82 93
82 98
82 101
82 105
82 107
83 86
83 89
83 93
83 95
83 99
83 102
84 93
84 95
84 98
84 104
85 92
85 94
85 95
86 98
87 90
87 92
87 100
87 102
88 90
88 91
88 92
88 101
88 103
88 104
89 94
89 95
89 96
90 100
90 101
90 104
90 105
90 107
91 93
91 98
91 102
91 103
91 105
91 107
92 100
92 101
93 101
93 103
94 98
95 96
95 98
95 100
96 100
96 104
97 100
97 101
97 105
97 106
98 99
98 103
98 106
99 105
99 106
100 103
100 104
100 106
100 107
101 103
101 104
103 104
104 108
