87 773
1 6
1 15
1 18
1 19
1 28
1 37
1 40
1 44
1 54
1 60
1 61
1 62
1 65
1 67
1 82
1 87
2 3
2 4
2 5
2 6
2 7
2 9
2 23
2 28
2 32
2 42
2 48
2 50
2 64
2 82
3 4
3 5
3 9
3 10
3 15
3 16
3 27
3 28
3 32
3 35
3 36
3 43
3 50
3 58
3 61
3 63
3 65
3 72
3 76
3 81
3 87
4 5
4 11
4 19
4 23
4 32
4 42
4 51
4 55
4 56
4 58
4 59
4 64
4 76
4 77
5 13
5 16
5 19
5 20
5 26
5 29
5 35
5 42
5 51
5 57
5 70
5 78
5 80
5 83
5 84
6 7
6 8
6 9
6 10
6 12
6 16
6 17
6 24
6 25
6 26
6 30
6 33
6 37
6 38
6 43
6 56
6 65
6 71
7 8
7 9
7 10
7 13
7 19
7 22
7 25
7 27
7 31
7 37
7 39
7 41
7 45
7 46
7 49
7 51
7 56
7 57
7 58
7 60
7 62
7 66
7 76
7 81
7 83
7 87
8 9
8 10
8 11
8 16
8 17
8 19
8 20
8 37
8 40
8 42
8 45
8 48
8 52
8 59
8 68
8 69
8 70
8 72
8 73
8 77
8 80
9 10
9 22
9 25
9 28
9 31
9 35
9 40
9 53
9 55
9 56
9 58
9 66
9 73
9 80
10 11
10 15
10 21
10 24
10 26
10 33
10 37
10 40
10 43
10 44
10 49
10 57
10 59
10 62
10 65
10 68
10 72
10 73
10 77
10 81
10 87
11 12
11 13
11 14
11 15
11 16
11 17
11 20
11 28
11 30
11 46
11 57
11 63
11 66
11 68
11 69
11 75
11 79
11 80
12 13
12 14
12 15
12 16
12 17
12 20
12 23
12 25
12 27
12 45
12 51
12 53
12 57
12 65
12 70
12 75
12 81
12 83
12 85
13 14
13 15
13 16
13 17
13 21
13 25
13 36
13 39
13 47
13 50
13 51
13 54
13 57
13 59
13 60
13 73
13 76
13 80
13 82
13 85
14 15
14 16
14 17
14 21
14 22
14 24
14 25
14 36
14 38
14 42
14 46
14 50
14 54
14 72
14 76
14 82
15 16
15 17
15 20
15 27
15 31
15 42
15 44
15 46
15 47
15 49
15 53
15 57
15 60
15 70
15 78
16 17
16 21
16 22
16 26
16 36
16 38
16 48
16 56
16 57
16 62
16 79
16 84
17 18
17 19
17 24
17 36
17 40
17 50
17 58
17 66
17 70
17 71
17 80
17 81
17 82
17 83
17 84
18 21
18 37
18 38
18 50
18 65
18 75
19 20
19 21
19 23
19 24
19 34
19 35
19 38
19 42
19 55
19 56
19 70
19 83
20 21
20 29
20 35
20 38
20 39
20 51
20 63
20 65
20 76
20 77
20 78
20 82
20 83
20 86
21 26
21 32
21 35
21 39
21 45
21 47
21 50
21 52
21 53
21 57
21 63
21 68
21 72
21 73
21 77
21 80
21 84
22 23
22 30
22 32
22 33
22 38
22 46
22 58
22 65
22 67
22 68
22 76
22 78
23 24
23 28
23 38
23 42
23 48
23 53
23 64
23 71
23 74
24 26
24 35
24 46
24 47
24 52
24 63
24 74
24 76
24 77
24 79
24 80
25 28
25 35
25 36
25 37
25 41
25 42
25 44
25 45
25 51
25 53
25 77
26 30
26 37
26 38
26 41
26 49
26 50
26 52
26 57
26 60
26 71
26 78
26 84
26 85
26 86
27 30
27 33
27 34
27 37
27 44
27 48
27 54
27 62
27 63
27 68
27 69
27 73
27 78
27 80
28 32
28 34
28 42
28 46
28 55
28 61
28 62
28 64
28 65
28 75
28 77
29 38
29 45
29 50
29 56
29 57
29 64
29 74
29 75
29 76
30 32
30 46
30 48
30 49
30 62
30 63
30 65
30 68
30 70
30 74
30 79
30 87
31 33
31 52
31 53
31 69
31 74
31 78
32 36
32 38
32 42
32 43
32 57
32 62
32 63
32 64
32 68
32 69
32 70
32 71
32 72
33 35
33 49
33 52
33 75
33 81
33 82
33 83
33 85
33 86
33 87
34 38
34 44
34 58
34 63
34 65
34 81
34 84
35 43
35 47
35 54
35 58
35 59
35 65
35 69
35 73
35 76
35 80
35 84
35 86
36 37
36 41
36 49
36 52
36 58
36 59
36 60
36 63
36 68
36 69
36 80
36 85
36 87
37 38
37 39
37 43
37 44
37 46
37 52
37 60
37 63
37 71
37 76
38 43
38 54
38 56
38 59
38 60
38 61
38 62
38 68
38 74
38 75
38 77
38 86
38 87
39 44
39 55
39 61
39 63
39 67
39 70
39 75
39 85
40 42
40 45
40 46
40 58
40 60
40 67
40 78
40 82
40 86
41 43
41 45
41 47
41 50
41 51
41 58
41 69
41 84
41 87
42 43
42 47
42 49
42 50
42 53
42 54
42 55
42 58
42 59
42 61
42 75
42 76
42 78
42 79
42 87
43 46
43 59
43 62
43 63
43 65
43 72
43 74
44 67
44 71
44 74
44 83
44 84
45 51
45 54
45 68
45 69
45 74
45 76
45 84
45 85
46 55
46 64
46 66
46 67
46 69
46 75
46 76
46 81
46 85
47 48
47 55
47 75
47 79
47 84
48 49
48 55
48 59
48 60
48 62
48 63
48 77
48 78
48 83
49 51
49 56
49 59
49 61
49 74
50 60
50 62
50 67
50 71
50 75
50 77
50 79
50 80
50 82
50 83
50 85
51 58
51 69
51 83
51 85
52 59
52 60
52 80
52 82
52 83
53 56
53 58
53 63
53 64
53 67
53 74
53 86
53 87
54 57
54 60
54 66
54 69
54 76
55 62
55 63
55 68
55 71
55 73
55 79
55 84
55 87
56 60
56 76
56 79
57 58
57 61
57 64
57 66
57 69
57 75
57 76
57 77
57 80
58 78
58 82
58 86
59 67
59 68
59 72
59 74
59 75
59 81
59 82
59 84
59 86
60 63
60 66
60 74
60 76
60 77
60 83
61 62
61 65
61 67
61 69
61 74
61 83
61 86
62 63
62 65
62 67
62 69
62 82
62 84
63 68
63 78
63 81
63 85
64 65
64 67
64 71
64 72
64 74
64 78
64 84
65 67
65 69
65 73
65 82
65 85
66 68
66 69
66 74
66 79
66 85
67 71
67 73
67 81
67 83
68 73
68 76
68 83
68 85
69 72
69 79
70 72
70 77
70 82
70 83
71 76
71 78
71 87
72 82
72 87
73 78
73 80
73 82
74 81
74 84
74 85
75 78
75 79
75 81
76 79
76 80
76 82
76 83
76 84
77 78
77 81
78 79
78 82
78 83
78 85
79 80
79 85
80 81
80 82
80 87
81 85
82 83
83 84
83 85
