41 198
1 2
1 3
1 4
1 5
1 6
1 7
1 9
1 11
1 13
1 14
1 15
1 16
1 19
1 21
1 30
1 33
1 40
1 41
2 3
2 4
2 5
2 6
2 7
2 8
2 21
2 24
2 26
2 27
2 30
2 33
2 40
3 4
3 5
3 6
3 20
3 25
3 33
3 38
3 41
4 5
4 6
4 11
4 13
4 17
4 24
4 30
5 6
5 7
5 16
5 20
5 21
5 24
5 26
5 28
5 37
5 40
6 22
6 23
6 24
6 28
6 31
6 33
7 8
7 9
7 13
7 21
7 31
7 32
7 33
7 37
7 39
7 40
8 10
8 12
8 21
8 29
8 41
9 15
9 20
9 28
9 32
9 39
10 11
10 14
10 19
10 21
10 22
10 26
10 41
11 13
11 14
11 24
11 28
11 30
11 40
11 41
12 21
12 22
12 30
12 40
12 41
13 15
13 21
13 23
13 24
13 34
13 36
13 38
13 41
14 20
14 24
14 30
14 31
14 32
14 39
15 24
15 37
16 17
16 25
16 41
17 19
17 20
17 23
17 36
17 37
17 38
17 41
18 22
18 23
18 27
18 28
18 32
18 38
19 21
19 31
19 32
19 35
19 36
19 40
20 24
20 28
20 33
20 34
20 35
20 36
20 39
20 41
21 26
21 27
21 32
21 34
21 36
22 28
22 30
22 35
22 37
22 40
23 27
23 32
23 35
23 39
24 31
24 36
24 41
25 28
25 33
25 36
26 31
26 36
26 37
27 31
27 35
27 36
27 40
27 41
28 31
28 32
28 36
28 41
29 33
29 36
29 39
30 31
30 33
30 34
30 35
30 38
31 35
31 38
32 34
33 35
33 37
33 39
33 41
34 36
34 38
35 39
36 39
