92 898
1 2
1 3
1 4
1 5
1 6
1 7
1 12
1 16
1 17
1 24
1 25
1 26
1 30
1 33
1 37
1 38
1 43
1 56
1 65
1 71
1 88
2 3
2 4
2 5
2 6
2 7
2 9
2 10
2 13
2 19
2 22
2 25
2 27
2 31
2 37
2 39
2 41
2 45
2 46
2 49
2 51
2 56
2 57
2 58
2 60
2 62
2 66
2 76
2 81
2 83
2 87
3 4
3 5
3 6
3 7
3 11
3 16
3 17
3 19
3 20
3 37
3 40
3 42
3 45
3 48
3 52
3 59
3 68
3 69
3 70
3 72
3 73
3 77
3 80
3 92
4 5
4 6
4 7
4 9
4 10
4 22
4 25
4 28
4 31
4 35
4 40
4 53
4 55
4 56
4 58
4 66
4 73
4 80
4 89
5 6
5 7
5 11
5 15
5 21
5 24
5 26
5 33
5 37
5 40
5 43
5 44
5 49
5 57
5 59
5 62
5 65
5 68
5 72
5 73
5 77
5 81
5 87
6 7
6 9
6 12
6 20
6 28
6 30
6 46
6 57
6 63
6 66
6 68
6 69
6 75
6 79
6 80
7 8
7 20
7 23
7 25
7 27
7 45
7 51
7 53
7 57
7 65
7 70
7 75
7 81
7 83
7 85
7 89
8 9
8 10
8 11
8 12
8 13
8 14
8 15
8 16
8 17
8 21
8 25
8 36
8 39
8 47
8 50
8 51
8 54
8 57
8 59
8 60
8 73
8 76
8 80
8 82
8 85
8 89
8 92
9 10
9 11
9 12
9 13
9 14
9 15
9 16
9 17
9 21
9 22
9 24
9 25
9 36
9 38
9 42
9 46
9 50
9 54
9 72
9 76
9 82
9 90
9 92
10 11
10 12
10 13
10 14
10 15
10 16
10 17
10 20
10 27
10 31
10 42
10 44
10 46
10 47
10 49
10 53
10 57
10 60
10 70
10 78
11 12
11 13
11 14
11 15
11 16
11 17
11 21
11 22
11 26
11 36
11 38
11 48
11 56
11 57
11 62
11 79
11 84
11 89
12 13
12 14
12 15
12 16
12 17
12 18
12 19
12 24
12 36
12 40
12 50
12 58
12 66
12 70
12 71
12 80
12 81
12 82
12 83
12 84
12 91
12 92
13 14
13 15
13 16
13 17
13 21
13 37
13 38
13 50
13 65
13 75
13 88
13 90
14 15
14 16
14 17
14 20
14 21
14 23
14 24
14 34
14 35
14 38
14 42
14 55
14 56
14 70
14 83
15 16
15 17
15 21
15 29
15 35
15 38
15 39
15 51
15 63
15 65
15 76
15 77
15 78
15 82
15 83
15 86
16 17
16 19
16 20
16 26
16 32
16 35
16 39
16 45
16 47
16 50
16 52
16 53
16 57
16 63
16 68
16 72
16 73
16 77
16 80
16 84
16 91
17 20
17 23
17 30
17 32
17 33
17 38
17 46
17 58
17 65
17 67
17 68
17 76
17 78
18 20
18 23
18 24
18 28
18 38
18 42
18 48
18 53
18 64
18 71
18 74
18 89
18 91
18 92
19 22
19 26
19 35
19 46
19 47
19 52
19 63
19 74
19 76
19 77
19 79
19 80
19 88
19 91
20 28
20 35
20 36
20 37
20 41
20 42
20 44
20 45
20 51
20 53
20 77
20 88
20 89
21 22
21 30
21 37
21 38
21 41
21 49
21 50
21 52
21 57
21 60
21 71
21 78
21 84
21 85
21 86
21 89
21 92
22 30
22 33
22 34
22 37
22 44
22 48
22 54
22 62
22 63
22 68
22 69
22 73
22 78
22 80
22 89
22 91
23 24
23 26
23 32
23 34
23 42
23 46
23 55
23 61
23 62
23 64
23 65
23 75
23 77
23 92
24 28
24 38
24 45
24 50
24 56
24 57
24 64
24 74
24 75
24 76
25 28
25 29
25 32
25 46
25 48
25 49
25 62
25 63
25 65
25 68
25 70
25 74
25 79
25 87
26 28
26 30
26 33
26 52
26 53
26 69
26 74
26 78
27 32
27 36
27 38
27 42
27 43
27 57
27 62
27 63
27 64
27 68
27 69
27 70
27 71
27 72
28 31
28 35
28 49
28 52
28 75
28 81
28 82
28 83
28 85
28 86
28 87
28 91
28 92
29 32
29 38
29 44
29 58
29 63
29 65
29 81
29 84
29 89
30 43
30 47
30 54
30 58
30 59
30 65
30 69
30 73
30 76
30 80
30 84
30 86
30 91
31 32
31 37
31 41
31 49
31 52
31 58
31 59
31 60
31 63
31 68
31 69
31 80
31 85
31 87
32 36
32 38
32 39
32 43
32 44
32 46
32 52
32 60
32 63
32 71
32 76
33 34
33 37
33 38
33 43
33 54
33 56
33 59
33 60
33 61
33 62
33 68
33 74
33 75
33 77
33 86
33 87
33 90
34 37
34 44
34 55
34 61
34 63
34 67
34 70
34 75
34 85
34 89
35 42
35 45
35 46
35 58
35 60
35 67
35 78
35 82
35 86
35 89
35 90
36 37
36 41
36 43
36 45
36 47
36 50
36 51
36 58
36 69
36 84
36 87
37 38
37 42
37 43
37 47
37 49
37 50
37 53
37 54
37 55
37 58
37 59
37 61
37 75
37 76
37 78
37 79
37 87
37 88
37 89
38 41
38 42
38 46
38 59
38 62
38 63
38 65
38 72
38 74
39 42
39 44
39 67
39 71
39 74
39 83
39 84
39 90
40 51
40 54
40 68
40 69
40 74
40 76
40 84
40 85
40 90
40 91
41 43
41 55
41 64
41 66
41 67
41 69
41 75
41 76
41 81
41 85
42 48
42 55
42 75
42 79
42 84
43 44
43 48
43 49
43 55
43 59
43 60
43 62
43 63
43 77
43 78
43 83
43 88
43 90
44 51
44 56
44 59
44 61
44 74
44 88
45 48
45 60
45 62
45 67
45 71
45 75
45 77
45 79
45 80
45 82
45 83
45 85
45 90
45 91
46 58
46 69
46 83
46 85
46 89
47 48
47 50
47 59
47 60
47 80
47 82
47 83
47 89
47 92
48 50
48 53
48 56
48 58
48 63
48 64
48 67
48 74
48 86
48 87
49 57
49 60
49 66
49 69
49 76
50 62
50 63
50 68
50 71
50 73
50 79
50 84
50 87
50 88
51 60
51 76
51 79
51 88
51 90
52 58
52 61
52 64
52 66
52 69
52 75
52 76
52 77
52 80
52 89
53 78
53 82
53 86
53 90
54 55
54 67
54 68
54 72
54 74
54 75
54 81
54 82
54 84
54 86
54 89
54 90
55 56
55 59
55 63
55 66
55 74
55 76
55 77
55 83
55 89
55 90
55 91
56 57
56 62
56 65
56 67
56 69
56 74
56 83
56 86
56 88
56 89
57 58
57 63
57 65
57 67
57 69
57 82
57 84
58 62
58 68
58 78
58 81
58 85
58 91
59 65
59 67
59 71
59 72
59 74
59 78
59 84
60 67
60 69
60 73
60 82
60 85
61 63
61 68
61 69
61 74
61 79
61 85
62 64
62 71
62 73
62 81
62 83
62 90
63 64
63 65
63 68
63 73
63 76
63 83
63 85
63 91
64 69
64 72
64 79
64 89
64 90
65 69
65 72
65 77
65 82
65 83
65 90
65 92
66 67
66 76
66 78
66 87
67 69
67 70
67 82
67 87
67 90
68 70
68 78
68 80
68 82
68 88
68 90
69 81
69 84
69 85
69 89
70 78
70 79
70 81
71 73
71 75
71 79
71 80
71 82
71 83
71 84
71 91
72 73
72 78
72 81
72 90
73 74
73 78
73 79
73 82
73 83
73 85
74 80
74 85
74 89
74 92
75 76
75 81
75 82
75 87
75 91
76 85
76 89
76 90
77 78
77 81
77 83
77 88
77 92
78 82
78 83
78 84
78 85
78 92
79 91
80 85
80 89
80 90
81 84
81 91
82 84
82 86
82 87
82 92
83 85
84 92
85 89
85 92
86 89
88 91
90 92
