70 524
1 2
1 3
1 4
1 5
1 6
1 7
1 8
1 9
1 10
1 11
1 13
1 16
1 31
1 33
1 34
1 35
1 38
1 44
1 51
1 52
1 60
1 65
1 66
2 3
2 4
2 5
2 6
2 7
2 8
2 9
2 10
2 11
2 15
2 19
2 31
2 35
2 38
2 45
2 46
2 56
2 57
2 60
2 62
2 65
2 66
2 67
2 69
3 4
3 5
3 6
3 7
3 8
3 9
3 10
3 11
3 32
3 34
3 47
3 48
3 49
3 53
3 57
3 62
3 63
3 65
3 68
4 5
4 6
4 7
4 8
4 9
4 10
4 11
4 20
4 29
4 35
4 37
4 39
4 41
4 47
4 49
4 50
4 52
4 70
5 6
5 7
5 8
5 9
5 10
5 11
5 30
5 36
5 38
5 47
5 51
5 52
5 53
5 54
5 55
5 57
5 60
5 61
5 63
5 65
5 67
6 7
6 8
6 9
6 10
6 11
6 13
6 15
6 16
6 24
6 28
6 29
6 33
6 35
6 39
6 42
6 44
6 60
6 61
6 63
6 67
6 68
7 8
7 9
7 10
7 11
7 28
7 31
7 39
7 54
7 66
7 68
8 9
8 10
8 11
8 24
8 29
8 31
8 46
8 57
8 64
8 67
8 68
9 10
9 11
9 15
9 22
9 27
9 32
9 48
9 49
10 11
10 20
10 22
10 27
10 39
10 50
10 57
10 61
10 62
10 66
10 69
11 13
11 14
11 25
11 26
11 27
11 29
11 31
11 33
11 35
11 57
11 62
12 13
12 14
12 16
12 18
12 21
12 24
12 26
12 30
12 38
12 40
12 46
12 47
12 61
12 64
13 14
13 17
13 21
13 31
13 45
13 46
13 48
13 51
13 58
13 60
13 64
13 65
13 66
14 26
14 29
14 30
14 45
14 47
14 48
14 49
14 59
14 61
14 62
14 63
15 17
15 26
15 29
15 47
15 49
15 60
15 63
15 65
15 67
15 68
15 69
16 24
16 25
16 29
16 31
16 33
16 34
16 35
16 36
16 39
16 43
16 44
16 45
16 53
16 62
16 67
17 21
17 25
17 27
17 29
17 33
17 36
17 44
17 49
17 61
17 66
17 68
17 69
18 19
18 28
18 37
18 40
18 44
18 54
18 60
18 61
18 62
18 65
18 67
19 23
19 28
19 32
19 42
19 48
19 50
19 64
20 27
20 28
20 32
20 35
20 36
20 43
20 50
20 58
20 61
20 63
20 65
21 23
21 32
21 42
21 51
21 55
21 56
21 58
21 59
21 64
22 26
22 29
22 35
22 42
22 51
22 57
22 70
23 24
23 25
23 26
23 30
23 33
23 37
23 38
23 43
23 56
23 65
24 25
24 27
24 31
24 37
24 39
24 41
24 45
24 46
24 49
24 51
24 56
24 57
24 58
24 60
24 62
24 66
25 37
25 40
25 42
25 45
25 48
25 52
25 59
25 68
25 69
25 70
26 28
26 31
26 35
26 40
26 53
26 55
26 56
26 58
26 66
27 33
27 37
27 40
27 43
27 44
27 49
27 57
27 59
27 62
27 65
27 68
28 30
28 46
28 57
28 63
28 66
28 68
28 69
29 45
29 51
29 53
29 57
29 65
29 70
30 36
30 39
30 47
30 50
30 51
30 54
30 57
30 59
30 60
31 36
31 38
31 42
31 46
31 50
31 54
32 42
32 44
32 46
32 47
32 49
32 53
32 57
32 60
32 70
33 36
33 38
33 48
33 56
33 57
33 62
34 36
34 40
34 50
34 58
34 66
34 70
35 37
35 38
35 50
35 65
36 38
36 42
36 55
36 56
36 70
37 38
37 39
37 51
37 63
37 65
38 39
38 45
38 47
38 50
38 52
38 53
38 57
38 63
38 68
39 46
39 58
39 65
39 67
39 68
40 42
40 48
40 53
40 64
41 46
41 47
41 52
41 63
42 44
42 45
42 51
42 53
43 49
43 50
43 52
43 57
43 60
44 48
44 54
44 62
44 63
44 68
44 69
45 46
45 55
45 61
45 62
45 64
45 65
46 50
46 56
46 57
46 64
47 48
47 49
47 62
47 63
47 65
47 68
47 70
48 52
48 53
48 69
49 57
49 62
49 63
49 64
49 68
49 69
49 70
50 52
51 58
51 63
51 65
52 54
52 58
52 59
52 65
52 69
53 58
53 59
53 60
53 63
53 68
53 69
54 60
54 63
55 56
55 59
55 60
55 61
55 62
55 68
56 61
56 63
56 67
56 70
57 58
57 60
57 67
58 69
59 61
60 62
60 63
60 65
61 67
62 68
62 69
63 64
63 66
63 67
63 69
68 69
