143 2249
1 2
1 3
1 4
1 5
1 6
1 7
1 8
1 9
1 10
1 11
1 12
1 13
1 14
1 15
1 16
1 17
1 18
1 19
1 20
1 21
1 22
1 31
1 52
1 53
1 78
1 79
1 83
1 89
1 90
1 94
1 102
1 103
1 114
1 124
1 126
1 133
1 138
1 140
2 3
2 4
2 5
2 6
2 7
2 8
2 9
2 10
2 11
2 12
2 13
2 14
2 15
2 16
2 17
2 18
2 19
2 20
2 21
2 22
2 32
2 50
2 52
2 54
2 55
2 59
2 62
2 69
2 70
2 71
2 73
2 91
2 98
2 100
2 101
2 104
2 107
2 115
2 121
2 122
2 129
2 131
2 136
3 4
3 5
3 6
3 7
3 8
3 9
3 10
3 11
3 12
3 13
3 14
3 15
3 16
3 17
3 18
3 19
3 20
3 21
3 22
3 27
3 28
3 32
3 48
3 49
3 51
3 52
3 55
3 57
3 65
3 69
3 80
3 81
3 87
3 94
3 96
3 98
3 127
3 138
3 139
3 142
4 5
4 6
4 7
4 8
4 9
4 10
4 11
4 12
4 13
4 14
4 15
4 16
4 17
4 18
4 19
4 20
4 21
4 22
4 23
4 32
4 33
4 49
4 53
4 55
4 56
4 60
4 66
4 75
4 76
4 81
4 83
4 85
4 95
4 99
4 102
4 103
4 107
4 108
4 110
4 114
4 126
4 130
4 139
5 6
5 7
5 8
5 9
5 10
5 11
5 12
5 13
5 14
5 15
5 16
5 17
5 18
5 19
5 20
5 21
5 22
5 25
5 28
5 30
5 32
5 38
5 49
5 58
5 61
5 63
5 71
5 80
5 83
5 91
5 96
5 99
5 100
5 101
5 103
5 108
5 114
5 119
5 124
5 129
5 130
5 131
5 133
6 7
6 8
6 9
6 10
6 11
6 12
6 13
6 14
6 15
6 16
6 17
6 18
6 19
6 20
6 21
6 22
6 24
6 28
6 50
6 51
6 74
6 75
6 83
6 89
6 91
6 93
6 95
6 100
6 103
6 114
6 115
6 122
6 123
6 126
6 127
6 128
6 134
7 8
7 9
7 10
7 11
7 12
7 13
7 14
7 15
7 16
7 17
7 18
7 19
7 20
7 21
7 22
7 30
7 32
7 35
7 38
7 41
7 43
7 49
7 51
7 52
7 56
7 63
7 73
7 76
7 94
7 104
7 106
7 108
7 114
7 121
7 126
7 130
7 132
7 136
7 142
8 9
8 10
8 11
8 12
8 13
8 14
8 15
8 16
8 17
8 18
8 19
8 20
8 21
8 22
8 23
8 37
8 38
8 55
8 61
8 64
8 65
8 67
8 71
8 74
8 79
8 84
8 87
8 91
8 92
8 97
8 99
8 101
8 102
8 105
8 120
8 123
8 125
8 127
8 135
8 139
8 143
9 10
9 11
9 12
9 13
9 14
9 15
9 16
9 17
9 18
9 19
9 20
9 21
9 22
9 26
9 29
9 35
9 37
9 38
9 40
9 42
9 53
9 55
9 58
9 72
9 80
9 82
9 83
9 85
9 101
9 102
9 115
9 117
9 121
9 123
9 129
9 136
9 139
9 142
10 11
10 12
10 13
10 14
10 15
10 16
10 17
10 18
10 19
10 20
10 21
10 22
10 24
10 26
10 31
10 36
10 39
10 41
10 44
10 46
10 54
10 57
10 58
10 59
10 67
10 81
10 84
10 93
10 102
10 103
10 106
10 109
10 112
10 117
10 140
11 12
11 13
11 14
11 15
11 16
11 17
11 18
11 19
11 20
11 21
11 22
11 24
11 48
11 49
11 60
11 65
11 68
11 71
11 82
11 86
11 88
11 91
11 94
11 99
11 100
11 116
11 120
11 123
11 128
11 137
11 142
12 13
12 14
12 15
12 16
12 17
12 18
12 19
12 20
12 21
12 22
12 30
12 31
12 33
12 41
12 45
12 46
12 47
12 49
12 55
12 57
12 65
12 67
12 69
12 78
12 82
12 83
12 88
12 91
12 97
12 102
12 107
12 113
12 122
12 123
12 124
12 127
12 128
12 137
12 140
12 143
13 14
13 15
13 16
13 17
13 18
13 19
13 20
13 21
13 22
13 23
13 27
13 30
13 33
13 41
13 42
13 48
13 54
13 66
13 67
13 74
13 77
13 79
13 87
13 88
13 92
13 95
13 97
13 113
13 118
13 119
13 121
13 133
13 134
13 136
14 15
14 16
14 17
14 18
14 19
14 20
14 21
14 22
14 31
14 58
14 76
14 91
14 92
14 101
14 107
14 108
14 121
14 122
14 124
14 136
14 140
15 16
15 17
15 18
15 19
15 20
15 21
15 22
15 24
15 25
15 26
15 36
15 42
15 44
15 49
15 58
15 73
15 74
15 75
15 79
15 81
15 83
15 84
15 88
15 92
15 94
15 98
15 101
15 104
15 111
15 112
15 119
15 122
15 123
15 124
15 128
15 129
15 134
15 139
15 141
16 17
16 18
16 19
16 20
16 21
16 22
16 30
16 34
16 37
16 38
16 41
16 43
16 53
16 55
16 57
16 58
16 59
16 61
16 63
16 64
16 68
16 72
16 80
16 89
16 94
16 112
16 113
16 114
16 118
16 124
16 128
16 129
16 132
16 138
17 18
17 19
17 20
17 21
17 22
17 26
17 30
17 31
17 34
17 35
17 36
17 37
17 38
17 40
17 49
17 54
17 61
17 68
17 72
17 79
17 89
17 90
17 91
17 97
17 98
17 105
17 106
17 110
17 112
17 118
17 120
17 121
17 130
17 134
18 19
18 20
18 21
18 22
18 24
18 32
18 33
18 35
18 36
18 39
18 45
18 50
18 51
18 56
18 59
18 61
18 64
18 70
18 71
18 74
18 77
18 82
18 83
18 89
18 91
18 94
18 98
18 101
18 105
18 109
18 118
18 126
18 129
18 131
19 20
19 21
19 22
19 25
19 33
19 34
19 37
19 38
19 41
19 45
19 46
19 49
19 54
19 59
19 66
19 68
19 77
19 79
19 86
19 96
19 103
19 107
19 109
19 110
19 114
19 121
19 124
19 129
19 130
19 138
19 141
19 142
20 21
20 22
20 29
20 30
20 37
20 49
20 51
20 59
20 65
20 66
20 78
20 81
20 83
20 85
20 86
20 89
20 91
20 92
20 104
20 109
20 110
20 118
20 121
20 127
20 131
20 136
20 142
21 22
21 31
21 32
21 36
21 38
21 41
21 42
21 46
21 56
21 71
21 74
21 81
21 85
21 87
21 91
21 92
21 94
21 101
21 102
21 105
21 107
21 108
21 110
21 111
21 122
21 126
21 128
21 136
21 138
21 143
22 27
22 31
22 36
22 46
22 50
22 53
22 58
22 61
22 64
22 74
22 75
22 78
22 81
22 82
22 84
22 86
22 89
22 92
22 93
22 100
22 107
22 113
22 118
22 130
22 131
23 24
23 25
23 26
23 27
23 28
23 29
23 38
23 42
23 43
23 58
23 61
23 63
23 70
23 77
23 85
23 98
23 108
23 120
23 124
23 125
23 126
23 133
23 137
23 139
23 141
24 25
24 26
24 27
24 28
24 29
24 33
24 37
24 39
24 43
24 57
24 58
24 61
24 63
24 72
24 76
24 77
24 83
24 88
24 89
24 90
24 98
24 100
24 102
24 106
24 109
24 110
24 115
24 116
24 119
24 123
24 127
24 128
24 132
24 137
24 142
25 26
25 27
25 28
25 29
25 30
25 37
25 40
25 48
25 53
25 55
25 57
25 59
25 61
25 64
25 74
25 75
25 81
25 97
25 100
25 102
25 107
25 114
25 116
25 127
25 133
25 136
25 143
26 27
26 28
26 43
26 45
26 47
26 61
26 62
26 63
26 65
26 74
26 82
26 87
26 89
26 96
26 112
26 113
26 114
26 116
26 119
26 135
27 28
27 29
27 33
27 45
27 50
27 59
27 64
27 66
27 67
27 69
27 72
27 77
27 79
27 85
27 87
27 92
27 98
27 113
27 119
27 134
28 33
28 42
28 44
28 51
28 52
28 58
28 59
28 60
28 64
28 68
28 82
28 83
28 89
28 93
28 105
28 106
28 107
28 112
28 120
28 124
28 133
28 143
29 32
29 41
29 42
29 47
29 50
29 53
29 56
29 58
29 80
29 94
29 97
29 106
29 112
29 122
29 123
29 126
29 128
29 136
30 35
30 39
30 46
30 56
30 59
30 65
30 66
30 68
30 76
30 85
30 110
30 114
30 117
30 123
30 124
30 132
30 143
31 34
31 37
31 38
31 42
31 44
31 46
31 48
31 51
31 54
31 58
31 63
31 66
31 68
31 70
31 94
31 104
31 105
31 109
31 113
31 114
31 115
31 129
31 130
31 132
31 142
32 33
32 34
32 40
32 41
32 46
32 47
32 49
32 55
32 59
32 60
32 64
32 67
32 69
32 78
32 84
32 93
32 98
32 102
32 106
32 116
32 129
32 130
32 131
32 134
32 136
32 141
33 50
33 55
33 57
33 58
33 60
33 61
33 65
33 66
33 68
33 77
33 79
33 85
33 96
33 101
33 103
33 109
33 112
33 133
33 134
33 135
34 36
34 41
34 43
34 50
34 51
34 57
34 58
34 59
34 68
34 75
34 80
34 81
34 82
34 83
34 84
34 85
34 86
34 99
34 100
34 102
34 108
34 120
34 123
34 126
34 129
34 134
34 141
34 142
35 38
35 41
35 52
35 59
35 66
35 76
35 81
35 82
35 86
35 87
35 89
35 91
35 99
35 113
35 114
35 116
35 118
35 120
35 126
35 128
35 133
35 140
35 142
35 143
36 37
36 41
36 43
36 45
36 46
36 47
36 52
36 57
36 62
36 63
36 68
36 71
36 84
36 92
36 98
36 106
36 129
36 133
36 135
36 137
36 139
36 140
36 141
36 142
37 40
37 46
37 50
37 55
37 62
37 65
37 68
37 69
37 70
37 72
37 76
37 81
37 82
37 101
37 103
37 113
37 117
37 126
37 128
37 132
37 141
38 39
38 42
38 44
38 46
38 50
38 51
38 54
38 56
38 57
38 62
38 66
38 73
38 75
38 76
38 78
38 79
38 81
38 82
38 97
38 98
38 105
38 106
38 107
38 109
38 116
38 118
38 122
38 123
38 138
38 139
39 42
39 49
39 50
39 57
39 58
39 63
39 69
39 71
39 74
39 80
39 82
39 83
39 92
39 94
39 101
39 117
39 123
39 124
39 126
39 127
39 129
39 136
39 143
40 58
40 60
40 62
40 65
40 70
40 71
40 76
40 79
40 82
40 83
40 90
40 98
40 105
40 106
40 107
40 108
40 110
40 113
40 114
40 122
40 123
40 124
40 127
40 132
40 137
41 48
41 49
41 57
41 61
41 64
41 69
41 89
41 90
41 91
41 101
41 103
41 115
41 121
41 123
41 125
41 135
41 136
41 137
41 139
42 43
42 49
42 53
42 55
42 56
42 61
42 69
42 75
42 77
42 83
42 86
42 88
42 95
42 104
42 106
42 113
42 128
42 136
42 138
42 139
42 140
42 143
43 44
43 48
43 52
43 58
43 64
43 68
43 70
43 73
43 74
43 79
43 86
43 95
43 99
43 101
43 102
43 103
43 106
43 114
43 116
43 117
43 120
43 123
43 124
43 126
43 128
43 132
43 133
43 136
43 137
43 143
44 50
44 56
44 57
44 65
44 66
44 68
44 69
44 80
44 81
44 101
44 104
44 108
44 111
44 123
44 125
44 126
44 134
44 137
44 141
44 142
45 57
45 62
45 67
45 79
45 81
45 82
45 84
45 93
45 106
45 113
45 115
45 119
45 121
45 122
45 126
45 142
46 49
46 50
46 58
46 61
46 63
46 68
46 71
46 74
46 75
46 93
46 107
46 111
46 113
46 125
46 131
46 133
46 137
47 51
47 59
47 62
47 66
47 67
47 71
47 73
47 78
47 79
47 93
47 96
47 101
47 102
47 109
47 124
47 127
47 141
48 50
48 52
48 63
48 65
48 67
48 70
48 71
48 85
48 117
48 119
48 124
49 50
49 56
49 59
49 61
49 67
49 71
49 72
49 76
49 83
49 84
49 86
49 88
49 91
49 96
49 100
49 123
49 125
49 126
49 127
49 132
49 134
49 135
49 143
50 51
50 52
50 55
50 57
50 63
50 76
50 78
50 91
50 97
50 99
50 117
50 118
50 130
50 140
51 57
51 65
51 71
51 72
51 92
51 101
51 104
51 106
51 111
51 112
51 113
51 125
51 129
51 140
52 62
52 73
52 81
52 84
52 88
52 90
52 91
52 92
52 98
52 99
52 104
52 112
52 114
52 132
52 134
52 136
52 139
53 55
53 60
53 61
53 63
53 64
53 68
53 71
53 72
53 73
53 75
53 80
53 81
53 83
53 94
53 97
53 99
53 109
53 110
53 116
53 117
53 120
54 66
54 68
54 71
54 74
54 76
54 89
54 97
54 98
54 100
54 105
54 107
54 110
54 113
54 116
54 118
54 122
54 130
54 134
54 136
54 137
54 139
55 58
55 60
55 61
55 63
55 86
55 88
55 101
55 102
55 106
55 113
55 119
55 122
55 126
55 142
56 59
56 64
56 70
56 71
56 73
56 75
56 83
56 84
56 89
56 99
56 111
56 112
56 114
56 116
56 119
56 138
56 143
57 61
57 62
57 63
57 69
57 87
57 88
57 93
57 99
57 103
57 105
57 108
57 118
57 128
57 131
57 137
57 140
58 59
58 73
58 76
58 79
58 81
58 94
58 101
58 102
58 105
58 111
58 117
58 132
58 135
58 139
59 63
59 66
59 77
59 88
59 100
59 101
59 113
59 114
59 123
59 137
59 142
60 62
60 72
60 74
60 76
60 77
60 78
60 84
60 88
60 89
60 101
60 103
60 104
60 106
60 112
60 113
60 114
60 116
60 122
60 123
60 126
60 128
60 143
61 67
61 78
61 91
61 92
61 94
61 100
61 104
61 115
61 121
61 125
61 132
61 139
62 63
62 74
62 75
62 77
62 102
62 103
62 111
62 123
62 125
62 135
62 136
62 138
62 141
62 143
63 65
63 69
63 70
63 74
63 79
63 82
63 83
63 84
63 92
63 95
63 98
63 99
63 100
63 103
63 105
63 108
63 110
63 112
63 115
63 127
63 137
63 139
64 73
64 82
64 93
64 94
64 98
64 102
64 106
64 107
64 108
64 111
64 128
64 135
64 139
65 67
65 76
65 82
65 85
65 86
65 90
65 93
65 94
65 100
65 101
65 111
65 120
65 121
65 123
65 139
65 141
66 76
66 81
66 86
66 91
66 92
66 99
66 101
66 109
66 120
66 141
67 83
67 95
67 100
67 103
67 112
67 113
67 116
67 126
67 132
67 133
67 140
68 71
68 77
68 84
68 86
68 88
68 90
68 91
68 92
68 93
68 102
68 104
68 110
68 111
68 117
68 124
68 125
68 126
68 127
68 132
68 136
68 137
68 138
68 139
68 143
69 79
69 81
69 82
69 89
69 93
69 97
69 103
69 113
69 116
69 123
69 133
70 73
70 74
70 78
70 79
70 83
70 86
70 91
70 92
70 95
70 99
70 104
70 107
70 110
70 115
70 116
70 129
70 136
71 72
71 80
71 81
71 85
71 87
71 100
71 101
71 110
71 118
71 119
71 132
71 133
71 136
71 137
71 141
71 143
72 74
72 79
72 89
72 92
72 94
72 104
72 112
72 114
72 117
72 122
72 130
73 80
73 82
73 87
73 98
73 104
73 108
73 110
73 120
73 126
73 132
73 133
73 134
73 135
73 137
73 140
74 77
74 81
74 82
74 84
74 91
74 105
74 109
74 110
74 116
74 119
74 125
74 134
74 136
74 138
74 143
75 80
75 81
75 88
75 96
75 99
75 102
75 115
75 117
75 120
75 121
75 123
75 127
75 128
75 131
75 133
75 140
75 141
75 143
76 82
76 84
76 87
76 92
76 99
76 106
76 107
76 109
76 119
76 122
76 124
76 125
76 134
76 138
76 143
77 87
77 88
77 93
77 97
77 107
77 113
77 114
77 116
77 125
77 131
78 94
78 95
78 100
78 101
78 103
78 104
78 106
78 112
78 113
78 130
78 141
78 143
79 81
79 87
79 96
79 106
79 113
79 117
79 118
79 119
79 130
79 138
79 139
80 85
80 86
80 98
80 100
80 102
80 108
80 111
80 115
80 125
80 136
80 140
81 83
81 86
81 93
81 99
81 105
81 127
81 129
81 131
81 134
81 137
82 83
82 85
82 92
82 93
82 95
82 99
82 102
82 111
82 119
82 120
82 128
82 129
82 131
82 140
83 85
83 93
83 94
83 96
83 102
83 107
83 112
83 119
83 127
84 85
84 87
84 92
84 98
84 100
84 102
84 108
84 119
84 121
84 127
84 129
84 137
85 92
85 93
85 106
85 112
85 117
85 127
85 129
85 131
85 137
85 140
86 107
86 112
86 117
86 118
86 119
86 122
86 124
86 127
86 128
86 130
86 133
86 138
87 88
87 92
87 102
87 108
87 109
87 110
87 119
87 121
87 122
87 131
88 91
88 99
88 100
88 102
88 107
88 109
88 121
88 124
88 127
88 131
88 141
89 99
89 101
89 106
89 114
89 123
89 125
89 126
89 139
89 140
89 142
90 96
90 97
90 101
90 106
90 108
90 115
90 117
90 124
90 131
90 135
90 140
91 94
91 98
91 99
91 105
91 107
91 110
91 113
91 118
91 129
91 130
91 132
91 134
91 136
91 138
91 141
91 142
92 97
92 99
92 115
92 122
92 123
92 133
92 138
92 141
93 105
93 107
93 108
93 111
93 125
93 129
93 131
93 134
93 143
94 96
94 100
94 109
94 110
94 113
94 114
94 115
94 131
94 133
94 134
94 138
94 141
95 96
95 99
95 110
95 114
95 115
95 118
95 131
95 136
96 105
96 113
96 121
96 126
96 127
96 142
97 98
97 102
97 124
97 127
97 128
97 130
97 133
97 140
97 142
98 114
98 116
98 120
98 128
98 133
98 135
99 100
99 104
99 109
99 119
99 126
100 102
100 108
100 110
100 115
100 118
100 123
100 126
100 128
100 136
100 138
100 143
101 104
101 110
101 121
101 123
101 125
101 128
101 129
101 132
101 135
101 137
102 103
102 118
102 122
102 126
102 127
102 128
102 130
102 132
102 133
102 135
102 143
103 109
103 118
103 120
103 125
103 138
103 140
104 106
104 110
104 115
104 116
104 117
104 124
104 130
104 131
104 132
104 134
104 137
104 141
105 109
105 115
105 118
105 122
105 125
105 135
105 136
105 137
106 109
106 110
106 112
106 129
106 133
106 134
106 136
106 138
107 111
107 113
107 117
107 122
107 126
107 131
107 134
107 137
107 138
107 139
107 142
107 143
108 120
108 122
108 123
108 130
108 135
108 137
108 141
108 143
109 113
109 118
109 119
109 134
109 140
109 142
110 114
110 115
110 116
110 120
110 123
110 128
110 131
110 132
110 135
110 138
110 140
110 142
111 120
111 122
111 127
111 131
111 135
111 138
111 143
112 113
112 115
112 121
112 122
112 123
112 127
112 134
112 135
112 138
113 125
113 135
113 138
113 139
113 141
114 125
115 127
115 130
115 135
115 136
115 141
116 123
116 124
116 126
116 132
116 133
116 135
116 136
116 143
117 129
117 136
118 119
118 124
118 127
119 120
119 126
120 123
120 124
120 127
120 130
121 131
121 134
122 123
122 125
122 130
122 133
122 134
122 136
122 139
122 140
122 142
123 124
123 125
123 127
123 131
123 134
123 135
123 141
123 143
124 125
124 128
124 133
124 136
124 137
124 138
124 140
124 142
125 136
126 127
126 128
126 130
126 138
127 132
127 133
127 136
127 138
127 140
128 130
128 133
128 134
128 141
128 143
129 132
129 135
129 143
130 134
130 143
131 133
131 142
132 134
132 135
132 138
132 141
133 134
133 137
133 142
135 141
136 143
138 142
139 140
139 141
140 141
142 143
