104 1163
1 2
1 3
1 4
1 5
1 6
1 7
1 8
1 9
1 10
1 11
1 12
1 13
1 14
1 17
1 37
1 38
1 39
1 41
1 42
1 51
1 59
1 61
1 65
1 72
1 76
1 80
1 85
1 90
1 91
1 95
1 96
2 3
2 4
2 5
2 6
2 7
2 8
2 9
2 10
2 11
2 12
2 13
2 14
2 24
2 36
2 42
2 43
2 44
2 45
2 52
2 53
2 61
2 70
2 74
2 83
2 85
2 97
2 102
2 103
3 4
3 5
3 6
3 7
3 8
3 9
3 10
3 11
3 12
3 13
3 14
3 15
3 18
3 25
3 42
3 44
3 47
3 51
3 57
3 58
3 59
3 70
3 76
3 77
3 80
3 82
3 83
3 84
3 85
3 99
4 5
4 6
4 7
4 8
4 9
4 10
4 11
4 12
4 13
4 14
4 20
4 23
4 24
4 38
4 39
4 42
4 47
4 62
4 64
4 66
4 72
4 74
4 75
4 77
4 82
4 89
4 90
4 96
4 103
5 6
5 7
5 8
5 9
5 10
5 11
5 12
5 13
5 14
5 16
5 17
5 18
5 28
5 29
5 30
5 32
5 41
5 43
5 52
5 57
5 61
5 63
5 70
5 74
5 93
6 7
6 8
6 9
6 10
6 11
6 12
6 13
6 14
6 15
6 16
6 19
6 24
6 33
6 37
6 41
6 42
6 45
6 49
6 54
6 63
6 66
6 67
6 90
6 91
6 94
6 98
6 102
7 8
7 9
7 10
7 11
7 12
7 13
7 14
7 21
7 26
7 33
7 34
7 42
7 43
7 47
7 61
7 62
7 63
7 98
8 9
8 10
8 11
8 12
8 13
8 14
8 17
8 19
8 33
8 35
8 41
8 45
8 47
8 49
8 51
8 52
8 55
8 59
8 63
8 66
8 68
8 75
8 76
8 81
8 83
8 84
8 87
8 101
8 103
9 10
9 11
9 12
9 13
9 14
9 15
9 28
9 36
9 50
9 54
9 55
9 60
9 67
9 71
9 72
9 77
9 79
9 83
9 87
9 91
10 11
10 12
10 13
10 14
10 15
10 30
10 35
10 43
10 48
10 52
10 53
10 58
10 59
10 66
10 80
10 86
10 87
10 88
10 90
10 95
10 99
10 101
10 102
11 12
11 13
11 14
11 17
11 27
11 28
11 51
11 54
11 61
11 67
11 68
11 69
11 76
11 77
11 80
11 94
11 95
12 13
12 14
12 15
12 22
12 25
12 26
12 27
12 45
12 46
12 48
12 63
12 64
12 65
12 75
12 76
12 82
12 90
12 91
12 98
13 14
13 28
13 30
13 44
13 47
13 53
13 54
13 63
13 65
13 77
13 83
13 84
13 87
13 92
13 94
13 95
13 96
13 101
14 16
14 33
14 44
14 48
14 54
14 60
14 62
14 69
14 79
14 81
14 82
14 87
14 93
14 99
14 101
14 102
15 16
15 17
15 18
15 19
15 20
15 30
15 33
15 34
15 38
15 40
15 48
15 50
15 57
15 65
15 67
15 75
15 84
15 91
15 100
16 17
16 18
16 19
16 20
16 23
16 28
16 42
16 46
16 77
16 87
16 91
16 95
16 96
16 100
16 101
17 18
17 19
17 20
17 24
17 25
17 37
17 38
17 42
17 49
17 53
17 55
17 56
17 58
17 63
17 65
17 66
17 72
17 74
17 75
17 76
17 79
17 80
17 84
17 85
17 86
17 87
17 92
17 101
18 19
18 20
18 26
18 31
18 34
18 37
18 42
18 47
18 49
18 53
18 54
18 62
18 65
18 74
18 79
18 82
18 87
18 89
18 90
18 101
18 104
19 20
19 21
19 22
19 24
19 29
19 31
19 38
19 39
19 46
19 56
19 67
19 75
19 77
19 83
19 90
19 92
19 98
19 104
20 25
20 26
20 29
20 36
20 41
20 55
20 68
20 69
20 71
20 74
20 75
20 84
20 87
20 93
21 26
21 28
21 40
21 45
21 46
21 49
21 52
21 55
21 56
21 59
21 61
21 68
21 76
21 78
21 86
21 88
21 92
21 93
21 95
21 103
22 23
22 24
22 28
22 33
22 35
22 39
22 41
22 44
22 70
22 73
22 74
22 75
22 79
22 81
22 82
22 84
22 96
22 97
22 104
23 25
23 28
23 36
23 37
23 49
23 50
23 51
23 71
23 74
23 81
23 86
23 92
23 93
24 33
24 34
24 38
24 42
24 45
24 50
24 59
24 64
24 80
24 81
24 88
24 89
24 90
24 95
24 97
25 42
25 45
25 46
25 53
25 59
25 60
25 61
25 68
25 69
25 74
25 80
25 83
25 97
25 99
25 100
26 29
26 35
26 36
26 40
26 47
26 49
26 50
26 57
26 58
26 61
26 62
26 66
26 69
26 75
26 79
26 81
26 83
26 88
26 92
26 98
26 100
26 102
27 30
27 33
27 38
27 41
27 43
27 49
27 61
27 73
27 76
27 77
27 79
27 85
27 91
27 96
27 98
27 100
27 102
28 30
28 33
28 35
28 46
28 47
28 49
28 51
28 55
28 57
28 58
28 60
28 68
28 71
28 74
28 82
28 83
28 87
28 96
28 99
28 100
28 102
28 104
29 34
29 36
29 38
29 45
29 47
29 51
29 57
29 58
29 60
29 62
29 69
29 93
29 97
30 32
30 38
30 39
30 41
30 48
30 53
30 58
30 60
30 63
30 64
30 65
30 69
30 71
30 86
30 90
30 93
30 97
30 98
30 101
30 104
31 33
31 34
31 49
31 51
31 52
31 58
31 63
31 65
31 70
31 78
31 79
31 82
31 83
31 89
31 98
31 100
31 104
32 33
32 34
32 46
32 49
32 68
32 70
32 76
32 90
32 100
32 103
32 104
33 41
33 45
33 52
33 58
33 65
33 67
33 69
33 76
33 93
33 94
34 38
34 46
34 53
34 55
34 56
34 64
34 67
34 68
34 72
34 74
34 78
34 94
34 97
34 99
35 38
35 44
35 45
35 48
35 54
35 55
35 68
35 72
35 73
35 76
35 79
35 83
35 85
35 89
35 90
35 92
35 94
35 96
35 98
35 101
35 103
36 44
36 45
36 46
36 49
36 52
36 59
36 71
36 80
36 84
36 88
36 89
36 92
36 94
36 95
36 96
36 99
36 101
37 39
37 40
37 46
37 57
37 64
37 73
37 79
37 86
37 89
37 90
37 95
37 96
37 98
38 40
38 47
38 58
38 59
38 61
38 64
38 65
38 66
38 69
38 74
38 77
38 84
38 95
39 40
39 44
39 46
39 49
39 51
39 53
39 57
39 61
39 70
39 79
39 80
39 81
39 83
39 84
39 87
40 45
40 52
40 67
40 83
40 91
40 95
40 101
40 102
41 43
41 44
41 46
41 66
41 70
41 71
41 74
41 80
41 89
41 97
41 100
41 102
42 58
42 62
42 77
42 81
42 87
42 88
42 91
42 99
42 101
42 103
43 47
43 55
43 61
43 64
43 65
43 73
43 77
43 78
43 82
43 89
43 92
44 53
44 57
44 58
44 61
44 63
44 79
44 80
44 94
44 96
44 99
44 101
45 50
45 60
45 61
45 62
45 76
45 79
45 82
45 83
45 87
45 90
45 91
45 93
45 101
46 55
46 56
46 59
46 60
46 62
46 82
46 83
46 88
46 91
46 94
46 98
46 99
46 100
46 101
47 53
47 54
47 58
47 61
47 63
47 66
47 69
47 70
47 75
47 79
47 81
47 84
47 88
47 92
47 93
47 99
48 58
48 67
48 73
48 82
48 87
48 99
49 51
49 52
49 54
49 57
49 58
49 59
49 62
49 66
49 74
49 85
49 89
49 92
49 94
49 95
49 99
49 100
50 53
50 58
50 59
50 71
50 74
50 75
50 78
50 82
50 90
50 91
50 93
50 96
50 104
51 63
51 68
51 74
51 81
51 90
51 94
52 56
52 61
52 63
52 69
52 80
52 83
52 95
53 57
53 61
53 66
53 68
53 70
53 71
53 72
53 75
53 76
53 87
53 90
53 98
53 100
54 66
54 70
54 72
54 74
54 80
54 84
54 87
54 93
54 102
55 58
55 61
55 65
55 72
55 73
55 83
55 86
55 92
55 99
55 100
55 101
55 104
56 57
56 60
56 68
56 73
56 74
56 80
56 90
56 91
56 93
56 100
57 64
57 72
57 76
57 78
57 101
57 102
58 62
58 73
58 77
58 79
58 82
58 87
58 92
58 103
58 104
59 68
59 74
59 75
59 86
59 89
59 92
59 93
59 97
60 66
60 71
60 74
60 87
60 89
60 92
60 93
60 95
60 101
60 102
60 103
61 62
61 65
61 68
61 70
61 72
61 75
61 80
61 85
61 88
61 89
61 94
61 100
62 68
62 72
62 79
62 80
62 82
62 103
63 72
63 76
63 86
63 95
63 99
63 102
63 103
64 84
64 88
64 92
64 96
64 97
64 98
65 66
65 70
65 77
65 83
65 87
65 98
65 99
66 72
66 75
66 79
66 82
66 83
66 89
66 104
67 71
67 80
67 82
67 84
67 86
67 88
67 89
67 90
67 92
67 95
67 96
67 100
68 74
68 75
68 86
68 89
68 98
68 102
68 103
69 72
69 75
69 79
69 85
69 89
69 104
70 74
70 78
70 79
70 81
70 82
70 92
70 94
70 96
70 101
70 103
71 76
71 83
71 86
71 91
71 92
71 94
71 102
72 77
72 79
72 85
72 91
72 104
73 74
73 77
73 82
73 83
73 86
73 87
73 96
73 99
74 88
74 94
74 95
75 78
75 79
75 86
75 98
76 79
76 90
76 93
77 88
77 95
77 100
77 101
78 82
78 85
78 86
78 92
79 80
79 82
79 86
79 88
79 94
79 97
79 98
79 103
80 86
80 90
80 96
80 100
81 82
81 96
81 100
82 84
82 94
82 96
82 102
82 103
83 88
83 92
83 97
83 99
83 104
84 91
84 94
84 96
84 101
85 86
85 91
85 96
85 97
85 99
86 93
86 98
86 101
87 89
87 93
87 95
87 99
87 102
88 93
88 95
88 98
88 104
89 92
89 94
89 95
90 98
91 92
91 100
91 102
92 101
92 103
92 104
93 94
93 95
93 96
94 100
94 101
94 104
95 98
95 102
95 103
96 100
96 101
97 101
97 103
99 100
100 104
102 103
