189 3723
1 2
1 3
1 4
1 5
1 9
1 18
1 19
1 22
1 23
1 26
1 27
1 29
1 31
1 32
1 34
1 35
1 38
1 41
1 47
1 48
1 53
1 72
1 78
1 80
1 91
1 95
1 97
1 99
1 102
1 103
1 106
1 108
1 112
1 118
1 130
1 138
1 139
1 147
1 152
1 157
1 160
1 166
1 173
1 187
1 188
1 189
2 3
2 4
2 5
2 19
2 20
2 27
2 31
2 36
2 38
2 50
2 56
2 58
2 60
2 62
2 66
2 84
2 101
2 109
2 123
2 131
2 138
2 140
2 152
2 164
2 167
2 169
2 171
2 172
2 188
2 189
3 4
3 5
3 12
3 13
3 16
3 21
3 23
3 30
3 34
3 36
3 40
3 41
3 42
3 48
3 49
3 54
3 61
3 70
3 75
3 79
3 86
3 88
3 93
3 94
3 95
3 102
3 105
3 112
3 130
3 133
3 135
3 140
3 150
3 158
3 167
3 172
3 173
3 174
3 178
3 180
3 182
3 183
3 185
3 187
4 5
4 14
4 21
4 25
4 26
4 27
4 39
4 41
4 46
4 52
4 67
4 71
4 72
4 74
4 75
4 83
4 98
4 102
4 115
4 116
4 123
4 128
4 131
4 136
4 138
4 145
4 148
4 149
4 150
4 152
4 156
4 165
4 178
4 180
4 184
4 185
4 186
4 187
5 9
5 16
5 18
5 19
5 25
5 28
5 31
5 33
5 39
5 47
5 50
5 52
5 53
5 54
5 59
5 64
5 72
5 79
5 80
5 89
5 93
5 98
5 101
5 105
5 115
5 118
5 122
5 124
5 129
5 132
5 137
5 143
5 144
5 154
5 170
5 171
5 173
5 174
5 176
5 179
5 187
6 7
6 8
6 9
6 10
6 11
6 12
6 13
6 14
6 15
6 16
6 17
6 18
6 19
6 20
6 21
6 22
6 23
6 24
6 25
6 26
6 27
6 35
6 42
6 46
6 55
6 60
6 61
6 64
6 70
6 72
6 81
6 85
6 89
6 91
6 92
6 97
6 105
6 110
6 117
6 118
6 125
6 133
6 139
6 143
6 144
6 148
6 149
6 151
6 154
6 168
6 173
6 180
6 181
7 8
7 9
7 10
7 11
7 12
7 13
7 14
7 15
7 16
7 17
7 18
7 19
7 20
7 21
7 22
7 23
7 24
7 25
7 26
7 27
7 30
7 36
7 44
7 46
7 56
7 60
7 75
7 80
7 89
7 90
7 92
7 96
7 106
7 110
7 112
7 119
7 129
7 137
7 150
7 159
7 163
7 164
7 165
7 169
7 174
7 178
8 9
8 10
8 11
8 12
8 13
8 14
8 15
8 16
8 17
8 18
8 19
8 20
8 21
8 22
8 23
8 24
8 25
8 26
8 27
8 28
8 29
8 30
8 31
8 32
8 40
8 47
8 48
8 61
8 62
8 64
8 67
8 71
8 74
8 76
8 78
8 81
8 92
8 93
8 94
8 103
8 104
8 105
8 111
8 115
8 119
8 129
8 139
8 141
8 145
8 149
8 152
8 155
8 157
8 158
8 161
8 167
8 178
8 179
8 180
9 10
9 11
9 12
9 13
9 14
9 15
9 16
9 17
9 18
9 19
9 20
9 21
9 22
9 23
9 24
9 25
9 26
9 27
9 28
9 31
9 33
9 34
9 35
9 37
9 49
9 58
9 59
9 63
9 65
9 70
9 72
9 80
9 86
9 90
9 92
9 94
9 98
9 110
9 112
9 119
9 123
9 124
9 127
9 130
9 132
9 134
9 139
9 141
9 142
9 146
9 147
9 149
9 159
9 163
9 169
9 170
9 174
9 175
9 179
9 185
9 187
10 11
10 12
10 13
10 14
10 15
10 16
10 17
10 18
10 19
10 20
10 21
10 22
10 23
10 24
10 25
10 26
10 27
10 29
10 37
10 45
10 53
10 54
10 55
10 65
10 75
10 90
10 102
10 109
10 111
10 114
10 115
10 120
10 125
10 133
10 157
10 159
10 176
10 179
10 180
11 12
11 13
11 14
11 15
11 16
11 17
11 18
11 19
11 20
11 21
11 22
11 23
11 24
11 25
11 26
11 27
11 28
11 53
11 54
11 55
11 59
11 68
11 74
11 88
11 92
11 96
11 102
11 105
11 109
11 114
11 117
11 119
11 121
11 123
11 125
11 129
11 131
11 145
11 155
11 158
11 173
11 175
11 187
11 189
12 13
12 14
12 15
12 16
12 17
12 18
12 19
12 20
12 21
12 22
12 23
12 24
12 25
12 26
12 27
12 28
12 32
12 33
12 44
12 53
12 54
12 55
12 68
12 70
12 74
12 85
12 88
12 91
12 93
12 96
12 101
12 108
12 109
12 114
12 117
12 130
12 136
12 140
12 144
12 155
12 158
12 160
12 163
12 164
12 171
12 173
12 177
12 186
12 187
13 14
13 15
13 16
13 17
13 18
13 19
13 20
13 21
13 22
13 23
13 24
13 25
13 26
13 27
13 28
13 31
13 40
13 47
13 48
13 49
13 52
13 53
13 54
13 71
13 73
13 76
13 77
13 85
13 97
13 98
13 99
13 105
13 109
13 114
13 117
13 122
13 132
13 136
13 137
13 138
13 141
13 153
13 158
13 161
13 162
13 163
13 164
13 170
13 171
13 178
13 179
13 180
13 181
13 184
14 15
14 16
14 17
14 18
14 19
14 20
14 21
14 22
14 23
14 24
14 25
14 26
14 27
14 28
14 37
14 49
14 53
14 56
14 58
14 64
14 72
14 73
14 77
14 79
14 84
14 97
14 100
14 105
14 113
14 115
14 119
14 129
14 132
14 134
14 144
14 156
14 161
14 164
14 172
14 174
14 176
14 179
14 182
14 185
14 186
15 16
15 17
15 18
15 19
15 20
15 21
15 22
15 23
15 24
15 25
15 26
15 27
15 29
15 36
15 40
15 42
15 46
15 77
15 97
15 104
15 105
15 108
15 111
15 115
15 122
15 137
15 150
15 154
15 167
15 168
15 181
15 183
16 17
16 18
16 19
16 20
16 21
16 22
16 23
16 24
16 25
16 26
16 27
16 29
16 32
16 43
16 49
16 52
16 55
16 59
16 60
16 69
16 74
16 89
16 92
16 93
16 99
16 118
16 121
16 124
16 125
16 126
16 128
16 131
16 134
16 135
16 142
16 144
16 153
16 188
17 18
17 19
17 20
17 21
17 22
17 23
17 24
17 25
17 26
17 27
17 32
17 38
17 44
17 51
17 57
17 61
17 85
17 86
17 107
17 108
17 110
17 111
17 113
17 129
17 131
17 147
17 152
17 154
17 157
17 160
17 176
17 180
17 182
17 186
17 189
18 19
18 20
18 21
18 22
18 23
18 24
18 25
18 26
18 27
18 30
18 33
18 37
18 38
18 40
18 41
18 46
18 54
18 64
18 65
18 70
18 72
18 73
18 78
18 79
18 82
18 99
18 111
18 112
18 118
18 121
18 131
18 132
18 137
18 158
18 167
18 172
18 175
19 20
19 21
19 22
19 23
19 24
19 25
19 26
19 27
19 31
19 41
19 43
19 48
19 60
19 62
19 80
19 95
19 101
19 102
19 121
19 127
19 136
19 138
19 142
19 143
19 153
19 172
19 174
19 188
20 21
20 22
20 23
20 24
20 25
20 26
20 27
20 35
20 43
20 51
20 59
20 69
20 71
20 84
20 94
20 98
20 99
20 102
20 105
20 108
20 111
20 113
20 114
20 115
20 121
20 122
20 123
20 124
20 127
20 140
20 144
20 147
20 148
20 155
20 156
20 160
20 165
20 175
20 179
21 22
21 23
21 24
21 25
21 26
21 27
21 44
21 45
21 47
21 50
21 51
21 54
21 57
21 60
21 83
21 94
21 109
21 110
21 112
21 115
21 117
21 122
21 124
21 126
21 142
21 149
21 154
21 167
21 169
21 170
21 171
21 173
21 176
22 23
22 24
22 25
22 26
22 27
22 28
22 29
22 32
22 37
22 57
22 65
22 68
22 71
22 78
22 81
22 82
22 83
22 89
22 95
22 106
22 130
22 135
22 138
22 153
22 157
22 166
22 172
22 173
22 175
22 187
23 24
23 25
23 26
23 27
23 29
23 33
23 42
23 49
23 54
23 56
23 60
23 64
23 65
23 67
23 80
23 88
23 90
23 91
23 100
23 104
23 115
23 118
23 125
23 137
23 139
23 140
23 142
23 147
23 158
23 164
23 167
23 170
23 176
23 179
23 182
23 185
24 25
24 26
24 27
24 29
24 31
24 35
24 36
24 39
24 40
24 46
24 48
24 51
24 63
24 77
24 80
24 82
24 84
24 85
24 90
24 117
24 121
24 123
24 124
24 130
24 135
24 141
24 142
24 150
24 151
24 152
24 157
24 162
24 164
24 178
24 179
24 183
24 184
24 187
25 26
25 27
25 32
25 39
25 51
25 57
25 58
25 64
25 65
25 80
25 82
25 84
25 85
25 87
25 91
25 94
25 96
25 104
25 109
25 112
25 124
25 134
25 139
25 144
25 145
25 151
25 152
25 153
25 157
25 163
25 167
25 170
25 180
25 185
26 27
26 29
26 31
26 34
26 40
26 41
26 46
26 61
26 63
26 64
26 69
26 76
26 77
26 83
26 86
26 88
26 101
26 105
26 117
26 120
26 127
26 131
26 141
26 143
26 148
26 150
26 158
26 160
26 161
26 162
26 169
26 179
26 180
26 181
26 182
26 186
26 187
27 33
27 40
27 41
27 42
27 53
27 64
27 68
27 70
27 78
27 89
27 94
27 99
27 104
27 106
27 121
27 122
27 127
27 135
27 141
27 145
27 148
27 149
27 155
27 161
27 163
27 164
27 169
27 172
27 173
27 183
28 29
28 30
28 31
28 32
28 33
28 34
28 35
28 36
28 37
28 41
28 42
28 44
28 51
28 52
28 60
28 62
28 68
28 77
28 85
28 88
28 90
28 94
28 96
28 100
28 101
28 114
28 115
28 116
28 118
28 119
28 121
28 122
28 123
28 125
28 126
28 129
28 143
28 144
28 146
28 151
28 163
28 169
28 182
28 184
29 30
29 31
29 32
29 33
29 34
29 35
29 36
29 37
29 38
29 52
29 66
29 68
29 76
29 80
29 81
29 85
29 86
29 87
29 95
29 97
29 112
29 114
29 120
29 126
29 129
29 132
29 135
29 138
29 142
29 143
29 148
29 150
29 154
29 160
29 162
29 163
29 165
29 173
29 181
29 187
29 188
30 31
30 32
30 33
30 34
30 35
30 36
30 37
30 40
30 49
30 59
30 61
30 62
30 65
30 69
30 75
30 80
30 81
30 84
30 92
30 95
30 98
30 118
30 125
30 131
30 136
30 142
30 152
30 156
30 157
30 160
30 164
30 170
30 174
30 177
30 182
30 183
30 185
30 186
30 188
30 189
31 32
31 33
31 34
31 35
31 36
31 37
31 40
31 46
31 47
31 52
31 56
31 58
31 62
31 63
31 65
31 69
31 82
31 85
31 87
31 92
31 96
31 104
31 113
31 127
31 150
31 153
31 160
31 164
31 166
31 181
31 186
32 33
32 34
32 35
32 36
32 37
32 62
32 66
32 68
32 72
32 79
32 85
32 86
32 87
32 94
32 99
32 100
32 104
32 105
32 113
32 131
32 132
32 133
32 137
32 141
32 142
32 146
32 152
32 156
32 161
32 175
32 177
32 181
32 185
32 187
33 34
33 35
33 36
33 37
33 54
33 60
33 63
33 65
33 74
33 79
33 80
33 85
33 96
33 104
33 108
33 109
33 120
33 121
33 127
33 133
33 137
33 138
33 143
33 149
33 153
33 154
33 158
33 164
33 178
33 183
34 35
34 36
34 37
34 38
34 44
34 47
34 48
34 51
34 55
34 56
34 65
34 66
34 67
34 78
34 82
34 85
34 86
34 87
34 104
34 112
34 114
34 126
34 129
34 150
34 154
34 160
34 161
34 167
34 168
34 169
34 186
34 187
34 188
35 36
35 37
35 54
35 68
35 95
35 97
35 102
35 105
35 113
35 115
35 117
35 119
35 123
35 131
35 134
35 136
35 141
35 149
35 152
35 153
35 168
35 169
35 170
35 178
35 183
35 185
35 187
35 188
35 189
36 37
36 38
36 40
36 60
36 61
36 65
36 66
36 69
36 71
36 76
36 77
36 82
36 88
36 92
36 94
36 95
36 102
36 105
36 111
36 113
36 114
36 118
36 119
36 125
36 127
36 130
36 135
36 140
36 141
36 144
36 149
36 163
36 164
36 165
36 167
36 168
36 172
36 173
36 174
36 180
36 181
36 184
36 185
36 187
37 40
37 49
37 54
37 61
37 68
37 80
37 81
37 92
37 93
37 95
37 97
37 99
37 109
37 121
37 126
37 142
37 143
37 145
37 152
37 155
37 160
37 166
37 168
37 177
38 40
38 41
38 50
38 57
38 58
38 59
38 61
38 65
38 67
38 71
38 72
38 73
38 79
38 80
38 81
38 83
38 85
38 89
38 90
38 100
38 101
38 105
38 109
38 112
38 113
38 120
38 122
38 127
38 130
38 131
38 141
38 148
38 149
38 156
38 177
38 178
39 44
39 61
39 62
39 63
39 64
39 72
39 74
39 89
39 95
39 98
39 101
39 105
39 108
39 111
39 117
39 125
39 129
39 131
39 142
39 143
39 148
39 152
39 158
39 164
39 172
39 177
39 185
39 186
39 188
40 47
40 58
40 60
40 68
40 73
40 79
40 82
40 87
40 91
40 97
40 99
40 100
40 102
40 105
40 109
40 120
40 135
40 137
40 139
40 141
40 143
40 147
40 150
40 153
40 155
40 158
40 159
40 165
40 169
40 181
40 186
41 46
41 49
41 50
41 52
41 53
41 56
41 62
41 71
41 77
41 78
41 79
41 88
41 92
41 93
41 102
41 108
41 109
41 122
41 128
41 133
41 154
41 155
41 158
41 160
41 167
41 172
41 175
41 176
41 187
42 53
42 54
42 57
42 61
42 62
42 68
42 69
42 76
42 80
42 81
42 91
42 97
42 109
42 126
42 144
42 162
42 164
42 167
42 170
42 177
42 178
42 183
42 189
43 44
43 48
43 53
43 54
43 57
43 64
43 71
43 75
43 80
43 81
43 92
43 102
43 103
43 130
43 136
43 151
43 153
43 154
43 155
43 172
43 173
43 174
43 176
43 181
43 187
44 52
44 53
44 63
44 76
44 82
44 85
44 87
44 91
44 92
44 93
44 98
44 101
44 107
44 108
44 117
44 119
44 120
44 122
44 124
44 129
44 136
44 137
44 138
44 147
44 152
44 153
44 157
44 161
44 164
44 166
44 178
44 179
44 188
45 46
45 48
45 49
45 57
45 63
45 64
45 65
45 67
45 70
45 85
45 95
45 103
45 113
45 115
45 118
45 120
45 125
45 128
45 133
45 141
45 148
45 159
45 164
45 171
45 174
45 180
45 189
46 63
46 77
46 79
46 82
46 83
46 88
46 98
46 103
46 104
46 109
46 110
46 113
46 118
46 120
46 123
46 127
46 133
46 136
46 141
46 143
46 158
46 163
46 165
46 172
46 178
46 185
46 186
46 188
46 189
47 56
47 57
47 61
47 63
47 66
47 69
47 72
47 85
47 90
47 91
47 94
47 96
47 107
47 111
47 114
47 117
47 123
47 128
47 132
47 133
47 135
47 136
47 147
47 149
47 151
47 153
47 154
47 165
47 166
47 167
47 168
47 170
47 184
47 185
47 186
48 52
48 55
48 57
48 58
48 70
48 84
48 88
48 89
48 99
48 102
48 109
48 113
48 117
48 122
48 125
48 128
48 132
48 145
48 148
48 149
48 159
48 160
48 175
48 176
48 178
48 182
49 58
49 59
49 60
49 64
49 66
49 70
49 72
49 76
49 78
49 84
49 94
49 95
49 97
49 102
49 108
49 111
49 112
49 113
49 117
49 120
49 131
49 133
49 134
49 152
49 153
49 159
49 161
49 164
49 166
49 184
49 187
50 52
50 64
50 65
50 70
50 79
50 80
50 82
50 85
50 86
50 89
50 100
50 108
50 114
50 115
50 117
50 118
50 122
50 123
50 124
50 130
50 164
50 170
50 171
50 173
50 180
50 185
50 187
50 188
50 189
51 55
51 57
51 58
51 62
51 66
51 72
51 84
51 87
51 90
51 95
51 96
51 101
51 102
51 104
51 109
51 110
51 131
51 143
51 144
51 146
51 158
51 163
51 166
51 170
51 178
52 57
52 62
52 71
52 76
52 78
52 88
52 91
52 93
52 103
52 104
52 105
52 107
52 109
52 122
52 125
52 130
52 134
52 135
52 136
52 149
52 150
52 156
52 159
52 164
52 165
52 166
52 167
52 168
52 169
52 172
52 173
52 180
52 181
52 185
52 187
53 61
53 70
53 78
53 92
53 98
53 101
53 104
53 105
53 108
53 110
53 118
53 119
53 125
53 129
53 140
53 145
53 150
53 151
53 156
53 160
53 163
53 167
53 170
53 171
53 175
53 185
53 187
53 189
54 56
54 69
54 75
54 80
54 91
54 105
54 109
54 114
54 117
54 119
54 120
54 121
54 123
54 126
54 133
54 140
54 144
54 146
54 147
54 148
54 155
54 160
54 161
54 163
54 184
54 189
55 71
55 72
55 74
55 75
55 77
55 79
55 82
55 83
55 89
55 92
55 100
55 101
55 103
55 104
55 105
55 108
55 114
55 115
55 116
55 131
55 135
55 142
55 143
55 145
55 157
55 163
55 165
55 170
55 172
55 173
55 178
55 182
56 61
56 62
56 63
56 67
56 70
56 77
56 79
56 90
56 94
56 96
56 97
56 105
56 107
56 109
56 118
56 120
56 122
56 124
56 128
56 129
56 145
56 150
56 160
56 161
56 163
56 167
56 169
56 176
56 186
56 188
57 61
57 65
57 67
57 68
57 71
57 72
57 74
57 82
57 87
57 89
57 91
57 104
57 113
57 122
57 128
57 129
57 130
57 135
57 140
57 152
57 154
57 159
57 164
57 166
57 168
57 170
57 177
57 180
57 181
57 187
58 60
58 65
58 71
58 79
58 82
58 88
58 92
58 93
58 95
58 103
58 105
58 107
58 117
58 120
58 123
58 129
58 131
58 132
58 134
58 140
58 153
58 157
58 161
58 163
58 166
58 172
58 176
58 181
58 182
58 185
58 187
58 189
59 72
59 73
59 76
59 86
59 92
59 93
59 97
59 101
59 107
59 124
59 130
59 137
59 140
59 143
59 144
59 146
59 147
59 150
59 152
59 158
59 163
59 165
59 175
59 183
60 62
60 68
60 71
60 79
60 80
60 81
60 82
60 83
60 85
60 93
60 98
60 100
60 103
60 109
60 110
60 113
60 119
60 121
60 129
60 131
60 132
60 133
60 145
60 147
60 151
60 153
60 156
60 158
60 159
60 160
60 161
60 166
60 169
60 171
60 181
60 183
61 72
61 80
61 91
61 92
61 95
61 110
61 112
61 116
61 119
61 123
61 124
61 132
61 136
61 143
61 149
61 161
61 166
61 170
61 175
61 182
61 184
62 70
62 73
62 75
62 77
62 78
62 80
62 81
62 88
62 103
62 109
62 112
62 116
62 122
62 132
62 137
62 142
62 143
62 149
62 161
62 164
62 168
62 177
62 178
62 180
62 185
62 186
62 189
63 71
63 78
63 92
63 94
63 96
63 99
63 107
63 112
63 117
63 119
63 124
63 125
63 128
63 131
63 133
63 135
63 147
63 150
63 151
63 153
63 155
63 158
63 167
63 175
63 176
63 178
63 181
63 187
63 189
64 68
64 72
64 73
64 74
64 75
64 90
64 105
64 108
64 113
64 114
64 118
64 130
64 131
64 140
64 142
64 145
64 146
64 149
64 150
64 152
64 153
64 156
64 161
64 166
64 172
64 176
64 177
64 178
65 68
65 113
65 120
65 130
65 131
65 147
65 149
65 154
65 156
65 158
65 159
65 161
65 162
65 167
65 176
65 178
66 67
66 70
66 74
66 75
66 85
66 86
66 91
66 93
66 94
66 95
66 97
66 103
66 119
66 123
66 129
66 132
66 139
66 140
66 142
66 144
66 146
66 149
66 152
66 157
66 162
66 168
66 170
66 174
66 180
66 182
66 185
66 187
67 75
67 94
67 97
67 101
67 103
67 105
67 120
67 123
67 124
67 126
67 132
67 135
67 140
67 142
67 148
67 164
67 174
67 182
68 74
68 92
68 99
68 102
68 109
68 112
68 117
68 123
68 124
68 125
68 128
68 139
68 140
68 146
68 147
68 149
68 152
68 154
68 156
68 161
68 162
68 163
68 164
68 167
68 169
68 171
68 178
68 189
69 78
69 82
69 84
69 85
69 86
69 87
69 89
69 91
69 98
69 99
69 101
69 110
69 113
69 116
69 123
69 124
69 130
69 133
69 139
69 141
69 146
69 164
69 182
69 183
69 187
70 72
70 74
70 75
70 77
70 101
70 106
70 107
70 113
70 114
70 120
70 121
70 127
70 136
70 141
70 155
70 160
70 161
70 163
70 164
70 173
70 175
70 179
70 189
71 73
71 82
71 94
71 95
71 113
71 119
71 120
71 129
71 130
71 135
71 138
71 142
71 145
71 152
71 163
71 167
71 172
71 173
71 178
71 179
71 187
71 189
72 74
72 75
72 89
72 96
72 97
72 103
72 104
72 108
72 110
72 111
72 114
72 124
72 125
72 127
72 135
72 143
72 156
72 162
72 165
72 171
72 174
73 79
73 81
73 83
73 90
73 110
73 112
73 117
73 119
73 120
73 121
73 123
73 132
73 141
73 142
73 144
73 146
73 156
73 167
73 173
73 175
73 177
73 181
74 90
74 95
74 102
74 104
74 111
74 119
74 124
74 125
74 126
74 128
74 133
74 135
74 137
74 143
74 146
74 148
74 155
74 156
74 158
74 160
74 162
74 163
74 166
74 175
74 182
74 183
75 76
75 78
75 79
75 85
75 90
75 101
75 103
75 112
75 116
75 117
75 120
75 127
75 128
75 145
75 149
75 152
75 156
75 162
75 165
75 171
75 178
75 181
75 182
75 188
76 82
76 94
76 98
76 100
76 111
76 118
76 122
76 125
76 132
76 134
76 138
76 146
76 151
76 156
76 169
76 174
76 175
76 176
77 83
77 94
77 95
77 97
77 102
77 113
77 119
77 121
77 123
77 124
77 128
77 136
77 138
77 144
77 159
77 160
77 165
77 179
78 83
78 85
78 88
78 95
78 102
78 103
78 121
78 124
78 133
78 135
78 136
78 140
78 145
78 150
78 152
78 155
78 163
78 164
78 169
78 170
78 173
78 174
78 183
78 189
79 85
79 88
79 93
79 95
79 103
79 104
79 109
79 114
79 118
79 125
79 126
79 130
79 133
79 135
79 140
79 168
79 173
79 179
79 185
79 187
79 189
80 81
80 82
80 83
80 84
80 88
80 92
80 93
80 103
80 106
80 107
80 113
80 115
80 121
80 131
80 132
80 134
80 136
80 137
80 147
80 148
80 149
80 154
80 156
80 167
80 173
80 177
81 84
81 85
81 88
81 89
81 94
81 108
81 113
81 116
81 120
81 121
81 126
81 127
81 133
81 135
81 141
81 165
81 169
81 173
81 184
82 84
82 91
82 93
82 97
82 101
82 110
82 117
82 118
82 121
82 130
82 134
82 135
82 147
82 153
82 155
82 161
82 165
82 170
82 175
82 181
82 187
82 188
83 85
83 94
83 100
83 102
83 113
83 120
83 126
83 131
83 135
83 142
83 143
83 147
83 153
83 159
83 171
83 189
84 91
84 94
84 104
84 111
84 115
84 117
84 126
84 132
84 135
84 145
84 156
84 161
84 162
84 163
84 169
84 170
84 172
84 173
84 175
84 179
84 185
84 187
85 97
85 99
85 102
85 103
85 109
85 113
85 121
85 124
85 128
85 132
85 140
86 94
86 96
86 97
86 106
86 117
86 133
86 152
86 161
86 163
86 170
86 174
86 176
86 177
86 180
86 185
86 187
87 94
87 95
87 96
87 98
87 105
87 110
87 111
87 112
87 113
87 117
87 123
87 125
87 126
87 127
87 129
87 134
87 136
87 142
87 145
87 148
87 158
87 159
87 161
87 162
87 169
87 172
87 173
88 90
88 91
88 98
88 99
88 115
88 128
88 129
88 143
88 157
88 161
88 165
88 174
88 179
88 187
88 188
88 189
89 92
89 95
89 97
89 100
89 101
89 110
89 137
89 139
89 140
89 145
89 149
89 151
89 156
89 158
89 161
89 162
89 171
89 183
90 91
90 95
90 96
90 101
90 105
90 113
90 122
90 124
90 127
90 128
90 129
90 134
90 162
90 164
90 167
90 174
90 184
90 186
90 189
91 97
91 98
91 102
91 110
91 118
91 120
91 122
91 125
91 127
91 129
91 141
91 142
91 146
91 149
91 155
91 156
91 159
91 160
91 161
91 162
91 165
91 166
91 179
91 181
91 185
91 187
91 189
92 99
92 107
92 108
92 111
92 113
92 114
92 115
92 118
92 130
92 145
92 147
92 155
92 165
92 166
92 167
92 183
92 184
92 188
93 95
93 115
93 116
93 132
93 137
93 145
93 149
93 150
93 154
93 173
93 177
93 180
93 181
93 185
94 103
94 107
94 110
94 111
94 126
94 127
94 128
94 154
94 157
94 165
94 172
94 173
94 179
94 182
94 185
94 187
94 189
95 98
95 100
95 102
95 114
95 115
95 117
95 121
95 124
95 129
95 130
95 136
95 145
95 146
95 147
95 148
95 151
95 155
95 157
95 162
95 165
95 171
95 172
95 180
95 189
96 98
96 108
96 109
96 115
96 118
96 126
96 131
96 132
96 139
96 145
96 148
96 153
96 172
96 177
97 113
97 115
97 127
97 128
97 130
97 145
97 149
97 150
97 158
97 166
97 170
97 173
97 181
97 185
98 101
98 102
98 103
98 105
98 109
98 113
98 116
98 122
98 128
98 147
98 154
98 158
98 165
98 172
98 175
98 178
98 184
98 188
99 103
99 115
99 118
99 122
99 124
99 125
99 126
99 129
99 136
99 144
99 150
99 151
99 155
99 161
99 165
99 174
99 176
99 182
99 184
99 186
99 187
100 119
100 123
100 125
100 127
100 134
100 137
100 141
100 143
100 145
100 151
100 154
100 155
100 156
100 158
100 170
100 173
100 179
101 105
101 106
101 107
101 115
101 118
101 119
101 120
101 123
101 133
101 140
101 141
101 146
101 150
101 155
101 180
101 183
102 109
102 111
102 122
102 127
102 128
102 129
102 132
102 133
102 152
102 161
102 162
102 163
102 178
102 184
103 121
103 130
103 133
103 146
103 151
103 156
103 164
103 176
103 189
104 105
104 115
104 117
104 122
104 125
104 129
104 135
104 136
104 141
104 144
104 156
104 157
104 160
104 162
104 164
104 167
104 168
104 172
104 181
104 182
104 189
105 107
105 117
105 128
105 132
105 137
105 144
105 148
105 163
105 168
105 175
105 176
105 183
106 108
106 114
106 119
106 122
106 132
106 135
106 143
106 151
106 152
106 153
106 155
106 156
106 169
106 178
106 179
106 185
107 118
107 139
107 141
107 144
107 151
107 162
107 175
107 183
107 187
107 189
108 113
108 114
108 119
108 121
108 126
108 127
108 128
108 129
108 135
108 149
108 157
108 172
108 173
108 177
108 183
108 189
109 110
109 120
109 122
109 126
109 133
109 134
109 138
109 141
109 142
109 143
109 156
109 160
109 164
109 168
109 169
109 171
109 172
109 173
109 175
109 179
109 188
109 189
110 112
110 115
110 121
110 123
110 127
110 134
110 150
110 156
110 157
110 159
110 169
110 171
110 173
110 182
110 185
111 112
111 114
111 131
111 135
111 141
111 143
111 145
111 150
111 158
111 162
111 166
111 168
111 176
111 179
111 184
112 125
112 133
112 145
112 148
112 155
112 163
112 170
112 171
112 172
112 174
112 180
112 181
112 185
112 189
113 114
113 120
113 121
113 125
113 128
113 129
113 130
113 131
113 133
113 134
113 137
113 138
113 140
113 144
113 149
113 152
113 153
113 154
113 156
113 168
113 170
113 177
113 186
113 188
114 117
114 127
114 128
114 129
114 134
114 138
114 146
114 148
114 158
114 159
114 160
114 163
114 168
114 170
114 173
114 174
114 182
114 185
114 187
115 126
115 128
115 144
115 145
115 146
115 150
115 157
115 162
115 166
115 167
115 169
115 172
115 174
115 179
115 187
116 117
116 124
116 125
116 127
116 136
116 143
116 148
116 153
116 154
116 156
116 157
116 168
116 172
116 176
116 178
116 183
116 185
117 129
117 131
117 138
117 141
117 142
117 144
117 149
117 168
117 169
117 173
117 174
117 175
117 183
117 186
117 188
117 189
118 129
118 135
118 142
118 144
118 145
118 153
118 166
118 183
118 184
118 188
119 124
119 136
119 138
119 139
119 140
119 148
119 149
119 150
119 151
119 152
119 162
119 168
119 169
119 172
119 176
120 122
120 130
120 132
120 134
120 136
120 141
120 145
120 148
120 151
120 163
120 171
120 173
120 176
120 177
120 179
120 181
120 186
121 126
121 128
121 135
121 137
121 142
121 156
121 166
121 177
121 184
122 125
122 127
122 129
122 131
122 132
122 133
122 135
122 137
122 145
122 147
122 148
122 150
122 153
122 163
122 173
122 177
122 178
122 186
123 125
123 129
123 135
123 136
123 137
123 138
123 139
123 146
123 147
123 150
123 167
123 170
124 128
124 139
124 142
124 147
124 149
124 150
124 153
124 157
124 160
124 164
124 175
124 183
124 188
125 129
125 134
125 138
125 139
125 143
125 147
125 149
125 156
125 162
125 166
125 168
125 171
125 173
125 183
126 132
126 144
126 145
126 152
126 180
126 184
126 188
126 189
127 129
127 133
127 141
127 142
127 160
127 177
127 185
127 188
127 189
128 150
128 152
128 165
128 174
128 179
129 142
129 143
129 144
129 148
129 153
129 154
129 157
129 162
129 174
129 178
129 182
129 188
130 132
130 147
130 152
130 157
130 162
130 164
130 169
130 174
130 177
130 182
130 184
130 187
131 132
131 134
131 137
131 145
131 148
131 157
131 163
131 173
131 174
131 179
131 180
131 182
131 184
131 185
131 189
132 136
132 137
132 138
132 139
132 146
132 169
132 178
132 180
132 181
132 183
132 184
132 188
133 134
133 138
133 144
133 146
133 153
133 162
133 166
133 167
133 170
133 171
134 137
134 140
134 146
134 147
134 160
134 166
134 169
134 174
134 180
134 181
135 138
135 145
135 150
135 157
135 162
135 164
135 172
135 183
135 189
136 137
136 138
136 146
136 151
136 152
136 155
136 156
136 163
136 177
137 142
137 150
137 154
137 157
137 162
137 163
137 164
137 182
137 187
137 189
138 140
138 147
138 157
138 160
138 164
138 167
138 169
139 142
139 143
139 145
139 153
139 154
139 156
139 157
139 158
139 166
139 168
139 175
139 177
139 179
139 182
139 183
139 187
140 141
140 142
140 144
140 159
140 165
140 168
140 171
140 172
140 176
140 181
141 142
141 147
141 149
141 150
141 153
141 155
141 156
141 158
141 164
141 171
141 175
141 176
141 181
142 154
142 162
142 166
142 169
142 176
142 177
142 179
142 180
142 181
142 182
142 188
143 146
143 147
143 156
143 166
143 185
144 147
144 164
144 171
144 174
144 176
144 178
144 182
144 189
145 148
145 150
145 153
145 162
145 165
145 177
145 183
145 184
145 188
146 147
146 152
146 153
146 165
146 176
146 179
146 182
147 152
147 162
147 163
147 180
147 189
148 150
148 160
148 161
148 162
148 164
148 166
148 170
148 172
148 173
148 179
148 186
149 154
149 155
149 156
149 159
149 163
149 164
149 166
149 180
149 181
149 182
149 183
149 185
149 188
150 151
150 152
150 169
150 174
150 184
151 155
151 159
151 162
151 172
151 177
151 179
151 185
152 155
152 165
152 167
152 176
152 177
152 183
153 158
153 161
153 164
153 168
153 172
153 178
153 187
154 165
154 169
154 181
154 184
154 187
154 188
155 156
155 161
155 171
155 180
155 181
155 184
155 187
156 169
156 178
156 183
157 161
157 169
157 174
157 175
157 181
157 183
157 184
158 159
158 160
158 162
158 167
158 170
158 175
158 180
158 182
158 185
159 161
159 171
159 172
159 173
159 176
159 178
160 174
160 187
161 165
161 166
161 171
161 181
161 183
161 187
162 165
162 166
162 167
162 168
162 171
162 179
162 186
163 168
163 173
163 178
163 179
163 180
163 182
163 185
163 188
164 166
164 171
164 180
165 170
165 173
165 180
165 183
165 184
165 185
165 186
165 187
165 188
166 167
166 173
166 178
166 184
166 189
167 169
167 171
167 173
167 178
167 182
168 169
168 176
168 182
168 183
168 186
169 172
169 182
169 185
169 186
169 187
170 174
170 177
170 182
170 187
171 176
171 189
172 181
172 189
173 178
174 179
174 180
174 182
174 183
175 183
176 179
176 182
177 185
177 187
178 188
179 181
181 182
181 189
183 185
183 188
