169 3298
1 2
1 3
1 4
1 5
1 6
1 7
1 8
1 9
1 10
1 11
1 12
1 13
1 14
1 15
1 16
1 17
1 18
1 19
1 20
1 21
1 22
1 23
1 24
1 25
1 26
1 27
1 28
1 29
1 30
1 31
1 32
1 33
1 45
1 50
1 59
1 64
1 66
1 67
1 69
1 72
1 77
1 79
1 85
1 87
1 92
1 98
1 113
1 119
1 134
1 154
1 157
1 160
1 162
1 164
1 169
2 3
2 4
2 5
2 6
2 7
2 8
2 9
2 10
2 11
2 12
2 13
2 14
2 15
2 16
2 17
2 18
2 19
2 20
2 21
2 22
2 23
2 24
2 25
2 26
2 27
2 28
2 29
2 30
2 31
2 32
2 33
2 42
2 44
2 51
2 52
2 58
2 59
2 60
2 64
2 68
2 82
2 83
2 89
2 93
2 105
2 106
2 107
2 112
2 120
2 124
2 133
2 143
2 149
2 154
2 163
2 164
2 165
2 166
2 169
3 4
3 5
3 6
3 7
3 8
3 9
3 10
3 11
3 12
3 13
3 14
3 15
3 16
3 17
3 18
3 19
3 20
3 21
3 22
3 23
3 24
3 25
3 26
3 27
3 28
3 29
3 30
3 31
3 32
3 33
3 41
3 42
3 47
3 50
3 53
3 56
3 58
3 80
3 94
3 97
3 106
3 112
3 122
3 123
3 126
3 128
3 136
3 149
3 152
3 157
3 159
3 165
3 168
3 169
4 5
4 6
4 7
4 8
4 9
4 10
4 11
4 12
4 13
4 14
4 15
4 16
4 17
4 18
4 19
4 20
4 21
4 22
4 23
4 24
4 25
4 26
4 27
4 28
4 29
4 30
4 31
4 32
4 33
4 35
4 39
4 46
4 56
4 59
4 65
4 66
4 68
4 76
4 85
4 110
4 114
4 117
4 123
4 124
4 132
4 143
4 145
4 148
4 152
4 159
4 165
4 166
5 6
5 7
5 8
5 9
5 10
5 11
5 12
5 13
5 14
5 15
5 16
5 17
5 18
5 19
5 20
5 21
5 22
5 23
5 24
5 25
5 26
5 27
5 28
5 29
5 30
5 31
5 32
5 33
5 34
5 37
5 38
5 42
5 44
5 46
5 48
5 51
5 54
5 58
5 63
5 66
5 68
5 70
5 94
5 104
5 105
5 109
5 113
5 114
5 115
5 129
5 130
5 132
5 142
5 155
5 163
6 7
6 8
6 9
6 10
6 11
6 12
6 13
6 14
6 15
6 16
6 17
6 18
6 19
6 20
6 21
6 22
6 23
6 24
6 25
6 26
6 27
6 28
6 29
6 30
6 31
6 32
6 33
6 34
6 40
6 41
6 46
6 47
6 49
6 55
6 59
6 60
6 64
6 67
6 69
6 78
6 84
6 93
6 98
6 102
6 106
6 116
6 129
6 130
6 131
6 134
6 136
6 141
6 144
6 153
6 158
6 162
6 164
6 165
6 167
7 8
7 9
7 10
7 11
7 12
7 13
7 14
7 15
7 16
7 17
7 18
7 19
7 20
7 21
7 22
7 23
7 24
7 25
7 26
7 27
7 28
7 29
7 30
7 31
7 32
7 33
7 50
7 55
7 57
7 58
7 60
7 61
7 65
7 66
7 68
7 77
7 79
7 85
7 96
7 101
7 103
7 109
7 112
7 133
7 134
7 135
7 151
7 163
7 166
8 9
8 10
8 11
8 12
8 13
8 14
8 15
8 16
8 17
8 18
8 19
8 20
8 21
8 22
8 23
8 24
8 25
8 26
8 27
8 28
8 29
8 30
8 31
8 32
8 33
8 34
8 36
8 41
8 43
8 50
8 51
8 57
8 58
8 59
8 68
8 75
8 80
8 81
8 82
8 83
8 84
8 85
8 86
8 99
8 100
8 102
8 108
8 120
8 123
8 126
8 129
8 134
8 141
8 142
9 10
9 11
9 12
9 13
9 14
9 15
9 16
9 17
9 18
9 19
9 20
9 21
9 22
9 23
9 24
9 25
9 26
9 27
9 28
9 29
9 30
9 31
9 32
9 33
9 35
9 38
9 41
9 52
9 59
9 66
9 76
9 81
9 82
9 86
9 87
9 89
9 91
9 99
9 113
9 114
9 116
9 118
9 120
9 126
9 128
9 133
9 140
9 142
9 143
9 145
9 151
9 153
9 156
10 11
10 12
10 13
10 14
10 15
10 16
10 17
10 18
10 19
10 20
10 21
10 22
10 23
10 24
10 25
10 26
10 27
10 28
10 29
10 30
10 31
10 32
10 33
10 35
10 37
10 41
10 43
10 45
10 46
10 47
10 52
10 57
10 62
10 63
10 68
10 71
10 84
10 92
10 98
10 106
10 129
10 133
10 135
10 137
10 139
10 140
10 141
10 142
10 146
10 151
10 158
11 12
11 13
11 14
11 15
11 16
11 17
11 18
11 19
11 20
11 21
11 22
11 23
11 24
11 25
11 26
11 27
11 28
11 29
11 30
11 31
11 32
11 33
11 40
11 46
11 50
11 55
11 62
11 65
11 68
11 69
11 70
11 72
11 76
11 81
11 82
11 101
11 103
11 113
11 117
11 126
11 128
11 132
11 141
11 162
11 168
12 13
12 14
12 15
12 16
12 17
12 18
12 19
12 20
12 21
12 22
12 23
12 24
12 25
12 26
12 27
12 28
12 29
12 30
12 31
12 32
12 33
12 39
12 42
12 44
12 46
12 50
12 51
12 54
12 56
12 57
12 62
12 66
12 73
12 75
12 76
12 78
12 79
12 81
12 82
12 97
12 98
12 105
12 106
12 107
12 109
12 116
12 118
12 122
12 123
12 138
12 139
12 148
12 154
12 160
12 162
12 163
12 164
12 168
13 14
13 15
13 16
13 17
13 18
13 19
13 20
13 21
13 22
13 23
13 24
13 25
13 26
13 27
13 28
13 29
13 30
13 31
13 32
13 33
13 38
13 39
13 42
13 49
13 50
13 57
13 58
13 63
13 69
13 71
13 74
13 80
13 82
13 83
13 92
13 94
13 101
13 117
13 123
13 124
13 126
13 127
13 129
13 136
13 143
13 148
13 149
13 158
13 160
14 15
14 16
14 17
14 18
14 19
14 20
14 21
14 22
14 23
14 24
14 25
14 26
14 27
14 28
14 29
14 30
14 31
14 32
14 33
14 58
14 60
14 62
14 65
14 70
14 71
14 76
14 79
14 82
14 83
14 90
14 98
14 105
14 106
14 107
14 108
14 110
14 113
14 114
14 122
14 123
14 124
14 127
14 132
14 137
14 152
14 156
14 157
14 161
14 168
14 169
15 16
15 17
15 18
15 19
15 20
15 21
15 22
15 23
15 24
15 25
15 26
15 27
15 28
15 29
15 30
15 31
15 32
15 33
15 35
15 37
15 39
15 48
15 49
15 57
15 61
15 64
15 69
15 89
15 90
15 91
15 101
15 103
15 115
15 121
15 123
15 125
15 135
15 136
15 137
15 139
15 146
15 150
15 155
15 157
15 163
15 166
15 169
16 17
16 18
16 19
16 20
16 21
16 22
16 23
16 24
16 25
16 26
16 27
16 28
16 29
16 30
16 31
16 32
16 33
16 34
16 36
16 43
16 49
16 53
16 55
16 56
16 61
16 69
16 75
16 77
16 83
16 86
16 88
16 95
16 104
16 106
16 113
16 128
16 136
16 138
16 139
16 140
16 143
16 147
16 148
16 150
16 151
16 168
17 18
17 19
17 20
17 21
17 22
17 23
17 24
17 25
17 26
17 27
17 28
17 29
17 30
17 31
17 32
17 33
17 34
17 40
17 41
17 43
17 44
17 48
17 52
17 58
17 64
17 68
17 70
17 73
17 74
17 79
17 86
17 95
17 99
17 101
17 102
17 103
17 106
17 114
17 116
17 117
17 120
17 123
17 124
17 126
17 128
17 132
17 133
17 136
17 137
17 143
17 144
17 147
17 155
17 163
17 166
18 19
18 20
18 21
18 22
18 23
18 24
18 25
18 26
18 27
18 28
18 29
18 30
18 31
18 32
18 33
18 38
18 50
18 56
18 57
18 65
18 66
18 68
18 69
18 80
18 81
18 101
18 104
18 108
18 111
18 123
18 125
18 126
18 134
18 137
18 141
18 142
18 145
18 147
18 148
18 149
18 155
18 158
18 160
18 163
19 20
19 21
19 22
19 23
19 24
19 25
19 26
19 27
19 28
19 29
19 30
19 31
19 32
19 33
19 36
19 38
19 39
19 40
19 57
19 62
19 67
19 79
19 81
19 82
19 84
19 93
19 106
19 113
19 115
19 119
19 121
19 122
19 126
19 142
19 147
19 151
19 162
19 165
20 21
20 22
20 23
20 24
20 25
20 26
20 27
20 28
20 29
20 30
20 31
20 32
20 33
20 36
20 49
20 50
20 58
20 61
20 63
20 68
20 71
20 74
20 75
20 93
20 107
20 111
20 113
20 125
20 131
20 133
20 137
20 147
20 156
20 161
21 22
21 23
21 24
21 25
21 26
21 27
21 28
21 29
21 30
21 31
21 32
21 33
21 38
21 45
21 51
21 59
21 62
21 66
21 67
21 71
21 73
21 78
21 79
21 93
21 96
21 101
21 102
21 109
21 124
21 127
21 141
21 151
21 152
21 153
21 164
21 168
22 23
22 24
22 25
22 26
22 27
22 28
22 29
22 30
22 31
22 32
22 33
22 37
22 43
22 48
22 50
22 52
22 63
22 65
22 67
22 70
22 71
22 85
22 117
22 119
22 124
22 146
22 147
22 150
22 165
22 167
23 24
23 25
23 26
23 27
23 28
23 29
23 30
23 31
23 32
23 33
23 42
23 44
23 50
23 56
23 59
23 61
23 67
23 71
23 72
23 76
23 83
23 84
23 86
23 88
23 91
23 96
23 100
23 123
23 125
23 126
23 127
23 132
23 134
23 135
23 143
23 149
23 151
23 156
23 158
23 160
24 25
24 26
24 27
24 28
24 29
24 30
24 31
24 32
24 33
24 47
24 48
24 51
24 52
24 55
24 57
24 63
24 76
24 78
24 91
24 97
24 99
24 117
24 118
24 130
24 140
24 163
24 166
25 26
25 27
25 28
25 29
25 30
25 31
25 32
25 33
25 42
25 50
25 57
25 65
25 71
25 72
25 92
25 101
25 104
25 106
25 111
25 112
25 113
25 125
25 129
25 140
25 149
25 157
25 164
26 27
26 28
26 29
26 30
26 31
26 32
26 33
26 35
26 41
26 51
26 62
26 73
26 81
26 84
26 88
26 90
26 91
26 92
26 98
26 99
26 104
26 112
26 114
26 132
26 134
26 136
26 139
26 148
26 153
26 154
26 163
27 28
27 29
27 30
27 31
27 32
27 33
27 38
27 48
27 55
27 60
27 61
27 63
27 64
27 68
27 71
27 72
27 73
27 75
27 80
27 81
27 83
27 94
27 97
27 99
27 109
27 110
27 116
27 117
27 120
27 147
27 148
27 156
27 159
27 164
27 165
27 167
27 169
28 29
28 30
28 31
28 32
28 33
28 37
28 38
28 41
28 42
28 45
28 46
28 48
28 50
28 51
28 66
28 68
28 71
28 74
28 76
28 89
28 97
28 98
28 100
28 105
28 107
28 110
28 113
28 116
28 118
28 122
28 130
28 134
28 136
28 137
28 139
28 154
28 155
28 156
28 157
29 30
29 31
29 32
29 33
29 36
29 48
29 58
29 60
29 61
29 63
29 86
29 88
29 101
29 102
29 106
29 113
29 119
29 122
29 126
29 142
29 148
29 155
29 158
30 31
30 32
30 33
30 36
30 43
30 45
30 51
30 59
30 64
30 70
30 71
30 73
30 75
30 83
30 84
30 89
30 99
30 111
30 112
30 114
30 116
30 119
30 138
30 143
30 144
30 153
30 157
30 160
30 161
30 162
30 166
30 168
31 32
31 33
31 34
31 47
31 61
31 62
31 63
31 69
31 87
31 88
31 93
31 99
31 103
31 105
31 108
31 118
31 128
31 131
31 137
31 140
31 145
31 153
31 156
31 160
32 33
32 38
32 41
32 45
32 46
32 49
32 50
32 51
32 57
32 59
32 73
32 76
32 79
32 81
32 94
32 101
32 102
32 105
32 111
32 117
32 132
32 135
32 139
32 150
32 152
32 155
32 158
32 159
32 160
32 162
33 40
33 42
33 44
33 45
33 52
33 54
33 63
33 66
33 77
33 88
33 100
33 101
33 113
33 114
33 123
33 137
33 142
33 150
33 161
33 163
33 164
33 169
34 35
34 36
34 41
34 47
34 62
34 72
34 74
34 76
34 77
34 78
34 84
34 88
34 89
34 101
34 103
34 104
34 106
34 112
34 113
34 114
34 116
34 122
34 123
34 126
34 128
34 143
34 165
34 166
35 40
35 41
35 47
35 48
35 54
35 55
35 60
35 67
35 78
35 91
35 92
35 94
35 100
35 104
35 115
35 121
35 125
35 132
35 139
35 154
35 156
35 158
35 160
35 166
36 37
36 49
36 59
36 62
36 63
36 74
36 75
36 77
36 102
36 103
36 111
36 123
36 125
36 135
36 136
36 138
36 141
36 143
36 148
36 156
36 163
36 165
36 167
37 44
37 49
37 52
37 62
37 65
37 69
37 70
37 74
37 79
37 82
37 83
37 84
37 92
37 95
37 98
37 99
37 100
37 103
37 105
37 108
37 110
37 112
37 115
37 127
37 137
37 139
37 144
37 153
37 157
37 160
37 162
37 169
38 41
38 43
38 45
38 47
38 48
38 56
38 57
38 64
38 73
38 82
38 93
38 94
38 98
38 102
38 106
38 107
38 108
38 111
38 128
38 135
38 139
38 164
39 47
39 48
39 49
39 56
39 67
39 76
39 82
39 85
39 86
39 90
39 93
39 94
39 100
39 101
39 111
39 120
39 121
39 123
39 139
39 141
39 150
39 154
39 155
39 167
40 42
40 47
40 57
40 76
40 81
40 86
40 91
40 92
40 99
40 101
40 109
40 120
40 141
40 146
40 148
40 162
41 42
41 46
41 48
41 49
41 59
41 60
41 61
41 83
41 95
41 100
41 103
41 112
41 113
41 116
41 126
41 132
41 133
41 140
41 144
41 145
41 149
41 160
41 169
42 43
42 46
42 49
42 50
42 51
42 52
42 64
42 66
42 67
42 71
42 77
42 84
42 86
42 88
42 90
42 91
42 92
42 93
42 102
42 104
42 110
42 111
42 117
42 124
42 125
42 126
42 127
42 132
42 136
42 137
42 138
42 139
42 143
42 150
42 157
42 160
42 165
42 168
43 45
43 47
43 52
43 55
43 56
43 57
43 60
43 65
43 79
43 81
43 82
43 89
43 93
43 97
43 103
43 113
43 116
43 123
43 133
43 144
43 148
43 154
43 155
43 160
43 161
44 46
44 66
44 67
44 68
44 69
44 73
44 74
44 78
44 79
44 83
44 86
44 91
44 92
44 95
44 99
44 104
44 107
44 110
44 115
44 116
44 129
44 136
44 151
44 152
44 156
44 164
44 167
44 168
45 47
45 54
45 66
45 72
45 80
45 81
45 85
45 87
45 100
45 101
45 110
45 118
45 119
45 132
45 133
45 136
45 137
45 141
45 143
45 145
45 148
45 154
45 166
45 167
46 47
46 50
46 71
46 74
46 79
46 89
46 92
46 94
46 104
46 112
46 114
46 117
46 122
46 130
46 147
47 53
47 55
47 56
47 59
47 61
47 62
47 63
47 68
47 80
47 82
47 87
47 98
47 104
47 108
47 110
47 120
47 126
47 132
47 133
47 134
47 135
47 137
47 140
47 150
47 151
47 152
47 159
47 161
47 163
47 166
48 49
48 61
48 64
48 66
48 67
48 77
48 81
48 82
48 84
48 91
48 105
48 109
48 110
48 116
48 119
48 125
48 134
48 136
48 138
48 143
48 144
48 145
48 154
48 156
48 159
48 163
48 164
48 165
48 166
48 167
49 65
49 66
49 80
49 81
49 88
49 96
49 99
49 102
49 115
49 117
49 120
49 121
49 123
49 127
49 128
49 131
49 133
49 140
49 141
49 143
49 146
49 153
49 156
49 157
49 168
50 58
50 59
50 60
50 65
50 68
50 74
50 82
50 84
50 87
50 92
50 99
50 106
50 107
50 109
50 119
50 122
50 124
50 125
50 134
50 138
50 143
50 149
50 150
50 152
50 154
50 155
50 157
50 158
50 159
50 162
51 57
51 69
51 87
51 88
51 93
51 97
51 107
51 113
51 114
51 116
51 125
51 131
51 148
51 150
51 151
51 153
51 155
51 160
51 162
51 169
52 58
52 62
52 64
52 65
52 68
52 69
52 94
52 95
52 100
52 101
52 103
52 104
52 106
52 112
52 113
52 130
52 141
52 143
52 145
52 146
52 163
52 164
52 167
53 67
53 68
53 74
53 75
53 81
53 87
53 96
53 106
53 113
53 117
53 118
53 119
53 130
53 138
53 139
53 153
53 158
53 159
54 61
54 66
54 67
54 69
54 77
54 80
54 85
54 86
54 98
54 100
54 102
54 108
54 111
54 115
54 125
54 136
54 140
54 156
54 165
54 167
55 57
55 63
55 72
55 83
55 86
55 93
55 99
55 105
55 127
55 129
55 131
55 134
55 137
55 150
55 169
56 60
56 63
56 67
56 68
56 72
56 78
56 80
56 83
56 85
56 92
56 93
56 95
56 99
56 102
56 111
56 119
56 120
56 128
56 129
56 131
56 140
56 149
56 150
56 168
57 60
57 61
57 65
57 70
57 85
57 93
57 94
57 96
57 102
57 107
57 112
57 119
57 127
57 146
57 147
57 162
57 168
57 169
58 60
58 63
58 69
58 74
58 75
58 80
58 85
58 87
58 92
58 98
58 100
58 102
58 108
58 119
58 121
58 127
58 129
58 137
58 147
58 150
58 154
58 156
58 160
59 64
59 65
59 66
59 75
59 76
59 78
59 92
59 93
59 106
59 112
59 117
59 127
59 129
59 131
59 137
59 140
59 144
59 145
59 147
59 148
59 149
59 153
59 162
59 164
59 168
60 68
60 69
60 71
60 73
60 75
60 84
60 107
60 112
60 117
60 118
60 119
60 122
60 124
60 127
60 128
60 130
60 133
60 138
60 147
60 153
60 155
60 159
60 160
60 163
61 63
61 65
61 66
61 76
61 88
61 92
61 102
61 108
61 109
61 110
61 119
61 121
61 122
61 131
61 145
61 151
61 156
61 158
62 66
62 69
62 84
62 85
62 88
62 91
62 99
62 100
62 102
62 107
62 109
62 121
62 124
62 127
62 131
62 141
62 144
62 146
62 147
62 149
62 154
62 158
62 159
62 161
63 64
63 65
63 80
63 83
63 85
63 86
63 88
63 99
63 101
63 106
63 114
63 123
63 125
63 126
63 139
63 140
63 142
63 146
63 147
63 150
63 153
63 155
63 157
63 159
63 162
63 167
63 168
64 65
64 68
64 70
64 77
64 87
64 96
64 97
64 101
64 106
64 108
64 115
64 117
64 124
64 131
64 135
64 140
64 152
64 159
64 161
64 166
64 168
64 169
65 73
65 75
65 87
65 91
65 94
65 98
65 99
65 105
65 107
65 110
65 113
65 118
65 129
65 130
65 132
65 134
65 136
65 138
65 141
65 142
65 154
65 161
65 165
65 167
66 80
66 81
66 82
66 83
66 91
66 97
66 99
66 115
66 122
66 123
66 133
66 138
66 141
66 144
66 148
66 152
66 155
66 158
66 159
67 68
67 74
67 75
67 78
67 80
67 83
67 88
67 89
67 92
67 105
67 107
67 108
67 111
67 125
67 129
67 131
67 134
67 143
67 146
67 147
67 149
67 164
67 166
67 169
68 69
68 84
68 85
68 96
68 100
68 109
68 110
68 113
68 114
68 115
68 131
68 133
68 134
68 138
68 141
68 146
68 149
68 160
68 163
68 167
68 169
69 72
69 75
69 78
69 79
69 83
69 88
69 96
69 99
69 110
69 114
69 115
69 118
69 131
69 136
69 144
69 145
69 152
69 153
69 155
69 156
69 157
69 158
69 169
70 76
70 86
70 89
70 105
70 113
70 121
70 126
70 127
70 142
70 146
70 151
70 152
70 153
70 154
70 163
70 165
70 166
70 169
71 78
71 98
71 102
71 124
71 127
71 128
71 130
71 133
71 140
71 142
71 146
71 147
71 159
71 162
71 167
71 168
71 169
72 73
72 79
72 82
72 114
72 116
72 120
72 128
72 133
72 135
72 161
72 166
73 74
73 84
73 86
73 87
73 88
73 100
73 104
73 109
73 119
73 126
73 151
73 152
73 155
73 156
73 165
74 75
74 78
74 79
74 91
74 92
74 99
74 102
74 108
74 110
74 115
74 118
74 123
74 126
74 128
74 136
74 138
74 143
74 145
74 148
74 149
74 153
74 159
74 160
74 162
74 165
74 166
74 167
75 79
75 81
75 85
75 91
75 95
75 96
75 97
75 99
75 100
75 104
75 110
75 121
75 123
75 125
75 128
75 129
75 132
75 135
75 137
75 145
75 148
75 153
75 165
75 167
76 78
76 84
76 87
76 89
76 91
76 92
76 94
76 102
76 103
76 118
76 122
76 126
76 127
76 128
76 130
76 132
76 133
76 135
76 143
76 145
76 147
76 150
76 151
76 155
76 156
76 160
77 79
77 83
77 93
77 96
77 98
77 100
77 109
77 118
77 120
77 125
77 138
77 140
77 148
77 154
77 156
77 159
77 163
77 164
78 79
78 80
78 86
78 87
78 92
78 96
78 106
78 110
78 115
78 116
78 117
78 124
78 130
78 131
78 132
78 134
78 137
78 141
78 145
78 149
78 160
78 163
79 80
79 86
79 92
79 104
79 109
79 115
79 118
79 122
79 125
79 135
79 136
79 137
79 144
79 146
79 152
79 156
79 163
80 94
80 95
80 103
80 106
80 109
80 110
80 112
80 129
80 133
80 134
80 136
80 138
80 144
80 145
80 150
80 155
80 159
80 167
81 85
81 94
81 95
81 96
81 111
81 113
81 117
81 122
81 126
81 131
81 134
81 137
81 138
81 139
81 142
81 143
81 145
81 146
81 149
81 152
81 155
81 158
81 160
81 163
81 164
81 168
82 89
82 94
82 102
82 106
82 120
82 122
82 123
82 130
82 135
82 137
82 141
82 143
82 150
82 156
82 157
82 160
83 84
83 98
83 113
83 118
83 119
83 134
83 140
83 142
83 155
83 157
84 92
84 106
84 114
84 115
84 116
84 120
84 123
84 128
84 131
84 132
84 135
84 138
84 140
84 142
84 144
84 147
84 151
84 152
84 154
84 159
84 162
85 91
85 96
85 98
85 99
85 107
85 120
85 122
85 127
85 131
85 135
85 138
85 143
85 145
85 146
85 148
85 149
85 150
85 155
85 157
85 165
86 93
86 102
86 104
86 113
86 115
86 121
86 122
86 123
86 127
86 134
86 135
86 138
86 145
86 150
86 153
86 161
86 163
86 165
86 166
86 169
87 89
87 92
87 103
87 109
87 110
87 111
87 113
87 125
87 135
87 138
87 139
87 141
87 146
87 148
87 153
87 155
87 161
88 89
88 90
88 107
88 113
88 114
88 125
88 145
88 146
88 151
88 157
88 163
89 91
89 93
89 94
89 106
89 109
89 113
89 114
89 127
89 130
89 135
89 136
89 141
89 145
89 147
89 150
89 151
89 156
89 158
89 162
89 168
89 169
90 97
90 99
90 108
90 111
90 115
90 123
90 124
90 126
90 132
90 133
90 135
90 136
90 143
90 148
90 149
90 153
90 160
90 167
91 99
91 108
91 111
91 112
91 129
91 136
91 146
91 154
91 157
91 166
91 167
91 168
92 95
92 113
92 116
92 117
92 119
92 124
92 127
92 150
92 151
92 162
93 94
93 98
93 102
93 117
93 120
93 126
93 144
93 146
93 147
93 150
93 159
93 161
94 98
94 101
94 106
94 123
94 124
94 127
94 130
94 145
94 149
94 155
94 157
94 164
94 165
95 101
95 102
95 105
95 108
95 111
95 112
95 131
95 134
95 155
95 159
96 115
96 118
96 119
96 121
96 123
96 125
96 130
96 133
96 134
96 136
96 139
96 140
96 142
96 145
96 146
96 151
96 154
97 100
97 109
97 121
97 124
97 125
97 127
97 131
97 134
97 135
97 141
97 143
97 146
97 151
97 152
97 156
97 159
97 161
97 164
98 99
98 109
98 110
98 119
98 124
98 125
98 128
98 133
98 136
98 137
98 138
98 140
98 142
98 151
98 153
98 161
98 165
98 168
99 100
99 101
99 108
99 110
99 117
99 119
99 136
99 144
99 145
99 149
99 159
99 164
100 101
100 103
100 104
100 117
100 121
100 123
100 126
100 127
100 128
100 130
100 138
100 147
100 150
100 156
100 159
100 165
100 168
101 104
101 105
101 115
101 116
101 117
101 125
101 132
101 133
101 136
101 138
101 140
101 150
101 156
101 159
101 161
101 163
101 164
101 165
102 103
102 106
102 107
102 109
102 112
102 122
102 125
102 130
102 133
102 134
102 141
102 143
102 148
102 149
102 156
102 158
102 165
102 166
102 167
103 107
103 115
103 118
103 119
103 124
103 132
103 135
103 143
103 144
103 152
103 153
103 159
104 106
104 114
104 124
104 126
104 134
104 143
104 148
104 151
104 152
104 165
105 106
105 113
105 114
105 121
105 125
105 127
105 133
105 142
105 149
105 154
105 155
105 159
105 160
106 109
106 110
106 115
106 118
106 119
106 122
106 125
106 127
106 128
106 134
106 135
106 138
106 141
106 146
106 148
106 150
106 151
106 155
106 163
106 164
107 111
107 112
107 113
107 117
107 122
107 130
107 132
107 134
107 137
107 142
107 145
107 149
107 153
107 159
107 163
107 168
108 133
108 144
108 148
108 153
108 158
109 114
109 116
109 130
109 133
109 141
109 144
109 151
109 159
109 167
109 168
110 112
110 113
110 117
110 127
110 133
110 134
110 143
110 146
110 148
110 152
110 159
110 168
111 121
111 122
111 123
111 124
111 129
111 147
111 151
111 153
111 155
111 156
111 157
111 164
111 165
111 166
111 169
112 116
112 118
112 119
112 124
112 126
112 136
112 138
112 142
112 153
112 159
113 117
113 120
113 122
113 126
113 130
113 132
113 138
113 140
113 141
113 149
113 150
113 151
113 158
114 120
114 127
114 133
114 134
114 141
114 149
114 150
114 158
114 161
114 168
115 118
115 123
115 125
115 133
115 141
115 151
115 159
116 122
116 123
116 126
116 130
116 136
116 137
116 140
116 143
116 159
116 161
116 162
116 164
116 169
117 118
117 119
117 123
117 127
117 137
117 139
117 141
117 150
117 151
117 153
117 156
117 157
117 158
117 160
117 162
117 165
117 167
118 125
118 127
118 139
118 144
118 148
118 150
118 152
118 154
118 161
118 162
118 163
118 164
118 169
119 121
119 122
119 123
119 128
119 137
119 144
119 146
119 152
119 153
119 154
120 122
120 123
120 124
120 125
120 128
120 129
120 132
120 133
120 145
120 146
120 147
120 149
120 153
120 159
120 163
120 164
120 168
121 127
121 128
121 144
121 156
121 161
121 165
121 166
121 169
122 129
122 133
122 138
122 140
122 145
122 146
122 147
122 151
122 152
122 153
122 163
122 167
123 128
123 133
123 134
123 135
123 143
123 149
123 150
123 151
123 153
123 160
123 162
124 127
124 135
124 145
124 146
124 152
124 153
124 155
124 156
124 158
124 159
124 162
124 163
124 169
125 131
125 139
125 141
125 144
125 149
125 155
125 156
125 158
125 164
125 166
125 167
126 130
126 136
126 137
126 138
126 139
126 140
126 144
126 154
127 128
127 139
127 140
127 147
127 151
127 160
127 161
127 168
128 130
128 132
128 136
128 142
128 145
128 166
128 169
129 137
129 142
129 151
129 156
129 157
129 158
129 159
129 164
130 131
130 135
130 138
130 142
130 144
130 153
130 158
130 160
130 163
130 167
131 132
131 133
131 140
131 141
131 149
131 155
131 158
131 163
131 165
131 166
131 168
132 133
132 134
132 137
132 138
132 146
132 154
132 156
132 157
132 161
132 163
132 167
133 140
133 157
133 168
133 169
134 137
134 140
134 144
134 146
134 147
134 153
134 157
134 159
134 163
134 165
134 167
134 169
135 152
135 160
135 161
135 162
135 164
136 139
136 141
136 145
136 146
136 147
136 150
136 152
136 168
137 152
137 156
137 157
137 163
137 167
138 144
138 148
138 151
138 155
138 156
138 160
138 165
139 146
139 151
139 153
139 156
139 157
139 163
139 165
139 168
140 147
140 154
140 157
140 160
140 162
140 165
140 167
141 144
141 147
141 153
141 161
141 164
141 168
142 147
142 151
142 154
142 160
142 161
142 169
143 145
143 152
143 154
143 157
143 163
144 151
144 152
144 155
144 163
145 147
145 148
145 155
145 156
145 168
145 169
146 147
146 150
146 158
146 162
146 166
147 162
147 167
148 152
148 159
149 151
149 158
149 159
149 161
150 154
150 155
150 156
150 167
151 158
151 162
151 164
151 165
151 167
152 156
152 162
153 160
153 164
154 155
154 158
154 161
154 165
155 156
155 157
155 159
155 161
155 163
155 166
155 167
156 157
156 165
157 158
157 163
158 169
159 160
159 165
159 169
160 162
160 163
161 162
161 165
161 169
168 169
