45 232
1 2
1 3
1 4
1 5
1 6
1 7
1 8
1 16
1 20
1 21
1 24
1 26
1 28
1 37
1 40
1 45
2 3
2 4
2 5
2 6
2 7
2 8
2 22
2 23
2 24
2 28
2 31
2 33
3 4
3 5
3 6
3 7
3 8
3 9
3 13
3 21
3 31
3 32
3 33
3 37
3 39
3 40
4 5
4 6
4 7
4 8
4 10
4 12
4 21
4 29
4 41
4 44
5 6
5 7
5 8
5 15
5 20
5 28
5 32
5 39
5 44
5 45
6 7
6 8
6 11
6 14
6 19
6 21
6 22
6 26
6 41
6 43
7 8
7 13
7 14
7 24
7 28
7 30
7 40
7 41
7 42
7 43
8 21
8 22
8 30
8 40
8 41
8 44
9 15
9 21
9 23
9 24
9 34
9 36
9 38
9 41
9 44
10 12
10 20
10 24
10 30
10 31
10 32
10 39
10 45
11 14
11 24
11 37
11 43
12 16
12 17
12 25
12 41
12 43
12 44
13 16
13 19
13 20
13 23
13 36
13 37
13 38
13 41
13 43
14 22
14 23
14 27
14 28
14 32
14 38
15 17
15 21
15 31
15 32
15 35
15 36
15 40
16 17
16 24
16 28
16 33
16 34
16 35
16 36
16 39
16 41
16 42
17 21
17 26
17 27
17 32
17 34
17 36
17 43
17 45
18 19
18 20
18 21
18 28
18 30
18 35
18 37
18 40
18 45
19 22
19 27
19 32
19 35
19 39
19 42
20 22
20 24
20 31
20 36
20 41
20 44
21 22
21 28
21 33
21 36
22 31
22 36
22 37
23 24
23 31
23 35
23 36
23 40
23 41
24 31
24 32
24 36
24 41
25 26
25 28
25 33
25 36
25 39
26 31
26 33
26 34
26 35
26 38
26 44
27 31
27 35
27 38
27 45
28 32
28 34
29 35
29 37
29 39
29 41
30 36
30 38
31 33
31 35
31 39
31 42
31 44
32 39
35 39
37 38
37 40
38 45
39 45
41 43
41 44
41 45
42 44
43 44
