34 119
1 2
1 3
1 4
1 5
1 19
1 33
2 3
2 4
2 5
2 12
2 25
2 31
3 4
3 5
3 8
3 13
3 18
3 26
3 32
4 5
4 8
4 11
4 18
4 19
4 20
4 30
4 32
5 21
5 28
5 32
5 34
6 7
6 18
6 28
6 29
7 12
7 20
7 22
7 25
7 26
7 27
7 32
8 9
8 11
8 13
8 14
8 15
8 16
8 19
8 21
8 30
8 33
9 21
9 24
9 26
9 27
9 30
9 33
10 20
10 25
10 33
11 13
11 17
11 24
11 30
12 16
12 20
12 21
12 24
12 26
12 28
13 22
13 23
13 24
13 28
13 31
13 33
14 21
14 31
14 32
14 33
15 21
15 29
16 20
16 28
16 32
17 19
17 21
17 22
17 26
18 24
18 28
18 30
19 21
19 22
19 30
20 21
20 23
20 24
20 34
21 24
21 30
21 31
21 32
22 24
23 25
25 27
25 28
25 32
26 31
26 32
27 28
27 33
27 34
28 32
28 34
29 30
30 32
32 33
