77 637
1 2
1 3
1 4
1 5
1 6
1 7
1 8
1 9
1 10
1 11
1 12
1 13
1 14
1 24
1 29
1 31
1 46
1 57
1 64
1 67
1 68
1 73
1 76
2 3
2 4
2 5
2 6
2 7
2 8
2 9
2 10
2 11
2 12
2 13
2 14
2 15
2 22
2 27
2 32
2 48
2 49
2 75
3 4
3 5
3 6
3 7
3 8
3 9
3 10
3 11
3 12
3 13
3 14
3 20
3 22
3 27
3 39
3 50
3 57
3 61
3 62
3 66
3 69
3 74
3 76
4 5
4 6
4 7
4 8
4 9
4 10
4 11
4 12
4 13
4 14
4 25
4 26
4 27
4 29
4 31
4 33
4 35
4 57
4 62
5 6
5 7
5 8
5 9
5 10
5 11
5 12
5 13
5 14
5 16
5 18
5 21
5 24
5 26
5 30
5 38
5 40
5 46
5 47
5 61
5 64
5 71
5 77
6 7
6 8
6 9
6 10
6 11
6 12
6 13
6 14
6 17
6 21
6 31
6 45
6 46
6 48
6 51
6 58
6 60
6 64
6 65
6 66
6 72
7 8
7 9
7 10
7 11
7 12
7 13
7 14
7 26
7 29
7 30
7 45
7 47
7 48
7 49
7 59
7 61
7 62
7 63
8 9
8 10
8 11
8 12
8 13
8 14
8 17
8 26
8 29
8 47
8 49
8 60
8 63
8 65
8 67
8 68
8 69
9 10
9 11
9 12
9 13
9 14
9 24
9 25
9 29
9 31
9 33
9 34
9 35
9 36
9 39
9 43
9 44
9 45
9 53
9 62
9 67
9 75
10 11
10 12
10 13
10 14
10 17
10 21
10 25
10 27
10 29
10 33
10 36
10 44
10 49
10 61
10 66
10 68
10 69
10 72
11 12
11 13
11 14
11 15
11 18
11 19
11 28
11 37
11 40
11 44
11 54
11 60
11 61
11 62
11 65
11 67
12 13
12 14
12 23
12 28
12 32
12 42
12 48
12 50
12 64
13 14
13 15
13 16
13 27
13 28
13 32
13 35
13 36
13 43
13 50
13 58
13 61
13 63
13 65
13 72
13 76
14 19
14 23
14 32
14 42
14 51
14 55
14 56
14 58
14 59
14 64
14 76
14 77
15 16
15 19
15 20
15 26
15 29
15 35
15 42
15 51
15 57
15 70
16 17
16 24
16 25
16 26
16 30
16 33
16 37
16 38
16 43
16 56
16 65
16 71
17 19
17 22
17 25
17 27
17 31
17 37
17 39
17 41
17 45
17 46
17 49
17 51
17 56
17 57
17 58
17 60
17 62
17 66
17 76
18 19
18 20
18 37
18 40
18 42
18 45
18 48
18 52
18 59
18 68
18 69
18 70
18 72
18 73
18 77
19 22
19 25
19 28
19 31
19 35
19 40
19 53
19 55
19 56
19 58
19 66
19 73
20 21
20 24
20 26
20 33
20 37
20 40
20 43
20 44
20 49
20 57
20 59
20 62
20 65
20 68
20 72
20 73
20 77
21 28
21 30
21 46
21 57
21 63
21 66
21 68
21 69
21 75
22 23
22 25
22 27
22 45
22 51
22 53
22 57
22 65
22 70
22 75
23 25
23 36
23 39
23 47
23 50
23 51
23 54
23 57
23 59
23 60
23 73
23 76
24 25
24 36
24 38
24 42
24 46
24 50
24 54
24 72
24 76
25 27
25 31
25 42
25 44
25 46
25 47
25 49
25 53
25 57
25 60
25 70
26 36
26 38
26 48
26 56
26 57
26 62
27 36
27 40
27 50
27 58
27 66
27 70
27 71
28 37
28 38
28 50
28 65
28 75
29 34
29 35
29 38
29 42
29 55
29 56
29 70
30 35
30 38
30 39
30 51
30 63
30 65
30 76
30 77
31 32
31 35
31 39
31 45
31 47
31 50
31 52
31 53
31 57
31 63
31 68
31 72
31 73
31 77
32 33
32 38
32 46
32 58
32 65
32 67
32 68
32 76
33 38
33 42
33 48
33 53
33 64
33 71
33 74
34 35
34 46
34 47
34 52
34 63
34 74
34 76
34 77
35 36
35 37
35 41
35 42
35 44
35 45
35 51
35 53
35 77
36 37
36 38
36 41
36 49
36 50
36 52
36 57
36 60
36 71
37 44
37 48
37 54
37 62
37 63
37 68
37 69
37 73
38 42
38 46
38 55
38 61
38 62
38 64
38 65
38 75
38 77
39 45
39 50
39 56
39 57
39 64
39 74
39 75
39 76
40 46
40 48
40 49
40 62
40 63
40 65
40 68
40 70
40 74
41 52
41 53
41 69
41 74
42 43
42 57
42 62
42 63
42 64
42 68
42 69
42 70
42 71
42 72
43 49
43 52
43 75
44 58
44 63
44 65
45 47
45 54
45 58
45 59
45 65
45 69
45 73
45 76
46 49
46 52
46 58
46 59
46 60
46 63
46 68
46 69
47 52
47 60
47 63
47 71
47 76
48 54
48 56
48 59
48 60
48 61
48 62
48 68
48 74
48 75
48 77
49 55
49 61
49 63
49 67
49 70
49 75
50 58
50 60
50 67
51 58
51 69
52 53
52 54
52 55
52 58
52 59
52 61
52 75
52 76
53 59
53 62
53 63
53 65
53 72
53 74
54 67
54 71
54 74
55 68
55 69
55 74
55 76
56 64
56 66
56 67
56 69
56 75
56 76
57 75
58 59
58 60
58 62
58 63
58 77
59 61
59 74
60 62
60 67
60 71
60 75
60 77
61 69
63 64
63 67
63 74
64 66
64 69
64 76
65 68
65 71
65 73
66 76
67 69
67 75
67 76
67 77
69 72
69 74
69 75
70 74
70 76
70 77
71 74
