61 394
1 2
1 10
1 16
1 21
1 26
1 27
1 32
1 34
1 36
1 43
1 45
1 48
1 50
1 53
1 56
1 58
2 3
2 4
2 5
2 6
2 7
2 8
2 9
2 10
2 11
2 12
2 13
2 19
2 20
2 21
2 28
2 30
2 35
2 37
2 40
2 45
2 46
2 55
2 58
2 59
2 60
2 61
3 4
3 5
3 6
3 7
3 8
3 9
3 10
3 11
3 22
3 27
3 32
3 35
3 39
3 42
3 56
4 5
4 6
4 7
4 8
4 9
4 10
4 11
4 12
4 15
4 16
4 18
4 22
4 24
4 31
4 36
4 41
4 44
4 47
4 49
4 55
5 6
5 7
5 8
5 9
5 10
5 11
5 12
5 17
5 22
5 28
5 33
5 36
5 54
5 58
6 7
6 8
6 9
6 10
6 11
6 20
6 31
6 36
6 37
6 58
7 8
7 9
7 10
7 11
7 24
7 31
7 35
7 36
7 40
7 41
7 47
7 52
7 57
7 59
8 9
8 10
8 11
8 17
8 31
8 32
8 36
8 41
8 54
8 56
9 10
9 11
9 15
9 16
9 18
9 19
9 21
9 26
9 28
9 33
9 36
9 39
9 46
9 49
9 52
9 54
9 55
9 57
10 11
10 13
10 16
10 31
10 33
10 34
10 35
10 38
10 44
10 51
10 52
10 60
11 15
11 19
11 31
11 35
11 38
11 45
11 46
11 56
11 57
11 60
12 32
12 34
12 47
12 48
12 49
12 53
12 57
13 20
13 29
13 35
13 37
13 39
13 41
13 47
13 49
13 50
13 52
14 30
14 36
14 38
14 47
14 51
14 52
14 53
14 54
14 55
14 57
14 60
14 61
15 16
15 24
15 28
15 29
15 33
15 35
15 39
15 42
15 44
15 60
15 61
16 28
16 31
16 39
16 54
17 24
17 29
17 31
17 46
17 57
18 22
18 27
18 32
18 48
18 49
19 20
19 22
19 27
19 39
19 50
19 57
19 61
20 25
20 26
20 27
20 29
20 31
20 33
20 35
20 57
21 24
21 26
21 30
21 38
21 40
21 46
21 47
21 61
22 31
22 45
22 46
22 48
22 51
22 58
22 60
23 26
23 29
23 30
23 45
23 47
23 48
23 49
23 59
23 61
24 26
24 29
24 47
24 49
24 60
25 29
25 31
25 33
25 34
25 35
25 36
25 39
25 43
25 44
25 45
25 53
26 27
26 29
26 33
26 36
26 44
26 49
26 61
27 28
27 37
27 40
27 44
27 54
27 60
27 61
28 32
28 42
28 48
28 50
29 32
29 35
29 36
29 43
29 50
29 58
29 61
30 32
30 42
30 51
30 55
30 56
30 58
30 59
31 35
31 42
31 51
31 57
32 33
32 37
32 38
32 43
32 56
33 37
33 39
33 41
33 45
33 46
33 49
33 51
33 56
33 57
33 58
33 60
34 37
34 40
34 42
34 45
34 48
34 52
34 59
35 40
35 53
35 55
35 56
35 58
36 37
36 40
36 43
36 44
36 49
36 57
36 59
37 46
37 57
38 45
38 51
38 53
38 57
39 47
39 50
39 51
39 54
39 57
39 59
39 60
40 42
40 46
40 50
40 54
41 42
41 44
41 46
41 47
41 49
41 53
41 57
41 60
42 48
42 56
42 57
43 50
43 58
44 50
45 55
45 56
46 51
47 50
47 52
47 53
47 57
48 58
49 53
50 52
51 53
52 57
52 60
53 54
54 55
54 61
55 56
55 57
