48 243
1 2
1 3
1 4
1 5
1 10
1 12
1 21
1 29
1 41
1 44
1 47
2 3
2 4
2 5
2 7
2 15
2 20
2 28
2 32
2 39
2 44
2 45
3 4
3 5
3 7
3 11
3 14
3 19
3 21
3 22
3 26
3 41
3 43
3 47
4 5
4 13
4 14
4 24
4 28
4 30
4 40
4 41
4 42
4 43
5 21
5 22
5 30
5 40
5 41
5 44
6 7
6 8
6 9
6 15
6 21
6 23
6 24
6 34
6 36
6 38
6 41
6 44
7 8
7 9
7 12
7 20
7 24
7 30
7 31
7 32
7 39
7 45
8 9
8 14
8 24
8 37
8 43
9 16
9 17
9 25
9 41
9 43
9 44
10 16
10 19
10 20
10 23
10 36
10 37
10 38
10 41
10 43
10 46
10 47
10 48
11 12
11 22
11 23
11 27
11 28
11 32
11 38
11 47
12 13
12 15
12 17
12 21
12 31
12 32
12 35
12 36
12 40
13 15
13 16
13 17
13 24
13 28
13 33
13 34
13 35
13 36
13 39
13 41
13 42
14 16
14 21
14 26
14 27
14 32
14 34
14 36
14 43
14 45
14 48
15 19
15 20
15 21
15 28
15 30
15 35
15 37
15 40
15 45
15 46
16 22
16 27
16 32
16 35
16 39
16 42
17 18
17 22
17 24
17 31
17 36
17 41
17 44
17 47
18 22
18 28
18 33
18 36
19 20
19 31
19 36
19 37
20 24
20 31
20 35
20 36
20 40
20 41
20 47
21 31
21 32
21 36
21 41
22 26
22 28
22 33
22 36
22 39
22 46
23 31
23 33
23 34
23 35
23 38
23 44
24 31
24 35
24 38
24 45
24 46
25 32
25 34
25 47
25 48
26 29
26 35
26 37
26 39
26 41
26 47
27 30
27 36
27 38
27 47
28 29
28 33
28 35
28 39
28 42
28 44
29 31
29 39
30 31
30 46
31 32
31 48
32 39
33 35
34 38
34 40
34 46
34 47
35 45
35 46
35 48
36 45
36 47
36 48
37 47
38 39
38 43
38 44
38 45
39 44
40 44
41 42
41 48
42 43
47 48
