144 2213
1 2
1 3
1 4
1 5
1 6
1 7
1 8
1 9
1 10
1 16
1 19
1 22
1 32
1 50
1 52
1 54
1 55
1 59
1 62
1 69
1 70
1 71
1 73
1 91
1 98
1 100
1 101
1 104
1 107
1 115
1 121
1 122
1 129
1 131
1 136
2 3
2 4
2 5
2 6
2 7
2 19
2 27
2 28
2 32
2 48
2 49
2 51
2 52
2 55
2 57
2 65
2 69
2 80
2 81
2 87
2 94
2 96
2 98
2 127
2 138
2 139
2 142
3 4
3 5
3 6
3 7
3 15
3 23
3 32
3 33
3 49
3 53
3 55
3 56
3 60
3 66
3 75
3 76
3 81
3 83
3 85
3 95
3 99
3 102
3 103
3 107
3 108
3 110
3 114
3 126
3 130
3 139
4 5
4 6
4 7
4 8
4 11
4 16
4 21
4 25
4 28
4 30
4 32
4 38
4 49
4 58
4 61
4 63
4 71
4 80
4 83
4 91
4 96
4 99
4 100
4 101
4 103
4 108
4 114
4 119
4 124
4 129
4 130
4 131
4 133
5 6
5 7
5 18
5 24
5 28
5 50
5 51
5 74
5 75
5 83
5 89
5 91
5 93
5 95
5 100
5 103
5 114
5 115
5 122
5 123
5 126
5 127
5 128
5 134
6 7
6 8
6 9
6 12
6 13
6 17
6 19
6 21
6 30
6 32
6 35
6 38
6 41
6 43
6 49
6 51
6 52
6 56
6 63
6 73
6 76
6 94
6 104
6 106
6 108
6 114
6 121
6 126
6 130
6 132
6 136
6 142
7 11
7 14
7 15
7 16
7 22
7 23
7 37
7 38
7 55
7 61
7 64
7 65
7 67
7 71
7 74
7 79
7 84
7 87
7 91
7 92
7 97
7 99
7 101
7 102
7 105
7 120
7 123
7 125
7 127
7 135
7 139
7 143
8 9
8 10
8 11
8 26
8 29
8 35
8 37
8 38
8 40
8 42
8 53
8 55
8 58
8 72
8 80
8 82
8 83
8 85
8 101
8 102
8 115
8 117
8 121
8 123
8 129
8 136
8 139
8 142
9 10
9 11
9 21
9 22
9 24
9 26
9 31
9 36
9 39
9 41
9 44
9 46
9 54
9 57
9 58
9 59
9 67
9 81
9 84
9 93
9 102
9 103
9 106
9 109
9 112
9 117
9 140
10 11
10 15
10 21
10 24
10 48
10 49
10 60
10 65
10 68
10 71
10 82
10 86
10 88
10 91
10 94
10 99
10 100
10 116
10 120
10 123
10 128
10 137
10 142
11 30
11 31
11 33
11 41
11 45
11 46
11 47
11 49
11 55
11 57
11 65
11 67
11 69
11 78
11 82
11 83
11 88
11 91
11 97
11 102
11 107
11 113
11 122
11 123
11 124
11 127
11 128
11 137
11 140
11 143
11 144
12 13
12 14
12 15
12 16
12 17
12 18
12 19
12 20
12 21
12 22
12 23
12 24
12 25
12 26
12 27
12 28
12 30
12 33
12 41
12 42
12 48
12 54
12 66
12 67
12 74
12 77
12 79
12 87
12 88
12 92
12 95
12 97
12 113
12 118
12 119
12 121
12 133
12 134
12 136
13 14
13 15
13 16
13 17
13 18
13 19
13 20
13 21
13 22
13 23
13 24
13 25
13 26
13 27
13 28
13 31
13 58
13 76
13 91
13 92
13 101
13 107
13 108
13 121
13 122
13 124
13 136
13 140
14 15
14 16
14 17
14 18
14 19
14 20
14 21
14 22
14 23
14 24
14 25
14 26
14 27
14 28
14 36
14 42
14 44
14 49
14 58
14 73
14 74
14 75
14 79
14 81
14 83
14 84
14 88
14 92
14 94
14 98
14 101
14 104
14 111
14 112
14 119
14 122
14 123
14 124
14 128
14 129
14 134
14 139
14 141
15 16
15 17
15 18
15 19
15 20
15 21
15 22
15 23
15 24
15 25
15 26
15 27
15 28
15 30
15 34
15 37
15 38
15 41
15 43
15 53
15 55
15 57
15 58
15 59
15 61
15 63
15 64
15 68
15 72
15 80
15 89
15 94
15 112
15 113
15 114
15 118
15 124
15 128
15 129
15 132
15 138
16 17
16 18
16 19
16 20
16 21
16 22
16 23
16 24
16 25
16 26
16 27
16 28
16 30
16 31
16 34
16 35
16 36
16 37
16 38
16 40
16 49
16 54
16 61
16 68
16 72
16 79
16 89
16 90
16 91
16 97
16 98
16 105
16 106
16 110
16 112
16 118
16 120
16 121
16 130
16 134
17 18
17 19
17 20
17 21
17 22
17 23
17 24
17 25
17 26
17 27
17 28
17 32
17 33
17 35
17 36
17 39
17 45
17 50
17 51
17 56
17 59
17 61
17 64
17 70
17 71
17 74
17 77
17 82
17 83
17 89
17 91
17 94
17 98
17 101
17 105
17 109
17 118
17 126
17 129
17 131
18 19
18 20
18 21
18 22
18 23
18 24
18 25
18 26
18 27
18 28
18 33
18 34
18 37
18 38
18 41
18 45
18 46
18 49
18 54
18 59
18 66
18 68
18 77
18 79
18 86
18 96
18 103
18 107
18 109
18 110
18 114
18 121
18 124
18 129
18 130
18 138
18 141
18 142
19 20
19 21
19 22
19 23
19 24
19 25
19 26
19 27
19 28
19 29
19 30
19 37
19 49
19 51
19 59
19 65
19 66
19 78
19 81
19 83
19 85
19 86
19 89
19 91
19 92
19 104
19 109
19 110
19 118
19 121
19 127
19 131
19 136
19 142
20 21
20 22
20 23
20 24
20 25
20 26
20 27
20 28
20 31
20 32
20 36
20 38
20 41
20 42
20 46
20 56
20 71
20 74
20 81
20 85
20 87
20 91
20 92
20 94
20 101
20 102
20 105
20 107
20 108
20 110
20 111
20 122
20 126
20 128
20 136
20 138
20 143
20 144
21 22
21 23
21 24
21 25
21 26
21 27
21 28
21 31
21 36
21 46
21 50
21 53
21 58
21 61
21 64
21 74
21 75
21 78
21 81
21 82
21 84
21 86
21 89
21 92
21 93
21 100
21 107
21 113
21 118
21 130
21 131
22 23
22 24
22 25
22 26
22 27
22 28
22 29
22 38
22 42
22 43
22 58
22 61
22 63
22 70
22 77
22 85
22 98
22 108
22 120
22 124
22 125
22 126
22 133
22 137
22 139
22 141
23 24
23 25
23 26
23 27
23 28
23 29
23 33
23 37
23 39
23 43
23 57
23 58
23 61
23 63
23 72
23 76
23 77
23 83
23 88
23 89
23 90
23 98
23 100
23 102
23 106
23 109
23 110
23 115
23 116
23 119
23 123
23 127
23 128
23 132
23 137
23 142
24 25
24 26
24 27
24 28
24 29
24 30
24 37
24 40
24 48
24 53
24 55
24 57
24 59
24 61
24 64
24 74
24 75
24 81
24 97
24 100
24 102
24 107
24 114
24 116
24 127
24 133
24 136
24 143
24 144
25 26
25 27
25 28
25 43
25 45
25 47
25 61
25 62
25 63
25 65
25 74
25 82
25 87
25 89
25 96
25 112
25 113
25 114
25 116
25 119
25 135
26 27
26 28
26 29
26 33
26 45
26 50
26 59
26 64
26 66
26 67
26 69
26 72
26 77
26 79
26 85
26 87
26 92
26 98
26 113
26 119
26 134
27 28
27 33
27 42
27 44
27 51
27 52
27 58
27 59
27 60
27 64
27 68
27 82
27 83
27 89
27 93
27 105
27 106
27 107
27 112
27 120
27 124
27 133
27 143
28 32
28 41
28 42
28 47
28 50
28 53
28 56
28 58
28 80
28 94
28 97
28 106
28 112
28 122
28 123
28 126
28 128
28 136
29 30
29 35
29 39
29 46
29 56
29 59
29 65
29 66
29 68
29 76
29 85
29 110
29 114
29 117
29 123
29 124
29 132
29 143
30 34
30 37
30 38
30 42
30 44
30 46
30 48
30 51
30 54
30 58
30 63
30 66
30 68
30 70
30 94
30 104
30 105
30 109
30 113
30 114
30 115
30 129
30 130
30 132
30 142
31 32
31 33
31 34
31 40
31 41
31 46
31 47
31 49
31 55
31 59
31 60
31 64
31 67
31 69
31 78
31 84
31 93
31 98
31 102
31 106
31 116
31 129
31 130
31 131
31 134
31 136
31 141
31 144
32 33
32 50
32 55
32 57
32 58
32 60
32 61
32 65
32 66
32 68
32 77
32 79
32 85
32 96
32 101
32 103
32 109
32 112
32 133
32 134
32 135
33 34
33 36
33 41
33 43
33 50
33 51
33 57
33 58
33 59
33 68
33 75
33 80
33 81
33 82
33 83
33 84
33 85
33 86
33 99
33 100
33 102
33 108
33 120
33 123
33 126
33 129
33 134
33 141
33 142
34 35
34 38
34 41
34 52
34 59
34 66
34 76
34 81
34 82
34 86
34 87
34 89
34 91
34 99
34 113
34 114
34 116
34 118
34 120
34 126
34 128
34 133
34 140
34 142
34 143
35 37
35 41
35 43
35 45
35 46
35 47
35 52
35 57
35 62
35 63
35 68
35 71
35 84
35 92
35 98
35 106
35 129
35 133
35 135
35 137
35 139
35 140
35 141
35 142
36 40
36 46
36 50
36 55
36 62
36 65
36 68
36 69
36 70
36 72
36 76
36 81
36 82
36 101
36 103
36 113
36 117
36 126
36 128
36 132
36 141
37 39
37 42
37 44
37 46
37 50
37 51
37 54
37 56
37 57
37 62
37 66
37 73
37 75
37 76
37 78
37 79
37 81
37 82
37 97
37 98
37 105
37 106
37 107
37 109
37 116
37 118
37 122
37 123
37 138
37 139
38 39
38 42
38 49
38 50
38 57
38 58
38 63
38 69
38 71
38 74
38 80
38 82
38 83
38 92
38 94
38 101
38 117
38 123
38 124
38 126
38 127
38 129
38 136
38 143
39 58
39 60
39 62
39 65
39 70
39 71
39 76
39 79
39 82
39 83
39 90
39 98
39 105
39 106
39 107
39 108
39 110
39 113
39 114
39 122
39 123
39 124
39 127
39 132
39 137
40 48
40 49
40 57
40 61
40 64
40 69
40 89
40 90
40 91
40 101
40 103
40 115
40 121
40 123
40 125
40 135
40 136
40 137
40 139
41 43
41 49
41 53
41 55
41 56
41 61
41 69
41 75
41 77
41 83
41 86
41 88
41 95
41 104
41 106
41 113
41 128
41 136
41 138
41 139
41 140
41 143
42 43
42 44
42 48
42 52
42 58
42 64
42 68
42 70
42 73
42 74
42 79
42 86
42 95
42 99
42 101
42 102
42 103
42 106
42 114
42 116
42 117
42 120
42 123
42 124
42 126
42 128
42 132
42 133
42 136
42 137
42 143
42 144
43 50
43 56
43 57
43 65
43 66
43 68
43 69
43 80
43 81
43 101
43 104
43 108
43 111
43 123
43 125
43 126
43 134
43 137
43 141
43 142
44 57
44 62
44 67
44 79
44 81
44 82
44 84
44 93
44 106
44 113
44 115
44 119
44 121
44 122
44 126
44 142
45 49
45 50
45 58
45 61
45 63
45 68
45 71
45 74
45 75
45 93
45 107
45 111
45 113
45 125
45 131
45 133
45 137
46 51
46 59
46 62
46 66
46 67
46 71
46 73
46 78
46 79
46 93
46 96
46 101
46 102
46 109
46 124
46 127
46 141
47 48
47 50
47 52
47 63
47 65
47 67
47 70
47 71
47 85
47 117
47 119
47 124
48 50
48 56
48 59
48 61
48 67
48 71
48 72
48 76
48 83
48 84
48 86
48 88
48 91
48 96
48 100
48 123
48 125
48 126
48 127
48 132
48 134
48 135
48 143
49 51
49 52
49 55
49 57
49 63
49 76
49 78
49 91
49 97
49 99
49 117
49 118
49 130
49 140
50 57
50 65
50 71
50 72
50 92
50 101
50 104
50 106
50 111
50 112
50 113
50 125
50 129
50 140
51 62
51 73
51 81
51 84
51 88
51 90
51 91
51 92
51 98
51 99
51 104
51 112
51 114
51 132
51 134
51 136
51 139
52 55
52 60
52 61
52 63
52 64
52 68
52 71
52 72
52 73
52 75
52 80
52 81
52 83
52 94
52 97
52 99
52 109
52 110
52 116
52 117
52 120
53 66
53 68
53 71
53 74
53 76
53 89
53 97
53 98
53 100
53 105
53 107
53 110
53 113
53 116
53 118
53 122
53 130
53 134
53 136
53 137
53 139
54 58
54 60
54 61
54 63
54 86
54 88
54 101
54 102
54 106
54 113
54 119
54 122
54 126
54 142
55 59
55 64
55 70
55 71
55 73
55 75
55 83
55 84
55 89
55 99
55 111
55 112
55 114
55 116
55 119
55 138
55 143
55 144
56 61
56 62
56 63
56 69
56 87
56 88
56 93
56 99
56 103
56 105
56 108
56 118
56 128
56 131
56 137
56 140
57 59
57 73
57 76
57 79
57 81
57 94
57 101
57 102
57 105
57 111
57 117
57 132
57 135
57 139
58 63
58 66
58 77
58 88
58 100
58 101
58 113
58 114
58 123
58 137
58 142
59 62
59 72
59 74
59 76
59 77
59 78
59 84
59 88
59 89
59 101
59 103
59 104
59 106
59 112
59 113
59 114
59 116
59 122
59 123
59 126
59 128
59 143
60 67
60 78
60 91
60 92
60 94
60 100
60 104
60 115
60 121
60 125
60 132
60 139
61 62
61 63
61 74
61 75
61 77
61 102
61 103
61 111
61 123
61 125
61 135
61 136
61 138
61 141
61 143
62 65
62 69
62 70
62 74
62 79
62 82
62 83
62 84
62 92
62 95
62 98
62 99
62 100
62 103
62 105
62 108
62 110
62 112
62 115
62 127
62 137
62 139
62 144
63 64
63 73
63 82
63 93
63 94
63 98
63 102
63 106
63 107
63 108
63 111
63 128
63 135
63 139
64 67
64 76
64 82
64 85
64 86
64 90
64 93
64 94
64 100
64 101
64 111
64 120
64 121
64 123
64 139
64 141
65 76
65 81
65 86
65 91
65 92
65 99
65 101
65 109
65 120
65 141
66 83
66 95
66 100
66 103
66 112
66 113
66 116
66 126
66 132
66 133
66 140
66 144
67 71
67 77
67 84
67 86
67 88
67 90
67 91
67 92
67 93
67 102
67 104
67 110
67 111
67 117
67 124
67 125
67 126
67 127
67 132
67 136
67 137
67 138
67 139
67 143
68 79
68 81
68 82
68 89
68 93
68 97
68 103
68 113
68 116
68 123
68 133
68 144
69 73
69 74
69 78
69 79
69 83
69 86
69 91
69 92
69 95
69 99
69 104
69 107
69 110
69 115
69 116
69 129
69 136
70 72
70 80
70 81
70 85
70 87
70 100
70 101
70 110
70 118
70 119
70 132
70 133
70 136
70 137
70 141
70 143
71 74
71 79
71 89
71 92
71 94
71 104
71 112
71 114
71 117
71 122
71 130
72 80
72 82
72 87
72 98
72 104
72 108
72 110
72 120
72 126
72 132
72 133
72 134
72 135
72 137
72 140
73 77
73 81
73 82
73 84
73 91
73 105
73 109
73 110
73 116
73 119
73 125
73 134
73 136
73 138
73 143
73 144
74 80
74 81
74 88
74 96
74 99
74 102
74 115
74 117
74 120
74 121
74 123
74 127
74 128
74 131
74 133
74 140
74 141
74 143
75 82
75 84
75 87
75 92
75 99
75 106
75 107
75 109
75 119
75 122
75 124
75 125
75 134
75 138
75 143
76 87
76 88
76 93
76 97
76 107
76 113
76 114
76 116
76 125
76 131
77 94
77 95
77 100
77 101
77 103
77 104
77 106
77 112
77 113
77 130
77 141
77 143
78 81
78 87
78 96
78 106
78 113
78 117
78 118
78 119
78 130
78 138
78 139
79 80
79 85
79 86
79 98
79 100
79 102
79 108
79 111
79 115
79 125
79 136
79 140
80 83
80 86
80 93
80 99
80 105
80 127
80 129
80 131
80 134
80 137
81 83
81 85
81 92
81 93
81 95
81 99
81 102
81 111
81 119
81 120
81 128
81 129
81 131
81 140
82 85
82 93
82 94
82 96
82 102
82 107
82 112
82 119
82 127
83 85
83 87
83 92
83 98
83 100
83 102
83 108
83 119
83 121
83 127
83 129
83 137
84 92
84 93
84 106
84 112
84 117
84 127
84 129
84 131
84 137
84 140
84 144
85 107
85 112
85 117
85 118
85 119
85 122
85 124
85 127
85 128
85 130
85 133
85 138
86 88
86 92
86 102
86 108
86 109
86 110
86 119
86 121
86 122
86 131
87 88
87 91
87 99
87 100
87 102
87 107
87 109
87 121
87 124
87 127
87 131
87 141
87 144
88 99
88 101
88 106
88 114
88 123
88 125
88 126
88 139
88 140
88 142
89 96
89 97
89 101
89 106
89 108
89 115
89 117
89 124
89 131
89 135
89 140
90 91
90 94
90 98
90 99
90 105
90 107
90 110
90 113
90 118
90 129
90 130
90 132
90 134
90 136
90 138
90 141
90 142
91 97
91 99
91 115
91 122
91 123
91 133
91 138
91 141
91 144
92 105
92 107
92 108
92 111
92 125
92 129
92 131
92 134
92 143
93 96
93 100
93 109
93 110
93 113
93 114
93 115
93 131
93 133
93 134
93 138
93 141
94 96
94 99
94 110
94 114
94 115
94 118
94 131
94 136
94 144
95 105
95 113
95 121
95 126
95 127
95 142
96 98
96 102
96 124
96 127
96 128
96 130
96 133
96 140
96 142
97 114
97 116
97 120
97 128
97 133
97 135
98 100
98 104
98 109
98 119
98 126
99 102
99 108
99 110
99 115
99 118
99 123
99 126
99 128
99 136
99 138
99 143
100 104
100 110
100 121
100 123
100 125
100 128
100 129
100 132
100 135
100 137
101 102
101 103
101 118
101 122
101 126
101 127
101 128
101 130
101 132
101 133
101 135
101 143
102 109
102 118
102 120
102 125
102 138
102 140
103 106
103 110
103 115
103 116
103 117
103 124
103 130
103 131
103 132
103 134
103 137
103 141
104 109
104 115
104 118
104 122
104 125
104 135
104 136
104 137
104 144
105 106
105 109
105 110
105 112
105 129
105 133
105 134
105 136
105 138
105 144
106 111
106 113
106 117
106 122
106 126
106 131
106 134
106 137
106 138
106 139
106 142
106 143
107 120
107 122
107 123
107 130
107 135
107 137
107 141
107 143
108 113
108 118
108 119
108 134
108 140
108 142
109 114
109 115
109 116
109 120
109 123
109 128
109 131
109 132
109 135
109 138
109 140
109 142
109 144
110 120
110 122
110 127
110 131
110 135
110 138
110 143
111 113
111 115
111 121
111 122
111 123
111 127
111 134
111 135
111 138
112 113
112 125
112 135
112 138
112 139
112 141
113 114
113 125
114 127
114 130
114 135
114 136
114 141
115 123
115 124
115 126
115 132
115 133
115 135
115 136
115 143
116 129
116 136
117 119
117 124
117 127
118 120
118 126
118 144
119 123
119 124
119 127
119 130
120 131
120 134
121 123
121 125
121 130
121 133
121 134
121 136
121 139
121 140
121 142
122 124
122 125
122 127
122 131
122 134
122 135
122 141
122 143
123 124
123 125
123 128
123 133
123 136
123 137
123 138
123 140
123 142
124 136
124 144
125 126
125 127
125 128
125 130
125 138
126 132
126 133
126 136
126 138
126 140
127 130
127 133
127 134
127 141
127 143
128 132
128 135
128 143
128 144
129 134
129 143
130 133
130 142
131 134
131 135
131 138
131 141
132 134
132 137
132 142
133 144
134 141
134 144
135 143
137 138
137 142
138 140
138 141
139 141
140 141
141 143
143 144
