90 852
1 2
1 3
1 4
1 5
1 6
1 7
1 8
1 9
1 10
1 11
1 19
1 23
1 32
1 42
1 51
1 55
1 56
1 58
1 59
1 64
1 76
1 77
1 88
2 3
2 4
2 5
2 6
2 7
2 8
2 9
2 10
2 13
2 16
2 19
2 20
2 26
2 29
2 35
2 42
2 51
2 57
2 70
2 78
2 80
2 83
2 84
2 88
3 4
3 5
3 6
3 7
3 8
3 9
3 10
3 12
3 16
3 17
3 24
3 25
3 26
3 30
3 33
3 37
3 38
3 43
3 56
3 65
3 71
3 88
4 5
4 6
4 7
4 8
4 9
4 10
4 13
4 19
4 22
4 25
4 27
4 31
4 37
4 39
4 41
4 45
4 46
4 49
4 51
4 56
4 57
4 58
4 60
4 62
4 66
4 76
4 81
4 83
4 87
5 6
5 7
5 8
5 9
5 10
5 11
5 16
5 17
5 19
5 20
5 37
5 40
5 42
5 45
5 48
5 52
5 59
5 68
5 69
5 70
5 72
5 73
5 77
5 80
6 7
6 8
6 9
6 10
6 22
6 25
6 28
6 31
6 35
6 40
6 53
6 55
6 56
6 58
6 66
6 73
6 80
6 89
7 8
7 9
7 10
7 11
7 15
7 21
7 24
7 26
7 33
7 37
7 40
7 43
7 44
7 49
7 57
7 59
7 62
7 65
7 68
7 72
7 73
7 77
7 81
7 87
8 9
8 10
8 12
8 20
8 28
8 30
8 46
8 57
8 63
8 66
8 68
8 69
8 75
8 79
8 80
9 10
9 20
9 23
9 25
9 27
9 45
9 51
9 53
9 57
9 65
9 70
9 75
9 81
9 83
9 85
9 89
10 21
10 25
10 36
10 39
10 47
10 50
10 51
10 54
10 57
10 59
10 60
10 73
10 76
10 80
10 82
10 85
10 89
11 12
11 13
11 14
11 15
11 21
11 22
11 24
11 25
11 36
11 38
11 42
11 46
11 50
11 54
11 72
11 76
11 82
11 90
12 13
12 14
12 15
12 16
12 17
12 20
12 27
12 31
12 42
12 44
12 46
12 47
12 49
12 53
12 57
12 60
12 70
12 78
13 14
13 15
13 21
13 22
13 26
13 36
13 38
13 48
13 56
13 57
13 62
13 79
13 84
13 89
14 15
14 18
14 19
14 24
14 36
14 40
14 50
14 58
14 66
14 70
14 71
14 80
14 81
14 82
14 83
14 84
15 21
15 37
15 38
15 50
15 65
15 75
15 88
15 90
16 17
16 18
16 20
16 21
16 23
16 24
16 34
16 35
16 38
16 42
16 55
16 56
16 70
16 83
17 18
17 21
17 29
17 35
17 38
17 39
17 51
17 63
17 65
17 76
17 77
17 78
17 82
17 83
17 86
18 19
18 20
18 26
18 32
18 35
18 39
18 45
18 47
18 50
18 52
18 53
18 57
18 63
18 68
18 72
18 73
18 77
18 80
18 84
19 20
19 23
19 30
19 32
19 33
19 38
19 46
19 58
19 65
19 67
19 68
19 76
19 78
20 23
20 24
20 28
20 38
20 42
20 48
20 53
20 64
20 71
20 74
20 89
21 22
21 26
21 35
21 46
21 47
21 52
21 63
21 74
21 76
21 77
21 79
21 80
21 88
22 28
22 35
22 36
22 37
22 41
22 42
22 44
22 45
22 51
22 53
22 77
22 88
22 89
23 30
23 37
23 38
23 41
23 49
23 50
23 52
23 57
23 60
23 71
23 78
23 84
23 85
23 86
23 89
24 30
24 33
24 34
24 37
24 44
24 48
24 54
24 62
24 63
24 68
24 69
24 73
24 78
24 80
24 89
25 26
25 32
25 34
25 42
25 46
25 55
25 61
25 62
25 64
25 65
25 75
25 77
26 28
26 38
26 45
26 50
26 56
26 57
26 64
26 74
26 75
26 76
27 28
27 29
27 32
27 46
27 48
27 49
27 62
27 63
27 65
27 68
27 70
27 74
27 79
27 87
28 30
28 33
28 52
28 53
28 69
28 74
28 78
29 32
29 36
29 38
29 42
29 43
29 57
29 62
29 63
29 64
29 68
29 69
29 70
29 71
29 72
30 31
30 35
30 49
30 52
30 75
30 81
30 82
30 83
30 85
30 86
30 87
31 32
31 38
31 44
31 58
31 63
31 65
31 81
31 84
31 89
32 43
32 47
32 54
32 58
32 59
32 65
32 69
32 73
32 76
32 80
32 84
32 86
33 37
33 41
33 49
33 52
33 58
33 59
33 60
33 63
33 68
33 69
33 80
33 85
33 87
34 36
34 38
34 39
34 43
34 44
34 46
34 52
34 60
34 63
34 71
34 76
35 37
35 38
35 43
35 54
35 56
35 59
35 60
35 61
35 62
35 68
35 74
35 75
35 77
35 86
35 87
35 90
36 37
36 44
36 55
36 61
36 63
36 67
36 70
36 75
36 85
36 89
37 42
37 45
37 46
37 58
37 60
37 67
37 78
37 82
37 86
37 89
37 90
38 41
38 43
38 45
38 47
38 50
38 51
38 58
38 69
38 84
38 87
39 42
39 43
39 47
39 49
39 50
39 53
39 54
39 55
39 58
39 59
39 61
39 75
39 76
39 78
39 79
39 87
39 88
39 89
40 41
40 42
40 46
40 59
40 62
40 63
40 65
40 72
40 74
41 42
41 44
41 67
41 71
41 74
41 83
41 84
41 90
42 51
42 54
42 68
42 69
42 74
42 76
42 84
42 85
42 90
43 55
43 64
43 66
43 67
43 69
43 75
43 76
43 81
43 85
44 48
44 55
44 75
44 79
44 84
45 48
45 49
45 55
45 59
45 60
45 62
45 63
45 77
45 78
45 83
45 88
45 90
46 51
46 56
46 59
46 61
46 74
46 88
47 48
47 60
47 62
47 67
47 71
47 75
47 77
47 79
47 80
47 82
47 83
47 85
47 90
48 58
48 69
48 83
48 85
48 89
49 50
49 59
49 60
49 80
49 82
49 83
49 89
50 53
50 56
50 58
50 63
50 64
50 67
50 74
50 86
50 87
51 57
51 60
51 66
51 69
51 76
52 62
52 63
52 68
52 71
52 73
52 79
52 84
52 87
52 88
53 60
53 76
53 79
53 88
53 90
54 58
54 61
54 64
54 66
54 69
54 75
54 76
54 77
54 80
54 89
55 78
55 82
55 86
55 90
56 67
56 68
56 72
56 74
56 75
56 81
56 82
56 84
56 86
56 89
56 90
57 59
57 63
57 66
57 74
57 76
57 77
57 83
57 89
57 90
58 62
58 65
58 67
58 69
58 74
58 83
58 86
58 88
58 89
59 63
59 65
59 67
59 69
59 82
59 84
60 62
60 68
60 78
60 81
60 85
61 65
61 67
61 71
61 72
61 74
61 78
61 84
62 67
62 69
62 73
62 82
62 85
63 68
63 69
63 74
63 79
63 85
64 71
64 73
64 81
64 83
64 90
65 68
65 73
65 76
65 83
65 85
66 69
66 72
66 79
66 89
66 90
67 69
67 72
67 77
67 82
67 83
67 90
68 76
68 78
68 87
69 70
69 82
69 87
69 90
70 78
70 80
70 82
70 88
70 90
71 81
71 84
71 85
71 89
72 78
72 79
72 81
73 75
73 79
73 80
73 82
73 83
73 84
74 78
74 81
74 90
75 78
75 79
75 82
75 83
75 85
76 80
76 85
76 89
77 81
77 82
77 87
78 85
78 89
78 90
79 81
79 83
79 88
80 82
80 83
80 84
80 85
82 85
82 89
82 90
83 84
84 86
84 87
87 89
88 89
