125 1695
1 2
1 3
1 4
1 5
1 6
1 7
1 8
1 9
1 10
1 11
1 12
1 13
1 14
1 15
1 16
1 17
1 18
1 23
1 24
1 28
1 33
1 35
1 39
1 41
1 44
1 70
1 73
1 74
1 75
1 79
1 81
1 82
1 84
1 96
1 97
1 104
1 110
1 117
1 124
2 3
2 4
2 5
2 6
2 7
2 8
2 9
2 10
2 11
2 12
2 13
2 14
2 15
2 16
2 17
2 18
2 23
2 25
2 28
2 36
2 37
2 49
2 50
2 51
2 71
2 74
2 81
2 86
2 92
2 93
2 118
2 124
3 4
3 5
3 6
3 7
3 8
3 9
3 10
3 11
3 12
3 13
3 14
3 15
3 16
3 17
3 18
3 21
3 33
3 34
3 38
3 42
3 45
3 50
3 59
3 64
3 80
3 81
3 88
3 89
3 90
3 95
3 97
3 106
3 107
3 123
4 5
4 6
4 7
4 8
4 9
4 10
4 11
4 12
4 13
4 14
4 15
4 16
4 17
4 18
4 20
4 23
4 42
4 45
4 46
4 53
4 59
4 60
4 61
4 68
4 69
4 74
4 80
4 83
4 97
4 99
4 100
4 105
4 109
4 113
4 114
5 6
5 7
5 8
5 9
5 10
5 11
5 12
5 13
5 14
5 15
5 16
5 17
5 18
5 25
5 29
5 35
5 36
5 40
5 47
5 49
5 50
5 57
5 58
5 61
5 62
5 66
5 69
5 75
5 79
5 81
5 83
5 88
5 92
5 98
5 100
5 102
5 105
5 113
5 122
6 7
6 8
6 9
6 10
6 11
6 12
6 13
6 14
6 15
6 16
6 17
6 18
6 24
6 30
6 33
6 38
6 41
6 43
6 49
6 61
6 73
6 76
6 77
6 79
6 85
6 91
6 96
6 98
6 100
6 102
6 106
6 111
6 120
6 122
6 123
6 124
7 8
7 9
7 10
7 11
7 12
7 13
7 14
7 15
7 16
7 17
7 18
7 19
7 30
7 33
7 35
7 46
7 47
7 49
7 51
7 55
7 57
7 58
7 60
7 68
7 71
7 74
7 82
7 83
7 87
7 96
7 99
7 100
7 102
7 104
7 107
7 112
7 123
8 9
8 10
8 11
8 12
8 13
8 14
8 15
8 16
8 17
8 18
8 22
8 34
8 36
8 38
8 45
8 47
8 51
8 57
8 58
8 60
8 62
8 69
8 93
8 97
8 109
8 115
8 118
8 124
9 10
9 11
9 12
9 13
9 14
9 15
9 16
9 17
9 18
9 24
9 26
9 29
9 30
9 32
9 38
9 39
9 41
9 48
9 53
9 58
9 60
9 63
9 64
9 65
9 69
9 71
9 86
9 90
9 93
9 97
9 98
9 101
9 104
9 105
9 106
9 108
9 113
9 115
10 11
10 12
10 13
10 14
10 15
10 16
10 17
10 18
10 22
10 31
10 33
10 34
10 49
10 51
10 52
10 58
10 63
10 65
10 70
10 78
10 79
10 82
10 83
10 89
10 98
10 100
10 104
10 106
10 107
10 108
11 12
11 13
11 14
11 15
11 16
11 17
11 18
11 19
11 26
11 33
11 34
11 46
11 49
11 68
11 70
11 76
11 90
11 100
11 103
11 104
11 107
11 110
11 117
11 120
12 13
12 14
12 15
12 16
12 17
12 18
12 41
12 45
12 52
12 58
12 65
12 67
12 69
12 76
12 93
12 94
12 111
12 119
12 120
13 14
13 15
13 16
13 17
13 18
13 24
13 29
13 31
13 38
13 46
13 53
13 55
13 56
13 64
13 67
13 68
13 72
13 74
13 78
13 94
13 97
13 99
13 106
13 110
13 119
14 15
14 16
14 17
14 18
14 21
14 25
14 27
14 32
14 38
14 44
14 45
14 48
14 54
14 55
14 68
14 72
14 73
14 76
14 79
14 83
14 85
14 89
14 90
14 92
14 94
14 96
14 98
14 101
14 103
14 107
14 109
14 112
14 120
14 122
15 16
15 17
15 18
15 24
15 26
15 30
15 31
15 44
15 45
15 46
15 49
15 52
15 59
15 71
15 80
15 84
15 88
15 89
15 92
15 94
15 95
15 96
15 99
15 101
15 110
15 123
16 17
16 18
16 29
16 34
16 39
16 40
16 46
16 57
16 64
16 73
16 79
16 86
16 89
16 90
16 95
16 96
16 98
16 106
16 124
17 18
17 40
17 47
17 58
17 59
17 61
17 64
17 65
17 66
17 69
17 74
17 77
17 84
17 95
17 110
17 112
17 118
17 119
17 121
17 122
18 23
18 26
18 27
18 29
18 33
18 40
18 44
18 46
18 49
18 51
18 53
18 57
18 61
18 70
18 79
18 80
18 81
18 83
18 84
18 87
18 113
18 117
18 123
19 20
19 21
19 22
19 23
19 24
19 25
19 32
19 35
19 38
19 45
19 52
19 67
19 83
19 91
19 95
19 101
19 102
19 105
19 109
19 111
20 21
20 22
20 23
20 24
20 25
20 27
20 31
20 38
20 41
20 43
20 44
20 46
20 66
20 70
20 71
20 74
20 80
20 89
20 97
20 100
20 102
20 109
20 114
20 125
21 22
21 23
21 24
21 25
21 27
21 58
21 62
21 77
21 81
21 87
21 88
21 91
21 99
21 101
21 103
21 109
21 119
21 120
22 23
22 24
22 25
22 38
22 41
22 47
22 55
22 61
22 64
22 65
22 73
22 77
22 78
22 82
22 89
22 92
22 108
22 109
23 24
23 25
23 26
23 27
23 31
23 34
23 43
23 44
23 53
23 57
23 58
23 61
23 63
23 79
23 80
23 94
23 96
23 99
23 101
23 106
23 110
23 113
23 125
24 25
24 27
24 31
24 34
24 37
24 38
24 42
24 45
24 50
24 60
24 61
24 62
24 76
24 79
24 82
24 83
24 87
24 90
24 91
24 93
24 101
25 32
25 34
25 35
25 36
25 55
25 56
25 59
25 60
25 62
25 82
25 83
25 88
25 91
25 94
25 98
25 99
25 100
25 101
25 109
25 112
25 113
25 115
25 116
25 118
25 121
25 122
26 38
26 39
26 43
26 45
26 53
26 54
26 58
26 61
26 63
26 66
26 69
26 70
26 75
26 79
26 81
26 84
26 88
26 92
26 93
26 99
26 106
26 118
26 121
26 124
27 30
27 31
27 32
27 34
27 37
27 45
27 47
27 58
27 67
27 73
27 82
27 87
27 99
27 107
27 110
27 112
27 115
27 120
27 122
27 124
28 36
28 46
28 47
28 51
28 52
28 54
28 57
28 58
28 59
28 62
28 66
28 74
28 85
28 89
28 92
28 94
28 95
28 99
28 100
28 111
28 114
28 115
28 116
28 122
28 123
28 124
29 32
29 36
29 37
29 38
29 53
29 58
29 59
29 71
29 74
29 75
29 78
29 82
29 90
29 91
29 93
29 96
29 104
29 106
29 108
29 111
29 112
29 115
29 118
29 120
29 124
30 31
30 47
30 49
30 63
30 68
30 74
30 81
30 90
30 94
30 110
30 113
30 114
30 117
30 119
30 121
31 32
31 37
31 39
31 40
31 45
31 47
31 49
31 56
31 61
31 63
31 69
31 80
31 83
31 95
31 112
31 123
32 36
32 41
32 50
32 51
32 52
32 57
32 61
32 66
32 68
32 70
32 71
32 72
32 75
32 76
32 87
32 90
32 98
32 100
32 113
32 117
32 120
32 123
32 124
32 125
33 38
33 43
33 45
33 48
33 51
33 53
33 66
33 70
33 72
33 74
33 80
33 84
33 87
33 93
33 102
33 105
33 108
33 112
33 114
33 118
33 120
33 124
34 52
34 53
34 54
34 58
34 61
34 65
34 72
34 73
34 83
34 86
34 92
34 99
34 100
34 101
34 104
34 107
34 110
34 124
34 125
35 39
35 40
35 47
35 51
35 54
35 55
35 56
35 57
35 60
35 68
35 73
35 74
35 80
35 90
35 91
35 93
35 100
35 106
35 107
35 116
35 122
35 124
36 37
36 40
36 44
36 47
36 49
36 50
36 64
36 72
36 76
36 78
36 101
36 102
36 119
36 123
36 125
37 45
37 46
37 54
37 62
37 73
37 77
37 79
37 82
37 87
37 92
37 103
37 104
37 109
37 116
37 119
37 120
37 123
38 41
38 42
38 47
38 54
38 68
38 74
38 75
38 86
38 89
38 92
38 93
38 97
38 111
38 112
38 121
39 40
39 42
39 44
39 66
39 71
39 74
39 87
39 89
39 92
39 93
39 95
39 101
39 102
39 103
39 106
39 109
39 113
39 119
39 122
39 123
39 124
40 45
40 50
40 52
40 54
40 57
40 59
40 62
40 65
40 68
40 70
40 72
40 75
40 80
40 85
40 88
40 89
40 94
40 100
40 106
40 108
40 110
40 115
40 117
40 118
41 54
41 68
41 72
41 79
41 80
41 82
41 103
41 108
41 109
41 113
41 119
42 47
42 49
42 54
42 59
42 60
42 61
42 72
42 76
42 86
42 95
42 99
42 102
42 103
42 107
42 116
42 120
43 47
43 53
43 55
43 84
43 88
43 92
43 96
43 97
43 98
43 106
43 112
43 113
43 114
43 117
43 118
44 45
44 50
44 53
44 54
44 61
44 66
44 70
44 77
44 83
44 87
44 98
44 99
44 105
44 111
44 118
44 119
45 52
45 55
45 61
45 63
45 65
45 72
45 75
45 79
45 82
45 83
45 89
45 104
45 106
45 116
45 124
46 48
46 61
46 63
46 64
46 71
46 80
46 82
46 84
46 86
46 88
46 89
46 90
46 92
46 95
46 96
46 100
46 108
46 111
46 112
46 116
46 118
46 121
46 124
47 48
47 50
47 51
47 52
47 63
47 68
47 74
47 75
47 86
47 89
47 98
47 102
47 103
47 119
48 50
48 52
48 57
48 59
48 61
48 72
48 75
48 79
48 85
48 89
48 104
48 105
48 106
48 108
48 111
48 113
48 119
49 51
49 52
49 53
49 58
49 74
49 78
49 79
49 81
49 82
49 92
49 94
49 96
49 101
49 103
49 122
50 52
50 63
50 76
50 83
50 86
50 91
50 92
50 94
50 102
50 105
50 110
50 117
50 122
50 124
51 62
51 69
51 77
51 79
51 85
51 91
51 104
51 109
51 122
51 123
51 124
52 68
52 70
52 71
52 73
52 74
52 77
52 82
52 83
52 86
52 87
52 96
52 99
52 106
52 107
52 118
52 119
53 54
53 61
53 64
53 66
53 67
53 68
53 71
53 88
53 94
53 95
53 110
53 111
53 112
53 113
53 114
53 115
53 125
54 62
54 70
54 71
54 75
54 78
54 79
54 86
54 98
54 106
54 107
54 113
55 56
55 65
55 79
55 90
55 93
55 117
55 120
56 57
56 60
56 66
56 75
56 88
56 95
56 100
56 101
56 106
56 108
56 109
56 110
56 120
57 62
57 64
57 67
57 68
57 70
57 73
57 74
57 77
57 82
57 85
57 86
57 92
57 109
57 112
57 117
57 118
57 121
57 123
58 59
58 61
58 62
58 63
58 64
58 70
58 74
58 76
58 77
58 80
58 82
58 86
58 88
58 94
58 97
58 98
58 103
58 109
58 118
58 120
58 123
59 76
59 86
59 90
59 96
59 100
59 105
59 106
59 112
59 116
59 125
60 63
60 64
60 67
60 69
60 75
60 76
60 82
60 96
60 100
60 122
61 68
61 73
61 74
61 81
61 84
61 94
61 96
61 102
61 103
61 107
62 69
62 70
62 77
62 78
62 83
62 88
62 92
62 97
62 99
62 104
62 105
62 112
62 119
62 122
62 123
63 64
63 70
63 74
63 81
63 84
63 91
63 94
63 96
63 101
63 107
63 109
63 120
64 71
64 77
64 84
64 86
64 91
64 96
64 97
64 99
64 106
64 107
64 108
64 116
64 120
65 70
65 79
65 83
65 86
65 93
65 98
65 101
65 105
65 107
65 113
65 116
65 121
65 124
65 125
66 70
66 71
66 86
66 89
66 93
66 95
66 99
66 102
66 110
66 123
66 124
67 69
67 77
67 80
67 93
67 95
67 98
67 104
67 110
67 111
67 118
67 119
67 120
67 122
67 124
68 73
68 82
68 92
68 94
68 95
68 114
68 118
69 70
69 71
69 84
69 98
69 117
69 121
70 71
70 79
70 85
70 90
70 92
70 100
70 102
70 111
70 120
70 122
70 125
71 72
71 83
71 86
71 90
71 91
71 92
71 101
71 103
71 104
71 114
72 76
72 77
72 80
72 84
72 85
72 89
72 94
72 95
72 96
72 109
72 111
73 74
73 76
73 82
73 88
73 90
73 100
73 101
73 104
73 105
73 107
73 109
73 110
73 111
73 124
74 77
74 79
74 80
74 83
74 86
74 91
74 93
74 98
74 102
74 103
74 105
74 107
74 112
74 116
75 76
75 77
75 79
75 80
75 81
75 82
75 85
75 91
75 100
75 101
75 111
75 113
76 80
76 81
76 91
76 101
76 103
76 113
76 117
76 124
76 125
77 78
77 92
77 98
77 109
77 120
78 81
78 84
78 88
78 96
78 98
78 100
78 116
78 119
78 123
79 86
79 88
79 89
79 100
79 104
79 111
79 112
79 114
79 116
79 121
80 84
80 92
80 100
80 101
80 105
80 106
80 116
81 85
81 86
81 87
81 91
81 96
81 99
81 103
81 106
81 115
81 121
82 87
82 94
82 105
82 106
82 115
82 118
83 84
83 85
83 88
83 89
83 90
83 93
83 98
83 103
83 104
83 106
83 107
83 111
83 113
83 119
84 85
84 87
84 88
84 94
84 100
84 103
84 104
84 109
84 117
84 118
85 86
85 89
85 90
85 94
85 102
85 113
85 118
86 87
86 89
86 90
86 91
86 95
86 103
86 104
86 109
86 112
86 114
86 116
86 117
86 118
86 125
87 94
87 99
87 108
87 110
87 111
87 114
87 118
87 121
88 89
88 90
88 95
88 100
88 111
88 118
88 125
89 91
89 101
89 113
89 115
89 118
89 120
89 121
89 122
89 125
90 91
90 95
90 112
90 116
90 117
90 120
90 125
91 99
91 104
91 105
91 114
91 125
92 99
92 105
92 106
93 98
93 100
93 106
93 109
93 111
93 118
93 121
93 122
94 96
94 111
94 114
94 119
95 97
95 99
95 106
95 116
95 117
96 98
96 99
96 107
96 110
96 114
96 118
96 122
96 125
97 99
97 107
97 110
97 116
97 119
97 124
98 100
98 106
98 108
98 112
99 100
99 105
99 107
99 111
99 112
99 113
99 116
99 117
99 121
100 101
100 113
100 117
100 121
100 122
100 125
101 106
102 106
102 110
102 111
102 121
103 110
103 113
103 119
104 118
104 123
104 124
105 107
105 117
106 108
106 125
107 113
107 115
107 120
108 113
108 122
108 124
109 119
110 111
110 115
110 118
110 120
110 122
111 119
111 123
111 125
112 119
112 123
113 117
113 118
113 121
113 123
114 118
114 124
114 125
115 123
116 121
116 122
117 122
118 121
118 123
120 122
121 125
123 124
