40 188
1 2
1 3
1 4
1 5
1 6
1 12
1 20
1 22
1 25
1 26
1 27
1 32
2 3
2 4
2 5
2 6
2 7
2 9
2 11
2 13
2 14
2 15
2 16
2 19
2 21
2 30
2 33
2 40
3 4
3 5
3 6
3 7
3 8
3 21
3 24
3 26
3 27
3 30
3 33
3 40
4 5
4 6
4 20
4 25
4 33
4 38
5 6
5 11
5 13
5 17
5 24
5 30
6 7
6 16
6 20
6 21
6 24
6 26
6 28
6 37
6 40
7 8
7 22
7 23
7 24
7 28
7 31
7 33
8 9
8 13
8 21
8 31
8 32
8 33
8 37
8 39
8 40
9 10
9 12
9 21
9 29
10 15
10 20
10 28
10 32
10 39
11 14
11 19
11 21
11 22
11 26
12 13
12 14
12 24
12 28
12 30
12 40
13 21
13 22
13 30
13 40
14 15
14 21
14 23
14 24
14 34
14 36
14 38
15 20
15 24
15 30
15 31
15 32
15 39
16 24
16 37
17 25
18 19
18 20
18 23
18 36
18 37
18 38
19 22
19 23
19 27
19 28
19 32
19 38
20 21
20 31
20 32
20 35
20 36
20 40
21 24
21 28
21 33
21 34
21 35
21 36
21 39
22 26
22 27
22 32
22 34
22 36
23 28
23 30
23 35
23 37
23 40
24 27
24 32
24 35
24 39
25 31
25 36
26 28
26 33
26 36
27 31
27 36
27 37
28 31
28 35
28 36
28 40
29 31
29 32
29 36
30 33
30 36
30 39
31 33
31 34
31 35
31 38
32 35
32 38
33 34
34 35
34 37
34 39
35 36
35 38
36 39
37 39
