31 96
1 2
1 3
1 4
1 5
1 7
1 8
1 9
1 13
1 16
1 19
1 23
1 24
1 25
1 28
2 3
2 4
2 5
2 23
2 29
2 31
3 4
3 5
3 6
3 17
3 19
4 5
4 19
5 12
5 25
5 31
6 8
6 13
6 18
6 26
7 8
7 11
7 18
7 19
7 20
7 30
8 21
8 28
9 18
9 28
9 29
10 12
10 20
10 22
10 25
10 26
10 27
11 13
11 14
11 15
11 16
11 19
11 21
11 30
12 21
12 24
12 26
12 27
12 30
13 20
13 25
14 17
14 24
14 30
15 16
15 20
15 21
15 24
15 26
15 28
16 22
16 23
16 24
16 28
16 31
17 21
17 31
18 21
18 29
19 20
19 28
20 21
20 22
20 26
21 24
21 28
21 30
22 30
23 24
24 30
24 31
29 31
