66 439
1 2
1 3
1 9
1 10
1 20
1 31
1 36
1 37
1 58
1 63
2 3
2 6
2 8
2 10
2 24
2 31
2 35
2 36
2 40
2 41
2 47
2 52
2 57
2 59
2 62
2 64
3 10
3 17
3 31
3 32
3 36
3 41
3 54
3 56
3 66
4 5
4 6
4 7
4 8
4 10
4 15
4 16
4 18
4 19
4 21
4 26
4 28
4 33
4 36
4 39
4 46
4 49
4 52
4 54
4 55
4 57
5 6
5 7
5 8
5 13
5 16
5 31
5 33
5 34
5 35
5 38
5 44
5 51
5 52
5 60
5 65
5 66
6 7
6 8
6 10
6 15
6 19
6 31
6 35
6 38
6 45
6 46
6 56
6 57
6 60
6 62
6 65
6 66
7 8
7 32
7 34
7 47
7 48
7 49
7 53
7 57
7 62
7 63
7 65
8 20
8 29
8 35
8 37
8 39
8 41
8 47
8 49
8 50
8 52
9 10
9 11
9 12
9 13
9 30
9 36
9 38
9 47
9 51
9 52
9 53
9 54
9 55
9 57
9 60
9 61
9 63
9 65
10 11
10 12
10 13
10 15
10 16
10 24
10 28
10 29
10 33
10 35
10 39
10 42
10 44
10 60
10 61
10 63
11 12
11 13
11 28
11 31
11 39
11 54
11 66
12 13
12 24
12 29
12 31
12 46
12 57
12 64
13 15
13 22
13 27
13 32
13 48
13 49
14 20
14 22
14 27
14 39
14 50
14 57
14 61
14 62
14 66
15 25
15 26
15 27
15 29
15 31
15 33
15 35
15 57
15 62
16 18
16 21
16 24
16 26
16 30
16 38
16 40
16 46
16 47
16 61
16 64
17 21
17 31
17 45
17 46
17 48
17 51
17 58
17 60
17 64
17 65
17 66
18 26
18 29
18 30
18 45
18 47
18 48
18 49
18 59
18 61
18 62
18 63
19 26
19 29
19 47
19 49
19 60
19 63
19 65
20 24
20 25
20 29
20 31
20 33
20 34
20 35
20 36
20 39
20 43
20 44
20 45
20 53
20 62
21 25
21 27
21 29
21 33
21 36
21 44
21 49
21 61
21 66
22 28
22 37
22 40
22 44
22 54
22 60
22 61
22 62
22 65
23 28
23 32
23 42
23 48
23 50
23 64
24 27
24 28
24 32
24 35
24 36
24 43
24 50
24 58
24 61
24 63
24 65
25 32
25 42
25 51
25 55
25 56
25 58
25 59
25 64
26 29
26 35
26 42
26 51
26 57
27 30
27 33
27 37
27 38
27 43
27 56
27 65
28 31
28 37
28 39
28 41
28 45
28 46
28 49
28 51
28 56
28 57
28 58
28 60
28 62
28 66
29 37
29 40
29 42
29 45
29 48
29 52
29 59
30 31
30 35
30 40
30 53
30 55
30 56
30 58
30 66
31 33
31 37
31 40
31 43
31 44
31 49
31 57
31 59
31 62
31 65
32 46
32 57
32 63
32 66
33 45
33 51
33 53
33 57
33 65
34 36
34 39
34 47
34 50
34 51
34 54
34 57
34 59
34 60
35 36
35 38
35 42
35 46
35 50
35 54
36 42
36 44
36 46
36 47
36 49
36 53
36 57
36 60
37 38
37 48
37 56
37 57
37 62
38 40
38 50
38 58
38 66
39 50
39 65
40 42
40 55
40 56
41 51
41 63
41 65
42 45
42 47
42 50
42 52
42 53
42 57
42 63
43 46
43 58
43 65
44 48
44 53
44 64
45 46
45 47
45 52
45 63
46 51
46 53
47 49
47 50
47 52
47 57
47 60
48 54
48 62
48 63
49 55
49 61
49 62
49 64
49 65
50 56
50 57
50 64
51 62
51 63
51 65
52 53
53 57
53 62
53 63
53 64
55 58
55 63
55 65
56 58
56 59
56 65
57 58
57 59
57 60
57 63
58 60
58 63
59 60
59 61
59 62
60 61
60 63
64 65
