168 2987
1 2
1 3
1 4
1 5
1 6
1 7
1 8
1 18
1 19
1 20
1 21
1 22
1 24
1 28
1 43
1 45
1 47
1 61
1 62
1 63
1 65
1 74
1 82
1 87
1 89
1 96
1 112
1 113
1 114
1 116
1 119
1 135
1 146
1 147
1 156
1 162
1 167
1 168
2 3
2 4
2 5
2 6
2 7
2 8
2 15
2 17
2 22
2 29
2 33
2 45
2 50
2 59
2 64
2 66
2 67
2 69
2 72
2 77
2 79
2 85
2 87
2 92
2 98
2 113
2 119
2 134
2 154
2 157
2 160
2 162
2 164
3 4
3 5
3 6
3 7
3 8
3 14
3 19
3 24
3 27
3 33
3 42
3 44
3 51
3 52
3 58
3 59
3 60
3 64
3 68
3 82
3 83
3 89
3 93
3 105
3 106
3 107
3 112
3 120
3 124
3 133
3 143
3 149
3 154
3 163
3 164
3 165
3 166
4 5
4 6
4 7
4 8
4 9
4 11
4 12
4 26
4 28
4 32
4 41
4 42
4 47
4 50
4 53
4 56
4 58
4 80
4 94
4 97
4 106
4 112
4 122
4 123
4 126
4 128
4 136
4 149
4 152
4 157
4 159
4 165
4 168
5 6
5 7
5 8
5 10
5 13
5 19
5 24
5 30
5 35
5 39
5 46
5 56
5 59
5 65
5 66
5 68
5 76
5 85
5 110
5 114
5 117
5 123
5 124
5 132
5 143
5 145
5 148
5 152
5 159
5 165
5 166
6 7
6 8
6 11
6 15
6 22
6 25
6 27
6 34
6 37
6 38
6 42
6 44
6 46
6 48
6 51
6 54
6 58
6 63
6 66
6 68
6 70
6 94
6 104
6 105
6 109
6 113
6 114
6 115
6 129
6 130
6 132
6 142
6 155
6 163
7 8
7 9
7 16
7 24
7 28
7 32
7 33
7 34
7 40
7 41
7 46
7 47
7 49
7 55
7 59
7 60
7 64
7 67
7 69
7 78
7 84
7 93
7 98
7 102
7 106
7 116
7 129
7 130
7 131
7 134
7 136
7 141
7 144
7 153
7 158
7 162
7 164
7 165
7 167
8 10
8 13
8 19
8 29
8 33
8 50
8 55
8 57
8 58
8 60
8 61
8 65
8 66
8 68
8 77
8 79
8 85
8 96
8 101
8 103
8 109
8 112
8 133
8 134
8 135
8 151
8 163
8 166
9 10
9 11
9 12
9 13
9 14
9 15
9 16
9 17
9 18
9 23
9 24
9 25
9 29
9 34
9 36
9 41
9 43
9 50
9 51
9 57
9 58
9 59
9 68
9 75
9 80
9 81
9 82
9 83
9 84
9 85
9 86
9 99
9 100
9 102
9 108
9 120
9 123
9 126
9 129
9 134
9 141
9 142
10 11
10 12
10 13
10 14
10 15
10 16
10 17
10 18
10 20
10 23
10 24
10 29
10 31
10 32
10 33
10 35
10 38
10 41
10 52
10 59
10 66
10 76
10 81
10 82
10 86
10 87
10 89
10 91
10 99
10 113
10 114
10 116
10 118
10 120
10 126
10 128
10 133
10 140
10 142
10 143
10 145
10 151
10 153
10 156
11 12
11 13
11 14
11 15
11 16
11 17
11 18
11 35
11 37
11 41
11 43
11 45
11 46
11 47
11 52
11 57
11 62
11 63
11 68
11 71
11 84
11 92
11 98
11 106
11 129
11 133
11 135
11 137
11 139
11 140
11 141
11 142
11 146
11 151
11 158
12 13
12 14
12 15
12 16
12 17
12 18
12 20
12 21
12 25
12 32
12 40
12 46
12 50
12 55
12 62
12 65
12 68
12 69
12 70
12 72
12 76
12 81
12 82
12 101
12 103
12 113
12 117
12 126
12 128
12 132
12 141
12 162
12 168
13 14
13 15
13 16
13 17
13 18
13 22
13 24
13 27
13 31
13 39
13 42
13 44
13 46
13 50
13 51
13 54
13 56
13 57
13 62
13 66
13 73
13 75
13 76
13 78
13 79
13 81
13 82
13 97
13 98
13 105
13 106
13 107
13 109
13 116
13 118
13 122
13 123
13 138
13 139
13 148
13 154
13 160
13 162
13 163
13 164
13 168
14 15
14 16
14 17
14 18
14 25
14 27
14 29
14 31
14 33
14 38
14 39
14 42
14 49
14 50
14 57
14 58
14 63
14 69
14 71
14 74
14 80
14 82
14 83
14 92
14 94
14 101
14 117
14 123
14 124
14 126
14 127
14 129
14 136
14 143
14 148
14 149
14 158
14 160
15 16
15 17
15 18
15 19
15 27
15 58
15 60
15 62
15 65
15 70
15 71
15 76
15 79
15 82
15 83
15 90
15 98
15 105
15 106
15 107
15 108
15 110
15 113
15 114
15 122
15 123
15 124
15 127
15 132
15 137
15 152
15 156
15 157
15 161
15 168
16 17
16 18
16 19
16 21
16 23
16 25
16 28
16 35
16 37
16 39
16 48
16 49
16 57
16 61
16 64
16 69
16 89
16 90
16 91
16 101
16 103
16 115
16 121
16 123
16 125
16 135
16 136
16 137
16 139
16 146
16 150
16 155
16 157
16 163
16 166
17 18
17 20
17 21
17 22
17 23
17 25
17 29
17 34
17 36
17 43
17 49
17 53
17 55
17 56
17 61
17 69
17 75
17 77
17 83
17 86
17 88
17 95
17 104
17 106
17 113
17 128
17 136
17 138
17 139
17 140
17 143
17 147
17 148
17 150
17 151
17 168
18 19
18 27
18 31
18 34
18 40
18 41
18 43
18 44
18 48
18 52
18 58
18 64
18 68
18 70
18 73
18 74
18 79
18 86
18 95
18 99
18 101
18 102
18 103
18 106
18 114
18 116
18 117
18 120
18 123
18 124
18 126
18 128
18 132
18 133
18 136
18 137
18 143
18 144
18 147
18 155
18 163
18 166
19 20
19 21
19 22
19 23
19 24
19 25
19 26
19 27
19 28
19 29
19 30
19 31
19 32
19 33
19 38
19 50
19 56
19 57
19 65
19 66
19 68
19 69
19 80
19 81
19 101
19 104
19 108
19 111
19 123
19 125
19 126
19 134
19 137
19 141
19 142
19 145
19 147
19 148
19 149
19 155
19 158
19 160
19 163
20 21
20 22
20 23
20 24
20 25
20 26
20 27
20 28
20 29
20 30
20 31
20 32
20 33
20 36
20 38
20 39
20 40
20 57
20 62
20 67
20 79
20 81
20 82
20 84
20 93
20 106
20 113
20 115
20 119
20 121
20 122
20 126
20 142
20 147
20 151
20 162
20 165
21 22
21 23
21 24
21 25
21 26
21 27
21 28
21 29
21 30
21 31
21 32
21 33
21 36
21 49
21 50
21 58
21 61
21 63
21 68
21 71
21 74
21 75
21 93
21 107
21 111
21 113
21 125
21 131
21 133
21 137
21 147
21 156
21 161
22 23
22 24
22 25
22 26
22 27
22 28
22 29
22 30
22 31
22 32
22 33
22 38
22 45
22 51
22 59
22 62
22 66
22 67
22 71
22 73
22 78
22 79
22 93
22 96
22 101
22 102
22 109
22 124
22 127
22 141
22 151
22 152
22 153
22 164
22 168
23 24
23 25
23 26
23 27
23 28
23 29
23 30
23 31
23 32
23 33
23 37
23 43
23 48
23 50
23 52
23 63
23 65
23 67
23 70
23 71
23 85
23 117
23 119
23 124
23 146
23 147
23 150
23 165
23 167
24 25
24 26
24 27
24 28
24 29
24 30
24 31
24 32
24 33
24 42
24 44
24 50
24 56
24 59
24 61
24 67
24 71
24 72
24 76
24 83
24 84
24 86
24 88
24 91
24 96
24 100
24 123
24 125
24 126
24 127
24 132
24 134
24 135
24 143
24 149
24 151
24 156
24 158
24 160
25 26
25 27
25 28
25 29
25 30
25 31
25 32
25 33
25 47
25 48
25 51
25 52
25 55
25 57
25 63
25 76
25 78
25 91
25 97
25 99
25 117
25 118
25 130
25 140
25 163
25 166
26 27
26 28
26 29
26 30
26 31
26 32
26 33
26 42
26 50
26 57
26 65
26 71
26 72
26 92
26 101
26 104
26 106
26 111
26 112
26 113
26 125
26 129
26 140
26 149
26 157
26 164
27 28
27 29
27 30
27 31
27 32
27 33
27 35
27 41
27 51
27 62
27 73
27 81
27 84
27 88
27 90
27 91
27 92
27 98
27 99
27 104
27 112
27 114
27 132
27 134
27 136
27 139
27 148
27 153
27 154
27 163
28 29
28 30
28 31
28 32
28 33
28 38
28 48
28 55
28 60
28 61
28 63
28 64
28 68
28 71
28 72
28 73
28 75
28 80
28 81
28 83
28 94
28 97
28 99
28 109
28 110
28 116
28 117
28 120
28 147
28 148
28 156
28 159
28 164
28 165
28 167
29 30
29 31
29 32
29 33
29 37
29 38
29 41
29 42
29 45
29 46
29 48
29 50
29 51
29 66
29 68
29 71
29 74
29 76
29 89
29 97
29 98
29 100
29 105
29 107
29 110
29 113
29 116
29 118
29 122
29 130
29 134
29 136
29 137
29 139
29 154
29 155
29 156
29 157
30 31
30 32
30 33
30 36
30 48
30 58
30 60
30 61
30 63
30 86
30 88
30 101
30 102
30 106
30 113
30 119
30 122
30 126
30 142
30 148
30 155
30 158
31 32
31 33
31 36
31 43
31 45
31 51
31 59
31 64
31 70
31 71
31 73
31 75
31 83
31 84
31 89
31 99
31 111
31 112
31 114
31 116
31 119
31 138
31 143
31 144
31 153
31 157
31 160
31 161
31 162
31 166
31 168
32 33
32 34
32 47
32 61
32 62
32 63
32 69
32 87
32 88
32 93
32 99
32 103
32 105
32 108
32 118
32 128
32 131
32 137
32 140
32 145
32 153
32 156
32 160
33 38
33 41
33 45
33 46
33 49
33 50
33 51
33 57
33 59
33 73
33 76
33 79
33 81
33 94
33 101
33 102
33 105
33 111
33 117
33 132
33 135
33 139
33 150
33 152
33 155
33 158
33 159
33 160
33 162
34 40
34 42
34 44
34 45
34 52
34 54
34 63
34 66
34 77
34 88
34 100
34 101
34 113
34 114
34 123
34 137
34 142
34 150
34 161
34 163
34 164
35 36
35 41
35 47
35 62
35 72
35 74
35 76
35 77
35 78
35 84
35 88
35 89
35 101
35 103
35 104
35 106
35 112
35 113
35 114
35 116
35 122
35 123
35 126
35 128
35 143
35 165
35 166
36 40
36 41
36 47
36 48
36 54
36 55
36 60
36 67
36 78
36 91
36 92
36 94
36 100
36 104
36 115
36 121
36 125
36 132
36 139
36 154
36 156
36 158
36 160
36 166
37 49
37 59
37 62
37 63
37 74
37 75
37 77
37 102
37 103
37 111
37 123
37 125
37 135
37 136
37 138
37 141
37 143
37 148
37 156
37 163
37 165
37 167
38 44
38 49
38 52
38 62
38 65
38 69
38 70
38 74
38 79
38 82
38 83
38 84
38 92
38 95
38 98
38 99
38 100
38 103
38 105
38 108
38 110
38 112
38 115
38 127
38 137
38 139
38 144
38 153
38 157
38 160
38 162
39 41
39 43
39 45
39 47
39 48
39 56
39 57
39 64
39 73
39 82
39 93
39 94
39 98
39 102
39 106
39 107
39 108
39 111
39 128
39 135
39 139
39 164
40 47
40 48
40 49
40 56
40 67
40 76
40 82
40 85
40 86
40 90
40 93
40 94
40 100
40 101
40 111
40 120
40 121
40 123
40 139
40 141
40 150
40 154
40 155
40 167
41 42
41 47
41 57
41 76
41 81
41 86
41 91
41 92
41 99
41 101
41 109
41 120
41 141
41 146
41 148
41 162
42 46
42 48
42 49
42 59
42 60
42 61
42 83
42 95
42 100
42 103
42 112
42 113
42 116
42 126
42 132
42 133
42 140
42 144
42 145
42 149
42 160
43 46
43 49
43 50
43 51
43 52
43 64
43 66
43 67
43 71
43 77
43 84
43 86
43 88
43 90
43 91
43 92
43 93
43 102
43 104
43 110
43 111
43 117
43 124
43 125
43 126
43 127
43 132
43 136
43 137
43 138
43 139
43 143
43 150
43 157
43 160
43 165
43 168
44 45
44 47
44 52
44 55
44 56
44 57
44 60
44 65
44 79
44 81
44 82
44 89
44 93
44 97
44 103
44 113
44 116
44 123
44 133
44 144
44 148
44 154
44 155
44 160
44 161
45 46
45 66
45 67
45 68
45 69
45 73
45 74
45 78
45 79
45 83
45 86
45 91
45 92
45 95
45 99
45 104
45 107
45 110
45 115
45 116
45 129
45 136
45 151
45 152
45 156
45 164
45 167
45 168
46 47
46 54
46 66
46 72
46 80
46 81
46 85
46 87
46 100
46 101
46 110
46 118
46 119
46 132
46 133
46 136
46 137
46 141
46 143
46 145
46 148
46 154
46 166
46 167
47 50
47 71
47 74
47 79
47 89
47 92
47 94
47 104
47 112
47 114
47 117
47 122
47 130
47 147
48 53
48 55
48 56
48 59
48 61
48 62
48 63
48 68
48 80
48 82
48 87
48 98
48 104
48 108
48 110
48 120
48 126
48 132
48 133
48 134
48 135
48 137
48 140
48 150
48 151
48 152
48 159
48 161
48 163
48 166
49 61
49 64
49 66
49 67
49 77
49 81
49 82
49 84
49 91
49 105
49 109
49 110
49 116
49 119
49 125
49 134
49 136
49 138
49 143
49 144
49 145
49 154
49 156
49 159
49 163
49 164
49 165
49 166
49 167
50 65
50 66
50 80
50 81
50 88
50 96
50 99
50 102
50 115
50 117
50 120
50 121
50 123
50 127
50 128
50 131
50 133
50 140
50 141
50 143
50 146
50 153
50 156
50 157
50 168
51 58
51 59
51 60
51 65
51 68
51 74
51 82
51 84
51 87
51 92
51 99
51 106
51 107
51 109
51 119
51 122
51 124
51 125
51 134
51 138
51 143
51 149
51 150
51 152
51 154
51 155
51 157
51 158
51 159
51 162
52 57
52 69
52 87
52 88
52 93
52 97
52 107
52 113
52 114
52 116
52 125
52 131
52 148
52 150
52 151
52 153
52 155
52 160
52 162
53 58
53 62
53 64
53 65
53 68
53 69
53 94
53 95
53 100
53 101
53 103
53 104
53 106
53 112
53 113
53 130
53 141
53 143
53 145
53 146
53 163
53 164
53 167
54 67
54 68
54 74
54 75
54 81
54 87
54 96
54 106
54 113
54 117
54 118
54 119
54 130
54 138
54 139
54 153
54 158
54 159
55 61
55 66
55 67
55 69
55 77
55 80
55 85
55 86
55 98
55 100
55 102
55 108
55 111
55 115
55 125
55 136
55 140
55 156
55 165
55 167
56 57
56 63
56 72
56 83
56 86
56 93
56 99
56 105
56 127
56 129
56 131
56 134
56 137
56 150
57 60
57 63
57 67
57 68
57 72
57 78
57 80
57 83
57 85
57 92
57 93
57 95
57 99
57 102
57 111
57 119
57 120
57 128
57 129
57 131
57 140
57 149
57 150
57 168
58 60
58 61
58 65
58 70
58 85
58 93
58 94
58 96
58 102
58 107
58 112
58 119
58 127
58 146
58 147
58 162
58 168
59 60
59 63
59 69
59 74
59 75
59 80
59 85
59 87
59 92
59 98
59 100
59 102
59 108
59 119
59 121
59 127
59 129
59 137
59 147
59 150
59 154
59 156
59 160
60 64
60 65
60 66
60 75
60 76
60 78
60 92
60 93
60 106
60 112
60 117
60 127
60 129
60 131
60 137
60 140
60 144
60 145
60 147
60 148
60 149
60 153
60 162
60 164
60 168
61 68
61 69
61 71
61 73
61 75
61 84
61 107
61 112
61 117
61 118
61 119
61 122
61 124
61 127
61 128
61 130
61 133
61 138
61 147
61 153
61 155
61 159
61 160
61 163
62 63
62 65
62 66
62 76
62 88
62 92
62 102
62 108
62 109
62 110
62 119
62 121
62 122
62 131
62 145
62 151
62 156
62 158
63 66
63 69
63 84
63 85
63 88
63 91
63 99
63 100
63 102
63 107
63 109
63 121
63 124
63 127
63 131
63 141
63 144
63 146
63 147
63 149
63 154
63 158
63 159
63 161
64 65
64 80
64 83
64 85
64 86
64 88
64 99
64 101
64 106
64 114
64 123
64 125
64 126
64 139
64 140
64 142
64 146
64 147
64 150
64 153
64 155
64 157
64 159
64 162
64 167
64 168
65 68
65 70
65 77
65 87
65 96
65 97
65 101
65 106
65 108
65 115
65 117
65 124
65 131
65 135
65 140
65 152
65 159
65 161
65 166
65 168
66 73
66 75
66 87
66 91
66 94
66 98
66 99
66 105
66 107
66 110
66 113
66 118
66 129
66 130
66 132
66 134
66 136
66 138
66 141
66 142
66 154
66 161
66 165
66 167
67 80
67 81
67 82
67 83
67 91
67 97
67 99
67 115
67 122
67 123
67 133
67 138
67 141
67 144
67 148
67 152
67 155
67 158
67 159
68 74
68 75
68 78
68 80
68 83
68 88
68 89
68 92
68 105
68 107
68 108
68 111
68 125
68 129
68 131
68 134
68 143
68 146
68 147
68 149
68 164
68 166
69 84
69 85
69 96
69 100
69 109
69 110
69 113
69 114
69 115
69 131
69 133
69 134
69 138
69 141
69 146
69 149
69 160
69 163
69 167
70 72
70 75
70 78
70 79
70 83
70 88
70 96
70 99
70 110
70 114
70 115
70 118
70 131
70 136
70 144
70 145
70 152
70 153
70 155
70 156
70 157
70 158
71 76
71 86
71 89
71 105
71 113
71 121
71 126
71 127
71 142
71 146
71 151
71 152
71 153
71 154
71 163
71 165
71 166
72 78
72 98
72 102
72 124
72 127
72 128
72 130
72 133
72 140
72 142
72 146
72 147
72 159
72 162
72 167
72 168
73 79
73 82
73 114
73 116
73 120
73 128
73 133
73 135
73 161
73 166
74 84
74 86
74 87
74 88
74 100
74 104
74 109
74 119
74 126
74 151
74 152
74 155
74 156
74 165
75 78
75 79
75 91
75 92
75 99
75 102
75 108
75 110
75 115
75 118
75 123
75 126
75 128
75 136
75 138
75 143
75 145
75 148
75 149
75 153
75 159
75 160
75 162
75 165
75 166
75 167
76 79
76 81
76 85
76 91
76 95
76 96
76 97
76 99
76 100
76 104
76 110
76 121
76 123
76 125
76 128
76 129
76 132
76 135
76 137
76 145
76 148
76 153
76 165
76 167
77 78
77 84
77 87
77 89
77 91
77 92
77 94
77 102
77 103
77 118
77 122
77 126
77 127
77 128
77 130
77 132
77 133
77 135
77 143
77 145
77 147
77 150
77 151
77 155
77 156
77 160
78 79
78 83
78 93
78 96
78 98
78 100
78 109
78 118
78 120
78 125
78 138
78 140
78 148
78 154
78 156
78 159
78 163
78 164
79 80
79 86
79 87
79 92
79 96
79 106
79 110
79 115
79 116
79 117
79 124
79 130
79 131
79 132
79 134
79 137
79 141
79 145
79 149
79 160
79 163
80 86
80 92
80 104
80 109
80 115
80 118
80 122
80 125
80 135
80 136
80 137
80 144
80 146
80 152
80 156
80 163
81 94
81 95
81 103
81 106
81 109
81 110
81 112
81 129
81 133
81 134
81 136
81 138
81 144
81 145
81 150
81 155
81 159
81 167
82 85
82 94
82 95
82 96
82 111
82 113
82 117
82 122
82 126
82 131
82 134
82 137
82 138
82 139
82 142
82 143
82 145
82 146
82 149
82 152
82 155
82 158
82 160
82 163
82 164
82 168
83 89
83 94
83 102
83 106
83 120
83 122
83 123
83 130
83 135
83 137
83 141
83 143
83 150
83 156
83 157
83 160
84 98
84 113
84 118
84 119
84 134
84 140
84 142
84 155
84 157
85 92
85 106
85 114
85 115
85 116
85 120
85 123
85 128
85 131
85 132
85 135
85 138
85 140
85 142
85 144
85 147
85 151
85 152
85 154
85 159
85 162
86 91
86 96
86 98
86 99
86 107
86 120
86 122
86 127
86 131
86 135
86 138
86 143
86 145
86 146
86 148
86 149
86 150
86 155
86 157
86 165
87 93
87 102
87 104
87 113
87 115
87 121
87 122
87 123
87 127
87 134
87 135
87 138
87 145
87 150
87 153
87 161
87 163
87 165
87 166
88 89
88 92
88 103
88 109
88 110
88 111
88 113
88 125
88 135
88 138
88 139
88 141
88 146
88 148
88 153
88 155
88 161
89 90
89 107
89 113
89 114
89 125
89 145
89 146
89 151
89 157
89 163
90 91
90 93
90 94
90 106
90 109
90 113
90 114
90 127
90 130
90 135
90 136
90 141
90 145
90 147
90 150
90 151
90 156
90 158
90 162
90 168
91 97
91 99
91 108
91 111
91 115
91 123
91 124
91 126
91 132
91 133
91 135
91 136
91 143
91 148
91 149
91 153
91 160
91 167
92 99
92 108
92 111
92 112
92 129
92 136
92 146
92 154
92 157
92 166
92 167
92 168
93 95
93 113
93 116
93 117
93 119
93 124
93 127
93 150
93 151
93 162
94 98
94 102
94 117
94 120
94 126
94 144
94 146
94 147
94 150
94 159
94 161
95 98
95 101
95 106
95 123
95 124
95 127
95 130
95 145
95 149
95 155
95 157
95 164
95 165
96 101
96 102
96 105
96 108
96 111
96 112
96 131
96 134
96 155
96 159
97 115
97 118
97 119
97 121
97 123
97 125
97 130
97 133
97 134
97 136
97 139
97 140
97 142
97 145
97 146
97 151
97 154
98 100
98 109
98 121
98 124
98 125
98 127
98 131
98 134
98 135
98 141
98 143
98 146
98 151
98 152
98 156
98 159
98 161
98 164
99 109
99 110
99 119
99 124
99 125
99 128
99 133
99 136
99 137
99 138
99 140
99 142
99 151
99 153
99 161
99 165
99 168
100 101
100 108
100 110
100 117
100 119
100 136
100 144
100 145
100 149
100 159
100 164
101 103
101 104
101 117
101 121
101 123
101 126
101 127
101 128
101 130
101 138
101 147
101 150
101 156
101 159
101 165
101 168
102 104
102 105
102 115
102 116
102 117
102 125
102 132
102 133
102 136
102 138
102 140
102 150
102 156
102 159
102 161
102 163
102 164
102 165
103 106
103 107
103 109
103 112
103 122
103 125
103 130
103 133
103 134
103 141
103 143
103 148
103 149
103 156
103 158
103 165
103 166
103 167
104 107
104 115
104 118
104 119
104 124
104 132
104 135
104 143
104 144
104 152
104 153
104 159
105 106
105 114
105 124
105 126
105 134
105 143
105 148
105 151
105 152
105 165
106 113
106 114
106 121
106 125
106 127
106 133
106 142
106 149
106 154
106 155
106 159
106 160
107 109
107 110
107 115
107 118
107 119
107 122
107 125
107 127
107 128
107 134
107 135
107 138
107 141
107 146
107 148
107 150
107 151
107 155
107 163
107 164
108 111
108 112
108 113
108 117
108 122
108 130
108 132
108 134
108 137
108 142
108 145
108 149
108 153
108 159
108 163
108 168
109 133
109 144
109 148
109 153
109 158
110 114
110 116
110 130
110 133
110 141
110 144
110 151
110 159
110 167
110 168
111 112
111 113
111 117
111 127
111 133
111 134
111 143
111 146
111 148
111 152
111 159
111 168
112 121
112 122
112 123
112 124
112 129
112 147
112 151
112 153
112 155
112 156
112 157
112 164
112 165
112 166
113 116
113 118
113 119
113 124
113 126
113 136
113 138
113 142
113 153
113 159
114 117
114 120
114 122
114 126
114 130
114 132
114 138
114 140
114 141
114 149
114 150
114 151
114 158
115 120
115 127
115 133
115 134
115 141
115 149
115 150
115 158
115 161
115 168
116 118
116 123
116 125
116 133
116 141
116 151
116 159
117 122
117 123
117 126
117 130
117 136
117 137
117 140
117 143
117 159
117 161
117 162
117 164
118 119
118 123
118 127
118 137
118 139
118 141
118 150
118 151
118 153
118 156
118 157
118 158
118 160
118 162
118 165
118 167
119 125
119 127
119 139
119 144
119 148
119 150
119 152
119 154
119 161
119 162
119 163
119 164
120 121
120 122
120 123
120 128
120 137
120 144
120 146
120 152
120 153
120 154
121 122
121 123
121 124
121 125
121 128
121 129
121 132
121 133
121 145
121 146
121 147
121 149
121 153
121 159
121 163
121 164
121 168
122 127
122 128
122 144
122 156
122 161
122 165
122 166
123 129
123 133
123 138
123 140
123 145
123 146
123 147
123 151
123 152
123 153
123 163
123 167
124 128
124 133
124 134
124 135
124 143
124 149
124 150
124 151
124 153
124 160
124 162
125 127
125 135
125 145
125 146
125 152
125 153
125 155
125 156
125 158
125 159
125 162
125 163
126 131
126 139
126 141
126 144
126 149
126 155
126 156
126 158
126 164
126 166
126 167
127 130
127 136
127 137
127 138
127 139
127 140
127 144
127 154
128 139
128 140
128 147
128 151
128 160
128 161
128 168
129 130
129 132
129 136
129 142
129 145
129 166
130 137
130 142
130 151
130 156
130 157
130 158
130 159
130 164
131 135
131 138
131 142
131 144
131 153
131 158
131 160
131 163
131 167
132 133
132 140
132 141
132 149
132 155
132 158
132 163
132 165
132 166
132 168
133 134
133 137
133 138
133 146
133 154
133 156
133 157
133 161
133 163
133 167
134 140
134 157
134 168
135 137
135 140
135 144
135 146
135 147
135 153
135 157
135 159
135 163
135 165
135 167
136 152
136 160
136 161
136 162
136 164
137 139
137 141
137 145
137 146
137 147
137 150
137 152
137 168
138 152
138 156
138 157
138 163
138 167
139 144
139 148
139 151
139 155
139 156
139 160
139 165
140 146
140 151
140 153
140 156
140 157
140 163
140 165
140 168
141 147
141 154
141 157
141 160
141 162
141 165
141 167
142 144
142 147
142 153
142 161
142 164
142 168
143 147
143 151
143 154
143 160
143 161
144 145
144 152
144 154
144 157
144 163
145 151
145 152
145 155
145 163
146 147
146 148
146 155
146 156
146 168
147 150
147 158
147 162
147 166
148 162
148 167
149 152
149 159
150 151
150 158
150 159
150 161
151 154
151 155
151 156
151 167
152 158
152 162
152 164
152 165
152 167
153 156
153 162
154 160
154 164
155 158
155 161
155 165
156 157
156 159
156 161
156 163
156 166
156 167
157 165
158 163
160 165
161 162
161 163
162 165
