164 2901
1 2
1 3
1 15
1 16
1 27
1 31
1 36
1 46
1 50
1 53
1 58
1 61
1 64
1 74
1 75
1 78
1 81
1 82
1 84
1 86
1 89
1 92
1 93
1 100
1 107
1 113
1 118
1 130
1 131
1 152
1 158
1 159
2 3
2 4
2 5
2 7
2 14
2 18
2 21
2 26
2 27
2 29
2 38
2 42
2 43
2 58
2 61
2 63
2 70
2 77
2 85
2 98
2 108
2 120
2 124
2 125
2 126
2 133
2 137
2 139
2 141
2 146
2 148
2 149
2 160
2 164
3 4
3 5
3 6
3 7
3 8
3 9
3 10
3 11
3 12
3 13
3 14
3 15
3 16
3 17
3 18
3 19
3 20
3 21
3 22
3 24
3 25
3 29
3 33
3 37
3 39
3 43
3 57
3 58
3 61
3 63
3 72
3 76
3 77
3 83
3 88
3 89
3 90
3 98
3 100
3 102
3 106
3 109
3 110
3 115
3 116
3 119
3 123
3 127
3 128
3 132
3 137
3 142
3 152
4 5
4 6
4 7
4 8
4 9
4 10
4 11
4 12
4 13
4 14
4 15
4 16
4 17
4 18
4 19
4 20
4 21
4 22
4 23
4 24
4 27
4 28
4 29
4 30
4 37
4 40
4 48
4 53
4 55
4 57
4 59
4 61
4 64
4 74
4 75
4 81
4 97
4 100
4 102
4 107
4 114
4 116
4 127
4 133
4 136
4 143
4 144
4 147
4 151
4 155
4 157
4 159
5 6
5 7
5 8
5 9
5 10
5 11
5 12
5 13
5 14
5 15
5 16
5 17
5 18
5 19
5 20
5 21
5 22
5 24
5 28
5 43
5 45
5 47
5 61
5 62
5 63
5 65
5 74
5 82
5 87
5 89
5 96
5 112
5 113
5 114
5 116
5 119
5 135
5 146
5 147
5 156
5 162
6 7
6 8
6 9
6 10
6 11
6 12
6 13
6 14
6 15
6 16
6 17
6 18
6 19
6 20
6 21
6 22
6 29
6 33
6 45
6 50
6 59
6 64
6 66
6 67
6 69
6 72
6 77
6 79
6 85
6 87
6 92
6 98
6 113
6 119
6 134
6 154
6 157
6 160
6 162
6 164
7 8
7 9
7 10
7 11
7 12
7 13
7 14
7 15
7 16
7 17
7 18
7 19
7 20
7 21
7 22
7 24
7 27
7 33
7 42
7 44
7 51
7 52
7 58
7 59
7 60
7 64
7 68
7 82
7 83
7 89
7 93
7 105
7 106
7 107
7 112
7 120
7 124
7 133
7 143
7 149
7 154
7 163
7 164
8 9
8 10
8 11
8 12
8 13
8 14
8 15
8 16
8 17
8 18
8 19
8 20
8 21
8 22
8 26
8 28
8 32
8 41
8 42
8 47
8 50
8 53
8 56
8 58
8 80
8 94
8 97
8 106
8 112
8 122
8 123
8 126
8 128
8 136
8 149
8 152
8 157
8 159
9 10
9 11
9 12
9 13
9 14
9 15
9 16
9 17
9 18
9 19
9 20
9 21
9 22
9 24
9 30
9 35
9 39
9 46
9 56
9 59
9 65
9 66
9 68
9 76
9 85
9 110
9 114
9 117
9 123
9 124
9 132
9 143
9 145
9 148
9 152
9 159
10 11
10 12
10 13
10 14
10 15
10 16
10 17
10 18
10 19
10 20
10 21
10 22
10 25
10 27
10 34
10 37
10 38
10 42
10 44
10 46
10 48
10 51
10 54
10 58
10 63
10 66
10 68
10 70
10 94
10 104
10 105
10 109
10 113
10 114
10 115
10 129
10 130
10 132
10 142
10 155
10 163
11 12
11 13
11 14
11 15
11 16
11 17
11 18
11 19
11 20
11 21
11 22
11 24
11 28
11 32
11 33
11 34
11 40
11 41
11 46
11 47
11 49
11 55
11 59
11 60
11 64
11 67
11 69
11 78
11 84
11 93
11 98
11 102
11 106
11 116
11 129
11 130
11 131
11 134
11 136
11 141
11 144
11 153
11 158
11 162
11 164
12 13
12 14
12 15
12 16
12 17
12 18
12 19
12 20
12 21
12 22
12 29
12 33
12 50
12 55
12 57
12 58
12 60
12 61
12 65
12 66
12 68
12 77
12 79
12 85
12 96
12 101
12 103
12 109
12 112
12 133
12 134
12 135
12 151
12 163
13 14
13 15
13 16
13 17
13 18
13 19
13 20
13 21
13 22
13 23
13 24
13 25
13 29
13 34
13 36
13 41
13 43
13 50
13 51
13 57
13 58
13 59
13 68
13 75
13 80
13 81
13 82
13 83
13 84
13 85
13 86
13 99
13 100
13 102
13 108
13 120
13 123
13 126
13 129
13 134
13 141
13 142
14 15
14 16
14 17
14 18
14 19
14 20
14 21
14 22
14 23
14 24
14 29
14 31
14 32
14 33
14 35
14 38
14 41
14 52
14 59
14 66
14 76
14 81
14 82
14 86
14 87
14 89
14 91
14 99
14 113
14 114
14 116
14 118
14 120
14 126
14 128
14 133
14 140
14 142
14 143
14 145
14 151
14 153
14 156
15 16
15 17
15 18
15 19
15 20
15 21
15 22
15 35
15 37
15 41
15 43
15 45
15 46
15 47
15 52
15 57
15 62
15 63
15 68
15 71
15 84
15 92
15 98
15 106
15 129
15 133
15 135
15 137
15 139
15 140
15 141
15 142
15 146
15 151
15 158
16 17
16 18
16 19
16 20
16 21
16 22
16 25
16 32
16 40
16 46
16 50
16 55
16 62
16 65
16 68
16 69
16 70
16 72
16 76
16 81
16 82
16 101
16 103
16 113
16 117
16 126
16 128
16 132
16 141
16 162
17 18
17 19
17 20
17 21
17 22
17 24
17 27
17 31
17 39
17 42
17 44
17 46
17 50
17 51
17 54
17 56
17 57
17 62
17 66
17 73
17 75
17 76
17 78
17 79
17 81
17 82
17 97
17 98
17 105
17 106
17 107
17 109
17 116
17 118
17 122
17 123
17 138
17 139
17 148
17 154
17 160
17 162
17 163
17 164
18 19
18 20
18 21
18 22
18 25
18 27
18 29
18 31
18 33
18 38
18 39
18 42
18 49
18 50
18 57
18 58
18 63
18 69
18 71
18 74
18 80
18 82
18 83
18 92
18 94
18 101
18 117
18 123
18 124
18 126
18 127
18 129
18 136
18 143
18 148
18 149
18 158
18 160
19 20
19 21
19 22
19 27
19 58
19 60
19 62
19 65
19 70
19 71
19 76
19 79
19 82
19 83
19 90
19 98
19 105
19 106
19 107
19 108
19 110
19 113
19 114
19 122
19 123
19 124
19 127
19 132
19 137
19 152
19 156
19 157
19 161
20 21
20 22
20 23
20 25
20 28
20 35
20 37
20 39
20 48
20 49
20 57
20 61
20 64
20 69
20 89
20 90
20 91
20 101
20 103
20 115
20 121
20 123
20 125
20 135
20 136
20 137
20 139
20 146
20 150
20 155
20 157
20 163
21 22
21 23
21 25
21 29
21 34
21 36
21 43
21 49
21 53
21 55
21 56
21 61
21 69
21 75
21 77
21 83
21 86
21 88
21 95
21 104
21 106
21 113
21 128
21 136
21 138
21 139
21 140
21 143
21 147
21 148
21 150
21 151
22 27
22 31
22 34
22 40
22 41
22 43
22 44
22 48
22 52
22 58
22 64
22 68
22 70
22 73
22 74
22 79
22 86
22 95
22 99
22 101
22 102
22 103
22 106
22 114
22 116
22 117
22 120
22 123
22 124
22 126
22 128
22 132
22 133
22 136
22 137
22 143
22 144
22 147
22 155
22 163
23 24
23 25
23 26
23 27
23 28
23 29
23 30
23 33
23 38
23 50
23 56
23 57
23 65
23 66
23 68
23 69
23 80
23 81
23 101
23 104
23 108
23 111
23 123
23 125
23 126
23 134
23 137
23 141
23 142
23 145
23 147
23 148
23 149
23 155
23 158
23 160
23 163
24 25
24 26
24 27
24 28
24 29
24 30
24 36
24 38
24 39
24 40
24 57
24 62
24 67
24 79
24 81
24 82
24 84
24 93
24 106
24 113
24 115
24 119
24 121
24 122
24 126
24 142
24 147
24 151
24 162
25 26
25 27
25 28
25 29
25 30
25 36
25 49
25 50
25 58
25 61
25 63
25 68
25 71
25 74
25 75
25 93
25 107
25 111
25 113
25 125
25 131
25 133
25 137
25 147
25 156
25 161
26 27
26 28
26 29
26 30
26 38
26 45
26 51
26 59
26 62
26 66
26 67
26 71
26 73
26 78
26 79
26 93
26 96
26 101
26 102
26 109
26 124
26 127
26 141
26 151
26 152
26 153
26 164
27 28
27 29
27 30
27 33
27 37
27 43
27 48
27 50
27 52
27 63
27 65
27 67
27 70
27 71
27 85
27 117
27 119
27 124
27 146
27 147
27 150
28 29
28 30
28 31
28 42
28 44
28 50
28 56
28 59
28 61
28 67
28 71
28 72
28 76
28 83
28 84
28 86
28 88
28 91
28 96
28 100
28 123
28 125
28 126
28 127
28 132
28 134
28 135
28 143
28 149
28 151
28 156
28 158
28 160
29 30
29 32
29 47
29 48
29 51
29 52
29 55
29 57
29 63
29 76
29 78
29 91
29 97
29 99
29 117
29 118
29 130
29 140
29 163
30 32
30 33
30 42
30 50
30 57
30 65
30 71
30 72
30 92
30 101
30 104
30 106
30 111
30 112
30 113
30 125
30 129
30 140
30 149
30 157
30 164
31 32
31 35
31 41
31 51
31 62
31 73
31 81
31 84
31 88
31 90
31 91
31 92
31 98
31 99
31 104
31 112
31 114
31 132
31 134
31 136
31 139
31 148
31 153
31 154
31 163
32 38
32 48
32 55
32 60
32 61
32 63
32 64
32 68
32 71
32 72
32 73
32 75
32 80
32 81
32 83
32 94
32 97
32 99
32 109
32 110
32 116
32 117
32 120
32 147
32 148
32 156
32 159
32 164
33 37
33 38
33 41
33 42
33 45
33 46
33 48
33 50
33 51
33 66
33 68
33 71
33 74
33 76
33 89
33 97
33 98
33 100
33 105
33 107
33 110
33 113
33 116
33 118
33 122
33 130
33 134
33 136
33 137
33 139
33 154
33 155
33 156
33 157
34 36
34 48
34 58
34 60
34 61
34 63
34 86
34 88
34 101
34 102
34 106
34 113
34 119
34 122
34 126
34 142
34 148
34 155
34 158
35 36
35 43
35 45
35 51
35 59
35 64
35 70
35 71
35 73
35 75
35 83
35 84
35 89
35 99
35 111
35 112
35 114
35 116
35 119
35 138
35 143
35 144
35 153
35 157
35 160
35 161
35 162
36 47
36 61
36 62
36 63
36 69
36 87
36 88
36 93
36 99
36 103
36 105
36 108
36 118
36 128
36 131
36 137
36 140
36 145
36 153
36 156
36 160
37 38
37 41
37 45
37 46
37 49
37 50
37 51
37 57
37 59
37 73
37 76
37 79
37 81
37 94
37 101
37 102
37 105
37 111
37 117
37 132
37 135
37 139
37 150
37 152
37 155
37 158
37 159
37 160
37 162
38 40
38 42
38 44
38 45
38 52
38 54
38 63
38 66
38 77
38 88
38 100
38 101
38 113
38 114
38 123
38 137
38 142
38 150
38 161
38 163
38 164
39 41
39 47
39 62
39 72
39 74
39 76
39 77
39 78
39 84
39 88
39 89
39 101
39 103
39 104
39 106
39 112
39 113
39 114
39 116
39 122
39 123
39 126
39 128
39 143
40 41
40 47
40 48
40 54
40 55
40 60
40 67
40 78
40 91
40 92
40 94
40 100
40 104
40 115
40 121
40 125
40 132
40 139
40 154
40 156
40 158
40 160
41 49
41 59
41 62
41 63
41 74
41 75
41 77
41 102
41 103
41 111
41 123
41 125
41 135
41 136
41 138
41 141
41 143
41 148
41 156
41 163
42 44
42 49
42 52
42 62
42 65
42 69
42 70
42 74
42 79
42 82
42 83
42 84
42 92
42 95
42 98
42 99
42 100
42 103
42 105
42 108
42 110
42 112
42 115
42 127
42 137
42 139
42 144
42 153
42 157
42 160
42 162
43 45
43 47
43 48
43 56
43 57
43 64
43 73
43 82
43 93
43 94
43 98
43 102
43 106
43 107
43 108
43 111
43 128
43 135
43 139
43 164
44 47
44 48
44 49
44 56
44 67
44 76
44 82
44 85
44 86
44 90
44 93
44 94
44 100
44 101
44 111
44 120
44 121
44 123
44 139
44 141
44 150
44 154
44 155
45 47
45 57
45 76
45 81
45 86
45 91
45 92
45 99
45 101
45 109
45 120
45 141
45 146
45 148
45 162
46 48
46 49
46 59
46 60
46 61
46 83
46 95
46 100
46 103
46 112
46 113
46 116
46 126
46 132
46 133
46 140
46 144
46 145
46 149
46 160
47 49
47 50
47 51
47 52
47 64
47 66
47 67
47 71
47 77
47 84
47 86
47 88
47 90
47 91
47 92
47 93
47 102
47 104
47 110
47 111
47 117
47 124
47 125
47 126
47 127
47 132
47 136
47 137
47 138
47 139
47 143
47 150
47 157
47 160
48 52
48 55
48 56
48 57
48 60
48 65
48 79
48 81
48 82
48 89
48 93
48 97
48 103
48 113
48 116
48 123
48 133
48 144
48 148
48 154
48 155
48 160
48 161
49 66
49 67
49 68
49 69
49 73
49 74
49 78
49 79
49 83
49 86
49 91
49 92
49 95
49 99
49 104
49 107
49 110
49 115
49 116
49 129
49 136
49 151
49 152
49 156
49 164
50 54
50 66
50 72
50 80
50 81
50 85
50 87
50 100
50 101
50 110
50 118
50 119
50 132
50 133
50 136
50 137
50 141
50 143
50 145
50 148
50 154
51 71
51 74
51 79
51 89
51 92
51 94
51 104
51 112
51 114
51 117
51 122
51 130
51 147
52 53
52 55
52 56
52 59
52 61
52 62
52 63
52 68
52 80
52 82
52 87
52 98
52 104
52 108
52 110
52 120
52 126
52 132
52 133
52 134
52 135
52 137
52 140
52 150
52 151
52 152
52 159
52 161
52 163
53 61
53 64
53 66
53 67
53 77
53 81
53 82
53 84
53 91
53 105
53 109
53 110
53 116
53 119
53 125
53 134
53 136
53 138
53 143
53 144
53 145
53 154
53 156
53 159
53 163
53 164
54 65
54 66
54 80
54 81
54 88
54 96
54 99
54 102
54 115
54 117
54 120
54 121
54 123
54 127
54 128
54 131
54 133
54 140
54 141
54 143
54 146
54 153
54 156
54 157
55 58
55 59
55 60
55 65
55 68
55 74
55 82
55 84
55 87
55 92
55 99
55 106
55 107
55 109
55 119
55 122
55 124
55 125
55 134
55 138
55 143
55 149
55 150
55 152
55 154
55 155
55 157
55 158
55 159
55 162
56 57
56 69
56 87
56 88
56 93
56 97
56 107
56 113
56 114
56 116
56 125
56 131
56 148
56 150
56 151
56 153
56 155
56 160
56 162
57 58
57 62
57 64
57 65
57 68
57 69
57 94
57 95
57 100
57 101
57 103
57 104
57 106
57 112
57 113
57 130
57 141
57 143
57 145
57 146
57 163
57 164
58 67
58 68
58 74
58 75
58 81
58 87
58 96
58 106
58 113
58 117
58 118
58 119
58 130
58 138
58 139
58 153
58 158
58 159
59 61
59 66
59 67
59 69
59 77
59 80
59 85
59 86
59 98
59 100
59 102
59 108
59 111
59 115
59 125
59 136
59 140
59 156
60 63
60 72
60 83
60 86
60 93
60 99
60 105
60 127
60 129
60 131
60 134
60 137
60 150
61 63
61 67
61 68
61 72
61 78
61 80
61 83
61 85
61 92
61 93
61 95
61 99
61 102
61 111
61 119
61 120
61 128
61 129
61 131
61 140
61 149
61 150
62 65
62 70
62 85
62 93
62 94
62 96
62 102
62 107
62 112
62 119
62 127
62 146
62 147
62 162
63 69
63 74
63 75
63 80
63 85
63 87
63 92
63 98
63 100
63 102
63 108
63 119
63 121
63 127
63 129
63 137
63 147
63 150
63 154
63 156
63 160
64 65
64 66
64 75
64 76
64 78
64 92
64 93
64 106
64 112
64 117
64 127
64 129
64 131
64 137
64 140
64 144
64 145
64 147
64 148
64 149
64 153
64 162
64 164
65 68
65 69
65 71
65 73
65 75
65 84
65 107
65 112
65 117
65 118
65 119
65 122
65 124
65 127
65 128
65 130
65 133
65 138
65 147
65 153
65 155
65 159
65 160
65 163
66 76
66 88
66 92
66 102
66 108
66 109
66 110
66 119
66 121
66 122
66 131
66 145
66 151
66 156
66 158
67 69
67 84
67 85
67 88
67 91
67 99
67 100
67 102
67 107
67 109
67 121
67 124
67 127
67 131
67 141
67 144
67 146
67 147
67 149
67 154
67 158
67 159
67 161
68 80
68 83
68 85
68 86
68 88
68 99
68 101
68 106
68 114
68 123
68 125
68 126
68 139
68 140
68 142
68 146
68 147
68 150
68 153
68 155
68 157
68 159
68 162
69 70
69 77
69 87
69 96
69 97
69 101
69 106
69 108
69 115
69 117
69 124
69 131
69 135
69 140
69 152
69 159
69 161
70 73
70 75
70 87
70 91
70 94
70 98
70 99
70 105
70 107
70 110
70 113
70 118
70 129
70 130
70 132
70 134
70 136
70 138
70 141
70 142
70 154
70 161
71 80
71 81
71 82
71 83
71 91
71 97
71 99
71 115
71 122
71 123
71 133
71 138
71 141
71 144
71 148
71 152
71 155
71 158
71 159
72 74
72 75
72 78
72 80
72 83
72 88
72 89
72 92
72 105
72 107
72 108
72 111
72 125
72 129
72 131
72 134
72 143
72 146
72 147
72 149
72 164
73 84
73 85
73 96
73 100
73 109
73 110
73 113
73 114
73 115
73 131
73 133
73 134
73 138
73 141
73 146
73 149
73 160
73 163
74 75
74 78
74 79
74 83
74 88
74 96
74 99
74 110
74 114
74 115
74 118
74 131
74 136
74 144
74 145
74 152
74 153
74 155
74 156
74 157
74 158
75 76
75 86
75 89
75 105
75 113
75 121
75 126
75 127
75 142
75 146
75 151
75 152
75 153
75 154
75 163
76 78
76 98
76 102
76 124
76 127
76 128
76 130
76 133
76 140
76 142
76 146
76 147
76 159
76 162
77 79
77 82
77 114
77 116
77 120
77 128
77 133
77 135
77 161
78 84
78 86
78 87
78 88
78 100
78 104
78 109
78 119
78 126
78 151
78 152
78 155
78 156
79 91
79 92
79 99
79 102
79 108
79 110
79 115
79 118
79 123
79 126
79 128
79 136
79 138
79 143
79 145
79 148
79 149
79 153
79 159
79 160
79 162
80 81
80 85
80 91
80 95
80 96
80 97
80 99
80 100
80 104
80 110
80 121
80 123
80 125
80 128
80 129
80 132
80 135
80 137
80 145
80 148
80 153
81 84
81 87
81 89
81 91
81 92
81 94
81 102
81 103
81 118
81 122
81 126
81 127
81 128
81 130
81 132
81 133
81 135
81 143
81 145
81 147
81 150
81 151
81 155
81 156
81 160
82 83
82 93
82 96
82 98
82 100
82 109
82 118
82 120
82 125
82 138
82 140
82 148
82 154
82 156
82 159
82 163
82 164
83 86
83 87
83 92
83 96
83 106
83 110
83 115
83 116
83 117
83 124
83 130
83 131
83 132
83 134
83 137
83 141
83 145
83 149
83 160
83 163
84 86
84 92
84 104
84 109
84 115
84 118
84 122
84 125
84 135
84 136
84 137
84 144
84 146
84 152
84 156
84 163
85 94
85 95
85 103
85 106
85 109
85 110
85 112
85 129
85 133
85 134
85 136
85 138
85 144
85 145
85 150
85 155
85 159
86 94
86 95
86 96
86 111
86 113
86 117
86 122
86 126
86 131
86 134
86 137
86 138
86 139
86 142
86 143
86 145
86 146
86 149
86 152
86 155
86 158
86 160
86 163
86 164
87 89
87 94
87 102
87 106
87 120
87 122
87 123
87 130
87 135
87 137
87 141
87 143
87 150
87 156
87 157
87 160
88 98
88 113
88 118
88 119
88 134
88 140
88 142
88 155
88 157
89 92
89 106
89 114
89 115
89 116
89 120
89 123
89 128
89 131
89 132
89 135
89 138
89 140
89 142
89 144
89 147
89 151
89 152
89 154
89 159
89 162
90 91
90 96
90 98
90 99
90 107
90 120
90 122
90 127
90 131
90 135
90 138
90 143
90 145
90 146
90 148
90 149
90 150
90 155
90 157
91 93
91 102
91 104
91 113
91 115
91 121
91 122
91 123
91 127
91 134
91 135
91 138
91 145
91 150
91 153
91 161
91 163
92 103
92 109
92 110
92 111
92 113
92 125
92 135
92 138
92 139
92 141
92 146
92 148
92 153
92 155
92 161
93 107
93 113
93 114
93 125
93 145
93 146
93 151
93 157
93 163
94 106
94 109
94 113
94 114
94 127
94 130
94 135
94 136
94 141
94 145
94 147
94 150
94 151
94 156
94 158
94 162
95 97
95 99
95 108
95 111
95 115
95 123
95 124
95 126
95 132
95 133
95 135
95 136
95 143
95 148
95 149
95 153
95 160
96 99
96 108
96 111
96 112
96 129
96 136
96 146
96 154
96 157
97 113
97 116
97 117
97 119
97 124
97 127
97 150
97 151
97 162
98 102
98 117
98 120
98 126
98 144
98 146
98 147
98 150
98 159
98 161
99 101
99 106
99 123
99 124
99 127
99 130
99 145
99 149
99 155
99 157
99 164
100 101
100 102
100 105
100 108
100 111
100 112
100 131
100 134
100 155
100 159
101 115
101 118
101 119
101 121
101 123
101 125
101 130
101 133
101 134
101 136
101 139
101 140
101 142
101 145
101 146
101 151
101 154
102 109
102 121
102 124
102 125
102 127
102 131
102 134
102 135
102 141
102 143
102 146
102 151
102 152
102 156
102 159
102 161
102 164
103 109
103 110
103 119
103 124
103 125
103 128
103 133
103 136
103 137
103 138
103 140
103 142
103 151
103 153
103 161
104 108
104 110
104 117
104 119
104 136
104 144
104 145
104 149
104 159
104 164
105 117
105 121
105 123
105 126
105 127
105 128
105 130
105 138
105 147
105 150
105 156
105 159
106 115
106 116
106 117
106 125
106 132
106 133
106 136
106 138
106 140
106 150
106 156
106 159
106 161
106 163
106 164
107 109
107 112
107 122
107 125
107 130
107 133
107 134
107 141
107 143
107 148
107 149
107 156
107 158
108 115
108 118
108 119
108 124
108 132
108 135
108 143
108 144
108 152
108 153
108 159
109 114
109 124
109 126
109 134
109 143
109 148
109 151
109 152
110 113
110 114
110 121
110 125
110 127
110 133
110 142
110 149
110 154
110 155
110 159
110 160
111 115
111 118
111 119
111 122
111 125
111 127
111 128
111 134
111 135
111 138
111 141
111 146
111 148
111 150
111 151
111 155
111 163
111 164
112 113
112 117
112 122
112 130
112 132
112 134
112 137
112 142
112 145
112 149
112 153
112 159
112 163
113 133
113 144
113 148
113 153
113 158
114 116
114 130
114 133
114 141
114 144
114 151
114 159
115 117
115 127
115 133
115 134
115 143
115 146
115 148
115 152
115 159
116 121
116 122
116 123
116 124
116 129
116 147
116 151
116 153
116 155
116 156
116 157
116 164
117 118
117 119
117 124
117 126
117 136
117 138
117 142
117 153
117 159
118 120
118 122
118 126
118 130
118 132
118 138
118 140
118 141
118 149
118 150
118 151
118 158
119 120
119 127
119 133
119 134
119 141
119 149
119 150
119 158
119 161
120 123
120 125
120 133
120 141
120 151
120 159
121 122
121 123
121 126
121 130
121 136
121 137
121 140
121 143
121 159
121 161
121 162
121 164
122 123
122 127
122 137
122 139
122 141
122 150
122 151
122 153
122 156
122 157
122 158
122 160
122 162
123 125
123 127
123 139
123 144
123 148
123 150
123 152
123 154
123 161
123 162
123 163
123 164
124 128
124 137
124 144
124 146
124 152
124 153
124 154
125 128
125 129
125 132
125 133
125 145
125 146
125 147
125 149
125 153
125 159
125 163
125 164
126 127
126 128
126 144
126 156
126 161
127 129
127 133
127 138
127 140
127 145
127 146
127 147
127 151
127 152
127 153
127 163
128 133
128 134
128 135
128 143
128 149
128 150
128 151
128 153
128 160
128 162
129 135
129 145
129 146
129 152
129 153
129 155
129 156
129 158
129 159
129 162
129 163
130 131
130 139
130 141
130 144
130 149
130 155
130 156
130 158
130 164
131 136
131 137
131 138
131 139
131 140
131 144
131 154
132 139
132 140
132 147
132 151
132 160
132 161
133 136
133 142
133 145
134 137
134 142
134 151
134 156
134 157
134 158
134 159
134 164
135 138
135 142
135 144
135 153
135 158
135 160
135 163
136 140
136 141
136 149
136 155
136 158
136 163
137 138
137 146
137 154
137 156
137 157
137 161
137 163
138 140
138 157
139 140
139 144
139 146
139 147
139 153
139 157
139 159
139 163
140 152
140 160
140 161
140 162
140 164
141 145
141 146
141 147
141 150
141 152
142 152
142 156
142 157
142 163
143 144
143 148
143 151
143 155
143 156
143 160
144 146
144 151
144 153
144 156
144 157
144 163
145 147
145 154
145 157
145 160
145 162
146 147
146 153
146 161
146 164
147 151
147 154
147 160
147 161
148 152
148 154
148 157
148 163
149 151
149 152
149 155
149 163
150 155
150 156
151 158
151 162
152 162
153 159
154 158
154 159
154 161
155 156
156 158
156 162
156 164
157 162
158 160
158 164
159 161
160 161
160 163
162 163
