154 2603
1 2
1 4
1 7
1 9
1 30
1 31
1 33
1 41
1 45
1 46
1 47
1 49
1 55
1 57
1 65
1 67
1 69
1 78
1 82
1 83
1 88
1 91
1 97
1 102
1 107
1 113
1 122
1 123
1 124
1 127
1 128
1 137
1 140
1 143
1 144
1 148
1 151
1 153
2 3
2 4
2 5
2 6
2 7
2 8
2 9
2 10
2 11
2 12
2 13
2 14
2 15
2 16
2 17
2 18
2 19
2 20
2 21
2 22
2 23
2 27
2 30
2 33
2 41
2 42
2 48
2 54
2 66
2 67
2 74
2 77
2 79
2 87
2 88
2 92
2 95
2 97
2 113
2 118
2 119
2 121
2 133
2 134
2 136
2 151
3 4
3 5
3 6
3 7
3 8
3 9
3 10
3 11
3 12
3 13
3 14
3 15
3 16
3 17
3 18
3 19
3 20
3 21
3 22
3 23
3 31
3 58
3 76
3 91
3 92
3 101
3 107
3 108
3 121
3 122
3 124
3 136
3 140
3 145
3 146
3 148
4 5
4 6
4 7
4 8
4 9
4 10
4 11
4 12
4 13
4 14
4 15
4 16
4 17
4 18
4 19
4 20
4 21
4 22
4 23
4 24
4 25
4 26
4 36
4 42
4 44
4 49
4 58
4 73
4 74
4 75
4 79
4 81
4 83
4 84
4 88
4 92
4 94
4 98
4 101
4 104
4 111
4 112
4 119
4 122
4 123
4 124
4 128
4 129
4 134
4 139
4 141
4 146
4 148
5 6
5 7
5 8
5 9
5 10
5 11
5 12
5 13
5 14
5 15
5 16
5 17
5 18
5 19
5 20
5 21
5 22
5 23
5 30
5 34
5 37
5 38
5 41
5 43
5 53
5 55
5 57
5 58
5 59
5 61
5 63
5 64
5 68
5 72
5 80
5 89
5 94
5 112
5 113
5 114
5 118
5 124
5 128
5 129
5 132
5 138
5 148
6 7
6 8
6 9
6 10
6 11
6 12
6 13
6 14
6 15
6 16
6 17
6 18
6 19
6 20
6 21
6 22
6 23
6 26
6 30
6 31
6 34
6 35
6 36
6 37
6 38
6 40
6 49
6 54
6 61
6 68
6 72
6 79
6 89
6 90
6 91
6 97
6 98
6 105
6 106
6 110
6 112
6 118
6 120
6 121
6 130
6 134
6 147
6 151
6 152
6 153
7 8
7 9
7 10
7 11
7 12
7 13
7 14
7 15
7 16
7 17
7 18
7 19
7 20
7 21
7 22
7 23
7 24
7 32
7 33
7 35
7 36
7 39
7 45
7 50
7 51
7 56
7 59
7 61
7 64
7 70
7 71
7 74
7 77
7 82
7 83
7 89
7 91
7 94
7 98
7 101
7 105
7 109
7 118
7 126
7 129
7 131
7 146
8 9
8 10
8 11
8 12
8 13
8 14
8 15
8 16
8 17
8 18
8 19
8 20
8 21
8 22
8 23
8 25
8 33
8 34
8 37
8 38
8 41
8 45
8 46
8 49
8 54
8 59
8 66
8 68
8 77
8 79
8 86
8 96
8 103
8 107
8 109
8 110
8 114
8 121
8 124
8 129
8 130
8 138
8 141
8 142
8 147
8 154
9 10
9 11
9 12
9 13
9 14
9 15
9 16
9 17
9 18
9 19
9 20
9 21
9 22
9 23
9 29
9 30
9 37
9 49
9 51
9 59
9 65
9 66
9 78
9 81
9 83
9 85
9 86
9 89
9 91
9 92
9 104
9 109
9 110
9 118
9 121
9 127
9 131
9 136
9 142
9 145
9 146
9 148
10 11
10 12
10 13
10 14
10 15
10 16
10 17
10 18
10 19
10 20
10 21
10 22
10 23
10 31
10 32
10 36
10 38
10 41
10 42
10 46
10 56
10 71
10 74
10 81
10 85
10 87
10 91
10 92
10 94
10 101
10 102
10 105
10 107
10 108
10 110
10 111
10 122
10 126
10 128
10 136
10 138
10 143
10 144
10 148
10 151
11 12
11 13
11 14
11 15
11 16
11 17
11 18
11 19
11 20
11 21
11 22
11 23
11 27
11 31
11 36
11 46
11 50
11 53
11 58
11 61
11 64
11 74
11 75
11 78
11 81
11 82
11 84
11 86
11 89
11 92
11 93
11 100
11 107
11 113
11 118
11 130
11 131
11 152
12 13
12 14
12 15
12 16
12 17
12 18
12 19
12 20
12 21
12 22
12 23
12 26
12 27
12 29
12 38
12 42
12 43
12 58
12 61
12 63
12 70
12 77
12 85
12 98
12 108
12 120
12 124
12 125
12 126
12 133
12 137
12 139
12 141
12 146
12 148
12 149
13 14
13 15
13 16
13 17
13 18
13 19
13 20
13 21
13 22
13 23
13 24
13 25
13 29
13 33
13 37
13 39
13 43
13 57
13 58
13 61
13 63
13 72
13 76
13 77
13 83
13 88
13 89
13 90
13 98
13 100
13 102
13 106
13 109
13 110
13 115
13 116
13 119
13 123
13 127
13 128
13 132
13 137
13 142
13 152
14 15
14 16
14 17
14 18
14 19
14 20
14 21
14 22
14 23
14 24
14 27
14 28
14 29
14 30
14 37
14 40
14 48
14 53
14 55
14 57
14 59
14 61
14 64
14 74
14 75
14 81
14 97
14 100
14 102
14 107
14 114
14 116
14 127
14 133
14 136
14 143
14 144
14 147
14 151
15 16
15 17
15 18
15 19
15 20
15 21
15 22
15 23
15 24
15 28
15 43
15 45
15 47
15 61
15 62
15 63
15 65
15 74
15 82
15 87
15 89
15 96
15 112
15 113
15 114
15 116
15 119
15 135
15 146
15 147
16 17
16 18
16 19
16 20
16 21
16 22
16 23
16 29
16 33
16 45
16 50
16 59
16 64
16 66
16 67
16 69
16 72
16 77
16 79
16 85
16 87
16 92
16 98
16 113
16 119
16 134
16 154
17 18
17 19
17 20
17 21
17 22
17 23
17 24
17 27
17 33
17 42
17 44
17 51
17 52
17 58
17 59
17 60
17 64
17 68
17 82
17 83
17 89
17 93
17 105
17 106
17 107
17 112
17 120
17 124
17 133
17 143
17 149
17 154
18 19
18 20
18 21
18 22
18 23
18 26
18 28
18 32
18 41
18 42
18 47
18 50
18 53
18 56
18 58
18 80
18 94
18 97
18 106
18 112
18 122
18 123
18 126
18 128
18 136
18 149
18 152
19 20
19 21
19 22
19 23
19 24
19 30
19 35
19 39
19 46
19 56
19 59
19 65
19 66
19 68
19 76
19 85
19 110
19 114
19 117
19 123
19 124
19 132
19 143
19 145
19 148
19 152
20 21
20 22
20 23
20 25
20 27
20 34
20 37
20 38
20 42
20 44
20 46
20 48
20 51
20 54
20 58
20 63
20 66
20 68
20 70
20 94
20 104
20 105
20 109
20 113
20 114
20 115
20 129
20 130
20 132
20 142
21 22
21 23
21 24
21 28
21 32
21 33
21 34
21 40
21 41
21 46
21 47
21 49
21 55
21 59
21 60
21 64
21 67
21 69
21 78
21 84
21 93
21 98
21 102
21 106
21 116
21 129
21 130
21 131
21 134
21 136
21 141
21 144
21 153
22 23
22 29
22 33
22 50
22 55
22 57
22 58
22 60
22 61
22 65
22 66
22 68
22 77
22 79
22 85
22 96
22 101
22 103
22 109
22 112
22 133
22 134
22 135
22 151
23 24
23 25
23 29
23 34
23 36
23 41
23 43
23 50
23 51
23 57
23 58
23 59
23 68
23 75
23 80
23 81
23 82
23 83
23 84
23 85
23 86
23 99
23 100
23 102
23 108
23 120
23 123
23 126
23 129
23 134
23 141
23 142
24 25
24 26
24 27
24 28
24 29
24 31
24 32
24 33
24 35
24 38
24 41
24 52
24 59
24 66
24 76
24 81
24 82
24 86
24 87
24 89
24 91
24 99
24 113
24 114
24 116
24 118
24 120
24 126
24 128
24 133
24 140
24 142
24 143
24 145
24 151
24 153
25 26
25 27
25 28
25 29
25 35
25 37
25 41
25 43
25 45
25 46
25 47
25 52
25 57
25 62
25 63
25 68
25 71
25 84
25 92
25 98
25 106
25 129
25 133
25 135
25 137
25 139
25 140
25 141
25 142
25 146
25 151
26 27
26 28
26 29
26 32
26 40
26 46
26 50
26 55
26 62
26 65
26 68
26 69
26 70
26 72
26 76
26 81
26 82
26 101
26 103
26 113
26 117
26 126
26 128
26 132
26 141
27 28
27 29
27 31
27 39
27 42
27 44
27 46
27 50
27 51
27 54
27 56
27 57
27 62
27 66
27 73
27 75
27 76
27 78
27 79
27 81
27 82
27 97
27 98
27 105
27 106
27 107
27 109
27 116
27 118
27 122
27 123
27 138
27 139
27 148
27 154
28 29
28 31
28 33
28 38
28 39
28 42
28 49
28 50
28 57
28 58
28 63
28 69
28 71
28 74
28 80
28 82
28 83
28 92
28 94
28 101
28 117
28 123
28 124
28 126
28 127
28 129
28 136
28 143
28 148
28 149
29 58
29 60
29 62
29 65
29 70
29 71
29 76
29 79
29 82
29 83
29 90
29 98
29 105
29 106
29 107
29 108
29 110
29 113
29 114
29 122
29 123
29 124
29 127
29 132
29 137
29 152
30 35
30 37
30 39
30 48
30 49
30 57
30 61
30 64
30 69
30 89
30 90
30 91
30 101
30 103
30 115
30 121
30 123
30 125
30 135
30 136
30 137
30 139
30 146
30 150
31 34
31 36
31 43
31 49
31 53
31 55
31 56
31 61
31 69
31 75
31 77
31 83
31 86
31 88
31 95
31 104
31 106
31 113
31 128
31 136
31 138
31 139
31 140
31 143
31 147
31 148
31 150
31 151
32 34
32 40
32 41
32 43
32 44
32 48
32 52
32 58
32 64
32 68
32 70
32 73
32 74
32 79
32 86
32 95
32 99
32 101
32 102
32 103
32 106
32 114
32 116
32 117
32 120
32 123
32 124
32 126
32 128
32 132
32 133
32 136
32 137
32 143
32 144
32 147
33 38
33 50
33 56
33 57
33 65
33 66
33 68
33 69
33 80
33 81
33 101
33 104
33 108
33 111
33 123
33 125
33 126
33 134
33 137
33 141
33 142
33 145
33 147
33 148
33 149
34 36
34 38
34 39
34 40
34 57
34 62
34 67
34 79
34 81
34 82
34 84
34 93
34 106
34 113
34 115
34 119
34 121
34 122
34 126
34 142
34 147
34 151
35 36
35 49
35 50
35 58
35 61
35 63
35 68
35 71
35 74
35 75
35 93
35 107
35 111
35 113
35 125
35 131
35 133
35 137
35 147
36 38
36 45
36 51
36 59
36 62
36 66
36 67
36 71
36 73
36 78
36 79
36 93
36 96
36 101
36 102
36 109
36 124
36 127
36 141
36 151
36 152
36 153
37 43
37 48
37 50
37 52
37 63
37 65
37 67
37 70
37 71
37 85
37 117
37 119
37 124
37 146
37 147
37 150
38 42
38 44
38 50
38 56
38 59
38 61
38 67
38 71
38 72
38 76
38 83
38 84
38 86
38 88
38 91
38 96
38 100
38 123
38 125
38 126
38 127
38 132
38 134
38 135
38 143
38 149
38 151
39 47
39 48
39 51
39 52
39 55
39 57
39 63
39 76
39 78
39 91
39 97
39 99
39 117
39 118
39 130
39 140
40 42
40 50
40 57
40 65
40 71
40 72
40 92
40 101
40 104
40 106
40 111
40 112
40 113
40 125
40 129
40 140
40 149
41 51
41 62
41 73
41 81
41 84
41 88
41 90
41 91
41 92
41 98
41 99
41 104
41 112
41 114
41 132
41 134
41 136
41 139
41 148
41 153
41 154
42 48
42 55
42 60
42 61
42 63
42 64
42 68
42 71
42 72
42 73
42 75
42 80
42 81
42 83
42 94
42 97
42 99
42 109
42 110
42 116
42 117
42 120
42 147
42 148
43 45
43 46
43 48
43 50
43 51
43 66
43 68
43 71
43 74
43 76
43 89
43 97
43 98
43 100
43 105
43 107
43 110
43 113
43 116
43 118
43 122
43 130
43 134
43 136
43 137
43 139
43 154
44 48
44 58
44 60
44 61
44 63
44 86
44 88
44 101
44 102
44 106
44 113
44 119
44 122
44 126
44 142
44 148
45 51
45 59
45 64
45 70
45 71
45 73
45 75
45 83
45 84
45 89
45 99
45 111
45 112
45 114
45 116
45 119
45 138
45 143
45 144
45 153
46 47
46 61
46 62
46 63
46 69
46 87
46 88
46 93
46 99
46 103
46 105
46 108
46 118
46 128
46 131
46 137
46 140
46 145
46 153
47 49
47 50
47 51
47 57
47 59
47 73
47 76
47 79
47 81
47 94
47 101
47 102
47 105
47 111
47 117
47 132
47 135
47 139
47 150
47 152
48 52
48 54
48 63
48 66
48 77
48 88
48 100
48 101
48 113
48 114
48 123
48 137
48 142
48 150
49 62
49 72
49 74
49 76
49 77
49 78
49 84
49 88
49 89
49 101
49 103
49 104
49 106
49 112
49 113
49 114
49 116
49 122
49 123
49 126
49 128
49 143
50 54
50 55
50 60
50 67
50 78
50 91
50 92
50 94
50 100
50 104
50 115
50 121
50 125
50 132
50 139
50 154
51 59
51 62
51 63
51 74
51 75
51 77
51 102
51 103
51 111
51 123
51 125
51 135
51 136
51 138
51 141
51 143
51 148
52 62
52 65
52 69
52 70
52 74
52 79
52 82
52 83
52 84
52 92
52 95
52 98
52 99
52 100
52 103
52 105
52 108
52 110
52 112
52 115
52 127
52 137
52 139
52 144
52 153
53 56
53 57
53 64
53 73
53 82
53 93
53 94
53 98
53 102
53 106
53 107
53 108
53 111
53 128
53 135
53 139
54 56
54 67
54 76
54 82
54 85
54 86
54 90
54 93
54 94
54 100
54 101
54 111
54 120
54 121
54 123
54 139
54 141
54 150
54 154
55 57
55 76
55 81
55 86
55 91
55 92
55 99
55 101
55 109
55 120
55 141
55 146
55 148
56 59
56 60
56 61
56 83
56 95
56 100
56 103
56 112
56 113
56 116
56 126
56 132
56 133
56 140
56 144
56 145
56 149
57 64
57 66
57 67
57 71
57 77
57 84
57 86
57 88
57 90
57 91
57 92
57 93
57 102
57 104
57 110
57 111
57 117
57 124
57 125
57 126
57 127
57 132
57 136
57 137
57 138
57 139
57 143
57 150
58 60
58 65
58 79
58 81
58 82
58 89
58 93
58 97
58 103
58 113
58 116
58 123
58 133
58 144
58 148
58 154
59 66
59 67
59 68
59 69
59 73
59 74
59 78
59 79
59 83
59 86
59 91
59 92
59 95
59 99
59 104
59 107
59 110
59 115
59 116
59 129
59 136
59 151
59 152
60 66
60 72
60 80
60 81
60 85
60 87
60 100
60 101
60 110
60 118
60 119
60 132
60 133
60 136
60 137
60 141
60 143
60 145
60 148
60 154
61 71
61 74
61 79
61 89
61 92
61 94
61 104
61 112
61 114
61 117
61 122
61 130
61 147
62 63
62 68
62 80
62 82
62 87
62 98
62 104
62 108
62 110
62 120
62 126
62 132
62 133
62 134
62 135
62 137
62 140
62 150
62 151
62 152
63 64
63 66
63 67
63 77
63 81
63 82
63 84
63 91
63 105
63 109
63 110
63 116
63 119
63 125
63 134
63 136
63 138
63 143
63 144
63 145
63 154
64 65
64 66
64 80
64 81
64 88
64 96
64 99
64 102
64 115
64 117
64 120
64 121
64 123
64 127
64 128
64 131
64 133
64 140
64 141
64 143
64 146
64 153
65 68
65 74
65 82
65 84
65 87
65 92
65 99
65 106
65 107
65 109
65 119
65 122
65 124
65 125
65 134
65 138
65 143
65 149
65 150
65 152
65 154
66 69
66 87
66 88
66 93
66 97
66 107
66 113
66 114
66 116
66 125
66 131
66 148
66 150
66 151
66 153
67 68
67 69
67 94
67 95
67 100
67 101
67 103
67 104
67 106
67 112
67 113
67 130
67 141
67 143
67 145
67 146
68 74
68 75
68 81
68 87
68 96
68 106
68 113
68 117
68 118
68 119
68 130
68 138
68 139
68 153
69 77
69 80
69 85
69 86
69 98
69 100
69 102
69 108
69 111
69 115
69 125
69 136
69 140
70 72
70 83
70 86
70 93
70 99
70 105
70 127
70 129
70 131
70 134
70 137
70 150
71 72
71 78
71 80
71 83
71 85
71 92
71 93
71 95
71 99
71 102
71 111
71 119
71 120
71 128
71 129
71 131
71 140
71 149
71 150
72 85
72 93
72 94
72 96
72 102
72 107
72 112
72 119
72 127
72 146
72 147
73 74
73 75
73 80
73 85
73 87
73 92
73 98
73 100
73 102
73 108
73 119
73 121
73 127
73 129
73 137
73 147
73 150
73 154
74 75
74 76
74 78
74 92
74 93
74 106
74 112
74 117
74 127
74 129
74 131
74 137
74 140
74 144
74 145
74 147
74 148
74 149
74 153
75 84
75 107
75 112
75 117
75 118
75 119
75 122
75 124
75 127
75 128
75 130
75 133
75 138
75 147
75 153
76 88
76 92
76 102
76 108
76 109
76 110
76 119
76 121
76 122
76 131
76 145
76 151
77 84
77 85
77 88
77 91
77 99
77 100
77 102
77 107
77 109
77 121
77 124
77 127
77 131
77 141
77 144
77 146
77 147
77 149
77 154
78 80
78 83
78 85
78 86
78 88
78 99
78 101
78 106
78 114
78 123
78 125
78 126
78 139
78 140
78 142
78 146
78 147
78 150
78 153
79 87
79 96
79 97
79 101
79 106
79 108
79 115
79 117
79 124
79 131
79 135
79 140
79 152
80 87
80 91
80 94
80 98
80 99
80 105
80 107
80 110
80 113
80 118
80 129
80 130
80 132
80 134
80 136
80 138
80 141
80 142
80 154
81 82
81 83
81 91
81 97
81 99
81 115
81 122
81 123
81 133
81 138
81 141
81 144
81 148
81 152
82 83
82 88
82 89
82 92
82 105
82 107
82 108
82 111
82 125
82 129
82 131
82 134
82 143
82 146
82 147
82 149
83 84
83 85
83 96
83 100
83 109
83 110
83 113
83 114
83 115
83 131
83 133
83 134
83 138
83 141
83 146
83 149
84 88
84 96
84 99
84 110
84 114
84 115
84 118
84 131
84 136
84 144
84 145
84 152
84 153
85 86
85 89
85 105
85 113
85 121
85 126
85 127
85 142
85 146
85 151
85 152
85 153
85 154
86 98
86 102
86 124
86 127
86 128
86 130
86 133
86 140
86 142
86 146
86 147
87 114
87 116
87 120
87 128
87 133
87 135
88 100
88 104
88 109
88 119
88 126
88 151
88 152
89 91
89 92
89 99
89 102
89 108
89 110
89 115
89 118
89 123
89 126
89 128
89 136
89 138
89 143
89 145
89 148
89 149
89 153
90 91
90 95
90 96
90 97
90 99
90 100
90 104
90 110
90 121
90 123
90 125
90 128
90 129
90 132
90 135
90 137
90 145
90 148
90 153
91 92
91 94
91 102
91 103
91 118
91 122
91 126
91 127
91 128
91 130
91 132
91 133
91 135
91 143
91 145
91 147
91 150
91 151
92 93
92 96
92 98
92 100
92 109
92 118
92 120
92 125
92 138
92 140
92 148
92 154
93 96
93 106
93 110
93 115
93 116
93 117
93 124
93 130
93 131
93 132
93 134
93 137
93 141
93 145
93 149
94 104
94 109
94 115
94 118
94 122
94 125
94 135
94 136
94 137
94 144
94 146
94 152
95 103
95 106
95 109
95 110
95 112
95 129
95 133
95 134
95 136
95 138
95 144
95 145
95 150
96 111
96 113
96 117
96 122
96 126
96 131
96 134
96 137
96 138
96 139
96 142
96 143
96 145
96 146
96 149
96 152
97 102
97 106
97 120
97 122
97 123
97 130
97 135
97 137
97 141
97 143
97 150
98 113
98 118
98 119
98 134
98 140
98 142
99 106
99 114
99 115
99 116
99 120
99 123
99 128
99 131
99 132
99 135
99 138
99 140
99 142
99 144
99 147
99 151
99 152
99 154
100 107
100 120
100 122
100 127
100 131
100 135
100 138
100 143
100 145
100 146
100 148
100 149
100 150
101 102
101 104
101 113
101 115
101 121
101 122
101 123
101 127
101 134
101 135
101 138
101 145
101 150
101 153
102 103
102 109
102 110
102 111
102 113
102 125
102 135
102 138
102 139
102 141
102 146
102 148
102 153
103 107
103 113
103 114
103 125
103 145
103 146
103 151
104 106
104 109
104 113
104 114
104 127
104 130
104 135
104 136
104 141
104 145
104 147
104 150
104 151
105 108
105 111
105 115
105 123
105 124
105 126
105 132
105 133
105 135
105 136
105 143
105 148
105 149
105 153
106 108
106 111
106 112
106 129
106 136
106 146
106 154
107 113
107 116
107 117
107 119
107 124
107 127
107 150
107 151
108 117
108 120
108 126
108 144
108 146
108 147
108 150
109 123
109 124
109 127
109 130
109 145
109 149
110 111
110 112
110 131
110 134
111 115
111 118
111 119
111 121
111 123
111 125
111 130
111 133
111 134
111 136
111 139
111 140
111 142
111 145
111 146
111 151
111 154
112 121
112 124
112 125
112 127
112 131
112 134
112 135
112 141
112 143
112 146
112 151
112 152
113 119
113 124
113 125
113 128
113 133
113 136
113 137
113 138
113 140
113 142
113 151
113 153
114 117
114 119
114 136
114 144
114 145
114 149
115 117
115 121
115 123
115 126
115 127
115 128
115 130
115 138
115 147
115 150
116 117
116 125
116 132
116 133
116 136
116 138
116 140
116 150
117 122
117 125
117 130
117 133
117 134
117 141
117 143
117 148
117 149
118 119
118 124
118 132
118 135
118 143
118 144
118 152
118 153
119 124
119 126
119 134
119 143
119 148
119 151
119 152
120 121
120 125
120 127
120 133
120 142
120 149
120 154
121 122
121 125
121 127
121 128
121 134
121 135
121 138
121 141
121 146
121 148
121 150
121 151
122 130
122 132
122 134
122 137
122 142
122 145
122 149
122 153
123 133
123 144
123 148
123 153
124 130
124 133
124 141
124 144
124 151
125 127
125 133
125 134
125 143
125 146
125 148
125 152
126 129
126 147
126 151
126 153
127 136
127 138
127 142
127 153
128 130
128 132
128 138
128 140
128 141
128 149
128 150
128 151
129 133
129 134
129 141
129 149
129 150
130 133
130 141
130 151
131 136
131 137
131 140
131 143
132 137
132 139
132 141
132 150
132 151
132 153
133 139
133 144
133 148
133 150
133 152
133 154
134 137
134 144
134 146
134 152
134 153
134 154
135 145
135 146
135 147
135 149
135 153
136 144
137 138
137 140
137 145
137 146
137 147
137 151
137 152
137 153
138 143
138 149
138 150
138 151
138 153
139 145
139 146
139 152
139 153
140 141
140 144
140 149
141 144
141 154
142 147
142 151
143 145
144 151
145 153
146 149
147 154
149 153
150 152
151 152
