139 1974
1 2
1 3
1 4
1 5
1 6
1 7
1 8
1 9
1 10
1 11
1 12
1 13
1 14
1 15
1 24
1 26
1 30
1 31
1 44
1 45
1 46
1 49
1 52
1 59
1 71
1 80
1 84
1 88
1 89
1 92
1 94
1 95
1 96
1 99
1 101
1 110
1 123
1 128
1 129
1 130
1 133
1 134
1 135
1 137
2 3
2 4
2 5
2 6
2 7
2 8
2 9
2 10
2 11
2 12
2 13
2 14
2 15
2 29
2 34
2 39
2 40
2 46
2 57
2 64
2 73
2 79
2 86
2 89
2 90
2 95
2 96
2 98
2 106
2 124
2 130
2 133
2 134
2 136
3 4
3 5
3 6
3 7
3 8
3 9
3 10
3 11
3 12
3 13
3 14
3 15
3 17
3 40
3 47
3 58
3 59
3 61
3 64
3 65
3 66
3 69
3 74
3 77
3 84
3 95
3 110
3 112
3 118
3 119
3 121
3 122
3 129
3 130
3 134
4 5
4 6
4 7
4 8
4 9
4 10
4 11
4 12
4 13
4 14
4 15
4 23
4 26
4 27
4 29
4 33
4 40
4 44
4 46
4 49
4 51
4 53
4 57
4 61
4 70
4 79
4 80
4 81
4 83
4 84
4 87
4 113
4 117
4 123
4 128
4 136
4 137
4 138
5 6
5 7
5 8
5 9
5 10
5 11
5 12
5 13
5 14
5 15
5 32
5 35
5 38
5 45
5 52
5 67
5 83
5 91
5 95
5 101
5 102
5 105
5 109
5 111
5 130
6 7
6 8
6 9
6 10
6 11
6 12
6 13
6 14
6 15
6 21
6 22
6 24
6 27
6 31
6 38
6 41
6 43
6 44
6 46
6 66
6 70
6 71
6 74
6 80
6 89
6 97
6 100
6 102
6 109
6 114
6 125
6 126
6 136
7 8
7 9
7 10
7 11
7 12
7 13
7 14
7 15
7 27
7 58
7 62
7 77
7 81
7 87
7 88
7 91
7 99
7 101
7 103
7 109
7 119
7 120
8 9
8 10
8 11
8 12
8 13
8 14
8 15
8 17
8 38
8 41
8 47
8 55
8 61
8 64
8 65
8 73
8 77
8 78
8 82
8 89
8 92
8 108
8 109
8 126
8 138
9 10
9 11
9 12
9 13
9 14
9 15
9 26
9 27
9 31
9 34
9 43
9 44
9 53
9 57
9 58
9 61
9 63
9 79
9 80
9 94
9 96
9 99
9 101
9 106
9 110
9 113
9 125
10 11
10 12
10 13
10 14
10 15
10 18
10 24
10 25
10 27
10 31
10 34
10 37
10 38
10 42
10 45
10 50
10 60
10 61
10 62
10 76
10 79
10 82
10 83
10 87
10 90
10 91
10 93
10 101
11 12
11 13
11 14
11 15
11 16
11 21
11 32
11 34
11 35
11 36
11 55
11 56
11 59
11 60
11 62
11 82
11 83
11 88
11 91
11 94
11 98
11 99
11 100
11 101
11 109
11 112
11 113
11 115
11 116
11 118
11 121
11 122
11 133
11 134
11 138
12 13
12 14
12 15
12 38
12 39
12 43
12 45
12 53
12 54
12 58
12 61
12 63
12 66
12 69
12 70
12 75
12 79
12 81
12 84
12 88
12 92
12 93
12 99
12 106
12 118
12 121
12 124
12 127
12 131
12 132
12 136
12 137
13 14
13 15
13 19
13 27
13 30
13 31
13 32
13 34
13 37
13 45
13 47
13 58
13 67
13 73
13 82
13 87
13 99
13 107
13 110
13 112
13 115
13 120
13 122
13 124
13 136
14 15
14 17
14 23
14 27
14 36
14 46
14 47
14 51
14 52
14 54
14 57
14 58
14 59
14 62
14 66
14 74
14 85
14 89
14 92
14 94
14 95
14 99
14 100
14 111
14 114
14 115
14 116
14 122
14 123
14 124
14 134
15 18
15 22
15 32
15 36
15 37
15 38
15 53
15 58
15 59
15 71
15 74
15 75
15 78
15 82
15 90
15 91
15 93
15 96
15 104
15 106
15 108
15 111
15 112
15 115
15 118
15 120
15 124
15 131
15 133
15 136
15 139
16 17
16 18
16 19
16 20
16 21
16 22
16 31
16 47
16 49
16 63
16 68
16 74
16 81
16 90
16 94
16 110
16 113
16 114
16 117
16 119
16 121
16 130
16 138
17 18
17 19
17 20
17 21
17 22
17 32
17 37
17 39
17 40
17 45
17 47
17 49
17 56
17 61
17 63
17 69
17 80
17 83
17 95
17 112
17 123
17 128
17 129
17 135
17 136
18 19
18 20
18 21
18 22
18 24
18 25
18 32
18 36
18 41
18 50
18 51
18 52
18 57
18 61
18 66
18 68
18 70
18 71
18 72
18 75
18 76
18 87
18 90
18 98
18 100
18 113
18 117
18 120
18 123
18 124
18 125
18 126
18 127
18 128
18 133
18 137
19 20
19 21
19 22
19 23
19 27
19 31
19 38
19 43
19 45
19 48
19 51
19 53
19 66
19 70
19 72
19 74
19 80
19 84
19 87
19 93
19 102
19 105
19 108
19 112
19 114
19 118
19 120
19 124
19 130
19 132
20 21
20 22
20 23
20 24
20 32
20 52
20 53
20 54
20 58
20 61
20 65
20 72
20 73
20 83
20 86
20 92
20 99
20 100
20 101
20 104
20 107
20 110
20 124
20 125
20 127
20 132
20 133
20 135
21 22
21 26
21 32
21 39
21 40
21 47
21 51
21 54
21 55
21 56
21 57
21 60
21 68
21 73
21 74
21 80
21 90
21 91
21 93
21 100
21 106
21 107
21 116
21 122
21 124
21 127
21 133
21 136
21 139
22 23
22 26
22 27
22 28
22 35
22 37
22 40
22 44
22 47
22 49
22 50
22 64
22 72
22 76
22 78
22 101
22 102
22 119
22 123
22 125
22 126
23 24
23 25
23 26
23 27
23 34
23 45
23 46
23 54
23 62
23 73
23 77
23 79
23 82
23 87
23 92
23 103
23 104
23 109
23 116
23 119
23 120
23 123
23 135
23 136
24 25
24 26
24 27
24 29
24 35
24 38
24 41
24 42
24 47
24 54
24 68
24 74
24 75
24 86
24 89
24 92
24 93
24 97
24 111
24 112
24 121
24 126
24 132
24 135
24 138
25 26
25 27
25 30
25 40
25 42
25 44
25 66
25 71
25 74
25 87
25 89
25 92
25 93
25 95
25 101
25 102
25 103
25 106
25 109
25 113
25 119
25 122
25 123
25 124
25 128
25 131
26 27
26 31
26 33
26 38
26 45
26 50
26 52
26 54
26 57
26 59
26 62
26 65
26 68
26 70
26 72
26 75
26 80
26 85
26 88
26 89
26 94
26 100
26 106
26 108
26 110
26 115
26 117
26 118
26 135
26 138
27 28
27 29
27 41
27 54
27 68
27 72
27 79
27 80
27 82
27 103
27 108
27 109
27 113
27 119
27 139
28 37
28 38
28 39
28 47
28 49
28 54
28 59
28 60
28 61
28 72
28 76
28 86
28 95
28 99
28 102
28 103
28 107
28 116
28 120
28 131
28 135
29 32
29 47
29 53
29 55
29 84
29 88
29 92
29 96
29 97
29 98
29 106
29 112
29 113
29 114
29 117
29 118
29 129
29 131
29 135
29 136
30 37
30 44
30 45
30 50
30 53
30 54
30 61
30 66
30 70
30 77
30 83
30 87
30 98
30 99
30 105
30 111
30 118
30 119
30 127
30 136
30 139
31 36
31 39
31 52
31 55
31 61
31 63
31 65
31 72
31 75
31 79
31 82
31 83
31 89
31 104
31 106
31 116
31 124
31 127
31 138
32 33
32 48
32 61
32 63
32 64
32 71
32 80
32 82
32 84
32 86
32 88
32 89
32 90
32 92
32 95
32 96
32 100
32 108
32 111
32 112
32 116
32 118
32 121
32 124
32 127
32 128
32 135
32 139
33 41
33 44
33 45
33 48
33 50
33 51
33 52
33 63
33 68
33 74
33 75
33 86
33 89
33 98
33 102
33 103
33 119
33 126
34 37
34 41
34 43
34 44
34 46
34 48
34 50
34 52
34 57
34 59
34 61
34 72
34 75
34 79
34 85
34 89
34 104
34 105
34 106
34 108
34 111
34 113
34 119
34 129
34 131
34 138
35 36
35 41
35 51
35 52
35 53
35 58
35 74
35 78
35 79
35 81
35 82
35 92
35 94
35 96
35 101
35 103
35 122
35 132
35 135
35 136
36 38
36 48
36 52
36 63
36 76
36 83
36 86
36 91
36 92
36 94
36 102
36 105
36 110
36 117
36 122
36 124
36 138
37 62
37 69
37 77
37 79
37 85
37 91
37 104
37 109
37 122
37 123
37 124
37 129
37 135
37 136
37 139
38 42
38 43
38 45
38 47
38 52
38 68
38 70
38 71
38 73
38 74
38 77
38 82
38 83
38 86
38 87
38 96
38 99
38 106
38 107
38 118
38 119
38 134
39 40
39 45
39 54
39 61
39 64
39 66
39 67
39 68
39 71
39 88
39 94
39 95
39 110
39 111
39 112
39 113
39 114
39 115
39 125
39 128
39 132
39 136
39 138
39 139
40 41
40 42
40 45
40 53
40 62
40 70
40 71
40 75
40 78
40 79
40 86
40 98
40 106
40 107
40 113
40 130
40 132
40 133
40 134
40 136
40 138
41 42
41 49
41 51
41 56
41 65
41 79
41 90
41 93
41 117
41 120
41 126
41 129
41 138
41 139
42 44
42 48
42 50
42 51
42 53
42 57
42 60
42 66
42 75
42 88
42 95
42 100
42 101
42 106
42 108
42 109
42 110
42 120
42 127
43 46
43 55
43 56
43 57
43 62
43 64
43 67
43 68
43 70
43 73
43 74
43 77
43 82
43 85
43 86
43 92
43 109
43 112
43 117
43 118
43 121
43 123
43 126
43 130
43 133
43 136
43 139
44 49
44 59
44 61
44 62
44 63
44 64
44 70
44 74
44 76
44 77
44 80
44 82
44 86
44 88
44 94
44 97
44 98
44 103
44 109
44 118
44 120
44 123
44 136
44 139
45 76
45 86
45 90
45 96
45 100
45 105
45 106
45 112
45 116
45 125
45 134
45 136
46 55
46 63
46 64
46 67
46 69
46 75
46 76
46 82
46 96
46 100
46 122
46 127
46 132
46 138
47 49
47 50
47 51
47 61
47 68
47 73
47 74
47 81
47 84
47 94
47 96
47 102
47 103
47 107
47 127
47 131
48 50
48 51
48 58
48 59
48 69
48 70
48 77
48 78
48 83
48 88
48 92
48 97
48 99
48 104
48 105
48 112
48 119
48 122
48 123
48 127
49 64
49 70
49 74
49 81
49 84
49 91
49 94
49 96
49 101
49 107
49 109
49 120
50 52
50 53
50 58
50 59
50 63
50 71
50 77
50 84
50 86
50 91
50 96
50 97
50 99
50 106
50 107
50 108
50 116
50 120
50 128
51 60
51 70
51 79
51 83
51 86
51 93
51 98
51 101
51 105
51 107
51 113
51 116
51 121
51 124
51 125
51 126
51 128
51 130
51 131
52 53
52 59
52 66
52 70
52 71
52 86
52 89
52 93
52 95
52 99
52 102
52 110
52 123
52 124
53 65
53 66
53 69
53 77
53 80
53 93
53 95
53 98
53 104
53 110
53 111
53 118
53 119
53 120
53 122
53 124
54 65
54 67
54 73
54 82
54 92
54 94
54 95
54 114
54 118
55 61
55 65
55 69
55 70
55 71
55 84
55 98
55 117
55 121
55 129
55 131
55 138
56 62
56 66
56 68
56 70
56 71
56 79
56 85
56 90
56 92
56 100
56 102
56 111
56 120
56 122
56 125
56 128
56 134
56 137
56 138
56 139
57 60
57 61
57 67
57 71
57 72
57 83
57 86
57 90
57 91
57 92
57 101
57 103
57 104
57 114
57 127
57 128
57 133
57 134
58 65
58 76
58 77
58 80
58 84
58 85
58 89
58 94
58 95
58 96
58 109
58 111
58 126
58 129
58 133
59 61
59 69
59 73
59 74
59 76
59 82
59 88
59 90
59 100
59 101
59 104
59 105
59 107
59 109
59 110
59 111
59 124
59 128
59 131
59 134
60 65
60 66
60 68
60 73
60 77
60 79
60 80
60 83
60 86
60 91
60 93
60 98
60 102
60 103
60 105
60 107
60 112
60 116
60 128
60 131
60 134
61 65
61 70
61 76
61 77
61 79
61 80
61 81
61 82
61 85
61 91
61 100
61 101
61 111
61 113
61 131
61 132
61 136
61 138
62 70
62 75
62 80
62 81
62 91
62 101
62 103
62 113
62 117
62 124
62 125
62 137
63 67
63 71
63 76
63 78
63 92
63 98
63 109
63 120
63 135
63 136
64 66
64 73
64 81
64 84
64 88
64 96
64 98
64 100
64 116
64 119
64 123
64 136
65 71
65 74
65 79
65 86
65 88
65 89
65 100
65 104
65 111
65 112
65 114
65 116
65 121
65 129
65 130
65 134
66 70
66 84
66 92
66 100
66 101
66 105
66 106
66 116
66 130
66 137
66 138
67 72
67 76
67 79
67 85
67 86
67 87
67 91
67 96
67 99
67 103
67 106
67 115
67 121
67 128
67 129
68 80
68 87
68 94
68 105
68 106
68 115
68 118
68 129
68 132
69 73
69 75
69 82
69 84
69 85
69 88
69 89
69 90
69 93
69 98
69 103
69 104
69 106
69 107
69 111
69 113
69 119
70 85
70 87
70 88
70 94
70 100
70 103
70 104
70 109
70 117
70 118
70 128
70 135
71 73
71 81
71 84
71 86
71 89
71 90
71 94
71 102
71 113
71 118
71 127
71 128
72 76
72 83
72 87
72 89
72 90
72 91
72 95
72 103
72 104
72 109
72 112
72 114
72 116
72 117
72 118
72 125
72 126
72 129
72 136
73 79
73 87
73 94
73 99
73 108
73 110
73 111
73 114
73 118
73 121
73 132
73 134
73 136
73 139
74 80
74 84
74 89
74 90
74 95
74 100
74 111
74 118
74 125
74 127
74 130
74 131
74 139
75 91
75 101
75 113
75 115
75 118
75 120
75 121
75 122
75 125
75 132
76 83
76 86
76 87
76 91
76 95
76 112
76 116
76 117
76 120
76 125
76 137
77 83
77 85
77 89
77 99
77 104
77 105
77 114
77 125
77 130
77 139
78 91
78 92
78 99
78 105
78 106
78 132
78 139
79 80
79 85
79 90
79 98
79 100
79 106
79 109
79 111
79 118
79 121
79 122
79 127
79 129
79 137
80 83
80 88
80 91
80 96
80 111
80 114
80 119
80 129
80 131
80 132
80 134
80 139
81 92
81 94
81 97
81 99
81 106
81 116
81 117
81 138
82 85
82 86
82 87
82 98
82 99
82 107
82 110
82 114
82 118
82 122
82 125
82 132
82 133
82 136
82 137
82 139
83 85
83 91
83 95
83 97
83 99
83 107
83 110
83 116
83 119
83 124
83 127
83 137
83 138
84 86
84 94
84 100
84 106
84 108
84 112
84 133
84 134
84 139
85 86
85 90
85 93
85 98
85 100
85 105
85 107
85 111
85 112
85 113
85 116
85 117
85 121
85 134
85 138
85 139
86 87
86 90
86 101
86 113
86 117
86 121
86 122
86 125
86 128
86 129
86 131
86 133
86 136
87 91
87 94
87 96
87 106
87 127
87 129
87 133
87 136
87 137
88 97
88 106
88 110
88 111
88 121
88 127
88 132
88 134
88 136
88 138
89 95
89 99
89 100
89 101
89 110
89 113
89 119
89 127
90 104
90 118
90 123
90 124
90 136
91 92
91 93
91 107
91 117
91 132
92 95
92 100
92 102
92 103
92 106
92 108
92 125
92 126
92 130
92 132
92 133
92 138
92 139
93 94
93 98
93 99
93 113
93 115
93 120
93 129
93 133
93 134
94 101
94 105
94 106
94 108
94 113
94 122
94 124
94 131
94 132
94 138
95 103
95 108
95 119
95 132
95 134
95 135
96 97
96 104
96 105
96 106
96 107
96 111
96 115
96 118
96 120
96 122
96 127
96 128
96 130
96 135
96 136
96 138
96 139
97 99
97 110
97 119
97 123
97 125
97 128
97 134
97 135
98 102
98 110
98 119
98 123
98 130
98 138
99 103
99 109
99 117
99 118
99 121
99 123
99 127
100 108
100 118
100 124
100 125
100 127
100 128
100 131
100 132
101 103
101 105
101 106
101 110
101 123
101 133
101 134
101 135
101 136
101 137
102 113
102 114
102 121
102 122
102 127
102 131
102 136
102 138
103 117
103 122
103 130
103 131
104 111
104 113
104 117
104 118
104 121
104 123
104 127
104 131
104 133
104 137
104 138
105 115
105 126
105 128
105 130
105 131
105 138
106 115
106 119
106 122
107 125
107 131
107 132
107 135
107 138
108 115
108 117
108 120
108 134
108 139
109 110
109 112
109 114
109 115
109 124
109 126
109 131
109 134
109 135
109 139
110 111
110 113
110 116
110 120
110 126
110 135
110 136
111 119
111 129
111 132
111 135
112 116
112 125
113 114
113 124
113 128
113 130
113 137
114 118
114 120
114 121
114 122
115 120
115 121
115 132
115 138
116 118
116 120
116 137
117 121
118 131
118 133
118 139
119 121
119 127
119 128
119 130
119 132
119 134
119 138
120 133
121 126
121 135
121 136
121 137
122 129
122 137
123 129
123 132
123 137
125 135
125 138
126 129
126 130
127 133
127 135
129 134
130 135
130 137
131 134
131 135
131 136
131 138
131 139
132 136
133 138
134 135
134 138
134 139
135 138
135 139
136 137
