83 721
1 2
1 3
1 4
1 5
1 6
1 7
1 8
1 9
1 10
1 11
1 26
1 29
1 30
1 45
1 47
1 48
1 49
1 59
1 61
1 62
1 63
1 83
2 3
2 4
2 5
2 6
2 7
2 8
2 9
2 10
2 11
2 14
2 17
2 26
2 29
2 47
2 49
2 60
2 63
2 65
2 67
2 68
2 69
2 80
3 4
3 5
3 6
3 7
3 8
3 9
3 10
3 24
3 25
3 29
3 31
3 33
3 34
3 35
3 36
3 39
3 43
3 44
3 45
3 53
3 62
3 67
3 75
3 83
4 5
4 6
4 7
4 8
4 9
4 10
4 13
4 17
4 21
4 25
4 27
4 29
4 33
4 36
4 44
4 49
4 61
4 66
4 68
4 69
4 72
5 6
5 7
5 8
5 9
5 10
5 15
5 18
5 19
5 28
5 37
5 40
5 44
5 54
5 60
5 61
5 62
5 65
5 67
5 82
6 7
6 8
6 9
6 10
6 23
6 28
6 32
6 42
6 48
6 50
6 64
6 82
7 8
7 9
7 10
7 15
7 16
7 27
7 28
7 32
7 35
7 36
7 43
7 50
7 58
7 61
7 63
7 65
7 72
7 76
7 81
8 9
8 10
8 11
8 19
8 23
8 32
8 42
8 51
8 55
8 56
8 58
8 59
8 64
8 76
8 77
9 10
9 13
9 16
9 19
9 20
9 26
9 29
9 35
9 42
9 51
9 57
9 70
9 78
9 80
9 83
10 12
10 16
10 17
10 24
10 25
10 26
10 30
10 33
10 37
10 38
10 43
10 56
10 65
10 71
11 12
11 13
11 14
11 15
11 16
11 19
11 22
11 25
11 27
11 31
11 37
11 39
11 41
11 45
11 46
11 49
11 51
11 56
11 57
11 58
11 60
11 62
11 66
11 76
11 81
11 83
12 13
12 14
12 15
12 16
12 17
12 19
12 20
12 37
12 40
12 42
12 45
12 48
12 52
12 59
12 68
12 69
12 70
12 72
12 73
12 77
12 80
13 14
13 15
13 16
13 22
13 25
13 28
13 31
13 35
13 40
13 53
13 55
13 56
13 58
13 66
13 73
13 80
14 15
14 16
14 21
14 24
14 26
14 33
14 37
14 40
14 43
14 44
14 49
14 57
14 59
14 62
14 65
14 68
14 72
14 73
14 77
14 81
15 16
15 20
15 28
15 30
15 46
15 57
15 63
15 66
15 68
15 69
15 75
15 79
15 80
16 20
16 23
16 25
16 27
16 45
16 51
16 53
16 57
16 65
16 70
16 75
16 81
16 83
17 21
17 25
17 36
17 39
17 47
17 50
17 51
17 54
17 57
17 59
17 60
17 73
17 76
17 80
17 82
18 21
18 22
18 24
18 25
18 36
18 38
18 42
18 46
18 50
18 54
18 72
18 76
18 82
19 20
19 27
19 31
19 42
19 44
19 46
19 47
19 49
19 53
19 57
19 60
19 70
19 78
20 21
20 22
20 26
20 36
20 38
20 48
20 56
20 57
20 62
20 79
21 24
21 36
21 40
21 50
21 58
21 66
21 70
21 71
21 80
21 81
21 82
21 83
22 37
22 38
22 50
22 65
22 75
23 24
23 34
23 35
23 38
23 42
23 55
23 56
23 70
23 83
24 29
24 35
24 38
24 39
24 51
24 63
24 65
24 76
24 77
24 78
24 82
24 83
25 26
25 32
25 35
25 39
25 45
25 47
25 50
25 52
25 53
25 57
25 63
25 68
25 72
25 73
25 77
25 80
26 30
26 32
26 33
26 38
26 46
26 58
26 65
26 67
26 68
26 76
26 78
27 28
27 38
27 42
27 48
27 53
27 64
27 71
27 74
28 35
28 46
28 47
28 52
28 63
28 74
28 76
28 77
28 79
28 80
29 35
29 36
29 37
29 41
29 42
29 44
29 45
29 51
29 53
29 77
30 37
30 38
30 41
30 49
30 50
30 52
30 57
30 60
30 71
30 78
31 33
31 34
31 37
31 44
31 48
31 54
31 62
31 63
31 68
31 69
31 73
31 78
31 80
32 34
32 42
32 46
32 55
32 61
32 62
32 64
32 65
32 75
32 77
33 38
33 45
33 50
33 56
33 57
33 64
33 74
33 75
33 76
34 46
34 48
34 49
34 62
34 63
34 65
34 68
34 70
34 74
34 79
35 52
35 53
35 69
35 74
35 78
36 38
36 42
36 43
36 57
36 62
36 63
36 64
36 68
36 69
36 70
36 71
36 72
37 49
37 52
37 75
37 81
37 82
37 83
38 44
38 58
38 63
38 65
38 81
39 43
39 47
39 54
39 58
39 59
39 65
39 69
39 73
39 76
39 80
40 41
40 49
40 52
40 58
40 59
40 60
40 63
40 68
40 69
40 80
41 43
41 44
41 46
41 52
41 60
41 63
41 71
41 76
42 43
42 54
42 56
42 59
42 60
42 61
42 62
42 68
42 74
42 75
42 77
43 44
43 55
43 61
43 63
43 67
43 70
43 75
44 45
44 46
44 58
44 60
44 67
44 78
44 82
45 47
45 50
45 51
45 58
45 69
46 47
46 49
46 50
46 53
46 54
46 55
46 58
46 59
46 61
46 75
46 76
46 78
46 79
47 59
47 62
47 63
47 65
47 72
47 74
48 67
48 71
48 74
48 83
49 51
49 54
49 68
49 69
49 74
49 76
50 55
50 64
50 66
50 67
50 69
50 75
50 76
50 81
51 55
51 75
51 79
52 55
52 59
52 60
52 62
52 63
52 77
52 78
52 83
53 56
53 59
53 61
53 74
54 60
54 62
54 67
54 71
54 75
54 77
54 79
54 80
54 82
54 83
55 58
55 69
55 83
56 59
56 60
56 80
56 82
56 83
57 58
57 63
57 64
57 67
57 74
58 60
58 66
58 69
58 76
59 62
59 63
59 68
59 71
59 73
59 79
60 76
60 79
61 64
61 66
61 69
61 75
61 76
61 77
61 80
62 78
62 82
63 67
63 68
63 72
63 74
63 75
63 81
63 82
64 66
64 74
64 76
64 77
64 83
65 67
65 69
65 74
65 83
66 67
66 69
66 82
67 68
67 78
67 81
68 71
68 72
68 74
68 78
69 73
69 82
70 74
70 79
71 73
71 81
71 83
72 73
72 76
72 83
73 79
74 77
74 82
74 83
75 76
75 78
76 82
77 78
77 80
77 82
78 81
79 81
80 82
80 83
82 83
