199 4165
1 2
1 3
1 4
1 5
1 6
1 7
1 8
1 9
1 10
1 11
1 12
1 13
1 14
1 15
1 16
1 17
1 18
1 19
1 20
1 21
1 22
1 23
1 24
1 25
1 28
1 53
1 54
1 55
1 59
1 68
1 74
1 88
1 92
1 96
1 102
1 105
1 109
1 114
1 117
1 119
1 121
1 123
1 125
1 129
1 131
1 145
1 155
1 158
1 173
1 175
1 187
1 189
2 3
2 4
2 5
2 6
2 7
2 8
2 9
2 10
2 11
2 12
2 13
2 14
2 15
2 16
2 17
2 18
2 19
2 20
2 21
2 22
2 23
2 24
2 25
2 28
2 32
2 33
2 44
2 53
2 54
2 55
2 68
2 70
2 74
2 85
2 88
2 91
2 93
2 96
2 101
2 108
2 109
2 114
2 117
2 130
2 136
2 140
2 144
2 155
2 158
2 160
2 163
2 164
2 171
2 173
2 177
2 186
2 187
2 192
2 199
3 4
3 5
3 6
3 7
3 8
3 9
3 10
3 11
3 12
3 13
3 14
3 15
3 16
3 17
3 18
3 19
3 20
3 21
3 22
3 23
3 24
3 25
3 28
3 31
3 40
3 47
3 48
3 49
3 52
3 53
3 54
3 71
3 73
3 76
3 77
3 85
3 97
3 98
3 99
3 105
3 109
3 114
3 117
3 122
3 132
3 136
3 137
3 138
3 141
3 153
3 158
3 161
3 162
3 163
3 164
3 170
3 171
3 178
3 179
3 180
3 181
3 184
3 192
3 197
3 198
4 5
4 6
4 7
4 8
4 9
4 10
4 11
4 12
4 13
4 14
4 15
4 16
4 17
4 18
4 19
4 20
4 21
4 22
4 23
4 24
4 25
4 28
4 37
4 49
4 53
4 56
4 58
4 64
4 72
4 73
4 77
4 79
4 84
4 97
4 100
4 105
4 113
4 115
4 119
4 129
4 132
4 134
4 144
4 156
4 161
4 164
4 172
4 174
4 176
4 179
4 182
4 185
4 186
5 6
5 7
5 8
5 9
5 10
5 11
5 12
5 13
5 14
5 15
5 16
5 17
5 18
5 19
5 20
5 21
5 22
5 23
5 24
5 25
5 29
5 36
5 40
5 42
5 46
5 77
5 97
5 104
5 105
5 108
5 111
5 115
5 122
5 137
5 150
5 154
5 167
5 168
5 181
5 183
5 194
6 7
6 8
6 9
6 10
6 11
6 12
6 13
6 14
6 15
6 16
6 17
6 18
6 19
6 20
6 21
6 22
6 23
6 24
6 25
6 26
6 29
6 32
6 43
6 49
6 52
6 55
6 59
6 60
6 69
6 74
6 89
6 92
6 93
6 99
6 118
6 121
6 124
6 125
6 126
6 128
6 131
6 134
6 135
6 142
6 144
6 153
6 188
6 193
6 198
7 8
7 9
7 10
7 11
7 12
7 13
7 14
7 15
7 16
7 17
7 18
7 19
7 20
7 21
7 22
7 23
7 24
7 25
7 32
7 38
7 44
7 51
7 57
7 61
7 85
7 86
7 107
7 108
7 110
7 111
7 113
7 129
7 131
7 147
7 152
7 154
7 157
7 160
7 176
7 180
7 182
7 186
7 189
7 190
7 192
7 193
7 199
8 9
8 10
8 11
8 12
8 13
8 14
8 15
8 16
8 17
8 18
8 19
8 20
8 21
8 22
8 23
8 24
8 25
8 30
8 33
8 37
8 38
8 40
8 41
8 46
8 54
8 64
8 65
8 70
8 72
8 73
8 78
8 79
8 82
8 99
8 111
8 112
8 118
8 121
8 131
8 132
8 137
8 158
8 167
8 172
8 175
9 10
9 11
9 12
9 13
9 14
9 15
9 16
9 17
9 18
9 19
9 20
9 21
9 22
9 23
9 24
9 25
9 26
9 31
9 41
9 43
9 48
9 60
9 62
9 80
9 95
9 101
9 102
9 121
9 127
9 136
9 138
9 142
9 143
9 153
9 172
9 174
9 188
10 11
10 12
10 13
10 14
10 15
10 16
10 17
10 18
10 19
10 20
10 21
10 22
10 23
10 24
10 25
10 35
10 43
10 51
10 59
10 69
10 71
10 84
10 94
10 98
10 99
10 102
10 105
10 108
10 111
10 113
10 114
10 115
10 121
10 122
10 123
10 124
10 127
10 140
10 144
10 147
10 148
10 155
10 156
10 160
10 165
10 175
10 179
11 12
11 13
11 14
11 15
11 16
11 17
11 18
11 19
11 20
11 21
11 22
11 23
11 24
11 25
11 27
11 44
11 45
11 47
11 50
11 51
11 54
11 57
11 60
11 83
11 94
11 109
11 110
11 112
11 115
11 117
11 122
11 124
11 126
11 142
11 149
11 154
11 167
11 169
11 170
11 171
11 173
11 176
11 190
11 191
11 194
11 197
12 13
12 14
12 15
12 16
12 17
12 18
12 19
12 20
12 21
12 22
12 23
12 24
12 25
12 28
12 29
12 32
12 37
12 57
12 65
12 68
12 71
12 78
12 81
12 82
12 83
12 89
12 95
12 106
12 130
12 135
12 138
12 153
12 157
12 166
12 172
12 173
12 175
12 187
12 192
12 193
12 199
13 14
13 15
13 16
13 17
13 18
13 19
13 20
13 21
13 22
13 23
13 24
13 25
13 27
13 29
13 33
13 42
13 49
13 54
13 56
13 60
13 64
13 65
13 67
13 80
13 88
13 90
13 91
13 100
13 104
13 115
13 118
13 125
13 137
13 139
13 140
13 142
13 147
13 158
13 164
13 167
13 170
13 176
13 179
13 182
13 185
14 15
14 16
14 17
14 18
14 19
14 20
14 21
14 22
14 23
14 24
14 25
14 26
14 27
14 29
14 31
14 35
14 36
14 39
14 40
14 46
14 48
14 51
14 63
14 77
14 80
14 82
14 84
14 85
14 90
14 117
14 121
14 123
14 124
14 130
14 135
14 141
14 142
14 150
14 151
14 152
14 157
14 162
14 164
14 178
14 179
14 183
14 184
14 187
14 192
15 16
15 17
15 18
15 19
15 20
15 21
15 22
15 23
15 24
15 25
15 32
15 39
15 51
15 57
15 58
15 64
15 65
15 80
15 82
15 84
15 85
15 87
15 91
15 94
15 96
15 104
15 109
15 112
15 124
15 134
15 139
15 144
15 145
15 151
15 152
15 153
15 157
15 163
15 167
15 170
15 180
15 185
15 192
15 193
15 197
15 199
16 17
16 18
16 19
16 20
16 21
16 22
16 23
16 24
16 25
16 27
16 29
16 31
16 34
16 40
16 41
16 46
16 61
16 63
16 64
16 69
16 76
16 77
16 83
16 86
16 88
16 101
16 105
16 117
16 120
16 127
16 131
16 141
16 143
16 148
16 150
16 158
16 160
16 161
16 162
16 169
16 179
16 180
16 181
16 182
16 186
16 187
16 192
16 194
17 18
17 19
17 20
17 21
17 22
17 23
17 24
17 25
17 33
17 40
17 41
17 42
17 53
17 64
17 68
17 70
17 78
17 89
17 94
17 99
17 104
17 106
17 121
17 122
17 127
17 135
17 141
17 145
17 148
17 149
17 155
17 161
17 163
17 164
17 169
17 172
17 173
17 183
17 193
18 19
18 20
18 21
18 22
18 23
18 24
18 25
18 26
18 32
18 34
18 36
18 41
18 42
18 44
18 51
18 52
18 60
18 62
18 68
18 77
18 85
18 88
18 90
18 94
18 96
18 100
18 101
18 114
18 115
18 116
18 118
18 119
18 121
18 122
18 123
18 125
18 126
18 129
18 143
18 144
18 146
18 151
18 163
18 169
18 182
18 184
18 191
18 193
19 20
19 21
19 22
19 23
19 24
19 25
19 28
19 29
19 31
19 32
19 33
19 36
19 38
19 52
19 66
19 68
19 76
19 80
19 81
19 85
19 86
19 87
19 95
19 97
19 112
19 114
19 120
19 126
19 129
19 132
19 135
19 138
19 142
19 143
19 148
19 150
19 154
19 160
19 162
19 163
19 165
19 173
19 181
19 187
19 188
19 193
19 198
19 199
20 21
20 22
20 23
20 24
20 25
20 29
20 30
20 37
20 40
20 49
20 59
20 61
20 62
20 65
20 69
20 75
20 80
20 81
20 84
20 92
20 95
20 98
20 118
20 125
20 131
20 136
20 142
20 152
20 156
20 157
20 160
20 164
20 170
20 174
20 177
20 182
20 183
20 185
20 186
20 188
20 189
20 192
21 22
21 23
21 24
21 25
21 28
21 40
21 46
21 47
21 52
21 56
21 58
21 62
21 63
21 65
21 69
21 82
21 85
21 87
21 92
21 96
21 104
21 113
21 127
21 150
21 153
21 160
21 164
21 166
21 181
21 186
21 196
22 23
22 24
22 25
22 62
22 66
22 68
22 72
22 79
22 85
22 86
22 87
22 94
22 99
22 100
22 104
22 105
22 113
22 131
22 132
22 133
22 137
22 141
22 142
22 146
22 152
22 156
22 161
22 175
22 177
22 181
22 185
22 187
22 190
22 195
22 197
22 198
23 24
23 25
23 26
23 33
23 54
23 60
23 63
23 65
23 74
23 79
23 80
23 85
23 96
23 104
23 108
23 109
23 120
23 121
23 127
23 133
23 137
23 138
23 143
23 149
23 153
23 154
23 158
23 164
23 178
23 183
23 198
23 199
24 25
24 38
24 44
24 47
24 48
24 51
24 55
24 56
24 65
24 66
24 67
24 78
24 82
24 85
24 86
24 87
24 104
24 112
24 114
24 126
24 129
24 150
24 154
24 160
24 161
24 167
24 168
24 169
24 186
24 187
24 188
24 190
24 191
24 196
25 31
25 54
25 68
25 95
25 97
25 102
25 105
25 113
25 115
25 117
25 119
25 123
25 131
25 134
25 136
25 141
25 149
25 152
25 153
25 168
25 169
25 170
25 178
25 183
25 185
25 187
25 188
25 189
25 193
25 194
25 197
25 198
26 27
26 28
26 29
26 30
26 31
26 32
26 33
26 34
26 35
26 38
26 40
26 60
26 61
26 65
26 66
26 69
26 71
26 76
26 77
26 82
26 88
26 92
26 94
26 95
26 102
26 105
26 111
26 113
26 114
26 118
26 119
26 125
26 127
26 130
26 135
26 140
26 141
26 144
26 149
26 163
26 164
26 165
26 167
26 168
26 172
26 173
26 174
26 180
26 181
26 184
26 185
26 187
26 193
26 197
26 199
27 28
27 29
27 30
27 31
27 32
27 33
27 34
27 35
27 40
27 49
27 54
27 61
27 68
27 80
27 81
27 92
27 93
27 95
27 97
27 99
27 109
27 121
27 126
27 142
27 143
27 145
27 152
27 155
27 160
27 166
27 168
27 177
27 193
27 195
27 197
28 29
28 30
28 31
28 32
28 33
28 34
28 35
28 37
28 38
28 40
28 41
28 50
28 57
28 58
28 59
28 61
28 65
28 67
28 71
28 72
28 73
28 79
28 80
28 81
28 83
28 85
28 89
28 90
28 100
28 101
28 105
28 109
28 112
28 113
28 120
28 122
28 127
28 130
28 131
28 141
28 148
28 149
28 156
28 177
28 178
28 190
29 30
29 31
29 32
29 33
29 34
29 35
29 44
29 61
29 62
29 63
29 64
29 72
29 74
29 89
29 95
29 98
29 101
29 105
29 108
29 111
29 117
29 125
29 129
29 131
29 142
29 143
29 148
29 152
29 158
29 164
29 172
29 177
29 185
29 186
29 188
29 195
29 198
30 31
30 32
30 33
30 34
30 35
30 47
30 58
30 60
30 68
30 73
30 79
30 82
30 87
30 91
30 97
30 99
30 100
30 102
30 105
30 109
30 120
30 135
30 137
30 139
30 141
30 143
30 147
30 150
30 153
30 155
30 158
30 159
30 165
30 169
30 181
30 186
30 190
30 197
31 32
31 33
31 34
31 35
31 37
31 39
31 46
31 49
31 50
31 52
31 53
31 56
31 62
31 71
31 77
31 78
31 79
31 88
31 92
31 93
31 102
31 108
31 109
31 122
31 128
31 133
31 154
31 155
31 158
31 160
31 167
31 172
31 175
31 176
31 187
31 195
31 198
32 33
32 34
32 35
32 36
32 37
32 38
32 53
32 54
32 57
32 61
32 62
32 68
32 69
32 76
32 80
32 81
32 91
32 97
32 109
32 126
32 144
32 162
32 164
32 167
32 170
32 177
32 178
32 183
32 189
32 193
32 195
33 34
33 35
33 44
33 48
33 53
33 54
33 57
33 64
33 71
33 75
33 80
33 81
33 92
33 102
33 103
33 130
33 136
33 151
33 153
33 154
33 155
33 172
33 173
33 174
33 176
33 181
33 187
33 193
33 197
34 35
34 38
34 52
34 53
34 63
34 76
34 82
34 85
34 87
34 91
34 92
34 93
34 98
34 101
34 107
34 108
34 117
34 119
34 120
34 122
34 124
34 129
34 136
34 137
34 138
34 147
34 152
34 153
34 157
34 161
34 164
34 166
34 178
34 179
34 188
34 199
35 36
35 40
35 44
35 46
35 48
35 49
35 57
35 63
35 64
35 65
35 67
35 70
35 85
35 95
35 103
35 113
35 115
35 118
35 120
35 125
35 128
35 133
35 141
35 148
35 159
35 164
35 171
35 174
35 180
35 189
35 191
35 195
35 197
35 198
35 199
36 37
36 38
36 39
36 43
36 45
36 63
36 77
36 79
36 82
36 83
36 88
36 98
36 103
36 104
36 109
36 110
36 113
36 118
36 120
36 123
36 127
36 133
36 136
36 141
36 143
36 158
36 163
36 165
36 172
36 178
36 185
36 186
36 188
36 189
36 196
37 38
37 39
37 56
37 57
37 61
37 63
37 66
37 69
37 72
37 85
37 90
37 91
37 94
37 96
37 107
37 111
37 114
37 117
37 123
37 128
37 132
37 133
37 135
37 136
37 147
37 149
37 151
37 153
37 154
37 165
37 166
37 167
37 168
37 170
37 184
37 185
37 186
37 190
37 191
37 194
37 196
38 39
38 41
38 42
38 46
38 47
38 52
38 55
38 57
38 58
38 70
38 84
38 88
38 89
38 99
38 102
38 109
38 113
38 117
38 122
38 125
38 128
38 132
38 145
38 148
38 149
38 159
38 160
38 175
38 176
38 178
38 182
38 190
38 193
39 42
39 47
39 58
39 59
39 60
39 64
39 66
39 70
39 72
39 76
39 78
39 84
39 94
39 95
39 97
39 102
39 108
39 111
39 112
39 113
39 117
39 120
39 131
39 133
39 134
39 152
39 153
39 159
39 161
39 164
39 166
39 184
39 187
39 192
39 196
40 52
40 64
40 65
40 70
40 79
40 80
40 82
40 85
40 86
40 89
40 100
40 108
40 114
40 115
40 117
40 118
40 122
40 123
40 124
40 130
40 164
40 170
40 171
40 173
40 180
40 185
40 187
40 188
40 189
40 193
41 42
41 43
41 47
41 55
41 57
41 58
41 62
41 66
41 72
41 84
41 87
41 90
41 95
41 96
41 101
41 102
41 104
41 109
41 110
41 131
41 143
41 144
41 146
41 158
41 163
41 166
41 170
41 178
41 194
41 199
42 46
42 50
42 57
42 62
42 71
42 76
42 78
42 88
42 91
42 93
42 103
42 104
42 105
42 107
42 109
42 122
42 125
42 130
42 134
42 135
42 136
42 149
42 150
42 156
42 159
42 164
42 165
42 166
42 167
42 168
42 169
42 172
42 173
42 180
42 181
42 185
42 187
43 61
43 70
43 78
43 92
43 98
43 101
43 104
43 105
43 108
43 110
43 118
43 119
43 125
43 129
43 140
43 145
43 150
43 151
43 156
43 160
43 163
43 167
43 170
43 171
43 175
43 185
43 187
43 189
43 191
43 195
43 198
44 48
44 53
44 56
44 69
44 75
44 80
44 91
44 105
44 109
44 114
44 117
44 119
44 120
44 121
44 123
44 126
44 133
44 140
44 144
44 146
44 147
44 148
44 155
44 160
44 161
44 163
44 184
44 189
44 192
44 194
45 46
45 52
45 55
45 71
45 72
45 74
45 75
45 77
45 79
45 82
45 83
45 89
45 92
45 100
45 101
45 103
45 104
45 105
45 108
45 114
45 115
45 116
45 131
45 135
45 142
45 143
45 145
45 157
45 163
45 165
45 170
45 172
45 173
45 178
45 182
45 190
46 47
46 50
46 55
46 56
46 61
46 62
46 63
46 67
46 70
46 77
46 79
46 90
46 94
46 96
46 97
46 105
46 107
46 109
46 118
46 120
46 122
46 124
46 128
46 129
46 145
46 150
46 160
46 161
46 163
46 167
46 169
46 176
46 186
46 188
46 192
47 49
47 57
47 61
47 65
47 67
47 68
47 71
47 72
47 74
47 82
47 87
47 89
47 91
47 104
47 113
47 122
47 128
47 129
47 130
47 135
47 140
47 152
47 154
47 159
47 164
47 166
47 168
47 170
47 177
47 180
47 181
47 187
48 51
48 52
48 55
48 58
48 60
48 65
48 71
48 79
48 82
48 88
48 92
48 93
48 95
48 103
48 105
48 107
48 117
48 120
48 123
48 129
48 131
48 132
48 134
48 140
48 153
48 157
48 161
48 163
48 166
48 172
48 176
48 181
48 182
48 185
48 187
48 189
48 194
49 51
49 53
49 58
49 72
49 73
49 76
49 86
49 92
49 93
49 97
49 101
49 107
49 124
49 130
49 137
49 140
49 143
49 144
49 146
49 147
49 150
49 152
49 158
49 163
49 165
49 175
49 183
49 191
49 192
49 193
49 196
49 197
49 199
50 54
50 59
50 62
50 68
50 71
50 79
50 80
50 81
50 82
50 83
50 85
50 93
50 98
50 100
50 103
50 109
50 110
50 113
50 119
50 121
50 129
50 131
50 132
50 133
50 145
50 147
50 151
50 153
50 156
50 158
50 159
50 160
50 161
50 166
50 169
50 171
50 181
50 183
50 191
50 198
51 59
51 72
51 80
51 91
51 92
51 95
51 110
51 112
51 116
51 119
51 123
51 124
51 132
51 136
51 143
51 149
51 161
51 166
51 170
51 175
51 182
51 184
51 198
52 55
52 62
52 70
52 73
52 75
52 77
52 78
52 80
52 81
52 88
52 103
52 109
52 112
52 116
52 122
52 132
52 137
52 142
52 143
52 149
52 161
52 164
52 168
52 177
52 178
52 180
52 185
52 186
52 189
52 192
53 58
53 60
53 71
53 78
53 92
53 94
53 96
53 99
53 107
53 112
53 117
53 119
53 124
53 125
53 128
53 131
53 133
53 135
53 147
53 150
53 151
53 153
53 155
53 158
53 167
53 175
53 176
53 178
53 181
53 187
53 189
53 190
53 191
53 194
54 68
54 72
54 73
54 74
54 75
54 90
54 105
54 108
54 113
54 114
54 118
54 130
54 131
54 140
54 142
54 145
54 146
54 149
54 150
54 152
54 153
54 156
54 161
54 166
54 172
54 176
54 177
54 178
54 197
54 199
55 62
55 68
55 113
55 120
55 130
55 131
55 147
55 149
55 154
55 156
55 158
55 159
55 161
55 162
55 167
55 176
55 178
55 196
55 198
55 199
56 63
56 67
56 70
56 74
56 75
56 85
56 86
56 91
56 93
56 94
56 95
56 97
56 103
56 119
56 123
56 129
56 132
56 139
56 140
56 142
56 144
56 146
56 149
56 152
56 157
56 162
56 168
56 170
56 174
56 180
56 182
56 185
56 187
56 191
56 192
56 195
57 75
57 94
57 97
57 101
57 103
57 105
57 120
57 123
57 124
57 126
57 132
57 135
57 140
57 142
57 148
57 164
57 174
57 182
57 194
57 196
57 198
57 199
58 74
58 92
58 99
58 102
58 109
58 112
58 117
58 123
58 124
58 125
58 128
58 139
58 140
58 146
58 147
58 149
58 152
58 154
58 156
58 161
58 162
58 163
58 164
58 167
58 169
58 171
58 178
58 189
58 194
59 78
59 82
59 84
59 85
59 86
59 87
59 89
59 91
59 98
59 99
59 101
59 110
59 113
59 116
59 123
59 124
59 130
59 133
59 139
59 141
59 146
59 164
59 182
59 183
59 187
59 192
59 195
59 198
60 63
60 72
60 74
60 75
60 77
60 101
60 106
60 107
60 113
60 114
60 120
60 121
60 127
60 136
60 141
60 155
60 160
60 161
60 163
60 164
60 173
60 175
60 179
60 189
60 191
60 192
60 193
60 199
61 67
61 68
61 73
61 82
61 94
61 95
61 113
61 119
61 120
61 129
61 130
61 135
61 138
61 142
61 145
61 152
61 163
61 167
61 172
61 173
61 178
61 179
61 187
61 189
61 190
61 192
62 67
62 74
62 75
62 89
62 96
62 97
62 103
62 104
62 108
62 110
62 111
62 114
62 124
62 125
62 127
62 135
62 143
62 156
62 162
62 165
62 171
62 174
62 192
62 195
62 196
62 197
63 73
63 79
63 81
63 83
63 90
63 110
63 112
63 117
63 119
63 120
63 121
63 123
63 132
63 141
63 142
63 144
63 146
63 156
63 167
63 173
63 175
63 177
63 181
63 198
63 199
64 71
64 72
64 90
64 95
64 102
64 104
64 111
64 119
64 124
64 125
64 126
64 128
64 133
64 135
64 137
64 143
64 146
64 148
64 155
64 156
64 158
64 160
64 162
64 163
64 166
64 175
64 182
64 183
64 190
64 191
64 194
64 197
65 70
65 71
65 76
65 78
65 79
65 85
65 90
65 101
65 103
65 112
65 116
65 117
65 120
65 127
65 128
65 145
65 149
65 152
65 156
65 162
65 165
65 171
65 178
65 181
65 182
65 188
65 191
65 193
65 195
65 198
66 69
66 71
66 82
66 94
66 98
66 100
66 111
66 118
66 122
66 125
66 132
66 134
66 138
66 146
66 151
66 156
66 169
66 174
66 175
66 176
66 190
66 192
67 70
67 71
67 72
67 83
67 94
67 95
67 97
67 102
67 113
67 119
67 121
67 123
67 124
67 128
67 136
67 138
67 144
67 159
67 160
67 165
67 179
67 190
68 83
68 85
68 88
68 95
68 102
68 103
68 121
68 124
68 133
68 135
68 136
68 140
68 145
68 150
68 152
68 155
68 163
68 164
68 169
68 170
68 173
68 174
68 183
68 189
68 197
69 73
69 85
69 88
69 93
69 95
69 103
69 104
69 109
69 114
69 118
69 125
69 126
69 130
69 133
69 135
69 140
69 168
69 173
69 179
69 185
69 187
69 189
69 193
69 196
69 197
69 199
70 73
70 79
70 81
70 82
70 83
70 84
70 88
70 92
70 93
70 103
70 106
70 107
70 113
70 115
70 121
70 131
70 132
70 134
70 136
70 137
70 147
70 148
70 149
70 154
70 156
70 167
70 173
70 177
70 192
70 194
70 195
70 198
70 199
71 75
71 77
71 78
71 84
71 85
71 88
71 89
71 94
71 108
71 113
71 116
71 120
71 121
71 126
71 127
71 133
71 135
71 141
71 165
71 169
71 173
71 184
71 191
72 77
72 81
72 84
72 91
72 93
72 97
72 101
72 110
72 117
72 118
72 121
72 130
72 134
72 135
72 147
72 153
72 155
72 161
72 165
72 170
72 175
72 181
72 187
72 188
72 191
72 192
72 196
73 82
73 85
73 94
73 100
73 102
73 113
73 120
73 126
73 131
73 135
73 142
73 143
73 147
73 153
73 159
73 171
73 189
74 77
74 78
74 91
74 94
74 104
74 111
74 115
74 117
74 126
74 132
74 135
74 145
74 156
74 161
74 162
74 163
74 169
74 170
74 172
74 173
74 175
74 179
74 185
74 187
74 197
74 198
75 76
75 78
75 82
75 83
75 84
75 97
75 99
75 102
75 103
75 109
75 113
75 121
75 124
75 128
75 132
75 140
75 198
76 79
76 86
76 94
76 96
76 97
76 106
76 117
76 133
76 152
76 161
76 163
76 170
76 174
76 176
76 177
76 180
76 185
76 187
76 195
76 196
77 78
77 83
77 84
77 94
77 95
77 96
77 98
77 105
77 110
77 111
77 112
77 113
77 117
77 123
77 125
77 126
77 127
77 129
77 134
77 136
77 142
77 145
77 148
77 158
77 159
77 161
77 162
77 169
77 172
77 173
77 197
77 199
78 81
78 83
78 90
78 91
78 98
78 99
78 115
78 128
78 129
78 143
78 157
78 161
78 165
78 174
78 179
78 187
78 188
78 189
78 191
78 197
79 82
79 89
79 92
79 95
79 97
79 100
79 101
79 110
79 137
79 139
79 140
79 145
79 149
79 151
79 156
79 158
79 161
79 162
79 171
79 183
80 81
80 83
80 84
80 87
80 91
80 95
80 96
80 101
80 105
80 113
80 122
80 124
80 127
80 128
80 129
80 134
80 162
80 164
80 167
80 174
80 184
80 186
80 189
81 86
81 89
81 97
81 98
81 102
81 110
81 118
81 120
81 122
81 125
81 127
81 129
81 141
81 142
81 146
81 149
81 155
81 156
81 159
81 160
81 161
81 162
81 165
81 166
81 179
81 181
81 185
81 187
81 189
81 196
82 83
82 89
82 90
82 99
82 107
82 108
82 111
82 113
82 114
82 115
82 118
82 130
82 145
82 147
82 155
82 165
82 166
82 167
82 183
82 184
82 188
82 191
82 193
82 197
82 199
83 86
83 95
83 115
83 116
83 132
83 137
83 145
83 149
83 150
83 154
83 173
83 177
83 180
83 181
83 185
83 196
84 90
84 103
84 107
84 110
84 111
84 126
84 127
84 128
84 154
84 157
84 165
84 172
84 173
84 179
84 182
84 185
84 187
84 189
84 195
84 199
85 88
85 95
85 98
85 100
85 102
85 114
85 115
85 117
85 121
85 124
85 129
85 130
85 136
85 145
85 146
85 147
85 148
85 151
85 155
85 157
85 162
85 165
85 171
85 172
85 180
85 189
85 195
85 196
85 199
86 87
86 98
86 108
86 109
86 115
86 118
86 126
86 131
86 132
86 139
86 145
86 148
86 153
86 172
86 177
86 192
87 113
87 115
87 127
87 128
87 130
87 145
87 149
87 150
87 158
87 166
87 170
87 173
87 181
87 185
87 191
88 89
88 98
88 101
88 102
88 103
88 105
88 109
88 113
88 116
88 122
88 128
88 147
88 154
88 158
88 165
88 172
88 175
88 178
88 184
88 188
89 103
89 115
89 118
89 122
89 124
89 125
89 126
89 129
89 136
89 144
89 150
89 151
89 155
89 161
89 165
89 174
89 176
89 182
89 184
89 186
89 187
90 91
90 92
90 94
90 97
90 99
90 119
90 123
90 125
90 127
90 134
90 137
90 141
90 143
90 145
90 151
90 154
90 155
90 156
90 158
90 170
90 173
90 179
90 193
90 199
91 92
91 100
91 105
91 106
91 107
91 115
91 118
91 119
91 120
91 123
91 133
91 140
91 141
91 146
91 150
91 155
91 180
91 183
91 199
92 95
92 109
92 111
92 122
92 127
92 128
92 129
92 132
92 133
92 152
92 161
92 162
92 163
92 178
92 184
93 94
93 99
93 100
93 101
93 103
93 121
93 130
93 133
93 146
93 151
93 156
93 164
93 176
93 189
94 105
94 115
94 117
94 122
94 125
94 129
94 135
94 136
94 141
94 144
94 156
94 157
94 160
94 162
94 164
94 167
94 168
94 172
94 181
94 182
94 189
94 194
94 195
94 197
95 99
95 101
95 102
95 103
95 107
95 117
95 128
95 132
95 137
95 144
95 148
95 163
95 168
95 175
95 176
95 183
95 193
95 194
96 97
96 98
96 105
96 108
96 114
96 119
96 122
96 132
96 135
96 143
96 151
96 152
96 153
96 155
96 156
96 169
96 178
96 179
96 185
96 192
97 107
97 118
97 139
97 141
97 144
97 151
97 162
97 175
97 183
97 187
97 189
97 193
97 194
97 195
97 197
98 99
98 113
98 114
98 119
98 121
98 126
98 127
98 128
98 129
98 135
98 149
98 157
98 172
98 173
98 177
98 183
98 189
98 199
99 102
99 105
99 106
99 110
99 120
99 122
99 126
99 133
99 134
99 138
99 141
99 142
99 143
99 156
99 160
99 164
99 168
99 169
99 171
99 172
99 173
99 175
99 179
99 188
99 189
99 193
100 107
100 108
100 112
100 115
100 121
100 123
100 127
100 134
100 150
100 156
100 157
100 159
100 169
100 171
100 173
100 182
100 185
100 192
101 102
101 111
101 112
101 114
101 131
101 135
101 141
101 143
101 145
101 150
101 158
101 162
101 166
101 168
101 176
101 179
101 184
101 190
101 191
101 195
102 107
102 109
102 125
102 133
102 145
102 148
102 155
102 163
102 170
102 171
102 172
102 174
102 180
102 181
102 185
102 189
102 193
102 195
102 198
102 199
103 104
103 106
103 108
103 109
103 111
103 112
103 114
103 120
103 121
103 125
103 128
103 129
103 130
103 131
103 133
103 134
103 137
103 138
103 140
103 144
103 149
103 152
103 153
103 154
103 156
103 168
103 170
103 177
103 186
103 188
103 190
103 193
104 107
104 110
104 111
104 117
104 127
104 128
104 129
104 134
104 138
104 146
104 148
104 158
104 159
104 160
104 163
104 168
104 170
104 173
104 174
104 182
104 185
104 187
104 194
105 115
105 126
105 128
105 144
105 145
105 146
105 150
105 157
105 162
105 166
105 167
105 169
105 172
105 174
105 179
105 187
105 190
105 194
105 199
106 115
106 117
106 124
106 125
106 127
106 136
106 143
106 148
106 153
106 154
106 156
106 157
106 168
106 172
106 176
106 178
106 183
106 185
106 190
106 194
107 111
107 129
107 131
107 138
107 141
107 142
107 144
107 149
107 168
107 169
107 173
107 174
107 175
107 183
107 186
107 188
107 189
107 193
108 112
108 129
108 135
108 142
108 144
108 145
108 153
108 166
108 183
108 184
108 188
109 110
109 111
109 124
109 136
109 138
109 139
109 140
109 148
109 149
109 150
109 151
109 152
109 162
109 168
109 169
109 172
109 176
109 191
109 193
109 199
110 115
110 122
110 130
110 132
110 134
110 136
110 141
110 145
110 148
110 151
110 163
110 171
110 173
110 176
110 177
110 179
110 181
110 186
110 198
111 114
111 115
111 117
111 120
111 126
111 128
111 135
111 137
111 142
111 156
111 166
111 177
111 184
111 191
112 114
112 121
112 125
112 127
112 129
112 131
112 132
112 133
112 135
112 137
112 145
112 147
112 148
112 150
112 153
112 163
112 173
112 177
112 178
112 186
112 192
112 196
112 198
113 115
113 119
113 120
113 125
113 129
113 135
113 136
113 137
113 138
113 139
113 146
113 147
113 150
113 167
113 170
113 191
113 194
113 195
114 117
114 124
114 128
114 139
114 142
114 147
114 149
114 150
114 153
114 157
114 160
114 164
114 175
114 183
114 188
114 192
114 194
114 195
115 129
115 134
115 138
115 139
115 143
115 147
115 149
115 156
115 162
115 166
115 168
115 171
115 173
115 183
115 190
115 191
115 195
115 198
115 199
116 118
116 125
116 132
116 144
116 145
116 152
116 180
116 184
116 188
116 189
116 191
116 194
117 120
117 124
117 125
117 129
117 133
117 141
117 142
117 160
117 177
117 185
117 188
117 189
117 194
117 197
118 119
118 121
118 125
118 150
118 152
118 165
118 174
118 179
118 190
118 192
118 194
118 197
119 124
119 125
119 142
119 143
119 144
119 148
119 153
119 154
119 157
119 162
119 174
119 178
119 182
119 188
119 193
119 196
119 198
120 122
120 123
120 125
120 130
120 132
120 147
120 152
120 157
120 162
120 164
120 169
120 174
120 177
120 182
120 184
120 187
120 191
120 193
120 195
120 198
121 125
121 132
121 134
121 137
121 145
121 148
121 157
121 163
121 173
121 174
121 179
121 180
121 182
121 184
121 185
121 189
121 190
121 191
121 198
122 123
122 124
122 125
122 126
122 127
122 129
122 130
122 136
122 137
122 138
122 139
122 146
122 169
122 178
122 180
122 181
122 183
122 184
122 188
122 191
123 125
123 134
123 138
123 144
123 146
123 153
123 162
123 166
123 167
123 170
123 171
123 190
123 195
123 197
124 128
124 129
124 131
124 132
124 137
124 140
124 146
124 147
124 160
124 166
124 169
124 174
124 180
124 181
124 191
124 192
124 196
125 128
125 138
125 145
125 150
125 157
125 162
125 164
125 172
125 183
125 189
125 190
125 193
125 195
125 196
125 199
126 129
126 130
126 132
126 134
126 137
126 138
126 146
126 151
126 152
126 155
126 156
126 163
126 177
126 191
126 197
126 198
126 199
127 137
127 142
127 150
127 154
127 157
127 162
127 163
127 164
127 182
127 187
127 189
127 192
127 198
128 129
128 130
128 134
128 140
128 147
128 157
128 160
128 164
128 167
128 169
128 198
129 135
129 139
129 142
129 143
129 145
129 153
129 154
129 156
129 157
129 158
129 166
129 168
129 175
129 177
129 179
129 182
129 183
129 187
130 131
130 136
130 139
130 141
130 142
130 144
130 159
130 165
130 168
130 171
130 172
130 176
130 181
130 195
131 134
131 136
131 137
131 142
131 147
131 149
131 150
131 153
131 155
131 156
131 158
131 164
131 171
131 175
131 176
131 181
131 196
132 141
132 154
132 162
132 166
132 169
132 176
132 177
132 179
132 180
132 181
132 182
132 188
132 197
133 146
133 147
133 156
133 166
133 185
133 191
133 192
133 199
134 135
134 140
134 141
134 147
134 164
134 171
134 174
134 176
134 178
134 182
134 189
134 191
134 195
134 196
134 197
134 199
135 148
135 150
135 153
135 162
135 165
135 177
135 183
135 184
135 188
136 147
136 152
136 153
136 165
136 176
136 179
136 182
136 191
137 139
137 140
137 144
137 152
137 162
137 163
137 180
137 189
137 192
137 193
137 199
138 148
138 150
138 160
138 161
138 162
138 164
138 166
138 170
138 172
138 173
138 179
138 186
138 190
138 198
139 147
139 154
139 155
139 156
139 159
139 163
139 164
139 166
139 180
139 181
139 182
139 183
139 185
139 188
139 194
139 197
140 145
140 151
140 152
140 169
140 174
140 184
140 198
141 146
141 149
141 150
141 155
141 159
141 162
141 172
141 177
141 179
141 185
141 191
141 194
141 195
141 197
142 150
142 151
142 155
142 165
142 167
142 176
142 177
142 183
142 191
142 194
143 149
143 158
143 161
143 164
143 168
143 172
143 178
143 187
144 147
144 149
144 151
144 153
144 165
144 169
144 181
144 184
144 187
144 188
144 190
144 197
144 199
145 148
145 153
145 156
145 161
145 171
145 180
145 181
145 184
145 187
145 195
145 199
146 149
146 150
146 152
146 155
146 156
146 169
146 178
146 183
146 191
146 193
147 151
147 153
147 155
147 156
147 161
147 169
147 174
147 175
147 181
147 183
147 184
147 194
147 199
148 151
148 152
148 159
148 160
148 162
148 167
148 170
148 175
148 180
148 182
148 185
148 198
149 161
149 171
149 172
149 173
149 176
149 178
149 194
150 157
150 174
150 187
150 199
151 155
151 157
151 165
151 166
151 171
151 181
151 183
151 187
151 199
152 153
152 155
152 165
152 166
152 167
152 168
152 171
152 179
152 186
152 194
152 198
153 154
153 156
153 162
153 168
153 173
153 178
153 179
153 180
153 182
153 185
153 188
153 190
153 194
153 196
154 155
154 156
154 160
154 163
154 166
154 171
154 180
154 192
155 170
155 173
155 180
155 183
155 184
155 185
155 186
155 187
155 188
155 190
155 194
155 195
155 196
156 161
156 167
156 173
156 178
156 184
156 189
156 190
156 193
156 199
157 158
157 169
157 171
157 173
157 178
157 182
158 159
158 166
158 168
158 169
158 176
158 182
158 183
158 186
158 190
158 192
158 197
159 164
159 166
159 172
159 182
159 185
159 186
159 187
159 191
159 193
159 199
160 161
160 162
160 166
160 174
160 177
160 182
160 187
160 190
160 193
160 194
161 166
161 176
161 189
161 193
161 195
162 165
162 166
162 172
162 181
162 189
163 165
163 178
163 192
163 195
163 197
163 198
164 166
164 167
164 168
164 174
164 179
164 180
164 182
164 183
164 193
165 166
165 171
165 183
165 192
166 171
166 173
166 179
166 182
166 195
166 196
167 169
167 174
167 177
167 185
167 187
168 170
168 172
168 178
168 188
168 192
168 193
168 195
169 176
169 181
169 191
169 195
169 198
170 174
170 190
170 197
171 176
171 182
171 189
171 197
171 199
172 176
172 179
172 197
173 182
173 185
173 188
173 193
174 175
174 180
174 191
174 196
174 198
175 178
175 179
175 184
175 190
175 195
175 196
176 184
176 190
176 191
177 181
177 184
177 192
177 195
177 198
177 199
178 181
178 194
178 197
178 199
179 190
179 196
179 197
180 185
180 188
180 190
180 191
181 182
181 190
181 191
181 196
181 197
182 187
182 188
182 190
182 195
182 196
183 186
183 188
183 197
184 198
186 194
186 195
187 191
187 193
187 194
187 198
188 189
188 193
188 195
189 195
190 191
190 193
190 194
190 195
191 192
191 196
191 197
191 199
192 196
193 195
194 197
195 196
197 199
