101 1184
1 2
1 3
1 4
1 5
1 6
1 7
1 8
1 9
1 10
1 11
1 12
1 13
1 14
1 15
1 16
1 17
1 18
1 19
1 20
1 22
1 28
1 29
1 31
1 42
1 44
1 45
1 46
1 61
1 62
1 64
1 66
1 71
1 78
1 80
1 83
1 90
1 92
1 98
1 100
2 3
2 4
2 5
2 6
2 7
2 8
2 9
2 10
2 11
2 12
2 13
2 14
2 15
2 16
2 17
2 18
2 19
2 20
2 24
2 38
2 44
2 55
2 63
2 68
2 69
2 77
2 79
2 80
2 83
2 87
2 88
2 89
2 95
2 101
3 4
3 5
3 6
3 7
3 8
3 9
3 10
3 11
3 12
3 13
3 14
3 15
3 16
3 17
3 18
3 19
3 20
3 28
3 30
3 32
3 33
3 45
3 48
3 56
3 60
3 64
3 70
3 71
3 77
3 80
3 85
3 86
3 87
3 92
3 93
4 5
4 6
4 7
4 8
4 9
4 10
4 11
4 12
4 13
4 14
4 15
4 16
4 17
4 18
4 19
4 20
4 37
4 38
4 39
4 41
4 42
4 51
4 59
4 61
4 65
4 72
4 76
4 80
4 85
4 90
4 91
4 95
4 96
5 6
5 7
5 8
5 9
5 10
5 11
5 12
5 13
5 14
5 15
5 16
5 17
5 18
5 19
5 20
5 24
5 36
5 42
5 43
5 44
5 45
5 52
5 53
5 61
5 70
5 74
5 83
5 85
5 97
6 7
6 8
6 9
6 10
6 11
6 12
6 13
6 14
6 15
6 16
6 17
6 18
6 19
6 20
6 25
6 42
6 44
6 47
6 51
6 57
6 58
6 59
6 70
6 76
6 77
6 80
6 82
6 83
6 84
6 85
6 99
7 8
7 9
7 10
7 11
7 12
7 13
7 14
7 15
7 16
7 17
7 18
7 19
7 20
7 23
7 24
7 38
7 39
7 42
7 47
7 62
7 64
7 66
7 72
7 74
7 75
7 77
7 82
7 89
7 90
7 96
8 9
8 10
8 11
8 12
8 13
8 14
8 15
8 16
8 17
8 18
8 19
8 20
8 28
8 29
8 30
8 32
8 41
8 43
8 52
8 57
8 61
8 63
8 70
8 74
8 93
9 10
9 11
9 12
9 13
9 14
9 15
9 16
9 17
9 18
9 19
9 20
9 24
9 33
9 37
9 41
9 42
9 45
9 49
9 54
9 63
9 66
9 67
9 90
9 91
9 94
9 98
10 11
10 12
10 13
10 14
10 15
10 16
10 17
10 18
10 19
10 20
10 21
10 26
10 33
10 34
10 42
10 43
10 47
10 61
10 62
10 63
10 98
11 12
11 13
11 14
11 15
11 16
11 17
11 18
11 19
11 20
11 33
11 35
11 41
11 45
11 47
11 49
11 51
11 52
11 55
11 59
11 63
11 66
11 68
11 75
11 76
11 81
11 83
11 84
11 87
11 101
12 13
12 14
12 15
12 16
12 17
12 18
12 19
12 20
12 28
12 36
12 50
12 54
12 55
12 60
12 67
12 71
12 72
12 77
12 79
12 83
12 87
12 91
13 14
13 15
13 16
13 17
13 18
13 19
13 20
13 30
13 35
13 43
13 48
13 52
13 53
13 58
13 59
13 66
13 80
13 86
13 87
13 88
13 90
13 95
13 99
13 101
14 15
14 16
14 17
14 18
14 19
14 20
14 27
14 28
14 51
14 54
14 61
14 67
14 68
14 69
14 76
14 77
14 80
14 94
14 95
15 16
15 17
15 18
15 19
15 20
15 22
15 25
15 26
15 27
15 45
15 46
15 48
15 63
15 64
15 65
15 75
15 76
15 82
15 90
15 91
15 98
16 17
16 18
16 19
16 20
16 28
16 30
16 44
16 47
16 53
16 54
16 63
16 65
16 77
16 83
16 84
16 87
16 92
16 94
16 95
16 96
16 101
17 18
17 19
17 20
17 33
17 44
17 48
17 54
17 60
17 62
17 69
17 79
17 81
17 82
17 87
17 93
17 99
17 101
18 19
18 20
18 30
18 33
18 34
18 38
18 40
18 48
18 50
18 57
18 65
18 67
18 75
18 84
18 91
18 100
19 20
19 23
19 28
19 42
19 46
19 77
19 87
19 91
19 95
19 96
19 100
19 101
20 24
20 25
20 37
20 38
20 42
20 49
20 53
20 55
20 56
20 58
20 63
20 65
20 66
20 72
20 74
20 75
20 76
20 79
20 80
20 84
20 85
20 86
20 87
20 92
20 101
21 26
21 31
21 34
21 37
21 42
21 47
21 49
21 53
21 54
21 62
21 65
21 74
21 79
21 82
21 87
21 89
21 90
21 101
22 24
22 29
22 31
22 38
22 39
22 46
22 56
22 67
22 75
22 77
22 83
22 90
22 92
22 98
23 25
23 26
23 29
23 36
23 41
23 55
23 68
23 69
23 71
23 74
23 75
23 84
23 87
23 93
24 26
24 28
24 40
24 45
24 46
24 49
24 52
24 55
24 56
24 59
24 61
24 68
24 76
24 78
24 86
24 88
24 92
24 93
24 95
25 28
25 33
25 35
25 39
25 41
25 44
25 70
25 73
25 74
25 75
25 79
25 81
25 82
25 84
25 96
25 97
26 28
26 36
26 37
26 49
26 50
26 51
26 71
26 74
26 81
26 86
26 92
26 93
27 33
27 34
27 38
27 42
27 45
27 50
27 59
27 64
27 80
27 81
27 88
27 89
27 90
27 95
27 97
28 42
28 45
28 46
28 53
28 59
28 60
28 61
28 68
28 69
28 74
28 80
28 83
28 97
28 99
28 100
29 35
29 36
29 40
29 47
29 49
29 50
29 57
29 58
29 61
29 62
29 66
29 69
29 75
29 79
29 81
29 83
29 88
29 92
29 98
29 100
30 33
30 38
30 41
30 43
30 49
30 61
30 73
30 76
30 77
30 79
30 85
30 91
30 96
30 98
30 100
31 33
31 35
31 46
31 47
31 49
31 51
31 55
31 57
31 58
31 60
31 68
31 71
31 74
31 82
31 83
31 87
31 96
31 99
31 100
32 34
32 36
32 38
32 45
32 47
32 51
32 57
32 58
32 60
32 62
32 69
32 93
32 97
33 38
33 39
33 41
33 48
33 53
33 58
33 60
33 63
33 64
33 65
33 69
33 71
33 86
33 90
33 93
33 97
33 98
33 101
34 49
34 51
34 52
34 58
34 63
34 65
34 70
34 78
34 79
34 82
34 83
34 89
34 98
34 100
35 46
35 49
35 68
35 70
35 76
35 90
35 100
36 41
36 45
36 52
36 58
36 65
36 67
36 69
36 76
36 93
36 94
37 38
37 46
37 53
37 55
37 56
37 64
37 67
37 68
37 72
37 74
37 78
37 94
37 97
37 99
38 44
38 45
38 48
38 54
38 55
38 68
38 72
38 73
38 76
38 79
38 83
38 85
38 89
38 90
38 92
38 94
38 96
38 98
38 101
39 44
39 45
39 46
39 49
39 52
39 59
39 71
39 80
39 84
39 88
39 89
39 92
39 94
39 95
39 96
39 99
39 101
40 46
40 57
40 64
40 73
40 79
40 86
40 89
40 90
40 95
40 96
40 98
41 47
41 58
41 59
41 61
41 64
41 65
41 66
41 69
41 74
41 77
41 84
41 95
42 44
42 46
42 49
42 51
42 53
42 57
42 61
42 70
42 79
42 80
42 81
42 83
42 84
42 87
43 45
43 52
43 67
43 83
43 91
43 95
43 101
44 46
44 66
44 70
44 71
44 74
44 80
44 89
44 97
44 100
45 58
45 62
45 77
45 81
45 87
45 88
45 91
45 99
45 101
46 47
46 55
46 61
46 64
46 65
46 73
46 77
46 78
46 82
46 89
46 92
47 53
47 57
47 58
47 61
47 63
47 79
47 80
47 94
47 96
47 99
47 101
48 50
48 60
48 61
48 62
48 76
48 79
48 82
48 83
48 87
48 90
48 91
48 93
48 101
49 55
49 56
49 59
49 60
49 62
49 82
49 83
49 88
49 91
49 94
49 98
49 99
49 100
49 101
50 53
50 54
50 58
50 61
50 63
50 66
50 69
50 70
50 75
50 79
50 81
50 84
50 88
50 92
50 93
50 99
51 58
51 67
51 73
51 82
51 87
51 99
52 54
52 57
52 58
52 59
52 62
52 66
52 74
52 85
52 89
52 92
52 94
52 95
52 99
52 100
53 58
53 59
53 71
53 74
53 75
53 78
53 82
53 90
53 91
53 93
53 96
54 63
54 68
54 74
54 81
54 90
54 94
55 56
55 61
55 63
55 69
55 80
55 83
55 95
56 57
56 61
56 66
56 68
56 70
56 71
56 72
56 75
56 76
56 87
56 90
56 98
56 100
57 66
57 70
57 72
57 74
57 80
57 84
57 87
57 93
58 61
58 65
58 72
58 73
58 83
58 86
58 92
58 99
58 100
58 101
59 60
59 68
59 73
59 74
59 80
59 90
59 91
59 93
59 100
60 64
60 72
60 76
60 78
60 101
61 62
61 73
61 77
61 79
61 82
61 87
61 92
62 68
62 74
62 75
62 86
62 89
62 92
62 93
62 97
63 66
63 71
63 74
63 87
63 89
63 92
63 93
63 95
63 101
64 65
64 68
64 70
64 72
64 75
64 80
64 85
64 88
64 89
64 94
64 100
65 68
65 72
65 79
65 80
65 82
66 72
66 76
66 86
66 95
66 99
67 84
67 88
67 92
67 96
67 97
67 98
68 70
68 77
68 83
68 87
68 98
68 99
69 72
69 75
69 79
69 82
69 83
69 89
70 71
70 80
70 82
70 84
70 86
70 88
70 89
70 90
70 92
70 95
70 96
70 100
71 74
71 75
71 86
71 89
71 98
72 75
72 79
72 85
72 89
73 74
73 78
73 79
73 81
73 82
73 92
73 94
73 96
73 101
74 76
74 83
74 86
74 91
74 92
74 94
75 77
75 79
75 85
75 91
76 77
76 82
76 83
76 86
76 87
76 96
76 99
77 88
77 94
77 95
78 79
78 86
78 98
79 90
79 93
80 88
80 95
80 100
80 101
81 82
81 85
81 86
81 92
82 86
82 88
82 94
82 97
82 98
83 86
83 90
83 96
83 100
84 96
84 100
85 94
85 96
86 88
86 92
86 97
86 99
87 91
87 94
87 96
87 101
88 91
88 96
88 97
88 99
89 93
89 98
89 101
90 93
90 95
90 99
91 93
91 95
91 98
92 94
92 95
93 98
94 100
95 101
97 100
97 101
99 100
99 101
100 101
