114 1364
1 2
1 3
1 4
1 5
1 6
1 7
1 8
1 9
1 10
1 17
1 27
1 28
1 51
1 54
1 61
1 67
1 68
1 69
1 76
1 77
1 80
1 94
1 95
1 112
1 113
1 114
2 3
2 4
2 5
2 6
2 7
2 8
2 9
2 10
2 15
2 22
2 25
2 26
2 27
2 45
2 46
2 48
2 63
2 64
2 65
2 75
2 76
2 82
2 90
2 91
2 98
2 107
3 4
3 5
3 6
3 7
3 8
3 9
3 10
3 14
3 28
3 30
3 44
3 47
3 53
3 54
3 63
3 65
3 77
3 83
3 84
3 87
3 92
3 94
3 95
3 96
3 101
3 107
3 110
4 5
4 6
4 7
4 8
4 9
4 10
4 12
4 16
4 33
4 44
4 48
4 54
4 60
4 62
4 69
4 79
4 81
4 82
4 87
4 93
4 99
4 101
4 102
4 111
5 6
5 7
5 8
5 9
5 10
5 30
5 33
5 34
5 38
5 40
5 48
5 50
5 57
5 65
5 67
5 75
5 84
5 91
5 100
5 106
5 111
6 7
6 8
6 9
6 10
6 23
6 28
6 42
6 46
6 77
6 87
6 91
6 95
6 96
6 100
6 101
7 8
7 9
7 10
7 12
7 24
7 25
7 37
7 38
7 42
7 49
7 53
7 55
7 56
7 58
7 63
7 65
7 66
7 72
7 74
7 75
7 76
7 79
7 80
7 84
7 85
7 86
7 87
7 92
7 101
7 112
8 9
8 10
8 14
8 15
8 19
8 26
8 31
8 34
8 37
8 42
8 47
8 49
8 53
8 54
8 62
8 65
8 74
8 79
8 82
8 87
8 89
8 90
8 101
8 104
8 111
9 10
9 17
9 19
9 21
9 22
9 24
9 29
9 31
9 38
9 39
9 46
9 56
9 67
9 75
9 77
9 83
9 90
9 92
9 98
9 104
9 110
10 11
10 14
10 15
10 18
10 19
10 25
10 26
10 29
10 36
10 41
10 55
10 68
10 69
10 71
10 74
10 75
10 84
10 87
10 93
10 108
10 112
10 113
11 12
11 17
11 19
11 26
11 28
11 40
11 45
11 46
11 49
11 52
11 55
11 56
11 59
11 61
11 68
11 76
11 78
11 86
11 88
11 92
11 93
11 95
11 103
12 23
12 24
12 28
12 33
12 35
12 39
12 41
12 44
12 70
12 73
12 74
12 75
12 79
12 81
12 82
12 84
12 96
12 97
12 104
12 110
13 14
13 15
13 16
13 17
13 18
13 19
13 20
13 21
13 22
13 23
13 25
13 28
13 36
13 37
13 49
13 50
13 51
13 71
13 74
13 81
13 86
13 92
13 93
14 15
14 16
14 17
14 18
14 19
14 20
14 21
14 22
14 33
14 34
14 38
14 42
14 45
14 50
14 59
14 64
14 80
14 81
14 88
14 89
14 90
14 95
14 97
14 106
14 107
15 16
15 17
15 18
15 19
15 20
15 21
15 22
15 23
15 42
15 45
15 46
15 53
15 59
15 60
15 61
15 68
15 69
15 74
15 80
15 83
15 97
15 99
15 100
15 105
15 109
15 113
15 114
16 17
16 18
16 19
16 20
16 21
16 22
16 25
16 29
16 35
16 36
16 40
16 47
16 49
16 50
16 57
16 58
16 61
16 62
16 66
16 69
16 75
16 79
16 81
16 83
16 88
16 92
16 98
16 100
16 102
16 105
16 113
17 18
17 19
17 20
17 21
17 22
17 24
17 30
17 33
17 38
17 41
17 43
17 49
17 61
17 73
17 76
17 77
17 79
17 85
17 91
17 96
17 98
17 100
17 102
17 106
17 111
18 19
18 20
18 21
18 22
18 30
18 33
18 35
18 46
18 47
18 49
18 51
18 55
18 57
18 58
18 60
18 68
18 71
18 74
18 82
18 83
18 87
18 96
18 99
18 100
18 102
18 104
18 107
18 112
19 20
19 21
19 22
19 34
19 36
19 38
19 45
19 47
19 51
19 57
19 58
19 60
19 62
19 69
19 93
19 97
19 109
20 21
20 22
20 24
20 26
20 29
20 30
20 32
20 38
20 39
20 41
20 48
20 53
20 58
20 60
20 63
20 64
20 65
20 69
20 71
20 86
20 90
20 93
20 97
20 98
20 101
20 104
20 105
20 106
20 108
20 113
21 22
21 31
21 33
21 34
21 49
21 51
21 52
21 58
21 63
21 65
21 70
21 78
21 79
21 82
21 83
21 89
21 98
21 100
21 104
21 106
21 107
21 108
22 26
22 33
22 34
22 46
22 49
22 68
22 70
22 76
22 90
22 100
22 103
22 104
22 107
22 110
23 41
23 45
23 52
23 58
23 65
23 67
23 69
23 76
23 93
23 94
23 111
24 29
24 31
24 38
24 46
24 53
24 55
24 56
24 64
24 67
24 68
24 72
24 74
24 78
24 94
24 97
24 99
24 106
24 110
25 27
25 32
25 38
25 44
25 45
25 48
25 54
25 55
25 68
25 72
25 73
25 76
25 79
25 83
25 85
25 89
25 90
25 92
25 94
25 96
25 98
25 101
25 103
25 107
25 109
25 112
26 30
26 31
26 44
26 45
26 46
26 49
26 52
26 59
26 71
26 80
26 84
26 88
26 89
26 92
26 94
26 95
26 96
26 99
26 101
26 110
27 29
27 34
27 39
27 40
27 46
27 57
27 64
27 73
27 79
27 86
27 89
27 90
27 95
27 96
27 98
27 106
28 40
28 47
28 58
28 59
28 61
28 64
28 65
28 66
28 69
28 74
28 77
28 84
28 95
28 110
28 112
29 33
29 40
29 44
29 46
29 49
29 51
29 53
29 57
29 61
29 70
29 79
29 80
29 81
29 83
29 84
29 87
29 113
30 32
30 35
30 38
30 45
30 52
30 67
30 83
30 91
30 95
30 101
30 102
30 105
30 109
30 111
31 38
31 41
31 43
31 44
31 46
31 66
31 70
31 71
31 74
31 80
31 89
31 97
31 100
31 102
31 109
31 114
32 58
32 62
32 77
32 81
32 87
32 88
32 91
32 99
32 101
32 103
32 109
33 38
33 41
33 47
33 55
33 61
33 64
33 65
33 73
33 77
33 78
33 82
33 89
33 92
33 108
33 109
34 43
34 44
34 53
34 57
34 58
34 61
34 63
34 79
34 80
34 94
34 96
34 99
34 101
34 106
34 110
34 113
35 37
35 38
35 42
35 45
35 50
35 60
35 61
35 62
35 76
35 79
35 82
35 83
35 87
35 90
35 91
35 93
35 101
36 55
36 56
36 59
36 60
36 62
36 82
36 83
36 88
36 91
36 94
36 98
36 99
36 100
36 101
36 109
36 112
36 113
37 38
37 39
37 43
37 45
37 53
37 54
37 58
37 61
37 63
37 66
37 69
37 70
37 75
37 79
37 81
37 84
37 88
37 92
37 93
37 99
37 106
38 45
38 47
38 58
38 67
38 73
38 82
38 87
38 99
38 107
38 110
38 112
39 46
39 47
39 51
39 52
39 54
39 57
39 58
39 59
39 62
39 66
39 74
39 85
39 89
39 92
39 94
39 95
39 99
39 100
39 111
39 114
40 53
40 58
40 59
40 71
40 74
40 75
40 78
40 82
40 90
40 91
40 93
40 96
40 104
40 106
40 108
40 111
40 112
41 47
41 49
41 63
41 68
41 74
41 81
41 90
41 94
41 110
41 113
41 114
42 45
42 47
42 49
42 56
42 61
42 63
42 69
42 80
42 83
42 95
42 112
43 50
43 51
43 52
43 57
43 61
43 66
43 68
43 70
43 71
43 72
43 75
43 76
43 87
43 90
43 98
43 100
43 113
44 45
44 48
44 51
44 53
44 66
44 70
44 72
44 74
44 80
44 84
44 87
44 93
44 102
44 105
44 108
44 112
44 114
45 52
45 53
45 54
45 58
45 61
45 65
45 72
45 73
45 83
45 86
45 92
45 99
45 100
45 101
45 104
45 107
45 110
46 47
46 51
46 54
46 55
46 56
46 57
46 60
46 68
46 73
46 74
46 80
46 90
46 91
46 93
46 100
46 106
46 107
47 49
47 50
47 64
47 72
47 76
47 78
47 101
47 102
48 54
48 62
48 73
48 77
48 79
48 82
48 87
48 92
48 103
48 104
48 109
49 54
49 68
49 74
49 75
49 86
49 89
49 92
49 93
49 97
49 111
49 112
50 66
50 71
50 74
50 87
50 89
50 92
50 93
50 95
50 101
50 102
50 103
50 106
50 109
50 113
51 52
51 54
51 57
51 59
51 62
51 65
51 68
51 70
51 72
51 75
51 80
51 85
51 88
51 89
51 94
51 100
51 106
51 108
51 110
52 54
52 68
52 72
52 79
52 80
52 82
52 103
52 108
52 109
52 113
53 54
53 59
53 60
53 61
53 72
53 76
53 86
53 95
53 99
53 102
53 103
53 107
54 55
54 84
54 88
54 92
54 96
54 97
54 98
54 106
54 112
54 113
54 114
55 61
55 66
55 70
55 77
55 83
55 87
55 98
55 99
55 105
55 111
56 61
56 63
56 65
56 72
56 75
56 79
56 82
56 83
56 89
56 104
56 106
57 61
57 63
57 64
57 71
57 80
57 82
57 84
57 86
57 88
57 89
57 90
57 92
57 95
57 96
57 100
57 108
57 111
57 112
58 63
58 68
58 74
58 75
58 86
58 89
58 98
58 102
58 103
59 61
59 72
59 75
59 79
59 85
59 89
59 104
59 105
59 106
59 108
59 111
59 113
60 74
60 78
60 79
60 81
60 82
60 92
60 94
60 96
60 101
60 103
61 63
61 76
61 83
61 86
61 91
61 92
61 94
61 102
61 105
61 110
62 69
62 77
62 79
62 85
62 91
62 104
62 109
63 68
63 70
63 71
63 73
63 74
63 77
63 82
63 83
63 86
63 87
63 96
63 99
63 106
63 107
64 66
64 67
64 68
64 71
64 88
64 94
64 95
64 110
64 111
64 112
64 113
64 114
65 70
65 71
65 75
65 78
65 79
65 86
65 98
65 106
65 107
65 113
66 79
66 90
66 93
67 75
67 88
67 95
67 100
67 101
67 106
67 108
67 109
67 110
68 70
68 73
68 74
68 77
68 82
68 85
68 86
68 92
68 109
68 112
69 70
69 74
69 76
69 77
69 80
69 82
69 86
69 88
69 94
69 97
69 98
69 103
69 109
70 76
70 86
70 90
70 96
70 100
70 105
70 106
70 112
71 75
71 76
71 82
71 96
71 100
72 73
72 74
72 81
72 84
72 94
72 96
72 102
72 103
72 107
73 77
73 78
73 83
73 88
73 92
73 97
73 99
73 104
73 105
73 112
74 81
74 84
74 91
74 94
74 96
74 101
74 107
74 109
75 77
75 84
75 86
75 91
75 96
75 97
75 99
75 106
75 107
75 108
76 79
76 83
76 86
76 93
76 98
76 101
76 105
76 107
76 113
77 86
77 89
77 93
77 95
77 99
77 102
77 110
78 80
78 93
78 95
78 98
78 104
78 110
78 111
79 82
79 92
79 94
79 95
79 114
80 84
80 98
81 85
81 90
81 92
81 100
81 102
81 111
82 83
82 86
82 90
82 91
82 92
82 101
82 103
82 104
82 114
83 84
83 85
83 89
83 94
83 95
83 96
83 109
83 111
84 88
84 90
84 100
84 101
84 104
84 105
84 107
84 109
84 110
84 111
85 86
85 91
85 93
85 98
85 102
85 103
85 105
85 107
85 112
86 91
86 100
86 101
86 111
86 113
87 91
87 101
87 103
87 113
88 92
88 98
88 109
89 96
89 98
89 100
90 100
90 104
90 111
90 112
90 114
91 92
91 100
91 101
91 105
91 106
92 96
92 99
92 103
92 106
93 94
93 105
93 106
94 98
94 103
94 104
94 106
94 107
94 111
94 113
95 100
95 103
95 104
95 109
96 102
96 113
97 103
97 104
97 109
97 112
97 114
98 99
98 108
98 110
98 111
98 114
99 100
99 111
100 101
100 113
101 112
102 104
102 105
102 114
103 105
103 106
104 106
104 109
104 111
105 111
105 114
107 110
107 114
108 110
109 112
110 111
110 112
110 113
111 113
