131 1768
1 2
1 3
1 9
1 11
1 13
1 19
1 30
1 33
1 35
1 46
1 47
1 49
1 51
1 55
1 57
1 58
1 60
1 68
1 71
1 74
1 82
1 83
1 87
1 96
1 99
1 100
1 102
1 104
1 107
1 112
1 123
1 129
2 3
2 11
2 22
2 34
2 36
2 38
2 45
2 47
2 51
2 57
2 58
2 60
2 62
2 69
2 93
2 97
2 109
2 115
2 118
2 124
3 5
3 24
3 26
3 29
3 30
3 32
3 38
3 39
3 41
3 48
3 53
3 58
3 60
3 63
3 64
3 65
3 69
3 71
3 86
3 90
3 93
3 97
3 98
3 101
3 104
3 105
3 106
3 108
3 113
3 115
4 5
4 6
4 7
4 8
4 9
4 10
4 11
4 12
4 13
4 15
4 22
4 31
4 33
4 34
4 49
4 51
4 52
4 58
4 63
4 65
4 70
4 78
4 79
4 82
4 83
4 89
4 98
4 100
4 104
4 106
4 107
4 108
4 126
4 129
5 6
5 7
5 8
5 9
5 10
5 11
5 12
5 13
5 14
5 19
5 26
5 33
5 34
5 46
5 49
5 68
5 70
5 76
5 90
5 100
5 103
5 104
5 107
5 110
5 117
5 120
5 128
5 131
6 7
6 8
6 9
6 10
6 11
6 12
6 13
6 18
6 41
6 45
6 52
6 58
6 65
6 67
6 69
6 76
6 93
6 94
6 111
6 119
6 120
7 8
7 9
7 10
7 11
7 12
7 13
7 16
7 17
7 24
7 29
7 31
7 38
7 46
7 53
7 55
7 56
7 64
7 67
7 68
7 72
7 74
7 78
7 94
7 97
7 99
7 106
7 110
7 119
7 131
8 9
8 10
8 11
8 12
8 13
8 18
8 21
8 25
8 27
8 32
8 38
8 44
8 45
8 48
8 54
8 55
8 68
8 72
8 73
8 76
8 79
8 83
8 85
8 89
8 90
8 92
8 94
8 96
8 98
8 101
8 103
8 107
8 109
8 112
8 120
8 122
8 127
9 10
9 11
9 12
9 13
9 24
9 26
9 30
9 31
9 44
9 45
9 46
9 49
9 52
9 59
9 71
9 80
9 84
9 88
9 89
9 92
9 94
9 95
9 96
9 99
9 101
9 110
9 123
9 128
9 129
9 130
10 11
10 12
10 13
10 29
10 34
10 39
10 40
10 46
10 57
10 64
10 73
10 79
10 86
10 89
10 90
10 95
10 96
10 98
10 106
10 124
10 130
11 12
11 13
11 15
11 17
11 40
11 47
11 58
11 59
11 61
11 64
11 65
11 66
11 69
11 74
11 77
11 84
11 95
11 110
11 112
11 118
11 119
11 121
11 122
11 129
11 130
12 13
12 23
12 26
12 27
12 29
12 33
12 40
12 44
12 46
12 49
12 51
12 53
12 57
12 61
12 70
12 79
12 80
12 81
12 83
12 84
12 87
12 113
12 117
12 123
12 128
13 32
13 35
13 38
13 45
13 52
13 67
13 83
13 91
13 95
13 101
13 102
13 105
13 109
13 111
13 130
14 15
14 16
14 17
14 18
14 19
14 20
14 21
14 22
14 23
14 24
14 25
14 27
14 31
14 38
14 41
14 43
14 44
14 46
14 66
14 70
14 71
14 74
14 80
14 89
14 97
14 100
14 102
14 109
14 114
14 125
14 126
15 16
15 17
15 18
15 19
15 20
15 21
15 22
15 23
15 24
15 25
15 27
15 58
15 62
15 77
15 81
15 87
15 88
15 91
15 99
15 101
15 103
15 109
15 119
15 120
16 17
16 18
16 19
16 20
16 21
16 22
16 23
16 24
16 25
16 38
16 41
16 47
16 55
16 61
16 64
16 65
16 73
16 77
16 78
16 82
16 89
16 92
16 108
16 109
16 126
17 18
17 19
17 20
17 21
17 22
17 23
17 24
17 25
17 26
17 27
17 31
17 34
17 43
17 44
17 53
17 57
17 58
17 61
17 63
17 79
17 80
17 94
17 96
17 99
17 101
17 106
17 110
17 113
17 125
18 19
18 20
18 21
18 22
18 23
18 24
18 25
18 27
18 31
18 34
18 37
18 38
18 42
18 45
18 50
18 60
18 61
18 62
18 76
18 79
18 82
18 83
18 87
18 90
18 91
18 93
18 101
19 20
19 21
19 22
19 23
19 24
19 25
19 32
19 34
19 35
19 36
19 55
19 56
19 59
19 60
19 62
19 82
19 83
19 88
19 91
19 94
19 98
19 99
19 100
19 101
19 109
19 112
19 113
19 115
19 116
19 118
19 121
19 122
20 21
20 22
20 23
20 24
20 25
20 38
20 39
20 43
20 45
20 53
20 54
20 58
20 61
20 63
20 66
20 69
20 70
20 75
20 79
20 81
20 84
20 88
20 92
20 93
20 99
20 106
20 118
20 121
20 124
20 127
20 131
21 22
21 23
21 24
21 25
21 27
21 30
21 31
21 32
21 34
21 37
21 45
21 47
21 58
21 67
21 73
21 82
21 87
21 99
21 107
21 110
21 112
21 115
21 120
21 122
21 124
22 23
22 24
22 25
22 27
22 36
22 46
22 47
22 51
22 52
22 54
22 57
22 58
22 59
22 62
22 66
22 74
22 85
22 89
22 92
22 94
22 95
22 99
22 100
22 111
22 114
22 115
22 116
22 122
22 123
22 124
23 24
23 25
23 32
23 36
23 37
23 38
23 53
23 58
23 59
23 71
23 74
23 75
23 78
23 82
23 90
23 91
23 93
23 96
23 104
23 106
23 108
23 111
23 112
23 115
23 118
23 120
23 124
23 131
24 25
24 31
24 47
24 49
24 63
24 68
24 74
24 81
24 90
24 94
24 110
24 113
24 114
24 117
24 119
24 121
24 130
25 32
25 37
25 39
25 40
25 45
25 47
25 49
25 56
25 61
25 63
25 69
25 80
25 83
25 95
25 112
25 123
25 128
25 129
26 32
26 36
26 41
26 50
26 51
26 52
26 57
26 61
26 66
26 68
26 70
26 71
26 72
26 75
26 76
26 87
26 90
26 98
26 100
26 113
26 117
26 120
26 123
26 124
26 125
26 126
26 127
26 128
27 31
27 38
27 43
27 45
27 48
27 51
27 53
27 66
27 70
27 72
27 74
27 80
27 84
27 87
27 93
27 102
27 105
27 108
27 112
27 114
27 118
27 120
27 124
27 130
28 32
28 52
28 53
28 54
28 58
28 61
28 65
28 72
28 73
28 83
28 86
28 92
28 99
28 100
28 101
28 104
28 107
28 110
28 124
28 125
28 127
29 32
29 39
29 40
29 47
29 51
29 54
29 55
29 56
29 57
29 60
29 68
29 73
29 74
29 80
29 90
29 91
29 93
29 100
29 106
29 107
29 116
29 122
29 124
29 127
30 35
30 37
30 40
30 44
30 47
30 49
30 50
30 64
30 72
30 76
30 78
30 101
30 102
30 119
30 123
30 125
30 126
31 34
31 45
31 46
31 54
31 62
31 73
31 77
31 79
31 82
31 87
31 92
31 103
31 104
31 109
31 116
31 119
31 120
31 123
32 35
32 38
32 41
32 42
32 47
32 54
32 68
32 74
32 75
32 86
32 89
32 92
32 93
32 97
32 111
32 112
32 121
32 126
33 40
33 42
33 44
33 66
33 71
33 74
33 87
33 89
33 92
33 93
33 95
33 101
33 102
33 103
33 106
33 109
33 113
33 119
33 122
33 123
33 124
33 128
33 131
34 38
34 45
34 50
34 52
34 54
34 57
34 59
34 62
34 65
34 68
34 70
34 72
34 75
34 80
34 85
34 88
34 89
34 94
34 100
34 106
34 108
34 110
34 115
34 117
34 118
35 41
35 54
35 68
35 72
35 79
35 80
35 82
35 103
35 108
35 109
35 113
35 119
36 37
36 38
36 39
36 47
36 49
36 54
36 59
36 60
36 61
36 72
36 76
36 86
36 95
36 99
36 102
36 103
36 107
36 116
36 120
36 131
37 47
37 53
37 55
37 84
37 88
37 92
37 96
37 97
37 98
37 106
37 112
37 113
37 114
37 117
37 118
37 129
37 131
38 44
38 45
38 50
38 53
38 54
38 61
38 66
38 70
38 77
38 83
38 87
38 98
38 99
38 105
38 111
38 118
38 119
38 127
39 52
39 55
39 61
39 63
39 65
39 72
39 75
39 79
39 82
39 83
39 89
39 104
39 106
39 116
39 124
39 127
40 48
40 61
40 63
40 64
40 71
40 80
40 82
40 84
40 86
40 88
40 89
40 90
40 92
40 95
40 96
40 100
40 108
40 111
40 112
40 116
40 118
40 121
40 124
40 127
40 128
41 44
41 45
41 48
41 50
41 51
41 52
41 63
41 68
41 74
41 75
41 86
41 89
41 98
41 102
41 103
41 119
41 126
42 43
42 44
42 46
42 48
42 50
42 52
42 57
42 59
42 61
42 72
42 75
42 79
42 85
42 89
42 104
42 105
42 106
42 108
42 111
42 113
42 119
42 129
42 131
43 51
43 52
43 53
43 58
43 74
43 78
43 79
43 81
43 82
43 92
43 94
43 96
43 101
43 103
43 122
44 48
44 52
44 63
44 76
44 83
44 86
44 91
44 92
44 94
44 102
44 105
44 110
44 117
44 122
44 124
45 62
45 69
45 77
45 79
45 85
45 91
45 104
45 109
45 122
45 123
45 124
45 129
46 47
46 52
46 68
46 70
46 71
46 73
46 74
46 77
46 82
46 83
46 86
46 87
46 96
46 99
46 106
46 107
46 118
46 119
47 54
47 61
47 64
47 66
47 67
47 68
47 71
47 88
47 94
47 95
47 110
47 111
47 112
47 113
47 114
47 115
47 125
47 128
48 53
48 62
48 70
48 71
48 75
48 78
48 79
48 86
48 98
48 106
48 107
48 113
48 130
49 51
49 56
49 65
49 79
49 90
49 93
49 117
49 120
49 126
49 129
50 51
50 53
50 57
50 60
50 66
50 75
50 88
50 95
50 100
50 101
50 106
50 108
50 109
50 110
50 120
50 127
51 55
51 56
51 57
51 62
51 64
51 67
51 68
51 70
51 73
51 74
51 77
51 82
51 85
51 86
51 92
51 109
51 112
51 117
51 118
51 121
51 123
51 126
51 130
52 59
52 61
52 62
52 63
52 64
52 70
52 74
52 76
52 77
52 80
52 82
52 86
52 88
52 94
52 97
52 98
52 103
52 109
52 118
52 120
52 123
53 76
53 86
53 90
53 96
53 100
53 105
53 106
53 112
53 116
53 125
54 55
54 63
54 64
54 67
54 69
54 75
54 76
54 82
54 96
54 100
54 122
54 127
55 61
55 68
55 73
55 74
55 81
55 84
55 94
55 96
55 102
55 103
55 107
55 127
55 131
56 58
56 59
56 69
56 70
56 77
56 78
56 83
56 88
56 92
56 97
56 99
56 104
56 105
56 112
56 119
56 122
56 123
56 127
57 64
57 70
57 74
57 81
57 84
57 91
57 94
57 96
57 101
57 107
57 109
57 120
58 59
58 63
58 71
58 77
58 84
58 86
58 91
58 96
58 97
58 99
58 106
58 107
58 108
58 116
58 120
58 128
59 60
59 70
59 79
59 83
59 86
59 93
59 98
59 101
59 105
59 107
59 113
59 116
59 121
59 124
59 125
59 126
59 128
59 130
59 131
60 66
60 70
60 71
60 86
60 89
60 93
60 95
60 99
60 102
60 110
60 123
60 124
61 65
61 66
61 69
61 77
61 80
61 93
61 95
61 98
61 104
61 110
61 111
61 118
61 119
61 120
61 122
61 124
62 65
62 67
62 73
62 82
62 92
62 94
62 95
62 114
62 118
63 65
63 69
63 70
63 71
63 84
63 98
63 117
63 121
63 129
63 131
64 66
64 68
64 70
64 71
64 79
64 85
64 90
64 92
64 100
64 102
64 111
64 120
64 122
64 125
64 128
65 67
65 71
65 72
65 83
65 86
65 90
65 91
65 92
65 101
65 103
65 104
65 114
65 127
65 128
66 76
66 77
66 80
66 84
66 85
66 89
66 94
66 95
66 96
66 109
66 111
66 126
66 129
67 69
67 73
67 74
67 76
67 82
67 88
67 90
67 100
67 101
67 104
67 105
67 107
67 109
67 110
67 111
67 124
67 128
67 131
68 73
68 77
68 79
68 80
68 83
68 86
68 91
68 93
68 98
68 102
68 103
68 105
68 107
68 112
68 116
68 128
68 131
69 70
69 76
69 77
69 79
69 80
69 81
69 82
69 85
69 91
69 100
69 101
69 111
69 113
69 131
70 75
70 80
70 81
70 91
70 101
70 103
70 113
70 117
70 124
70 125
71 76
71 78
71 92
71 98
71 109
71 120
72 73
72 81
72 84
72 88
72 96
72 98
72 100
72 116
72 119
72 123
73 74
73 79
73 86
73 88
73 89
73 100
73 104
73 111
73 112
73 114
73 116
73 121
73 129
73 130
74 84
74 92
74 100
74 101
74 105
74 106
74 116
74 130
75 76
75 79
75 85
75 86
75 87
75 91
75 96
75 99
75 103
75 106
75 115
75 121
75 128
75 129
76 80
76 87
76 94
76 105
76 106
76 115
76 118
76 129
77 82
77 84
77 85
77 88
77 89
77 90
77 93
77 98
77 103
77 104
77 106
77 107
77 111
77 113
77 119
78 85
78 87
78 88
78 94
78 100
78 103
78 104
78 109
78 117
78 118
78 128
79 81
79 84
79 86
79 89
79 90
79 94
79 102
79 113
79 118
79 127
79 128
80 83
80 87
80 89
80 90
80 91
80 95
80 103
80 104
80 109
80 112
80 114
80 116
80 117
80 118
80 125
80 126
80 129
81 87
81 94
81 99
81 108
81 110
81 111
81 114
81 118
81 121
82 84
82 89
82 90
82 95
82 100
82 111
82 118
82 125
82 127
82 130
82 131
83 91
83 101
83 113
83 115
83 118
83 120
83 121
83 122
83 125
84 86
84 87
84 91
84 95
84 112
84 116
84 117
84 120
84 125
85 89
85 99
85 104
85 105
85 114
85 125
85 130
86 91
86 92
86 99
86 105
86 106
87 90
87 98
87 100
87 106
87 109
87 111
87 118
87 121
87 122
87 127
87 129
88 91
88 96
88 111
88 114
88 119
88 129
88 131
89 92
89 94
89 97
89 99
89 106
89 116
89 117
90 98
90 99
90 107
90 110
90 114
90 118
90 122
90 125
91 95
91 97
91 99
91 107
91 110
91 116
91 119
91 124
91 127
92 94
92 100
92 106
92 108
92 112
93 98
93 100
93 105
93 107
93 111
93 112
93 113
93 116
93 117
93 121
94 101
94 113
94 117
94 121
94 122
94 125
94 128
94 129
94 131
95 96
95 106
95 127
95 129
96 97
96 106
96 110
96 111
96 121
96 127
97 99
97 100
97 101
97 110
97 113
97 119
97 127
98 104
98 118
98 123
98 124
99 107
99 117
100 102
100 103
100 106
100 108
100 125
100 126
100 130
101 113
101 115
101 120
101 129
102 105
102 106
102 108
102 113
102 122
102 124
102 131
103 108
103 119
104 105
104 106
104 107
104 111
104 115
104 118
104 120
104 122
104 127
104 128
104 130
105 110
105 119
105 123
105 125
105 128
106 110
106 119
106 123
106 130
107 109
107 117
107 118
107 121
107 123
107 127
108 118
108 124
108 125
108 127
108 128
108 131
109 110
109 123
110 113
110 114
110 121
110 122
110 127
110 131
111 117
111 122
111 130
111 131
112 113
112 117
112 118
112 121
112 123
112 127
112 131
113 115
113 126
113 128
113 130
113 131
114 115
114 119
114 122
115 125
115 131
116 117
116 120
117 124
117 126
117 131
118 120
118 126
119 129
120 125
121 124
121 128
121 130
126 131
127 128
127 130
