84 769
1 2
1 3
1 4
1 5
1 6
1 7
1 8
1 9
1 10
1 11
1 12
1 13
1 14
1 17
1 26
1 29
1 47
1 49
1 60
1 63
1 65
1 67
1 68
1 69
1 80
1 84
2 3
2 4
2 5
2 6
2 7
2 8
2 9
2 10
2 11
2 12
2 13
2 14
2 24
2 25
2 29
2 31
2 33
2 34
2 35
2 36
2 39
2 43
2 44
2 45
2 53
2 62
2 67
2 75
2 83
3 4
3 5
3 6
3 7
3 8
3 9
3 10
3 11
3 12
3 13
3 14
3 17
3 21
3 25
3 27
3 29
3 33
3 36
3 44
3 49
3 61
3 66
3 68
3 69
3 72
4 5
4 6
4 7
4 8
4 9
4 10
4 11
4 12
4 13
4 14
4 15
4 18
4 19
4 28
4 37
4 40
4 44
4 54
4 60
4 61
4 62
4 65
4 67
4 82
5 6
5 7
5 8
5 9
5 10
5 11
5 12
5 13
5 14
5 23
5 28
5 32
5 42
5 48
5 50
5 64
5 82
6 7
6 8
6 9
6 10
6 11
6 12
6 13
6 14
6 15
6 16
6 27
6 28
6 32
6 35
6 36
6 43
6 50
6 58
6 61
6 63
6 65
6 72
6 76
6 81
7 8
7 9
7 10
7 11
7 12
7 13
7 14
7 19
7 23
7 32
7 42
7 51
7 55
7 56
7 58
7 59
7 64
7 76
7 77
8 9
8 10
8 11
8 12
8 13
8 14
8 16
8 19
8 20
8 26
8 29
8 35
8 42
8 51
8 57
8 70
8 78
8 80
8 83
8 84
9 10
9 11
9 12
9 13
9 14
9 16
9 17
9 24
9 25
9 26
9 30
9 33
9 37
9 38
9 43
9 56
9 65
9 71
10 11
10 12
10 13
10 14
10 19
10 22
10 25
10 27
10 31
10 37
10 39
10 41
10 45
10 46
10 49
10 51
10 56
10 57
10 58
10 60
10 62
10 66
10 76
10 81
10 83
11 12
11 13
11 14
11 16
11 17
11 19
11 20
11 37
11 40
11 42
11 45
11 48
11 52
11 59
11 68
11 69
11 70
11 72
11 73
11 77
11 80
12 13
12 14
12 22
12 25
12 28
12 31
12 35
12 40
12 53
12 55
12 56
12 58
12 66
12 73
12 80
13 14
13 15
13 21
13 24
13 26
13 33
13 37
13 40
13 43
13 44
13 49
13 57
13 59
13 62
13 65
13 68
13 72
13 73
13 77
13 81
14 20
14 28
14 30
14 46
14 57
14 63
14 66
14 68
14 69
14 75
14 79
14 80
15 16
15 20
15 23
15 25
15 27
15 45
15 51
15 53
15 57
15 65
15 70
15 75
15 81
15 83
16 21
16 25
16 36
16 39
16 47
16 50
16 51
16 54
16 57
16 59
16 60
16 73
16 76
16 80
16 82
17 21
17 22
17 24
17 25
17 36
17 38
17 42
17 46
17 50
17 54
17 72
17 76
17 82
18 20
18 27
18 31
18 42
18 44
18 46
18 47
18 49
18 53
18 57
18 60
18 70
18 78
19 21
19 22
19 26
19 36
19 38
19 48
19 56
19 57
19 62
19 79
19 84
20 24
20 36
20 40
20 50
20 58
20 66
20 70
20 71
20 80
20 81
20 82
20 83
20 84
21 37
21 38
21 50
21 65
21 75
22 23
22 24
22 34
22 35
22 38
22 42
22 55
22 56
22 70
22 83
23 29
23 35
23 38
23 39
23 51
23 63
23 65
23 76
23 77
23 78
23 82
23 83
24 26
24 32
24 35
24 39
24 45
24 47
24 50
24 52
24 53
24 57
24 63
24 68
24 72
24 73
24 77
24 80
24 84
25 30
25 32
25 33
25 38
25 46
25 58
25 65
25 67
25 68
25 76
25 78
26 28
26 38
26 42
26 48
26 53
26 64
26 71
26 74
27 35
27 46
27 47
27 52
27 63
27 74
27 76
27 77
27 79
27 80
28 35
28 36
28 37
28 41
28 42
28 44
28 45
28 51
28 53
28 77
29 30
29 37
29 38
29 41
29 49
29 50
29 52
29 57
29 60
29 71
29 78
29 84
30 33
30 34
30 37
30 44
30 48
30 54
30 62
30 63
30 68
30 69
30 73
30 78
30 80
31 32
31 34
31 42
31 46
31 55
31 61
31 62
31 64
31 65
31 75
31 77
32 38
32 45
32 50
32 56
32 57
32 64
32 74
32 75
32 76
33 46
33 48
33 49
33 62
33 63
33 65
33 68
33 70
33 74
33 79
34 52
34 53
34 69
34 74
34 78
35 36
35 38
35 42
35 43
35 57
35 62
35 63
35 64
35 68
35 69
35 70
35 71
35 72
36 49
36 52
36 75
36 81
36 82
36 83
37 38
37 44
37 58
37 63
37 65
37 81
37 84
38 43
38 47
38 54
38 58
38 59
38 65
38 69
38 73
38 76
38 80
38 84
39 41
39 49
39 52
39 58
39 59
39 60
39 63
39 68
39 69
39 80
40 43
40 44
40 46
40 52
40 60
40 63
40 71
40 76
41 43
41 54
41 56
41 59
41 60
41 61
41 62
41 68
41 74
41 75
41 77
42 44
42 55
42 61
42 63
42 67
42 70
42 75
43 45
43 46
43 58
43 60
43 67
43 78
43 82
44 45
44 47
44 50
44 51
44 58
44 69
44 84
45 47
45 49
45 50
45 53
45 54
45 55
45 58
45 59
45 61
45 75
45 76
45 78
45 79
46 59
46 62
46 63
46 65
46 72
46 74
47 67
47 71
47 74
47 83
47 84
48 51
48 54
48 68
48 69
48 74
48 76
48 84
49 55
49 64
49 66
49 67
49 69
49 75
49 76
49 81
50 55
50 75
50 79
50 84
51 55
51 59
51 60
51 62
51 63
51 77
51 78
51 83
52 56
52 59
52 61
52 74
53 60
53 62
53 67
53 71
53 75
53 77
53 79
53 80
53 82
53 83
54 58
54 69
54 83
55 59
55 60
55 80
55 82
55 83
56 58
56 63
56 64
56 67
56 74
57 60
57 66
57 69
57 76
58 62
58 63
58 68
58 71
58 73
58 79
58 84
59 60
59 76
59 79
60 61
60 64
60 66
60 69
60 75
60 76
60 77
60 80
61 78
61 82
62 67
62 68
62 72
62 74
62 75
62 81
62 82
62 84
63 66
63 74
63 76
63 77
63 83
64 65
64 67
64 69
64 74
64 83
65 67
65 69
65 82
65 84
66 68
66 78
66 81
67 71
67 72
67 74
67 78
67 84
68 69
68 73
68 82
69 74
69 79
70 71
70 73
70 81
70 83
71 73
71 76
71 83
72 79
73 77
73 82
73 83
74 76
74 78
75 82
76 78
76 80
76 82
77 81
77 84
78 79
78 81
79 80
79 82
79 83
79 84
80 81
81 82
81 83
