100 1052
1 2
1 3
1 4
1 5
1 6
1 7
1 10
1 11
1 21
1 22
1 24
1 25
1 36
1 38
1 42
1 46
1 50
1 54
1 72
1 76
1 82
1 90
1 92
1 97
1 100
2 3
2 4
2 5
2 6
2 7
2 16
2 17
2 20
2 27
2 31
2 42
2 44
2 46
2 47
2 49
2 53
2 57
2 60
2 70
2 78
2 93
2 98
2 100
3 4
3 5
3 6
3 7
3 21
3 22
3 26
3 36
3 38
3 48
3 56
3 57
3 62
3 79
3 84
3 89
3 99
4 5
4 6
4 7
4 11
4 15
4 18
4 19
4 24
4 36
4 40
4 50
4 58
4 66
4 70
4 71
4 80
4 81
4 82
4 83
4 84
4 91
4 92
4 96
5 6
5 7
5 11
5 21
5 37
5 38
5 50
5 65
5 75
5 88
5 90
5 95
5 97
5 98
5 99
6 7
6 9
6 11
6 14
6 20
6 21
6 23
6 24
6 34
6 35
6 38
6 42
6 55
6 56
6 70
6 83
6 95
7 8
7 11
7 12
7 21
7 29
7 35
7 38
7 39
7 51
7 63
7 65
7 76
7 77
7 78
7 82
7 83
7 86
7 95
7 97
7 100
8 9
8 10
8 11
8 12
8 13
8 14
8 15
8 16
8 19
8 20
8 26
8 32
8 35
8 39
8 45
8 47
8 50
8 52
8 53
8 57
8 63
8 68
8 72
8 73
8 77
8 80
8 84
8 91
8 96
8 99
9 10
9 11
9 12
9 13
9 14
9 15
9 16
9 20
9 23
9 30
9 32
9 33
9 38
9 46
9 58
9 65
9 67
9 68
9 76
9 78
9 95
9 98
10 11
10 12
10 13
10 14
10 15
10 20
10 23
10 24
10 28
10 38
10 42
10 48
10 53
10 64
10 71
10 74
10 89
10 91
10 92
10 96
10 97
10 100
11 12
11 13
11 14
11 15
11 19
11 22
11 26
11 35
11 46
11 47
11 52
11 63
11 74
11 76
11 77
11 79
11 80
11 88
11 91
11 97
11 100
12 13
12 14
12 15
12 20
12 28
12 35
12 36
12 37
12 41
12 42
12 44
12 45
12 51
12 53
12 77
12 88
12 89
13 14
13 15
13 21
13 22
13 30
13 37
13 38
13 41
13 49
13 50
13 52
13 57
13 60
13 71
13 78
13 84
13 85
13 86
13 89
13 92
13 100
14 15
14 22
14 30
14 33
14 34
14 37
14 44
14 48
14 54
14 62
14 63
14 68
14 69
14 73
14 78
14 80
14 89
14 91
14 98
14 99
15 19
15 21
15 22
15 24
15 26
15 32
15 34
15 42
15 46
15 55
15 61
15 62
15 64
15 65
15 75
15 77
15 92
16 17
16 18
16 19
16 20
16 21
16 22
16 28
16 38
16 45
16 50
16 56
16 57
16 64
16 74
16 75
16 76
17 18
17 19
17 20
17 24
17 28
17 29
17 32
17 46
17 48
17 49
17 62
17 63
17 65
17 68
17 70
17 74
17 79
17 87
17 97
18 19
18 20
18 28
18 30
18 33
18 52
18 53
18 69
18 74
18 78
18 95
18 96
19 20
19 32
19 36
19 38
19 42
19 43
19 57
19 62
19 63
19 64
19 68
19 69
19 70
19 71
19 72
19 93
19 96
20 21
20 26
20 27
20 31
20 35
20 49
20 52
20 75
20 81
20 82
20 83
20 85
20 86
20 87
20 91
20 92
20 97
20 99
21 32
21 38
21 44
21 58
21 63
21 65
21 81
21 84
21 89
22 43
22 47
22 54
22 58
22 59
22 65
22 69
22 73
22 76
22 80
22 84
22 86
22 91
22 96
23 27
23 32
23 37
23 41
23 49
23 52
23 58
23 59
23 60
23 63
23 68
23 69
23 80
23 85
23 87
23 96
23 97
24 26
24 31
24 36
24 38
24 39
24 43
24 44
24 46
24 52
24 60
24 63
24 71
24 76
24 93
24 96
24 99
25 28
25 30
25 31
25 32
25 34
25 37
25 38
25 43
25 54
25 56
25 59
25 60
25 61
25 62
25 68
25 74
25 75
25 77
25 86
25 87
25 90
25 93
25 98
25 100
26 29
26 37
26 44
26 55
26 61
26 63
26 67
26 70
26 75
26 85
26 89
26 98
26 99
27 33
27 42
27 45
27 46
27 58
27 60
27 67
27 78
27 82
27 86
27 89
27 90
28 37
28 41
28 43
28 45
28 47
28 50
28 51
28 58
28 69
28 84
28 87
28 95
28 99
28 100
29 36
29 37
29 38
29 42
29 43
29 47
29 49
29 50
29 53
29 54
29 55
29 58
29 59
29 61
29 75
29 76
29 78
29 79
29 87
29 88
29 89
30 33
30 38
30 41
30 42
30 46
30 59
30 62
30 63
30 65
30 72
30 74
30 95
30 96
31 32
31 35
31 36
31 39
31 42
31 44
31 67
31 71
31 74
31 83
31 84
31 90
31 94
31 98
32 33
32 36
32 51
32 54
32 68
32 69
32 74
32 76
32 84
32 85
32 90
32 91
32 98
32 100
33 38
33 43
33 55
33 64
33 66
33 67
33 69
33 75
33 76
33 81
33 85
33 93
33 94
33 99
34 38
34 48
34 55
34 75
34 79
34 84
34 94
34 97
35 37
35 39
35 43
35 44
35 48
35 49
35 55
35 59
35 60
35 62
35 63
35 77
35 78
35 83
35 88
35 90
35 99
35 100
36 37
36 39
36 42
36 43
36 44
36 51
36 56
36 59
36 61
36 74
36 88
37 43
37 44
37 48
37 60
37 62
37 67
37 71
37 75
37 77
37 79
37 80
37 82
37 83
37 85
37 90
37 91
37 95
38 39
38 41
38 43
38 45
38 46
38 58
38 69
38 83
38 85
38 89
38 93
38 94
38 95
38 96
38 98
38 100
39 48
39 50
39 59
39 60
39 80
39 82
39 83
39 89
39 92
39 93
39 94
39 95
39 100
40 41
40 45
40 50
40 53
40 56
40 58
40 63
40 64
40 67
40 74
40 86
40 87
41 47
41 57
41 60
41 66
41 69
41 76
41 93
41 97
41 100
42 47
42 49
42 62
42 63
42 68
42 71
42 73
42 79
42 84
42 87
42 88
42 93
42 94
42 97
42 100
43 44
43 48
43 49
43 51
43 60
43 76
43 79
43 88
43 90
43 93
43 95
43 97
44 50
44 58
44 61
44 64
44 66
44 69
44 75
44 76
44 77
44 80
44 89
44 93
45 48
45 49
45 78
45 82
45 86
45 90
45 95
45 97
46 55
46 67
46 68
46 72
46 74
46 75
46 81
46 82
46 84
46 86
46 89
46 90
47 56
47 59
47 63
47 66
47 74
47 76
47 77
47 83
47 89
47 90
47 91
47 98
48 57
48 62
48 65
48 67
48 69
48 74
48 83
48 86
48 88
48 89
48 100
49 50
49 53
49 58
49 63
49 65
49 67
49 69
49 82
49 84
49 93
49 95
50 62
50 68
50 78
50 81
50 85
50 91
50 95
51 54
51 55
51 56
51 65
51 67
51 71
51 72
51 74
51 78
51 84
51 98
52 67
52 69
52 73
52 82
52 85
53 54
53 56
53 58
53 63
53 68
53 69
53 74
53 79
53 85
53 100
54 62
54 64
54 71
54 73
54 81
54 83
54 90
54 95
55 57
55 64
55 65
55 68
55 73
55 76
55 83
55 85
55 91
55 96
56 69
56 72
56 79
56 89
56 90
56 97
57 59
57 65
57 69
57 72
57 77
57 82
57 83
57 90
57 92
57 93
57 96
57 98
57 99
58 59
58 65
58 66
58 67
58 76
58 78
58 87
58 97
58 99
59 62
59 69
59 70
59 82
59 87
59 90
59 96
59 97
60 64
60 65
60 67
60 70
60 78
60 80
60 82
60 88
60 90
60 94
60 100
61 67
61 81
61 84
61 85
61 89
61 93
61 94
61 95
61 97
62 63
62 78
62 79
62 81
63 64
63 69
63 70
63 73
63 75
63 79
63 80
63 82
63 83
63 84
63 91
63 95
63 100
64 65
64 71
64 73
64 78
64 81
64 90
64 93
64 96
64 98
65 66
65 68
65 69
65 70
65 74
65 78
65 79
65 82
65 83
65 85
65 93
66 67
66 71
66 80
66 85
66 89
66 92
66 93
66 95
66 96
66 98
66 100
67 75
67 76
67 81
67 82
67 87
67 91
67 98
68 70
68 85
68 89
68 90
68 96
68 98
69 77
69 78
69 81
69 83
69 88
69 92
70 72
70 74
70 76
70 82
70 83
70 84
70 85
70 92
70 93
70 95
70 97
71 73
71 91
71 93
71 96
71 97
72 74
72 80
72 85
72 89
72 90
73 80
73 84
73 91
73 94
73 100
74 84
74 86
74 87
74 92
74 100
75 85
75 94
76 83
76 92
76 93
76 94
76 97
77 81
77 89
77 92
77 94
78 80
78 89
78 96
78 99
79 80
80 91
80 94
81 82
81 84
81 86
81 87
81 99
82 86
82 92
82 97
82 98
83 85
83 89
83 93
84 86
84 99
84 100
85 86
85 92
85 94
85 99
86 89
86 94
86 96
87 88
87 89
87 93
87 94
88 93
88 94
88 97
89 97
90 94
90 99
91 100
92 95
92 98
93 95
93 97
93 98
94 96
94 97
95 97
95 98
95 100
96 100
98 99
