151 2590
1 2
1 3
1 4
1 5
1 6
1 7
1 8
1 9
1 10
1 11
1 12
1 13
1 14
1 15
1 16
1 17
1 18
1 19
1 20
1 21
1 22
1 23
1 24
1 25
1 26
1 27
1 29
1 35
1 37
1 38
1 40
1 42
1 53
1 55
1 58
1 72
1 80
1 82
1 83
1 85
1 101
1 102
1 115
1 117
1 121
1 123
1 129
1 136
1 139
1 142
1 151
2 3
2 4
2 5
2 6
2 7
2 8
2 9
2 10
2 11
2 12
2 13
2 14
2 15
2 16
2 17
2 18
2 19
2 20
2 21
2 22
2 23
2 24
2 25
2 26
2 27
2 31
2 36
2 39
2 41
2 44
2 46
2 54
2 57
2 58
2 59
2 67
2 81
2 84
2 93
2 102
2 103
2 106
2 109
2 112
2 117
2 140
2 146
3 4
3 5
3 6
3 7
3 8
3 9
3 10
3 11
3 12
3 13
3 14
3 15
3 16
3 17
3 18
3 19
3 20
3 21
3 22
3 23
3 24
3 25
3 26
3 27
3 48
3 49
3 60
3 65
3 68
3 71
3 82
3 86
3 88
3 91
3 94
3 99
3 100
3 116
3 120
3 123
3 128
3 137
3 142
3 150
4 5
4 6
4 7
4 8
4 9
4 10
4 11
4 12
4 13
4 14
4 15
4 16
4 17
4 18
4 19
4 20
4 21
4 22
4 23
4 24
4 25
4 26
4 27
4 30
4 31
4 33
4 41
4 45
4 46
4 47
4 49
4 55
4 57
4 65
4 67
4 69
4 78
4 82
4 83
4 88
4 91
4 97
4 102
4 107
4 113
4 122
4 123
4 124
4 127
4 128
4 137
4 140
4 143
4 144
4 148
4 151
5 6
5 7
5 8
5 9
5 10
5 11
5 12
5 13
5 14
5 15
5 16
5 17
5 18
5 19
5 20
5 21
5 22
5 23
5 24
5 25
5 26
5 27
5 30
5 33
5 41
5 42
5 48
5 54
5 66
5 67
5 74
5 77
5 79
5 87
5 88
5 92
5 95
5 97
5 113
5 118
5 119
5 121
5 133
5 134
5 136
5 151
6 7
6 8
6 9
6 10
6 11
6 12
6 13
6 14
6 15
6 16
6 17
6 18
6 19
6 20
6 21
6 22
6 23
6 24
6 25
6 26
6 27
6 31
6 58
6 76
6 91
6 92
6 101
6 107
6 108
6 121
6 122
6 124
6 136
6 140
6 145
6 146
6 148
7 8
7 9
7 10
7 11
7 12
7 13
7 14
7 15
7 16
7 17
7 18
7 19
7 20
7 21
7 22
7 23
7 24
7 25
7 26
7 27
7 36
7 42
7 44
7 49
7 58
7 73
7 74
7 75
7 79
7 81
7 83
7 84
7 88
7 92
7 94
7 98
7 101
7 104
7 111
7 112
7 119
7 122
7 123
7 124
7 128
7 129
7 134
7 139
7 141
7 146
7 148
8 9
8 10
8 11
8 12
8 13
8 14
8 15
8 16
8 17
8 18
8 19
8 20
8 21
8 22
8 23
8 24
8 25
8 26
8 27
8 30
8 34
8 37
8 38
8 41
8 43
8 53
8 55
8 57
8 58
8 59
8 61
8 63
8 64
8 68
8 72
8 80
8 89
8 94
8 112
8 113
8 114
8 118
8 124
8 128
8 129
8 132
8 138
8 148
9 10
9 11
9 12
9 13
9 14
9 15
9 16
9 17
9 18
9 19
9 20
9 21
9 22
9 23
9 24
9 25
9 26
9 27
9 30
9 31
9 34
9 35
9 36
9 37
9 38
9 40
9 49
9 54
9 61
9 68
9 72
9 79
9 89
9 90
9 91
9 97
9 98
9 105
9 106
9 110
9 112
9 118
9 120
9 121
9 130
9 134
9 147
9 151
10 11
10 12
10 13
10 14
10 15
10 16
10 17
10 18
10 19
10 20
10 21
10 22
10 23
10 24
10 25
10 26
10 27
10 32
10 33
10 35
10 36
10 39
10 45
10 50
10 51
10 56
10 59
10 61
10 64
10 70
10 71
10 74
10 77
10 82
10 83
10 89
10 91
10 94
10 98
10 101
10 105
10 109
10 118
10 126
10 129
10 131
10 146
11 12
11 13
11 14
11 15
11 16
11 17
11 18
11 19
11 20
11 21
11 22
11 23
11 24
11 25
11 26
11 27
11 33
11 34
11 37
11 38
11 41
11 45
11 46
11 49
11 54
11 59
11 66
11 68
11 77
11 79
11 86
11 96
11 103
11 107
11 109
11 110
11 114
11 121
11 124
11 129
11 130
11 138
11 141
11 142
11 147
12 13
12 14
12 15
12 16
12 17
12 18
12 19
12 20
12 21
12 22
12 23
12 24
12 25
12 26
12 27
12 29
12 30
12 37
12 49
12 51
12 59
12 65
12 66
12 78
12 81
12 83
12 85
12 86
12 89
12 91
12 92
12 104
12 109
12 110
12 118
12 121
12 127
12 131
12 136
12 142
12 145
12 146
12 148
13 14
13 15
13 16
13 17
13 18
13 19
13 20
13 21
13 22
13 23
13 24
13 25
13 26
13 27
13 31
13 32
13 36
13 38
13 41
13 42
13 46
13 56
13 71
13 74
13 81
13 85
13 87
13 91
13 92
13 94
13 101
13 102
13 105
13 107
13 108
13 110
13 111
13 122
13 126
13 128
13 136
13 138
13 143
13 144
13 148
13 151
14 15
14 16
14 17
14 18
14 19
14 20
14 21
14 22
14 23
14 24
14 25
14 26
14 27
14 31
14 36
14 46
14 50
14 53
14 58
14 61
14 64
14 74
14 75
14 78
14 81
14 82
14 84
14 86
14 89
14 92
14 93
14 100
14 107
14 113
14 118
14 130
14 131
15 16
15 17
15 18
15 19
15 20
15 21
15 22
15 23
15 24
15 25
15 26
15 27
15 29
15 38
15 42
15 43
15 58
15 61
15 63
15 70
15 77
15 85
15 98
15 108
15 120
15 124
15 125
15 126
15 133
15 137
15 139
15 141
15 146
15 148
15 149
16 17
16 18
16 19
16 20
16 21
16 22
16 23
16 24
16 25
16 26
16 27
16 29
16 33
16 37
16 39
16 43
16 57
16 58
16 61
16 63
16 72
16 76
16 77
16 83
16 88
16 89
16 90
16 98
16 100
16 102
16 106
16 109
16 110
16 115
16 116
16 119
16 123
16 127
16 128
16 132
16 137
16 142
17 18
17 19
17 20
17 21
17 22
17 23
17 24
17 25
17 26
17 27
17 28
17 29
17 30
17 37
17 40
17 48
17 53
17 55
17 57
17 59
17 61
17 64
17 74
17 75
17 81
17 97
17 100
17 102
17 107
17 114
17 116
17 127
17 133
17 136
17 143
17 144
17 147
17 151
18 19
18 20
18 21
18 22
18 23
18 24
18 25
18 26
18 27
18 28
18 43
18 45
18 47
18 61
18 62
18 63
18 65
18 74
18 82
18 87
18 89
18 96
18 112
18 113
18 114
18 116
18 119
18 135
18 146
18 147
19 20
19 21
19 22
19 23
19 24
19 25
19 26
19 27
19 29
19 33
19 45
19 50
19 59
19 64
19 66
19 67
19 69
19 72
19 77
19 79
19 85
19 87
19 92
19 98
19 113
19 119
19 134
20 21
20 22
20 23
20 24
20 25
20 26
20 27
20 33
20 42
20 44
20 51
20 52
20 58
20 59
20 60
20 64
20 68
20 82
20 83
20 89
20 93
20 105
20 106
20 107
20 112
20 120
20 124
20 133
20 143
20 149
21 22
21 23
21 24
21 25
21 26
21 27
21 28
21 32
21 41
21 42
21 47
21 50
21 53
21 56
21 58
21 80
21 94
21 97
21 106
21 112
21 122
21 123
21 126
21 128
21 136
21 149
22 23
22 24
22 25
22 26
22 27
22 30
22 35
22 39
22 46
22 56
22 59
22 65
22 66
22 68
22 76
22 85
22 110
22 114
22 117
22 123
22 124
22 132
22 143
22 145
22 148
23 24
23 25
23 26
23 27
23 34
23 37
23 38
23 42
23 44
23 46
23 48
23 51
23 54
23 58
23 63
23 66
23 68
23 70
23 94
23 104
23 105
23 109
23 113
23 114
23 115
23 129
23 130
23 132
23 142
24 25
24 26
24 27
24 28
24 32
24 33
24 34
24 40
24 41
24 46
24 47
24 49
24 55
24 59
24 60
24 64
24 67
24 69
24 78
24 84
24 93
24 98
24 102
24 106
24 116
24 129
24 130
24 131
24 134
24 136
24 141
24 144
25 26
25 27
25 29
25 33
25 50
25 55
25 57
25 58
25 60
25 61
25 65
25 66
25 68
25 77
25 79
25 85
25 96
25 101
25 103
25 109
25 112
25 133
25 134
25 135
25 151
26 27
26 29
26 34
26 36
26 41
26 43
26 50
26 51
26 57
26 58
26 59
26 68
26 75
26 80
26 81
26 82
26 83
26 84
26 85
26 86
26 99
26 100
26 102
26 108
26 120
26 123
26 126
26 129
26 134
26 141
26 142
27 29
27 31
27 32
27 33
27 35
27 38
27 41
27 52
27 59
27 66
27 76
27 81
27 82
27 86
27 87
27 89
27 91
27 99
27 113
27 114
27 116
27 118
27 120
27 126
27 128
27 133
27 140
27 142
27 143
27 145
27 151
28 29
28 30
28 35
28 37
28 41
28 43
28 45
28 46
28 47
28 52
28 57
28 62
28 63
28 68
28 71
28 84
28 92
28 98
28 106
28 129
28 133
28 135
28 137
28 139
28 140
28 141
28 142
28 146
28 151
29 30
29 32
29 40
29 46
29 50
29 55
29 62
29 65
29 68
29 69
29 70
29 72
29 76
29 81
29 82
29 101
29 103
29 113
29 117
29 126
29 128
29 132
29 141
30 31
30 39
30 42
30 44
30 46
30 50
30 51
30 54
30 56
30 57
30 62
30 66
30 73
30 75
30 76
30 78
30 79
30 81
30 82
30 97
30 98
30 105
30 106
30 107
30 109
30 116
30 118
30 122
30 123
30 138
30 139
30 148
31 33
31 38
31 39
31 42
31 49
31 50
31 57
31 58
31 63
31 69
31 71
31 74
31 80
31 82
31 83
31 92
31 94
31 101
31 117
31 123
31 124
31 126
31 127
31 129
31 136
31 143
31 148
31 149
32 58
32 60
32 62
32 65
32 70
32 71
32 76
32 79
32 82
32 83
32 90
32 98
32 105
32 106
32 107
32 108
32 110
32 113
32 114
32 122
32 123
32 124
32 127
32 132
32 137
33 35
33 37
33 39
33 48
33 49
33 57
33 61
33 64
33 69
33 89
33 90
33 91
33 101
33 103
33 115
33 121
33 123
33 125
33 135
33 136
33 137
33 139
33 146
33 150
34 36
34 43
34 49
34 53
34 55
34 56
34 61
34 69
34 75
34 77
34 83
34 86
34 88
34 95
34 104
34 106
34 113
34 128
34 136
34 138
34 139
34 140
34 143
34 147
34 148
34 150
34 151
35 40
35 41
35 43
35 44
35 48
35 52
35 58
35 64
35 68
35 70
35 73
35 74
35 79
35 86
35 95
35 99
35 101
35 102
35 103
35 106
35 114
35 116
35 117
35 120
35 123
35 124
35 126
35 128
35 132
35 133
35 136
35 137
35 143
35 144
35 147
36 38
36 50
36 56
36 57
36 65
36 66
36 68
36 69
36 80
36 81
36 101
36 104
36 108
36 111
36 123
36 125
36 126
36 134
36 137
36 141
36 142
36 145
36 147
36 148
36 149
37 38
37 39
37 40
37 57
37 62
37 67
37 79
37 81
37 82
37 84
37 93
37 106
37 113
37 115
37 119
37 121
37 122
37 126
37 142
37 147
37 151
38 49
38 50
38 58
38 61
38 63
38 68
38 71
38 74
38 75
38 93
38 107
38 111
38 113
38 125
38 131
38 133
38 137
38 147
39 45
39 51
39 59
39 62
39 66
39 67
39 71
39 73
39 78
39 79
39 93
39 96
39 101
39 102
39 109
39 124
39 127
39 141
39 151
40 43
40 48
40 50
40 52
40 63
40 65
40 67
40 70
40 71
40 85
40 117
40 119
40 124
40 146
40 147
40 150
41 42
41 44
41 50
41 56
41 59
41 61
41 67
41 71
41 72
41 76
41 83
41 84
41 86
41 88
41 91
41 96
41 100
41 123
41 125
41 126
41 127
41 132
41 134
41 135
41 143
41 149
41 151
42 47
42 48
42 51
42 52
42 55
42 57
42 63
42 76
42 78
42 91
42 97
42 99
42 117
42 118
42 130
42 140
43 50
43 57
43 65
43 71
43 72
43 92
43 101
43 104
43 106
43 111
43 112
43 113
43 125
43 129
43 140
43 149
44 51
44 62
44 73
44 81
44 84
44 88
44 90
44 91
44 92
44 98
44 99
44 104
44 112
44 114
44 132
44 134
44 136
44 139
44 148
45 48
45 55
45 60
45 61
45 63
45 64
45 68
45 71
45 72
45 73
45 75
45 80
45 81
45 83
45 94
45 97
45 99
45 109
45 110
45 116
45 117
45 120
45 147
45 148
46 48
46 50
46 51
46 66
46 68
46 71
46 74
46 76
46 89
46 97
46 98
46 100
46 105
46 107
46 110
46 113
46 116
46 118
46 122
46 130
46 134
46 136
46 137
46 139
47 48
47 58
47 60
47 61
47 63
47 86
47 88
47 101
47 102
47 106
47 113
47 119
47 122
47 126
47 142
47 148
48 51
48 59
48 64
48 70
48 71
48 73
48 75
48 83
48 84
48 89
48 99
48 111
48 112
48 114
48 116
48 119
48 138
48 143
48 144
49 61
49 62
49 63
49 69
49 87
49 88
49 93
49 99
49 103
49 105
49 108
49 118
49 128
49 131
49 137
49 140
49 145
50 51
50 57
50 59
50 73
50 76
50 79
50 81
50 94
50 101
50 102
50 105
50 111
50 117
50 132
50 135
50 139
50 150
51 52
51 54
51 63
51 66
51 77
51 88
51 100
51 101
51 113
51 114
51 123
51 137
51 142
51 150
52 62
52 72
52 74
52 76
52 77
52 78
52 84
52 88
52 89
52 101
52 103
52 104
52 106
52 112
52 113
52 114
52 116
52 122
52 123
52 126
52 128
52 143
53 54
53 55
53 60
53 67
53 78
53 91
53 92
53 94
53 100
53 104
53 115
53 121
53 125
53 132
53 139
54 59
54 62
54 63
54 74
54 75
54 77
54 102
54 103
54 111
54 123
54 125
54 135
54 136
54 138
54 141
54 143
54 148
55 62
55 65
55 69
55 70
55 74
55 79
55 82
55 83
55 84
55 92
55 95
55 98
55 99
55 100
55 103
55 105
55 108
55 110
55 112
55 115
55 127
55 137
55 139
55 144
56 57
56 64
56 73
56 82
56 93
56 94
56 98
56 102
56 106
56 107
56 108
56 111
56 128
56 135
56 139
57 67
57 76
57 82
57 85
57 86
57 90
57 93
57 94
57 100
57 101
57 111
57 120
57 121
57 123
57 139
57 141
57 150
58 76
58 81
58 86
58 91
58 92
58 99
58 101
58 109
58 120
58 141
58 146
58 148
59 60
59 61
59 83
59 95
59 100
59 103
59 112
59 113
59 116
59 126
59 132
59 133
59 140
59 144
59 145
59 149
60 64
60 66
60 67
60 71
60 77
60 84
60 86
60 88
60 90
60 91
60 92
60 93
60 102
60 104
60 110
60 111
60 117
60 124
60 125
60 126
60 127
60 132
60 136
60 137
60 138
60 139
60 143
60 150
61 65
61 79
61 81
61 82
61 89
61 93
61 97
61 103
61 113
61 116
61 123
61 133
61 144
61 148
62 66
62 67
62 68
62 69
62 73
62 74
62 78
62 79
62 83
62 86
62 91
62 92
62 95
62 99
62 104
62 107
62 110
62 115
62 116
62 129
62 136
62 151
63 66
63 72
63 80
63 81
63 85
63 87
63 100
63 101
63 110
63 118
63 119
63 132
63 133
63 136
63 137
63 141
63 143
63 145
63 148
64 71
64 74
64 79
64 89
64 92
64 94
64 104
64 112
64 114
64 117
64 122
64 130
64 147
65 68
65 80
65 82
65 87
65 98
65 104
65 108
65 110
65 120
65 126
65 132
65 133
65 134
65 135
65 137
65 140
65 150
65 151
66 67
66 77
66 81
66 82
66 84
66 91
66 105
66 109
66 110
66 116
66 119
66 125
66 134
66 136
66 138
66 143
66 144
66 145
67 80
67 81
67 88
67 96
67 99
67 102
67 115
67 117
67 120
67 121
67 123
67 127
67 128
67 131
67 133
67 140
67 141
67 143
67 146
68 74
68 82
68 84
68 87
68 92
68 99
68 106
68 107
68 109
68 119
68 122
68 124
68 125
68 134
68 138
68 143
68 149
68 150
69 87
69 88
69 93
69 97
69 107
69 113
69 114
69 116
69 125
69 131
69 148
69 150
69 151
70 94
70 95
70 100
70 101
70 103
70 104
70 106
70 112
70 113
70 130
70 141
70 143
70 145
70 146
71 74
71 75
71 81
71 87
71 96
71 106
71 113
71 117
71 118
71 119
71 130
71 138
71 139
72 77
72 80
72 85
72 86
72 98
72 100
72 102
72 108
72 111
72 115
72 125
72 136
72 140
73 83
73 86
73 93
73 99
73 105
73 127
73 129
73 131
73 134
73 137
73 150
74 78
74 80
74 83
74 85
74 92
74 93
74 95
74 99
74 102
74 111
74 119
74 120
74 128
74 129
74 131
74 140
74 149
74 150
75 85
75 93
75 94
75 96
75 102
75 107
75 112
75 119
75 127
75 146
75 147
76 80
76 85
76 87
76 92
76 98
76 100
76 102
76 108
76 119
76 121
76 127
76 129
76 137
76 147
76 150
77 78
77 92
77 93
77 106
77 112
77 117
77 127
77 129
77 131
77 137
77 140
77 144
77 145
77 147
77 148
77 149
78 84
78 107
78 112
78 117
78 118
78 119
78 122
78 124
78 127
78 128
78 130
78 133
78 138
78 147
79 88
79 92
79 102
79 108
79 109
79 110
79 119
79 121
79 122
79 131
79 145
79 151
80 84
80 85
80 88
80 91
80 99
80 100
80 102
80 107
80 109
80 121
80 124
80 127
80 131
80 141
80 144
80 146
80 147
80 149
81 83
81 85
81 86
81 88
81 99
81 101
81 106
81 114
81 123
81 125
81 126
81 139
81 140
81 142
81 146
81 147
81 150
82 87
82 96
82 97
82 101
82 106
82 108
82 115
82 117
82 124
82 131
82 135
82 140
83 87
83 91
83 94
83 98
83 99
83 105
83 107
83 110
83 113
83 118
83 129
83 130
83 132
83 134
83 136
83 138
83 141
83 142
84 91
84 97
84 99
84 115
84 122
84 123
84 133
84 138
84 141
84 144
84 148
85 88
85 89
85 92
85 105
85 107
85 108
85 111
85 125
85 129
85 131
85 134
85 143
85 146
85 147
85 149
86 96
86 100
86 109
86 110
86 113
86 114
86 115
86 131
86 133
86 134
86 138
86 141
86 146
86 149
87 88
87 96
87 99
87 110
87 114
87 115
87 118
87 131
87 136
87 144
87 145
88 89
88 105
88 113
88 121
88 126
88 127
88 142
88 146
88 151
89 98
89 102
89 124
89 127
89 128
89 130
89 133
89 140
89 142
89 146
89 147
90 114
90 116
90 120
90 128
90 133
90 135
91 100
91 104
91 109
91 119
91 126
91 151
92 99
92 102
92 108
92 110
92 115
92 118
92 123
92 126
92 128
92 136
92 138
92 143
92 145
92 148
92 149
93 95
93 96
93 97
93 99
93 100
93 104
93 110
93 121
93 123
93 125
93 128
93 129
93 132
93 135
93 137
93 145
93 148
94 102
94 103
94 118
94 122
94 126
94 127
94 128
94 130
94 132
94 133
94 135
94 143
94 145
94 147
94 150
94 151
95 96
95 98
95 100
95 109
95 118
95 120
95 125
95 138
95 140
95 148
96 106
96 110
96 115
96 116
96 117
96 124
96 130
96 131
96 132
96 134
96 137
96 141
96 145
96 149
97 104
97 109
97 115
97 118
97 122
97 125
97 135
97 136
97 137
97 144
97 146
98 103
98 106
98 109
98 110
98 112
98 129
98 133
98 134
98 136
98 138
98 144
98 145
98 150
99 111
99 113
99 117
99 122
99 126
99 131
99 134
99 137
99 138
99 139
99 142
99 143
99 145
99 146
99 149
100 102
100 106
100 120
100 122
100 123
100 130
100 135
100 137
100 141
100 143
100 150
101 113
101 118
101 119
101 134
101 140
101 142
102 106
102 114
102 115
102 116
102 120
102 123
102 128
102 131
102 132
102 135
102 138
102 140
102 142
102 144
102 147
102 151
103 107
103 120
103 122
103 127
103 131
103 135
103 138
103 143
103 145
103 146
103 148
103 149
103 150
104 113
104 115
104 121
104 122
104 123
104 127
104 134
104 135
104 138
104 145
104 150
105 109
105 110
105 111
105 113
105 125
105 135
105 138
105 139
105 141
105 146
105 148
106 107
106 113
106 114
106 125
106 145
106 146
106 151
107 109
107 113
107 114
107 127
107 130
107 135
107 136
107 141
107 145
107 147
107 150
107 151
108 111
108 115
108 123
108 124
108 126
108 132
108 133
108 135
108 136
108 143
108 148
108 149
109 111
109 112
109 129
109 136
109 146
110 113
110 116
110 117
110 119
110 124
110 127
110 150
110 151
111 117
111 120
111 126
111 144
111 146
111 147
111 150
112 123
112 124
112 127
112 130
112 145
112 149
113 131
113 134
114 115
114 118
114 119
114 121
114 123
114 125
114 130
114 133
114 134
114 136
114 139
114 140
114 142
114 145
114 146
114 151
115 121
115 124
115 125
115 127
115 131
115 134
115 135
115 141
115 143
115 146
115 151
116 119
116 124
116 125
116 128
116 133
116 136
116 137
116 138
116 140
116 142
116 151
117 119
117 136
117 144
117 145
117 149
118 121
118 123
118 126
118 127
118 128
118 130
118 138
118 147
118 150
119 125
119 132
119 133
119 136
119 138
119 140
119 150
120 122
120 125
120 130
120 133
120 134
120 141
120 143
120 148
120 149
121 124
121 132
121 135
121 143
121 144
122 124
122 126
122 134
122 143
122 148
122 151
123 125
123 127
123 133
123 142
123 149
124 125
124 127
124 128
124 134
124 135
124 138
124 141
124 146
124 148
124 150
124 151
125 130
125 132
125 134
125 137
125 142
125 145
125 149
126 133
126 144
126 148
127 130
127 133
127 141
127 144
127 151
128 133
128 134
128 143
128 146
128 148
129 147
129 151
130 136
130 138
130 142
131 132
131 138
131 140
131 141
131 149
131 150
131 151
132 133
132 134
132 141
132 149
132 150
133 141
133 151
134 136
134 137
134 140
134 143
135 137
135 139
135 141
135 150
135 151
136 139
136 144
136 148
136 150
137 144
137 146
138 145
138 146
138 147
138 149
139 144
140 145
140 146
140 147
140 151
141 143
141 149
141 150
141 151
142 145
142 146
143 144
143 149
145 147
145 151
147 151
