167 3052
1 2
1 3
1 4
1 5
1 6
1 7
1 8
1 9
1 10
1 11
1 12
1 13
1 14
1 15
1 16
1 17
1 18
1 19
1 20
1 21
1 22
1 23
1 24
1 27
1 28
1 29
1 30
1 37
1 40
1 48
1 53
1 55
1 57
1 59
1 61
1 64
1 74
1 75
1 81
1 97
1 100
1 102
1 107
1 114
1 116
1 127
1 133
1 136
1 143
1 144
1 147
1 151
1 155
1 157
1 159
2 3
2 4
2 5
2 6
2 7
2 8
2 9
2 10
2 11
2 12
2 13
2 14
2 15
2 16
2 17
2 18
2 19
2 20
2 21
2 22
2 23
2 24
2 28
2 43
2 45
2 47
2 61
2 62
2 63
2 65
2 74
2 82
2 87
2 89
2 96
2 112
2 113
2 114
2 116
2 119
2 135
2 146
2 147
2 156
2 162
2 167
3 4
3 5
3 6
3 7
3 8
3 9
3 10
3 11
3 12
3 13
3 14
3 15
3 16
3 17
3 18
3 19
3 20
3 21
3 22
3 23
3 24
3 29
3 33
3 45
3 50
3 59
3 64
3 66
3 67
3 69
3 72
3 77
3 79
3 85
3 87
3 92
3 98
3 113
3 119
3 134
3 154
3 157
3 160
3 162
3 164
4 5
4 6
4 7
4 8
4 9
4 10
4 11
4 12
4 13
4 14
4 15
4 16
4 17
4 18
4 19
4 20
4 21
4 22
4 23
4 24
4 27
4 33
4 42
4 44
4 51
4 52
4 58
4 59
4 60
4 64
4 68
4 82
4 83
4 89
4 93
4 105
4 106
4 107
4 112
4 120
4 124
4 133
4 143
4 149
4 154
4 163
4 164
4 165
4 166
5 6
5 7
5 8
5 9
5 10
5 11
5 12
5 13
5 14
5 15
5 16
5 17
5 18
5 19
5 20
5 21
5 22
5 23
5 24
5 26
5 28
5 32
5 41
5 42
5 47
5 50
5 53
5 56
5 58
5 80
5 94
5 97
5 106
5 112
5 122
5 123
5 126
5 128
5 136
5 149
5 152
5 157
5 159
5 165
6 7
6 8
6 9
6 10
6 11
6 12
6 13
6 14
6 15
6 16
6 17
6 18
6 19
6 20
6 21
6 22
6 23
6 24
6 30
6 35
6 39
6 46
6 56
6 59
6 65
6 66
6 68
6 76
6 85
6 110
6 114
6 117
6 123
6 124
6 132
6 143
6 145
6 148
6 152
6 159
6 165
6 166
7 8
7 9
7 10
7 11
7 12
7 13
7 14
7 15
7 16
7 17
7 18
7 19
7 20
7 21
7 22
7 23
7 24
7 25
7 27
7 34
7 37
7 38
7 42
7 44
7 46
7 48
7 51
7 54
7 58
7 63
7 66
7 68
7 70
7 94
7 104
7 105
7 109
7 113
7 114
7 115
7 129
7 130
7 132
7 142
7 155
7 163
8 9
8 10
8 11
8 12
8 13
8 14
8 15
8 16
8 17
8 18
8 19
8 20
8 21
8 22
8 23
8 24
8 28
8 32
8 33
8 34
8 40
8 41
8 46
8 47
8 49
8 55
8 59
8 60
8 64
8 67
8 69
8 78
8 84
8 93
8 98
8 102
8 106
8 116
8 129
8 130
8 131
8 134
8 136
8 141
8 144
8 153
8 158
8 162
8 164
8 165
8 167
9 10
9 11
9 12
9 13
9 14
9 15
9 16
9 17
9 18
9 19
9 20
9 21
9 22
9 23
9 24
9 29
9 33
9 50
9 55
9 57
9 58
9 60
9 61
9 65
9 66
9 68
9 77
9 79
9 85
9 96
9 101
9 103
9 109
9 112
9 133
9 134
9 135
9 151
9 163
9 166
10 11
10 12
10 13
10 14
10 15
10 16
10 17
10 18
10 19
10 20
10 21
10 22
10 23
10 24
10 25
10 29
10 34
10 36
10 41
10 43
10 50
10 51
10 57
10 58
10 59
10 68
10 75
10 80
10 81
10 82
10 83
10 84
10 85
10 86
10 99
10 100
10 102
10 108
10 120
10 123
10 126
10 129
10 134
10 141
10 142
11 12
11 13
11 14
11 15
11 16
11 17
11 18
11 19
11 20
11 21
11 22
11 23
11 24
11 29
11 31
11 32
11 33
11 35
11 38
11 41
11 52
11 59
11 66
11 76
11 81
11 82
11 86
11 87
11 89
11 91
11 99
11 113
11 114
11 116
11 118
11 120
11 126
11 128
11 133
11 140
11 142
11 143
11 145
11 151
11 153
11 156
12 13
12 14
12 15
12 16
12 17
12 18
12 19
12 20
12 21
12 22
12 23
12 24
12 35
12 37
12 41
12 43
12 45
12 46
12 47
12 52
12 57
12 62
12 63
12 68
12 71
12 84
12 92
12 98
12 106
12 129
12 133
12 135
12 137
12 139
12 140
12 141
12 142
12 146
12 151
12 158
13 14
13 15
13 16
13 17
13 18
13 19
13 20
13 21
13 22
13 23
13 24
13 25
13 32
13 40
13 46
13 50
13 55
13 62
13 65
13 68
13 69
13 70
13 72
13 76
13 81
13 82
13 101
13 103
13 113
13 117
13 126
13 128
13 132
13 141
13 162
14 15
14 16
14 17
14 18
14 19
14 20
14 21
14 22
14 23
14 24
14 27
14 31
14 39
14 42
14 44
14 46
14 50
14 51
14 54
14 56
14 57
14 62
14 66
14 73
14 75
14 76
14 78
14 79
14 81
14 82
14 97
14 98
14 105
14 106
14 107
14 109
14 116
14 118
14 122
14 123
14 138
14 139
14 148
14 154
14 160
14 162
14 163
14 164
15 16
15 17
15 18
15 19
15 20
15 21
15 22
15 23
15 24
15 25
15 27
15 29
15 31
15 33
15 38
15 39
15 42
15 49
15 50
15 57
15 58
15 63
15 69
15 71
15 74
15 80
15 82
15 83
15 92
15 94
15 101
15 117
15 123
15 124
15 126
15 127
15 129
15 136
15 143
15 148
15 149
15 158
15 160
16 17
16 18
16 19
16 20
16 21
16 22
16 23
16 24
16 27
16 58
16 60
16 62
16 65
16 70
16 71
16 76
16 79
16 82
16 83
16 90
16 98
16 105
16 106
16 107
16 108
16 110
16 113
16 114
16 122
16 123
16 124
16 127
16 132
16 137
16 152
16 156
16 157
16 161
17 18
17 19
17 20
17 21
17 22
17 23
17 24
17 25
17 28
17 35
17 37
17 39
17 48
17 49
17 57
17 61
17 64
17 69
17 89
17 90
17 91
17 101
17 103
17 115
17 121
17 123
17 125
17 135
17 136
17 137
17 139
17 146
17 150
17 155
17 157
17 163
17 166
18 19
18 20
18 21
18 22
18 23
18 24
18 25
18 29
18 34
18 36
18 43
18 49
18 53
18 55
18 56
18 61
18 69
18 75
18 77
18 83
18 86
18 88
18 95
18 104
18 106
18 113
18 128
18 136
18 138
18 139
18 140
18 143
18 147
18 148
18 150
18 151
19 20
19 21
19 22
19 23
19 24
19 27
19 31
19 34
19 40
19 41
19 43
19 44
19 48
19 52
19 58
19 64
19 68
19 70
19 73
19 74
19 79
19 86
19 95
19 99
19 101
19 102
19 103
19 106
19 114
19 116
19 117
19 120
19 123
19 124
19 126
19 128
19 132
19 133
19 136
19 137
19 143
19 144
19 147
19 155
19 163
19 166
20 21
20 22
20 23
20 24
20 25
20 30
20 33
20 38
20 50
20 56
20 57
20 65
20 66
20 68
20 69
20 80
20 81
20 101
20 104
20 108
20 111
20 123
20 125
20 126
20 134
20 137
20 141
20 142
20 145
20 147
20 148
20 149
20 155
20 158
20 160
20 163
21 22
21 23
21 24
21 36
21 38
21 39
21 40
21 57
21 62
21 67
21 79
21 81
21 82
21 84
21 93
21 106
21 113
21 115
21 119
21 121
21 122
21 126
21 142
21 147
21 151
21 162
21 165
22 23
22 24
22 36
22 49
22 50
22 58
22 61
22 63
22 68
22 71
22 74
22 75
22 93
22 107
22 111
22 113
22 125
22 131
22 133
22 137
22 147
22 156
22 161
23 24
23 25
23 38
23 45
23 51
23 59
23 62
23 66
23 67
23 71
23 73
23 78
23 79
23 93
23 96
23 101
23 102
23 109
23 124
23 127
23 141
23 151
23 152
23 153
23 164
24 25
24 27
24 29
24 33
24 37
24 43
24 48
24 50
24 52
24 63
24 65
24 67
24 70
24 71
24 85
24 117
24 119
24 124
24 146
24 147
24 150
24 165
24 167
25 26
25 27
25 28
25 29
25 30
25 31
25 32
25 33
25 42
25 44
25 50
25 56
25 59
25 61
25 67
25 71
25 72
25 76
25 83
25 84
25 86
25 88
25 91
25 96
25 100
25 123
25 125
25 126
25 127
25 132
25 134
25 135
25 143
25 149
25 151
25 156
25 158
25 160
26 27
26 28
26 29
26 30
26 31
26 32
26 33
26 47
26 48
26 51
26 52
26 55
26 57
26 63
26 76
26 78
26 91
26 97
26 99
26 117
26 118
26 130
26 140
26 163
26 166
27 28
27 29
27 30
27 31
27 32
27 33
27 42
27 50
27 57
27 65
27 71
27 72
27 92
27 101
27 104
27 106
27 111
27 112
27 113
27 125
27 129
27 140
27 149
27 157
27 164
28 29
28 30
28 31
28 32
28 33
28 35
28 41
28 51
28 62
28 73
28 81
28 84
28 88
28 90
28 91
28 92
28 98
28 99
28 104
28 112
28 114
28 132
28 134
28 136
28 139
28 148
28 153
28 154
28 163
29 30
29 31
29 32
29 33
29 38
29 48
29 55
29 60
29 61
29 63
29 64
29 68
29 71
29 72
29 73
29 75
29 80
29 81
29 83
29 94
29 97
29 99
29 109
29 110
29 116
29 117
29 120
29 147
29 148
29 156
29 159
29 164
29 165
29 167
30 31
30 32
30 33
30 37
30 38
30 41
30 42
30 45
30 46
30 48
30 50
30 51
30 66
30 68
30 71
30 74
30 76
30 89
30 97
30 98
30 100
30 105
30 107
30 110
30 113
30 116
30 118
30 122
30 130
30 134
30 136
30 137
30 139
30 154
30 155
30 156
30 157
31 32
31 33
31 36
31 48
31 58
31 60
31 61
31 63
31 86
31 88
31 101
31 102
31 106
31 113
31 119
31 122
31 126
31 142
31 148
31 155
31 158
32 33
32 36
32 43
32 45
32 51
32 59
32 64
32 70
32 71
32 73
32 75
32 83
32 84
32 89
32 99
32 111
32 112
32 114
32 116
32 119
32 138
32 143
32 144
32 153
32 157
32 160
32 161
32 162
32 166
33 34
33 47
33 61
33 62
33 63
33 69
33 87
33 88
33 93
33 99
33 103
33 105
33 108
33 118
33 128
33 131
33 137
33 140
33 145
33 153
33 156
33 160
34 38
34 41
34 45
34 46
34 49
34 50
34 51
34 57
34 59
34 73
34 76
34 79
34 81
34 94
34 101
34 102
34 105
34 111
34 117
34 132
34 135
34 139
34 150
34 152
34 155
34 158
34 159
34 160
34 162
35 40
35 42
35 44
35 45
35 52
35 54
35 63
35 66
35 77
35 88
35 100
35 101
35 113
35 114
35 123
35 137
35 142
35 150
35 161
35 163
35 164
36 41
36 47
36 62
36 72
36 74
36 76
36 77
36 78
36 84
36 88
36 89
36 101
36 103
36 104
36 106
36 112
36 113
36 114
36 116
36 122
36 123
36 126
36 128
36 143
36 165
36 166
37 40
37 41
37 47
37 48
37 54
37 55
37 60
37 67
37 78
37 91
37 92
37 94
37 100
37 104
37 115
37 121
37 125
37 132
37 139
37 154
37 156
37 158
37 160
37 166
38 49
38 59
38 62
38 63
38 74
38 75
38 77
38 102
38 103
38 111
38 123
38 125
38 135
38 136
38 138
38 141
38 143
38 148
38 156
38 163
38 165
38 167
39 44
39 49
39 52
39 62
39 65
39 69
39 70
39 74
39 79
39 82
39 83
39 84
39 92
39 95
39 98
39 99
39 100
39 103
39 105
39 108
39 110
39 112
39 115
39 127
39 137
39 139
39 144
39 153
39 157
39 160
39 162
40 41
40 43
40 45
40 47
40 48
40 56
40 57
40 64
40 73
40 82
40 93
40 94
40 98
40 102
40 106
40 107
40 108
40 111
40 128
40 135
40 139
40 164
41 47
41 48
41 49
41 56
41 67
41 76
41 82
41 85
41 86
41 90
41 93
41 94
41 100
41 101
41 111
41 120
41 121
41 123
41 139
41 141
41 150
41 154
41 155
41 167
42 47
42 57
42 76
42 81
42 86
42 91
42 92
42 99
42 101
42 109
42 120
42 141
42 146
42 148
42 162
43 46
43 48
43 49
43 59
43 60
43 61
43 83
43 95
43 100
43 103
43 112
43 113
43 116
43 126
43 132
43 133
43 140
43 144
43 145
43 149
43 160
44 46
44 49
44 50
44 51
44 52
44 64
44 66
44 67
44 71
44 77
44 84
44 86
44 88
44 90
44 91
44 92
44 93
44 102
44 104
44 110
44 111
44 117
44 124
44 125
44 126
44 127
44 132
44 136
44 137
44 138
44 139
44 143
44 150
44 157
44 160
44 165
45 47
45 52
45 55
45 56
45 57
45 60
45 65
45 79
45 81
45 82
45 89
45 93
45 97
45 103
45 113
45 116
45 123
45 133
45 144
45 148
45 154
45 155
45 160
45 161
46 66
46 67
46 68
46 69
46 73
46 74
46 78
46 79
46 83
46 86
46 91
46 92
46 95
46 99
46 104
46 107
46 110
46 115
46 116
46 129
46 136
46 151
46 152
46 156
46 164
46 167
47 54
47 66
47 72
47 80
47 81
47 85
47 87
47 100
47 101
47 110
47 118
47 119
47 132
47 133
47 136
47 137
47 141
47 143
47 145
47 148
47 154
47 166
47 167
48 50
48 71
48 74
48 79
48 89
48 92
48 94
48 104
48 112
48 114
48 117
48 122
48 130
48 147
49 53
49 55
49 56
49 59
49 61
49 62
49 63
49 68
49 80
49 82
49 87
49 98
49 104
49 108
49 110
49 120
49 126
49 132
49 133
49 134
49 135
49 137
49 140
49 150
49 151
49 152
49 159
49 161
49 163
49 166
50 61
50 64
50 66
50 67
50 77
50 81
50 82
50 84
50 91
50 105
50 109
50 110
50 116
50 119
50 125
50 134
50 136
50 138
50 143
50 144
50 145
50 154
50 156
50 159
50 163
50 164
50 165
50 166
50 167
51 65
51 66
51 80
51 81
51 88
51 96
51 99
51 102
51 115
51 117
51 120
51 121
51 123
51 127
51 128
51 131
51 133
51 140
51 141
51 143
51 146
51 153
51 156
51 157
52 58
52 59
52 60
52 65
52 68
52 74
52 82
52 84
52 87
52 92
52 99
52 106
52 107
52 109
52 119
52 122
52 124
52 125
52 134
52 138
52 143
52 149
52 150
52 152
52 154
52 155
52 157
52 158
52 159
52 162
53 57
53 69
53 87
53 88
53 93
53 97
53 107
53 113
53 114
53 116
53 125
53 131
53 148
53 150
53 151
53 153
53 155
53 160
53 162
54 58
54 62
54 64
54 65
54 68
54 69
54 94
54 95
54 100
54 101
54 103
54 104
54 106
54 112
54 113
54 130
54 141
54 143
54 145
54 146
54 163
54 164
54 167
55 67
55 68
55 74
55 75
55 81
55 87
55 96
55 106
55 113
55 117
55 118
55 119
55 130
55 138
55 139
55 153
55 158
55 159
56 61
56 66
56 67
56 69
56 77
56 80
56 85
56 86
56 98
56 100
56 102
56 108
56 111
56 115
56 125
56 136
56 140
56 156
56 165
56 167
57 63
57 72
57 83
57 86
57 93
57 99
57 105
57 127
57 129
57 131
57 134
57 137
57 150
58 60
58 63
58 67
58 68
58 72
58 78
58 80
58 83
58 85
58 92
58 93
58 95
58 99
58 102
58 111
58 119
58 120
58 128
58 129
58 131
58 140
58 149
58 150
59 60
59 61
59 65
59 70
59 85
59 93
59 94
59 96
59 102
59 107
59 112
59 119
59 127
59 146
59 147
59 162
60 63
60 69
60 74
60 75
60 80
60 85
60 87
60 92
60 98
60 100
60 102
60 108
60 119
60 121
60 127
60 129
60 137
60 147
60 150
60 154
60 156
60 160
61 64
61 65
61 66
61 75
61 76
61 78
61 92
61 93
61 106
61 112
61 117
61 127
61 129
61 131
61 137
61 140
61 144
61 145
61 147
61 148
61 149
61 153
61 162
61 164
62 68
62 69
62 71
62 73
62 75
62 84
62 107
62 112
62 117
62 118
62 119
62 122
62 124
62 127
62 128
62 130
62 133
62 138
62 147
62 153
62 155
62 159
62 160
62 163
63 65
63 66
63 76
63 88
63 92
63 102
63 108
63 109
63 110
63 119
63 121
63 122
63 131
63 145
63 151
63 156
63 158
64 66
64 69
64 84
64 85
64 88
64 91
64 99
64 100
64 102
64 107
64 109
64 121
64 124
64 127
64 131
64 141
64 144
64 146
64 147
64 149
64 154
64 158
64 159
64 161
65 80
65 83
65 85
65 86
65 88
65 99
65 101
65 106
65 114
65 123
65 125
65 126
65 139
65 140
65 142
65 146
65 147
65 150
65 153
65 155
65 157
65 159
65 162
65 167
66 68
66 70
66 77
66 87
66 96
66 97
66 101
66 106
66 108
66 115
66 117
66 124
66 131
66 135
66 140
66 152
66 159
66 161
66 166
67 73
67 75
67 87
67 91
67 94
67 98
67 99
67 105
67 107
67 110
67 113
67 118
67 129
67 130
67 132
67 134
67 136
67 138
67 141
67 142
67 154
67 161
67 165
67 167
68 80
68 81
68 82
68 83
68 91
68 97
68 99
68 115
68 122
68 123
68 133
68 138
68 141
68 144
68 148
68 152
68 155
68 158
68 159
69 74
69 75
69 78
69 80
69 83
69 88
69 89
69 92
69 105
69 107
69 108
69 111
69 125
69 129
69 131
69 134
69 143
69 146
69 147
69 149
69 164
69 166
70 84
70 85
70 96
70 100
70 109
70 110
70 113
70 114
70 115
70 131
70 133
70 134
70 138
70 141
70 146
70 149
70 160
70 163
70 167
71 72
71 75
71 78
71 79
71 83
71 88
71 96
71 99
71 110
71 114
71 115
71 118
71 131
71 136
71 144
71 145
71 152
71 153
71 155
71 156
71 157
71 158
72 76
72 86
72 89
72 105
72 113
72 121
72 126
72 127
72 142
72 146
72 151
72 152
72 153
72 154
72 163
72 165
72 166
73 78
73 98
73 102
73 124
73 127
73 128
73 130
73 133
73 140
73 142
73 146
73 147
73 159
73 162
73 167
74 79
74 82
74 114
74 116
74 120
74 128
74 133
74 135
74 161
74 166
75 84
75 86
75 87
75 88
75 100
75 104
75 109
75 119
75 126
75 151
75 152
75 155
75 156
75 165
76 78
76 79
76 91
76 92
76 99
76 102
76 108
76 110
76 115
76 118
76 123
76 126
76 128
76 136
76 138
76 143
76 145
76 148
76 149
76 153
76 159
76 160
76 162
76 165
76 166
76 167
77 79
77 81
77 85
77 91
77 95
77 96
77 97
77 99
77 100
77 104
77 110
77 121
77 123
77 125
77 128
77 129
77 132
77 135
77 137
77 145
77 148
77 153
77 165
77 167
78 84
78 87
78 89
78 91
78 92
78 94
78 102
78 103
78 118
78 122
78 126
78 127
78 128
78 130
78 132
78 133
78 135
78 143
78 145
78 147
78 150
78 151
78 155
78 156
78 160
79 83
79 93
79 96
79 98
79 100
79 109
79 118
79 120
79 125
79 138
79 140
79 148
79 154
79 156
79 159
79 163
79 164
80 86
80 87
80 92
80 96
80 106
80 110
80 115
80 116
80 117
80 124
80 130
80 131
80 132
80 134
80 137
80 141
80 145
80 149
80 160
80 163
81 86
81 92
81 104
81 109
81 115
81 118
81 122
81 125
81 135
81 136
81 137
81 144
81 146
81 152
81 156
81 163
82 94
82 95
82 103
82 106
82 109
82 110
82 112
82 129
82 133
82 134
82 136
82 138
82 144
82 145
82 150
82 155
82 159
82 167
83 85
83 94
83 95
83 96
83 111
83 113
83 117
83 122
83 126
83 131
83 134
83 137
83 138
83 139
83 142
83 143
83 145
83 146
83 149
83 152
83 155
83 158
83 160
83 163
83 164
84 89
84 94
84 102
84 106
84 120
84 122
84 123
84 130
84 135
84 137
84 141
84 143
84 150
84 156
84 157
84 160
85 98
85 113
85 118
85 119
85 134
85 140
85 142
85 155
85 157
86 92
86 106
86 114
86 115
86 116
86 120
86 123
86 128
86 131
86 132
86 135
86 138
86 140
86 142
86 144
86 147
86 151
86 152
86 154
86 159
86 162
87 91
87 96
87 98
87 99
87 107
87 120
87 122
87 127
87 131
87 135
87 138
87 143
87 145
87 146
87 148
87 149
87 150
87 155
87 157
87 165
88 93
88 102
88 104
88 113
88 115
88 121
88 122
88 123
88 127
88 134
88 135
88 138
88 145
88 150
88 153
88 161
88 163
88 165
88 166
89 92
89 103
89 109
89 110
89 111
89 113
89 125
89 135
89 138
89 139
89 141
89 146
89 148
89 153
89 155
89 161
90 107
90 113
90 114
90 125
90 145
90 146
90 151
90 157
90 163
91 93
91 94
91 106
91 109
91 113
91 114
91 127
91 130
91 135
91 136
91 141
91 145
91 147
91 150
91 151
91 156
91 158
91 162
92 97
92 99
92 108
92 111
92 115
92 123
92 124
92 126
92 132
92 133
92 135
92 136
92 143
92 148
92 149
92 153
92 160
92 167
93 99
93 108
93 111
93 112
93 129
93 136
93 146
93 154
93 157
93 166
93 167
94 95
94 113
94 116
94 117
94 119
94 124
94 127
94 150
94 151
94 162
95 98
95 102
95 117
95 120
95 126
95 144
95 146
95 147
95 150
95 159
95 161
96 98
96 101
96 106
96 123
96 124
96 127
96 130
96 145
96 149
96 155
96 157
96 164
96 165
97 101
97 102
97 105
97 108
97 111
97 112
97 131
97 134
97 155
97 159
98 115
98 118
98 119
98 121
98 123
98 125
98 130
98 133
98 134
98 136
98 139
98 140
98 142
98 145
98 146
98 151
98 154
99 100
99 109
99 121
99 124
99 125
99 127
99 131
99 134
99 135
99 141
99 143
99 146
99 151
99 152
99 156
99 159
99 161
99 164
100 109
100 110
100 119
100 124
100 125
100 128
100 133
100 136
100 137
100 138
100 140
100 142
100 151
100 153
100 161
100 165
101 108
101 110
101 117
101 119
101 136
101 144
101 145
101 149
101 159
101 164
102 103
102 104
102 117
102 121
102 123
102 126
102 127
102 128
102 130
102 138
102 147
102 150
102 156
102 159
102 165
103 104
103 105
103 115
103 116
103 117
103 125
103 132
103 133
103 136
103 138
103 140
103 150
103 156
103 159
103 161
103 163
103 164
103 165
104 106
104 107
104 109
104 112
104 122
104 125
104 130
104 133
104 134
104 141
104 143
104 148
104 149
104 156
104 158
104 165
104 166
104 167
105 107
105 115
105 118
105 119
105 124
105 132
105 135
105 143
105 144
105 152
105 153
105 159
106 114
106 124
106 126
106 134
106 143
106 148
106 151
106 152
106 165
107 113
107 114
107 121
107 125
107 127
107 133
107 142
107 149
107 154
107 155
107 159
107 160
108 109
108 110
108 115
108 118
108 119
108 122
108 125
108 127
108 128
108 134
108 135
108 138
108 141
108 146
108 148
108 150
108 151
108 155
108 163
108 164
109 111
109 112
109 113
109 117
109 122
109 130
109 132
109 134
109 137
109 142
109 145
109 149
109 153
109 159
109 163
110 133
110 144
110 148
110 153
110 158
111 114
111 116
111 130
111 133
111 141
111 144
111 151
111 159
111 167
112 113
112 117
112 127
112 133
112 134
112 143
112 146
112 148
112 152
112 159
113 121
113 122
113 123
113 124
113 129
113 147
113 151
113 153
113 155
113 156
113 157
113 164
113 165
113 166
114 116
114 118
114 119
114 124
114 126
114 136
114 138
114 142
114 153
114 159
115 117
115 120
115 122
115 126
115 130
115 132
115 138
115 140
115 141
115 149
115 150
115 151
115 158
116 120
116 127
116 133
116 134
116 141
116 149
116 150
116 158
116 161
117 118
117 123
117 125
117 133
117 141
117 151
117 159
118 122
118 123
118 126
118 130
118 136
118 137
118 140
118 143
118 159
118 161
118 162
118 164
119 123
119 127
119 137
119 139
119 141
119 150
119 151
119 153
119 156
119 157
119 158
119 160
119 162
119 165
119 167
120 125
120 127
120 139
120 144
120 148
120 150
120 152
120 154
120 161
120 162
120 163
120 164
121 122
121 123
121 128
121 137
121 144
121 146
121 152
121 153
121 154
122 123
122 124
122 125
122 128
122 129
122 132
122 133
122 145
122 146
122 147
122 149
122 153
122 159
122 163
122 164
123 127
123 128
123 144
123 156
123 161
123 165
123 166
124 129
124 133
124 138
124 140
124 145
124 146
124 147
124 151
124 152
124 153
124 163
124 167
125 128
125 133
125 134
125 135
125 143
125 149
125 150
125 151
125 153
125 160
125 162
126 127
126 135
126 145
126 146
126 152
126 153
126 155
126 156
126 158
126 159
126 162
126 163
127 131
127 139
127 141
127 144
127 149
127 155
127 156
127 158
127 164
127 166
127 167
128 130
128 136
128 137
128 138
128 139
128 140
128 144
128 154
129 139
129 140
129 147
129 151
129 160
129 161
130 132
130 136
130 142
130 145
130 166
131 137
131 142
131 151
131 156
131 157
131 158
131 159
131 164
132 135
132 138
132 142
132 144
132 153
132 158
132 160
132 163
132 167
133 140
133 141
133 149
133 155
133 158
133 163
133 165
133 166
134 137
134 138
134 146
134 154
134 156
134 157
134 161
134 163
134 167
135 140
135 157
136 137
136 140
136 144
136 146
136 147
136 153
136 157
136 159
136 163
136 165
136 167
137 152
137 160
137 161
137 162
137 164
138 139
138 141
138 145
138 146
138 147
138 150
138 152
139 152
139 156
139 157
139 163
139 167
140 144
140 148
140 151
140 155
140 156
140 160
140 165
141 146
141 151
141 153
141 156
141 157
141 163
141 165
142 147
142 154
142 157
142 160
142 162
142 165
142 167
143 144
143 147
143 153
143 161
143 164
144 147
144 151
144 154
144 160
144 161
145 152
145 154
145 157
145 163
146 151
146 152
146 155
146 163
147 148
147 155
147 156
148 150
148 158
148 162
148 166
149 162
149 167
150 152
150 159
151 158
151 159
151 161
152 154
152 155
152 156
152 167
153 158
153 162
153 164
153 165
153 167
154 156
154 162
155 160
155 164
156 158
156 161
156 165
157 159
157 161
157 163
157 166
157 167
158 165
159 163
161 165
162 163
163 165
