32 97
1 2
1 3
1 5
1 23
1 29
1 31
2 3
2 6
2 17
2 19
3 5
3 19
4 12
4 25
4 31
5 6
5 8
5 13
5 18
5 26
5 32
6 8
6 11
6 18
6 19
6 20
6 30
6 32
7 21
7 28
7 32
8 18
8 28
8 29
9 12
9 20
9 22
9 25
9 26
9 27
9 32
10 11
10 13
10 14
10 15
10 16
10 19
10 21
10 30
11 21
11 24
11 26
11 27
11 30
12 20
12 25
13 17
13 24
13 30
14 16
14 20
14 21
14 24
14 26
14 28
15 22
15 23
15 24
15 28
15 31
16 21
16 31
16 32
17 21
17 29
18 20
18 28
18 32
19 21
19 22
19 26
20 24
20 28
20 30
21 22
21 30
22 23
22 24
23 24
23 30
23 31
23 32
27 28
27 32
28 31
28 32
30 32
