184 3390
1 2
1 3
1 4
1 5
1 6
1 7
1 8
1 15
1 19
1 26
1 32
1 33
1 39
1 40
1 41
1 44
1 45
1 46
1 48
1 50
1 58
1 60
1 62
1 63
1 66
1 67
1 69
1 70
1 71
1 72
1 76
1 86
1 92
1 99
1 101
1 103
1 117
1 121
1 124
1 125
1 128
1 135
1 136
1 148
1 155
1 164
1 172
1 174
1 182
2 3
2 4
2 5
2 6
2 7
2 8
2 12
2 17
2 23
2 35
2 39
2 42
2 47
2 48
2 52
2 60
2 61
2 64
2 67
2 71
2 74
2 79
2 101
2 103
2 104
2 105
2 117
2 118
2 122
2 128
2 138
2 144
2 149
2 151
2 166
2 173
3 4
3 5
3 6
3 7
3 10
3 12
3 13
3 35
3 36
3 37
3 39
3 49
3 74
3 79
3 87
3 88
3 94
3 99
3 105
3 109
3 111
3 113
3 123
3 128
3 133
3 137
3 138
3 145
3 161
3 168
3 177
3 179
4 5
4 6
4 7
4 19
4 26
4 42
4 48
4 50
4 74
4 75
4 78
4 80
4 87
4 89
4 94
4 97
4 100
4 101
4 107
4 108
4 110
4 113
4 127
4 149
4 154
4 155
4 157
4 161
4 162
4 165
4 172
4 180
5 6
5 7
5 8
5 10
5 11
5 13
5 25
5 37
5 41
5 42
5 47
5 50
5 54
5 71
5 76
5 80
5 82
5 83
5 86
5 92
5 106
5 110
5 113
5 124
5 128
5 132
5 134
5 140
5 146
5 152
5 154
5 155
5 160
5 162
5 166
5 173
5 174
5 179
6 7
6 9
6 18
6 19
6 22
6 23
6 26
6 27
6 29
6 31
6 32
6 34
6 35
6 38
6 41
6 47
6 48
6 53
6 72
6 78
6 80
6 91
6 95
6 97
6 99
6 102
6 103
6 106
6 108
6 112
6 118
6 130
6 138
6 139
6 147
6 152
6 157
6 160
6 166
6 173
7 19
7 20
7 27
7 31
7 36
7 38
7 50
7 56
7 58
7 60
7 62
7 66
7 84
7 101
7 109
7 123
7 131
7 138
7 140
7 152
7 164
7 167
7 169
7 171
7 172
8 9
8 10
8 12
8 13
8 16
8 21
8 23
8 30
8 34
8 36
8 40
8 41
8 42
8 48
8 49
8 54
8 61
8 70
8 75
8 79
8 86
8 88
8 93
8 94
8 95
8 102
8 105
8 112
8 130
8 133
8 135
8 140
8 150
8 158
8 167
8 172
8 173
8 174
8 178
8 180
8 182
8 183
9 10
9 14
9 21
9 25
9 26
9 27
9 39
9 41
9 46
9 52
9 67
9 71
9 72
9 74
9 75
9 83
9 98
9 102
9 115
9 116
9 123
9 128
9 131
9 136
9 138
9 145
9 148
9 149
9 150
9 152
9 156
9 165
9 178
9 180
9 184
10 16
10 18
10 19
10 25
10 28
10 31
10 33
10 39
10 47
10 50
10 52
10 53
10 54
10 59
10 64
10 72
10 79
10 80
10 89
10 93
10 98
10 101
10 105
10 115
10 118
10 122
10 124
10 129
10 132
10 137
10 143
10 144
10 154
10 170
10 171
10 173
10 174
10 176
10 179
11 12
11 13
11 14
11 15
11 16
11 17
11 18
11 19
11 35
11 42
11 46
11 55
11 60
11 61
11 64
11 70
11 72
11 81
11 85
11 89
11 91
11 92
11 97
11 105
11 110
11 117
11 118
11 125
11 133
11 139
11 143
11 144
11 148
11 149
11 151
11 154
11 168
11 173
11 180
11 181
12 13
12 14
12 15
12 16
12 17
12 18
12 19
12 20
12 30
12 36
12 44
12 46
12 56
12 60
12 75
12 80
12 89
12 90
12 92
12 96
12 106
12 110
12 112
12 119
12 129
12 137
12 150
12 159
12 163
12 164
12 165
12 169
12 174
12 178
13 14
13 15
13 16
13 17
13 18
13 19
13 24
13 25
13 28
13 29
13 30
13 31
13 32
13 40
13 47
13 48
13 61
13 62
13 64
13 67
13 71
13 74
13 76
13 78
13 81
13 92
13 93
13 94
13 103
13 104
13 105
13 111
13 115
13 119
13 129
13 139
13 141
13 145
13 149
13 152
13 155
13 157
13 158
13 161
13 167
13 178
13 179
13 180
14 15
14 16
14 17
14 18
14 19
14 28
14 31
14 33
14 34
14 35
14 37
14 49
14 58
14 59
14 63
14 65
14 70
14 72
14 80
14 86
14 90
14 92
14 94
14 98
14 110
14 112
14 119
14 123
14 124
14 127
14 130
14 132
14 134
14 139
14 141
14 142
14 146
14 147
14 149
14 159
14 163
14 169
14 170
14 174
14 175
14 179
15 16
15 17
15 18
15 19
15 22
15 29
15 37
15 45
15 53
15 54
15 55
15 65
15 75
15 90
15 102
15 109
15 111
15 114
15 115
15 120
15 125
15 133
15 157
15 159
15 176
15 179
15 180
16 17
16 18
16 19
16 28
16 53
16 54
16 55
16 59
16 68
16 74
16 88
16 92
16 96
16 102
16 105
16 109
16 114
16 117
16 119
16 121
16 123
16 125
16 129
16 131
16 145
16 155
16 158
16 173
16 175
17 18
17 19
17 22
17 24
17 25
17 28
17 32
17 33
17 44
17 53
17 54
17 55
17 68
17 70
17 74
17 85
17 88
17 91
17 93
17 96
17 101
17 108
17 109
17 114
17 117
17 130
17 136
17 140
17 144
17 155
17 158
17 160
17 163
17 164
17 171
17 173
17 177
18 19
18 21
18 28
18 31
18 40
18 47
18 48
18 49
18 52
18 53
18 54
18 71
18 73
18 76
18 77
18 85
18 97
18 98
18 99
18 105
18 109
18 114
18 117
18 122
18 132
18 136
18 137
18 138
18 141
18 153
18 158
18 161
18 162
18 163
18 164
18 170
18 171
18 178
18 179
18 180
18 181
18 184
19 28
19 37
19 49
19 53
19 56
19 58
19 64
19 72
19 73
19 77
19 79
19 84
19 97
19 100
19 105
19 113
19 115
19 119
19 129
19 132
19 134
19 144
19 156
19 161
19 164
19 172
19 174
19 176
19 179
19 182
20 21
20 22
20 23
20 24
20 25
20 26
20 27
20 29
20 36
20 40
20 42
20 46
20 77
20 97
20 104
20 105
20 108
20 111
20 115
20 122
20 137
20 150
20 154
20 167
20 168
20 181
20 183
21 22
21 23
21 24
21 25
21 26
21 27
21 29
21 32
21 43
21 49
21 52
21 55
21 59
21 60
21 69
21 74
21 89
21 92
21 93
21 99
21 118
21 121
21 124
21 125
21 126
21 128
21 131
21 134
21 135
21 142
21 144
21 153
22 23
22 24
22 25
22 26
22 27
22 32
22 38
22 44
22 51
22 57
22 61
22 85
22 86
22 107
22 108
22 110
22 111
22 113
22 129
22 131
22 147
22 152
22 154
22 157
22 160
22 176
22 180
22 182
23 24
23 25
23 26
23 27
23 30
23 33
23 37
23 38
23 40
23 41
23 46
23 54
23 64
23 65
23 70
23 72
23 73
23 78
23 79
23 82
23 99
23 111
23 112
23 118
23 121
23 131
23 132
23 137
23 158
23 167
23 172
23 175
24 25
24 26
24 27
24 31
24 41
24 43
24 48
24 60
24 62
24 80
24 95
24 101
24 102
24 121
24 127
24 136
24 138
24 142
24 143
24 153
24 172
24 174
25 26
25 27
25 35
25 43
25 51
25 59
25 69
25 71
25 84
25 94
25 98
25 99
25 102
25 105
25 108
25 111
25 113
25 114
25 115
25 121
25 122
25 123
25 124
25 127
25 140
25 144
25 147
25 148
25 155
25 156
25 160
25 165
25 175
25 179
26 27
26 44
26 45
26 47
26 50
26 51
26 54
26 57
26 60
26 83
26 94
26 109
26 110
26 112
26 115
26 117
26 122
26 124
26 126
26 142
26 149
26 154
26 167
26 169
26 170
26 171
26 173
26 176
27 28
27 29
27 32
27 37
27 57
27 65
27 68
27 71
27 78
27 81
27 82
27 83
27 89
27 95
27 106
27 130
27 135
27 138
27 153
27 157
27 166
27 172
27 173
27 175
28 29
28 30
28 31
28 32
28 33
28 34
28 35
28 36
28 42
28 49
28 54
28 56
28 60
28 64
28 65
28 67
28 80
28 88
28 90
28 91
28 100
28 104
28 115
28 118
28 125
28 137
28 139
28 140
28 142
28 147
28 158
28 164
28 167
28 170
28 176
28 179
28 182
29 30
29 31
29 32
29 33
29 34
29 35
29 36
29 39
29 40
29 46
29 48
29 51
29 63
29 77
29 80
29 82
29 84
29 85
29 90
29 117
29 121
29 123
29 124
29 130
29 135
29 141
29 142
29 150
29 151
29 152
29 157
29 162
29 164
29 178
29 179
29 183
29 184
30 31
30 32
30 33
30 34
30 35
30 36
30 39
30 51
30 57
30 58
30 64
30 65
30 80
30 82
30 84
30 85
30 87
30 91
30 94
30 96
30 104
30 109
30 112
30 124
30 134
30 139
30 144
30 145
30 151
30 152
30 153
30 157
30 163
30 167
30 170
30 180
31 32
31 33
31 34
31 35
31 36
31 40
31 41
31 46
31 61
31 63
31 64
31 69
31 76
31 77
31 83
31 86
31 88
31 101
31 105
31 117
31 120
31 127
31 131
31 141
31 143
31 148
31 150
31 158
31 160
31 161
31 162
31 169
31 179
31 180
31 181
31 182
32 33
32 34
32 35
32 36
32 40
32 41
32 42
32 53
32 64
32 68
32 70
32 78
32 89
32 94
32 99
32 104
32 106
32 121
32 122
32 127
32 135
32 141
32 145
32 148
32 149
32 155
32 161
32 163
32 164
32 169
32 172
32 173
32 183
33 34
33 35
33 36
33 41
33 42
33 44
33 51
33 52
33 60
33 62
33 68
33 77
33 85
33 88
33 90
33 94
33 96
33 100
33 101
33 114
33 115
33 116
33 118
33 119
33 121
33 122
33 123
33 125
33 126
33 129
33 143
33 144
33 146
33 151
33 163
33 169
33 182
33 184
34 35
34 36
34 38
34 52
34 66
34 68
34 76
34 80
34 81
34 85
34 86
34 87
34 95
34 97
34 112
34 114
34 120
34 126
34 129
34 132
34 135
34 138
34 142
34 143
34 148
34 150
34 154
34 160
34 162
34 163
34 165
34 173
34 181
35 36
35 37
35 40
35 49
35 59
35 61
35 62
35 65
35 69
35 75
35 80
35 81
35 84
35 92
35 95
35 98
35 118
35 125
35 131
35 136
35 142
35 152
35 156
35 157
35 160
35 164
35 170
35 174
35 177
35 182
35 183
36 40
36 46
36 47
36 52
36 56
36 58
36 62
36 63
36 65
36 69
36 82
36 85
36 87
36 92
36 96
36 104
36 113
36 127
36 150
36 153
36 160
36 164
36 166
36 181
37 62
37 66
37 68
37 72
37 79
37 85
37 86
37 87
37 94
37 99
37 100
37 104
37 105
37 113
37 131
37 132
37 133
37 137
37 141
37 142
37 146
37 152
37 156
37 161
37 175
37 177
37 181
38 54
38 60
38 63
38 65
38 74
38 79
38 80
38 85
38 96
38 104
38 108
38 109
38 120
38 121
38 127
38 133
38 137
38 138
38 143
38 149
38 153
38 154
38 158
38 164
38 178
38 183
39 44
39 47
39 48
39 51
39 55
39 56
39 65
39 66
39 67
39 78
39 82
39 85
39 86
39 87
39 104
39 112
39 114
39 126
39 129
39 150
39 154
39 160
39 161
39 167
39 168
39 169
40 54
40 68
40 95
40 97
40 102
40 105
40 113
40 115
40 117
40 119
40 123
40 131
40 134
40 136
40 141
40 149
40 152
40 153
40 168
40 169
40 170
40 178
40 183
41 60
41 61
41 65
41 66
41 69
41 71
41 76
41 77
41 82
41 88
41 92
41 94
41 95
41 102
41 105
41 111
41 113
41 114
41 118
41 119
41 125
41 127
41 130
41 135
41 140
41 141
41 144
41 149
41 163
41 164
41 165
41 167
41 168
41 172
41 173
41 174
41 180
41 181
41 184
42 49
42 54
42 61
42 68
42 80
42 81
42 92
42 93
42 95
42 97
42 99
42 109
42 121
42 126
42 142
42 143
42 145
42 152
42 155
42 160
42 166
42 168
42 177
43 50
43 57
43 58
43 59
43 61
43 65
43 67
43 71
43 72
43 73
43 79
43 80
43 81
43 83
43 85
43 89
43 90
43 100
43 101
43 105
43 109
43 112
43 113
43 120
43 122
43 127
43 130
43 131
43 141
43 148
43 149
43 156
43 177
43 178
44 61
44 62
44 63
44 64
44 72
44 74
44 89
44 95
44 98
44 101
44 105
44 108
44 111
44 117
44 125
44 129
44 131
44 142
44 143
44 148
44 152
44 158
44 164
44 172
44 177
45 47
45 58
45 60
45 68
45 73
45 79
45 82
45 87
45 91
45 97
45 99
45 100
45 102
45 105
45 109
45 120
45 135
45 137
45 139
45 141
45 143
45 147
45 150
45 153
45 155
45 158
45 159
45 165
45 169
45 181
46 49
46 50
46 52
46 53
46 56
46 62
46 71
46 77
46 78
46 79
46 88
46 92
46 93
46 102
46 108
46 109
46 122
46 128
46 133
46 154
46 155
46 158
46 160
46 167
46 172
46 175
46 176
47 53
47 54
47 57
47 61
47 62
47 68
47 69
47 76
47 80
47 81
47 91
47 97
47 109
47 126
47 144
47 162
47 164
47 167
47 170
47 177
47 178
47 183
48 53
48 54
48 57
48 64
48 71
48 75
48 80
48 81
48 92
48 102
48 103
48 130
48 136
48 151
48 153
48 154
48 155
48 172
48 173
48 174
48 176
48 181
49 52
49 53
49 63
49 76
49 82
49 85
49 87
49 91
49 92
49 93
49 98
49 101
49 107
49 108
49 117
49 119
49 120
49 122
49 124
49 129
49 136
49 137
49 138
49 147
49 152
49 153
49 157
49 161
49 164
49 166
49 178
49 179
50 57
50 63
50 64
50 65
50 67
50 70
50 85
50 95
50 103
50 113
50 115
50 118
50 120
50 125
50 128
50 133
50 141
50 148
50 159
50 164
50 171
50 174
50 180
51 63
51 77
51 79
51 82
51 83
51 88
51 98
51 103
51 104
51 109
51 110
51 113
51 118
51 120
51 123
51 127
51 133
51 136
51 141
51 143
51 158
51 163
51 165
51 172
51 178
52 56
52 57
52 61
52 63
52 66
52 69
52 72
52 85
52 90
52 91
52 94
52 96
52 107
52 111
52 114
52 117
52 123
52 128
52 132
52 133
52 135
52 136
52 147
52 149
52 151
52 153
52 154
52 165
52 166
52 167
52 168
52 170
52 184
53 55
53 57
53 58
53 70
53 84
53 88
53 89
53 99
53 102
53 109
53 113
53 117
53 122
53 125
53 128
53 132
53 145
53 148
53 149
53 159
53 160
53 175
53 176
53 178
53 182
54 58
54 59
54 60
54 64
54 66
54 70
54 72
54 76
54 78
54 84
54 94
54 95
54 97
54 102
54 108
54 111
54 112
54 113
54 117
54 120
54 131
54 133
54 134
54 152
54 153
54 159
54 161
54 164
54 166
54 184
55 64
55 65
55 70
55 79
55 80
55 82
55 85
55 86
55 89
55 100
55 108
55 114
55 115
55 117
55 118
55 122
55 123
55 124
55 130
55 164
55 170
55 171
55 173
55 180
56 57
56 58
56 62
56 66
56 72
56 84
56 87
56 90
56 95
56 96
56 101
56 102
56 104
56 109
56 110
56 131
56 143
56 144
56 146
56 158
56 163
56 166
56 170
56 178
57 62
57 71
57 76
57 78
57 88
57 91
57 93
57 103
57 104
57 105
57 107
57 109
57 122
57 125
57 130
57 134
57 135
57 136
57 149
57 150
57 156
57 159
57 164
57 165
57 166
57 167
57 168
57 169
57 172
57 173
57 180
57 181
58 61
58 70
58 78
58 92
58 98
58 101
58 104
58 105
58 108
58 110
58 118
58 119
58 125
58 129
58 140
58 145
58 150
58 151
58 156
58 160
58 163
58 167
58 170
58 171
58 175
59 69
59 75
59 80
59 91
59 105
59 109
59 114
59 117
59 119
59 120
59 121
59 123
59 126
59 133
59 140
59 144
59 146
59 147
59 148
59 155
59 160
59 161
59 163
59 184
60 71
60 72
60 74
60 75
60 77
60 79
60 82
60 83
60 89
60 92
60 100
60 101
60 103
60 104
60 105
60 108
60 114
60 115
60 116
60 131
60 135
60 142
60 143
60 145
60 157
60 163
60 165
60 170
60 172
60 173
60 178
60 182
61 62
61 63
61 67
61 70
61 77
61 79
61 90
61 94
61 96
61 97
61 105
61 107
61 109
61 118
61 120
61 122
61 124
61 128
61 129
61 145
61 150
61 160
61 161
61 163
61 167
61 169
61 176
62 65
62 67
62 68
62 71
62 72
62 74
62 82
62 87
62 89
62 91
62 104
62 113
62 122
62 128
62 129
62 130
62 135
62 140
62 152
62 154
62 159
62 164
62 166
62 168
62 170
62 177
62 180
62 181
63 65
63 71
63 79
63 82
63 88
63 92
63 93
63 95
63 103
63 105
63 107
63 117
63 120
63 123
63 129
63 131
63 132
63 134
63 140
63 153
63 157
63 161
63 163
63 166
63 172
63 176
63 181
63 182
64 72
64 73
64 76
64 86
64 92
64 93
64 97
64 101
64 107
64 124
64 130
64 137
64 140
64 143
64 144
64 146
64 147
64 150
64 152
64 158
64 163
64 165
64 175
64 183
65 68
65 71
65 79
65 80
65 81
65 82
65 83
65 85
65 93
65 98
65 100
65 103
65 109
65 110
65 113
65 119
65 121
65 129
65 131
65 132
65 133
65 145
65 147
65 151
65 153
65 156
65 158
65 159
65 160
65 161
65 166
65 169
65 171
65 181
65 183
66 72
66 80
66 91
66 92
66 95
66 110
66 112
66 116
66 119
66 123
66 124
66 132
66 136
66 143
66 149
66 161
66 166
66 170
66 175
66 182
66 184
67 70
67 73
67 75
67 77
67 78
67 80
67 81
67 88
67 103
67 109
67 112
67 116
67 122
67 132
67 137
67 142
67 143
67 149
67 161
67 164
67 168
67 177
67 178
67 180
68 71
68 78
68 92
68 94
68 96
68 99
68 107
68 112
68 117
68 119
68 124
68 125
68 128
68 131
68 133
68 135
68 147
68 150
68 151
68 153
68 155
68 158
68 167
68 175
68 176
68 178
68 181
69 72
69 73
69 74
69 75
69 90
69 105
69 108
69 113
69 114
69 118
69 130
69 131
69 140
69 142
69 145
69 146
69 149
69 150
69 152
69 153
69 156
69 161
69 166
69 172
69 176
69 177
69 178
70 113
70 120
70 130
70 131
70 147
70 149
70 154
70 156
70 158
70 159
70 161
70 162
70 167
70 176
70 178
71 74
71 75
71 85
71 86
71 91
71 93
71 94
71 95
71 97
71 103
71 119
71 123
71 129
71 132
71 139
71 140
71 142
71 144
71 146
71 149
71 152
71 157
71 162
71 168
71 170
71 174
71 180
71 182
72 75
72 94
72 97
72 101
72 103
72 105
72 120
72 123
72 124
72 126
72 132
72 135
72 140
72 142
72 148
72 164
72 174
72 182
73 74
73 92
73 99
73 102
73 109
73 112
73 117
73 123
73 124
73 125
73 128
73 139
73 140
73 146
73 147
73 149
73 152
73 154
73 156
73 161
73 162
73 163
73 164
73 167
73 169
73 171
73 178
74 78
74 82
74 84
74 85
74 86
74 87
74 89
74 91
74 98
74 99
74 101
74 110
74 113
74 116
74 123
74 124
74 130
74 133
74 139
74 141
74 146
74 164
74 182
74 183
75 77
75 101
75 106
75 107
75 113
75 114
75 120
75 121
75 127
75 136
75 141
75 155
75 160
75 161
75 163
75 164
75 173
75 175
75 179
76 82
76 94
76 95
76 113
76 119
76 120
76 129
76 130
76 135
76 138
76 142
76 145
76 152
76 163
76 167
76 172
76 173
76 178
76 179
77 89
77 96
77 97
77 103
77 104
77 108
77 110
77 111
77 114
77 124
77 125
77 127
77 135
77 143
77 156
77 162
77 165
77 171
77 174
78 79
78 81
78 83
78 90
78 110
78 112
78 117
78 119
78 120
78 121
78 123
78 132
78 141
78 142
78 144
78 146
78 156
78 167
78 173
78 175
78 177
78 181
79 90
79 95
79 102
79 104
79 111
79 119
79 124
79 125
79 126
79 128
79 133
79 135
79 137
79 143
79 146
79 148
79 155
79 156
79 158
79 160
79 162
79 163
79 166
79 175
79 182
79 183
80 85
80 90
80 101
80 103
80 112
80 116
80 117
80 120
80 127
80 128
80 145
80 149
80 152
80 156
80 162
80 165
80 171
80 178
80 181
80 182
81 82
81 94
81 98
81 100
81 111
81 118
81 122
81 125
81 132
81 134
81 138
81 146
81 151
81 156
81 169
81 174
81 175
81 176
82 83
82 94
82 95
82 97
82 102
82 113
82 119
82 121
82 123
82 124
82 128
82 136
82 138
82 144
82 159
82 160
82 165
82 179
83 85
83 88
83 95
83 102
83 103
83 121
83 124
83 133
83 135
83 136
83 140
83 145
83 150
83 152
83 155
83 163
83 164
83 169
83 170
83 173
83 174
83 183
84 85
84 88
84 93
84 95
84 103
84 104
84 109
84 114
84 118
84 125
84 126
84 130
84 133
84 135
84 140
84 168
84 173
84 179
85 88
85 92
85 93
85 103
85 106
85 107
85 113
85 115
85 121
85 131
85 132
85 134
85 136
85 137
85 147
85 148
85 149
85 154
85 156
85 167
85 173
85 177
86 88
86 89
86 94
86 108
86 113
86 116
86 120
86 121
86 126
86 127
86 133
86 135
86 141
86 165
86 169
86 173
86 184
87 91
87 93
87 97
87 101
87 110
87 117
87 118
87 121
87 130
87 134
87 135
87 147
87 153
87 155
87 161
87 165
87 170
87 175
87 181
88 94
88 100
88 102
88 113
88 120
88 126
88 131
88 135
88 142
88 143
88 147
88 153
88 159
88 171
89 91
89 94
89 104
89 111
89 115
89 117
89 126
89 132
89 135
89 145
89 156
89 161
89 162
89 163
89 169
89 170
89 172
89 173
89 175
89 179
90 97
90 99
90 102
90 103
90 109
90 113
90 121
90 124
90 128
90 132
90 140
91 94
91 96
91 97
91 106
91 117
91 133
91 152
91 161
91 163
91 170
91 174
91 176
91 177
91 180
92 94
92 95
92 96
92 98
92 105
92 110
92 111
92 112
92 113
92 117
92 123
92 125
92 126
92 127
92 129
92 134
92 136
92 142
92 145
92 148
92 158
92 159
92 161
92 162
92 169
92 172
92 173
93 98
93 99
93 115
93 128
93 129
93 143
93 157
93 161
93 165
93 174
93 179
94 95
94 97
94 100
94 101
94 110
94 137
94 139
94 140
94 145
94 149
94 151
94 156
94 158
94 161
94 162
94 171
94 183
95 96
95 101
95 105
95 113
95 122
95 124
95 127
95 128
95 129
95 134
95 162
95 164
95 167
95 174
95 184
96 97
96 98
96 102
96 110
96 118
96 120
96 122
96 125
96 127
96 129
96 141
96 142
96 146
96 149
96 155
96 156
96 159
96 160
96 161
96 162
96 165
96 166
96 179
96 181
97 99
97 107
97 108
97 111
97 113
97 114
97 115
97 118
97 130
97 145
97 147
97 155
97 165
97 166
97 167
97 183
97 184
98 115
98 116
98 132
98 137
98 145
98 149
98 150
98 154
98 173
98 177
98 180
98 181
99 103
99 107
99 110
99 111
99 126
99 127
99 128
99 154
99 157
99 165
99 172
99 173
99 179
99 182
100 102
100 114
100 115
100 117
100 121
100 124
100 129
100 130
100 136
100 145
100 146
100 147
100 148
100 151
100 155
100 157
100 162
100 165
100 171
100 172
100 180
101 108
101 109
101 115
101 118
101 126
101 131
101 132
101 139
101 145
101 148
101 153
101 172
101 177
102 113
102 115
102 127
102 128
102 130
102 145
102 149
102 150
102 158
102 166
102 170
102 173
102 181
103 105
103 109
103 113
103 116
103 122
103 128
103 147
103 154
103 158
103 165
103 172
103 175
103 178
103 184
104 115
104 118
104 122
104 124
104 125
104 126
104 129
104 136
104 144
104 150
104 151
104 155
104 161
104 165
104 174
104 176
104 182
104 184
105 119
105 123
105 125
105 127
105 134
105 137
105 141
105 143
105 145
105 151
105 154
105 155
105 156
105 158
105 170
105 173
105 179
106 107
106 115
106 118
106 119
106 120
106 123
106 133
106 140
106 141
106 146
106 150
106 155
106 180
106 183
107 109
107 111
107 122
107 127
107 128
107 129
107 132
107 133
107 152
107 161
107 162
107 163
107 178
107 184
108 121
108 130
108 133
108 146
108 151
108 156
108 164
108 176
109 115
109 117
109 122
109 125
109 129
109 135
109 136
109 141
109 144
109 156
109 157
109 160
109 162
109 164
109 167
109 168
109 172
109 181
109 182
110 117
110 128
110 132
110 137
110 144
110 148
110 163
110 168
110 175
110 176
110 183
111 114
111 119
111 122
111 132
111 135
111 143
111 151
111 152
111 153
111 155
111 156
111 169
111 178
111 179
112 118
112 139
112 141
112 144
112 151
112 162
112 175
112 183
113 114
113 119
113 121
113 126
113 127
113 128
113 129
113 135
113 149
113 157
113 172
113 173
113 177
113 183
114 120
114 122
114 126
114 133
114 134
114 138
114 141
114 142
114 143
114 156
114 160
114 164
114 168
114 169
114 171
114 172
114 173
114 175
114 179
115 121
115 123
115 127
115 134
115 150
115 156
115 157
115 159
115 169
115 171
115 173
115 182
116 131
116 135
116 141
116 143
116 145
116 150
116 158
116 162
116 166
116 168
116 176
116 179
116 184
117 125
117 133
117 145
117 148
117 155
117 163
117 170
117 171
117 172
117 174
117 180
117 181
118 120
118 121
118 125
118 128
118 129
118 130
118 131
118 133
118 134
118 137
118 138
118 140
118 144
118 149
118 152
118 153
118 154
118 156
118 168
118 170
118 177
119 127
119 128
119 129
119 134
119 138
119 146
119 148
119 158
119 159
119 160
119 163
119 168
119 170
119 173
119 174
119 182
120 126
120 128
120 144
120 145
120 146
120 150
120 157
120 162
120 166
120 167
120 169
120 172
120 174
120 179
121 124
121 125
121 127
121 136
121 143
121 148
121 153
121 154
121 156
121 157
121 168
121 172
121 176
121 178
121 183
122 129
122 131
122 138
122 141
122 142
122 144
122 149
122 168
122 169
122 173
122 174
122 175
122 183
123 129
123 135
123 142
123 144
123 145
123 153
123 166
123 183
123 184
124 136
124 138
124 139
124 140
124 148
124 149
124 150
124 151
124 152
124 162
124 168
124 169
124 172
124 176
125 130
125 132
125 134
125 136
125 141
125 145
125 148
125 151
125 163
125 171
125 173
125 176
125 177
125 179
125 181
126 128
126 135
126 137
126 142
126 156
126 166
126 177
126 184
127 129
127 131
127 132
127 133
127 135
127 137
127 145
127 147
127 148
127 150
127 153
127 163
127 173
127 177
127 178
128 129
128 135
128 136
128 137
128 138
128 139
128 146
128 147
128 150
128 167
128 170
129 139
129 142
129 147
129 149
129 150
129 153
129 157
129 160
129 164
129 175
129 183
130 134
130 138
130 139
130 143
130 147
130 149
130 156
130 162
130 166
130 168
130 171
130 173
130 183
131 132
131 144
131 145
131 152
131 180
131 184
132 133
132 141
132 142
132 160
132 177
133 150
133 152
133 165
133 174
133 179
134 142
134 143
134 144
134 148
134 153
134 154
134 157
134 162
134 174
134 178
134 182
135 147
135 152
135 157
135 162
135 164
135 169
135 174
135 177
135 182
135 184
136 137
136 145
136 148
136 157
136 163
136 173
136 174
136 179
136 180
136 182
136 184
137 138
137 139
137 146
137 169
137 178
137 180
137 181
137 183
137 184
138 144
138 146
138 153
138 162
138 166
138 167
138 170
138 171
139 140
139 146
139 147
139 160
139 166
139 169
139 174
139 180
139 181
140 145
140 150
140 157
140 162
140 164
140 172
140 183
141 146
141 151
141 152
141 155
141 156
141 163
141 177
142 150
142 154
142 157
142 162
142 163
142 164
142 182
143 147
143 157
143 160
143 164
143 167
143 169
144 145
144 153
144 154
144 156
144 157
144 158
144 166
144 168
144 175
144 177
144 179
144 182
144 183
145 159
145 165
145 168
145 171
145 172
145 176
145 181
146 147
146 149
146 150
146 153
146 155
146 156
146 158
146 164
146 171
146 175
146 176
146 181
147 154
147 162
147 166
147 169
147 176
147 177
147 179
147 180
147 181
147 182
148 156
148 166
149 164
149 171
149 174
149 176
149 178
149 182
150 153
150 162
150 165
150 177
150 183
150 184
151 152
151 153
151 165
151 176
151 179
151 182
152 162
152 163
152 180
153 160
153 161
153 162
153 164
153 166
153 170
153 172
153 173
153 179
154 155
154 156
154 159
154 163
154 164
154 166
154 180
154 181
154 182
154 183
155 169
155 174
155 184
156 159
156 162
156 172
156 177
156 179
157 165
157 167
157 176
157 177
157 183
158 161
158 164
158 168
158 172
158 178
159 165
159 169
159 181
159 184
160 161
160 171
160 180
160 181
160 184
161 169
161 178
161 183
162 169
162 174
162 175
162 181
162 183
162 184
163 167
163 170
163 175
163 180
163 182
164 171
164 172
164 173
164 176
164 178
165 174
166 171
166 181
166 183
167 168
167 171
167 179
168 173
168 178
168 179
168 180
168 182
169 171
169 180
170 173
170 180
170 183
170 184
171 173
171 178
171 184
172 173
172 178
172 182
173 176
173 182
173 183
174 182
175 177
175 182
177 181
179 180
179 182
179 183
180 183
181 182
