33 107
1 2
1 6
1 17
1 19
2 5
2 19
2 33
3 4
3 5
3 12
3 25
3 31
4 5
4 8
4 13
4 18
4 26
4 32
5 8
5 11
5 18
5 19
5 20
5 30
5 32
6 21
6 28
6 32
7 18
7 28
7 29
8 12
8 20
8 22
8 25
8 26
8 27
8 32
9 11
9 13
9 14
9 15
9 16
9 19
9 21
9 30
9 33
10 21
10 24
10 26
10 27
10 30
10 33
11 20
11 25
11 33
12 13
12 17
12 24
12 30
13 16
13 20
13 21
13 24
13 26
13 28
14 22
14 23
14 24
14 28
14 31
14 33
15 21
15 31
15 32
15 33
16 21
16 29
17 20
17 28
17 32
18 19
18 21
18 22
18 26
19 24
19 28
19 30
20 21
20 22
20 30
21 23
21 24
22 24
22 30
22 31
22 32
23 24
24 25
26 27
26 28
26 32
27 31
27 32
28 33
29 32
31 32
