117 1456
1 2
1 3
1 4
1 5
1 6
1 7
1 8
1 9
1 10
1 11
1 12
1 13
1 14
1 16
1 33
1 44
1 48
1 54
1 60
1 62
1 69
1 79
1 81
1 82
1 87
1 93
1 99
1 101
1 102
1 111
2 3
2 4
2 5
2 6
2 7
2 8
2 9
2 10
2 11
2 12
2 13
2 14
2 30
2 33
2 34
2 38
2 40
2 48
2 50
2 57
2 65
2 67
2 75
2 84
2 91
2 100
2 106
2 111
3 4
3 5
3 6
3 7
3 8
3 9
3 10
3 11
3 12
3 13
3 14
3 23
3 28
3 42
3 46
3 77
3 87
3 91
3 95
3 96
3 100
3 101
4 5
4 6
4 7
4 8
4 9
4 10
4 11
4 12
4 13
4 14
4 24
4 25
4 37
4 38
4 42
4 49
4 53
4 55
4 56
4 58
4 63
4 65
4 66
4 72
4 74
4 75
4 76
4 79
4 80
4 84
4 85
4 86
4 87
4 92
4 101
4 112
4 116
5 6
5 7
5 8
5 9
5 10
5 11
5 12
5 13
5 14
5 15
5 19
5 26
5 31
5 34
5 37
5 42
5 47
5 49
5 53
5 54
5 62
5 65
5 74
5 79
5 82
5 87
5 89
5 90
5 101
5 104
5 111
5 117
6 7
6 8
6 9
6 10
6 11
6 12
6 13
6 14
6 17
6 19
6 21
6 22
6 24
6 29
6 31
6 38
6 39
6 46
6 56
6 67
6 75
6 77
6 83
6 90
6 92
6 98
6 104
6 110
6 117
7 8
7 9
7 10
7 11
7 12
7 13
7 14
7 15
7 18
7 19
7 25
7 26
7 29
7 36
7 41
7 55
7 68
7 69
7 71
7 74
7 75
7 84
7 87
7 93
7 108
7 112
7 113
7 117
8 9
8 10
8 11
8 12
8 13
8 14
8 17
8 19
8 26
8 28
8 40
8 45
8 46
8 49
8 52
8 55
8 56
8 59
8 61
8 68
8 76
8 78
8 86
8 88
8 92
8 93
8 95
8 103
8 115
9 10
9 11
9 12
9 13
9 14
9 23
9 24
9 28
9 33
9 35
9 39
9 41
9 44
9 70
9 73
9 74
9 75
9 79
9 81
9 82
9 84
9 96
9 97
9 104
9 110
9 117
10 11
10 12
10 13
10 14
10 23
10 25
10 28
10 36
10 37
10 49
10 50
10 51
10 71
10 74
10 81
10 86
10 92
10 93
11 12
11 13
11 14
11 16
11 17
11 18
11 21
11 33
11 34
11 38
11 42
11 45
11 50
11 59
11 64
11 80
11 81
11 88
11 89
11 90
11 95
11 97
11 106
11 107
12 13
12 14
12 17
12 20
12 23
12 42
12 45
12 46
12 53
12 59
12 60
12 61
12 68
12 69
12 74
12 80
12 83
12 97
12 99
12 100
12 105
12 109
12 113
12 114
13 14
13 25
13 29
13 35
13 36
13 40
13 47
13 49
13 50
13 57
13 58
13 61
13 62
13 66
13 69
13 75
13 79
13 81
13 83
13 88
13 92
13 98
13 100
13 102
13 105
13 113
14 16
14 24
14 30
14 33
14 38
14 41
14 43
14 49
14 61
14 73
14 76
14 77
14 79
14 85
14 91
14 96
14 98
14 100
14 102
14 106
14 111
15 16
15 17
15 18
15 19
15 20
15 21
15 22
15 23
15 30
15 33
15 35
15 46
15 47
15 49
15 51
15 55
15 57
15 58
15 60
15 68
15 71
15 74
15 82
15 83
15 87
15 96
15 99
15 100
15 102
15 104
15 107
15 112
16 17
16 18
16 19
16 20
16 21
16 22
16 23
16 34
16 36
16 38
16 45
16 47
16 51
16 57
16 58
16 60
16 62
16 69
16 93
16 97
16 109
16 115
17 18
17 19
17 20
17 21
17 22
17 23
17 24
17 26
17 29
17 30
17 32
17 38
17 39
17 41
17 48
17 53
17 58
17 60
17 63
17 64
17 65
17 69
17 71
17 86
17 90
17 93
17 97
17 98
17 101
17 104
17 105
17 106
17 108
17 113
17 115
18 19
18 20
18 21
18 22
18 23
18 31
18 33
18 34
18 49
18 51
18 52
18 58
18 63
18 65
18 70
18 78
18 79
18 82
18 83
18 89
18 98
18 100
18 104
18 106
18 107
18 108
19 20
19 21
19 22
19 23
19 26
19 33
19 34
19 46
19 49
19 68
19 70
19 76
19 90
19 100
19 103
19 104
19 107
19 110
19 117
20 21
20 22
20 23
20 41
20 45
20 52
20 58
20 65
20 67
20 69
20 76
20 93
20 94
20 111
21 22
21 23
21 24
21 29
21 31
21 38
21 46
21 53
21 55
21 56
21 64
21 67
21 68
21 72
21 74
21 78
21 94
21 97
21 99
21 106
21 110
22 23
22 25
22 27
22 32
22 38
22 44
22 45
22 48
22 54
22 55
22 68
22 72
22 73
22 76
22 79
22 83
22 85
22 89
22 90
22 92
22 94
22 96
22 98
22 101
22 103
22 107
22 109
22 112
23 24
23 26
23 30
23 31
23 44
23 45
23 46
23 49
23 52
23 59
23 71
23 80
23 84
23 88
23 89
23 92
23 94
23 95
23 96
23 99
23 101
23 110
24 29
24 34
24 39
24 40
24 46
24 57
24 64
24 73
24 79
24 86
24 89
24 90
24 95
24 96
24 98
24 106
25 40
25 47
25 58
25 59
25 61
25 64
25 65
25 66
25 69
25 74
25 77
25 84
25 95
25 110
25 112
26 27
26 29
26 33
26 40
26 44
26 46
26 49
26 51
26 53
26 57
26 61
26 70
26 79
26 80
26 81
26 83
26 84
26 87
26 113
26 117
27 32
27 35
27 38
27 45
27 52
27 67
27 83
27 91
27 95
27 101
27 102
27 105
27 109
27 111
28 31
28 38
28 41
28 43
28 44
28 46
28 66
28 70
28 71
28 74
28 80
28 89
28 97
28 100
28 102
28 109
28 114
29 58
29 62
29 77
29 81
29 87
29 88
29 91
29 99
29 101
29 103
29 109
30 38
30 41
30 47
30 55
30 61
30 64
30 65
30 73
30 77
30 78
30 82
30 89
30 92
30 108
30 109
31 34
31 43
31 44
31 53
31 57
31 58
31 61
31 63
31 79
31 80
31 94
31 96
31 99
31 101
31 106
31 110
31 113
32 34
32 37
32 38
32 42
32 45
32 50
32 60
32 61
32 62
32 76
32 79
32 82
32 83
32 87
32 90
32 91
32 93
32 101
33 34
33 35
33 36
33 55
33 56
33 59
33 60
33 62
33 82
33 83
33 88
33 91
33 94
33 98
33 99
33 100
33 101
33 109
33 112
33 113
33 115
33 116
34 38
34 39
34 43
34 45
34 53
34 54
34 58
34 61
34 63
34 66
34 69
34 70
34 75
34 79
34 81
34 84
34 88
34 92
34 93
34 99
34 106
35 37
35 45
35 47
35 58
35 67
35 73
35 82
35 87
35 99
35 107
35 110
35 112
35 115
36 46
36 47
36 51
36 52
36 54
36 57
36 58
36 59
36 62
36 66
36 74
36 85
36 89
36 92
36 94
36 95
36 99
36 100
36 111
36 114
36 115
36 116
37 38
37 53
37 58
37 59
37 71
37 74
37 75
37 78
37 82
37 90
37 91
37 93
37 96
37 104
37 106
37 108
37 111
37 112
37 115
38 47
38 49
38 63
38 68
38 74
38 81
38 90
38 94
38 110
38 113
38 114
38 117
39 40
39 45
39 47
39 49
39 56
39 61
39 63
39 69
39 80
39 83
39 95
39 112
40 41
40 50
40 51
40 52
40 57
40 61
40 66
40 68
40 70
40 71
40 72
40 75
40 76
40 87
40 90
40 98
40 100
40 113
40 117
41 43
41 45
41 48
41 51
41 53
41 66
41 70
41 72
41 74
41 80
41 84
41 87
41 93
41 102
41 105
41 108
41 112
41 114
42 52
42 53
42 54
42 58
42 61
42 65
42 72
42 73
42 83
42 86
42 92
42 99
42 100
42 101
42 104
42 107
42 110
43 47
43 51
43 54
43 55
43 56
43 57
43 60
43 68
43 73
43 74
43 80
43 90
43 91
43 93
43 100
43 106
43 107
43 116
44 47
44 49
44 50
44 64
44 72
44 76
44 78
44 101
44 102
45 46
45 54
45 62
45 73
45 77
45 79
45 82
45 87
45 92
45 103
45 104
45 109
45 116
46 47
46 54
46 68
46 74
46 75
46 86
46 89
46 92
46 93
46 97
46 111
46 112
47 66
47 71
47 74
47 87
47 89
47 92
47 93
47 95
47 101
47 102
47 103
47 106
47 109
47 113
48 50
48 52
48 54
48 57
48 59
48 62
48 65
48 68
48 70
48 72
48 75
48 80
48 85
48 88
48 89
48 94
48 100
48 106
48 108
48 110
48 115
48 117
49 54
49 68
49 72
49 79
49 80
49 82
49 103
49 108
49 109
49 113
50 54
50 59
50 60
50 61
50 72
50 76
50 86
50 95
50 99
50 102
50 103
50 107
50 116
51 53
51 55
51 84
51 88
51 92
51 96
51 97
51 98
51 106
51 112
51 113
51 114
51 117
52 53
52 54
52 61
52 66
52 70
52 77
52 83
52 87
52 98
52 99
52 105
52 111
53 55
53 61
53 63
53 65
53 72
53 75
53 79
53 82
53 83
53 89
53 104
53 106
53 116
54 61
54 63
54 64
54 71
54 80
54 82
54 84
54 86
54 88
54 89
54 90
54 92
54 95
54 96
54 100
54 108
54 111
54 112
54 116
55 63
55 68
55 74
55 75
55 86
55 89
55 98
55 102
55 103
56 57
56 59
56 61
56 72
56 75
56 79
56 85
56 89
56 104
56 105
56 106
56 108
56 111
56 113
57 58
57 74
57 78
57 79
57 81
57 82
57 92
57 94
57 96
57 101
57 103
58 63
58 76
58 83
58 86
58 91
58 92
58 94
58 102
58 105
58 110
58 117
59 62
59 69
59 77
59 79
59 85
59 91
59 104
59 109
60 68
60 70
60 71
60 73
60 74
60 77
60 82
60 83
60 86
60 87
60 96
60 99
60 106
60 107
61 64
61 66
61 67
61 68
61 71
61 88
61 94
61 95
61 110
61 111
61 112
61 113
61 114
61 115
62 70
62 71
62 75
62 78
62 79
62 86
62 98
62 106
62 107
62 113
63 65
63 79
63 90
63 93
63 117
64 66
64 75
64 88
64 95
64 100
64 101
64 106
64 108
64 109
64 110
65 67
65 68
65 70
65 73
65 74
65 77
65 82
65 85
65 86
65 92
65 109
65 112
65 117
66 70
66 74
66 76
66 77
66 80
66 82
66 86
66 88
66 94
66 97
66 98
66 103
66 109
67 76
67 86
67 90
67 96
67 100
67 105
67 106
67 112
67 116
68 69
68 75
68 76
68 82
68 96
68 100
69 73
69 74
69 81
69 84
69 94
69 96
69 102
69 103
69 107
70 77
70 78
70 83
70 88
70 92
70 97
70 99
70 104
70 105
70 112
71 74
71 81
71 84
71 91
71 94
71 96
71 101
71 107
71 109
72 77
72 84
72 86
72 91
72 96
72 97
72 99
72 106
72 107
72 108
72 116
73 79
73 83
73 86
73 93
73 98
73 101
73 105
73 107
73 113
73 116
74 86
74 89
74 93
74 95
74 99
74 102
74 110
75 77
75 80
75 93
75 95
75 98
75 104
75 110
75 111
76 82
76 92
76 94
76 95
76 114
77 84
77 98
77 117
78 79
78 85
78 90
78 92
78 100
78 102
78 111
79 83
79 86
79 90
79 91
79 92
79 101
79 103
79 104
79 114
80 84
80 85
80 89
80 94
80 95
80 96
80 109
80 111
81 82
81 88
81 90
81 100
81 101
81 104
81 105
81 107
81 109
81 110
81 111
82 83
82 86
82 91
82 93
82 98
82 102
82 103
82 105
82 107
82 112
82 116
83 85
83 91
83 100
83 101
83 111
83 113
84 91
84 101
84 103
84 113
84 117
85 92
85 98
85 109
86 88
86 96
86 98
86 100
86 116
87 88
87 89
87 100
87 104
87 111
87 112
87 114
87 116
88 92
88 100
88 101
88 105
88 106
88 116
89 91
89 96
89 99
89 103
89 106
89 115
90 94
90 105
90 106
90 115
91 93
91 98
91 103
91 104
91 106
91 107
91 111
91 113
92 94
92 100
92 103
92 104
92 109
92 117
93 94
93 102
93 113
94 95
94 103
94 104
94 109
94 112
94 114
94 116
94 117
95 99
95 108
95 110
95 111
95 114
96 100
96 111
97 101
97 113
97 115
98 112
98 116
98 117
99 104
99 105
99 114
100 105
100 106
101 106
101 109
101 111
102 111
102 114
103 106
103 116
103 117
104 107
104 110
104 114
105 107
105 110
105 116
106 108
106 112
107 111
107 112
107 113
107 116
107 117
108 113
108 117
110 111
111 113
113 117
