98 1023
1 2
1 4
1 8
1 20
1 23
1 25
1 27
1 45
1 51
1 53
1 57
1 65
1 70
1 75
1 81
1 83
1 85
1 89
1 93
1 95
1 97
1 98
2 7
2 21
2 25
2 36
2 39
2 47
2 50
2 51
2 54
2 57
2 59
2 60
2 73
2 76
2 80
2 82
2 85
2 89
2 92
2 94
3 4
3 5
3 6
3 7
3 8
3 9
3 10
3 11
3 12
3 13
3 14
3 21
3 22
3 24
3 25
3 36
3 38
3 42
3 46
3 50
3 54
3 72
3 76
3 82
3 90
3 92
3 97
4 5
4 6
4 7
4 8
4 9
4 10
4 11
4 12
4 13
4 14
4 16
4 17
4 20
4 27
4 31
4 42
4 44
4 46
4 47
4 49
4 53
4 57
4 60
4 70
4 78
4 93
4 98
5 6
5 7
5 8
5 9
5 10
5 11
5 12
5 13
5 14
5 21
5 22
5 26
5 36
5 38
5 48
5 56
5 57
5 62
5 79
5 84
5 89
6 7
6 8
6 9
6 10
6 11
6 12
6 13
6 14
6 15
6 18
6 19
6 24
6 36
6 40
6 50
6 58
6 66
6 70
6 71
6 80
6 81
6 82
6 83
6 84
6 91
6 92
6 96
7 8
7 9
7 10
7 11
7 12
7 13
7 14
7 21
7 37
7 38
7 50
7 65
7 75
7 88
7 90
7 95
7 97
7 98
8 9
8 10
8 11
8 12
8 13
8 14
8 20
8 21
8 23
8 24
8 34
8 35
8 38
8 42
8 55
8 56
8 70
8 83
8 95
9 10
9 11
9 12
9 13
9 14
9 21
9 29
9 35
9 38
9 39
9 51
9 63
9 65
9 76
9 77
9 78
9 82
9 83
9 86
9 95
9 97
10 11
10 12
10 13
10 14
10 16
10 19
10 20
10 26
10 32
10 35
10 39
10 45
10 47
10 50
10 52
10 53
10 57
10 63
10 68
10 72
10 73
10 77
10 80
10 84
10 91
10 96
11 12
11 13
11 14
11 16
11 20
11 23
11 30
11 32
11 33
11 38
11 46
11 58
11 65
11 67
11 68
11 76
11 78
11 95
11 98
12 13
12 14
12 20
12 23
12 24
12 28
12 38
12 42
12 48
12 53
12 64
12 71
12 74
12 89
12 91
12 92
12 96
12 97
13 14
13 19
13 22
13 26
13 35
13 46
13 47
13 52
13 63
13 74
13 76
13 77
13 79
13 80
13 88
13 91
13 97
14 20
14 28
14 35
14 36
14 37
14 41
14 42
14 44
14 45
14 51
14 53
14 77
14 88
14 89
15 16
15 17
15 18
15 19
15 21
15 22
15 30
15 37
15 38
15 41
15 49
15 50
15 52
15 57
15 60
15 71
15 78
15 84
15 85
15 86
15 89
15 92
16 17
16 18
16 19
16 22
16 30
16 33
16 34
16 37
16 44
16 48
16 54
16 62
16 63
16 68
16 69
16 73
16 78
16 80
16 89
16 91
16 98
17 18
17 19
17 21
17 22
17 24
17 26
17 32
17 34
17 42
17 46
17 55
17 61
17 62
17 64
17 65
17 75
17 77
17 92
18 19
18 21
18 22
18 28
18 38
18 45
18 50
18 56
18 57
18 64
18 74
18 75
18 76
19 24
19 28
19 29
19 32
19 46
19 48
19 49
19 62
19 63
19 65
19 68
19 70
19 74
19 79
19 87
19 97
20 28
20 30
20 33
20 52
20 53
20 69
20 74
20 78
20 95
20 96
21 32
21 36
21 38
21 42
21 43
21 57
21 62
21 63
21 64
21 68
21 69
21 70
21 71
21 72
21 93
21 96
22 26
22 27
22 31
22 35
22 49
22 52
22 75
22 81
22 82
22 83
22 85
22 86
22 87
22 91
22 92
22 97
23 32
23 38
23 44
23 58
23 63
23 65
23 81
23 84
23 89
24 43
24 47
24 54
24 58
24 59
24 65
24 69
24 73
24 76
24 80
24 84
24 86
24 91
24 96
25 27
25 32
25 37
25 41
25 49
25 52
25 58
25 59
25 60
25 63
25 68
25 69
25 80
25 85
25 87
25 96
25 97
26 31
26 36
26 38
26 39
26 43
26 44
26 46
26 52
26 60
26 63
26 71
26 76
26 93
26 96
27 28
27 30
27 31
27 32
27 34
27 37
27 38
27 43
27 54
27 56
27 59
27 60
27 61
27 62
27 68
27 74
27 75
27 77
27 86
27 87
27 90
27 93
27 98
28 29
28 37
28 44
28 55
28 61
28 63
28 67
28 70
28 75
28 85
28 89
28 98
29 33
29 42
29 45
29 46
29 58
29 60
29 67
29 78
29 82
29 86
29 89
29 90
30 37
30 41
30 43
30 45
30 47
30 50
30 51
30 58
30 69
30 84
30 87
30 95
31 36
31 37
31 38
31 42
31 43
31 47
31 49
31 50
31 53
31 54
31 55
31 58
31 59
31 61
31 75
31 76
31 78
31 79
31 87
31 88
31 89
32 33
32 38
32 41
32 42
32 46
32 59
32 62
32 63
32 65
32 72
32 74
32 95
32 96
33 35
33 36
33 39
33 42
33 44
33 67
33 71
33 74
33 83
33 84
33 90
33 94
33 98
34 36
34 51
34 54
34 68
34 69
34 74
34 76
34 84
34 85
34 90
34 91
34 98
35 38
35 43
35 55
35 64
35 66
35 67
35 69
35 75
35 76
35 81
35 85
35 93
35 94
36 38
36 48
36 55
36 75
36 79
36 84
36 94
36 97
37 39
37 43
37 44
37 48
37 49
37 55
37 59
37 60
37 62
37 63
37 77
37 78
37 83
37 88
37 90
38 39
38 42
38 43
38 44
38 51
38 56
38 59
38 61
38 74
38 88
39 43
39 44
39 48
39 60
39 62
39 67
39 71
39 75
39 77
39 79
39 80
39 82
39 83
39 85
39 90
39 91
39 95
40 41
40 43
40 45
40 46
40 58
40 69
40 83
40 85
40 89
40 93
40 94
40 95
40 96
40 98
41 48
41 50
41 59
41 60
41 80
41 82
41 83
41 89
41 92
41 93
41 94
41 95
42 45
42 50
42 53
42 56
42 58
42 63
42 64
42 67
42 74
42 86
42 87
43 47
43 57
43 60
43 66
43 69
43 76
43 93
43 97
44 47
44 49
44 62
44 63
44 68
44 71
44 73
44 79
44 84
44 87
44 88
44 93
44 94
44 97
45 48
45 49
45 51
45 60
45 76
45 79
45 88
45 90
45 93
45 95
45 97
46 50
46 58
46 61
46 64
46 66
46 69
46 75
46 76
46 77
46 80
46 89
46 93
47 48
47 49
47 78
47 82
47 86
47 90
47 95
47 97
48 55
48 67
48 68
48 72
48 74
48 75
48 81
48 82
48 84
48 86
48 89
48 90
49 56
49 59
49 63
49 66
49 74
49 76
49 77
49 83
49 89
49 90
49 91
49 98
50 57
50 62
50 65
50 67
50 69
50 74
50 83
50 86
50 88
50 89
51 53
51 58
51 63
51 65
51 67
51 69
51 82
51 84
51 93
51 95
52 62
52 68
52 78
52 81
52 85
52 91
52 95
53 54
53 55
53 56
53 65
53 67
53 71
53 72
53 74
53 78
53 84
53 98
54 67
54 69
54 73
54 82
54 85
55 56
55 58
55 63
55 68
55 69
55 74
55 79
55 85
56 62
56 64
56 71
56 73
56 81
56 83
56 90
56 95
57 64
57 65
57 68
57 73
57 76
57 83
57 85
57 91
57 96
58 69
58 72
58 79
58 89
58 90
58 97
59 65
59 69
59 72
59 77
59 82
59 83
59 90
59 92
59 93
59 96
59 98
60 65
60 66
60 67
60 76
60 78
60 87
60 97
61 62
61 69
61 70
61 82
61 87
61 90
61 96
61 97
62 64
62 65
62 67
62 70
62 78
62 80
62 82
62 88
62 90
62 94
63 67
63 81
63 84
63 85
63 89
63 93
63 94
63 95
63 97
64 78
64 79
64 81
65 69
65 70
65 73
65 75
65 79
65 80
65 82
65 83
65 84
65 91
65 95
66 71
66 73
66 78
66 81
66 90
66 93
66 96
66 98
67 68
67 69
67 70
67 74
67 78
67 79
67 82
67 83
67 85
67 93
68 71
68 80
68 85
68 89
68 92
68 93
68 95
68 96
68 98
69 75
69 76
69 81
69 82
69 87
69 91
69 98
70 85
70 89
70 90
70 96
70 98
71 77
71 78
71 81
71 83
71 88
71 92
72 74
72 76
72 82
72 83
72 84
72 85
72 92
72 93
72 95
72 97
73 91
73 93
73 96
73 97
74 80
74 85
74 89
74 90
75 80
75 84
75 91
75 94
76 84
76 86
76 87
76 92
77 85
77 94
78 83
78 92
78 93
78 94
78 97
79 81
79 89
79 92
79 94
80 89
80 96
82 91
82 94
83 84
83 86
83 87
84 86
84 92
84 97
84 98
85 89
85 93
87 92
87 94
88 89
88 94
88 96
89 93
89 94
90 93
90 94
90 97
91 97
92 94
94 95
94 98
95 97
95 98
96 97
97 98
