149 2385
1 2
1 3
1 4
1 5
1 6
1 7
1 8
1 9
1 10
1 11
1 12
1 13
1 14
1 15
1 16
1 17
1 18
1 19
1 21
1 30
1 32
1 35
1 38
1 41
1 43
1 49
1 51
1 52
1 56
1 63
1 73
1 76
1 94
1 104
1 106
1 108
1 114
1 121
1 126
1 130
1 132
1 136
1 142
1 145
1 148
1 149
2 3
2 4
2 5
2 6
2 7
2 8
2 9
2 10
2 11
2 12
2 13
2 14
2 15
2 16
2 17
2 18
2 22
2 23
2 37
2 38
2 55
2 61
2 64
2 65
2 67
2 71
2 74
2 79
2 84
2 87
2 91
2 92
2 97
2 99
2 101
2 102
2 105
2 120
2 123
2 125
2 127
2 135
2 139
2 143
3 4
3 5
3 6
3 7
3 8
3 9
3 10
3 11
3 12
3 13
3 14
3 15
3 16
3 17
3 18
3 26
3 29
3 35
3 37
3 38
3 40
3 42
3 53
3 55
3 58
3 72
3 80
3 82
3 83
3 85
3 101
3 102
3 115
3 117
3 121
3 123
3 129
3 136
3 139
3 142
4 5
4 6
4 7
4 8
4 9
4 10
4 11
4 12
4 13
4 14
4 15
4 16
4 17
4 18
4 21
4 22
4 24
4 26
4 31
4 36
4 39
4 41
4 44
4 46
4 54
4 57
4 58
4 59
4 67
4 81
4 84
4 93
4 102
4 103
4 106
4 109
4 112
4 117
4 140
4 146
5 6
5 7
5 8
5 9
5 10
5 11
5 12
5 13
5 14
5 15
5 16
5 17
5 18
5 21
5 24
5 48
5 49
5 60
5 65
5 68
5 71
5 82
5 86
5 88
5 91
5 94
5 99
5 100
5 116
5 120
5 123
5 128
5 137
5 142
6 7
6 8
6 9
6 10
6 11
6 12
6 13
6 14
6 15
6 16
6 17
6 18
6 30
6 31
6 33
6 41
6 45
6 46
6 47
6 49
6 55
6 57
6 65
6 67
6 69
6 78
6 82
6 83
6 88
6 91
6 97
6 102
6 107
6 113
6 122
6 123
6 124
6 127
6 128
6 137
6 140
6 143
6 144
6 148
7 8
7 9
7 10
7 11
7 12
7 13
7 14
7 15
7 16
7 17
7 18
7 21
7 23
7 27
7 30
7 33
7 41
7 42
7 48
7 54
7 66
7 67
7 74
7 77
7 79
7 87
7 88
7 92
7 95
7 97
7 113
7 118
7 119
7 121
7 133
7 134
7 136
8 9
8 10
8 11
8 12
8 13
8 14
8 15
8 16
8 17
8 18
8 21
8 22
8 31
8 58
8 76
8 91
8 92
8 101
8 107
8 108
8 121
8 122
8 124
8 136
8 140
8 145
8 146
8 148
9 10
9 11
9 12
9 13
9 14
9 15
9 16
9 17
9 18
9 24
9 25
9 26
9 36
9 42
9 44
9 49
9 58
9 73
9 74
9 75
9 79
9 81
9 83
9 84
9 88
9 92
9 94
9 98
9 101
9 104
9 111
9 112
9 119
9 122
9 123
9 124
9 128
9 129
9 134
9 139
9 141
9 146
9 148
10 11
10 12
10 13
10 14
10 15
10 16
10 17
10 18
10 30
10 34
10 37
10 38
10 41
10 43
10 53
10 55
10 57
10 58
10 59
10 61
10 63
10 64
10 68
10 72
10 80
10 89
10 94
10 112
10 113
10 114
10 118
10 124
10 128
10 129
10 132
10 138
10 148
11 12
11 13
11 14
11 15
11 16
11 17
11 18
11 26
11 30
11 31
11 34
11 35
11 36
11 37
11 38
11 40
11 49
11 54
11 61
11 68
11 72
11 79
11 89
11 90
11 91
11 97
11 98
11 105
11 106
11 110
11 112
11 118
11 120
11 121
11 130
11 134
11 147
12 13
12 14
12 15
12 16
12 17
12 18
12 20
12 22
12 24
12 32
12 33
12 35
12 36
12 39
12 45
12 50
12 51
12 56
12 59
12 61
12 64
12 70
12 71
12 74
12 77
12 82
12 83
12 89
12 91
12 94
12 98
12 101
12 105
12 109
12 118
12 126
12 129
12 131
12 146
13 14
13 15
13 16
13 17
13 18
13 25
13 33
13 34
13 37
13 38
13 41
13 45
13 46
13 49
13 54
13 59
13 66
13 68
13 77
13 79
13 86
13 96
13 103
13 107
13 109
13 110
13 114
13 121
13 124
13 129
13 130
13 138
13 141
13 142
13 147
14 15
14 16
14 17
14 18
14 29
14 30
14 37
14 49
14 51
14 59
14 65
14 66
14 78
14 81
14 83
14 85
14 86
14 89
14 91
14 92
14 104
14 109
14 110
14 118
14 121
14 127
14 131
14 136
14 142
14 145
14 146
14 148
15 16
15 17
15 18
15 31
15 32
15 36
15 38
15 41
15 42
15 46
15 56
15 71
15 74
15 81
15 85
15 87
15 91
15 92
15 94
15 101
15 102
15 105
15 107
15 108
15 110
15 111
15 122
15 126
15 128
15 136
15 138
15 143
15 144
15 148
16 17
16 18
16 27
16 31
16 36
16 46
16 50
16 53
16 58
16 61
16 64
16 74
16 75
16 78
16 81
16 82
16 84
16 86
16 89
16 92
16 93
16 100
16 107
16 113
16 118
16 130
16 131
17 18
17 21
17 26
17 27
17 29
17 38
17 42
17 43
17 58
17 61
17 63
17 70
17 77
17 85
17 98
17 108
17 120
17 124
17 125
17 126
17 133
17 137
17 139
17 141
17 146
17 148
17 149
18 24
18 25
18 29
18 33
18 37
18 39
18 43
18 57
18 58
18 61
18 63
18 72
18 76
18 77
18 83
18 88
18 89
18 90
18 98
18 100
18 102
18 106
18 109
18 110
18 115
18 116
18 119
18 123
18 127
18 128
18 132
18 137
18 142
19 20
19 21
19 22
19 23
19 24
19 27
19 28
19 29
19 30
19 37
19 40
19 48
19 53
19 55
19 57
19 59
19 61
19 64
19 74
19 75
19 81
19 97
19 100
19 102
19 107
19 114
19 116
19 127
19 133
19 136
19 143
19 144
19 147
20 21
20 22
20 23
20 24
20 28
20 43
20 45
20 47
20 61
20 62
20 63
20 65
20 74
20 82
20 87
20 89
20 96
20 112
20 113
20 114
20 116
20 119
20 135
20 146
20 147
21 22
21 23
21 24
21 29
21 33
21 45
21 50
21 59
21 64
21 66
21 67
21 69
21 72
21 77
21 79
21 85
21 87
21 92
21 98
21 113
21 119
21 134
22 23
22 24
22 27
22 33
22 42
22 44
22 51
22 52
22 58
22 59
22 60
22 64
22 68
22 82
22 83
22 89
22 93
22 105
22 106
22 107
22 112
22 120
22 124
22 133
22 143
22 149
23 24
23 26
23 28
23 32
23 41
23 42
23 47
23 50
23 53
23 56
23 58
23 80
23 94
23 97
23 106
23 112
23 122
23 123
23 126
23 128
23 136
23 149
24 30
24 35
24 39
24 46
24 56
24 59
24 65
24 66
24 68
24 76
24 85
24 110
24 114
24 117
24 123
24 124
24 132
24 143
24 145
24 148
25 26
25 27
25 28
25 29
25 34
25 37
25 38
25 42
25 44
25 46
25 48
25 51
25 54
25 58
25 63
25 66
25 68
25 70
25 94
25 104
25 105
25 109
25 113
25 114
25 115
25 129
25 130
25 132
25 142
26 27
26 28
26 29
26 32
26 33
26 34
26 40
26 41
26 46
26 47
26 49
26 55
26 59
26 60
26 64
26 67
26 69
26 78
26 84
26 93
26 98
26 102
26 106
26 116
26 129
26 130
26 131
26 134
26 136
26 141
26 144
27 28
27 29
27 33
27 50
27 55
27 57
27 58
27 60
27 61
27 65
27 66
27 68
27 77
27 79
27 85
27 96
27 101
27 103
27 109
27 112
27 133
27 134
27 135
28 29
28 34
28 36
28 41
28 43
28 50
28 51
28 57
28 58
28 59
28 68
28 75
28 80
28 81
28 82
28 83
28 84
28 85
28 86
28 99
28 100
28 102
28 108
28 120
28 123
28 126
28 129
28 134
28 141
28 142
29 31
29 32
29 33
29 35
29 38
29 41
29 52
29 59
29 66
29 76
29 81
29 82
29 86
29 87
29 89
29 91
29 99
29 113
29 114
29 116
29 118
29 120
29 126
29 128
29 133
29 140
29 142
29 143
29 145
30 35
30 37
30 41
30 43
30 45
30 46
30 47
30 52
30 57
30 62
30 63
30 68
30 71
30 84
30 92
30 98
30 106
30 129
30 133
30 135
30 137
30 139
30 140
30 141
30 142
30 146
31 32
31 40
31 46
31 50
31 55
31 62
31 65
31 68
31 69
31 70
31 72
31 76
31 81
31 82
31 101
31 103
31 113
31 117
31 126
31 128
31 132
31 141
32 39
32 42
32 44
32 46
32 50
32 51
32 54
32 56
32 57
32 62
32 66
32 73
32 75
32 76
32 78
32 79
32 81
32 82
32 97
32 98
32 105
32 106
32 107
32 109
32 116
32 118
32 122
32 123
32 138
32 139
32 148
33 38
33 39
33 42
33 49
33 50
33 57
33 58
33 63
33 69
33 71
33 74
33 80
33 82
33 83
33 92
33 94
33 101
33 117
33 123
33 124
33 126
33 127
33 129
33 136
33 143
33 148
33 149
34 58
34 60
34 62
34 65
34 70
34 71
34 76
34 79
34 82
34 83
34 90
34 98
34 105
34 106
34 107
34 108
34 110
34 113
34 114
34 122
34 123
34 124
34 127
34 132
34 137
35 37
35 39
35 48
35 49
35 57
35 61
35 64
35 69
35 89
35 90
35 91
35 101
35 103
35 115
35 121
35 123
35 125
35 135
35 136
35 137
35 139
35 146
36 43
36 49
36 53
36 55
36 56
36 61
36 69
36 75
36 77
36 83
36 86
36 88
36 95
36 104
36 106
36 113
36 128
36 136
36 138
36 139
36 140
36 143
36 147
36 148
37 40
37 41
37 43
37 44
37 48
37 52
37 58
37 64
37 68
37 70
37 73
37 74
37 79
37 86
37 95
37 99
37 101
37 102
37 103
37 106
37 114
37 116
37 117
37 120
37 123
37 124
37 126
37 128
37 132
37 133
37 136
37 137
37 143
37 144
37 147
38 50
38 56
38 57
38 65
38 66
38 68
38 69
38 80
38 81
38 101
38 104
38 108
38 111
38 123
38 125
38 126
38 134
38 137
38 141
38 142
38 145
38 147
38 148
38 149
39 40
39 57
39 62
39 67
39 79
39 81
39 82
39 84
39 93
39 106
39 113
39 115
39 119
39 121
39 122
39 126
39 142
39 147
40 49
40 50
40 58
40 61
40 63
40 68
40 71
40 74
40 75
40 93
40 107
40 111
40 113
40 125
40 131
40 133
40 137
40 147
41 45
41 51
41 59
41 62
41 66
41 67
41 71
41 73
41 78
41 79
41 93
41 96
41 101
41 102
41 109
41 124
41 127
41 141
42 43
42 48
42 50
42 52
42 63
42 65
42 67
42 70
42 71
42 85
42 117
42 119
42 124
42 146
42 147
43 44
43 50
43 56
43 59
43 61
43 67
43 71
43 72
43 76
43 83
43 84
43 86
43 88
43 91
43 96
43 100
43 123
43 125
43 126
43 127
43 132
43 134
43 135
43 143
43 149
44 47
44 48
44 51
44 52
44 55
44 57
44 63
44 76
44 78
44 91
44 97
44 99
44 117
44 118
44 130
44 140
45 50
45 57
45 65
45 71
45 72
45 92
45 101
45 104
45 106
45 111
45 112
45 113
45 125
45 129
45 140
45 149
46 51
46 62
46 73
46 81
46 84
46 88
46 90
46 91
46 92
46 98
46 99
46 104
46 112
46 114
46 132
46 134
46 136
46 139
46 148
47 48
47 55
47 60
47 61
47 63
47 64
47 68
47 71
47 72
47 73
47 75
47 80
47 81
47 83
47 94
47 97
47 99
47 109
47 110
47 116
47 117
47 120
47 147
47 148
48 50
48 51
48 66
48 68
48 71
48 74
48 76
48 89
48 97
48 98
48 100
48 105
48 107
48 110
48 113
48 116
48 118
48 122
48 130
48 134
48 136
48 137
48 139
49 58
49 60
49 61
49 63
49 86
49 88
49 101
49 102
49 106
49 113
49 119
49 122
49 126
49 142
49 148
50 51
50 59
50 64
50 70
50 71
50 73
50 75
50 83
50 84
50 89
50 99
50 111
50 112
50 114
50 116
50 119
50 138
50 143
50 144
51 61
51 62
51 63
51 69
51 87
51 88
51 93
51 99
51 103
51 105
51 108
51 118
51 128
51 131
51 137
51 140
51 145
52 57
52 59
52 73
52 76
52 79
52 81
52 94
52 101
52 102
52 105
52 111
52 117
52 132
52 135
52 139
53 54
53 63
53 66
53 77
53 88
53 100
53 101
53 113
53 114
53 123
53 137
53 142
54 62
54 72
54 74
54 76
54 77
54 78
54 84
54 88
54 89
54 101
54 103
54 104
54 106
54 112
54 113
54 114
54 116
54 122
54 123
54 126
54 128
54 143
55 60
55 67
55 78
55 91
55 92
55 94
55 100
55 104
55 115
55 121
55 125
55 132
55 139
56 59
56 62
56 63
56 74
56 75
56 77
56 102
56 103
56 111
56 123
56 125
56 135
56 136
56 138
56 141
56 143
56 148
57 62
57 65
57 69
57 70
57 74
57 79
57 82
57 83
57 84
57 92
57 95
57 98
57 99
57 100
57 103
57 105
57 108
57 110
57 112
57 115
57 127
57 137
57 139
57 144
58 64
58 73
58 82
58 93
58 94
58 98
58 102
58 106
58 107
58 108
58 111
58 128
58 135
58 139
59 67
59 76
59 82
59 85
59 86
59 90
59 93
59 94
59 100
59 101
59 111
59 120
59 121
59 123
59 139
59 141
60 76
60 81
60 86
60 91
60 92
60 99
60 101
60 109
60 120
60 141
60 146
60 148
61 83
61 95
61 100
61 103
61 112
61 113
61 116
61 126
61 132
61 133
61 140
61 144
61 145
61 149
62 64
62 66
62 67
62 71
62 77
62 84
62 86
62 88
62 90
62 91
62 92
62 93
62 102
62 104
62 110
62 111
62 117
62 124
62 125
62 126
62 127
62 132
62 136
62 137
62 138
62 139
62 143
63 65
63 79
63 81
63 82
63 89
63 93
63 97
63 103
63 113
63 116
63 123
63 133
63 144
63 148
64 66
64 67
64 68
64 69
64 73
64 74
64 78
64 79
64 83
64 86
64 91
64 92
64 95
64 99
64 104
64 107
64 110
64 115
64 116
64 129
64 136
65 66
65 72
65 80
65 81
65 85
65 87
65 100
65 101
65 110
65 118
65 119
65 132
65 133
65 136
65 137
65 141
65 143
65 145
65 148
66 71
66 74
66 79
66 89
66 92
66 94
66 104
66 112
66 114
66 117
66 122
66 130
66 147
67 68
67 80
67 82
67 87
67 98
67 104
67 108
67 110
67 120
67 126
67 132
67 133
67 134
67 135
67 137
67 140
68 77
68 81
68 82
68 84
68 91
68 105
68 109
68 110
68 116
68 119
68 125
68 134
68 136
68 138
68 143
68 144
68 145
69 80
69 81
69 88
69 96
69 99
69 102
69 115
69 117
69 120
69 121
69 123
69 127
69 128
69 131
69 133
69 140
69 141
69 143
69 146
70 74
70 82
70 84
70 87
70 92
70 99
70 106
70 107
70 109
70 119
70 122
70 124
70 125
70 134
70 138
70 143
70 149
71 87
71 88
71 93
71 97
71 107
71 113
71 114
71 116
71 125
71 131
71 148
72 94
72 95
72 100
72 101
72 103
72 104
72 106
72 112
72 113
72 130
72 141
72 143
72 145
72 146
73 74
73 75
73 81
73 87
73 96
73 106
73 113
73 117
73 118
73 119
73 130
73 138
73 139
74 77
74 80
74 85
74 86
74 98
74 100
74 102
74 108
74 111
74 115
74 125
74 136
74 140
75 83
75 86
75 93
75 99
75 105
75 127
75 129
75 131
75 134
75 137
76 78
76 80
76 83
76 85
76 92
76 93
76 95
76 99
76 102
76 111
76 119
76 120
76 128
76 129
76 131
76 140
76 149
77 85
77 93
77 94
77 96
77 102
77 107
77 112
77 119
77 127
77 146
77 147
78 80
78 85
78 87
78 92
78 98
78 100
78 102
78 108
78 119
78 121
78 127
78 129
78 137
78 147
79 92
79 93
79 106
79 112
79 117
79 127
79 129
79 131
79 137
79 140
79 144
79 145
79 147
79 148
79 149
80 84
80 107
80 112
80 117
80 118
80 119
80 122
80 124
80 127
80 128
80 130
80 133
80 138
80 147
81 88
81 92
81 102
81 108
81 109
81 110
81 119
81 121
81 122
81 131
81 145
82 84
82 85
82 88
82 91
82 99
82 100
82 102
82 107
82 109
82 121
82 124
82 127
82 131
82 141
82 144
82 146
82 147
82 149
83 85
83 86
83 88
83 99
83 101
83 106
83 114
83 123
83 125
83 126
83 139
83 140
83 142
83 146
83 147
84 87
84 96
84 97
84 101
84 106
84 108
84 115
84 117
84 124
84 131
84 135
84 140
85 87
85 91
85 94
85 98
85 99
85 105
85 107
85 110
85 113
85 118
85 129
85 130
85 132
85 134
85 136
85 138
85 141
85 142
86 91
86 97
86 99
86 115
86 122
86 123
86 133
86 138
86 141
86 144
86 148
87 88
87 89
87 92
87 105
87 107
87 108
87 111
87 125
87 129
87 131
87 134
87 143
87 146
87 147
87 149
88 96
88 100
88 109
88 110
88 113
88 114
88 115
88 131
88 133
88 134
88 138
88 141
88 146
88 149
89 96
89 99
89 110
89 114
89 115
89 118
89 131
89 136
89 144
89 145
90 105
90 113
90 121
90 126
90 127
90 142
90 146
91 98
91 102
91 124
91 127
91 128
91 130
91 133
91 140
91 142
91 146
91 147
92 114
92 116
92 120
92 128
92 133
92 135
93 100
93 104
93 109
93 119
93 126
94 99
94 102
94 108
94 110
94 115
94 118
94 123
94 126
94 128
94 136
94 138
94 143
94 145
94 148
94 149
95 96
95 97
95 99
95 100
95 104
95 110
95 121
95 123
95 125
95 128
95 129
95 132
95 135
95 137
95 145
95 148
96 102
96 103
96 118
96 122
96 126
96 127
96 128
96 130
96 132
96 133
96 135
96 143
96 145
96 147
97 98
97 100
97 109
97 118
97 120
97 125
97 138
97 140
97 148
98 106
98 110
98 115
98 116
98 117
98 124
98 130
98 131
98 132
98 134
98 137
98 141
98 145
98 149
99 104
99 109
99 115
99 118
99 122
99 125
99 135
99 136
99 137
99 144
99 146
100 103
100 106
100 109
100 110
100 112
100 129
100 133
100 134
100 136
100 138
100 144
100 145
101 111
101 113
101 117
101 122
101 126
101 131
101 134
101 137
101 138
101 139
101 142
101 143
101 145
101 146
101 149
102 106
102 120
102 122
102 123
102 130
102 135
102 137
102 141
102 143
103 113
103 118
103 119
103 134
103 140
103 142
104 106
104 114
104 115
104 116
104 120
104 123
104 128
104 131
104 132
104 135
104 138
104 140
104 142
104 144
104 147
105 107
105 120
105 122
105 127
105 131
105 135
105 138
105 143
105 145
105 146
105 148
105 149
106 113
106 115
106 121
106 122
106 123
106 127
106 134
106 135
106 138
106 145
107 109
107 110
107 111
107 113
107 125
107 135
107 138
107 139
107 141
107 146
107 148
108 113
108 114
108 125
108 145
108 146
109 113
109 114
109 127
109 130
109 135
109 136
109 141
109 145
109 147
110 111
110 115
110 123
110 124
110 126
110 132
110 133
110 135
110 136
110 143
110 148
110 149
111 112
111 129
111 136
111 146
112 113
112 116
112 117
112 119
112 124
112 127
113 117
113 120
113 126
113 144
113 146
113 147
114 123
114 124
114 127
114 130
114 145
114 149
115 131
115 134
116 118
116 119
116 121
116 123
116 125
116 130
116 133
116 134
116 136
116 139
116 140
116 142
116 145
116 146
117 121
117 124
117 125
117 127
117 131
117 134
117 135
117 141
117 143
117 146
118 119
118 124
118 125
118 128
118 133
118 136
118 137
118 138
118 140
118 142
119 136
119 144
119 145
119 149
120 121
120 123
120 126
120 127
120 128
120 130
120 138
120 147
121 125
121 132
121 133
121 136
121 138
121 140
122 125
122 130
122 133
122 134
122 141
122 143
122 148
122 149
123 124
123 132
123 135
123 143
123 144
124 126
124 134
124 143
124 148
125 127
125 133
125 142
125 149
126 127
126 128
126 134
126 135
126 138
126 141
126 146
126 148
127 130
127 132
127 134
127 137
127 142
127 145
127 149
128 133
128 144
128 148
129 130
129 133
129 141
129 144
130 133
130 134
130 143
130 146
130 148
131 147
132 136
132 138
132 142
133 138
133 140
133 141
133 149
134 141
134 149
135 141
136 137
136 140
136 143
137 139
137 141
138 139
138 144
138 148
139 144
139 146
140 145
140 146
140 147
140 149
141 144
142 145
142 146
142 147
143 149
144 145
144 146
145 149
