137 1977
1 2
1 3
1 4
1 5
1 6
1 7
1 8
1 9
1 10
1 11
1 12
1 13
1 14
1 15
1 16
1 17
1 18
1 19
1 24
1 29
1 31
1 38
1 46
1 53
1 55
1 56
1 64
1 67
1 68
1 72
1 74
1 78
1 94
1 97
1 99
1 106
1 110
1 119
1 131
1 136
2 3
2 4
2 5
2 6
2 7
2 8
2 9
2 10
2 11
2 12
2 13
2 14
2 15
2 16
2 17
2 18
2 19
2 21
2 25
2 27
2 32
2 38
2 44
2 45
2 48
2 54
2 55
2 68
2 72
2 73
2 76
2 79
2 83
2 85
2 89
2 90
2 92
2 94
2 96
2 98
2 101
2 103
2 107
2 109
2 112
2 120
2 122
2 127
2 133
3 4
3 5
3 6
3 7
3 8
3 9
3 10
3 11
3 12
3 13
3 14
3 15
3 16
3 17
3 18
3 19
3 24
3 26
3 30
3 31
3 44
3 45
3 46
3 49
3 52
3 59
3 71
3 80
3 84
3 88
3 89
3 92
3 94
3 95
3 96
3 99
3 101
3 110
3 123
3 128
3 129
3 130
3 133
3 134
3 135
3 137
4 5
4 6
4 7
4 8
4 9
4 10
4 11
4 12
4 13
4 14
4 15
4 16
4 17
4 18
4 19
4 29
4 34
4 39
4 40
4 46
4 57
4 64
4 73
4 79
4 86
4 89
4 90
4 95
4 96
4 98
4 106
4 124
4 130
4 133
4 134
4 136
5 6
5 7
5 8
5 9
5 10
5 11
5 12
5 13
5 14
5 15
5 16
5 17
5 18
5 19
5 40
5 47
5 58
5 59
5 61
5 64
5 65
5 66
5 69
5 74
5 77
5 84
5 95
5 110
5 112
5 118
5 119
5 121
5 122
5 129
5 130
5 134
6 7
6 8
6 9
6 10
6 11
6 12
6 13
6 14
6 15
6 16
6 17
6 18
6 19
6 23
6 26
6 27
6 29
6 33
6 40
6 44
6 46
6 49
6 51
6 53
6 57
6 61
6 70
6 79
6 80
6 81
6 83
6 84
6 87
6 113
6 117
6 123
6 128
6 136
6 137
7 8
7 9
7 10
7 11
7 12
7 13
7 14
7 15
7 16
7 17
7 18
7 19
7 32
7 35
7 38
7 45
7 52
7 67
7 83
7 91
7 95
7 101
7 102
7 105
7 109
7 111
7 130
8 9
8 10
8 11
8 12
8 13
8 14
8 15
8 16
8 17
8 18
8 19
8 21
8 22
8 24
8 27
8 31
8 38
8 41
8 43
8 44
8 46
8 66
8 70
8 71
8 74
8 80
8 89
8 97
8 100
8 102
8 109
8 114
8 125
8 126
8 136
9 10
9 11
9 12
9 13
9 14
9 15
9 16
9 17
9 18
9 19
9 27
9 58
9 62
9 77
9 81
9 87
9 88
9 91
9 99
9 101
9 103
9 109
9 119
9 120
10 11
10 12
10 13
10 14
10 15
10 16
10 17
10 18
10 19
10 38
10 41
10 47
10 55
10 61
10 64
10 65
10 73
10 77
10 78
10 82
10 89
10 92
10 108
10 109
10 126
11 12
11 13
11 14
11 15
11 16
11 17
11 18
11 19
11 26
11 27
11 31
11 34
11 43
11 44
11 53
11 57
11 58
11 61
11 63
11 79
11 80
11 94
11 96
11 99
11 101
11 106
11 110
11 113
11 125
12 13
12 14
12 15
12 16
12 17
12 18
12 19
12 24
12 25
12 27
12 31
12 34
12 37
12 38
12 42
12 45
12 50
12 60
12 61
12 62
12 76
12 79
12 82
12 83
12 87
12 90
12 91
12 93
12 101
13 14
13 15
13 16
13 17
13 18
13 19
13 21
13 32
13 34
13 35
13 36
13 55
13 56
13 59
13 60
13 62
13 82
13 83
13 88
13 91
13 94
13 98
13 99
13 100
13 101
13 109
13 112
13 113
13 115
13 116
13 118
13 121
13 122
13 133
13 134
14 15
14 16
14 17
14 18
14 19
14 38
14 39
14 43
14 45
14 53
14 54
14 58
14 61
14 63
14 66
14 69
14 70
14 75
14 79
14 81
14 84
14 88
14 92
14 93
14 99
14 106
14 118
14 121
14 124
14 127
14 131
14 132
14 136
14 137
15 16
15 17
15 18
15 19
15 27
15 30
15 31
15 32
15 34
15 37
15 45
15 47
15 58
15 67
15 73
15 82
15 87
15 99
15 107
15 110
15 112
15 115
15 120
15 122
15 124
15 136
16 17
16 18
16 19
16 23
16 27
16 36
16 46
16 47
16 51
16 52
16 54
16 57
16 58
16 59
16 62
16 66
16 74
16 85
16 89
16 92
16 94
16 95
16 99
16 100
16 111
16 114
16 115
16 116
16 122
16 123
16 124
16 134
17 18
17 19
17 22
17 32
17 36
17 37
17 38
17 53
17 58
17 59
17 71
17 74
17 75
17 78
17 82
17 90
17 91
17 93
17 96
17 104
17 106
17 108
17 111
17 112
17 115
17 118
17 120
17 124
17 131
17 133
17 136
18 19
18 31
18 47
18 49
18 63
18 68
18 74
18 81
18 90
18 94
18 110
18 113
18 114
18 117
18 119
18 121
18 130
19 21
19 32
19 37
19 39
19 40
19 45
19 47
19 49
19 56
19 61
19 63
19 69
19 80
19 83
19 95
19 112
19 123
19 128
19 129
19 135
19 136
20 21
20 22
20 23
20 24
20 25
20 26
20 27
20 32
20 36
20 41
20 50
20 51
20 52
20 57
20 61
20 66
20 68
20 70
20 71
20 72
20 75
20 76
20 87
20 90
20 98
20 100
20 113
20 117
20 120
20 123
20 124
20 125
20 126
20 127
20 128
20 133
20 137
21 22
21 23
21 24
21 25
21 26
21 27
21 31
21 38
21 43
21 45
21 48
21 51
21 53
21 66
21 70
21 72
21 74
21 80
21 84
21 87
21 93
21 102
21 105
21 108
21 112
21 114
21 118
21 120
21 124
21 130
21 132
22 23
22 24
22 25
22 26
22 27
22 32
22 52
22 53
22 54
22 58
22 61
22 65
22 72
22 73
22 83
22 86
22 92
22 99
22 100
22 101
22 104
22 107
22 110
22 124
22 125
22 127
22 132
22 133
22 135
23 24
23 25
23 26
23 27
23 32
23 39
23 40
23 47
23 51
23 54
23 55
23 56
23 57
23 60
23 68
23 73
23 74
23 80
23 90
23 91
23 93
23 100
23 106
23 107
23 116
23 122
23 124
23 127
23 133
23 136
24 25
24 26
24 27
24 28
24 35
24 37
24 40
24 44
24 47
24 49
24 50
24 64
24 72
24 76
24 78
24 101
24 102
24 119
24 123
24 125
24 126
25 26
25 27
25 34
25 45
25 46
25 54
25 62
25 73
25 77
25 79
25 82
25 87
25 92
25 103
25 104
25 109
25 116
25 119
25 120
25 123
25 135
25 136
26 27
26 29
26 35
26 38
26 41
26 42
26 47
26 54
26 68
26 74
26 75
26 86
26 89
26 92
26 93
26 97
26 111
26 112
26 121
26 126
26 132
26 135
27 30
27 40
27 42
27 44
27 66
27 71
27 74
27 87
27 89
27 92
27 93
27 95
27 101
27 102
27 103
27 106
27 109
27 113
27 119
27 122
27 123
27 124
27 128
27 131
28 31
28 33
28 38
28 45
28 50
28 52
28 54
28 57
28 59
28 62
28 65
28 68
28 70
28 72
28 75
28 80
28 85
28 88
28 89
28 94
28 100
28 106
28 108
28 110
28 115
28 117
28 118
28 135
29 41
29 54
29 68
29 72
29 79
29 80
29 82
29 103
29 108
29 109
29 113
29 119
30 37
30 38
30 39
30 47
30 49
30 54
30 59
30 60
30 61
30 72
30 76
30 86
30 95
30 99
30 102
30 103
30 107
30 116
30 120
30 131
30 135
31 32
31 47
31 53
31 55
31 84
31 88
31 92
31 96
31 97
31 98
31 106
31 112
31 113
31 114
31 117
31 118
31 129
31 131
31 135
31 136
32 37
32 44
32 45
32 50
32 53
32 54
32 61
32 66
32 70
32 77
32 83
32 87
32 98
32 99
32 105
32 111
32 118
32 119
32 127
32 136
33 36
33 39
33 52
33 55
33 61
33 63
33 65
33 72
33 75
33 79
33 82
33 83
33 89
33 104
33 106
33 116
33 124
33 127
34 48
34 61
34 63
34 64
34 71
34 80
34 82
34 84
34 86
34 88
34 89
34 90
34 92
34 95
34 96
34 100
34 108
34 111
34 112
34 116
34 118
34 121
34 124
34 127
34 128
34 135
35 41
35 44
35 45
35 48
35 50
35 51
35 52
35 63
35 68
35 74
35 75
35 86
35 89
35 98
35 102
35 103
35 119
35 126
36 37
36 41
36 43
36 44
36 46
36 48
36 50
36 52
36 57
36 59
36 61
36 72
36 75
36 79
36 85
36 89
36 104
36 105
36 106
36 108
36 111
36 113
36 119
36 129
36 131
37 41
37 51
37 52
37 53
37 58
37 74
37 78
37 79
37 81
37 82
37 92
37 94
37 96
37 101
37 103
37 122
37 132
37 135
37 136
38 48
38 52
38 63
38 76
38 83
38 86
38 91
38 92
38 94
38 102
38 105
38 110
38 117
38 122
38 124
39 62
39 69
39 77
39 79
39 85
39 91
39 104
39 109
39 122
39 123
39 124
39 129
39 135
39 136
40 42
40 43
40 45
40 47
40 52
40 68
40 70
40 71
40 73
40 74
40 77
40 82
40 83
40 86
40 87
40 96
40 99
40 106
40 107
40 118
40 119
40 134
41 45
41 54
41 61
41 64
41 66
41 67
41 68
41 71
41 88
41 94
41 95
41 110
41 111
41 112
41 113
41 114
41 115
41 125
41 128
41 132
41 136
42 45
42 53
42 62
42 70
42 71
42 75
42 78
42 79
42 86
42 98
42 106
42 107
42 113
42 130
42 132
42 133
42 134
42 136
43 49
43 51
43 56
43 65
43 79
43 90
43 93
43 117
43 120
43 126
43 129
44 48
44 50
44 51
44 53
44 57
44 60
44 66
44 75
44 88
44 95
44 100
44 101
44 106
44 108
44 109
44 110
44 120
44 127
45 46
45 55
45 56
45 57
45 62
45 64
45 67
45 68
45 70
45 73
45 74
45 77
45 82
45 85
45 86
45 92
45 109
45 112
45 117
45 118
45 121
45 123
45 126
45 130
45 133
45 136
46 49
46 59
46 61
46 62
46 63
46 64
46 70
46 74
46 76
46 77
46 80
46 82
46 86
46 88
46 94
46 97
46 98
46 103
46 109
46 118
46 120
46 123
46 136
47 76
47 86
47 90
47 96
47 100
47 105
47 106
47 112
47 116
47 125
47 134
47 136
48 55
48 63
48 64
48 67
48 69
48 75
48 76
48 82
48 96
48 100
48 122
48 127
48 132
49 50
49 51
49 61
49 68
49 73
49 74
49 81
49 84
49 94
49 96
49 102
49 103
49 107
49 127
49 131
50 51
50 58
50 59
50 69
50 70
50 77
50 78
50 83
50 88
50 92
50 97
50 99
50 104
50 105
50 112
50 119
50 122
50 123
50 127
51 64
51 70
51 74
51 81
51 84
51 91
51 94
51 96
51 101
51 107
51 109
51 120
52 53
52 58
52 59
52 63
52 71
52 77
52 84
52 86
52 91
52 96
52 97
52 99
52 106
52 107
52 108
52 116
52 120
52 128
53 60
53 70
53 79
53 83
53 86
53 93
53 98
53 101
53 105
53 107
53 113
53 116
53 121
53 124
53 125
53 126
53 128
53 130
53 131
54 59
54 66
54 70
54 71
54 86
54 89
54 93
54 95
54 99
54 102
54 110
54 123
54 124
55 65
55 66
55 69
55 77
55 80
55 93
55 95
55 98
55 104
55 110
55 111
55 118
55 119
55 120
55 122
55 124
56 65
56 67
56 73
56 82
56 92
56 94
56 95
56 114
56 118
57 61
57 65
57 69
57 70
57 71
57 84
57 98
57 117
57 121
57 129
57 131
58 62
58 66
58 68
58 70
58 71
58 79
58 85
58 90
58 92
58 100
58 102
58 111
58 120
58 122
58 125
58 128
58 134
58 137
59 60
59 61
59 67
59 71
59 72
59 83
59 86
59 90
59 91
59 92
59 101
59 103
59 104
59 114
59 127
59 128
59 133
59 134
60 65
60 76
60 77
60 80
60 84
60 85
60 89
60 94
60 95
60 96
60 109
60 111
60 126
60 129
60 133
61 69
61 73
61 74
61 76
61 82
61 88
61 90
61 100
61 101
61 104
61 105
61 107
61 109
61 110
61 111
61 124
61 128
61 131
61 134
62 65
62 66
62 68
62 73
62 77
62 79
62 80
62 83
62 86
62 91
62 93
62 98
62 102
62 103
62 105
62 107
62 112
62 116
62 128
62 131
62 134
63 65
63 70
63 76
63 77
63 79
63 80
63 81
63 82
63 85
63 91
63 100
63 101
63 111
63 113
63 131
63 132
63 136
64 70
64 75
64 80
64 81
64 91
64 101
64 103
64 113
64 117
64 124
64 125
64 137
65 67
65 71
65 76
65 78
65 92
65 98
65 109
65 120
65 135
65 136
66 73
66 81
66 84
66 88
66 96
66 98
66 100
66 116
66 119
66 123
66 136
67 71
67 74
67 79
67 86
67 88
67 89
67 100
67 104
67 111
67 112
67 114
67 116
67 121
67 129
67 130
67 134
68 70
68 84
68 92
68 100
68 101
68 105
68 106
68 116
68 130
68 137
69 72
69 76
69 79
69 85
69 86
69 87
69 91
69 96
69 99
69 103
69 106
69 115
69 121
69 128
69 129
70 80
70 87
70 94
70 105
70 106
70 115
70 118
70 129
70 132
71 73
71 75
71 82
71 84
71 85
71 88
71 89
71 90
71 93
71 98
71 103
71 104
71 106
71 107
71 111
71 113
71 119
72 85
72 87
72 88
72 94
72 100
72 103
72 104
72 109
72 117
72 118
72 128
72 135
73 81
73 84
73 86
73 89
73 90
73 94
73 102
73 113
73 118
73 127
73 128
74 76
74 83
74 87
74 89
74 90
74 91
74 95
74 103
74 104
74 109
74 112
74 114
74 116
74 117
74 118
74 125
74 126
74 129
74 136
75 79
75 87
75 94
75 99
75 108
75 110
75 111
75 114
75 118
75 121
75 132
75 134
75 136
76 80
76 84
76 89
76 90
76 95
76 100
76 111
76 118
76 125
76 127
76 130
76 131
77 91
77 101
77 113
77 115
77 118
77 120
77 121
77 122
77 125
77 132
78 83
78 86
78 87
78 91
78 95
78 112
78 116
78 117
78 120
78 125
78 137
79 83
79 85
79 89
79 99
79 104
79 105
79 114
79 125
79 130
80 91
80 92
80 99
80 105
80 106
80 132
81 85
81 90
81 98
81 100
81 106
81 109
81 111
81 118
81 121
81 122
81 127
81 129
81 137
82 83
82 88
82 91
82 96
82 111
82 114
82 119
82 129
82 131
82 132
82 134
83 92
83 94
83 97
83 99
83 106
83 116
83 117
84 85
84 86
84 87
84 98
84 99
84 107
84 110
84 114
84 118
84 122
84 125
84 132
84 133
84 136
84 137
85 91
85 95
85 97
85 99
85 107
85 110
85 116
85 119
85 124
85 127
85 137
86 94
86 100
86 106
86 108
86 112
86 133
86 134
87 90
87 93
87 98
87 100
87 105
87 107
87 111
87 112
87 113
87 116
87 117
87 121
87 134
88 90
88 101
88 113
88 117
88 121
88 122
88 125
88 128
88 129
88 131
88 133
88 136
89 91
89 94
89 96
89 106
89 127
89 129
89 133
89 136
89 137
90 97
90 106
90 110
90 111
90 121
90 127
90 132
90 134
90 136
91 95
91 99
91 100
91 101
91 110
91 113
91 119
91 127
92 104
92 118
92 123
92 124
92 136
93 107
93 117
93 132
94 95
94 100
94 102
94 103
94 106
94 108
94 125
94 126
94 130
94 132
94 133
95 98
95 99
95 113
95 115
95 120
95 129
95 133
95 134
96 101
96 105
96 106
96 108
96 113
96 122
96 124
96 131
96 132
97 103
97 108
97 119
97 132
97 134
97 135
98 104
98 105
98 106
98 107
98 111
98 115
98 118
98 120
98 122
98 127
98 128
98 130
98 135
98 136
99 110
99 119
99 123
99 125
99 128
99 134
99 135
100 102
100 110
100 119
100 123
100 130
101 103
101 109
101 117
101 118
101 121
101 123
101 127
102 108
102 118
102 124
102 125
102 127
102 128
102 131
102 132
103 105
103 106
103 110
103 123
103 133
103 134
103 135
103 136
103 137
104 113
104 114
104 121
104 122
104 127
104 131
104 136
105 117
105 122
105 130
105 131
106 111
106 113
106 117
106 118
106 121
106 123
106 127
106 131
106 133
106 137
107 115
107 126
107 128
107 130
107 131
108 115
108 119
108 122
109 125
109 131
109 132
109 135
110 115
110 117
110 120
110 134
111 112
111 114
111 115
111 124
111 126
111 131
111 134
111 135
112 113
112 116
112 120
112 126
112 135
112 136
113 119
113 129
113 132
113 135
114 116
114 125
115 124
115 128
115 130
115 137
116 118
116 120
116 121
116 122
117 120
117 121
117 132
118 120
118 137
119 121
120 131
120 133
121 127
121 128
121 130
121 132
121 134
122 133
123 126
123 135
123 136
123 137
124 129
124 137
125 129
125 132
125 137
127 135
128 129
128 130
129 133
129 135
131 134
132 135
132 137
133 134
133 135
133 136
134 136
