148 2376
1 2
1 3
1 4
1 5
1 6
1 7
1 8
1 9
1 10
1 11
1 18
1 24
1 28
1 50
1 51
1 74
1 75
1 83
1 89
1 91
1 93
1 95
1 100
1 103
1 114
1 115
1 122
1 123
1 126
1 127
1 128
1 134
1 146
2 3
2 4
2 5
2 6
2 7
2 8
2 9
2 10
2 11
2 12
2 13
2 17
2 19
2 21
2 30
2 32
2 35
2 38
2 41
2 43
2 49
2 51
2 52
2 56
2 63
2 73
2 76
2 94
2 104
2 106
2 108
2 114
2 121
2 126
2 130
2 132
2 136
2 142
2 145
2 148
3 4
3 5
3 6
3 7
3 8
3 9
3 10
3 11
3 14
3 15
3 16
3 22
3 23
3 37
3 38
3 55
3 61
3 64
3 65
3 67
3 71
3 74
3 79
3 84
3 87
3 91
3 92
3 97
3 99
3 101
3 102
3 105
3 120
3 123
3 125
3 127
3 135
3 139
3 143
4 5
4 6
4 7
4 8
4 9
4 10
4 11
4 26
4 29
4 35
4 37
4 38
4 40
4 42
4 53
4 55
4 58
4 72
4 80
4 82
4 83
4 85
4 101
4 102
4 115
4 117
4 121
4 123
4 129
4 136
4 139
4 142
5 6
5 7
5 8
5 9
5 10
5 11
5 21
5 22
5 24
5 26
5 31
5 36
5 39
5 41
5 44
5 46
5 54
5 57
5 58
5 59
5 67
5 81
5 84
5 93
5 102
5 103
5 106
5 109
5 112
5 117
5 140
5 146
6 7
6 8
6 9
6 10
6 11
6 15
6 21
6 24
6 48
6 49
6 60
6 65
6 68
6 71
6 82
6 86
6 88
6 91
6 94
6 99
6 100
6 116
6 120
6 123
6 128
6 137
6 142
7 8
7 9
7 10
7 11
7 30
7 31
7 33
7 41
7 45
7 46
7 47
7 49
7 55
7 57
7 65
7 67
7 69
7 78
7 82
7 83
7 88
7 91
7 97
7 102
7 107
7 113
7 122
7 123
7 124
7 127
7 128
7 137
7 140
7 143
7 144
7 148
8 9
8 10
8 11
8 13
8 17
8 21
8 23
8 27
8 30
8 33
8 41
8 42
8 48
8 54
8 66
8 67
8 74
8 77
8 79
8 87
8 88
8 92
8 95
8 97
8 113
8 118
8 119
8 121
8 133
8 134
8 136
9 10
9 11
9 17
9 21
9 22
9 31
9 58
9 76
9 91
9 92
9 101
9 107
9 108
9 121
9 122
9 124
9 136
9 140
9 145
9 146
9 148
10 11
10 12
10 24
10 25
10 26
10 36
10 42
10 44
10 49
10 58
10 73
10 74
10 75
10 79
10 81
10 83
10 84
10 88
10 92
10 94
10 98
10 101
10 104
10 111
10 112
10 119
10 122
10 123
10 124
10 128
10 129
10 134
10 139
10 141
10 146
10 148
11 14
11 15
11 18
11 30
11 34
11 37
11 38
11 41
11 43
11 53
11 55
11 57
11 58
11 59
11 61
11 63
11 64
11 68
11 72
11 80
11 89
11 94
11 112
11 113
11 114
11 118
11 124
11 128
11 129
11 132
11 138
11 148
12 13
12 14
12 15
12 16
12 17
12 18
12 19
12 20
12 21
12 22
12 23
12 24
12 25
12 26
12 27
12 28
12 29
12 30
12 31
12 34
12 35
12 36
12 37
12 38
12 40
12 49
12 54
12 61
12 68
12 72
12 79
12 89
12 90
12 91
12 97
12 98
12 105
12 106
12 110
12 112
12 118
12 120
12 121
12 130
12 134
12 147
13 14
13 15
13 16
13 17
13 18
13 19
13 20
13 21
13 22
13 23
13 24
13 25
13 26
13 27
13 28
13 29
13 32
13 33
13 35
13 36
13 39
13 45
13 50
13 51
13 56
13 59
13 61
13 64
13 70
13 71
13 74
13 77
13 82
13 83
13 89
13 91
13 94
13 98
13 101
13 105
13 109
13 118
13 126
13 129
13 131
13 146
14 15
14 16
14 17
14 18
14 19
14 20
14 21
14 22
14 23
14 24
14 25
14 26
14 27
14 28
14 29
14 33
14 34
14 37
14 38
14 41
14 45
14 46
14 49
14 54
14 59
14 66
14 68
14 77
14 79
14 86
14 96
14 103
14 107
14 109
14 110
14 114
14 121
14 124
14 129
14 130
14 138
14 141
14 142
14 147
15 16
15 17
15 18
15 19
15 20
15 21
15 22
15 23
15 24
15 25
15 26
15 27
15 28
15 29
15 30
15 37
15 49
15 51
15 59
15 65
15 66
15 78
15 81
15 83
15 85
15 86
15 89
15 91
15 92
15 104
15 109
15 110
15 118
15 121
15 127
15 131
15 136
15 142
15 145
15 146
15 148
16 17
16 18
16 19
16 20
16 21
16 22
16 23
16 24
16 25
16 26
16 27
16 28
16 29
16 31
16 32
16 36
16 38
16 41
16 42
16 46
16 56
16 71
16 74
16 81
16 85
16 87
16 91
16 92
16 94
16 101
16 102
16 105
16 107
16 108
16 110
16 111
16 122
16 126
16 128
16 136
16 138
16 143
16 144
16 148
17 18
17 19
17 20
17 21
17 22
17 23
17 24
17 25
17 26
17 27
17 28
17 29
17 31
17 36
17 46
17 50
17 53
17 58
17 61
17 64
17 74
17 75
17 78
17 81
17 82
17 84
17 86
17 89
17 92
17 93
17 100
17 107
17 113
17 118
17 130
17 131
18 19
18 20
18 21
18 22
18 23
18 24
18 25
18 26
18 27
18 28
18 29
18 38
18 42
18 43
18 58
18 61
18 63
18 70
18 77
18 85
18 98
18 108
18 120
18 124
18 125
18 126
18 133
18 137
18 139
18 141
18 146
18 148
19 20
19 21
19 22
19 23
19 24
19 25
19 26
19 27
19 28
19 29
19 33
19 37
19 39
19 43
19 57
19 58
19 61
19 63
19 72
19 76
19 77
19 83
19 88
19 89
19 90
19 98
19 100
19 102
19 106
19 109
19 110
19 115
19 116
19 119
19 123
19 127
19 128
19 132
19 137
19 142
20 21
20 22
20 23
20 24
20 25
20 26
20 27
20 28
20 29
20 30
20 37
20 40
20 48
20 53
20 55
20 57
20 59
20 61
20 64
20 74
20 75
20 81
20 97
20 100
20 102
20 107
20 114
20 116
20 127
20 133
20 136
20 143
20 144
20 147
21 22
21 23
21 24
21 25
21 26
21 27
21 28
21 29
21 43
21 45
21 47
21 61
21 62
21 63
21 65
21 74
21 82
21 87
21 89
21 96
21 112
21 113
21 114
21 116
21 119
21 135
21 146
21 147
22 23
22 24
22 25
22 26
22 27
22 28
22 29
22 33
22 45
22 50
22 59
22 64
22 66
22 67
22 69
22 72
22 77
22 79
22 85
22 87
22 92
22 98
22 113
22 119
22 134
23 24
23 25
23 26
23 27
23 28
23 29
23 33
23 42
23 44
23 51
23 52
23 58
23 59
23 60
23 64
23 68
23 82
23 83
23 89
23 93
23 105
23 106
23 107
23 112
23 120
23 124
23 133
23 143
24 25
24 26
24 27
24 28
24 29
24 32
24 41
24 42
24 47
24 50
24 53
24 56
24 58
24 80
24 94
24 97
24 106
24 112
24 122
24 123
24 126
24 128
24 136
25 26
25 27
25 28
25 29
25 30
25 35
25 39
25 46
25 56
25 59
25 65
25 66
25 68
25 76
25 85
25 110
25 114
25 117
25 123
25 124
25 132
25 143
25 145
25 148
26 27
26 28
26 29
26 34
26 37
26 38
26 42
26 44
26 46
26 48
26 51
26 54
26 58
26 63
26 66
26 68
26 70
26 94
26 104
26 105
26 109
26 113
26 114
26 115
26 129
26 130
26 132
26 142
27 28
27 29
27 32
27 33
27 34
27 40
27 41
27 46
27 47
27 49
27 55
27 59
27 60
27 64
27 67
27 69
27 78
27 84
27 93
27 98
27 102
27 106
27 116
27 129
27 130
27 131
27 134
27 136
27 141
27 144
28 29
28 33
28 50
28 55
28 57
28 58
28 60
28 61
28 65
28 66
28 68
28 77
28 79
28 85
28 96
28 101
28 103
28 109
28 112
28 133
28 134
28 135
29 34
29 36
29 41
29 43
29 50
29 51
29 57
29 58
29 59
29 68
29 75
29 80
29 81
29 82
29 83
29 84
29 85
29 86
29 99
29 100
29 102
29 108
29 120
29 123
29 126
29 129
29 134
29 141
29 142
30 31
30 32
30 33
30 35
30 38
30 41
30 52
30 59
30 66
30 76
30 81
30 82
30 86
30 87
30 89
30 91
30 99
30 113
30 114
30 116
30 118
30 120
30 126
30 128
30 133
30 140
30 142
30 143
30 145
31 35
31 37
31 41
31 43
31 45
31 46
31 47
31 52
31 57
31 62
31 63
31 68
31 71
31 84
31 92
31 98
31 106
31 129
31 133
31 135
31 137
31 139
31 140
31 141
31 142
31 146
32 40
32 46
32 50
32 55
32 62
32 65
32 68
32 69
32 70
32 72
32 76
32 81
32 82
32 101
32 103
32 113
32 117
32 126
32 128
32 132
32 141
33 39
33 42
33 44
33 46
33 50
33 51
33 54
33 56
33 57
33 62
33 66
33 73
33 75
33 76
33 78
33 79
33 81
33 82
33 97
33 98
33 105
33 106
33 107
33 109
33 116
33 118
33 122
33 123
33 138
33 139
33 148
34 38
34 39
34 42
34 49
34 50
34 57
34 58
34 63
34 69
34 71
34 74
34 80
34 82
34 83
34 92
34 94
34 101
34 117
34 123
34 124
34 126
34 127
34 129
34 136
34 143
34 148
35 58
35 60
35 62
35 65
35 70
35 71
35 76
35 79
35 82
35 83
35 90
35 98
35 105
35 106
35 107
35 108
35 110
35 113
35 114
35 122
35 123
35 124
35 127
35 132
35 137
36 37
36 39
36 48
36 49
36 57
36 61
36 64
36 69
36 89
36 90
36 91
36 101
36 103
36 115
36 121
36 123
36 125
36 135
36 136
36 137
36 139
36 146
37 43
37 49
37 53
37 55
37 56
37 61
37 69
37 75
37 77
37 83
37 86
37 88
37 95
37 104
37 106
37 113
37 128
37 136
37 138
37 139
37 140
37 143
37 147
37 148
38 40
38 41
38 43
38 44
38 48
38 52
38 58
38 64
38 68
38 70
38 73
38 74
38 79
38 86
38 95
38 99
38 101
38 102
38 103
38 106
38 114
38 116
38 117
38 120
38 123
38 124
38 126
38 128
38 132
38 133
38 136
38 137
38 143
38 144
38 147
39 50
39 56
39 57
39 65
39 66
39 68
39 69
39 80
39 81
39 101
39 104
39 108
39 111
39 123
39 125
39 126
39 134
39 137
39 141
39 142
39 145
39 147
39 148
40 57
40 62
40 67
40 79
40 81
40 82
40 84
40 93
40 106
40 113
40 115
40 119
40 121
40 122
40 126
40 142
40 147
41 49
41 50
41 58
41 61
41 63
41 68
41 71
41 74
41 75
41 93
41 107
41 111
41 113
41 125
41 131
41 133
41 137
41 147
42 45
42 51
42 59
42 62
42 66
42 67
42 71
42 73
42 78
42 79
42 93
42 96
42 101
42 102
42 109
42 124
42 127
42 141
43 48
43 50
43 52
43 63
43 65
43 67
43 70
43 71
43 85
43 117
43 119
43 124
43 146
43 147
44 50
44 56
44 59
44 61
44 67
44 71
44 72
44 76
44 83
44 84
44 86
44 88
44 91
44 96
44 100
44 123
44 125
44 126
44 127
44 132
44 134
44 135
44 143
45 47
45 48
45 51
45 52
45 55
45 57
45 63
45 76
45 78
45 91
45 97
45 99
45 117
45 118
45 130
45 140
46 50
46 57
46 65
46 71
46 72
46 92
46 101
46 104
46 106
46 111
46 112
46 113
46 125
46 129
46 140
47 51
47 62
47 73
47 81
47 84
47 88
47 90
47 91
47 92
47 98
47 99
47 104
47 112
47 114
47 132
47 134
47 136
47 139
47 148
48 55
48 60
48 61
48 63
48 64
48 68
48 71
48 72
48 73
48 75
48 80
48 81
48 83
48 94
48 97
48 99
48 109
48 110
48 116
48 117
48 120
48 147
48 148
49 50
49 51
49 66
49 68
49 71
49 74
49 76
49 89
49 97
49 98
49 100
49 105
49 107
49 110
49 113
49 116
49 118
49 122
49 130
49 134
49 136
49 137
49 139
50 58
50 60
50 61
50 63
50 86
50 88
50 101
50 102
50 106
50 113
50 119
50 122
50 126
50 142
50 148
51 59
51 64
51 70
51 71
51 73
51 75
51 83
51 84
51 89
51 99
51 111
51 112
51 114
51 116
51 119
51 138
51 143
51 144
52 61
52 62
52 63
52 69
52 87
52 88
52 93
52 99
52 103
52 105
52 108
52 118
52 128
52 131
52 137
52 140
52 145
53 57
53 59
53 73
53 76
53 79
53 81
53 94
53 101
53 102
53 105
53 111
53 117
53 132
53 135
53 139
54 63
54 66
54 77
54 88
54 100
54 101
54 113
54 114
54 123
54 137
54 142
55 62
55 72
55 74
55 76
55 77
55 78
55 84
55 88
55 89
55 101
55 103
55 104
55 106
55 112
55 113
55 114
55 116
55 122
55 123
55 126
55 128
55 143
56 60
56 67
56 78
56 91
56 92
56 94
56 100
56 104
56 115
56 121
56 125
56 132
56 139
57 59
57 62
57 63
57 74
57 75
57 77
57 102
57 103
57 111
57 123
57 125
57 135
57 136
57 138
57 141
57 143
57 148
58 62
58 65
58 69
58 70
58 74
58 79
58 82
58 83
58 84
58 92
58 95
58 98
58 99
58 100
58 103
58 105
58 108
58 110
58 112
58 115
58 127
58 137
58 139
58 144
59 64
59 73
59 82
59 93
59 94
59 98
59 102
59 106
59 107
59 108
59 111
59 128
59 135
59 139
60 67
60 76
60 82
60 85
60 86
60 90
60 93
60 94
60 100
60 101
60 111
60 120
60 121
60 123
60 139
60 141
61 76
61 81
61 86
61 91
61 92
61 99
61 101
61 109
61 120
61 141
61 146
61 148
62 83
62 95
62 100
62 103
62 112
62 113
62 116
62 126
62 132
62 133
62 140
62 144
62 145
63 64
63 66
63 67
63 71
63 77
63 84
63 86
63 88
63 90
63 91
63 92
63 93
63 102
63 104
63 110
63 111
63 117
63 124
63 125
63 126
63 127
63 132
63 136
63 137
63 138
63 139
63 143
64 65
64 79
64 81
64 82
64 89
64 93
64 97
64 103
64 113
64 116
64 123
64 133
64 144
64 148
65 66
65 67
65 68
65 69
65 73
65 74
65 78
65 79
65 83
65 86
65 91
65 92
65 95
65 99
65 104
65 107
65 110
65 115
65 116
65 129
65 136
66 72
66 80
66 81
66 85
66 87
66 100
66 101
66 110
66 118
66 119
66 132
66 133
66 136
66 137
66 141
66 143
66 145
66 148
67 71
67 74
67 79
67 89
67 92
67 94
67 104
67 112
67 114
67 117
67 122
67 130
67 147
68 80
68 82
68 87
68 98
68 104
68 108
68 110
68 120
68 126
68 132
68 133
68 134
68 135
68 137
68 140
69 77
69 81
69 82
69 84
69 91
69 105
69 109
69 110
69 116
69 119
69 125
69 134
69 136
69 138
69 143
69 144
69 145
70 80
70 81
70 88
70 96
70 99
70 102
70 115
70 117
70 120
70 121
70 123
70 127
70 128
70 131
70 133
70 140
70 141
70 143
70 146
71 74
71 82
71 84
71 87
71 92
71 99
71 106
71 107
71 109
71 119
71 122
71 124
71 125
71 134
71 138
71 143
72 87
72 88
72 93
72 97
72 107
72 113
72 114
72 116
72 125
72 131
72 148
73 94
73 95
73 100
73 101
73 103
73 104
73 106
73 112
73 113
73 130
73 141
73 143
73 145
73 146
74 75
74 81
74 87
74 96
74 106
74 113
74 117
74 118
74 119
74 130
74 138
74 139
75 77
75 80
75 85
75 86
75 98
75 100
75 102
75 108
75 111
75 115
75 125
75 136
75 140
76 83
76 86
76 93
76 99
76 105
76 127
76 129
76 131
76 134
76 137
77 78
77 80
77 83
77 85
77 92
77 93
77 95
77 99
77 102
77 111
77 119
77 120
77 128
77 129
77 131
77 140
78 85
78 93
78 94
78 96
78 102
78 107
78 112
78 119
78 127
78 146
78 147
79 80
79 85
79 87
79 92
79 98
79 100
79 102
79 108
79 119
79 121
79 127
79 129
79 137
79 147
80 92
80 93
80 106
80 112
80 117
80 127
80 129
80 131
80 137
80 140
80 144
80 145
80 147
80 148
81 84
81 107
81 112
81 117
81 118
81 119
81 122
81 124
81 127
81 128
81 130
81 133
81 138
81 147
82 88
82 92
82 102
82 108
82 109
82 110
82 119
82 121
82 122
82 131
82 145
83 84
83 85
83 88
83 91
83 99
83 100
83 102
83 107
83 109
83 121
83 124
83 127
83 131
83 141
83 144
83 146
83 147
84 85
84 86
84 88
84 99
84 101
84 106
84 114
84 123
84 125
84 126
84 139
84 140
84 142
84 146
84 147
85 87
85 96
85 97
85 101
85 106
85 108
85 115
85 117
85 124
85 131
85 135
85 140
86 87
86 91
86 94
86 98
86 99
86 105
86 107
86 110
86 113
86 118
86 129
86 130
86 132
86 134
86 136
86 138
86 141
86 142
87 91
87 97
87 99
87 115
87 122
87 123
87 133
87 138
87 141
87 144
87 148
88 89
88 92
88 105
88 107
88 108
88 111
88 125
88 129
88 131
88 134
88 143
88 146
88 147
89 96
89 100
89 109
89 110
89 113
89 114
89 115
89 131
89 133
89 134
89 138
89 141
89 146
90 96
90 99
90 110
90 114
90 115
90 118
90 131
90 136
90 144
90 145
91 105
91 113
91 121
91 126
91 127
91 142
91 146
92 98
92 102
92 124
92 127
92 128
92 130
92 133
92 140
92 142
92 146
92 147
93 114
93 116
93 120
93 128
93 133
93 135
94 100
94 104
94 109
94 119
94 126
95 99
95 102
95 108
95 110
95 115
95 118
95 123
95 126
95 128
95 136
95 138
95 143
95 145
95 148
96 97
96 99
96 100
96 104
96 110
96 121
96 123
96 125
96 128
96 129
96 132
96 135
96 137
96 145
96 148
97 102
97 103
97 118
97 122
97 126
97 127
97 128
97 130
97 132
97 133
97 135
97 143
97 145
97 147
98 100
98 109
98 118
98 120
98 125
98 138
98 140
98 148
99 106
99 110
99 115
99 116
99 117
99 124
99 130
99 131
99 132
99 134
99 137
99 141
99 145
100 104
100 109
100 115
100 118
100 122
100 125
100 135
100 136
100 137
100 144
100 146
101 103
101 106
101 109
101 110
101 112
101 129
101 133
101 134
101 136
101 138
101 144
101 145
102 111
102 113
102 117
102 122
102 126
102 131
102 134
102 137
102 138
102 139
102 142
102 143
102 145
102 146
103 106
103 120
103 122
103 123
103 130
103 135
103 137
103 141
103 143
104 113
104 118
104 119
104 134
104 140
104 142
105 106
105 114
105 115
105 116
105 120
105 123
105 128
105 131
105 132
105 135
105 138
105 140
105 142
105 144
105 147
106 107
106 120
106 122
106 127
106 131
106 135
106 138
106 143
106 145
106 146
106 148
107 113
107 115
107 121
107 122
107 123
107 127
107 134
107 135
107 138
107 145
108 109
108 110
108 111
108 113
108 125
108 135
108 138
108 139
108 141
108 146
108 148
109 113
109 114
109 125
109 145
109 146
110 113
110 114
110 127
110 130
110 135
110 136
110 141
110 145
110 147
111 115
111 123
111 124
111 126
111 132
111 133
111 135
111 136
111 143
111 148
112 129
112 136
112 146
113 116
113 117
113 119
113 124
113 127
114 117
114 120
114 126
114 144
114 146
114 147
115 123
115 124
115 127
115 130
115 145
116 131
116 134
117 118
117 119
117 121
117 123
117 125
117 130
117 133
117 134
117 136
117 139
117 140
117 142
117 145
117 146
118 121
118 124
118 125
118 127
118 131
118 134
118 135
118 141
118 143
118 146
119 124
119 125
119 128
119 133
119 136
119 137
119 138
119 140
119 142
120 136
120 144
120 145
121 123
121 126
121 127
121 128
121 130
121 138
121 147
122 125
122 132
122 133
122 136
122 138
122 140
123 125
123 130
123 133
123 134
123 141
123 143
123 148
124 132
124 135
124 143
124 144
125 126
125 134
125 143
125 148
126 127
126 133
126 142
127 128
127 134
127 135
127 138
127 141
127 146
127 148
128 130
128 132
128 134
128 137
128 142
128 145
129 133
129 144
129 148
130 133
130 141
130 144
131 133
131 134
131 143
131 146
131 148
132 147
133 136
133 138
133 142
134 138
134 140
134 141
135 141
136 141
137 140
137 143
138 139
138 141
139 144
139 148
140 144
140 146
141 145
141 146
141 147
142 144
143 145
143 146
143 147
145 146
