183 3458
1 2
1 3
1 4
1 5
1 6
1 7
1 8
1 9
1 10
1 11
1 12
1 13
1 14
1 15
1 16
1 17
1 18
1 19
1 20
1 31
1 35
1 42
1 44
1 52
1 54
1 70
1 73
1 74
1 81
1 88
1 89
1 91
1 93
1 105
1 114
1 120
1 122
1 125
1 129
1 140
1 145
1 152
1 157
1 165
1 167
1 171
1 175
2 3
2 4
2 5
2 6
2 7
2 8
2 9
2 10
2 11
2 12
2 13
2 14
2 15
2 16
2 17
2 18
2 19
2 20
2 26
2 32
2 33
2 39
2 40
2 41
2 44
2 45
2 46
2 48
2 50
2 58
2 60
2 62
2 63
2 66
2 67
2 69
2 70
2 71
2 72
2 76
2 86
2 92
2 99
2 101
2 103
2 117
2 121
2 124
2 125
2 128
2 135
2 136
2 148
2 155
2 164
2 172
2 174
2 182
3 4
3 5
3 6
3 7
3 8
3 9
3 10
3 11
3 12
3 13
3 14
3 15
3 16
3 17
3 18
3 19
3 20
3 23
3 35
3 39
3 42
3 47
3 48
3 52
3 60
3 61
3 64
3 67
3 71
3 74
3 79
3 101
3 103
3 104
3 105
3 117
3 118
3 122
3 128
3 138
3 144
3 149
3 151
3 166
3 173
4 5
4 6
4 7
4 8
4 9
4 10
4 11
4 12
4 13
4 14
4 15
4 16
4 17
4 18
4 19
4 20
4 35
4 36
4 37
4 39
4 49
4 74
4 79
4 87
4 88
4 94
4 99
4 105
4 109
4 111
4 113
4 123
4 128
4 133
4 137
4 138
4 145
4 161
4 168
4 177
4 179
5 6
5 7
5 8
5 9
5 10
5 11
5 12
5 13
5 14
5 15
5 16
5 17
5 18
5 19
5 20
5 26
5 42
5 48
5 50
5 74
5 75
5 78
5 80
5 87
5 89
5 94
5 97
5 100
5 101
5 107
5 108
5 110
5 113
5 127
5 149
5 154
5 155
5 157
5 161
5 162
5 165
5 172
5 180
6 7
6 8
6 9
6 10
6 11
6 12
6 13
6 14
6 15
6 16
6 17
6 18
6 19
6 20
6 25
6 37
6 41
6 42
6 47
6 50
6 54
6 71
6 76
6 80
6 82
6 83
6 86
6 92
6 106
6 110
6 113
6 124
6 128
6 132
6 134
6 140
6 146
6 152
6 154
6 155
6 160
6 162
6 166
6 173
6 174
6 179
7 8
7 9
7 10
7 11
7 12
7 13
7 14
7 15
7 16
7 17
7 18
7 19
7 20
7 22
7 23
7 26
7 27
7 29
7 31
7 32
7 34
7 35
7 38
7 41
7 47
7 48
7 53
7 72
7 78
7 80
7 91
7 95
7 97
7 99
7 102
7 103
7 106
7 108
7 112
7 118
7 130
7 138
7 139
7 147
7 152
7 157
7 160
7 166
7 173
8 9
8 10
8 11
8 12
8 13
8 14
8 15
8 16
8 17
8 18
8 19
8 20
8 27
8 31
8 36
8 38
8 50
8 56
8 58
8 60
8 62
8 66
8 84
8 101
8 109
8 123
8 131
8 138
8 140
8 152
8 164
8 167
8 169
8 171
8 172
9 10
9 11
9 12
9 13
9 14
9 15
9 16
9 17
9 18
9 19
9 20
9 21
9 23
9 30
9 34
9 36
9 40
9 41
9 42
9 48
9 49
9 54
9 61
9 70
9 75
9 79
9 86
9 88
9 93
9 94
9 95
9 102
9 105
9 112
9 130
9 133
9 135
9 140
9 150
9 158
9 167
9 172
9 173
9 174
9 178
9 180
9 182
9 183
10 11
10 12
10 13
10 14
10 15
10 16
10 17
10 18
10 19
10 20
10 21
10 25
10 26
10 27
10 39
10 41
10 46
10 52
10 67
10 71
10 72
10 74
10 75
10 83
10 98
10 102
10 115
10 116
10 123
10 128
10 131
10 136
10 138
10 145
10 148
10 149
10 150
10 152
10 156
10 165
10 178
10 180
11 12
11 13
11 14
11 15
11 16
11 17
11 18
11 19
11 20
11 25
11 28
11 31
11 33
11 39
11 47
11 50
11 52
11 53
11 54
11 59
11 64
11 72
11 79
11 80
11 89
11 93
11 98
11 101
11 105
11 115
11 118
11 122
11 124
11 129
11 132
11 137
11 143
11 144
11 154
11 170
11 171
11 173
11 174
11 176
11 179
12 13
12 14
12 15
12 16
12 17
12 18
12 19
12 20
12 35
12 42
12 46
12 55
12 60
12 61
12 64
12 70
12 72
12 81
12 85
12 89
12 91
12 92
12 97
12 105
12 110
12 117
12 118
12 125
12 133
12 139
12 143
12 144
12 148
12 149
12 151
12 154
12 168
12 173
12 180
12 181
13 14
13 15
13 16
13 17
13 18
13 19
13 20
13 30
13 36
13 44
13 46
13 56
13 60
13 75
13 80
13 89
13 90
13 92
13 96
13 106
13 110
13 112
13 119
13 129
13 137
13 150
13 159
13 163
13 164
13 165
13 169
13 174
13 178
14 15
14 16
14 17
14 18
14 19
14 20
14 24
14 25
14 28
14 29
14 30
14 31
14 32
14 40
14 47
14 48
14 61
14 62
14 64
14 67
14 71
14 74
14 76
14 78
14 81
14 92
14 93
14 94
14 103
14 104
14 105
14 111
14 115
14 119
14 129
14 139
14 141
14 145
14 149
14 152
14 155
14 157
14 158
14 161
14 167
14 178
14 179
14 180
15 16
15 17
15 18
15 19
15 20
15 28
15 31
15 33
15 34
15 35
15 37
15 49
15 58
15 59
15 63
15 65
15 70
15 72
15 80
15 86
15 90
15 92
15 94
15 98
15 110
15 112
15 119
15 123
15 124
15 127
15 130
15 132
15 134
15 139
15 141
15 142
15 146
15 147
15 149
15 159
15 163
15 169
15 170
15 174
15 175
15 179
16 17
16 18
16 19
16 20
16 22
16 29
16 37
16 45
16 53
16 54
16 55
16 65
16 75
16 90
16 102
16 109
16 111
16 114
16 115
16 120
16 125
16 133
16 157
16 159
16 176
16 179
16 180
17 18
17 19
17 20
17 28
17 53
17 54
17 55
17 59
17 68
17 74
17 88
17 92
17 96
17 102
17 105
17 109
17 114
17 117
17 119
17 121
17 123
17 125
17 129
17 131
17 145
17 155
17 158
17 173
17 175
18 19
18 20
18 22
18 24
18 25
18 28
18 32
18 33
18 44
18 53
18 54
18 55
18 68
18 70
18 74
18 85
18 88
18 91
18 93
18 96
18 101
18 108
18 109
18 114
18 117
18 130
18 136
18 140
18 144
18 155
18 158
18 160
18 163
18 164
18 171
18 173
18 177
19 20
19 21
19 28
19 31
19 40
19 47
19 48
19 49
19 52
19 53
19 54
19 71
19 73
19 76
19 77
19 85
19 97
19 98
19 99
19 105
19 109
19 114
19 117
19 122
19 132
19 136
19 137
19 138
19 141
19 153
19 158
19 161
19 162
19 163
19 164
19 170
19 171
19 178
19 179
19 180
19 181
20 28
20 37
20 49
20 53
20 56
20 58
20 64
20 72
20 73
20 77
20 79
20 84
20 97
20 100
20 105
20 113
20 115
20 119
20 129
20 132
20 134
20 144
20 156
20 161
20 164
20 172
20 174
20 176
20 179
20 182
21 22
21 23
21 24
21 25
21 26
21 29
21 36
21 40
21 42
21 46
21 77
21 97
21 104
21 105
21 108
21 111
21 115
21 122
21 137
21 150
21 154
21 167
21 168
21 181
21 183
22 23
22 24
22 25
22 26
22 29
22 32
22 43
22 49
22 52
22 55
22 59
22 60
22 69
22 74
22 89
22 92
22 93
22 99
22 118
22 121
22 124
22 125
22 126
22 128
22 131
22 134
22 135
22 142
22 144
22 153
23 24
23 25
23 26
23 32
23 38
23 44
23 51
23 57
23 61
23 85
23 86
23 107
23 108
23 110
23 111
23 113
23 129
23 131
23 147
23 152
23 154
23 157
23 160
23 176
23 180
23 182
24 25
24 26
24 30
24 33
24 37
24 38
24 40
24 41
24 46
24 54
24 64
24 65
24 70
24 72
24 73
24 78
24 79
24 82
24 99
24 111
24 112
24 118
24 121
24 131
24 132
24 137
24 158
24 167
24 172
24 175
25 26
25 31
25 41
25 43
25 48
25 60
25 62
25 80
25 95
25 101
25 102
25 121
25 127
25 136
25 138
25 142
25 143
25 153
25 172
25 174
26 35
26 43
26 51
26 59
26 69
26 71
26 84
26 94
26 98
26 99
26 102
26 105
26 108
26 111
26 113
26 114
26 115
26 121
26 122
26 123
26 124
26 127
26 140
26 144
26 147
26 148
26 155
26 156
26 160
26 165
26 175
26 179
27 28
27 29
27 30
27 31
27 32
27 33
27 34
27 35
27 36
27 44
27 45
27 47
27 50
27 51
27 54
27 57
27 60
27 83
27 94
27 109
27 110
27 112
27 115
27 117
27 122
27 124
27 126
27 142
27 149
27 154
27 167
27 169
27 170
27 171
27 173
27 176
28 29
28 30
28 31
28 32
28 33
28 34
28 35
28 36
28 37
28 57
28 65
28 68
28 71
28 78
28 81
28 82
28 83
28 89
28 95
28 106
28 130
28 135
28 138
28 153
28 157
28 166
28 172
28 173
28 175
29 30
29 31
29 32
29 33
29 34
29 35
29 36
29 42
29 49
29 54
29 56
29 60
29 64
29 65
29 67
29 80
29 88
29 90
29 91
29 100
29 104
29 115
29 118
29 125
29 137
29 139
29 140
29 142
29 147
29 158
29 164
29 167
29 170
29 176
29 179
29 182
30 31
30 32
30 33
30 34
30 35
30 36
30 39
30 40
30 46
30 48
30 51
30 63
30 77
30 80
30 82
30 84
30 85
30 90
30 117
30 121
30 123
30 124
30 130
30 135
30 141
30 142
30 150
30 151
30 152
30 157
30 162
30 164
30 178
30 179
30 183
31 32
31 33
31 34
31 35
31 36
31 39
31 51
31 57
31 58
31 64
31 65
31 80
31 82
31 84
31 85
31 87
31 91
31 94
31 96
31 104
31 109
31 112
31 124
31 134
31 139
31 144
31 145
31 151
31 152
31 153
31 157
31 163
31 167
31 170
31 180
32 33
32 34
32 35
32 36
32 40
32 41
32 46
32 61
32 63
32 64
32 69
32 76
32 77
32 83
32 86
32 88
32 101
32 105
32 117
32 120
32 127
32 131
32 141
32 143
32 148
32 150
32 158
32 160
32 161
32 162
32 169
32 179
32 180
32 181
32 182
33 34
33 35
33 36
33 40
33 41
33 42
33 53
33 64
33 68
33 70
33 78
33 89
33 94
33 99
33 104
33 106
33 121
33 122
33 127
33 135
33 141
33 145
33 148
33 149
33 155
33 161
33 163
33 164
33 169
33 172
33 173
33 183
34 35
34 36
34 41
34 42
34 44
34 51
34 52
34 60
34 62
34 68
34 77
34 85
34 88
34 90
34 94
34 96
34 100
34 101
34 114
34 115
34 116
34 118
34 119
34 121
34 122
34 123
34 125
34 126
34 129
34 143
34 144
34 146
34 151
34 163
34 169
34 182
35 36
35 38
35 52
35 66
35 68
35 76
35 80
35 81
35 85
35 86
35 87
35 95
35 97
35 112
35 114
35 120
35 126
35 129
35 132
35 135
35 138
35 142
35 143
35 148
35 150
35 154
35 160
35 162
35 163
35 165
35 173
35 181
36 37
36 40
36 49
36 59
36 61
36 62
36 65
36 69
36 75
36 80
36 81
36 84
36 92
36 95
36 98
36 118
36 125
36 131
36 136
36 142
36 152
36 156
36 157
36 160
36 164
36 170
36 174
36 177
36 182
36 183
37 40
37 46
37 47
37 52
37 56
37 58
37 62
37 63
37 65
37 69
37 82
37 85
37 87
37 92
37 96
37 104
37 113
37 127
37 150
37 153
37 160
37 164
37 166
37 181
38 62
38 66
38 68
38 72
38 79
38 85
38 86
38 87
38 94
38 99
38 100
38 104
38 105
38 113
38 131
38 132
38 133
38 137
38 141
38 142
38 146
38 152
38 156
38 161
38 175
38 177
38 181
39 54
39 60
39 63
39 65
39 74
39 79
39 80
39 85
39 96
39 104
39 108
39 109
39 120
39 121
39 127
39 133
39 137
39 138
39 143
39 149
39 153
39 154
39 158
39 164
39 178
39 183
40 44
40 47
40 48
40 51
40 55
40 56
40 65
40 66
40 67
40 78
40 82
40 85
40 86
40 87
40 104
40 112
40 114
40 126
40 129
40 150
40 154
40 160
40 161
40 167
40 168
40 169
41 54
41 68
41 95
41 97
41 102
41 105
41 113
41 115
41 117
41 119
41 123
41 131
41 134
41 136
41 141
41 149
41 152
41 153
41 168
41 169
41 170
41 178
41 183
42 60
42 61
42 65
42 66
42 69
42 71
42 76
42 77
42 82
42 88
42 92
42 94
42 95
42 102
42 105
42 111
42 113
42 114
42 118
42 119
42 125
42 127
42 130
42 135
42 140
42 141
42 144
42 149
42 163
42 164
42 165
42 167
42 168
42 172
42 173
42 174
42 180
42 181
43 49
43 54
43 61
43 68
43 80
43 81
43 92
43 93
43 95
43 97
43 99
43 109
43 121
43 126
43 142
43 143
43 145
43 152
43 155
43 160
43 166
43 168
43 177
44 50
44 57
44 58
44 59
44 61
44 65
44 67
44 71
44 72
44 73
44 79
44 80
44 81
44 83
44 85
44 89
44 90
44 100
44 101
44 105
44 109
44 112
44 113
44 120
44 122
44 127
44 130
44 131
44 141
44 148
44 149
44 156
44 177
44 178
45 61
45 62
45 63
45 64
45 72
45 74
45 89
45 95
45 98
45 101
45 105
45 108
45 111
45 117
45 125
45 129
45 131
45 142
45 143
45 148
45 152
45 158
45 164
45 172
45 177
46 47
46 58
46 60
46 68
46 73
46 79
46 82
46 87
46 91
46 97
46 99
46 100
46 102
46 105
46 109
46 120
46 135
46 137
46 139
46 141
46 143
46 147
46 150
46 153
46 155
46 158
46 159
46 165
46 169
46 181
47 49
47 50
47 52
47 53
47 56
47 62
47 71
47 77
47 78
47 79
47 88
47 92
47 93
47 102
47 108
47 109
47 122
47 128
47 133
47 154
47 155
47 158
47 160
47 167
47 172
47 175
47 176
48 53
48 54
48 57
48 61
48 62
48 68
48 69
48 76
48 80
48 81
48 91
48 97
48 109
48 126
48 144
48 162
48 164
48 167
48 170
48 177
48 178
48 183
49 53
49 54
49 57
49 64
49 71
49 75
49 80
49 81
49 92
49 102
49 103
49 130
49 136
49 151
49 153
49 154
49 155
49 172
49 173
49 174
49 176
49 181
50 52
50 53
50 63
50 76
50 82
50 85
50 87
50 91
50 92
50 93
50 98
50 101
50 107
50 108
50 117
50 119
50 120
50 122
50 124
50 129
50 136
50 137
50 138
50 147
50 152
50 153
50 157
50 161
50 164
50 166
50 178
50 179
51 57
51 63
51 64
51 65
51 67
51 70
51 85
51 95
51 103
51 113
51 115
51 118
51 120
51 125
51 128
51 133
51 141
51 148
51 159
51 164
51 171
51 174
51 180
52 63
52 77
52 79
52 82
52 83
52 88
52 98
52 103
52 104
52 109
52 110
52 113
52 118
52 120
52 123
52 127
52 133
52 136
52 141
52 143
52 158
52 163
52 165
52 172
52 178
53 56
53 57
53 61
53 63
53 66
53 69
53 72
53 85
53 90
53 91
53 94
53 96
53 107
53 111
53 114
53 117
53 123
53 128
53 132
53 133
53 135
53 136
53 147
53 149
53 151
53 153
53 154
53 165
53 166
53 167
53 168
53 170
54 55
54 57
54 58
54 70
54 84
54 88
54 89
54 99
54 102
54 109
54 113
54 117
54 122
54 125
54 128
54 132
54 145
54 148
54 149
54 159
54 160
54 175
54 176
54 178
54 182
55 58
55 59
55 60
55 64
55 66
55 70
55 72
55 76
55 78
55 84
55 94
55 95
55 97
55 102
55 108
55 111
55 112
55 113
55 117
55 120
55 131
55 133
55 134
55 152
55 153
55 159
55 161
55 164
55 166
56 64
56 65
56 70
56 79
56 80
56 82
56 85
56 86
56 89
56 100
56 108
56 114
56 115
56 117
56 118
56 122
56 123
56 124
56 130
56 164
56 170
56 171
56 173
56 180
57 58
57 62
57 66
57 72
57 84
57 87
57 90
57 95
57 96
57 101
57 102
57 104
57 109
57 110
57 131
57 143
57 144
57 146
57 158
57 163
57 166
57 170
57 178
58 62
58 71
58 76
58 78
58 88
58 91
58 93
58 103
58 104
58 105
58 107
58 109
58 122
58 125
58 130
58 134
58 135
58 136
58 149
58 150
58 156
58 159
58 164
58 165
58 166
58 167
58 168
58 169
58 172
58 173
58 180
58 181
59 61
59 70
59 78
59 92
59 98
59 101
59 104
59 105
59 108
59 110
59 118
59 119
59 125
59 129
59 140
59 145
59 150
59 151
59 156
59 160
59 163
59 167
59 170
59 171
59 175
60 69
60 75
60 80
60 91
60 105
60 109
60 114
60 117
60 119
60 120
60 121
60 123
60 126
60 133
60 140
60 144
60 146
60 147
60 148
60 155
60 160
60 161
60 163
61 71
61 72
61 74
61 75
61 77
61 79
61 82
61 83
61 89
61 92
61 100
61 101
61 103
61 104
61 105
61 108
61 114
61 115
61 116
61 131
61 135
61 142
61 143
61 145
61 157
61 163
61 165
61 170
61 172
61 173
61 178
61 182
62 63
62 67
62 70
62 77
62 79
62 90
62 94
62 96
62 97
62 105
62 107
62 109
62 118
62 120
62 122
62 124
62 128
62 129
62 145
62 150
62 160
62 161
62 163
62 167
62 169
62 176
63 65
63 67
63 68
63 71
63 72
63 74
63 82
63 87
63 89
63 91
63 104
63 113
63 122
63 128
63 129
63 130
63 135
63 140
63 152
63 154
63 159
63 164
63 166
63 168
63 170
63 177
63 180
63 181
64 65
64 71
64 79
64 82
64 88
64 92
64 93
64 95
64 103
64 105
64 107
64 117
64 120
64 123
64 129
64 131
64 132
64 134
64 140
64 153
64 157
64 161
64 163
64 166
64 172
64 176
64 181
64 182
65 72
65 73
65 76
65 86
65 92
65 93
65 97
65 101
65 107
65 124
65 130
65 137
65 140
65 143
65 144
65 146
65 147
65 150
65 152
65 158
65 163
65 165
65 175
65 183
66 68
66 71
66 79
66 80
66 81
66 82
66 83
66 85
66 93
66 98
66 100
66 103
66 109
66 110
66 113
66 119
66 121
66 129
66 131
66 132
66 133
66 145
66 147
66 151
66 153
66 156
66 158
66 159
66 160
66 161
66 166
66 169
66 171
66 181
66 183
67 72
67 80
67 91
67 92
67 95
67 110
67 112
67 116
67 119
67 123
67 124
67 132
67 136
67 143
67 149
67 161
67 166
67 170
67 175
67 182
68 70
68 73
68 75
68 77
68 78
68 80
68 81
68 88
68 103
68 109
68 112
68 116
68 122
68 132
68 137
68 142
68 143
68 149
68 161
68 164
68 168
68 177
68 178
68 180
69 71
69 78
69 92
69 94
69 96
69 99
69 107
69 112
69 117
69 119
69 124
69 125
69 128
69 131
69 133
69 135
69 147
69 150
69 151
69 153
69 155
69 158
69 167
69 175
69 176
69 178
69 181
70 72
70 73
70 74
70 75
70 90
70 105
70 108
70 113
70 114
70 118
70 130
70 131
70 140
70 142
70 145
70 146
70 149
70 150
70 152
70 153
70 156
70 161
70 166
70 172
70 176
70 177
70 178
71 113
71 120
71 130
71 131
71 147
71 149
71 154
71 156
71 158
71 159
71 161
71 162
71 167
71 176
71 178
72 74
72 75
72 85
72 86
72 91
72 93
72 94
72 95
72 97
72 103
72 119
72 123
72 129
72 132
72 139
72 140
72 142
72 144
72 146
72 149
72 152
72 157
72 162
72 168
72 170
72 174
72 180
72 182
73 75
73 94
73 97
73 101
73 103
73 105
73 120
73 123
73 124
73 126
73 132
73 135
73 140
73 142
73 148
73 164
73 174
73 182
74 92
74 99
74 102
74 109
74 112
74 117
74 123
74 124
74 125
74 128
74 139
74 140
74 146
74 147
74 149
74 152
74 154
74 156
74 161
74 162
74 163
74 164
74 167
74 169
74 171
74 178
75 78
75 82
75 84
75 85
75 86
75 87
75 89
75 91
75 98
75 99
75 101
75 110
75 113
75 116
75 123
75 124
75 130
75 133
75 139
75 141
75 146
75 164
75 182
75 183
76 77
76 101
76 106
76 107
76 113
76 114
76 120
76 121
76 127
76 136
76 141
76 155
76 160
76 161
76 163
76 164
76 173
76 175
76 179
77 82
77 94
77 95
77 113
77 119
77 120
77 129
77 130
77 135
77 138
77 142
77 145
77 152
77 163
77 167
77 172
77 173
77 178
77 179
78 89
78 96
78 97
78 103
78 104
78 108
78 110
78 111
78 114
78 124
78 125
78 127
78 135
78 143
78 156
78 162
78 165
78 171
78 174
79 81
79 83
79 90
79 110
79 112
79 117
79 119
79 120
79 121
79 123
79 132
79 141
79 142
79 144
79 146
79 156
79 167
79 173
79 175
79 177
79 181
80 90
80 95
80 102
80 104
80 111
80 119
80 124
80 125
80 126
80 128
80 133
80 135
80 137
80 143
80 146
80 148
80 155
80 156
80 158
80 160
80 162
80 163
80 166
80 175
80 182
80 183
81 85
81 90
81 101
81 103
81 112
81 116
81 117
81 120
81 127
81 128
81 145
81 149
81 152
81 156
81 162
81 165
81 171
81 178
81 181
81 182
82 94
82 98
82 100
82 111
82 118
82 122
82 125
82 132
82 134
82 138
82 146
82 151
82 156
82 169
82 174
82 175
82 176
83 94
83 95
83 97
83 102
83 113
83 119
83 121
83 123
83 124
83 128
83 136
83 138
83 144
83 159
83 160
83 165
83 179
84 85
84 88
84 95
84 102
84 103
84 121
84 124
84 133
84 135
84 136
84 140
84 145
84 150
84 152
84 155
84 163
84 164
84 169
84 170
84 173
84 174
84 183
85 88
85 93
85 95
85 103
85 104
85 109
85 114
85 118
85 125
85 126
85 130
85 133
85 135
85 140
85 168
85 173
85 179
86 88
86 92
86 93
86 103
86 106
86 107
86 113
86 115
86 121
86 131
86 132
86 134
86 136
86 137
86 147
86 148
86 149
86 154
86 156
86 167
86 173
86 177
87 88
87 89
87 94
87 108
87 113
87 116
87 120
87 121
87 126
87 127
87 133
87 135
87 141
87 165
87 169
87 173
88 91
88 93
88 97
88 101
88 110
88 117
88 118
88 121
88 130
88 134
88 135
88 147
88 153
88 155
88 161
88 165
88 170
88 175
88 181
89 94
89 100
89 102
89 113
89 120
89 126
89 131
89 135
89 142
89 143
89 147
89 153
89 159
89 171
90 91
90 94
90 104
90 111
90 115
90 117
90 126
90 132
90 135
90 145
90 156
90 161
90 162
90 163
90 169
90 170
90 172
90 173
90 175
90 179
91 97
91 99
91 102
91 103
91 109
91 113
91 121
91 124
91 128
91 132
91 140
92 94
92 96
92 97
92 106
92 117
92 133
92 152
92 161
92 163
92 170
92 174
92 176
92 177
92 180
93 94
93 95
93 96
93 98
93 105
93 110
93 111
93 112
93 113
93 117
93 123
93 125
93 126
93 127
93 129
93 134
93 136
93 142
93 145
93 148
93 158
93 159
93 161
93 162
93 169
93 172
93 173
94 98
94 99
94 115
94 128
94 129
94 143
94 157
94 161
94 165
94 174
94 179
95 97
95 100
95 101
95 110
95 137
95 139
95 140
95 145
95 149
95 151
95 156
95 158
95 161
95 162
95 171
95 183
96 101
96 105
96 113
96 122
96 124
96 127
96 128
96 129
96 134
96 162
96 164
96 167
96 174
97 98
97 102
97 110
97 118
97 120
97 122
97 125
97 127
97 129
97 141
97 142
97 146
97 149
97 155
97 156
97 159
97 160
97 161
97 162
97 165
97 166
97 179
97 181
98 99
98 107
98 108
98 111
98 113
98 114
98 115
98 118
98 130
98 145
98 147
98 155
98 165
98 166
98 167
98 183
99 115
99 116
99 132
99 137
99 145
99 149
99 150
99 154
99 173
99 177
99 180
99 181
100 103
100 107
100 110
100 111
100 126
100 127
100 128
100 154
100 157
100 165
100 172
100 173
100 179
100 182
101 102
101 114
101 115
101 117
101 121
101 124
101 129
101 130
101 136
101 145
101 146
101 147
101 148
101 151
101 155
101 157
101 162
101 165
101 171
101 172
101 180
102 108
102 109
102 115
102 118
102 126
102 131
102 132
102 139
102 145
102 148
102 153
102 172
102 177
103 113
103 115
103 127
103 128
103 130
103 145
103 149
103 150
103 158
103 166
103 170
103 173
103 181
104 105
104 109
104 113
104 116
104 122
104 128
104 147
104 154
104 158
104 165
104 172
104 175
104 178
105 115
105 118
105 122
105 124
105 125
105 126
105 129
105 136
105 144
105 150
105 151
105 155
105 161
105 165
105 174
105 176
105 182
106 119
106 123
106 125
106 127
106 134
106 137
106 141
106 143
106 145
106 151
106 154
106 155
106 156
106 158
106 170
106 173
106 179
107 115
107 118
107 119
107 120
107 123
107 133
107 140
107 141
107 146
107 150
107 155
107 180
107 183
108 109
108 111
108 122
108 127
108 128
108 129
108 132
108 133
108 152
108 161
108 162
108 163
108 178
109 121
109 130
109 133
109 146
109 151
109 156
109 164
109 176
110 115
110 117
110 122
110 125
110 129
110 135
110 136
110 141
110 144
110 156
110 157
110 160
110 162
110 164
110 167
110 168
110 172
110 181
110 182
111 117
111 128
111 132
111 137
111 144
111 148
111 163
111 168
111 175
111 176
111 183
112 114
112 119
112 122
112 132
112 135
112 143
112 151
112 152
112 153
112 155
112 156
112 169
112 178
112 179
113 118
113 139
113 141
113 144
113 151
113 162
113 175
113 183
114 119
114 121
114 126
114 127
114 128
114 129
114 135
114 149
114 157
114 172
114 173
114 177
114 183
115 120
115 122
115 126
115 133
115 134
115 138
115 141
115 142
115 143
115 156
115 160
115 164
115 168
115 169
115 171
115 172
115 173
115 175
115 179
116 121
116 123
116 127
116 134
116 150
116 156
116 157
116 159
116 169
116 171
116 173
116 182
117 131
117 135
117 141
117 143
117 145
117 150
117 158
117 162
117 166
117 168
117 176
117 179
118 125
118 133
118 145
118 148
118 155
118 163
118 170
118 171
118 172
118 174
118 180
118 181
119 120
119 121
119 125
119 128
119 129
119 130
119 131
119 133
119 134
119 137
119 138
119 140
119 144
119 149
119 152
119 153
119 154
119 156
119 168
119 170
119 177
120 127
120 128
120 129
120 134
120 138
120 146
120 148
120 158
120 159
120 160
120 163
120 168
120 170
120 173
120 174
120 182
121 126
121 128
121 144
121 145
121 146
121 150
121 157
121 162
121 166
121 167
121 169
121 172
121 174
121 179
122 124
122 125
122 127
122 136
122 143
122 148
122 153
122 154
122 156
122 157
122 168
122 172
122 176
122 178
122 183
123 129
123 131
123 138
123 141
123 142
123 144
123 149
123 168
123 169
123 173
123 174
123 175
123 183
124 129
124 135
124 142
124 144
124 145
124 153
124 166
124 183
125 136
125 138
125 139
125 140
125 148
125 149
125 150
125 151
125 152
125 162
125 168
125 169
125 172
125 176
126 130
126 132
126 134
126 136
126 141
126 145
126 148
126 151
126 163
126 171
126 173
126 176
126 177
126 179
126 181
127 128
127 135
127 137
127 142
127 156
127 166
127 177
128 129
128 131
128 132
128 133
128 135
128 137
128 145
128 147
128 148
128 150
128 153
128 163
128 173
128 177
128 178
129 135
129 136
129 137
129 138
129 139
129 146
129 147
129 150
129 167
129 170
130 139
130 142
130 147
130 149
130 150
130 153
130 157
130 160
130 164
130 175
130 183
131 134
131 138
131 139
131 143
131 147
131 149
131 156
131 162
131 166
131 168
131 171
131 173
131 183
132 144
132 145
132 152
132 180
133 141
133 142
133 160
133 177
134 150
134 152
134 165
134 174
134 179
135 142
135 143
135 144
135 148
135 153
135 154
135 157
135 162
135 174
135 178
135 182
136 147
136 152
136 157
136 162
136 164
136 169
136 174
136 177
136 182
137 145
137 148
137 157
137 163
137 173
137 174
137 179
137 180
137 182
138 139
138 146
138 169
138 178
138 180
138 181
138 183
139 144
139 146
139 153
139 162
139 166
139 167
139 170
139 171
140 146
140 147
140 160
140 166
140 169
140 174
140 180
140 181
141 145
141 150
141 157
141 162
141 164
141 172
141 183
142 146
142 151
142 152
142 155
142 156
142 163
142 177
143 150
143 154
143 157
143 162
143 163
143 164
143 182
144 147
144 157
144 160
144 164
144 167
144 169
145 153
145 154
145 156
145 157
145 158
145 166
145 168
145 175
145 177
145 179
145 182
145 183
146 159
146 165
146 168
146 171
146 172
146 176
146 181
147 149
147 150
147 153
147 155
147 156
147 158
147 164
147 171
147 175
147 176
147 181
148 154
148 162
148 166
148 169
148 176
148 177
148 179
148 180
148 181
148 182
149 156
149 166
150 164
150 171
150 174
150 176
150 178
150 182
151 153
151 162
151 165
151 177
151 183
152 153
152 165
152 176
152 179
152 182
153 162
153 163
153 180
154 160
154 161
154 162
154 164
154 166
154 170
154 172
154 173
154 179
155 156
155 159
155 163
155 164
155 166
155 180
155 181
155 182
155 183
156 169
156 174
157 159
157 162
157 172
157 177
157 179
158 165
158 167
158 176
158 177
158 183
159 161
159 164
159 168
159 172
159 178
160 165
160 169
160 181
161 171
161 180
161 181
162 169
162 178
162 183
163 169
163 174
163 175
163 181
163 183
164 167
164 170
164 175
164 180
164 182
165 171
165 172
165 173
165 176
165 178
166 174
167 171
167 181
167 183
168 171
168 179
169 173
169 178
169 179
169 180
169 182
170 171
170 180
171 173
171 180
171 183
172 173
172 178
173 178
173 182
174 176
174 182
174 183
175 182
176 177
176 182
178 181
180 182
180 183
181 183
