39 173
1 2
1 3
1 4
1 5
1 6
1 7
1 18
1 28
1 29
1 36
2 3
2 4
2 5
2 6
2 12
2 20
2 22
2 25
2 26
2 27
2 32
3 4
3 5
3 6
3 7
3 9
3 11
3 13
3 14
3 15
3 16
3 19
3 21
3 30
3 33
4 5
4 6
4 7
4 8
4 21
4 24
4 26
4 27
4 30
4 33
5 6
5 20
5 25
5 33
5 38
6 11
6 13
6 17
6 24
6 30
7 16
7 20
7 21
7 24
7 26
7 28
7 37
8 22
8 23
8 24
8 28
8 31
8 33
9 13
9 21
9 31
9 32
9 33
9 37
9 39
10 12
10 21
10 29
11 15
11 20
11 28
11 32
11 39
12 14
12 19
12 21
12 22
12 26
13 14
13 24
13 28
13 30
14 21
14 22
14 30
15 21
15 23
15 24
15 34
15 36
15 38
16 20
16 24
16 30
16 31
16 32
16 39
17 24
17 37
18 25
19 20
19 23
19 36
19 37
19 38
20 22
20 23
20 27
20 28
20 32
20 38
21 31
21 32
21 35
21 36
22 24
22 28
22 33
22 34
22 35
22 36
22 39
23 26
23 27
23 32
23 34
23 36
24 28
24 30
24 35
24 37
25 27
25 32
25 35
25 39
26 31
26 36
27 28
27 33
27 36
28 31
28 36
28 37
29 31
29 35
29 36
30 31
30 32
30 36
31 33
31 36
31 39
32 33
32 34
32 35
32 38
33 35
33 38
35 37
35 39
36 38
37 39
38 39
