134 1862
1 2
1 3
1 4
1 5
1 6
1 7
1 8
1 9
1 10
1 11
1 12
1 13
1 15
1 22
1 31
1 33
1 34
1 49
1 51
1 52
1 58
1 63
1 65
1 70
1 78
1 79
1 82
1 83
1 89
1 98
1 100
1 104
1 106
1 107
1 108
1 126
1 129
2 3
2 4
2 5
2 6
2 7
2 8
2 9
2 10
2 11
2 12
2 13
2 14
2 19
2 26
2 33
2 34
2 46
2 49
2 68
2 70
2 76
2 90
2 100
2 103
2 104
2 107
2 110
2 117
2 120
2 128
2 131
2 133
3 4
3 5
3 6
3 7
3 8
3 9
3 10
3 11
3 12
3 13
3 18
3 41
3 45
3 52
3 58
3 65
3 67
3 69
3 76
3 93
3 94
3 111
3 119
3 120
4 5
4 6
4 7
4 8
4 9
4 10
4 11
4 12
4 13
4 16
4 17
4 24
4 29
4 31
4 38
4 46
4 53
4 55
4 56
4 64
4 67
4 68
4 72
4 74
4 78
4 94
4 97
4 99
4 106
4 110
4 119
4 131
5 6
5 7
5 8
5 9
5 10
5 11
5 12
5 13
5 18
5 21
5 25
5 27
5 32
5 38
5 44
5 45
5 48
5 54
5 55
5 68
5 72
5 73
5 76
5 79
5 83
5 85
5 89
5 90
5 92
5 94
5 96
5 98
5 101
5 103
5 107
5 109
5 112
5 120
5 122
5 127
5 133
6 7
6 8
6 9
6 10
6 11
6 12
6 13
6 24
6 26
6 30
6 31
6 44
6 45
6 46
6 49
6 52
6 59
6 71
6 80
6 84
6 88
6 89
6 92
6 94
6 95
6 96
6 99
6 101
6 110
6 123
6 128
6 129
6 130
6 133
6 134
7 8
7 9
7 10
7 11
7 12
7 13
7 29
7 34
7 39
7 40
7 46
7 57
7 64
7 73
7 79
7 86
7 89
7 90
7 95
7 96
7 98
7 106
7 124
7 130
7 133
7 134
8 9
8 10
8 11
8 12
8 13
8 15
8 17
8 40
8 47
8 58
8 59
8 61
8 64
8 65
8 66
8 69
8 74
8 77
8 84
8 95
8 110
8 112
8 118
8 119
8 121
8 122
8 129
8 130
8 134
9 10
9 11
9 12
9 13
9 23
9 26
9 27
9 29
9 33
9 40
9 44
9 46
9 49
9 51
9 53
9 57
9 61
9 70
9 79
9 80
9 81
9 83
9 84
9 87
9 113
9 117
9 123
9 128
10 11
10 12
10 13
10 32
10 35
10 38
10 45
10 52
10 67
10 83
10 91
10 95
10 101
10 102
10 105
10 109
10 111
10 130
11 12
11 13
11 21
11 22
11 24
11 27
11 31
11 38
11 41
11 43
11 44
11 46
11 66
11 70
11 71
11 74
11 80
11 89
11 97
11 100
11 102
11 109
11 114
11 125
11 126
12 13
12 27
12 58
12 62
12 77
12 81
12 87
12 88
12 91
12 99
12 101
12 103
12 109
12 119
12 120
13 17
13 38
13 41
13 47
13 55
13 61
13 64
13 65
13 73
13 77
13 78
13 82
13 89
13 92
13 108
13 109
13 126
14 15
14 16
14 17
14 18
14 19
14 20
14 21
14 22
14 23
14 24
14 25
14 26
14 27
14 31
14 34
14 43
14 44
14 53
14 57
14 58
14 61
14 63
14 79
14 80
14 94
14 96
14 99
14 101
14 106
14 110
14 113
14 125
15 16
15 17
15 18
15 19
15 20
15 21
15 22
15 23
15 24
15 25
15 26
15 27
15 31
15 34
15 37
15 38
15 42
15 45
15 50
15 60
15 61
15 62
15 76
15 79
15 82
15 83
15 87
15 90
15 91
15 93
15 101
16 17
16 18
16 19
16 20
16 21
16 22
16 23
16 24
16 25
16 26
16 32
16 34
16 35
16 36
16 55
16 56
16 59
16 60
16 62
16 82
16 83
16 88
16 91
16 94
16 98
16 99
16 100
16 101
16 109
16 112
16 113
16 115
16 116
16 118
16 121
16 122
16 133
16 134
17 18
17 19
17 20
17 21
17 22
17 23
17 24
17 25
17 26
17 38
17 39
17 43
17 45
17 53
17 54
17 58
17 61
17 63
17 66
17 69
17 70
17 75
17 79
17 81
17 84
17 88
17 92
17 93
17 99
17 106
17 118
17 121
17 124
17 127
17 131
17 132
18 19
18 20
18 21
18 22
18 23
18 24
18 25
18 26
18 27
18 30
18 31
18 32
18 34
18 37
18 45
18 47
18 58
18 67
18 73
18 82
18 87
18 99
18 107
18 110
18 112
18 115
18 120
18 122
18 124
19 20
19 21
19 22
19 23
19 24
19 25
19 26
19 27
19 36
19 46
19 47
19 51
19 52
19 54
19 57
19 58
19 59
19 62
19 66
19 74
19 85
19 89
19 92
19 94
19 95
19 99
19 100
19 111
19 114
19 115
19 116
19 122
19 123
19 124
19 134
20 21
20 22
20 23
20 24
20 25
20 26
20 32
20 36
20 37
20 38
20 53
20 58
20 59
20 71
20 74
20 75
20 78
20 82
20 90
20 91
20 93
20 96
20 104
20 106
20 108
20 111
20 112
20 115
20 118
20 120
20 124
20 131
20 133
21 22
21 23
21 24
21 25
21 26
21 31
21 47
21 49
21 63
21 68
21 74
21 81
21 90
21 94
21 110
21 113
21 114
21 117
21 119
21 121
21 130
22 23
22 24
22 25
22 26
22 32
22 37
22 39
22 40
22 45
22 47
22 49
22 56
22 61
22 63
22 69
22 80
22 83
22 95
22 112
22 123
22 128
22 129
23 24
23 25
23 26
23 32
23 36
23 41
23 50
23 51
23 52
23 57
23 61
23 66
23 68
23 70
23 71
23 72
23 75
23 76
23 87
23 90
23 98
23 100
23 113
23 117
23 120
23 123
23 124
23 125
23 126
23 127
23 128
23 133
24 25
24 26
24 27
24 31
24 38
24 43
24 45
24 48
24 51
24 53
24 66
24 70
24 72
24 74
24 80
24 84
24 87
24 93
24 102
24 105
24 108
24 112
24 114
24 118
24 120
24 124
24 130
24 132
25 26
25 32
25 52
25 53
25 54
25 58
25 61
25 65
25 72
25 73
25 83
25 86
25 92
25 99
25 100
25 101
25 104
25 107
25 110
25 124
25 125
25 127
25 132
25 133
26 32
26 39
26 40
26 47
26 51
26 54
26 55
26 56
26 57
26 60
26 68
26 73
26 74
26 80
26 90
26 91
26 93
26 100
26 106
26 107
26 116
26 122
26 124
26 127
26 133
27 28
27 35
27 37
27 40
27 44
27 47
27 49
27 50
27 64
27 72
27 76
27 78
27 101
27 102
27 119
27 123
27 125
27 126
28 34
28 45
28 46
28 54
28 62
28 73
28 77
28 79
28 82
28 87
28 92
28 103
28 104
28 109
28 116
28 119
28 120
28 123
29 35
29 38
29 41
29 42
29 47
29 54
29 68
29 74
29 75
29 86
29 89
29 92
29 93
29 97
29 111
29 112
29 121
29 126
29 132
30 40
30 42
30 44
30 66
30 71
30 74
30 87
30 89
30 92
30 93
30 95
30 101
30 102
30 103
30 106
30 109
30 113
30 119
30 122
30 123
30 124
30 128
30 131
31 33
31 38
31 45
31 50
31 52
31 54
31 57
31 59
31 62
31 65
31 68
31 70
31 72
31 75
31 80
31 85
31 88
31 89
31 94
31 100
31 106
31 108
31 110
31 115
31 117
31 118
32 41
32 54
32 68
32 72
32 79
32 80
32 82
32 103
32 108
32 109
32 113
32 119
33 37
33 38
33 39
33 47
33 49
33 54
33 59
33 60
33 61
33 72
33 76
33 86
33 95
33 99
33 102
33 103
33 107
33 116
33 120
33 131
34 47
34 53
34 55
34 84
34 88
34 92
34 96
34 97
34 98
34 106
34 112
34 113
34 114
34 117
34 118
34 129
34 131
35 37
35 44
35 45
35 50
35 53
35 54
35 61
35 66
35 70
35 77
35 83
35 87
35 98
35 99
35 105
35 111
35 118
35 119
35 127
36 39
36 52
36 55
36 61
36 63
36 65
36 72
36 75
36 79
36 82
36 83
36 89
36 104
36 106
36 116
36 124
36 127
37 48
37 61
37 63
37 64
37 71
37 80
37 82
37 84
37 86
37 88
37 89
37 90
37 92
37 95
37 96
37 100
37 108
37 111
37 112
37 116
37 118
37 121
37 124
37 127
37 128
38 41
38 44
38 45
38 48
38 50
38 51
38 52
38 63
38 68
38 74
38 75
38 86
38 89
38 98
38 102
38 103
38 119
38 126
39 41
39 43
39 44
39 46
39 48
39 50
39 52
39 57
39 59
39 61
39 72
39 75
39 79
39 85
39 89
39 104
39 105
39 106
39 108
39 111
39 113
39 119
39 129
39 131
40 41
40 51
40 52
40 53
40 58
40 74
40 78
40 79
40 81
40 82
40 92
40 94
40 96
40 101
40 103
40 122
40 132
41 48
41 52
41 63
41 76
41 83
41 86
41 91
41 92
41 94
41 102
41 105
41 110
41 117
41 122
41 124
42 62
42 69
42 77
42 79
42 85
42 91
42 104
42 109
42 122
42 123
42 124
42 129
43 45
43 47
43 52
43 68
43 70
43 71
43 73
43 74
43 77
43 82
43 83
43 86
43 87
43 96
43 99
43 106
43 107
43 118
43 119
43 134
44 45
44 54
44 61
44 64
44 66
44 67
44 68
44 71
44 88
44 94
44 95
44 110
44 111
44 112
44 113
44 114
44 115
44 125
44 128
44 132
45 53
45 62
45 70
45 71
45 75
45 78
45 79
45 86
45 98
45 106
45 107
45 113
45 130
45 132
45 133
45 134
46 49
46 51
46 56
46 65
46 79
46 90
46 93
46 117
46 120
46 126
46 129
47 48
47 50
47 51
47 53
47 57
47 60
47 66
47 75
47 88
47 95
47 100
47 101
47 106
47 108
47 109
47 110
47 120
47 127
48 55
48 56
48 57
48 62
48 64
48 67
48 68
48 70
48 73
48 74
48 77
48 82
48 85
48 86
48 92
48 109
48 112
48 117
48 118
48 121
48 123
48 126
48 130
48 133
49 59
49 61
49 62
49 63
49 64
49 70
49 74
49 76
49 77
49 80
49 82
49 86
49 88
49 94
49 97
49 98
49 103
49 109
49 118
49 120
49 123
50 76
50 86
50 90
50 96
50 100
50 105
50 106
50 112
50 116
50 125
50 134
51 55
51 63
51 64
51 67
51 69
51 75
51 76
51 82
51 96
51 100
51 122
51 127
51 132
52 61
52 68
52 73
52 74
52 81
52 84
52 94
52 96
52 102
52 103
52 107
52 127
52 131
53 58
53 59
53 69
53 70
53 77
53 78
53 83
53 88
53 92
53 97
53 99
53 104
53 105
53 112
53 119
53 122
53 123
53 127
54 64
54 70
54 74
54 81
54 84
54 91
54 94
54 96
54 101
54 107
54 109
54 120
55 58
55 59
55 63
55 71
55 77
55 84
55 86
55 91
55 96
55 97
55 99
55 106
55 107
55 108
55 116
55 120
55 128
56 60
56 70
56 79
56 83
56 86
56 93
56 98
56 101
56 105
56 107
56 113
56 116
56 121
56 124
56 125
56 126
56 128
56 130
56 131
57 59
57 66
57 70
57 71
57 86
57 89
57 93
57 95
57 99
57 102
57 110
57 123
57 124
58 65
58 66
58 69
58 77
58 80
58 93
58 95
58 98
58 104
58 110
58 111
58 118
58 119
58 120
58 122
58 124
59 65
59 67
59 73
59 82
59 92
59 94
59 95
59 114
59 118
60 61
60 65
60 69
60 70
60 71
60 84
60 98
60 117
60 121
60 129
60 131
61 62
61 66
61 68
61 70
61 71
61 79
61 85
61 90
61 92
61 100
61 102
61 111
61 120
61 122
61 125
61 128
61 134
62 67
62 71
62 72
62 83
62 86
62 90
62 91
62 92
62 101
62 103
62 104
62 114
62 127
62 128
62 133
62 134
63 65
63 76
63 77
63 80
63 84
63 85
63 89
63 94
63 95
63 96
63 109
63 111
63 126
63 129
63 133
64 69
64 73
64 74
64 76
64 82
64 88
64 90
64 100
64 101
64 104
64 105
64 107
64 109
64 110
64 111
64 124
64 128
64 131
64 134
65 66
65 68
65 73
65 77
65 79
65 80
65 83
65 86
65 91
65 93
65 98
65 102
65 103
65 105
65 107
65 112
65 116
65 128
65 131
65 134
66 70
66 76
66 77
66 79
66 80
66 81
66 82
66 85
66 91
66 100
66 101
66 111
66 113
66 131
66 132
67 70
67 75
67 80
67 81
67 91
67 101
67 103
67 113
67 117
67 124
67 125
68 71
68 76
68 78
68 92
68 98
68 109
68 120
69 73
69 81
69 84
69 88
69 96
69 98
69 100
69 116
69 119
69 123
70 71
70 74
70 79
70 86
70 88
70 89
70 100
70 104
70 111
70 112
70 114
70 116
70 121
70 129
70 130
70 134
71 84
71 92
71 100
71 101
71 105
71 106
71 116
71 130
72 76
72 79
72 85
72 86
72 87
72 91
72 96
72 99
72 103
72 106
72 115
72 121
72 128
72 129
73 80
73 87
73 94
73 105
73 106
73 115
73 118
73 129
73 132
74 75
74 82
74 84
74 85
74 88
74 89
74 90
74 93
74 98
74 103
74 104
74 106
74 107
74 111
74 113
74 119
75 85
75 87
75 88
75 94
75 100
75 103
75 104
75 109
75 117
75 118
75 128
76 81
76 84
76 86
76 89
76 90
76 94
76 102
76 113
76 118
76 127
76 128
77 83
77 87
77 89
77 90
77 91
77 95
77 103
77 104
77 109
77 112
77 114
77 116
77 117
77 118
77 125
77 126
77 129
78 79
78 87
78 94
78 99
78 108
78 110
78 111
78 114
78 118
78 121
78 132
78 134
79 80
79 84
79 89
79 90
79 95
79 100
79 111
79 118
79 125
79 127
79 130
79 131
80 91
80 101
80 113
80 115
80 118
80 120
80 121
80 122
80 125
80 132
81 83
81 86
81 87
81 91
81 95
81 112
81 116
81 117
81 120
81 125
82 83
82 85
82 89
82 99
82 104
82 105
82 114
82 125
82 130
83 91
83 92
83 99
83 105
83 106
83 132
84 85
84 90
84 98
84 100
84 106
84 109
84 111
84 118
84 121
84 122
84 127
84 129
85 88
85 91
85 96
85 111
85 114
85 119
85 129
85 131
85 132
85 134
86 92
86 94
86 97
86 99
86 106
86 116
86 117
87 98
87 99
87 107
87 110
87 114
87 118
87 122
87 125
87 132
87 133
88 91
88 95
88 97
88 99
88 107
88 110
88 116
88 119
88 124
88 127
89 94
89 100
89 106
89 108
89 112
89 133
89 134
90 93
90 98
90 100
90 105
90 107
90 111
90 112
90 113
90 116
90 117
90 121
90 134
91 101
91 113
91 117
91 121
91 122
91 125
91 128
91 129
91 131
91 133
92 94
92 96
92 106
92 127
92 129
92 133
93 97
93 106
93 110
93 111
93 121
93 127
93 132
93 134
94 95
94 99
94 100
94 101
94 110
94 113
94 119
94 127
95 104
95 118
95 123
95 124
96 107
96 117
96 132
97 100
97 102
97 103
97 106
97 108
97 125
97 126
97 130
97 132
97 133
98 99
98 113
98 115
98 120
98 129
98 133
98 134
99 101
99 105
99 106
99 108
99 113
99 122
99 124
99 131
99 132
100 103
100 108
100 119
100 132
100 134
101 104
101 105
101 106
101 107
101 111
101 115
101 118
101 120
101 122
101 127
101 128
101 130
102 110
102 119
102 123
102 125
102 128
102 134
103 110
103 119
103 123
103 130
104 109
104 117
104 118
104 121
104 123
104 127
105 108
105 118
105 124
105 125
105 127
105 128
105 131
105 132
106 110
106 123
106 133
106 134
107 113
107 114
107 121
107 122
107 127
107 131
108 117
108 122
108 130
108 131
109 111
109 113
109 117
109 118
109 121
109 123
109 127
109 131
109 133
110 115
110 126
110 128
110 130
110 131
111 115
111 119
111 122
112 125
112 131
112 132
113 115
113 117
113 120
113 134
114 115
114 124
114 126
114 131
114 134
115 116
115 120
115 126
116 119
116 129
116 132
117 125
118 124
118 128
118 130
119 120
119 121
119 122
120 121
120 132
123 131
123 133
124 127
124 128
124 130
124 132
124 134
125 133
127 129
128 129
128 132
132 133
