186 3626
1 2
1 3
1 4
1 5
1 6
1 7
1 8
1 9
1 10
1 11
1 12
1 13
1 14
1 15
1 16
1 17
1 18
1 19
1 20
1 21
1 22
1 35
1 36
1 37
1 39
1 49
1 74
1 79
1 87
1 88
1 94
1 99
1 105
1 109
1 111
1 113
1 123
1 128
1 133
1 137
1 138
1 145
1 161
1 168
1 177
1 179
2 3
2 4
2 5
2 6
2 7
2 8
2 9
2 10
2 11
2 12
2 13
2 14
2 15
2 16
2 17
2 18
2 19
2 20
2 21
2 22
2 26
2 42
2 48
2 50
2 74
2 75
2 78
2 80
2 87
2 89
2 94
2 97
2 100
2 101
2 107
2 108
2 110
2 113
2 127
2 149
2 154
2 155
2 157
2 161
2 162
2 165
2 172
2 180
3 4
3 5
3 6
3 7
3 8
3 9
3 10
3 11
3 12
3 13
3 14
3 15
3 16
3 17
3 18
3 19
3 20
3 21
3 22
3 25
3 37
3 41
3 42
3 47
3 50
3 54
3 71
3 76
3 80
3 82
3 83
3 86
3 92
3 106
3 110
3 113
3 124
3 128
3 132
3 134
3 140
3 146
3 152
3 154
3 155
3 160
3 162
3 166
3 173
3 174
3 179
3 185
3 186
4 5
4 6
4 7
4 8
4 9
4 10
4 11
4 12
4 13
4 14
4 15
4 16
4 17
4 18
4 19
4 20
4 21
4 22
4 23
4 26
4 27
4 29
4 31
4 32
4 34
4 35
4 38
4 41
4 47
4 48
4 53
4 72
4 78
4 80
4 91
4 95
4 97
4 99
4 102
4 103
4 106
4 108
4 112
4 118
4 130
4 138
4 139
4 147
4 152
4 157
4 160
4 166
4 173
5 6
5 7
5 8
5 9
5 10
5 11
5 12
5 13
5 14
5 15
5 16
5 17
5 18
5 19
5 20
5 21
5 22
5 27
5 31
5 36
5 38
5 50
5 56
5 58
5 60
5 62
5 66
5 84
5 101
5 109
5 123
5 131
5 138
5 140
5 152
5 164
5 167
5 169
5 171
5 172
6 7
6 8
6 9
6 10
6 11
6 12
6 13
6 14
6 15
6 16
6 17
6 18
6 19
6 20
6 21
6 22
6 23
6 30
6 34
6 36
6 40
6 41
6 42
6 48
6 49
6 54
6 61
6 70
6 75
6 79
6 86
6 88
6 93
6 94
6 95
6 102
6 105
6 112
6 130
6 133
6 135
6 140
6 150
6 158
6 167
6 172
6 173
6 174
6 178
6 180
6 182
6 183
6 185
7 8
7 9
7 10
7 11
7 12
7 13
7 14
7 15
7 16
7 17
7 18
7 19
7 20
7 21
7 22
7 25
7 26
7 27
7 39
7 41
7 46
7 52
7 67
7 71
7 72
7 74
7 75
7 83
7 98
7 102
7 115
7 116
7 123
7 128
7 131
7 136
7 138
7 145
7 148
7 149
7 150
7 152
7 156
7 165
7 178
7 180
7 184
7 185
7 186
8 9
8 10
8 11
8 12
8 13
8 14
8 15
8 16
8 17
8 18
8 19
8 20
8 21
8 22
8 25
8 28
8 31
8 33
8 39
8 47
8 50
8 52
8 53
8 54
8 59
8 64
8 72
8 79
8 80
8 89
8 93
8 98
8 101
8 105
8 115
8 118
8 122
8 124
8 129
8 132
8 137
8 143
8 144
8 154
8 170
8 171
8 173
8 174
8 176
8 179
9 10
9 11
9 12
9 13
9 14
9 15
9 16
9 17
9 18
9 19
9 20
9 21
9 22
9 35
9 42
9 46
9 55
9 60
9 61
9 64
9 70
9 72
9 81
9 85
9 89
9 91
9 92
9 97
9 105
9 110
9 117
9 118
9 125
9 133
9 139
9 143
9 144
9 148
9 149
9 151
9 154
9 168
9 173
9 180
9 181
10 11
10 12
10 13
10 14
10 15
10 16
10 17
10 18
10 19
10 20
10 21
10 22
10 30
10 36
10 44
10 46
10 56
10 60
10 75
10 80
10 89
10 90
10 92
10 96
10 106
10 110
10 112
10 119
10 129
10 137
10 150
10 159
10 163
10 164
10 165
10 169
10 174
10 178
11 12
11 13
11 14
11 15
11 16
11 17
11 18
11 19
11 20
11 21
11 22
11 24
11 25
11 28
11 29
11 30
11 31
11 32
11 40
11 47
11 48
11 61
11 62
11 64
11 67
11 71
11 74
11 76
11 78
11 81
11 92
11 93
11 94
11 103
11 104
11 105
11 111
11 115
11 119
11 129
11 139
11 141
11 145
11 149
11 152
11 155
11 157
11 158
11 161
11 167
11 178
11 179
11 180
12 13
12 14
12 15
12 16
12 17
12 18
12 19
12 20
12 21
12 22
12 28
12 31
12 33
12 34
12 35
12 37
12 49
12 58
12 59
12 63
12 65
12 70
12 72
12 80
12 86
12 90
12 92
12 94
12 98
12 110
12 112
12 119
12 123
12 124
12 127
12 130
12 132
12 134
12 139
12 141
12 142
12 146
12 147
12 149
12 159
12 163
12 169
12 170
12 174
12 175
12 179
12 185
13 14
13 15
13 16
13 17
13 18
13 19
13 20
13 21
13 22
13 29
13 37
13 45
13 53
13 54
13 55
13 65
13 75
13 90
13 102
13 109
13 111
13 114
13 115
13 120
13 125
13 133
13 157
13 159
13 176
13 179
13 180
14 15
14 16
14 17
14 18
14 19
14 20
14 21
14 22
14 28
14 53
14 54
14 55
14 59
14 68
14 74
14 88
14 92
14 96
14 102
14 105
14 109
14 114
14 117
14 119
14 121
14 123
14 125
14 129
14 131
14 145
14 155
14 158
14 173
14 175
15 16
15 17
15 18
15 19
15 20
15 21
15 22
15 24
15 25
15 28
15 32
15 33
15 44
15 53
15 54
15 55
15 68
15 70
15 74
15 85
15 88
15 91
15 93
15 96
15 101
15 108
15 109
15 114
15 117
15 130
15 136
15 140
15 144
15 155
15 158
15 160
15 163
15 164
15 171
15 173
15 177
15 186
16 17
16 18
16 19
16 20
16 21
16 22
16 28
16 31
16 40
16 47
16 48
16 49
16 52
16 53
16 54
16 71
16 73
16 76
16 77
16 85
16 97
16 98
16 99
16 105
16 109
16 114
16 117
16 122
16 132
16 136
16 137
16 138
16 141
16 153
16 158
16 161
16 162
16 163
16 164
16 170
16 171
16 178
16 179
16 180
16 181
16 184
17 18
17 19
17 20
17 21
17 22
17 28
17 37
17 49
17 53
17 56
17 58
17 64
17 72
17 73
17 77
17 79
17 84
17 97
17 100
17 105
17 113
17 115
17 119
17 129
17 132
17 134
17 144
17 156
17 161
17 164
17 172
17 174
17 176
17 179
17 182
17 185
17 186
18 19
18 20
18 21
18 22
18 25
18 29
18 36
18 40
18 42
18 46
18 77
18 97
18 104
18 105
18 108
18 111
18 115
18 122
18 137
18 150
18 154
18 167
18 168
18 181
18 183
19 20
19 21
19 22
19 25
19 26
19 29
19 32
19 43
19 49
19 52
19 55
19 59
19 60
19 69
19 74
19 89
19 92
19 93
19 99
19 118
19 121
19 124
19 125
19 126
19 128
19 131
19 134
19 135
19 142
19 144
19 153
20 21
20 22
20 25
20 32
20 38
20 44
20 51
20 57
20 61
20 85
20 86
20 107
20 108
20 110
20 111
20 113
20 129
20 131
20 147
20 152
20 154
20 157
20 160
20 176
20 180
20 182
20 186
21 22
21 30
21 33
21 37
21 38
21 40
21 41
21 46
21 54
21 64
21 65
21 70
21 72
21 73
21 78
21 79
21 82
21 99
21 111
21 112
21 118
21 121
21 131
21 132
21 137
21 158
21 167
21 172
21 175
22 26
22 31
22 41
22 43
22 48
22 60
22 62
22 80
22 95
22 101
22 102
22 121
22 127
22 136
22 138
22 142
22 143
22 153
22 172
22 174
23 24
23 25
23 26
23 27
23 28
23 29
23 30
23 31
23 32
23 33
23 34
23 35
23 36
23 37
23 43
23 51
23 59
23 69
23 71
23 84
23 94
23 98
23 99
23 102
23 105
23 108
23 111
23 113
23 114
23 115
23 121
23 122
23 123
23 124
23 127
23 140
23 144
23 147
23 148
23 155
23 156
23 160
23 165
23 175
23 179
24 25
24 26
24 27
24 28
24 29
24 30
24 31
24 32
24 33
24 34
24 35
24 36
24 37
24 44
24 45
24 47
24 50
24 51
24 54
24 57
24 60
24 83
24 94
24 109
24 110
24 112
24 115
24 117
24 122
24 124
24 126
24 142
24 149
24 154
24 167
24 169
24 170
24 171
24 173
24 176
25 26
25 27
25 28
25 29
25 30
25 31
25 32
25 33
25 34
25 35
25 36
25 37
25 57
25 65
25 68
25 71
25 78
25 81
25 82
25 83
25 89
25 95
25 106
25 130
25 135
25 138
25 153
25 157
25 166
25 172
25 173
25 175
26 27
26 28
26 29
26 30
26 31
26 32
26 33
26 34
26 35
26 36
26 37
26 42
26 49
26 54
26 56
26 60
26 64
26 65
26 67
26 80
26 88
26 90
26 91
26 100
26 104
26 115
26 118
26 125
26 137
26 139
26 140
26 142
26 147
26 158
26 164
26 167
26 170
26 176
26 179
26 182
26 185
27 28
27 29
27 30
27 31
27 32
27 33
27 34
27 35
27 36
27 37
27 39
27 40
27 46
27 48
27 51
27 63
27 77
27 80
27 82
27 84
27 85
27 90
27 117
27 121
27 123
27 124
27 130
27 135
27 141
27 142
27 150
27 151
27 152
27 157
27 162
27 164
27 178
27 179
27 183
27 184
28 29
28 30
28 31
28 32
28 33
28 34
28 35
28 36
28 37
28 39
28 51
28 57
28 58
28 64
28 65
28 80
28 82
28 84
28 85
28 87
28 91
28 94
28 96
28 104
28 109
28 112
28 124
28 134
28 139
28 144
28 145
28 151
28 152
28 153
28 157
28 163
28 167
28 170
28 180
28 185
29 30
29 31
29 32
29 33
29 34
29 35
29 36
29 37
29 40
29 41
29 46
29 61
29 63
29 64
29 69
29 76
29 77
29 83
29 86
29 88
29 101
29 105
29 117
29 120
29 127
29 131
29 141
29 143
29 148
29 150
29 158
29 160
29 161
29 162
29 169
29 179
29 180
29 181
29 182
29 186
30 31
30 32
30 33
30 34
30 35
30 36
30 37
30 40
30 41
30 42
30 53
30 64
30 68
30 70
30 78
30 89
30 94
30 99
30 104
30 106
30 121
30 122
30 127
30 135
30 141
30 145
30 148
30 149
30 155
30 161
30 163
30 164
30 169
30 172
30 173
30 183
31 32
31 33
31 34
31 35
31 36
31 37
31 41
31 42
31 44
31 51
31 52
31 60
31 62
31 68
31 77
31 85
31 88
31 90
31 94
31 96
31 100
31 101
31 114
31 115
31 116
31 118
31 119
31 121
31 122
31 123
31 125
31 126
31 129
31 143
31 144
31 146
31 151
31 163
31 169
31 182
31 184
32 33
32 34
32 35
32 36
32 37
32 38
32 52
32 66
32 68
32 76
32 80
32 81
32 85
32 86
32 87
32 95
32 97
32 112
32 114
32 120
32 126
32 129
32 132
32 135
32 138
32 142
32 143
32 148
32 150
32 154
32 160
32 162
32 163
32 165
32 173
32 181
33 34
33 35
33 36
33 37
33 40
33 49
33 59
33 61
33 62
33 65
33 69
33 75
33 80
33 81
33 84
33 92
33 95
33 98
33 118
33 125
33 131
33 136
33 142
33 152
33 156
33 157
33 160
33 164
33 170
33 174
33 177
33 182
33 183
33 185
33 186
34 35
34 36
34 37
34 40
34 46
34 47
34 52
34 56
34 58
34 62
34 63
34 65
34 69
34 82
34 85
34 87
34 92
34 96
34 104
34 113
34 127
34 150
34 153
34 160
34 164
34 166
34 181
34 186
35 36
35 37
35 62
35 66
35 68
35 72
35 79
35 85
35 86
35 87
35 94
35 99
35 100
35 104
35 105
35 113
35 131
35 132
35 133
35 137
35 141
35 142
35 146
35 152
35 156
35 161
35 175
35 177
35 181
35 185
36 37
36 54
36 60
36 63
36 65
36 74
36 79
36 80
36 85
36 96
36 104
36 108
36 109
36 120
36 121
36 127
36 133
36 137
36 138
36 143
36 149
36 153
36 154
36 158
36 164
36 178
36 183
37 38
37 44
37 47
37 48
37 51
37 55
37 56
37 65
37 66
37 67
37 78
37 82
37 85
37 86
37 87
37 104
37 112
37 114
37 126
37 129
37 150
37 154
37 160
37 161
37 167
37 168
37 169
37 186
38 54
38 68
38 95
38 97
38 102
38 105
38 113
38 115
38 117
38 119
38 123
38 131
38 134
38 136
38 141
38 149
38 152
38 153
38 168
38 169
38 170
38 178
38 183
38 185
39 40
39 60
39 61
39 65
39 66
39 69
39 71
39 76
39 77
39 82
39 88
39 92
39 94
39 95
39 102
39 105
39 111
39 113
39 114
39 118
39 119
39 125
39 127
39 130
39 135
39 140
39 141
39 144
39 149
39 163
39 164
39 165
39 167
39 168
39 172
39 173
39 174
39 180
39 181
39 184
39 185
40 49
40 54
40 61
40 68
40 80
40 81
40 92
40 93
40 95
40 97
40 99
40 109
40 121
40 126
40 142
40 143
40 145
40 152
40 155
40 160
40 166
40 168
40 177
41 50
41 57
41 58
41 59
41 61
41 65
41 67
41 71
41 72
41 73
41 79
41 80
41 81
41 83
41 85
41 89
41 90
41 100
41 101
41 105
41 109
41 112
41 113
41 120
41 122
41 127
41 130
41 131
41 141
41 148
41 149
41 156
41 177
41 178
42 44
42 61
42 62
42 63
42 64
42 72
42 74
42 89
42 95
42 98
42 101
42 105
42 108
42 111
42 117
42 125
42 129
42 131
42 142
42 143
42 148
42 152
42 158
42 164
42 172
42 177
42 185
42 186
43 47
43 58
43 60
43 68
43 73
43 79
43 82
43 87
43 91
43 97
43 99
43 100
43 102
43 105
43 109
43 120
43 135
43 137
43 139
43 141
43 143
43 147
43 150
43 153
43 155
43 158
43 159
43 165
43 169
43 181
43 186
44 46
44 49
44 50
44 52
44 53
44 56
44 62
44 71
44 77
44 78
44 79
44 88
44 92
44 93
44 102
44 108
44 109
44 122
44 128
44 133
44 154
44 155
44 158
44 160
44 167
44 172
44 175
44 176
45 53
45 54
45 57
45 61
45 62
45 68
45 69
45 76
45 80
45 81
45 91
45 97
45 109
45 126
45 144
45 162
45 164
45 167
45 170
45 177
45 178
45 183
46 48
46 53
46 54
46 57
46 64
46 71
46 75
46 80
46 81
46 92
46 102
46 103
46 130
46 136
46 151
46 153
46 154
46 155
46 172
46 173
46 174
46 176
46 181
47 52
47 53
47 63
47 76
47 82
47 85
47 87
47 91
47 92
47 93
47 98
47 101
47 107
47 108
47 117
47 119
47 120
47 122
47 124
47 129
47 136
47 137
47 138
47 147
47 152
47 153
47 157
47 161
47 164
47 166
47 178
47 179
48 49
48 57
48 63
48 64
48 65
48 67
48 70
48 85
48 95
48 103
48 113
48 115
48 118
48 120
48 125
48 128
48 133
48 141
48 148
48 159
48 164
48 171
48 174
48 180
49 63
49 77
49 79
49 82
49 83
49 88
49 98
49 103
49 104
49 109
49 110
49 113
49 118
49 120
49 123
49 127
49 133
49 136
49 141
49 143
49 158
49 163
49 165
49 172
49 178
49 185
49 186
50 56
50 57
50 61
50 63
50 66
50 69
50 72
50 85
50 90
50 91
50 94
50 96
50 107
50 111
50 114
50 117
50 123
50 128
50 132
50 133
50 135
50 136
50 147
50 149
50 151
50 153
50 154
50 165
50 166
50 167
50 168
50 170
50 184
50 185
50 186
51 52
51 55
51 57
51 58
51 70
51 84
51 88
51 89
51 99
51 102
51 109
51 113
51 117
51 122
51 125
51 128
51 132
51 145
51 148
51 149
51 159
51 160
51 175
51 176
51 178
51 182
52 58
52 59
52 60
52 64
52 66
52 70
52 72
52 76
52 78
52 84
52 94
52 95
52 97
52 102
52 108
52 111
52 112
52 113
52 117
52 120
52 131
52 133
52 134
52 152
52 153
52 159
52 161
52 164
52 166
52 184
53 64
53 65
53 70
53 79
53 80
53 82
53 85
53 86
53 89
53 100
53 108
53 114
53 115
53 117
53 118
53 122
53 123
53 124
53 130
53 164
53 170
53 171
53 173
53 180
53 185
54 55
54 57
54 58
54 62
54 66
54 72
54 84
54 87
54 90
54 95
54 96
54 101
54 102
54 104
54 109
54 110
54 131
54 143
54 144
54 146
54 158
54 163
54 166
54 170
54 178
55 57
55 62
55 71
55 76
55 78
55 88
55 91
55 93
55 103
55 104
55 105
55 107
55 109
55 122
55 125
55 130
55 134
55 135
55 136
55 149
55 150
55 156
55 159
55 164
55 165
55 166
55 167
55 168
55 169
55 172
55 173
55 180
55 181
55 185
56 61
56 70
56 78
56 92
56 98
56 101
56 104
56 105
56 108
56 110
56 118
56 119
56 125
56 129
56 140
56 145
56 150
56 151
56 156
56 160
56 163
56 167
56 170
56 171
56 175
56 185
57 69
57 75
57 80
57 91
57 105
57 109
57 114
57 117
57 119
57 120
57 121
57 123
57 126
57 133
57 140
57 144
57 146
57 147
57 148
57 155
57 160
57 161
57 163
57 184
58 71
58 72
58 74
58 75
58 77
58 79
58 82
58 83
58 89
58 92
58 100
58 101
58 103
58 104
58 105
58 108
58 114
58 115
58 116
58 131
58 135
58 142
58 143
58 145
58 157
58 163
58 165
58 170
58 172
58 173
58 178
58 182
59 61
59 62
59 63
59 67
59 70
59 77
59 79
59 90
59 94
59 96
59 97
59 105
59 107
59 109
59 118
59 120
59 122
59 124
59 128
59 129
59 145
59 150
59 160
59 161
59 163
59 167
59 169
59 176
59 186
60 61
60 65
60 67
60 68
60 71
60 72
60 74
60 82
60 87
60 89
60 91
60 104
60 113
60 122
60 128
60 129
60 130
60 135
60 140
60 152
60 154
60 159
60 164
60 166
60 168
60 170
60 177
60 180
60 181
61 65
61 71
61 79
61 82
61 88
61 92
61 93
61 95
61 103
61 105
61 107
61 117
61 120
61 123
61 129
61 131
61 132
61 134
61 140
61 153
61 157
61 161
61 163
61 166
61 172
61 176
61 181
61 182
61 185
62 72
62 73
62 76
62 86
62 92
62 93
62 97
62 101
62 107
62 124
62 130
62 137
62 140
62 143
62 144
62 146
62 147
62 150
62 152
62 158
62 163
62 165
62 175
62 183
63 68
63 71
63 79
63 80
63 81
63 82
63 83
63 85
63 93
63 98
63 100
63 103
63 109
63 110
63 113
63 119
63 121
63 129
63 131
63 132
63 133
63 145
63 147
63 151
63 153
63 156
63 158
63 159
63 160
63 161
63 166
63 169
63 171
63 181
63 183
64 72
64 80
64 91
64 92
64 95
64 110
64 112
64 116
64 119
64 123
64 124
64 132
64 136
64 143
64 149
64 161
64 166
64 170
64 175
64 182
64 184
65 70
65 73
65 75
65 77
65 78
65 80
65 81
65 88
65 103
65 109
65 112
65 116
65 122
65 132
65 137
65 142
65 143
65 149
65 161
65 164
65 168
65 177
65 178
65 180
65 185
65 186
66 71
66 78
66 92
66 94
66 96
66 99
66 107
66 112
66 117
66 119
66 124
66 125
66 128
66 131
66 133
66 135
66 147
66 150
66 151
66 153
66 155
66 158
66 167
66 175
66 176
66 178
66 181
67 68
67 72
67 73
67 74
67 75
67 90
67 105
67 108
67 113
67 114
67 118
67 130
67 131
67 140
67 142
67 145
67 146
67 149
67 150
67 152
67 153
67 156
67 161
67 166
67 172
67 176
67 177
67 178
68 113
68 120
68 130
68 131
68 147
68 149
68 154
68 156
68 158
68 159
68 161
68 162
68 167
68 176
68 178
69 70
69 74
69 75
69 85
69 86
69 91
69 93
69 94
69 95
69 97
69 103
69 119
69 123
69 129
69 132
69 139
69 140
69 142
69 144
69 146
69 149
69 152
69 157
69 162
69 168
69 170
69 174
69 180
69 182
69 185
70 75
70 94
70 97
70 101
70 103
70 105
70 120
70 123
70 124
70 126
70 132
70 135
70 140
70 142
70 148
70 164
70 174
70 182
71 74
71 92
71 99
71 102
71 109
71 112
71 117
71 123
71 124
71 125
71 128
71 139
71 140
71 146
71 147
71 149
71 152
71 154
71 156
71 161
71 162
71 163
71 164
71 167
71 169
71 171
71 178
72 78
72 82
72 84
72 85
72 86
72 87
72 89
72 91
72 98
72 99
72 101
72 110
72 113
72 116
72 123
72 124
72 130
72 133
72 139
72 141
72 146
72 164
72 182
72 183
73 74
73 75
73 77
73 101
73 106
73 107
73 113
73 114
73 120
73 121
73 127
73 136
73 141
73 155
73 160
73 161
73 163
73 164
73 173
73 175
73 179
74 82
74 94
74 95
74 113
74 119
74 120
74 129
74 130
74 135
74 138
74 142
74 145
74 152
74 163
74 167
74 172
74 173
74 178
74 179
75 89
75 96
75 97
75 103
75 104
75 108
75 110
75 111
75 114
75 124
75 125
75 127
75 135
75 143
75 156
75 162
75 165
75 171
75 174
76 79
76 81
76 83
76 90
76 110
76 112
76 117
76 119
76 120
76 121
76 123
76 132
76 141
76 142
76 144
76 146
76 156
76 167
76 173
76 175
76 177
76 181
77 90
77 95
77 102
77 104
77 111
77 119
77 124
77 125
77 126
77 128
77 133
77 135
77 137
77 143
77 146
77 148
77 155
77 156
77 158
77 160
77 162
77 163
77 166
77 175
77 182
77 183
78 79
78 85
78 90
78 101
78 103
78 112
78 116
78 117
78 120
78 127
78 128
78 145
78 149
78 152
78 156
78 162
78 165
78 171
78 178
78 181
78 182
79 82
79 94
79 98
79 100
79 111
79 118
79 122
79 125
79 132
79 134
79 138
79 146
79 151
79 156
79 169
79 174
79 175
79 176
80 83
80 94
80 95
80 97
80 102
80 113
80 119
80 121
80 123
80 124
80 128
80 136
80 138
80 144
80 159
80 160
80 165
80 179
81 83
81 85
81 88
81 95
81 102
81 103
81 121
81 124
81 133
81 135
81 136
81 140
81 145
81 150
81 152
81 155
81 163
81 164
81 169
81 170
81 173
81 174
81 183
82 85
82 88
82 93
82 95
82 103
82 104
82 109
82 114
82 118
82 125
82 126
82 130
82 133
82 135
82 140
82 168
82 173
82 179
82 185
83 84
83 88
83 92
83 93
83 103
83 106
83 107
83 113
83 115
83 121
83 131
83 132
83 134
83 136
83 137
83 147
83 148
83 149
83 154
83 156
83 167
83 173
83 177
84 85
84 88
84 89
84 94
84 108
84 113
84 116
84 120
84 121
84 126
84 127
84 133
84 135
84 141
84 165
84 169
84 173
84 184
85 91
85 93
85 97
85 101
85 110
85 117
85 118
85 121
85 130
85 134
85 135
85 147
85 153
85 155
85 161
85 165
85 170
85 175
85 181
86 94
86 100
86 102
86 113
86 120
86 126
86 131
86 135
86 142
86 143
86 147
86 153
86 159
86 171
87 91
87 94
87 104
87 111
87 115
87 117
87 126
87 132
87 135
87 145
87 156
87 161
87 162
87 163
87 169
87 170
87 172
87 173
87 175
87 179
87 185
88 97
88 99
88 102
88 103
88 109
88 113
88 121
88 124
88 128
88 132
88 140
89 94
89 96
89 97
89 106
89 117
89 133
89 152
89 161
89 163
89 170
89 174
89 176
89 177
89 180
89 185
90 94
90 95
90 96
90 98
90 105
90 110
90 111
90 112
90 113
90 117
90 123
90 125
90 126
90 127
90 129
90 134
90 136
90 142
90 145
90 148
90 158
90 159
90 161
90 162
90 169
90 172
90 173
91 98
91 99
91 115
91 128
91 129
91 143
91 157
91 161
91 165
91 174
91 179
92 95
92 97
92 100
92 101
92 110
92 137
92 139
92 140
92 145
92 149
92 151
92 156
92 158
92 161
92 162
92 171
92 183
93 95
93 96
93 101
93 105
93 113
93 122
93 124
93 127
93 128
93 129
93 134
93 162
93 164
93 167
93 174
93 184
93 186
94 97
94 98
94 102
94 110
94 118
94 120
94 122
94 125
94 127
94 129
94 141
94 142
94 146
94 149
94 155
94 156
94 159
94 160
94 161
94 162
94 165
94 166
94 179
94 181
94 185
95 99
95 107
95 108
95 111
95 113
95 114
95 115
95 118
95 130
95 145
95 147
95 155
95 165
95 166
95 167
95 183
95 184
96 115
96 116
96 132
96 137
96 145
96 149
96 150
96 154
96 173
96 177
96 180
96 181
96 185
97 103
97 107
97 110
97 111
97 126
97 127
97 128
97 154
97 157
97 165
97 172
97 173
97 179
97 182
97 185
98 100
98 102
98 114
98 115
98 117
98 121
98 124
98 129
98 130
98 136
98 145
98 146
98 147
98 148
98 151
98 155
98 157
98 162
98 165
98 171
98 172
98 180
99 108
99 109
99 115
99 118
99 126
99 131
99 132
99 139
99 145
99 148
99 153
99 172
99 177
100 113
100 115
100 127
100 128
100 130
100 145
100 149
100 150
100 158
100 166
100 170
100 173
100 181
100 185
101 102
101 103
101 105
101 109
101 113
101 116
101 122
101 128
101 147
101 154
101 158
101 165
101 172
101 175
101 178
101 184
102 103
102 115
102 118
102 122
102 124
102 125
102 126
102 129
102 136
102 144
102 150
102 151
102 155
102 161
102 165
102 174
102 176
102 182
102 184
102 186
103 119
103 123
103 125
103 127
103 134
103 137
103 141
103 143
103 145
103 151
103 154
103 155
103 156
103 158
103 170
103 173
103 179
104 105
104 106
104 107
104 115
104 118
104 119
104 120
104 123
104 133
104 140
104 141
104 146
104 150
104 155
104 180
104 183
105 109
105 111
105 122
105 127
105 128
105 129
105 132
105 133
105 152
105 161
105 162
105 163
105 178
105 184
106 121
106 130
106 133
106 146
106 151
106 156
106 164
106 176
107 115
107 117
107 122
107 125
107 129
107 135
107 136
107 141
107 144
107 156
107 157
107 160
107 162
107 164
107 167
107 168
107 172
107 181
107 182
108 117
108 128
108 132
108 137
108 144
108 148
108 163
108 168
108 175
108 176
108 183
109 114
109 119
109 122
109 132
109 135
109 143
109 151
109 152
109 153
109 155
109 156
109 169
109 178
109 179
109 185
110 118
110 139
110 141
110 144
110 151
110 162
110 175
110 183
111 113
111 114
111 119
111 121
111 126
111 127
111 128
111 129
111 135
111 149
111 157
111 172
111 173
111 177
111 183
112 120
112 122
112 126
112 133
112 134
112 138
112 141
112 142
112 143
112 156
112 160
112 164
112 168
112 169
112 171
112 172
112 173
112 175
112 179
113 115
113 121
113 123
113 127
113 134
113 150
113 156
113 157
113 159
113 169
113 171
113 173
113 182
113 185
114 131
114 135
114 141
114 143
114 145
114 150
114 158
114 162
114 166
114 168
114 176
114 179
114 184
115 125
115 133
115 145
115 148
115 155
115 163
115 170
115 171
115 172
115 174
115 180
115 181
115 185
116 120
116 121
116 125
116 128
116 129
116 130
116 131
116 133
116 134
116 137
116 138
116 140
116 144
116 149
116 152
116 153
116 154
116 156
116 168
116 170
116 177
116 186
117 127
117 128
117 129
117 134
117 138
117 146
117 148
117 158
117 159
117 160
117 163
117 168
117 170
117 173
117 174
117 182
117 185
118 126
118 128
118 144
118 145
118 146
118 150
118 157
118 162
118 166
118 167
118 169
118 172
118 174
118 179
119 124
119 125
119 127
119 136
119 143
119 148
119 153
119 154
119 156
119 157
119 168
119 172
119 176
119 178
119 183
119 185
120 129
120 131
120 138
120 141
120 142
120 144
120 149
120 168
120 169
120 173
120 174
120 175
120 183
120 186
121 129
121 135
121 142
121 144
121 145
121 153
121 166
121 183
121 184
122 124
122 136
122 138
122 139
122 140
122 148
122 149
122 150
122 151
122 152
122 162
122 168
122 169
122 172
122 176
123 130
123 132
123 134
123 136
123 141
123 145
123 148
123 151
123 163
123 171
123 173
123 176
123 177
123 179
123 181
123 186
124 126
124 128
124 135
124 137
124 142
124 156
124 166
124 177
124 184
125 127
125 129
125 131
125 132
125 133
125 135
125 137
125 145
125 147
125 148
125 150
125 153
125 163
125 173
125 177
125 178
125 186
126 129
126 135
126 136
126 137
126 138
126 139
126 146
126 147
126 150
126 167
126 170
127 128
127 139
127 142
127 147
127 149
127 150
127 153
127 157
127 160
127 164
127 175
127 183
128 129
128 134
128 138
128 139
128 143
128 147
128 149
128 156
128 162
128 166
128 168
128 171
128 173
128 183
129 132
129 144
129 145
129 152
129 180
129 184
130 133
130 141
130 142
130 160
130 177
130 185
131 150
131 152
131 165
131 174
131 179
132 142
132 143
132 144
132 148
132 153
132 154
132 157
132 162
132 174
132 178
132 182
133 147
133 152
133 157
133 162
133 164
133 169
133 174
133 177
133 182
133 184
134 137
134 145
134 148
134 157
134 163
134 173
134 174
134 179
134 180
134 182
134 184
134 185
135 136
135 137
135 138
135 139
135 146
135 169
135 178
135 180
135 181
135 183
135 184
136 138
136 144
136 146
136 153
136 162
136 166
136 167
136 170
136 171
137 140
137 146
137 147
137 160
137 166
137 169
137 174
137 180
137 181
138 145
138 150
138 157
138 162
138 164
138 172
138 183
139 146
139 151
139 152
139 155
139 156
139 163
139 177
140 142
140 150
140 154
140 157
140 162
140 163
140 164
140 182
141 147
141 157
141 160
141 164
141 167
141 169
142 143
142 145
142 153
142 154
142 156
142 157
142 158
142 166
142 168
142 175
142 177
142 179
142 182
142 183
143 144
143 159
143 165
143 168
143 171
143 172
143 176
143 181
144 147
144 149
144 150
144 153
144 155
144 156
144 158
144 164
144 171
144 175
144 176
144 181
145 154
145 162
145 166
145 169
145 176
145 177
145 179
145 180
145 181
145 182
146 147
146 156
146 166
146 185
147 164
147 171
147 174
147 176
147 178
147 182
148 150
148 153
148 162
148 165
148 177
148 183
148 184
149 152
149 153
149 165
149 176
149 179
149 182
150 152
150 162
150 163
150 180
151 160
151 161
151 162
151 164
151 166
151 170
151 172
151 173
151 179
151 186
152 154
152 155
152 156
152 159
152 163
152 164
152 166
152 180
152 181
152 182
152 183
152 185
153 169
153 174
153 184
154 155
154 159
154 162
154 172
154 177
154 179
154 185
155 165
155 167
155 176
155 177
155 183
156 158
156 161
156 164
156 168
156 172
156 178
157 165
157 169
157 181
157 184
158 161
158 171
158 180
158 181
158 184
159 169
159 178
159 183
160 161
160 169
160 174
160 175
160 181
160 183
160 184
161 162
161 167
161 170
161 175
161 180
161 182
161 185
162 171
162 172
162 173
162 176
162 178
163 174
164 165
164 166
164 171
164 181
164 183
165 166
165 167
165 168
165 171
165 179
165 186
166 168
166 173
166 178
166 179
166 180
166 182
166 185
167 171
167 180
168 170
168 173
168 180
168 183
168 184
168 185
168 186
169 173
169 178
169 184
170 171
170 173
170 178
170 182
171 176
171 182
171 183
171 186
172 182
172 185
172 186
173 174
173 177
173 182
174 176
175 181
176 178
177 179
177 180
177 182
177 183
178 183
179 182
180 185
