109 1326
1 2
1 3
1 4
1 5
1 6
1 7
1 8
1 9
1 10
1 11
1 12
1 13
1 14
1 15
1 16
1 17
1 18
1 19
1 24
1 33
1 37
1 41
1 42
1 45
1 49
1 54
1 63
1 66
1 67
1 90
1 91
1 94
1 98
1 102
1 106
1 108
2 3
2 4
2 5
2 6
2 7
2 8
2 9
2 10
2 11
2 12
2 13
2 14
2 15
2 16
2 17
2 18
2 19
2 21
2 26
2 33
2 34
2 42
2 43
2 47
2 61
2 62
2 63
2 98
3 4
3 5
3 6
3 7
3 8
3 9
3 10
3 11
3 12
3 13
3 14
3 15
3 16
3 17
3 18
3 19
3 33
3 35
3 41
3 45
3 47
3 49
3 51
3 52
3 55
3 59
3 63
3 66
3 68
3 75
3 76
3 81
3 83
3 84
3 87
3 101
3 103
3 105
3 109
4 5
4 6
4 7
4 8
4 9
4 10
4 11
4 12
4 13
4 14
4 15
4 16
4 17
4 18
4 19
4 28
4 36
4 50
4 54
4 55
4 60
4 67
4 71
4 72
4 77
4 79
4 83
4 87
4 91
5 6
5 7
5 8
5 9
5 10
5 11
5 12
5 13
5 14
5 15
5 16
5 17
5 18
5 19
5 30
5 35
5 43
5 48
5 52
5 53
5 58
5 59
5 66
5 80
5 86
5 87
5 88
5 90
5 95
5 99
5 101
5 102
5 107
5 108
6 7
6 8
6 9
6 10
6 11
6 12
6 13
6 14
6 15
6 16
6 17
6 18
6 19
6 27
6 28
6 51
6 54
6 61
6 67
6 68
6 69
6 76
6 77
6 80
6 94
6 95
7 8
7 9
7 10
7 11
7 12
7 13
7 14
7 15
7 16
7 17
7 18
7 19
7 22
7 25
7 26
7 27
7 45
7 46
7 48
7 63
7 64
7 65
7 75
7 76
7 82
7 90
7 91
7 98
7 107
8 9
8 10
8 11
8 12
8 13
8 14
8 15
8 16
8 17
8 18
8 19
8 28
8 30
8 44
8 47
8 53
8 54
8 63
8 65
8 77
8 83
8 84
8 87
8 92
8 94
8 95
8 96
8 101
8 107
9 10
9 11
9 12
9 13
9 14
9 15
9 16
9 17
9 18
9 19
9 33
9 44
9 48
9 54
9 60
9 62
9 69
9 79
9 81
9 82
9 87
9 93
9 99
9 101
9 102
10 11
10 12
10 13
10 14
10 15
10 16
10 17
10 18
10 19
10 30
10 33
10 34
10 38
10 40
10 48
10 50
10 57
10 65
10 67
10 75
10 84
10 91
10 100
10 106
11 12
11 13
11 14
11 15
11 16
11 17
11 18
11 19
11 23
11 28
11 42
11 46
11 77
11 87
11 91
11 95
11 96
11 100
11 101
12 13
12 14
12 15
12 16
12 17
12 18
12 19
12 24
12 25
12 37
12 38
12 42
12 49
12 53
12 55
12 56
12 58
12 63
12 65
12 66
12 72
12 74
12 75
12 76
12 79
12 80
12 84
12 85
12 86
12 87
12 92
12 101
13 14
13 15
13 16
13 17
13 18
13 19
13 26
13 31
13 34
13 37
13 42
13 47
13 49
13 53
13 54
13 62
13 65
13 74
13 79
13 82
13 87
13 89
13 90
13 101
13 104
14 15
14 16
14 17
14 18
14 19
14 21
14 22
14 24
14 29
14 31
14 38
14 39
14 46
14 56
14 67
14 75
14 77
14 83
14 90
14 92
14 98
14 104
15 16
15 17
15 18
15 19
15 25
15 26
15 29
15 36
15 41
15 55
15 68
15 69
15 71
15 74
15 75
15 84
15 87
15 93
15 108
16 17
16 18
16 19
16 26
16 28
16 40
16 45
16 46
16 49
16 52
16 55
16 56
16 59
16 61
16 68
16 76
16 78
16 86
16 88
16 92
16 93
16 95
16 103
17 18
17 19
17 23
17 24
17 28
17 33
17 35
17 39
17 41
17 44
17 70
17 73
17 74
17 75
17 79
17 81
17 82
17 84
17 96
17 97
17 104
18 19
18 23
18 25
18 28
18 36
18 37
18 49
18 50
18 51
18 71
18 74
18 81
18 86
18 92
18 93
19 21
19 33
19 34
19 38
19 42
19 45
19 50
19 59
19 64
19 80
19 81
19 88
19 89
19 90
19 95
19 97
19 106
19 107
20 21
20 23
20 42
20 45
20 46
20 53
20 59
20 60
20 61
20 68
20 69
20 74
20 80
20 83
20 97
20 99
20 100
20 105
20 109
21 25
21 29
21 35
21 36
21 40
21 47
21 49
21 50
21 57
21 58
21 61
21 62
21 66
21 69
21 75
21 79
21 81
21 83
21 88
21 92
21 98
21 100
21 102
21 105
22 24
22 30
22 33
22 38
22 41
22 43
22 49
22 61
22 73
22 76
22 77
22 79
22 85
22 91
22 96
22 98
22 100
22 102
22 106
23 30
23 33
23 35
23 46
23 47
23 49
23 51
23 55
23 57
23 58
23 60
23 68
23 71
23 74
23 82
23 83
23 87
23 96
23 99
23 100
23 102
23 104
23 107
24 34
24 36
24 38
24 45
24 47
24 51
24 57
24 58
24 60
24 62
24 69
24 93
24 97
24 109
25 26
25 29
25 30
25 32
25 38
25 39
25 41
25 48
25 53
25 58
25 60
25 63
25 64
25 65
25 69
25 71
25 86
25 90
25 93
25 97
25 98
25 101
25 104
25 105
25 106
25 108
26 31
26 33
26 34
26 49
26 51
26 52
26 58
26 63
26 65
26 70
26 78
26 79
26 82
26 83
26 89
26 98
26 100
26 104
26 106
26 107
26 108
27 33
27 34
27 46
27 49
27 68
27 70
27 76
27 90
27 100
27 103
27 104
27 107
28 41
28 45
28 52
28 58
28 65
28 67
28 69
28 76
28 93
28 94
29 31
29 38
29 46
29 53
29 55
29 56
29 64
29 67
29 68
29 72
29 74
29 78
29 94
29 97
29 99
29 106
30 32
30 38
30 44
30 45
30 48
30 54
30 55
30 68
30 72
30 73
30 76
30 79
30 83
30 85
30 89
30 90
30 92
30 94
30 96
30 98
30 101
30 103
30 107
30 109
31 44
31 45
31 46
31 49
31 52
31 59
31 71
31 80
31 84
31 88
31 89
31 92
31 94
31 95
31 96
31 99
31 101
32 34
32 39
32 40
32 46
32 57
32 64
32 73
32 79
32 86
32 89
32 90
32 95
32 96
32 98
32 106
33 40
33 47
33 58
33 59
33 61
33 64
33 65
33 66
33 69
33 74
33 77
33 84
33 95
34 40
34 44
34 46
34 49
34 51
34 53
34 57
34 61
34 70
34 79
34 80
34 81
34 83
34 84
34 87
35 38
35 45
35 52
35 67
35 83
35 91
35 95
35 101
35 102
35 105
35 109
36 38
36 41
36 43
36 44
36 46
36 66
36 70
36 71
36 74
36 80
36 89
36 97
36 100
36 102
36 109
37 58
37 62
37 77
37 81
37 87
37 88
37 91
37 99
37 101
37 103
37 109
38 41
38 47
38 55
38 61
38 64
38 65
38 73
38 77
38 78
38 82
38 89
38 92
38 108
38 109
39 43
39 44
39 53
39 57
39 58
39 61
39 63
39 79
39 80
39 94
39 96
39 99
39 101
39 106
40 42
40 45
40 50
40 60
40 61
40 62
40 76
40 79
40 82
40 83
40 87
40 90
40 91
40 93
40 101
41 55
41 56
41 59
41 60
41 62
41 82
41 83
41 88
41 91
41 94
41 98
41 99
41 100
41 101
41 109
42 43
42 45
42 53
42 54
42 58
42 61
42 63
42 66
42 69
42 70
42 75
42 79
42 81
42 84
42 88
42 92
42 93
42 99
42 106
43 45
43 47
43 58
43 67
43 73
43 82
43 87
43 99
43 107
44 46
44 47
44 51
44 52
44 54
44 57
44 58
44 59
44 62
44 66
44 74
44 85
44 89
44 92
44 94
44 95
44 99
44 100
45 53
45 58
45 59
45 71
45 74
45 75
45 78
45 82
45 90
45 91
45 93
45 96
45 104
45 106
45 108
46 47
46 49
46 63
46 68
46 74
46 81
46 90
46 94
47 49
47 56
47 61
47 63
47 69
47 80
47 83
47 95
48 50
48 51
48 52
48 57
48 61
48 66
48 68
48 70
48 71
48 72
48 75
48 76
48 87
48 90
48 98
48 100
49 51
49 53
49 66
49 70
49 72
49 74
49 80
49 84
49 87
49 93
49 102
49 105
49 108
50 52
50 53
50 54
50 58
50 61
50 65
50 72
50 73
50 83
50 86
50 92
50 99
50 100
50 101
50 104
50 107
51 54
51 55
51 56
51 57
51 60
51 68
51 73
51 74
51 80
51 90
51 91
51 93
51 100
51 106
51 107
52 64
52 72
52 76
52 78
52 101
52 102
53 54
53 62
53 73
53 77
53 79
53 82
53 87
53 92
53 103
53 104
53 109
54 68
54 74
54 75
54 86
54 89
54 92
54 93
54 97
55 66
55 71
55 74
55 87
55 89
55 92
55 93
55 95
55 101
55 102
55 103
55 106
55 109
56 57
56 59
56 62
56 65
56 68
56 70
56 72
56 75
56 80
56 85
56 88
56 89
56 94
56 100
56 106
56 108
57 68
57 72
57 79
57 80
57 82
57 103
57 108
57 109
58 59
58 60
58 61
58 72
58 76
58 86
58 95
58 99
58 102
58 103
58 107
59 84
59 88
59 92
59 96
59 97
59 98
59 106
60 61
60 66
60 70
60 77
60 83
60 87
60 98
60 99
60 105
61 63
61 65
61 72
61 75
61 79
61 82
61 83
61 89
61 104
61 106
62 63
62 64
62 71
62 80
62 82
62 84
62 86
62 88
62 89
62 90
62 92
62 95
62 96
62 100
62 108
63 68
63 74
63 75
63 86
63 89
63 98
63 102
63 103
64 72
64 75
64 79
64 85
64 89
64 104
64 105
64 106
64 108
65 74
65 78
65 79
65 81
65 82
65 92
65 94
65 96
65 101
65 103
66 76
66 83
66 86
66 91
66 92
66 94
66 102
66 105
67 69
67 77
67 79
67 85
67 91
67 104
67 109
68 70
68 71
68 73
68 74
68 77
68 82
68 83
68 86
68 87
68 96
68 99
68 106
68 107
69 71
69 88
69 94
69 95
70 71
70 75
70 78
70 79
70 86
70 98
70 106
70 107
71 79
71 90
71 93
72 75
72 88
72 95
72 100
72 101
72 106
72 108
72 109
73 74
73 77
73 82
73 85
73 86
73 92
73 109
74 76
74 77
74 80
74 82
74 86
74 88
74 94
74 97
74 98
74 103
74 109
75 76
75 86
75 90
75 96
75 100
75 105
75 106
76 82
76 96
76 100
77 81
77 84
77 94
77 96
77 102
77 103
77 107
78 83
78 88
78 92
78 97
78 99
78 104
78 105
79 81
79 84
79 91
79 94
79 96
79 101
79 107
79 109
80 84
80 86
80 91
80 96
80 97
80 99
80 106
80 107
80 108
81 83
81 86
81 93
81 98
81 101
81 105
81 107
82 86
82 89
82 93
82 95
82 99
82 102
83 93
83 95
83 98
83 104
84 92
84 94
84 95
85 98
86 90
86 92
86 100
86 102
87 90
87 91
87 92
87 101
87 103
87 104
88 89
88 94
88 95
88 96
88 109
89 90
89 100
89 101
89 104
89 105
89 107
89 109
90 91
90 93
90 98
90 102
90 103
90 105
90 107
91 100
91 101
92 101
92 103
93 98
93 109
94 96
94 98
94 100
95 100
95 104
96 100
96 101
96 105
96 106
97 99
97 103
97 106
98 105
98 106
99 103
99 104
99 106
99 107
100 103
100 104
100 109
101 102
102 103
102 104
102 109
103 108
