152 2675
1 2
1 3
1 4
1 5
1 6
1 7
1 8
1 9
1 10
1 11
1 12
1 13
1 14
1 15
1 16
1 17
1 18
1 19
1 20
1 21
1 22
1 23
1 24
1 25
1 26
1 27
1 28
1 29
1 30
1 31
1 36
1 39
1 41
1 44
1 46
1 54
1 57
1 58
1 59
1 67
1 81
1 84
1 93
1 102
1 103
1 106
1 109
1 112
1 117
1 140
1 146
2 3
2 4
2 5
2 6
2 7
2 8
2 9
2 10
2 11
2 12
2 13
2 14
2 15
2 16
2 17
2 18
2 19
2 20
2 21
2 22
2 23
2 24
2 25
2 26
2 27
2 28
2 29
2 30
2 48
2 49
2 60
2 65
2 68
2 71
2 82
2 86
2 88
2 91
2 94
2 99
2 100
2 116
2 120
2 123
2 128
2 137
2 142
2 150
3 4
3 5
3 6
3 7
3 8
3 9
3 10
3 11
3 12
3 13
3 14
3 15
3 16
3 17
3 18
3 19
3 20
3 21
3 22
3 23
3 24
3 25
3 26
3 27
3 28
3 29
3 30
3 31
3 33
3 41
3 45
3 46
3 47
3 49
3 55
3 57
3 65
3 67
3 69
3 78
3 82
3 83
3 88
3 91
3 97
3 102
3 107
3 113
3 122
3 123
3 124
3 127
3 128
3 137
3 140
3 143
3 144
3 148
3 151
4 5
4 6
4 7
4 8
4 9
4 10
4 11
4 12
4 13
4 14
4 15
4 16
4 17
4 18
4 19
4 20
4 21
4 22
4 23
4 24
4 25
4 26
4 27
4 28
4 29
4 30
4 33
4 41
4 42
4 48
4 54
4 66
4 67
4 74
4 77
4 79
4 87
4 88
4 92
4 95
4 97
4 113
4 118
4 119
4 121
4 133
4 134
4 136
4 151
5 6
5 7
5 8
5 9
5 10
5 11
5 12
5 13
5 14
5 15
5 16
5 17
5 18
5 19
5 20
5 21
5 22
5 23
5 24
5 25
5 26
5 27
5 28
5 29
5 30
5 31
5 58
5 76
5 91
5 92
5 101
5 107
5 108
5 121
5 122
5 124
5 136
5 140
5 145
5 146
5 148
6 7
6 8
6 9
6 10
6 11
6 12
6 13
6 14
6 15
6 16
6 17
6 18
6 19
6 20
6 21
6 22
6 23
6 24
6 25
6 26
6 27
6 28
6 29
6 30
6 36
6 42
6 44
6 49
6 58
6 73
6 74
6 75
6 79
6 81
6 83
6 84
6 88
6 92
6 94
6 98
6 101
6 104
6 111
6 112
6 119
6 122
6 123
6 124
6 128
6 129
6 134
6 139
6 141
6 146
6 148
7 8
7 9
7 10
7 11
7 12
7 13
7 14
7 15
7 16
7 17
7 18
7 19
7 20
7 21
7 22
7 23
7 24
7 25
7 26
7 27
7 28
7 29
7 30
7 34
7 37
7 38
7 41
7 43
7 53
7 55
7 57
7 58
7 59
7 61
7 63
7 64
7 68
7 72
7 80
7 89
7 94
7 112
7 113
7 114
7 118
7 124
7 128
7 129
7 132
7 138
7 148
8 9
8 10
8 11
8 12
8 13
8 14
8 15
8 16
8 17
8 18
8 19
8 20
8 21
8 22
8 23
8 24
8 25
8 26
8 27
8 28
8 29
8 30
8 31
8 34
8 35
8 36
8 37
8 38
8 40
8 49
8 54
8 61
8 68
8 72
8 79
8 89
8 90
8 91
8 97
8 98
8 105
8 106
8 110
8 112
8 118
8 120
8 121
8 130
8 134
8 147
8 151
8 152
9 10
9 11
9 12
9 13
9 14
9 15
9 16
9 17
9 18
9 19
9 20
9 21
9 22
9 23
9 24
9 25
9 26
9 27
9 28
9 29
9 30
9 32
9 33
9 35
9 36
9 39
9 45
9 50
9 51
9 56
9 59
9 61
9 64
9 70
9 71
9 74
9 77
9 82
9 83
9 89
9 91
9 94
9 98
9 101
9 105
9 109
9 118
9 126
9 129
9 131
9 146
10 11
10 12
10 13
10 14
10 15
10 16
10 17
10 18
10 19
10 20
10 21
10 22
10 23
10 24
10 25
10 26
10 27
10 28
10 29
10 30
10 33
10 34
10 37
10 38
10 41
10 45
10 46
10 49
10 54
10 59
10 66
10 68
10 77
10 79
10 86
10 96
10 103
10 107
10 109
10 110
10 114
10 121
10 124
10 129
10 130
10 138
10 141
10 142
10 147
11 12
11 13
11 14
11 15
11 16
11 17
11 18
11 19
11 20
11 21
11 22
11 23
11 24
11 25
11 26
11 27
11 28
11 29
11 30
11 37
11 49
11 51
11 59
11 65
11 66
11 78
11 81
11 83
11 85
11 86
11 89
11 91
11 92
11 104
11 109
11 110
11 118
11 121
11 127
11 131
11 136
11 142
11 145
11 146
11 148
12 13
12 14
12 15
12 16
12 17
12 18
12 19
12 20
12 21
12 22
12 23
12 24
12 25
12 26
12 27
12 28
12 29
12 30
12 31
12 32
12 36
12 38
12 41
12 42
12 46
12 56
12 71
12 74
12 81
12 85
12 87
12 91
12 92
12 94
12 101
12 102
12 105
12 107
12 108
12 110
12 111
12 122
12 126
12 128
12 136
12 138
12 143
12 144
12 148
12 151
13 14
13 15
13 16
13 17
13 18
13 19
13 20
13 21
13 22
13 23
13 24
13 25
13 26
13 27
13 28
13 29
13 30
13 31
13 36
13 46
13 50
13 53
13 58
13 61
13 64
13 74
13 75
13 78
13 81
13 82
13 84
13 86
13 89
13 92
13 93
13 100
13 107
13 113
13 118
13 130
13 131
13 152
14 15
14 16
14 17
14 18
14 19
14 20
14 21
14 22
14 23
14 24
14 25
14 26
14 27
14 28
14 29
14 30
14 38
14 42
14 43
14 58
14 61
14 63
14 70
14 77
14 85
14 98
14 108
14 120
14 124
14 125
14 126
14 133
14 137
14 139
14 141
14 146
14 148
14 149
15 16
15 17
15 18
15 19
15 20
15 21
15 22
15 23
15 24
15 25
15 26
15 27
15 28
15 29
15 30
15 33
15 37
15 39
15 43
15 57
15 58
15 61
15 63
15 72
15 76
15 77
15 83
15 88
15 89
15 90
15 98
15 100
15 102
15 106
15 109
15 110
15 115
15 116
15 119
15 123
15 127
15 128
15 132
15 137
15 142
15 152
16 17
16 18
16 19
16 20
16 21
16 22
16 23
16 24
16 25
16 26
16 27
16 28
16 29
16 30
16 37
16 40
16 48
16 53
16 55
16 57
16 59
16 61
16 64
16 74
16 75
16 81
16 97
16 100
16 102
16 107
16 114
16 116
16 127
16 133
16 136
16 143
16 144
16 147
16 151
17 18
17 19
17 20
17 21
17 22
17 23
17 24
17 25
17 26
17 27
17 28
17 29
17 30
17 43
17 45
17 47
17 61
17 62
17 63
17 65
17 74
17 82
17 87
17 89
17 96
17 112
17 113
17 114
17 116
17 119
17 135
17 146
17 147
18 19
18 20
18 21
18 22
18 23
18 24
18 25
18 26
18 27
18 28
18 29
18 30
18 33
18 45
18 50
18 59
18 64
18 66
18 67
18 69
18 72
18 77
18 79
18 85
18 87
18 92
18 98
18 113
18 119
18 134
19 20
19 21
19 22
19 23
19 24
19 25
19 26
19 27
19 28
19 29
19 30
19 33
19 42
19 44
19 51
19 52
19 58
19 59
19 60
19 64
19 68
19 82
19 83
19 89
19 93
19 105
19 106
19 107
19 112
19 120
19 124
19 133
19 143
19 149
20 21
20 22
20 23
20 24
20 25
20 26
20 27
20 28
20 29
20 30
20 32
20 41
20 42
20 47
20 50
20 53
20 56
20 58
20 80
20 94
20 97
20 106
20 112
20 122
20 123
20 126
20 128
20 136
20 149
20 152
21 22
21 23
21 24
21 25
21 26
21 27
21 28
21 29
21 30
21 35
21 39
21 46
21 56
21 59
21 65
21 66
21 68
21 76
21 85
21 110
21 114
21 117
21 123
21 124
21 132
21 143
21 145
21 148
21 152
22 23
22 24
22 25
22 26
22 27
22 28
22 29
22 30
22 34
22 37
22 38
22 42
22 44
22 46
22 48
22 51
22 54
22 58
22 63
22 66
22 68
22 70
22 94
22 104
22 105
22 109
22 113
22 114
22 115
22 129
22 130
22 132
22 142
23 24
23 25
23 26
23 27
23 28
23 29
23 30
23 32
23 33
23 34
23 40
23 41
23 46
23 47
23 49
23 55
23 59
23 60
23 64
23 67
23 69
23 78
23 84
23 93
23 98
23 102
23 106
23 116
23 129
23 130
23 131
23 134
23 136
23 141
23 144
24 25
24 26
24 27
24 28
24 29
24 30
24 33
24 50
24 55
24 57
24 58
24 60
24 61
24 65
24 66
24 68
24 77
24 79
24 85
24 96
24 101
24 103
24 109
24 112
24 133
24 134
24 135
24 151
25 26
25 27
25 28
25 29
25 30
25 34
25 36
25 41
25 43
25 50
25 51
25 57
25 58
25 59
25 68
25 75
25 80
25 81
25 82
25 83
25 84
25 85
25 86
25 99
25 100
25 102
25 108
25 120
25 123
25 126
25 129
25 134
25 141
25 142
26 27
26 28
26 29
26 30
26 31
26 32
26 33
26 35
26 38
26 41
26 52
26 59
26 66
26 76
26 81
26 82
26 86
26 87
26 89
26 91
26 99
26 113
26 114
26 116
26 118
26 120
26 126
26 128
26 133
26 140
26 142
26 143
26 145
26 151
27 28
27 29
27 30
27 35
27 37
27 41
27 43
27 45
27 46
27 47
27 52
27 57
27 62
27 63
27 68
27 71
27 84
27 92
27 98
27 106
27 129
27 133
27 135
27 137
27 139
27 140
27 141
27 142
27 146
27 151
28 29
28 30
28 32
28 40
28 46
28 50
28 55
28 62
28 65
28 68
28 69
28 70
28 72
28 76
28 81
28 82
28 101
28 103
28 113
28 117
28 126
28 128
28 132
28 141
29 30
29 31
29 39
29 42
29 44
29 46
29 50
29 51
29 54
29 56
29 57
29 62
29 66
29 73
29 75
29 76
29 78
29 79
29 81
29 82
29 97
29 98
29 105
29 106
29 107
29 109
29 116
29 118
29 122
29 123
29 138
29 139
29 148
30 31
30 33
30 38
30 39
30 42
30 49
30 50
30 57
30 58
30 63
30 69
30 71
30 74
30 80
30 82
30 83
30 92
30 94
30 101
30 117
30 123
30 124
30 126
30 127
30 129
30 136
30 143
30 148
30 149
31 58
31 60
31 62
31 65
31 70
31 71
31 76
31 79
31 82
31 83
31 90
31 98
31 105
31 106
31 107
31 108
31 110
31 113
31 114
31 122
31 123
31 124
31 127
31 132
31 137
31 152
32 35
32 37
32 39
32 48
32 49
32 57
32 61
32 64
32 69
32 89
32 90
32 91
32 101
32 103
32 115
32 121
32 123
32 125
32 135
32 136
32 137
32 139
32 146
32 150
33 34
33 36
33 43
33 49
33 53
33 55
33 56
33 61
33 69
33 75
33 77
33 83
33 86
33 88
33 95
33 104
33 106
33 113
33 128
33 136
33 138
33 139
33 140
33 143
33 147
33 148
33 150
33 151
34 40
34 41
34 43
34 44
34 48
34 52
34 58
34 64
34 68
34 70
34 73
34 74
34 79
34 86
34 95
34 99
34 101
34 102
34 103
34 106
34 114
34 116
34 117
34 120
34 123
34 124
34 126
34 128
34 132
34 133
34 136
34 137
34 143
34 144
34 147
35 38
35 50
35 56
35 57
35 65
35 66
35 68
35 69
35 80
35 81
35 101
35 104
35 108
35 111
35 123
35 125
35 126
35 134
35 137
35 141
35 142
35 145
35 147
35 148
35 149
36 38
36 39
36 40
36 57
36 62
36 67
36 79
36 81
36 82
36 84
36 93
36 106
36 113
36 115
36 119
36 121
36 122
36 126
36 142
36 147
36 151
37 49
37 50
37 58
37 61
37 63
37 68
37 71
37 74
37 75
37 93
37 107
37 111
37 113
37 125
37 131
37 133
37 137
37 147
38 45
38 51
38 59
38 62
38 66
38 67
38 71
38 73
38 78
38 79
38 93
38 96
38 101
38 102
38 109
38 124
38 127
38 141
38 151
38 152
39 43
39 48
39 50
39 52
39 63
39 65
39 67
39 70
39 71
39 85
39 117
39 119
39 124
39 146
39 147
39 150
40 42
40 44
40 50
40 56
40 59
40 61
40 67
40 71
40 72
40 76
40 83
40 84
40 86
40 88
40 91
40 96
40 100
40 123
40 125
40 126
40 127
40 132
40 134
40 135
40 143
40 149
40 151
41 47
41 48
41 51
41 52
41 55
41 57
41 63
41 76
41 78
41 91
41 97
41 99
41 117
41 118
41 130
41 140
42 50
42 57
42 65
42 71
42 72
42 92
42 101
42 104
42 106
42 111
42 112
42 113
42 125
42 129
42 140
42 149
43 51
43 62
43 73
43 81
43 84
43 88
43 90
43 91
43 92
43 98
43 99
43 104
43 112
43 114
43 132
43 134
43 136
43 139
43 148
44 48
44 55
44 60
44 61
44 63
44 64
44 68
44 71
44 72
44 73
44 75
44 80
44 81
44 83
44 94
44 97
44 99
44 109
44 110
44 116
44 117
44 120
44 147
44 148
45 46
45 48
45 50
45 51
45 66
45 68
45 71
45 74
45 76
45 89
45 97
45 98
45 100
45 105
45 107
45 110
45 113
45 116
45 118
45 122
45 130
45 134
45 136
45 137
45 139
46 48
46 58
46 60
46 61
46 63
46 86
46 88
46 101
46 102
46 106
46 113
46 119
46 122
46 126
46 142
46 148
47 51
47 59
47 64
47 70
47 71
47 73
47 75
47 83
47 84
47 89
47 99
47 111
47 112
47 114
47 116
47 119
47 138
47 143
47 144
48 61
48 62
48 63
48 69
48 87
48 88
48 93
48 99
48 103
48 105
48 108
48 118
48 128
48 131
48 137
48 140
48 145
49 50
49 51
49 57
49 59
49 73
49 76
49 79
49 81
49 94
49 101
49 102
49 105
49 111
49 117
49 132
49 135
49 139
49 150
49 152
50 52
50 54
50 63
50 66
50 77
50 88
50 100
50 101
50 113
50 114
50 123
50 137
50 142
50 150
51 62
51 72
51 74
51 76
51 77
51 78
51 84
51 88
51 89
51 101
51 103
51 104
51 106
51 112
51 113
51 114
51 116
51 122
51 123
51 126
51 128
51 143
52 54
52 55
52 60
52 67
52 78
52 91
52 92
52 94
52 100
52 104
52 115
52 121
52 125
52 132
52 139
53 59
53 62
53 63
53 74
53 75
53 77
53 102
53 103
53 111
53 123
53 125
53 135
53 136
53 138
53 141
53 143
53 148
54 62
54 65
54 69
54 70
54 74
54 79
54 82
54 83
54 84
54 92
54 95
54 98
54 99
54 100
54 103
54 105
54 108
54 110
54 112
54 115
54 127
54 137
54 139
54 144
55 56
55 57
55 64
55 73
55 82
55 93
55 94
55 98
55 102
55 106
55 107
55 108
55 111
55 128
55 135
55 139
56 67
56 76
56 82
56 85
56 86
56 90
56 93
56 94
56 100
56 101
56 111
56 120
56 121
56 123
56 139
56 141
56 150
57 76
57 81
57 86
57 91
57 92
57 99
57 101
57 109
57 120
57 141
57 146
57 148
58 59
58 60
58 61
58 83
58 95
58 100
58 103
58 112
58 113
58 116
58 126
58 132
58 133
58 140
58 144
58 145
58 149
59 64
59 66
59 67
59 71
59 77
59 84
59 86
59 88
59 90
59 91
59 92
59 93
59 102
59 104
59 110
59 111
59 117
59 124
59 125
59 126
59 127
59 132
59 136
59 137
59 138
59 139
59 143
59 150
60 65
60 79
60 81
60 82
60 89
60 93
60 97
60 103
60 113
60 116
60 123
60 133
60 144
60 148
61 66
61 67
61 68
61 69
61 73
61 74
61 78
61 79
61 83
61 86
61 91
61 92
61 95
61 99
61 104
61 107
61 110
61 115
61 116
61 129
61 136
61 151
61 152
62 66
62 72
62 80
62 81
62 85
62 87
62 100
62 101
62 110
62 118
62 119
62 132
62 133
62 136
62 137
62 141
62 143
62 145
62 148
63 71
63 74
63 79
63 89
63 92
63 94
63 104
63 112
63 114
63 117
63 122
63 130
63 147
64 68
64 80
64 82
64 87
64 98
64 104
64 108
64 110
64 120
64 126
64 132
64 133
64 134
64 135
64 137
64 140
64 150
64 151
64 152
65 66
65 67
65 77
65 81
65 82
65 84
65 91
65 105
65 109
65 110
65 116
65 119
65 125
65 134
65 136
65 138
65 143
65 144
65 145
66 80
66 81
66 88
66 96
66 99
66 102
66 115
66 117
66 120
66 121
66 123
66 127
66 128
66 131
66 133
66 140
66 141
66 143
66 146
67 68
67 74
67 82
67 84
67 87
67 92
67 99
67 106
67 107
67 109
67 119
67 122
67 124
67 125
67 134
67 138
67 143
67 149
67 150
67 152
68 69
68 87
68 88
68 93
68 97
68 107
68 113
68 114
68 116
68 125
68 131
68 148
68 150
68 151
69 94
69 95
69 100
69 101
69 103
69 104
69 106
69 112
69 113
69 130
69 141
69 143
69 145
69 146
70 74
70 75
70 81
70 87
70 96
70 106
70 113
70 117
70 118
70 119
70 130
70 138
70 139
71 77
71 80
71 85
71 86
71 98
71 100
71 102
71 108
71 111
71 115
71 125
71 136
71 140
72 83
72 86
72 93
72 99
72 105
72 127
72 129
72 131
72 134
72 137
72 150
73 78
73 80
73 83
73 85
73 92
73 93
73 95
73 99
73 102
73 111
73 119
73 120
73 128
73 129
73 131
73 140
73 149
73 150
74 85
74 93
74 94
74 96
74 102
74 107
74 112
74 119
74 127
74 146
74 147
75 80
75 85
75 87
75 92
75 98
75 100
75 102
75 108
75 119
75 121
75 127
75 129
75 137
75 147
75 150
76 78
76 92
76 93
76 106
76 112
76 117
76 127
76 129
76 131
76 137
76 140
76 144
76 145
76 147
76 148
76 149
77 84
77 107
77 112
77 117
77 118
77 119
77 122
77 124
77 127
77 128
77 130
77 133
77 138
77 147
78 88
78 92
78 102
78 108
78 109
78 110
78 119
78 121
78 122
78 131
78 145
78 151
79 84
79 85
79 88
79 91
79 99
79 100
79 102
79 107
79 109
79 121
79 124
79 127
79 131
79 141
79 144
79 146
79 147
79 149
80 83
80 85
80 86
80 88
80 99
80 101
80 106
80 114
80 123
80 125
80 126
80 139
80 140
80 142
80 146
80 147
80 150
81 87
81 96
81 97
81 101
81 106
81 108
81 115
81 117
81 124
81 131
81 135
81 140
81 152
82 87
82 91
82 94
82 98
82 99
82 105
82 107
82 110
82 113
82 118
82 129
82 130
82 132
82 134
82 136
82 138
82 141
82 142
83 91
83 97
83 99
83 115
83 122
83 123
83 133
83 138
83 141
83 144
83 148
83 152
84 88
84 89
84 92
84 105
84 107
84 108
84 111
84 125
84 129
84 131
84 134
84 143
84 146
84 147
84 149
85 96
85 100
85 109
85 110
85 113
85 114
85 115
85 131
85 133
85 134
85 138
85 141
85 146
85 149
86 88
86 96
86 99
86 110
86 114
86 115
86 118
86 131
86 136
86 144
86 145
86 152
87 89
87 105
87 113
87 121
87 126
87 127
87 142
87 146
87 151
87 152
88 98
88 102
88 124
88 127
88 128
88 130
88 133
88 140
88 142
88 146
88 147
89 114
89 116
89 120
89 128
89 133
89 135
90 100
90 104
90 109
90 119
90 126
90 151
90 152
91 92
91 99
91 102
91 108
91 110
91 115
91 118
91 123
91 126
91 128
91 136
91 138
91 143
91 145
91 148
91 149
92 95
92 96
92 97
92 99
92 100
92 104
92 110
92 121
92 123
92 125
92 128
92 129
92 132
92 135
92 137
92 145
92 148
93 94
93 102
93 103
93 118
93 122
93 126
93 127
93 128
93 130
93 132
93 133
93 135
93 143
93 145
93 147
93 150
93 151
94 96
94 98
94 100
94 109
94 118
94 120
94 125
94 138
94 140
94 148
95 96
95 106
95 110
95 115
95 116
95 117
95 124
95 130
95 131
95 132
95 134
95 137
95 141
95 145
95 149
96 104
96 109
96 115
96 118
96 122
96 125
96 135
96 136
96 137
96 144
96 146
96 152
97 103
97 106
97 109
97 110
97 112
97 129
97 133
97 134
97 136
97 138
97 144
97 145
97 150
98 111
98 113
98 117
98 122
98 126
98 131
98 134
98 137
98 138
98 139
98 142
98 143
98 145
98 146
98 149
98 152
99 102
99 106
99 120
99 122
99 123
99 130
99 135
99 137
99 141
99 143
99 150
100 113
100 118
100 119
100 134
100 140
100 142
101 106
101 114
101 115
101 116
101 120
101 123
101 128
101 131
101 132
101 135
101 138
101 140
101 142
101 144
101 147
101 151
101 152
102 107
102 120
102 122
102 127
102 131
102 135
102 138
102 143
102 145
102 146
102 148
102 149
102 150
103 104
103 113
103 115
103 121
103 122
103 123
103 127
103 134
103 135
103 138
103 145
103 150
104 109
104 110
104 111
104 113
104 125
104 135
104 138
104 139
104 141
104 146
104 148
105 107
105 113
105 114
105 125
105 145
105 146
105 151
106 109
106 113
106 114
106 127
106 130
106 135
106 136
106 141
106 145
106 147
106 150
106 151
107 108
107 111
107 115
107 123
107 124
107 126
107 132
107 133
107 135
107 136
107 143
107 148
107 149
108 111
108 112
108 129
108 136
108 146
109 113
109 116
109 117
109 119
109 124
109 127
109 150
109 151
110 117
110 120
110 126
110 144
110 146
110 147
110 150
111 123
111 124
111 127
111 130
111 145
111 149
112 131
112 134
113 115
113 118
113 119
113 121
113 123
113 125
113 130
113 133
113 134
113 136
113 139
113 140
113 142
113 145
113 146
113 151
114 121
114 124
114 125
114 127
114 131
114 134
114 135
114 141
114 143
114 146
114 151
114 152
115 119
115 124
115 125
115 128
115 133
115 136
115 137
115 138
115 140
115 142
115 151
116 117
116 119
116 136
116 144
116 145
116 149
117 121
117 123
117 126
117 127
117 128
117 130
117 138
117 147
117 150
118 125
118 132
118 133
118 136
118 138
118 140
118 150
119 122
119 125
119 130
119 133
119 134
119 141
119 143
119 148
119 149
120 124
120 132
120 135
120 143
120 144
120 152
121 124
121 126
121 134
121 143
121 148
121 151
121 152
122 125
122 127
122 133
122 142
122 149
123 125
123 127
123 128
123 134
123 135
123 138
123 141
123 146
123 148
123 150
123 151
124 130
124 132
124 134
124 137
124 142
124 145
124 149
125 133
125 144
125 148
126 130
126 133
126 141
126 144
126 151
127 133
127 134
127 143
127 146
127 148
127 152
128 129
128 147
128 151
129 136
129 138
129 142
130 132
130 138
130 140
130 141
130 149
130 150
130 151
131 133
131 134
131 141
131 149
131 150
132 133
132 141
132 151
133 136
133 137
133 140
133 143
134 137
134 139
134 141
134 150
134 151
135 139
135 144
135 148
135 150
135 152
136 137
136 144
136 146
136 152
137 145
137 146
137 147
137 149
138 144
139 140
139 145
139 146
139 147
139 151
139 152
140 143
140 149
140 150
140 151
141 145
141 146
141 152
142 144
142 149
143 144
144 147
144 151
146 151
148 149
