79 639
1 8
1 9
1 11
1 20
1 22
1 27
1 39
1 50
1 57
1 61
1 62
1 66
1 69
1 74
1 76
2 3
2 4
2 5
2 13
2 14
2 25
2 26
2 27
2 29
2 31
2 33
2 35
2 57
2 62
3 4
3 5
3 10
3 14
3 16
3 18
3 21
3 24
3 26
3 30
3 38
3 40
3 46
3 47
3 61
3 64
3 71
3 77
4 5
4 6
4 7
4 8
4 10
4 11
4 17
4 21
4 31
4 45
4 46
4 48
4 51
4 58
4 60
4 64
4 65
4 66
4 72
5 10
5 11
5 26
5 29
5 30
5 45
5 47
5 48
5 49
5 59
5 61
5 62
5 63
6 7
6 8
6 9
6 10
6 11
6 12
6 13
6 14
6 15
6 17
6 26
6 29
6 47
6 49
6 60
6 63
6 65
6 67
6 68
6 69
7 8
7 9
7 10
7 11
7 12
7 13
7 14
7 15
7 24
7 25
7 29
7 31
7 33
7 34
7 35
7 36
7 39
7 43
7 44
7 45
7 53
7 62
7 67
7 75
8 9
8 10
8 11
8 12
8 13
8 14
8 15
8 17
8 21
8 25
8 27
8 29
8 33
8 36
8 44
8 49
8 61
8 66
8 68
8 69
8 72
9 10
9 11
9 12
9 13
9 14
9 15
9 18
9 19
9 28
9 37
9 40
9 44
9 54
9 60
9 61
9 62
9 65
9 67
10 11
10 12
10 13
10 14
10 15
10 23
10 28
10 32
10 42
10 48
10 50
10 64
11 12
11 13
11 14
11 15
11 16
11 27
11 28
11 32
11 35
11 36
11 43
11 50
11 58
11 61
11 63
11 65
11 72
11 76
12 13
12 14
12 15
12 19
12 23
12 32
12 42
12 51
12 55
12 56
12 58
12 59
12 64
12 76
12 77
13 14
13 15
13 16
13 19
13 20
13 26
13 29
13 35
13 42
13 51
13 57
13 70
13 78
14 15
14 16
14 17
14 24
14 25
14 26
14 30
14 33
14 37
14 38
14 43
14 56
14 65
14 71
15 19
15 22
15 25
15 27
15 31
15 37
15 39
15 41
15 45
15 46
15 49
15 51
15 56
15 57
15 58
15 60
15 62
15 66
15 76
16 17
16 19
16 20
16 37
16 40
16 42
16 45
16 48
16 52
16 59
16 68
16 69
16 70
16 72
16 73
16 77
17 22
17 25
17 28
17 31
17 35
17 40
17 53
17 55
17 56
17 58
17 66
17 73
18 21
18 24
18 26
18 33
18 37
18 40
18 43
18 44
18 49
18 57
18 59
18 62
18 65
18 68
18 72
18 73
18 77
19 20
19 28
19 30
19 46
19 57
19 63
19 66
19 68
19 69
19 75
19 79
20 23
20 25
20 27
20 45
20 51
20 53
20 57
20 65
20 70
20 75
21 25
21 36
21 39
21 47
21 50
21 51
21 54
21 57
21 59
21 60
21 73
21 76
22 24
22 25
22 36
22 38
22 42
22 46
22 50
22 54
22 72
22 76
23 27
23 31
23 42
23 44
23 46
23 47
23 49
23 53
23 57
23 60
23 70
23 78
24 26
24 36
24 38
24 48
24 56
24 57
24 62
24 79
25 36
25 40
25 50
25 58
25 66
25 70
25 71
26 37
26 38
26 50
26 65
26 75
27 34
27 35
27 38
27 42
27 55
27 56
27 70
28 29
28 35
28 38
28 39
28 51
28 63
28 65
28 76
28 77
28 78
29 32
29 35
29 39
29 45
29 47
29 50
29 52
29 53
29 57
29 63
29 68
29 72
29 73
29 77
30 32
30 33
30 38
30 46
30 58
30 65
30 67
30 68
30 76
30 78
31 38
31 42
31 48
31 53
31 64
31 71
31 74
32 35
32 46
32 47
32 52
32 63
32 74
32 76
32 77
32 79
33 35
33 36
33 37
33 41
33 42
33 44
33 45
33 51
33 53
33 77
34 37
34 38
34 41
34 49
34 50
34 52
34 57
34 60
34 71
34 78
35 37
35 44
35 48
35 54
35 62
35 63
35 68
35 69
35 73
35 78
36 42
36 46
36 55
36 61
36 62
36 64
36 65
36 75
36 77
37 38
37 45
37 50
37 56
37 57
37 64
37 74
37 75
37 76
38 46
38 48
38 49
38 62
38 63
38 65
38 68
38 70
38 74
38 79
39 52
39 53
39 69
39 74
39 78
40 42
40 43
40 57
40 62
40 63
40 64
40 68
40 69
40 70
40 71
40 72
41 49
41 52
41 75
42 44
42 58
42 63
42 65
43 47
43 54
43 58
43 59
43 65
43 69
43 73
43 76
44 49
44 52
44 58
44 59
44 60
44 63
44 68
44 69
45 46
45 52
45 60
45 63
45 71
45 76
46 54
46 56
46 59
46 60
46 61
46 62
46 68
46 74
46 75
46 77
47 55
47 61
47 63
47 67
47 70
47 75
48 58
48 60
48 67
48 78
49 50
49 51
49 58
49 69
50 53
50 54
50 55
50 58
50 59
50 61
50 75
50 76
50 78
50 79
51 59
51 62
51 63
51 65
51 72
51 74
52 67
52 71
52 74
53 54
53 68
53 69
53 74
53 76
54 55
54 64
54 66
54 67
54 69
54 75
54 76
55 75
55 79
56 59
56 60
56 62
56 63
56 77
56 78
57 59
57 61
57 74
58 60
58 62
58 67
58 71
58 75
58 77
58 79
59 69
61 63
61 64
61 67
61 74
62 66
62 69
62 76
63 68
63 71
63 73
63 79
64 76
64 79
65 66
65 69
65 75
65 76
65 77
66 78
67 68
67 72
67 74
67 75
68 74
68 76
68 77
69 74
71 78
72 74
72 78
74 79
77 79
