194 3878
1 2
1 3
1 4
1 5
1 6
1 7
1 8
1 9
1 10
1 11
1 12
1 13
1 14
1 15
1 16
1 17
1 18
1 35
1 42
1 46
1 55
1 60
1 61
1 64
1 70
1 72
1 81
1 85
1 89
1 91
1 92
1 97
1 105
1 110
1 117
1 118
1 125
1 133
1 139
1 143
1 144
1 148
1 149
1 151
1 154
1 168
1 173
1 180
1 181
2 3
2 4
2 5
2 6
2 7
2 8
2 9
2 10
2 11
2 12
2 13
2 14
2 15
2 16
2 17
2 18
2 20
2 30
2 36
2 44
2 46
2 56
2 60
2 75
2 80
2 89
2 90
2 92
2 96
2 106
2 110
2 112
2 119
2 129
2 137
2 150
2 159
2 163
2 164
2 165
2 169
2 174
2 178
3 4
3 5
3 6
3 7
3 8
3 9
3 10
3 11
3 12
3 13
3 14
3 15
3 16
3 17
3 18
3 24
3 25
3 28
3 29
3 30
3 31
3 32
3 40
3 47
3 48
3 61
3 62
3 64
3 67
3 71
3 74
3 76
3 78
3 81
3 92
3 93
3 94
3 103
3 104
3 105
3 111
3 115
3 119
3 129
3 139
3 141
3 145
3 149
3 152
3 155
3 157
3 158
3 161
3 167
3 178
3 179
3 180
3 194
4 5
4 6
4 7
4 8
4 9
4 10
4 11
4 12
4 13
4 14
4 15
4 16
4 17
4 18
4 28
4 31
4 33
4 34
4 35
4 37
4 49
4 58
4 59
4 63
4 65
4 70
4 72
4 80
4 86
4 90
4 92
4 94
4 98
4 110
4 112
4 119
4 123
4 124
4 127
4 130
4 132
4 134
4 139
4 141
4 142
4 146
4 147
4 149
4 159
4 163
4 169
4 170
4 174
4 175
4 179
4 185
4 187
4 191
5 6
5 7
5 8
5 9
5 10
5 11
5 12
5 13
5 14
5 15
5 16
5 17
5 18
5 22
5 29
5 37
5 45
5 53
5 54
5 55
5 65
5 75
5 90
5 102
5 109
5 111
5 114
5 115
5 120
5 125
5 133
5 157
5 159
5 176
5 179
5 180
5 192
6 7
6 8
6 9
6 10
6 11
6 12
6 13
6 14
6 15
6 16
6 17
6 18
6 28
6 53
6 54
6 55
6 59
6 68
6 74
6 88
6 92
6 96
6 102
6 105
6 109
6 114
6 117
6 119
6 121
6 123
6 125
6 129
6 131
6 145
6 155
6 158
6 173
6 175
6 187
6 189
7 8
7 9
7 10
7 11
7 12
7 13
7 14
7 15
7 16
7 17
7 18
7 19
7 22
7 24
7 25
7 28
7 32
7 33
7 44
7 53
7 54
7 55
7 68
7 70
7 74
7 85
7 88
7 91
7 93
7 96
7 101
7 108
7 109
7 114
7 117
7 130
7 136
7 140
7 144
7 155
7 158
7 160
7 163
7 164
7 171
7 173
7 177
7 186
7 187
7 192
8 9
8 10
8 11
8 12
8 13
8 14
8 15
8 16
8 17
8 18
8 21
8 28
8 31
8 40
8 47
8 48
8 49
8 52
8 53
8 54
8 71
8 73
8 76
8 77
8 85
8 97
8 98
8 99
8 105
8 109
8 114
8 117
8 122
8 132
8 136
8 137
8 138
8 141
8 153
8 158
8 161
8 162
8 163
8 164
8 170
8 171
8 178
8 179
8 180
8 181
8 184
8 192
9 10
9 11
9 12
9 13
9 14
9 15
9 16
9 17
9 18
9 28
9 37
9 49
9 53
9 56
9 58
9 64
9 72
9 73
9 77
9 79
9 84
9 97
9 100
9 105
9 113
9 115
9 119
9 129
9 132
9 134
9 144
9 156
9 161
9 164
9 172
9 174
9 176
9 179
9 182
9 185
9 186
10 11
10 12
10 13
10 14
10 15
10 16
10 17
10 18
10 20
10 22
10 25
10 29
10 36
10 40
10 42
10 46
10 77
10 97
10 104
10 105
10 108
10 111
10 115
10 122
10 137
10 150
10 154
10 167
10 168
10 181
10 183
10 194
11 12
11 13
11 14
11 15
11 16
11 17
11 18
11 21
11 25
11 26
11 29
11 32
11 43
11 49
11 52
11 55
11 59
11 60
11 69
11 74
11 89
11 92
11 93
11 99
11 118
11 121
11 124
11 125
11 126
11 128
11 131
11 134
11 135
11 142
11 144
11 153
11 188
11 193
12 13
12 14
12 15
12 16
12 17
12 18
12 19
12 25
12 32
12 38
12 44
12 51
12 57
12 61
12 85
12 86
12 107
12 108
12 110
12 111
12 113
12 129
12 131
12 147
12 152
12 154
12 157
12 160
12 176
12 180
12 182
12 186
12 189
12 190
12 192
12 193
13 14
13 15
13 16
13 17
13 18
13 20
13 21
13 30
13 33
13 37
13 38
13 40
13 41
13 46
13 54
13 64
13 65
13 70
13 72
13 73
13 78
13 79
13 82
13 99
13 111
13 112
13 118
13 121
13 131
13 132
13 137
13 158
13 167
13 172
13 175
14 15
14 16
14 17
14 18
14 19
14 26
14 31
14 41
14 43
14 48
14 60
14 62
14 80
14 95
14 101
14 102
14 121
14 127
14 136
14 138
14 142
14 143
14 153
14 172
14 174
14 188
15 16
15 17
15 18
15 21
15 25
15 35
15 43
15 51
15 59
15 69
15 71
15 84
15 94
15 98
15 99
15 102
15 105
15 108
15 111
15 113
15 114
15 115
15 121
15 122
15 123
15 124
15 127
15 140
15 144
15 147
15 148
15 155
15 156
15 160
15 165
15 175
15 179
16 17
16 18
16 24
16 27
16 44
16 45
16 47
16 50
16 51
16 54
16 57
16 60
16 83
16 94
16 109
16 110
16 112
16 115
16 117
16 122
16 124
16 126
16 142
16 149
16 154
16 167
16 169
16 170
16 171
16 173
16 176
16 190
16 191
16 194
17 18
17 21
17 28
17 29
17 32
17 37
17 57
17 65
17 68
17 71
17 78
17 81
17 82
17 83
17 89
17 95
17 106
17 130
17 135
17 138
17 153
17 157
17 166
17 172
17 173
17 175
17 187
17 192
17 193
18 20
18 21
18 22
18 25
18 27
18 29
18 33
18 42
18 49
18 54
18 56
18 60
18 64
18 65
18 67
18 80
18 88
18 90
18 91
18 100
18 104
18 115
18 118
18 125
18 137
18 139
18 140
18 142
18 147
18 158
18 164
18 167
18 170
18 176
18 179
18 182
18 185
19 20
19 21
19 22
19 23
19 24
19 25
19 26
19 27
19 28
19 29
19 30
19 31
19 32
19 35
19 36
19 39
19 40
19 46
19 48
19 51
19 63
19 77
19 80
19 82
19 84
19 85
19 90
19 117
19 121
19 123
19 124
19 130
19 135
19 141
19 142
19 150
19 151
19 152
19 157
19 162
19 164
19 178
19 179
19 183
19 184
19 187
19 192
20 21
20 22
20 23
20 24
20 25
20 26
20 27
20 28
20 29
20 30
20 31
20 32
20 39
20 51
20 57
20 58
20 64
20 65
20 80
20 82
20 84
20 85
20 87
20 91
20 94
20 96
20 104
20 109
20 112
20 124
20 134
20 139
20 144
20 145
20 151
20 152
20 153
20 157
20 163
20 167
20 170
20 180
20 185
20 192
20 193
21 22
21 23
21 24
21 25
21 26
21 27
21 28
21 29
21 30
21 31
21 32
21 34
21 40
21 41
21 46
21 61
21 63
21 64
21 69
21 76
21 77
21 83
21 86
21 88
21 101
21 105
21 117
21 120
21 127
21 131
21 141
21 143
21 148
21 150
21 158
21 160
21 161
21 162
21 169
21 179
21 180
21 181
21 182
21 186
21 187
21 192
21 194
22 23
22 24
22 25
22 26
22 27
22 28
22 29
22 30
22 31
22 32
22 33
22 40
22 41
22 42
22 53
22 64
22 68
22 70
22 78
22 89
22 94
22 99
22 104
22 106
22 121
22 122
22 127
22 135
22 141
22 145
22 148
22 149
22 155
22 161
22 163
22 164
22 169
22 172
22 173
22 183
22 193
23 24
23 25
23 26
23 27
23 28
23 29
23 30
23 31
23 32
23 34
23 36
23 41
23 42
23 44
23 51
23 52
23 60
23 62
23 68
23 77
23 85
23 88
23 90
23 94
23 96
23 100
23 101
23 114
23 115
23 116
23 118
23 119
23 121
23 122
23 123
23 125
23 126
23 129
23 143
23 144
23 146
23 151
23 163
23 169
23 182
23 184
23 191
23 193
24 25
24 26
24 27
24 28
24 29
24 30
24 31
24 32
24 33
24 36
24 38
24 52
24 66
24 68
24 76
24 80
24 81
24 85
24 86
24 87
24 95
24 97
24 112
24 114
24 120
24 126
24 129
24 132
24 135
24 138
24 142
24 143
24 148
24 150
24 154
24 160
24 162
24 163
24 165
24 173
24 181
24 187
24 188
24 193
25 26
25 27
25 28
25 29
25 30
25 31
25 32
25 37
25 40
25 49
25 59
25 61
25 62
25 65
25 69
25 75
25 80
25 81
25 84
25 92
25 95
25 98
25 118
25 125
25 131
25 136
25 142
25 152
25 156
25 157
25 160
25 164
25 170
25 174
25 177
25 182
25 183
25 185
25 186
25 188
25 189
25 192
26 27
26 28
26 29
26 30
26 31
26 32
26 40
26 46
26 47
26 52
26 56
26 58
26 62
26 63
26 65
26 69
26 82
26 85
26 87
26 92
26 96
26 104
26 113
26 127
26 150
26 153
26 160
26 164
26 166
26 181
26 186
27 28
27 29
27 30
27 31
27 32
27 62
27 66
27 68
27 72
27 79
27 85
27 86
27 87
27 94
27 99
27 100
27 104
27 105
27 113
27 131
27 132
27 133
27 137
27 141
27 142
27 146
27 152
27 156
27 161
27 175
27 177
27 181
27 185
27 187
27 190
28 29
28 30
28 31
28 32
28 33
28 54
28 60
28 63
28 65
28 74
28 79
28 80
28 85
28 96
28 104
28 108
28 109
28 120
28 121
28 127
28 133
28 137
28 138
28 143
28 149
28 153
28 154
28 158
28 164
28 178
28 183
29 30
29 31
29 32
29 38
29 44
29 47
29 48
29 51
29 55
29 56
29 65
29 66
29 67
29 78
29 82
29 85
29 86
29 87
29 104
29 112
29 114
29 126
29 129
29 150
29 154
29 160
29 161
29 167
29 168
29 169
29 186
29 187
29 188
29 190
29 191
30 31
30 32
30 54
30 68
30 95
30 97
30 102
30 105
30 113
30 115
30 117
30 119
30 123
30 131
30 134
30 136
30 141
30 149
30 152
30 153
30 168
30 169
30 170
30 178
30 183
30 185
30 187
30 188
30 189
30 193
30 194
31 32
31 35
31 38
31 40
31 60
31 61
31 65
31 66
31 69
31 71
31 76
31 77
31 82
31 88
31 92
31 94
31 95
31 102
31 105
31 111
31 113
31 114
31 118
31 119
31 125
31 127
31 130
31 135
31 140
31 141
31 144
31 149
31 163
31 164
31 165
31 167
31 168
31 172
31 173
31 174
31 180
31 181
31 184
31 185
31 187
31 193
32 40
32 49
32 54
32 61
32 68
32 80
32 81
32 92
32 93
32 95
32 97
32 99
32 109
32 121
32 126
32 142
32 143
32 145
32 152
32 155
32 160
32 166
32 168
32 177
32 193
33 34
33 35
33 36
33 37
33 38
33 40
33 41
33 50
33 57
33 58
33 59
33 61
33 65
33 67
33 71
33 72
33 73
33 79
33 80
33 81
33 83
33 85
33 89
33 90
33 100
33 101
33 105
33 109
33 112
33 113
33 120
33 122
33 127
33 130
33 131
33 141
33 148
33 149
33 156
33 177
33 178
33 190
34 35
34 36
34 37
34 38
34 44
34 61
34 62
34 63
34 64
34 72
34 74
34 89
34 95
34 98
34 101
34 105
34 108
34 111
34 117
34 125
34 129
34 131
34 142
34 143
34 148
34 152
34 158
34 164
34 172
34 177
34 185
34 186
34 188
35 36
35 37
35 38
35 47
35 58
35 60
35 68
35 73
35 79
35 82
35 87
35 91
35 97
35 99
35 100
35 102
35 105
35 109
35 120
35 135
35 137
35 139
35 141
35 143
35 147
35 150
35 153
35 155
35 158
35 159
35 165
35 169
35 181
35 186
35 190
36 37
36 38
36 39
36 46
36 49
36 50
36 52
36 53
36 56
36 62
36 71
36 77
36 78
36 79
36 88
36 92
36 93
36 102
36 108
36 109
36 122
36 128
36 133
36 154
36 155
36 158
36 160
36 167
36 172
36 175
36 176
36 187
37 38
37 53
37 54
37 57
37 61
37 62
37 68
37 69
37 76
37 80
37 81
37 91
37 97
37 109
37 126
37 144
37 162
37 164
37 167
37 170
37 177
37 178
37 183
37 189
37 193
38 44
38 48
38 53
38 54
38 57
38 64
38 71
38 75
38 80
38 81
38 92
38 102
38 103
38 130
38 136
38 151
38 153
38 154
38 155
38 172
38 173
38 174
38 176
38 181
38 187
38 193
39 52
39 53
39 63
39 76
39 82
39 85
39 87
39 91
39 92
39 93
39 98
39 101
39 107
39 108
39 117
39 119
39 120
39 122
39 124
39 129
39 136
39 137
39 138
39 147
39 152
39 153
39 157
39 161
39 164
39 166
39 178
39 179
39 188
40 44
40 46
40 48
40 49
40 57
40 63
40 64
40 65
40 67
40 70
40 85
40 95
40 103
40 113
40 115
40 118
40 120
40 125
40 128
40 133
40 141
40 148
40 159
40 164
40 171
40 174
40 180
40 189
40 191
41 43
41 45
41 63
41 77
41 79
41 82
41 83
41 88
41 98
41 103
41 104
41 109
41 110
41 113
41 118
41 120
41 123
41 127
41 133
41 136
41 141
41 143
41 158
41 163
41 165
41 172
41 178
41 185
41 186
41 188
41 189
42 56
42 57
42 61
42 63
42 66
42 69
42 72
42 85
42 90
42 91
42 94
42 96
42 107
42 111
42 114
42 117
42 123
42 128
42 132
42 133
42 135
42 136
42 147
42 149
42 151
42 153
42 154
42 165
42 166
42 167
42 168
42 170
42 184
42 185
42 186
42 190
42 191
42 194
43 46
43 47
43 52
43 55
43 57
43 58
43 70
43 84
43 88
43 89
43 99
43 102
43 109
43 113
43 117
43 122
43 125
43 128
43 132
43 145
43 148
43 149
43 159
43 160
43 175
43 176
43 178
43 182
43 190
43 193
44 47
44 58
44 59
44 60
44 64
44 66
44 70
44 72
44 76
44 78
44 84
44 94
44 95
44 97
44 102
44 108
44 111
44 112
44 113
44 117
44 120
44 131
44 133
44 134
44 152
44 153
44 159
44 161
44 164
44 166
44 184
44 187
44 192
45 52
45 64
45 65
45 70
45 79
45 80
45 82
45 85
45 86
45 89
45 100
45 108
45 114
45 115
45 117
45 118
45 122
45 123
45 124
45 130
45 164
45 170
45 171
45 173
45 180
45 185
45 187
45 188
45 189
45 193
46 47
46 55
46 57
46 58
46 62
46 66
46 72
46 84
46 87
46 90
46 95
46 96
46 101
46 102
46 104
46 109
46 110
46 131
46 143
46 144
46 146
46 158
46 163
46 166
46 170
46 178
46 194
47 50
47 57
47 62
47 71
47 76
47 78
47 88
47 91
47 93
47 103
47 104
47 105
47 107
47 109
47 122
47 125
47 130
47 134
47 135
47 136
47 149
47 150
47 156
47 159
47 164
47 165
47 166
47 167
47 168
47 169
47 172
47 173
47 180
47 181
47 185
47 187
48 61
48 70
48 78
48 92
48 98
48 101
48 104
48 105
48 108
48 110
48 118
48 119
48 125
48 129
48 140
48 145
48 150
48 151
48 156
48 160
48 163
48 167
48 170
48 171
48 175
48 185
48 187
48 189
48 191
49 53
49 56
49 69
49 75
49 80
49 91
49 105
49 109
49 114
49 117
49 119
49 120
49 121
49 123
49 126
49 133
49 140
49 144
49 146
49 147
49 148
49 155
49 160
49 161
49 163
49 184
49 189
49 192
49 194
50 52
50 55
50 71
50 72
50 74
50 75
50 77
50 79
50 82
50 83
50 89
50 92
50 100
50 101
50 103
50 104
50 105
50 108
50 114
50 115
50 116
50 131
50 135
50 142
50 143
50 145
50 157
50 163
50 165
50 170
50 172
50 173
50 178
50 182
50 190
51 55
51 56
51 61
51 62
51 63
51 67
51 70
51 77
51 79
51 90
51 94
51 96
51 97
51 105
51 107
51 109
51 118
51 120
51 122
51 124
51 128
51 129
51 145
51 150
51 160
51 161
51 163
51 167
51 169
51 176
51 186
51 188
51 192
52 57
52 61
52 65
52 67
52 68
52 71
52 72
52 74
52 82
52 87
52 89
52 91
52 104
52 113
52 122
52 128
52 129
52 130
52 135
52 140
52 152
52 154
52 159
52 164
52 166
52 168
52 170
52 177
52 180
52 181
52 187
53 55
53 58
53 60
53 65
53 71
53 79
53 82
53 88
53 92
53 93
53 95
53 103
53 105
53 107
53 117
53 120
53 123
53 129
53 131
53 132
53 134
53 140
53 153
53 157
53 161
53 163
53 166
53 172
53 176
53 181
53 182
53 185
53 187
53 189
53 194
54 58
54 72
54 73
54 76
54 86
54 92
54 93
54 97
54 101
54 107
54 124
54 130
54 137
54 140
54 143
54 144
54 146
54 147
54 150
54 152
54 158
54 163
54 165
54 175
54 183
54 191
54 192
54 193
55 59
55 62
55 68
55 71
55 79
55 80
55 81
55 82
55 83
55 85
55 93
55 98
55 100
55 103
55 109
55 110
55 113
55 119
55 121
55 129
55 131
55 132
55 133
55 145
55 147
55 151
55 153
55 156
55 158
55 159
55 160
55 161
55 166
55 169
55 171
55 181
55 183
55 191
56 59
56 72
56 80
56 91
56 92
56 95
56 110
56 112
56 116
56 119
56 123
56 124
56 132
56 136
56 143
56 149
56 161
56 166
56 170
56 175
56 182
56 184
57 62
57 70
57 73
57 75
57 77
57 78
57 80
57 81
57 88
57 103
57 109
57 112
57 116
57 122
57 132
57 137
57 142
57 143
57 149
57 161
57 164
57 168
57 177
57 178
57 180
57 185
57 186
57 189
57 192
58 60
58 71
58 78
58 92
58 94
58 96
58 99
58 107
58 112
58 117
58 119
58 124
58 125
58 128
58 131
58 133
58 135
58 147
58 150
58 151
58 153
58 155
58 158
58 167
58 175
58 176
58 178
58 181
58 187
58 189
58 190
58 191
58 194
59 68
59 72
59 73
59 74
59 75
59 90
59 105
59 108
59 113
59 114
59 118
59 130
59 131
59 140
59 142
59 145
59 146
59 149
59 150
59 152
59 153
59 156
59 161
59 166
59 172
59 176
59 177
59 178
60 62
60 68
60 113
60 120
60 130
60 131
60 147
60 149
60 154
60 156
60 158
60 159
60 161
60 162
60 167
60 176
60 178
61 63
61 67
61 70
61 74
61 75
61 85
61 86
61 91
61 93
61 94
61 95
61 97
61 103
61 119
61 123
61 129
61 132
61 139
61 140
61 142
61 144
61 146
61 149
61 152
61 157
61 162
61 168
61 170
61 174
61 180
61 182
61 185
61 187
61 191
61 192
62 75
62 94
62 97
62 101
62 103
62 105
62 120
62 123
62 124
62 126
62 132
62 135
62 140
62 142
62 148
62 164
62 174
62 182
62 194
63 74
63 92
63 99
63 102
63 109
63 112
63 117
63 123
63 124
63 125
63 128
63 139
63 140
63 146
63 147
63 149
63 152
63 154
63 156
63 161
63 162
63 163
63 164
63 167
63 169
63 171
63 178
63 189
63 194
64 78
64 82
64 84
64 85
64 86
64 87
64 89
64 91
64 98
64 99
64 101
64 110
64 113
64 116
64 123
64 124
64 130
64 133
64 139
64 141
64 146
64 164
64 182
64 183
64 187
64 192
65 72
65 74
65 75
65 77
65 101
65 106
65 107
65 113
65 114
65 120
65 121
65 127
65 136
65 141
65 155
65 160
65 161
65 163
65 164
65 173
65 175
65 179
65 189
65 191
65 192
65 193
66 67
66 68
66 73
66 82
66 94
66 95
66 113
66 119
66 120
66 129
66 130
66 135
66 138
66 142
66 145
66 152
66 163
66 167
66 172
66 173
66 178
66 179
66 187
66 189
66 190
66 192
67 74
67 75
67 89
67 96
67 97
67 103
67 104
67 108
67 110
67 111
67 114
67 124
67 125
67 127
67 135
67 143
67 156
67 162
67 165
67 171
67 174
67 192
68 73
68 79
68 81
68 83
68 90
68 110
68 112
68 117
68 119
68 120
68 121
68 123
68 132
68 141
68 142
68 144
68 146
68 156
68 167
68 173
68 175
68 177
68 181
69 71
69 72
69 90
69 95
69 102
69 104
69 111
69 119
69 124
69 125
69 126
69 128
69 133
69 135
69 137
69 143
69 146
69 148
69 155
69 156
69 158
69 160
69 162
69 163
69 166
69 175
69 182
69 183
69 190
69 191
69 194
70 71
70 76
70 78
70 79
70 85
70 90
70 101
70 103
70 112
70 116
70 117
70 120
70 127
70 128
70 145
70 149
70 152
70 156
70 162
70 165
70 171
70 178
70 181
70 182
70 188
70 191
70 193
71 82
71 94
71 98
71 100
71 111
71 118
71 122
71 125
71 132
71 134
71 138
71 146
71 151
71 156
71 169
71 174
71 175
71 176
71 190
71 192
72 83
72 94
72 95
72 97
72 102
72 113
72 119
72 121
72 123
72 124
72 128
72 136
72 138
72 144
72 159
72 160
72 165
72 179
72 190
73 83
73 85
73 88
73 95
73 102
73 103
73 121
73 124
73 133
73 135
73 136
73 140
73 145
73 150
73 152
73 155
73 163
73 164
73 169
73 170
73 173
73 174
73 183
73 189
74 85
74 88
74 93
74 95
74 103
74 104
74 109
74 114
74 118
74 125
74 126
74 130
74 133
74 135
74 140
74 168
74 173
74 179
74 185
74 187
74 189
74 193
75 79
75 81
75 82
75 83
75 84
75 88
75 92
75 93
75 103
75 106
75 107
75 113
75 115
75 121
75 131
75 132
75 134
75 136
75 137
75 147
75 148
75 149
75 154
75 156
75 167
75 173
75 177
75 192
75 194
76 77
76 78
76 84
76 85
76 88
76 89
76 94
76 108
76 113
76 116
76 120
76 121
76 126
76 127
76 133
76 135
76 141
76 165
76 169
76 173
76 184
76 191
77 81
77 84
77 91
77 93
77 97
77 101
77 110
77 117
77 118
77 121
77 130
77 134
77 135
77 147
77 153
77 155
77 161
77 165
77 170
77 175
77 181
77 187
77 188
77 191
77 192
78 82
78 85
78 94
78 100
78 102
78 113
78 120
78 126
78 131
78 135
78 142
78 143
78 147
78 153
78 159
78 171
78 189
79 91
79 94
79 104
79 111
79 115
79 117
79 126
79 132
79 135
79 145
79 156
79 161
79 162
79 163
79 169
79 170
79 172
79 173
79 175
79 179
79 185
79 187
80 82
80 83
80 84
80 97
80 99
80 102
80 103
80 109
80 113
80 121
80 124
80 128
80 132
80 140
81 86
81 94
81 96
81 97
81 106
81 117
81 133
81 152
81 161
81 163
81 170
81 174
81 176
81 177
81 180
81 185
81 187
82 83
82 84
82 94
82 95
82 96
82 98
82 105
82 110
82 111
82 112
82 113
82 117
82 123
82 125
82 126
82 127
82 129
82 134
82 136
82 142
82 145
82 148
82 158
82 159
82 161
82 162
82 169
82 172
82 173
83 90
83 91
83 98
83 99
83 115
83 128
83 129
83 143
83 157
83 161
83 165
83 174
83 179
83 187
83 188
83 189
83 191
84 89
84 92
84 95
84 97
84 100
84 101
84 110
84 137
84 139
84 140
84 145
84 149
84 151
84 156
84 158
84 161
84 162
84 171
84 183
85 87
85 91
85 95
85 96
85 101
85 105
85 113
85 122
85 124
85 127
85 128
85 129
85 134
85 162
85 164
85 167
85 174
85 184
85 186
85 189
86 89
86 97
86 98
86 102
86 110
86 118
86 120
86 122
86 125
86 127
86 129
86 141
86 142
86 146
86 149
86 155
86 156
86 159
86 160
86 161
86 162
86 165
86 166
86 179
86 181
86 185
86 187
86 189
87 89
87 90
87 99
87 107
87 108
87 111
87 113
87 114
87 115
87 118
87 130
87 145
87 147
87 155
87 165
87 166
87 167
87 183
87 184
87 188
87 191
87 193
88 95
88 115
88 116
88 132
88 137
88 145
88 149
88 150
88 154
88 173
88 177
88 180
88 181
88 185
89 90
89 103
89 107
89 110
89 111
89 126
89 127
89 128
89 154
89 157
89 165
89 172
89 173
89 179
89 182
89 185
89 187
89 189
90 95
90 98
90 100
90 102
90 114
90 115
90 117
90 121
90 124
90 129
90 130
90 136
90 145
90 146
90 147
90 148
90 151
90 155
90 157
90 162
90 165
90 171
90 172
90 180
90 189
91 98
91 108
91 109
91 115
91 118
91 126
91 131
91 132
91 139
91 145
91 148
91 153
91 172
91 177
91 192
92 113
92 115
92 127
92 128
92 130
92 145
92 149
92 150
92 158
92 166
92 170
92 173
92 181
92 185
92 191
93 98
93 101
93 102
93 103
93 105
93 109
93 113
93 116
93 122
93 128
93 147
93 154
93 158
93 165
93 172
93 175
93 178
93 184
93 188
94 103
94 115
94 118
94 122
94 124
94 125
94 126
94 129
94 136
94 144
94 150
94 151
94 155
94 161
94 165
94 174
94 176
94 182
94 184
94 186
94 187
95 97
95 99
95 119
95 123
95 125
95 127
95 134
95 137
95 141
95 143
95 145
95 151
95 154
95 155
95 156
95 158
95 170
95 173
95 179
95 193
96 100
96 105
96 106
96 107
96 115
96 118
96 119
96 120
96 123
96 133
96 140
96 141
96 146
96 150
96 155
96 180
96 183
97 109
97 111
97 122
97 127
97 128
97 129
97 132
97 133
97 152
97 161
97 162
97 163
97 178
97 184
98 99
98 100
98 101
98 103
98 121
98 130
98 133
98 146
98 151
98 156
98 164
98 176
98 189
99 105
99 115
99 117
99 122
99 125
99 129
99 135
99 136
99 141
99 144
99 156
99 157
99 160
99 162
99 164
99 167
99 168
99 172
99 181
99 182
99 189
99 194
100 101
100 102
100 103
100 107
100 117
100 128
100 132
100 137
100 144
100 148
100 163
100 168
100 175
100 176
100 183
100 193
100 194
101 105
101 108
101 114
101 119
101 122
101 132
101 135
101 143
101 151
101 152
101 153
101 155
101 156
101 169
101 178
101 179
101 185
101 192
102 107
102 118
102 139
102 141
102 144
102 151
102 162
102 175
102 183
102 187
102 189
102 193
102 194
103 113
103 114
103 119
103 121
103 126
103 127
103 128
103 129
103 135
103 149
103 157
103 172
103 173
103 177
103 183
103 189
104 105
104 106
104 110
104 120
104 122
104 126
104 133
104 134
104 138
104 141
104 142
104 143
104 156
104 160
104 164
104 168
104 169
104 171
104 172
104 173
104 175
104 179
104 188
104 189
104 193
105 107
105 108
105 112
105 115
105 121
105 123
105 127
105 134
105 150
105 156
105 157
105 159
105 169
105 171
105 173
105 182
105 185
105 192
106 111
106 112
106 114
106 131
106 135
106 141
106 143
106 145
106 150
106 158
106 162
106 166
106 168
106 176
106 179
106 184
106 190
106 191
107 109
107 125
107 133
107 145
107 148
107 155
107 163
107 170
107 171
107 172
107 174
107 180
107 181
107 185
107 189
107 193
108 109
108 111
108 112
108 114
108 120
108 121
108 125
108 128
108 129
108 130
108 131
108 133
108 134
108 137
108 138
108 140
108 144
108 149
108 152
108 153
108 154
108 156
108 168
108 170
108 177
108 186
108 188
108 190
108 193
109 110
109 111
109 117
109 127
109 128
109 129
109 134
109 138
109 146
109 148
109 158
109 159
109 160
109 163
109 168
109 170
109 173
109 174
109 182
109 185
109 187
109 194
110 115
110 126
110 128
110 144
110 145
110 146
110 150
110 157
110 162
110 166
110 167
110 169
110 172
110 174
110 179
110 187
110 190
110 194
111 115
111 117
111 124
111 125
111 127
111 136
111 143
111 148
111 153
111 154
111 156
111 157
111 168
111 172
111 176
111 178
111 183
111 185
111 190
111 194
112 129
112 131
112 138
112 141
112 142
112 144
112 149
112 168
112 169
112 173
112 174
112 175
112 183
112 186
112 188
112 189
112 193
113 129
113 135
113 142
113 144
113 145
113 153
113 166
113 183
113 184
113 188
114 124
114 136
114 138
114 139
114 140
114 148
114 149
114 150
114 151
114 152
114 162
114 168
114 169
114 172
114 176
114 191
114 193
115 122
115 130
115 132
115 134
115 136
115 141
115 145
115 148
115 151
115 163
115 171
115 173
115 176
115 177
115 179
115 181
115 186
116 117
116 120
116 126
116 128
116 135
116 137
116 142
116 156
116 166
116 177
116 184
116 191
117 121
117 125
117 127
117 129
117 131
117 132
117 133
117 135
117 137
117 145
117 147
117 148
117 150
117 153
117 163
117 173
117 177
117 178
117 186
117 192
118 119
118 120
118 125
118 129
118 135
118 136
118 137
118 138
118 139
118 146
118 147
118 150
118 167
118 170
118 191
118 194
119 124
119 128
119 139
119 142
119 147
119 149
119 150
119 153
119 157
119 160
119 164
119 175
119 183
119 188
119 192
119 194
120 129
120 134
120 138
120 139
120 143
120 147
120 149
120 156
120 162
120 166
120 168
120 171
120 173
120 183
120 190
120 191
121 125
121 132
121 144
121 145
121 152
121 180
121 184
121 188
121 189
121 191
121 194
122 124
122 125
122 129
122 133
122 141
122 142
122 160
122 177
122 185
122 188
122 189
122 194
123 125
123 150
123 152
123 165
123 174
123 179
123 190
123 192
123 194
124 125
124 142
124 143
124 144
124 148
124 153
124 154
124 157
124 162
124 174
124 178
124 182
124 188
124 193
125 130
125 132
125 147
125 152
125 157
125 162
125 164
125 169
125 174
125 177
125 182
125 184
125 187
125 191
125 193
126 132
126 134
126 137
126 145
126 148
126 157
126 163
126 173
126 174
126 179
126 180
126 182
126 184
126 185
126 189
126 190
126 191
127 129
127 130
127 136
127 137
127 138
127 139
127 146
127 169
127 178
127 180
127 181
127 183
127 184
127 188
127 191
128 134
128 138
128 144
128 146
128 153
128 162
128 166
128 167
128 170
128 171
128 190
129 131
129 132
129 137
129 140
129 146
129 147
129 160
129 166
129 169
129 174
129 180
129 181
129 191
129 192
130 138
130 145
130 150
130 157
130 162
130 164
130 172
130 183
130 189
130 190
130 193
131 132
131 134
131 137
131 138
131 146
131 151
131 152
131 155
131 156
131 163
131 177
131 191
132 137
132 142
132 150
132 154
132 157
132 162
132 163
132 164
132 182
132 187
132 189
132 192
133 134
133 140
133 147
133 157
133 160
133 164
133 167
133 169
134 135
134 139
134 142
134 143
134 145
134 153
134 154
134 156
134 157
134 158
134 166
134 168
134 175
134 177
134 179
134 182
134 183
134 187
135 136
135 139
135 141
135 142
135 144
135 159
135 165
135 168
135 171
135 172
135 176
135 181
136 137
136 142
136 147
136 149
136 150
136 153
136 155
136 156
136 158
136 164
136 171
136 175
136 176
136 181
137 141
137 154
137 162
137 166
137 169
137 176
137 177
137 179
137 180
137 181
137 182
137 188
138 146
138 147
138 156
138 166
138 185
138 191
138 192
139 140
139 141
139 147
139 164
139 171
139 174
139 176
139 178
139 182
139 189
139 191
140 148
140 150
140 153
140 162
140 165
140 177
140 183
140 184
140 188
141 147
141 152
141 153
141 165
141 176
141 179
141 182
141 191
142 144
142 152
142 162
142 163
142 180
142 189
142 192
142 193
143 148
143 150
143 160
143 161
143 162
143 164
143 166
143 170
143 172
143 173
143 179
143 186
143 190
144 147
144 154
144 155
144 156
144 159
144 163
144 164
144 166
144 180
144 181
144 182
144 183
144 185
144 188
144 194
145 151
145 152
145 169
145 174
145 184
146 149
146 150
146 155
146 159
146 162
146 172
146 177
146 179
146 185
146 191
146 194
147 150
147 151
147 155
147 165
147 167
147 176
147 177
147 183
147 191
147 194
148 149
148 158
148 161
148 164
148 168
148 172
148 178
148 187
149 151
149 153
149 165
149 169
149 181
149 184
149 187
149 188
149 190
150 153
150 156
150 161
150 171
150 180
150 181
150 184
150 187
151 152
151 155
151 156
151 169
151 178
151 183
151 191
151 193
152 153
152 155
152 156
152 161
152 169
152 174
152 175
152 181
152 183
152 184
152 194
153 159
153 160
153 162
153 167
153 170
153 175
153 180
153 182
153 185
154 161
154 171
154 172
154 173
154 176
154 178
154 194
155 157
155 174
155 187
156 157
156 165
156 166
156 171
156 181
156 183
156 187
157 165
157 166
157 167
157 168
157 171
157 179
157 186
157 194
158 162
158 168
158 173
158 178
158 179
158 180
158 182
158 185
158 188
158 190
158 194
159 160
159 163
159 166
159 171
159 180
159 192
160 170
160 173
160 180
160 183
160 184
160 185
160 186
160 187
160 188
160 190
160 194
161 167
161 173
161 178
161 184
161 189
161 190
161 193
162 169
162 171
162 173
162 178
162 182
163 166
163 168
163 169
163 176
163 182
163 183
163 186
163 190
163 192
164 166
164 172
164 182
164 185
164 186
164 187
164 191
164 193
165 166
165 174
165 177
165 182
165 187
165 190
165 193
165 194
166 176
166 189
166 193
167 172
167 181
167 189
168 178
168 192
169 174
169 179
169 180
169 182
169 183
169 193
170 171
170 183
170 192
171 173
171 179
171 182
172 174
172 177
172 185
172 187
173 178
173 188
173 192
173 193
174 176
174 181
174 191
175 190
176 182
176 189
177 179
178 182
178 185
178 188
178 193
179 180
179 191
180 184
180 190
181 184
181 190
181 191
182 184
182 192
183 194
184 190
185 188
185 190
185 191
186 190
186 191
187 188
187 190
191 194
192 193
192 194
