76 572
1 2
1 3
1 4
1 5
1 6
1 7
1 8
1 11
1 28
1 31
1 39
1 54
1 66
1 68
1 74
2 3
2 4
2 5
2 6
2 7
2 8
2 24
2 29
2 31
2 46
2 57
2 64
2 67
2 68
2 73
2 76
3 4
3 5
3 6
3 7
3 8
3 15
3 22
3 27
3 32
3 48
3 49
3 75
4 5
4 6
4 7
4 8
4 9
4 11
4 20
4 22
4 27
4 39
4 50
4 57
4 61
4 62
4 66
4 69
4 74
4 76
5 6
5 7
5 8
5 13
5 14
5 25
5 26
5 27
5 29
5 31
5 33
5 35
5 57
5 62
6 7
6 8
6 10
6 14
6 16
6 18
6 21
6 24
6 26
6 30
6 38
6 40
6 46
6 47
6 61
6 64
6 71
7 8
7 10
7 11
7 17
7 21
7 31
7 45
7 46
7 48
7 51
7 58
7 60
7 64
7 65
7 66
7 72
8 10
8 11
8 26
8 29
8 30
8 45
8 47
8 48
8 49
8 59
8 61
8 62
8 63
9 10
9 11
9 14
9 17
9 26
9 29
9 47
9 49
9 60
9 63
9 65
9 67
9 68
9 69
10 11
10 24
10 25
10 29
10 31
10 33
10 34
10 35
10 36
10 39
10 43
10 44
10 45
10 53
10 62
10 67
10 75
11 13
11 17
11 21
11 25
11 27
11 29
11 33
11 36
11 44
11 49
11 61
11 66
11 68
11 69
11 72
12 13
12 14
12 15
12 18
12 19
12 28
12 37
12 40
12 44
12 54
12 60
12 61
12 62
12 65
12 67
13 14
13 15
13 23
13 28
13 32
13 42
13 48
13 50
13 64
14 15
14 16
14 27
14 28
14 32
14 35
14 36
14 43
14 50
14 58
14 61
14 63
14 65
14 72
14 76
15 19
15 23
15 32
15 42
15 51
15 55
15 56
15 58
15 59
15 64
15 76
16 19
16 20
16 26
16 29
16 35
16 42
16 51
16 57
16 70
17 24
17 25
17 26
17 30
17 33
17 37
17 38
17 43
17 56
17 65
17 71
18 19
18 22
18 25
18 27
18 31
18 37
18 39
18 41
18 45
18 46
18 49
18 51
18 56
18 57
18 58
18 60
18 62
18 66
18 76
19 20
19 37
19 40
19 42
19 45
19 48
19 52
19 59
19 68
19 69
19 70
19 72
19 73
20 22
20 25
20 28
20 31
20 35
20 40
20 53
20 55
20 56
20 58
20 66
20 73
21 24
21 26
21 33
21 37
21 40
21 43
21 44
21 49
21 57
21 59
21 62
21 65
21 68
21 72
21 73
22 28
22 30
22 46
22 57
22 63
22 66
22 68
22 69
22 75
23 25
23 27
23 45
23 51
23 53
23 57
23 65
23 70
23 75
24 25
24 36
24 39
24 47
24 50
24 51
24 54
24 57
24 59
24 60
24 73
24 76
25 36
25 38
25 42
25 46
25 50
25 54
25 72
25 76
26 27
26 31
26 42
26 44
26 46
26 47
26 49
26 53
26 57
26 60
26 70
27 36
27 38
27 48
27 56
27 57
27 62
28 36
28 40
28 50
28 58
28 66
28 70
28 71
29 37
29 38
29 50
29 65
29 75
30 34
30 35
30 38
30 42
30 55
30 56
30 70
31 35
31 38
31 39
31 51
31 63
31 65
31 76
32 35
32 39
32 45
32 47
32 50
32 52
32 53
32 57
32 63
32 68
32 72
32 73
33 38
33 46
33 58
33 65
33 67
33 68
33 76
34 38
34 42
34 48
34 53
34 64
34 71
34 74
35 46
35 47
35 52
35 63
35 74
35 76
36 37
36 41
36 42
36 44
36 45
36 51
36 53
37 38
37 41
37 49
37 50
37 52
37 57
37 60
37 71
38 44
38 48
38 54
38 62
38 63
38 68
38 69
38 73
39 42
39 46
39 55
39 61
39 62
39 64
39 65
39 75
40 45
40 50
40 56
40 57
40 64
40 74
40 75
40 76
41 46
41 48
41 49
41 62
41 63
41 65
41 68
41 70
41 74
42 52
42 53
42 69
42 74
43 57
43 62
43 63
43 64
43 68
43 69
43 70
43 71
43 72
44 49
44 52
44 75
45 58
45 63
45 65
46 47
46 54
46 58
46 59
46 65
46 69
46 73
46 76
47 49
47 52
47 58
47 59
47 60
47 63
47 68
47 69
48 52
48 60
48 63
48 71
48 76
49 54
49 56
49 59
49 60
49 61
49 62
49 68
49 74
49 75
50 55
50 61
50 63
50 67
50 70
50 75
51 58
51 60
51 67
52 58
52 69
53 54
53 55
53 58
53 59
53 61
53 75
53 76
54 59
54 62
54 63
54 65
54 72
54 74
55 67
55 71
55 74
56 68
56 69
56 74
56 76
57 64
57 66
57 67
57 69
57 75
57 76
58 75
59 60
59 62
59 63
60 61
60 74
61 62
61 67
61 71
61 75
62 69
64 67
64 74
65 66
65 69
65 76
66 68
66 71
66 73
67 76
68 69
68 75
68 76
70 72
70 74
70 75
71 74
71 76
72 74
