135 1942
1 2
1 3
1 4
1 5
1 6
1 7
1 8
1 9
1 10
1 11
1 12
1 13
1 14
1 15
1 16
1 17
1 18
1 19
1 20
1 21
1 26
1 33
1 34
1 46
1 49
1 68
1 70
1 76
1 90
1 100
1 103
1 104
1 107
1 110
1 117
1 120
1 128
1 131
1 133
2 3
2 4
2 5
2 6
2 7
2 8
2 9
2 10
2 11
2 12
2 13
2 14
2 15
2 16
2 17
2 18
2 19
2 20
2 21
2 41
2 45
2 52
2 58
2 65
2 67
2 69
2 76
2 93
2 94
2 111
2 119
2 120
2 135
3 4
3 5
3 6
3 7
3 8
3 9
3 10
3 11
3 12
3 13
3 14
3 15
3 16
3 17
3 18
3 19
3 20
3 21
3 24
3 29
3 31
3 38
3 46
3 53
3 55
3 56
3 64
3 67
3 68
3 72
3 74
3 78
3 94
3 97
3 99
3 106
3 110
3 119
3 131
4 5
4 6
4 7
4 8
4 9
4 10
4 11
4 12
4 13
4 14
4 15
4 16
4 17
4 18
4 19
4 20
4 21
4 25
4 27
4 32
4 38
4 44
4 45
4 48
4 54
4 55
4 68
4 72
4 73
4 76
4 79
4 83
4 85
4 89
4 90
4 92
4 94
4 96
4 98
4 101
4 103
4 107
4 109
4 112
4 120
4 122
4 127
4 133
5 6
5 7
5 8
5 9
5 10
5 11
5 12
5 13
5 14
5 15
5 16
5 17
5 18
5 19
5 20
5 21
5 24
5 26
5 30
5 31
5 44
5 45
5 46
5 49
5 52
5 59
5 71
5 80
5 84
5 88
5 89
5 92
5 94
5 95
5 96
5 99
5 101
5 110
5 123
5 128
5 129
5 130
5 133
5 134
5 135
6 7
6 8
6 9
6 10
6 11
6 12
6 13
6 14
6 15
6 16
6 17
6 18
6 19
6 20
6 21
6 29
6 34
6 39
6 40
6 46
6 57
6 64
6 73
6 79
6 86
6 89
6 90
6 95
6 96
6 98
6 106
6 124
6 130
6 133
6 134
7 8
7 9
7 10
7 11
7 12
7 13
7 14
7 15
7 16
7 17
7 18
7 19
7 20
7 21
7 40
7 47
7 58
7 59
7 61
7 64
7 65
7 66
7 69
7 74
7 77
7 84
7 95
7 110
7 112
7 118
7 119
7 121
7 122
7 129
7 130
7 134
8 9
8 10
8 11
8 12
8 13
8 14
8 15
8 16
8 17
8 18
8 19
8 20
8 21
8 23
8 26
8 27
8 29
8 33
8 40
8 44
8 46
8 49
8 51
8 53
8 57
8 61
8 70
8 79
8 80
8 81
8 83
8 84
8 87
8 113
8 117
8 123
8 128
9 10
9 11
9 12
9 13
9 14
9 15
9 16
9 17
9 18
9 19
9 20
9 21
9 32
9 35
9 38
9 45
9 52
9 67
9 83
9 91
9 95
9 101
9 102
9 105
9 109
9 111
9 130
10 11
10 12
10 13
10 14
10 15
10 16
10 17
10 18
10 19
10 20
10 21
10 22
10 24
10 27
10 31
10 38
10 41
10 43
10 44
10 46
10 66
10 70
10 71
10 74
10 80
10 89
10 97
10 100
10 102
10 109
10 114
10 125
10 126
11 12
11 13
11 14
11 15
11 16
11 17
11 18
11 19
11 20
11 21
11 27
11 58
11 62
11 77
11 81
11 87
11 88
11 91
11 99
11 101
11 103
11 109
11 119
11 120
12 13
12 14
12 15
12 16
12 17
12 18
12 19
12 20
12 21
12 38
12 41
12 47
12 55
12 61
12 64
12 65
12 73
12 77
12 78
12 82
12 89
12 92
12 108
12 109
12 126
13 14
13 15
13 16
13 17
13 18
13 19
13 20
13 21
13 26
13 27
13 31
13 34
13 43
13 44
13 53
13 57
13 58
13 61
13 63
13 79
13 80
13 94
13 96
13 99
13 101
13 106
13 110
13 113
13 125
14 15
14 16
14 17
14 18
14 19
14 20
14 21
14 24
14 25
14 27
14 31
14 34
14 37
14 38
14 42
14 45
14 50
14 60
14 61
14 62
14 76
14 79
14 82
14 83
14 87
14 90
14 91
14 93
14 101
15 16
15 17
15 18
15 19
15 20
15 21
15 32
15 34
15 35
15 36
15 55
15 56
15 59
15 60
15 62
15 82
15 83
15 88
15 91
15 94
15 98
15 99
15 100
15 101
15 109
15 112
15 113
15 115
15 116
15 118
15 121
15 122
15 133
15 134
16 17
16 18
16 19
16 20
16 21
16 38
16 39
16 43
16 45
16 53
16 54
16 58
16 61
16 63
16 66
16 69
16 70
16 75
16 79
16 81
16 84
16 88
16 92
16 93
16 99
16 106
16 118
16 121
16 124
16 127
16 131
16 132
17 18
17 19
17 20
17 21
17 27
17 30
17 31
17 32
17 34
17 37
17 45
17 47
17 58
17 67
17 73
17 82
17 87
17 99
17 107
17 110
17 112
17 115
17 120
17 122
17 124
18 19
18 20
18 21
18 23
18 27
18 36
18 46
18 47
18 51
18 52
18 54
18 57
18 58
18 59
18 62
18 66
18 74
18 85
18 89
18 92
18 94
18 95
18 99
18 100
18 111
18 114
18 115
18 116
18 122
18 123
18 124
18 134
19 20
19 21
19 22
19 32
19 36
19 37
19 38
19 53
19 58
19 59
19 71
19 74
19 75
19 78
19 82
19 90
19 91
19 93
19 96
19 104
19 106
19 108
19 111
19 112
19 115
19 118
19 120
19 124
19 131
19 133
20 21
20 31
20 47
20 49
20 63
20 68
20 74
20 81
20 90
20 94
20 110
20 113
20 114
20 117
20 119
20 121
20 130
21 32
21 37
21 39
21 40
21 45
21 47
21 49
21 56
21 61
21 63
21 69
21 80
21 83
21 95
21 112
21 123
21 128
21 129
21 135
22 23
22 24
22 25
22 26
22 27
22 32
22 36
22 41
22 50
22 51
22 52
22 57
22 61
22 66
22 68
22 70
22 71
22 72
22 75
22 76
22 87
22 90
22 98
22 100
22 113
22 117
22 120
22 123
22 124
22 125
22 126
22 127
22 128
22 133
23 24
23 25
23 26
23 27
23 31
23 38
23 43
23 45
23 48
23 51
23 53
23 66
23 70
23 72
23 74
23 80
23 84
23 87
23 93
23 102
23 105
23 108
23 112
23 114
23 118
23 120
23 124
23 130
23 132
24 25
24 26
24 27
24 32
24 52
24 53
24 54
24 58
24 61
24 65
24 72
24 73
24 83
24 86
24 92
24 99
24 100
24 101
24 104
24 107
24 110
24 124
24 125
24 127
24 132
24 133
24 135
25 26
25 27
25 32
25 39
25 40
25 47
25 51
25 54
25 55
25 56
25 57
25 60
25 68
25 73
25 74
25 80
25 90
25 91
25 93
25 100
25 106
25 107
25 116
25 122
25 124
25 127
25 133
26 27
26 28
26 35
26 37
26 40
26 44
26 47
26 49
26 50
26 64
26 72
26 76
26 78
26 101
26 102
26 119
26 123
26 125
26 126
27 34
27 45
27 46
27 54
27 62
27 73
27 77
27 79
27 82
27 87
27 92
27 103
27 104
27 109
27 116
27 119
27 120
27 123
27 135
28 29
28 35
28 38
28 41
28 42
28 47
28 54
28 68
28 74
28 75
28 86
28 89
28 92
28 93
28 97
28 111
28 112
28 121
28 126
28 132
28 135
29 30
29 40
29 42
29 44
29 66
29 71
29 74
29 87
29 89
29 92
29 93
29 95
29 101
29 102
29 103
29 106
29 109
29 113
29 119
29 122
29 123
29 124
29 128
29 131
30 31
30 33
30 38
30 45
30 50
30 52
30 54
30 57
30 59
30 62
30 65
30 68
30 70
30 72
30 75
30 80
30 85
30 88
30 89
30 94
30 100
30 106
30 108
30 110
30 115
30 117
30 118
30 135
31 41
31 54
31 68
31 72
31 79
31 80
31 82
31 103
31 108
31 109
31 113
31 119
32 37
32 38
32 39
32 47
32 49
32 54
32 59
32 60
32 61
32 72
32 76
32 86
32 95
32 99
32 102
32 103
32 107
32 116
32 120
32 131
32 135
33 47
33 53
33 55
33 84
33 88
33 92
33 96
33 97
33 98
33 106
33 112
33 113
33 114
33 117
33 118
33 129
33 131
33 135
34 37
34 44
34 45
34 50
34 53
34 54
34 61
34 66
34 70
34 77
34 83
34 87
34 98
34 99
34 105
34 111
34 118
34 119
34 127
35 36
35 39
35 52
35 55
35 61
35 63
35 65
35 72
35 75
35 79
35 82
35 83
35 89
35 104
35 106
35 116
35 124
35 127
36 48
36 61
36 63
36 64
36 71
36 80
36 82
36 84
36 86
36 88
36 89
36 90
36 92
36 95
36 96
36 100
36 108
36 111
36 112
36 116
36 118
36 121
36 124
36 127
36 128
36 135
37 41
37 44
37 45
37 48
37 50
37 51
37 52
37 63
37 68
37 74
37 75
37 86
37 89
37 98
37 102
37 103
37 119
37 126
38 41
38 43
38 44
38 46
38 48
38 50
38 52
38 57
38 59
38 61
38 72
38 75
38 79
38 85
38 89
38 104
38 105
38 106
38 108
38 111
38 113
38 119
38 129
38 131
39 41
39 51
39 52
39 53
39 58
39 74
39 78
39 79
39 81
39 82
39 92
39 94
39 96
39 101
39 103
39 122
39 132
39 135
40 48
40 52
40 63
40 76
40 83
40 86
40 91
40 92
40 94
40 102
40 105
40 110
40 117
40 122
40 124
41 62
41 69
41 77
41 79
41 85
41 91
41 104
41 109
41 122
41 123
41 124
41 129
41 135
42 43
42 45
42 47
42 52
42 68
42 70
42 71
42 73
42 74
42 77
42 82
42 83
42 86
42 87
42 96
42 99
42 106
42 107
42 118
42 119
42 134
43 45
43 54
43 61
43 64
43 66
43 67
43 68
43 71
43 88
43 94
43 95
43 110
43 111
43 112
43 113
43 114
43 115
43 125
43 128
43 132
44 45
44 53
44 62
44 70
44 71
44 75
44 78
44 79
44 86
44 98
44 106
44 107
44 113
44 130
44 132
44 133
44 134
45 49
45 51
45 56
45 65
45 79
45 90
45 93
45 117
45 120
45 126
45 129
46 48
46 50
46 51
46 53
46 57
46 60
46 66
46 75
46 88
46 95
46 100
46 101
46 106
46 108
46 109
46 110
46 120
46 127
47 55
47 56
47 57
47 62
47 64
47 67
47 68
47 70
47 73
47 74
47 77
47 82
47 85
47 86
47 92
47 109
47 112
47 117
47 118
47 121
47 123
47 126
47 130
47 133
48 49
48 59
48 61
48 62
48 63
48 64
48 70
48 74
48 76
48 77
48 80
48 82
48 86
48 88
48 94
48 97
48 98
48 103
48 109
48 118
48 120
48 123
49 76
49 86
49 90
49 96
49 100
49 105
49 106
49 112
49 116
49 125
49 134
50 55
50 63
50 64
50 67
50 69
50 75
50 76
50 82
50 96
50 100
50 122
50 127
50 132
51 61
51 68
51 73
51 74
51 81
51 84
51 94
51 96
51 102
51 103
51 107
51 127
51 131
52 58
52 59
52 69
52 70
52 77
52 78
52 83
52 88
52 92
52 97
52 99
52 104
52 105
52 112
52 119
52 122
52 123
52 127
53 64
53 70
53 74
53 81
53 84
53 91
53 94
53 96
53 101
53 107
53 109
53 120
54 58
54 59
54 63
54 71
54 77
54 84
54 86
54 91
54 96
54 97
54 99
54 106
54 107
54 108
54 116
54 120
54 128
55 60
55 70
55 79
55 83
55 86
55 93
55 98
55 101
55 105
55 107
55 113
55 116
55 121
55 124
55 125
55 126
55 128
55 130
55 131
56 59
56 66
56 70
56 71
56 86
56 89
56 93
56 95
56 99
56 102
56 110
56 123
56 124
57 65
57 66
57 69
57 77
57 80
57 93
57 95
57 98
57 104
57 110
57 111
57 118
57 119
57 120
57 122
57 124
58 65
58 67
58 73
58 82
58 92
58 94
58 95
58 114
58 118
59 61
59 65
59 69
59 70
59 71
59 84
59 98
59 117
59 121
59 129
59 131
60 62
60 66
60 68
60 70
60 71
60 79
60 85
60 90
60 92
60 100
60 102
60 111
60 120
60 122
60 125
60 128
60 134
61 67
61 71
61 72
61 83
61 86
61 90
61 91
61 92
61 101
61 103
61 104
61 114
61 127
61 128
61 133
61 134
62 65
62 76
62 77
62 80
62 84
62 85
62 89
62 94
62 95
62 96
62 109
62 111
62 126
62 129
62 133
63 69
63 73
63 74
63 76
63 82
63 88
63 90
63 100
63 101
63 104
63 105
63 107
63 109
63 110
63 111
63 124
63 128
63 131
63 134
64 65
64 66
64 68
64 73
64 77
64 79
64 80
64 83
64 86
64 91
64 93
64 98
64 102
64 103
64 105
64 107
64 112
64 116
64 128
64 131
64 134
65 70
65 76
65 77
65 79
65 80
65 81
65 82
65 85
65 91
65 100
65 101
65 111
65 113
65 131
65 132
66 70
66 75
66 80
66 81
66 91
66 101
66 103
66 113
66 117
66 124
66 125
67 71
67 76
67 78
67 92
67 98
67 109
67 120
67 135
68 73
68 81
68 84
68 88
68 96
68 98
68 100
68 116
68 119
68 123
69 71
69 74
69 79
69 86
69 88
69 89
69 100
69 104
69 111
69 112
69 114
69 116
69 121
69 129
69 130
69 134
70 84
70 92
70 100
70 101
70 105
70 106
70 116
70 130
71 72
71 76
71 79
71 85
71 86
71 87
71 91
71 96
71 99
71 103
71 106
71 115
71 121
71 128
71 129
72 80
72 87
72 94
72 105
72 106
72 115
72 118
72 129
72 132
73 75
73 82
73 84
73 85
73 88
73 89
73 90
73 93
73 98
73 103
73 104
73 106
73 107
73 111
73 113
73 119
74 85
74 87
74 88
74 94
74 100
74 103
74 104
74 109
74 117
74 118
74 128
74 135
75 81
75 84
75 86
75 89
75 90
75 94
75 102
75 113
75 118
75 127
75 128
76 83
76 87
76 89
76 90
76 91
76 95
76 103
76 104
76 109
76 112
76 114
76 116
76 117
76 118
76 125
76 126
76 129
77 79
77 87
77 94
77 99
77 108
77 110
77 111
77 114
77 118
77 121
77 132
77 134
78 80
78 84
78 89
78 90
78 95
78 100
78 111
78 118
78 125
78 127
78 130
78 131
79 91
79 101
79 113
79 115
79 118
79 120
79 121
79 122
79 125
79 132
80 83
80 86
80 87
80 91
80 95
80 112
80 116
80 117
80 120
80 125
81 83
81 85
81 89
81 99
81 104
81 105
81 114
81 125
81 130
82 91
82 92
82 99
82 105
82 106
82 132
83 85
83 90
83 98
83 100
83 106
83 109
83 111
83 118
83 121
83 122
83 127
83 129
84 88
84 91
84 96
84 111
84 114
84 119
84 129
84 131
84 132
84 134
85 92
85 94
85 97
85 99
85 106
85 116
85 117
86 87
86 98
86 99
86 107
86 110
86 114
86 118
86 122
86 125
86 132
86 133
87 91
87 95
87 97
87 99
87 107
87 110
87 116
87 119
87 124
87 127
88 94
88 100
88 106
88 108
88 112
88 133
88 134
89 90
89 93
89 98
89 100
89 105
89 107
89 111
89 112
89 113
89 116
89 117
89 121
89 134
90 101
90 113
90 117
90 121
90 122
90 125
90 128
90 129
90 131
90 133
91 94
91 96
91 106
91 127
91 129
91 133
92 97
92 106
92 110
92 111
92 121
92 127
92 132
92 134
93 95
93 99
93 100
93 101
93 110
93 113
93 119
93 127
94 104
94 118
94 123
94 124
95 107
95 117
95 132
96 100
96 102
96 103
96 106
96 108
96 125
96 126
96 130
96 132
96 133
97 98
97 99
97 113
97 115
97 120
97 129
97 133
97 134
98 101
98 105
98 106
98 108
98 113
98 122
98 124
98 131
98 132
99 103
99 108
99 119
99 132
99 134
99 135
100 104
100 105
100 106
100 107
100 111
100 115
100 118
100 120
100 122
100 127
100 128
100 130
100 135
101 110
101 119
101 123
101 125
101 128
101 134
101 135
102 110
102 119
102 123
102 130
103 109
103 117
103 118
103 121
103 123
103 127
104 108
104 118
104 124
104 125
104 127
104 128
104 131
104 132
105 106
105 110
105 123
105 133
105 134
105 135
106 113
106 114
106 121
106 122
106 127
106 131
107 117
107 122
107 130
107 131
108 111
108 113
108 117
108 118
108 121
108 123
108 127
108 131
108 133
109 115
109 126
109 128
109 130
109 131
110 115
110 119
110 122
111 125
111 131
111 132
111 135
112 115
112 117
112 120
112 134
113 114
113 115
113 124
113 126
113 131
113 134
113 135
114 116
114 120
114 126
114 135
115 119
115 129
115 132
115 135
116 125
117 124
117 128
117 130
118 120
118 121
118 122
119 120
119 121
119 132
122 131
122 133
123 127
123 128
123 130
123 132
123 134
124 133
125 126
125 135
126 129
127 129
127 132
129 135
131 133
131 135
133 134
134 135
