180 3489
1 2
1 3
1 4
1 5
1 6
1 7
1 8
1 9
1 10
1 11
1 12
1 13
1 14
1 15
1 16
1 18
1 22
1 24
1 27
1 31
1 39
1 42
1 44
1 46
1 50
1 51
1 54
1 56
1 57
1 62
1 66
1 73
1 75
1 76
1 78
1 79
1 81
1 82
1 97
1 98
1 105
1 106
1 107
1 109
1 116
1 118
1 122
1 123
1 138
1 139
1 148
1 154
1 160
1 162
1 163
1 164
1 168
1 177
2 3
2 4
2 5
2 6
2 7
2 8
2 9
2 10
2 11
2 12
2 13
2 14
2 15
2 16
2 17
2 18
2 25
2 27
2 29
2 31
2 33
2 38
2 39
2 42
2 49
2 50
2 57
2 58
2 63
2 69
2 71
2 74
2 80
2 82
2 83
2 92
2 94
2 101
2 117
2 123
2 124
2 126
2 127
2 129
2 136
2 143
2 148
2 149
2 158
2 160
2 180
3 4
3 5
3 6
3 7
3 8
3 9
3 10
3 11
3 12
3 13
3 14
3 15
3 16
3 19
3 27
3 58
3 60
3 62
3 65
3 70
3 71
3 76
3 79
3 82
3 83
3 90
3 98
3 105
3 106
3 107
3 108
3 110
3 113
3 114
3 122
3 123
3 124
3 127
3 132
3 137
3 152
3 156
3 157
3 161
3 168
3 169
3 170
4 5
4 6
4 7
4 8
4 9
4 10
4 11
4 12
4 13
4 14
4 15
4 16
4 18
4 19
4 21
4 23
4 25
4 28
4 35
4 37
4 39
4 48
4 49
4 57
4 61
4 64
4 69
4 89
4 90
4 91
4 101
4 103
4 115
4 121
4 123
4 125
4 135
4 136
4 137
4 139
4 146
4 150
4 155
4 157
4 163
4 166
4 169
4 173
4 176
4 177
5 6
5 7
5 8
5 9
5 10
5 11
5 12
5 13
5 14
5 15
5 16
5 20
5 21
5 22
5 23
5 25
5 29
5 34
5 36
5 43
5 49
5 53
5 55
5 56
5 61
5 69
5 75
5 77
5 83
5 86
5 88
5 95
5 104
5 106
5 113
5 128
5 136
5 138
5 139
5 140
5 143
5 147
5 148
5 150
5 151
5 168
5 176
6 7
6 8
6 9
6 10
6 11
6 12
6 13
6 14
6 15
6 16
6 19
6 27
6 31
6 34
6 40
6 41
6 43
6 44
6 48
6 52
6 58
6 64
6 68
6 70
6 73
6 74
6 79
6 86
6 95
6 99
6 101
6 102
6 103
6 106
6 114
6 116
6 117
6 120
6 123
6 124
6 126
6 128
6 132
6 133
6 136
6 137
6 143
6 144
6 147
6 155
6 163
6 166
7 8
7 9
7 10
7 11
7 12
7 13
7 14
7 15
7 16
7 25
7 30
7 33
7 38
7 50
7 56
7 57
7 65
7 66
7 68
7 69
7 80
7 81
7 101
7 104
7 108
7 111
7 123
7 125
7 126
7 134
7 137
7 141
7 142
7 145
7 147
7 148
7 149
7 155
7 158
7 160
7 163
7 171
7 174
7 177
7 180
8 9
8 10
8 11
8 12
8 13
8 14
8 15
8 16
8 17
8 22
8 36
8 38
8 39
8 40
8 57
8 62
8 67
8 79
8 81
8 82
8 84
8 93
8 106
8 113
8 115
8 119
8 121
8 122
8 126
8 142
8 147
8 151
8 162
8 165
8 173
8 179
9 10
9 11
9 12
9 13
9 14
9 15
9 16
9 18
9 20
9 36
9 49
9 50
9 58
9 61
9 63
9 68
9 71
9 74
9 75
9 93
9 107
9 111
9 113
9 125
9 131
9 133
9 137
9 147
9 156
9 161
9 170
9 179
10 11
10 12
10 13
10 14
10 15
10 16
10 17
10 21
10 22
10 25
10 38
10 45
10 51
10 59
10 62
10 66
10 67
10 71
10 73
10 78
10 79
10 93
10 96
10 101
10 102
10 109
10 124
10 127
10 141
10 151
10 152
10 153
10 164
10 168
11 12
11 13
11 14
11 15
11 16
11 17
11 21
11 25
11 27
11 29
11 33
11 37
11 43
11 48
11 50
11 52
11 63
11 65
11 67
11 70
11 71
11 85
11 117
11 119
11 124
11 146
11 147
11 150
11 165
11 167
11 172
11 178
12 13
12 14
12 15
12 16
12 17
12 20
12 26
12 31
12 42
12 44
12 50
12 56
12 59
12 61
12 67
12 71
12 72
12 76
12 83
12 84
12 86
12 88
12 91
12 96
12 100
12 123
12 125
12 126
12 127
12 132
12 134
12 135
12 143
12 149
12 151
12 156
12 158
12 160
12 177
12 178
13 14
13 15
13 16
13 23
13 24
13 30
13 32
13 47
13 48
13 51
13 52
13 55
13 57
13 63
13 76
13 78
13 91
13 97
13 99
13 117
13 118
13 130
13 140
13 163
13 166
14 15
14 16
14 17
14 19
14 24
14 27
14 29
14 30
14 32
14 33
14 42
14 50
14 57
14 65
14 71
14 72
14 92
14 101
14 104
14 106
14 111
14 112
14 113
14 125
14 129
14 140
14 149
14 157
14 164
14 174
15 16
15 19
15 23
15 24
15 26
15 30
15 35
15 41
15 51
15 62
15 73
15 81
15 84
15 88
15 90
15 91
15 92
15 98
15 99
15 104
15 112
15 114
15 132
15 134
15 136
15 139
15 148
15 153
15 154
15 163
15 176
15 177
15 179
16 17
16 18
16 23
16 24
16 25
16 26
16 38
16 48
16 55
16 60
16 61
16 63
16 64
16 68
16 71
16 72
16 73
16 75
16 80
16 81
16 83
16 94
16 97
16 99
16 109
16 110
16 116
16 117
16 120
16 147
16 148
16 156
16 159
16 164
16 165
16 167
16 169
16 170
16 172
17 18
17 19
17 20
17 21
17 22
17 23
17 24
17 25
17 26
17 27
17 28
17 29
17 30
17 31
17 32
17 33
17 34
17 35
17 36
17 37
17 38
17 41
17 42
17 45
17 46
17 48
17 50
17 51
17 66
17 68
17 71
17 74
17 76
17 89
17 97
17 98
17 100
17 105
17 107
17 110
17 113
17 116
17 118
17 122
17 130
17 134
17 136
17 137
17 139
17 154
17 155
17 156
17 157
18 19
18 20
18 21
18 22
18 23
18 24
18 25
18 26
18 27
18 28
18 29
18 30
18 31
18 32
18 33
18 34
18 35
18 36
18 48
18 58
18 60
18 61
18 63
18 86
18 88
18 101
18 102
18 106
18 113
18 119
18 122
18 126
18 142
18 148
18 155
18 158
18 175
18 177
19 20
19 21
19 22
19 23
19 24
19 25
19 26
19 27
19 28
19 29
19 30
19 31
19 32
19 33
19 34
19 35
19 36
19 43
19 45
19 51
19 59
19 64
19 70
19 71
19 73
19 75
19 83
19 84
19 89
19 99
19 111
19 112
19 114
19 116
19 119
19 138
19 143
19 144
19 153
19 157
19 160
19 161
19 162
19 166
19 168
19 170
19 173
19 177
19 178
20 21
20 22
20 23
20 24
20 25
20 26
20 27
20 28
20 29
20 30
20 31
20 32
20 33
20 34
20 35
20 36
20 47
20 61
20 62
20 63
20 69
20 87
20 88
20 93
20 99
20 103
20 105
20 108
20 118
20 128
20 131
20 137
20 140
20 145
20 153
20 156
20 160
20 173
20 178
21 22
21 23
21 24
21 25
21 26
21 27
21 28
21 29
21 30
21 31
21 32
21 33
21 34
21 35
21 36
21 38
21 41
21 45
21 46
21 49
21 50
21 51
21 57
21 59
21 73
21 76
21 79
21 81
21 94
21 101
21 102
21 105
21 111
21 117
21 132
21 135
21 139
21 150
21 152
21 155
21 158
21 159
21 160
21 162
21 171
21 173
21 176
22 23
22 24
22 25
22 26
22 27
22 28
22 29
22 30
22 31
22 32
22 33
22 34
22 35
22 36
22 40
22 42
22 44
22 45
22 52
22 54
22 63
22 66
22 77
22 88
22 100
22 101
22 113
22 114
22 123
22 137
22 142
22 150
22 161
22 163
22 164
22 169
22 171
22 172
22 173
22 180
23 24
23 25
23 26
23 27
23 28
23 29
23 30
23 31
23 32
23 33
23 34
23 35
23 36
23 41
23 47
23 62
23 72
23 74
23 76
23 77
23 78
23 84
23 88
23 89
23 101
23 103
23 104
23 106
23 112
23 113
23 114
23 116
23 122
23 123
23 126
23 128
23 143
23 165
23 166
23 170
23 179
24 25
24 26
24 27
24 28
24 29
24 30
24 31
24 32
24 33
24 34
24 35
24 36
24 40
24 41
24 47
24 48
24 54
24 55
24 60
24 67
24 78
24 91
24 92
24 94
24 100
24 104
24 115
24 121
24 125
24 132
24 139
24 154
24 156
24 158
24 160
24 166
24 170
24 171
24 175
24 180
25 26
25 27
25 28
25 29
25 30
25 31
25 32
25 33
25 34
25 35
25 36
25 37
25 49
25 59
25 62
25 63
25 74
25 75
25 77
25 102
25 103
25 111
25 123
25 125
25 135
25 136
25 138
25 141
25 143
25 148
25 156
25 163
25 165
25 167
25 176
26 27
26 28
26 29
26 30
26 31
26 32
26 33
26 34
26 35
26 36
26 37
26 44
26 49
26 52
26 62
26 65
26 69
26 70
26 74
26 79
26 82
26 83
26 84
26 92
26 95
26 98
26 99
26 100
26 103
26 105
26 108
26 110
26 112
26 115
26 127
26 137
26 139
26 144
26 153
26 157
26 160
26 162
26 169
26 171
27 28
27 29
27 30
27 31
27 32
27 33
27 34
27 35
27 36
27 41
27 43
27 45
27 47
27 48
27 56
27 57
27 64
27 73
27 82
27 93
27 94
27 98
27 102
27 106
27 107
27 108
27 111
27 128
27 135
27 139
27 164
27 170
27 176
28 29
28 30
28 31
28 32
28 33
28 34
28 35
28 36
28 39
28 47
28 48
28 49
28 56
28 67
28 76
28 82
28 85
28 86
28 90
28 93
28 94
28 100
28 101
28 111
28 120
28 121
28 123
28 139
28 141
28 150
28 154
28 155
28 167
28 171
28 172
28 174
28 176
28 177
29 30
29 31
29 32
29 33
29 34
29 35
29 36
29 42
29 47
29 57
29 76
29 81
29 86
29 91
29 92
29 99
29 101
29 109
29 120
29 141
29 146
29 148
29 162
29 173
30 31
30 32
30 33
30 34
30 35
30 36
30 38
30 42
30 46
30 48
30 49
30 59
30 60
30 61
30 83
30 95
30 100
30 103
30 112
30 113
30 116
30 126
30 132
30 133
30 140
30 144
30 145
30 149
30 160
30 169
30 170
30 171
30 176
30 177
31 32
31 33
31 34
31 35
31 36
31 38
31 39
31 43
31 46
31 49
31 50
31 51
31 52
31 64
31 66
31 67
31 71
31 77
31 84
31 86
31 88
31 90
31 91
31 92
31 93
31 102
31 104
31 110
31 111
31 117
31 124
31 125
31 126
31 127
31 132
31 136
31 137
31 138
31 139
31 143
31 150
31 157
31 160
31 165
31 168
31 171
31 172
32 33
32 34
32 35
32 36
32 37
32 39
32 42
32 45
32 47
32 52
32 55
32 56
32 57
32 60
32 65
32 79
32 81
32 82
32 89
32 93
32 97
32 103
32 113
32 116
32 123
32 133
32 144
32 148
32 154
32 155
32 160
32 161
32 171
33 34
33 35
33 36
33 37
33 39
33 46
33 66
33 67
33 68
33 69
33 73
33 74
33 78
33 79
33 83
33 86
33 91
33 92
33 95
33 99
33 104
33 107
33 110
33 115
33 116
33 129
33 136
33 151
33 152
33 156
33 164
33 167
33 168
33 172
33 176
33 178
33 180
34 35
34 36
34 37
34 40
34 42
34 45
34 47
34 54
34 66
34 72
34 80
34 81
34 85
34 87
34 100
34 101
34 110
34 118
34 119
34 132
34 133
34 136
34 137
34 141
34 143
34 145
34 148
34 154
34 166
34 167
34 170
34 173
35 36
35 38
35 43
35 47
35 50
35 71
35 74
35 79
35 89
35 92
35 94
35 104
35 112
35 114
35 117
35 122
35 130
35 147
35 174
35 177
35 178
36 37
36 38
36 42
36 44
36 45
36 53
36 55
36 56
36 59
36 61
36 62
36 63
36 68
36 80
36 82
36 87
36 98
36 104
36 108
36 110
36 120
36 126
36 132
36 133
36 134
36 135
36 137
36 140
36 150
36 151
36 152
36 159
36 161
36 163
36 166
37 47
37 49
37 61
37 64
37 66
37 67
37 77
37 81
37 82
37 84
37 91
37 105
37 109
37 110
37 116
37 119
37 125
37 134
37 136
37 138
37 143
37 144
37 145
37 154
37 156
37 159
37 163
37 164
37 165
37 166
37 167
37 172
37 176
37 177
37 178
37 179
38 43
38 48
38 49
38 65
38 66
38 80
38 81
38 88
38 96
38 99
38 102
38 115
38 117
38 120
38 121
38 123
38 127
38 128
38 131
38 133
38 140
38 141
38 143
38 146
38 153
38 156
38 157
38 168
38 173
38 176
38 177
38 178
38 179
38 180
39 40
39 41
39 47
39 58
39 59
39 60
39 65
39 68
39 74
39 82
39 84
39 87
39 92
39 99
39 106
39 107
39 109
39 119
39 122
39 124
39 125
39 134
39 138
39 143
39 149
39 150
39 152
39 154
39 155
39 157
39 158
39 159
39 162
39 172
39 175
40 51
40 57
40 69
40 87
40 88
40 93
40 97
40 107
40 113
40 114
40 116
40 125
40 131
40 148
40 150
40 151
40 153
40 155
40 160
40 162
40 169
40 170
40 174
40 175
40 178
41 44
41 46
41 47
41 58
41 62
41 64
41 65
41 68
41 69
41 94
41 95
41 100
41 101
41 103
41 104
41 106
41 112
41 113
41 130
41 141
41 143
41 145
41 146
41 163
41 164
41 167
41 171
41 175
41 179
42 48
42 53
42 67
42 68
42 74
42 75
42 81
42 87
42 96
42 106
42 113
42 117
42 118
42 119
42 130
42 138
42 139
42 153
42 158
42 159
42 173
42 175
43 61
43 66
43 67
43 69
43 77
43 80
43 85
43 86
43 98
43 100
43 102
43 108
43 111
43 115
43 125
43 136
43 140
43 156
43 165
43 167
43 173
43 179
43 180
44 48
44 51
44 54
44 57
44 63
44 72
44 83
44 86
44 93
44 99
44 105
44 127
44 129
44 131
44 134
44 137
44 150
44 169
44 174
45 46
45 49
45 51
45 53
45 60
45 63
45 67
45 68
45 72
45 78
45 80
45 83
45 85
45 92
45 93
45 95
45 99
45 102
45 111
45 119
45 120
45 128
45 129
45 131
45 140
45 149
45 150
45 168
45 173
45 175
45 178
46 53
46 60
46 61
46 65
46 70
46 85
46 93
46 94
46 96
46 102
46 107
46 112
46 119
46 127
46 146
46 147
46 162
46 168
46 169
46 174
46 177
47 48
47 50
47 60
47 63
47 69
47 74
47 75
47 80
47 85
47 87
47 92
47 98
47 100
47 102
47 108
47 119
47 121
47 127
47 129
47 137
47 147
47 150
47 154
47 156
47 160
47 173
47 180
48 49
48 56
48 58
48 64
48 65
48 66
48 75
48 76
48 78
48 92
48 93
48 106
48 112
48 117
48 127
48 129
48 131
48 137
48 140
48 144
48 145
48 147
48 148
48 149
48 153
48 162
48 164
48 168
48 172
48 179
49 56
49 68
49 69
49 71
49 73
49 75
49 84
49 107
49 112
49 117
49 118
49 119
49 122
49 124
49 127
49 128
49 130
49 133
49 138
49 147
49 153
49 155
49 159
49 160
49 163
49 171
49 173
49 176
50 63
50 65
50 66
50 76
50 88
50 92
50 102
50 108
50 109
50 110
50 119
50 121
50 122
50 131
50 145
50 151
50 156
50 158
50 180
51 58
51 66
51 69
51 84
51 85
51 88
51 91
51 99
51 100
51 102
51 107
51 109
51 121
51 124
51 127
51 131
51 141
51 144
51 146
51 147
51 149
51 154
51 158
51 159
51 161
51 171
51 172
51 178
52 55
52 59
52 61
52 64
52 65
52 80
52 83
52 85
52 86
52 88
52 99
52 101
52 106
52 114
52 123
52 125
52 126
52 139
52 140
52 142
52 146
52 147
52 150
52 153
52 155
52 157
52 159
52 162
52 167
52 168
52 171
52 174
53 60
53 63
53 65
53 68
53 70
53 77
53 87
53 96
53 97
53 101
53 106
53 108
53 115
53 117
53 124
53 131
53 135
53 140
53 152
53 159
53 161
53 166
53 168
53 169
53 170
53 179
54 57
54 58
54 60
54 63
54 73
54 75
54 87
54 91
54 94
54 98
54 99
54 105
54 107
54 110
54 113
54 118
54 129
54 130
54 132
54 134
54 136
54 138
54 141
54 142
54 154
54 161
54 165
54 167
54 172
54 173
54 176
55 61
55 64
55 80
55 81
55 82
55 83
55 91
55 97
55 99
55 115
55 122
55 123
55 133
55 138
55 141
55 144
55 148
55 152
55 155
55 158
55 159
55 170
55 172
55 174
56 57
56 58
56 60
56 62
56 63
56 68
56 74
56 75
56 78
56 80
56 83
56 88
56 89
56 92
56 105
56 107
56 108
56 111
56 125
56 129
56 131
56 134
56 143
56 146
56 147
56 149
56 164
56 166
56 169
57 59
57 61
57 62
57 63
57 67
57 68
57 69
57 84
57 85
57 96
57 100
57 109
57 110
57 113
57 114
57 115
57 131
57 133
57 134
57 138
57 141
57 148
57 149
57 159
57 160
57 175
57 176
57 178
58 59
58 60
58 64
58 66
58 70
58 72
58 76
58 78
58 84
58 94
58 95
58 97
58 102
58 108
58 111
58 112
58 113
58 117
58 120
58 131
58 133
58 134
58 152
58 153
58 159
58 161
58 164
58 166
59 64
59 65
59 70
59 79
59 80
59 82
59 85
59 86
59 89
59 100
59 108
59 114
59 115
59 117
59 118
59 122
59 123
59 124
59 130
59 164
59 170
59 171
59 173
59 180
60 62
60 66
60 72
60 84
60 87
60 90
60 95
60 96
60 101
60 102
60 104
60 109
60 110
60 131
60 143
60 144
60 146
60 158
60 163
60 166
60 170
60 178
61 62
61 71
61 76
61 78
61 88
61 91
61 93
61 103
61 104
61 105
61 107
61 109
61 122
61 125
61 130
61 134
61 135
61 136
61 149
61 150
61 156
61 159
61 164
61 165
61 166
61 167
61 168
61 169
61 172
61 173
61 180
62 70
62 78
62 92
62 98
62 101
62 104
62 105
62 108
62 110
62 118
62 119
62 125
62 129
62 140
62 145
62 150
62 151
62 156
62 160
62 163
62 167
62 170
62 171
62 175
63 69
63 75
63 80
63 91
63 105
63 109
63 114
63 117
63 119
63 120
63 121
63 123
63 126
63 133
63 140
63 144
63 146
63 147
63 148
63 155
63 160
63 161
63 163
64 71
64 72
64 74
64 75
64 77
64 79
64 82
64 83
64 89
64 92
64 100
64 101
64 103
64 104
64 105
64 108
64 114
64 115
64 116
64 131
64 135
64 142
64 143
64 145
64 157
64 163
64 165
64 170
64 172
64 173
64 178
65 67
65 70
65 77
65 79
65 90
65 94
65 96
65 97
65 105
65 107
65 109
65 118
65 120
65 122
65 124
65 128
65 129
65 145
65 150
65 160
65 161
65 163
65 167
65 169
65 176
66 67
66 68
66 71
66 72
66 74
66 82
66 87
66 89
66 91
66 104
66 113
66 122
66 128
66 129
66 130
66 135
66 140
66 152
66 154
66 159
66 164
66 166
66 168
66 170
66 177
66 180
67 71
67 79
67 82
67 88
67 92
67 93
67 95
67 103
67 105
67 107
67 117
67 120
67 123
67 129
67 131
67 132
67 134
67 140
67 153
67 157
67 161
67 163
67 166
67 172
67 176
68 72
68 73
68 76
68 86
68 92
68 93
68 97
68 101
68 107
68 124
68 130
68 137
68 140
68 143
68 144
68 146
68 147
68 150
68 152
68 158
68 163
68 165
68 175
69 71
69 79
69 80
69 81
69 82
69 83
69 85
69 93
69 98
69 100
69 103
69 109
69 110
69 113
69 119
69 121
69 129
69 131
69 132
69 133
69 145
69 147
69 151
69 153
69 156
69 158
69 159
69 160
69 161
69 166
69 169
69 171
70 72
70 80
70 91
70 92
70 95
70 110
70 112
70 116
70 119
70 123
70 124
70 132
70 136
70 143
70 149
70 161
70 166
70 170
70 175
71 73
71 75
71 77
71 78
71 80
71 81
71 88
71 103
71 109
71 112
71 116
71 122
71 132
71 137
71 142
71 143
71 149
71 161
71 164
71 168
71 177
71 178
71 180
72 78
72 92
72 94
72 96
72 99
72 107
72 112
72 117
72 119
72 124
72 125
72 128
72 131
72 133
72 135
72 147
72 150
72 151
72 153
72 155
72 158
72 167
72 175
72 176
72 178
73 74
73 75
73 90
73 105
73 108
73 113
73 114
73 118
73 130
73 131
73 140
73 142
73 145
73 146
73 149
73 150
73 152
73 153
73 156
73 161
73 166
73 172
73 176
73 177
73 178
74 113
74 120
74 130
74 131
74 147
74 149
74 154
74 156
74 158
74 159
74 161
74 162
74 167
74 176
74 178
75 85
75 86
75 91
75 93
75 94
75 95
75 97
75 103
75 119
75 123
75 129
75 132
75 139
75 140
75 142
75 144
75 146
75 149
75 152
75 157
75 162
75 168
75 170
75 174
75 180
76 94
76 97
76 101
76 103
76 105
76 120
76 123
76 124
76 126
76 132
76 135
76 140
76 142
76 148
76 164
76 174
77 92
77 99
77 102
77 109
77 112
77 117
77 123
77 124
77 125
77 128
77 139
77 140
77 146
77 147
77 149
77 152
77 154
77 156
77 161
77 162
77 163
77 164
77 167
77 169
77 171
77 178
78 82
78 84
78 85
78 86
78 87
78 89
78 91
78 98
78 99
78 101
78 110
78 113
78 116
78 123
78 124
78 130
78 133
78 139
78 141
78 146
78 164
79 101
79 106
79 107
79 113
79 114
79 120
79 121
79 127
79 136
79 141
79 155
79 160
79 161
79 163
79 164
79 173
79 175
79 179
80 82
80 94
80 95
80 113
80 119
80 120
80 129
80 130
80 135
80 138
80 142
80 145
80 152
80 163
80 167
80 172
80 173
80 178
80 179
81 89
81 96
81 97
81 103
81 104
81 108
81 110
81 111
81 114
81 124
81 125
81 127
81 135
81 143
81 156
81 162
81 165
81 171
81 174
82 83
82 90
82 110
82 112
82 117
82 119
82 120
82 121
82 123
82 132
82 141
82 142
82 144
82 146
82 156
82 167
82 173
82 175
82 177
83 90
83 95
83 102
83 104
83 111
83 119
83 124
83 125
83 126
83 128
83 133
83 135
83 137
83 143
83 146
83 148
83 155
83 156
83 158
83 160
83 162
83 163
83 166
83 175
84 85
84 90
84 101
84 103
84 112
84 116
84 117
84 120
84 127
84 128
84 145
84 149
84 152
84 156
84 162
84 165
84 171
84 178
85 94
85 98
85 100
85 111
85 118
85 122
85 125
85 132
85 134
85 138
85 146
85 151
85 156
85 169
85 174
85 175
85 176
86 94
86 95
86 97
86 102
86 113
86 119
86 121
86 123
86 124
86 128
86 136
86 138
86 144
86 159
86 160
86 165
86 179
87 88
87 95
87 102
87 103
87 121
87 124
87 133
87 135
87 136
87 140
87 145
87 150
87 152
87 155
87 163
87 164
87 169
87 170
87 173
87 174
88 93
88 95
88 103
88 104
88 109
88 114
88 118
88 125
88 126
88 130
88 133
88 135
88 140
88 168
88 173
88 179
89 92
89 93
89 103
89 106
89 107
89 113
89 115
89 121
89 131
89 132
89 134
89 136
89 137
89 147
89 148
89 149
89 154
89 156
89 167
89 173
89 177
90 94
90 108
90 113
90 116
90 120
90 121
90 126
90 127
90 133
90 135
90 141
90 165
90 169
90 173
91 93
91 97
91 101
91 110
91 117
91 118
91 121
91 130
91 134
91 135
91 147
91 153
91 155
91 161
91 165
91 170
91 175
92 94
92 100
92 102
92 113
92 120
92 126
92 131
92 135
92 142
92 143
92 147
92 153
92 159
92 171
93 94
93 104
93 111
93 115
93 117
93 126
93 132
93 135
93 145
93 156
93 161
93 162
93 163
93 169
93 170
93 172
93 173
93 175
93 179
94 97
94 99
94 102
94 103
94 109
94 113
94 121
94 124
94 128
94 132
94 140
95 96
95 97
95 106
95 117
95 133
95 152
95 161
95 163
95 170
95 174
95 176
95 177
95 180
96 98
96 105
96 110
96 111
96 112
96 113
96 117
96 123
96 125
96 126
96 127
96 129
96 134
96 136
96 142
96 145
96 148
96 158
96 159
96 161
96 162
96 169
96 172
96 173
97 98
97 99
97 115
97 128
97 129
97 143
97 157
97 161
97 165
97 174
97 179
98 100
98 101
98 110
98 137
98 139
98 140
98 145
98 149
98 151
98 156
98 158
98 161
98 162
98 171
99 101
99 105
99 113
99 122
99 124
99 127
99 128
99 129
99 134
99 162
99 164
99 167
99 174
100 102
100 110
100 118
100 120
100 122
100 125
100 127
100 129
100 141
100 142
100 146
100 149
100 155
100 156
100 159
100 160
100 161
100 162
100 165
100 166
100 179
101 107
101 108
101 111
101 113
101 114
101 115
101 118
101 130
101 145
101 147
101 155
101 165
101 166
101 167
102 115
102 116
102 132
102 137
102 145
102 149
102 150
102 154
102 173
102 177
102 180
103 107
103 110
103 111
103 126
103 127
103 128
103 154
103 157
103 165
103 172
103 173
103 179
104 114
104 115
104 117
104 121
104 124
104 129
104 130
104 136
104 145
104 146
104 147
104 148
104 151
104 155
104 157
104 162
104 165
104 171
104 172
104 180
105 108
105 109
105 115
105 118
105 126
105 131
105 132
105 139
105 145
105 148
105 153
105 172
105 177
106 113
106 115
106 127
106 128
106 130
106 145
106 149
106 150
106 158
106 166
106 170
106 173
107 109
107 113
107 116
107 122
107 128
107 147
107 154
107 158
107 165
107 172
107 175
107 178
108 115
108 118
108 122
108 124
108 125
108 126
108 129
108 136
108 144
108 150
108 151
108 155
108 161
108 165
108 174
108 176
109 119
109 123
109 125
109 127
109 134
109 137
109 141
109 143
109 145
109 151
109 154
109 155
109 156
109 158
109 170
109 173
109 179
110 115
110 118
110 119
110 120
110 123
110 133
110 140
110 141
110 146
110 150
110 155
110 180
111 122
111 127
111 128
111 129
111 132
111 133
111 152
111 161
111 162
111 163
111 178
112 121
112 130
112 133
112 146
112 151
112 156
112 164
112 176
113 115
113 117
113 122
113 125
113 129
113 135
113 136
113 141
113 144
113 156
113 157
113 160
113 162
113 164
113 167
113 168
113 172
114 117
114 128
114 132
114 137
114 144
114 148
114 163
114 168
114 175
114 176
115 119
115 122
115 132
115 135
115 143
115 151
115 152
115 153
115 155
115 156
115 169
115 178
115 179
116 118
116 139
116 141
116 144
116 151
116 162
116 175
117 119
117 121
117 126
117 127
117 128
117 129
117 135
117 149
117 157
117 172
117 173
117 177
118 120
118 122
118 126
118 133
118 134
118 138
118 141
118 142
118 143
118 156
118 160
118 164
118 168
118 169
118 171
118 172
118 173
118 175
118 179
119 121
119 123
119 127
119 134
119 150
119 156
119 157
119 159
119 169
119 171
119 173
120 131
120 135
120 141
120 143
120 145
120 150
120 158
120 162
120 166
120 168
120 176
120 179
121 125
121 133
121 145
121 148
121 155
121 163
121 170
121 171
121 172
121 174
121 180
122 125
122 128
122 129
122 130
122 131
122 133
122 134
122 137
122 138
122 140
122 144
122 149
122 152
122 153
122 154
122 156
122 168
122 170
122 177
123 127
123 128
123 129
123 134
123 138
123 146
123 148
123 158
123 159
123 160
123 163
123 168
123 170
123 173
123 174
124 126
124 128
124 144
124 145
124 146
124 150
124 157
124 162
124 166
124 167
124 169
124 172
124 174
124 179
125 127
125 136
125 143
125 148
125 153
125 154
125 156
125 157
125 168
125 172
125 176
125 178
126 129
126 131
126 138
126 141
126 142
126 144
126 149
126 168
126 169
126 173
126 174
126 175
127 129
127 135
127 142
127 144
127 145
127 153
127 166
128 136
128 138
128 139
128 140
128 148
128 149
128 150
128 151
128 152
128 162
128 168
128 169
128 172
128 176
129 130
129 132
129 134
129 136
129 141
129 145
129 148
129 151
129 163
129 171
129 173
129 176
129 177
129 179
130 135
130 137
130 142
130 156
130 166
130 177
131 132
131 133
131 135
131 137
131 145
131 147
131 148
131 150
131 153
131 163
131 173
131 177
131 178
132 135
132 136
132 137
132 138
132 139
132 146
132 147
132 150
132 167
132 170
133 139
133 142
133 147
133 149
133 150
133 153
133 157
133 160
133 164
133 175
134 138
134 139
134 143
134 147
134 149
134 156
134 162
134 166
134 168
134 171
134 173
135 144
135 145
135 152
135 180
136 141
136 142
136 160
136 177
137 150
137 152
137 165
137 174
137 179
138 142
138 143
138 144
138 148
138 153
138 154
138 157
138 162
138 174
138 178
139 147
139 152
139 157
139 162
139 164
139 169
139 174
139 177
140 145
140 148
140 157
140 163
140 173
140 174
140 179
140 180
141 146
141 169
141 178
141 180
142 144
142 146
142 153
142 162
142 166
142 167
142 170
142 171
143 146
143 147
143 160
143 166
143 169
143 174
143 180
144 145
144 150
144 157
144 162
144 164
144 172
145 146
145 151
145 152
145 155
145 156
145 163
145 177
146 150
146 154
146 157
146 162
146 163
146 164
147 157
147 160
147 164
147 167
147 169
148 153
148 154
148 156
148 157
148 158
148 166
148 168
148 175
148 177
148 179
149 159
149 165
149 168
149 171
149 172
149 176
150 153
150 155
150 156
150 158
150 164
150 171
150 175
150 176
151 154
151 162
151 166
151 169
151 176
151 177
151 179
151 180
152 156
152 166
153 164
153 171
153 174
153 176
153 178
154 162
154 165
154 177
155 165
155 176
155 179
156 162
156 163
156 180
157 160
157 161
157 162
157 164
157 166
157 170
157 172
157 173
157 179
158 159
158 163
158 164
158 166
158 180
159 169
159 174
160 162
160 172
160 177
160 179
161 165
161 167
161 176
161 177
162 164
162 168
162 172
162 178
163 165
163 169
164 171
164 180
165 169
165 178
166 169
166 174
166 175
167 170
167 175
167 180
168 171
168 172
168 173
168 176
168 178
169 174
170 171
171 179
172 173
172 178
172 179
172 180
173 180
174 180
175 178
176 178
