60 374
1 2
1 6
1 15
1 16
1 17
1 24
1 28
1 33
1 34
1 35
1 36
1 39
1 41
1 42
2 10
2 16
2 21
2 26
2 27
2 32
2 34
2 36
2 43
2 45
2 48
2 50
2 53
2 56
2 58
3 4
3 5
3 7
3 10
3 12
3 13
3 19
3 20
3 21
3 28
3 30
3 35
3 37
3 40
3 45
3 46
3 55
3 58
3 59
3 60
4 5
4 6
4 7
4 8
4 9
4 10
4 11
4 22
4 27
4 32
4 35
4 39
4 42
4 56
5 6
5 7
5 8
5 9
5 10
5 11
5 12
5 15
5 16
5 18
5 22
5 24
5 31
5 36
5 41
5 44
5 47
5 49
5 55
6 7
6 8
6 9
6 10
6 11
6 12
6 17
6 22
6 28
6 33
6 36
6 54
6 58
7 8
7 9
7 10
7 11
7 20
7 31
7 36
7 37
7 58
8 9
8 10
8 11
8 24
8 31
8 35
8 36
8 40
8 41
8 47
8 52
8 57
8 59
9 10
9 11
9 17
9 31
9 32
9 36
9 41
9 54
9 56
10 11
10 15
10 16
10 18
10 19
10 21
10 26
10 28
10 33
10 36
10 39
10 46
10 49
10 52
10 54
10 55
10 57
11 13
11 16
11 31
11 33
11 34
11 35
11 38
11 44
11 51
11 52
11 60
12 15
12 19
12 31
12 35
12 38
12 45
12 46
12 56
12 57
12 60
13 32
13 34
13 47
13 48
13 49
13 53
13 57
14 20
14 29
14 35
14 37
14 39
14 41
14 47
14 49
14 50
14 52
15 30
15 36
15 38
15 47
15 51
15 52
15 53
15 54
15 55
15 57
15 60
16 24
16 28
16 29
16 33
16 35
16 39
16 42
16 44
16 60
17 28
17 31
17 39
17 54
18 24
18 29
18 31
18 46
18 57
19 22
19 27
19 32
19 48
19 49
20 22
20 27
20 39
20 50
20 57
21 25
21 26
21 27
21 29
21 31
21 33
21 35
21 57
22 24
22 26
22 30
22 38
22 40
22 46
22 47
23 31
23 45
23 46
23 48
23 51
23 58
23 60
24 26
24 29
24 30
24 45
24 47
24 48
24 49
24 59
25 26
25 29
25 47
25 49
25 60
26 29
26 31
26 33
26 34
26 35
26 36
26 39
26 43
26 44
26 45
26 53
27 29
27 33
27 36
27 44
27 49
28 37
28 40
28 44
28 54
28 60
29 32
29 42
29 48
29 50
30 32
30 35
30 36
30 43
30 50
30 58
31 32
31 42
31 51
31 55
31 56
31 58
31 59
32 35
32 42
32 51
32 57
33 37
33 38
33 43
33 56
34 37
34 39
34 41
34 45
34 46
34 49
34 51
34 56
34 57
34 58
34 60
35 37
35 40
35 42
35 45
35 48
35 52
35 59
36 40
36 53
36 55
36 56
36 58
37 40
37 43
37 44
37 49
37 57
37 59
38 46
38 57
39 45
39 51
39 53
39 57
40 47
40 50
40 51
40 54
40 57
40 59
40 60
41 42
41 46
41 50
41 54
42 44
42 46
42 47
42 49
42 53
42 57
42 60
43 48
43 56
43 57
44 50
44 58
45 50
46 55
46 56
47 51
48 50
48 52
48 53
48 57
49 58
50 53
51 52
52 53
53 57
53 60
56 57
