141 2133
1 2
1 3
1 4
1 5
1 6
1 7
1 8
1 9
1 10
1 11
1 12
1 13
1 14
1 15
1 16
1 17
1 18
1 19
1 20
1 40
1 47
1 58
1 59
1 61
1 64
1 65
1 66
1 69
1 74
1 77
1 84
1 95
1 110
1 112
1 118
1 119
1 121
1 122
1 129
1 130
1 134
1 141
2 3
2 4
2 5
2 6
2 7
2 8
2 9
2 10
2 11
2 12
2 13
2 14
2 15
2 16
2 17
2 18
2 19
2 20
2 23
2 26
2 27
2 29
2 33
2 40
2 44
2 46
2 49
2 51
2 53
2 57
2 61
2 70
2 79
2 80
2 81
2 83
2 84
2 87
2 113
2 117
2 123
2 128
2 136
2 137
2 138
2 141
3 4
3 5
3 6
3 7
3 8
3 9
3 10
3 11
3 12
3 13
3 14
3 15
3 16
3 17
3 18
3 19
3 20
3 32
3 35
3 38
3 45
3 52
3 67
3 83
3 91
3 95
3 101
3 102
3 105
3 109
3 111
3 130
4 5
4 6
4 7
4 8
4 9
4 10
4 11
4 12
4 13
4 14
4 15
4 16
4 17
4 18
4 19
4 20
4 21
4 22
4 24
4 27
4 31
4 38
4 41
4 43
4 44
4 46
4 66
4 70
4 71
4 74
4 80
4 89
4 97
4 100
4 102
4 109
4 114
4 125
4 126
4 136
4 140
5 6
5 7
5 8
5 9
5 10
5 11
5 12
5 13
5 14
5 15
5 16
5 17
5 18
5 19
5 20
5 27
5 58
5 62
5 77
5 81
5 87
5 88
5 91
5 99
5 101
5 103
5 109
5 119
5 120
6 7
6 8
6 9
6 10
6 11
6 12
6 13
6 14
6 15
6 16
6 17
6 18
6 19
6 20
6 38
6 41
6 47
6 55
6 61
6 64
6 65
6 73
6 77
6 78
6 82
6 89
6 92
6 108
6 109
6 126
6 138
7 8
7 9
7 10
7 11
7 12
7 13
7 14
7 15
7 16
7 17
7 18
7 19
7 20
7 26
7 27
7 31
7 34
7 43
7 44
7 53
7 57
7 58
7 61
7 63
7 79
7 80
7 94
7 96
7 99
7 101
7 106
7 110
7 113
7 125
8 9
8 10
8 11
8 12
8 13
8 14
8 15
8 16
8 17
8 18
8 19
8 20
8 24
8 25
8 27
8 31
8 34
8 37
8 38
8 42
8 45
8 50
8 60
8 61
8 62
8 76
8 79
8 82
8 83
8 87
8 90
8 91
8 93
8 101
9 10
9 11
9 12
9 13
9 14
9 15
9 16
9 17
9 18
9 19
9 20
9 21
9 32
9 34
9 35
9 36
9 55
9 56
9 59
9 60
9 62
9 82
9 83
9 88
9 91
9 94
9 98
9 99
9 100
9 101
9 109
9 112
9 113
9 115
9 116
9 118
9 121
9 122
9 133
9 134
9 138
10 11
10 12
10 13
10 14
10 15
10 16
10 17
10 18
10 19
10 20
10 38
10 39
10 43
10 45
10 53
10 54
10 58
10 61
10 63
10 66
10 69
10 70
10 75
10 79
10 81
10 84
10 88
10 92
10 93
10 99
10 106
10 118
10 121
10 124
10 127
10 131
10 132
10 136
10 137
11 12
11 13
11 14
11 15
11 16
11 17
11 18
11 19
11 20
11 27
11 30
11 31
11 32
11 34
11 37
11 45
11 47
11 58
11 67
11 73
11 82
11 87
11 99
11 107
11 110
11 112
11 115
11 120
11 122
11 124
11 136
12 13
12 14
12 15
12 16
12 17
12 18
12 19
12 20
12 23
12 27
12 36
12 46
12 47
12 51
12 52
12 54
12 57
12 58
12 59
12 62
12 66
12 74
12 85
12 89
12 92
12 94
12 95
12 99
12 100
12 111
12 114
12 115
12 116
12 122
12 123
12 124
12 134
12 140
13 14
13 15
13 16
13 17
13 18
13 19
13 20
13 22
13 32
13 36
13 37
13 38
13 53
13 58
13 59
13 71
13 74
13 75
13 78
13 82
13 90
13 91
13 93
13 96
13 104
13 106
13 108
13 111
13 112
13 115
13 118
13 120
13 124
13 131
13 133
13 136
13 139
13 140
13 141
14 15
14 16
14 17
14 18
14 19
14 20
14 31
14 47
14 49
14 63
14 68
14 74
14 81
14 90
14 94
14 110
14 113
14 114
14 117
14 119
14 121
14 130
14 138
14 141
15 16
15 17
15 18
15 19
15 20
15 21
15 32
15 37
15 39
15 40
15 45
15 47
15 49
15 56
15 61
15 63
15 69
15 80
15 83
15 95
15 112
15 123
15 128
15 129
15 135
15 136
16 17
16 18
16 19
16 20
16 24
16 25
16 32
16 36
16 41
16 50
16 51
16 52
16 57
16 61
16 66
16 68
16 70
16 71
16 72
16 75
16 76
16 87
16 90
16 98
16 100
16 113
16 117
16 120
16 123
16 124
16 125
16 126
16 127
16 128
16 133
16 137
17 18
17 19
17 20
17 21
17 23
17 27
17 31
17 38
17 43
17 45
17 48
17 51
17 53
17 66
17 70
17 72
17 74
17 80
17 84
17 87
17 93
17 102
17 105
17 108
17 112
17 114
17 118
17 120
17 124
17 130
17 132
17 140
18 19
18 20
18 23
18 24
18 32
18 52
18 53
18 54
18 58
18 61
18 65
18 72
18 73
18 83
18 86
18 92
18 99
18 100
18 101
18 104
18 107
18 110
18 124
18 125
18 127
18 132
18 133
18 135
19 20
19 26
19 32
19 39
19 40
19 47
19 51
19 54
19 55
19 56
19 57
19 60
19 68
19 73
19 74
19 80
19 90
19 91
19 93
19 100
19 106
19 107
19 116
19 122
19 124
19 127
19 133
19 136
19 139
20 23
20 26
20 27
20 28
20 35
20 37
20 40
20 44
20 47
20 49
20 50
20 64
20 72
20 76
20 78
20 101
20 102
20 119
20 123
20 125
20 126
20 141
21 22
21 23
21 24
21 25
21 26
21 27
21 28
21 34
21 45
21 46
21 54
21 62
21 73
21 77
21 79
21 82
21 87
21 92
21 103
21 104
21 109
21 116
21 119
21 120
21 123
21 135
21 136
22 23
22 24
22 25
22 26
22 27
22 28
22 29
22 35
22 38
22 41
22 42
22 47
22 54
22 68
22 74
22 75
22 86
22 89
22 92
22 93
22 97
22 111
22 112
22 121
22 126
22 132
22 135
22 138
22 141
23 24
23 25
23 26
23 27
23 28
23 30
23 40
23 42
23 44
23 66
23 71
23 74
23 87
23 89
23 92
23 93
23 95
23 101
23 102
23 103
23 106
23 109
23 113
23 119
23 122
23 123
23 124
23 128
23 131
24 25
24 26
24 27
24 28
24 31
24 33
24 38
24 45
24 50
24 52
24 54
24 57
24 59
24 62
24 65
24 68
24 70
24 72
24 75
24 80
24 85
24 88
24 89
24 94
24 100
24 106
24 108
24 110
24 115
24 117
24 118
24 135
24 138
25 26
25 27
25 28
25 29
25 41
25 54
25 68
25 72
25 79
25 80
25 82
25 103
25 108
25 109
25 113
25 119
25 139
25 140
26 27
26 28
26 37
26 38
26 39
26 47
26 49
26 54
26 59
26 60
26 61
26 72
26 76
26 86
26 95
26 99
26 102
26 103
26 107
26 116
26 120
26 131
26 135
27 28
27 32
27 47
27 53
27 55
27 84
27 88
27 92
27 96
27 97
27 98
27 106
27 112
27 113
27 114
27 117
27 118
27 129
27 131
27 135
27 136
28 37
28 44
28 45
28 50
28 53
28 54
28 61
28 66
28 70
28 77
28 83
28 87
28 98
28 99
28 105
28 111
28 118
28 119
28 127
28 136
28 139
28 140
29 30
29 36
29 39
29 52
29 55
29 61
29 63
29 65
29 72
29 75
29 79
29 82
29 83
29 89
29 104
29 106
29 116
29 124
29 127
29 138
29 140
30 33
30 48
30 61
30 63
30 64
30 71
30 80
30 82
30 84
30 86
30 88
30 89
30 90
30 92
30 95
30 96
30 100
30 108
30 111
30 112
30 116
30 118
30 121
30 124
30 127
30 128
30 135
30 139
31 41
31 44
31 45
31 48
31 50
31 51
31 52
31 63
31 68
31 74
31 75
31 86
31 89
31 98
31 102
31 103
31 119
31 126
32 37
32 41
32 43
32 44
32 46
32 48
32 50
32 52
32 57
32 59
32 61
32 72
32 75
32 79
32 85
32 89
32 104
32 105
32 106
32 108
32 111
32 113
32 119
32 129
32 131
32 138
33 35
33 36
33 41
33 51
33 52
33 53
33 58
33 74
33 78
33 79
33 81
33 82
33 92
33 94
33 96
33 101
33 103
33 122
33 132
33 135
33 136
34 38
34 48
34 52
34 63
34 76
34 83
34 86
34 91
34 92
34 94
34 102
34 105
34 110
34 117
34 122
34 124
34 138
34 141
35 37
35 62
35 69
35 77
35 79
35 85
35 91
35 104
35 109
35 122
35 123
35 124
35 129
35 135
35 136
35 139
35 140
35 141
36 38
36 42
36 43
36 45
36 47
36 52
36 68
36 70
36 71
36 73
36 74
36 77
36 82
36 83
36 86
36 87
36 96
36 99
36 106
36 107
36 118
36 119
36 134
37 40
37 45
37 54
37 61
37 64
37 66
37 67
37 68
37 71
37 88
37 94
37 95
37 110
37 111
37 112
37 113
37 114
37 115
37 125
37 128
37 132
37 136
37 138
37 139
38 41
38 42
38 45
38 53
38 62
38 70
38 71
38 75
38 78
38 79
38 86
38 98
38 106
38 107
38 113
38 130
38 132
38 133
38 134
38 136
38 138
39 42
39 49
39 51
39 56
39 65
39 79
39 90
39 93
39 117
39 120
39 126
39 129
39 138
39 139
40 44
40 48
40 50
40 51
40 53
40 57
40 60
40 66
40 75
40 88
40 95
40 100
40 101
40 106
40 108
40 109
40 110
40 120
40 127
41 42
41 46
41 55
41 56
41 57
41 62
41 64
41 67
41 68
41 70
41 73
41 74
41 77
41 82
41 85
41 86
41 92
41 109
41 112
41 117
41 118
41 121
41 123
41 126
41 130
41 133
41 136
41 139
41 140
42 43
42 44
42 49
42 59
42 61
42 62
42 63
42 64
42 70
42 74
42 76
42 77
42 80
42 82
42 86
42 88
42 94
42 97
42 98
42 103
42 109
42 118
42 120
42 123
42 136
42 139
42 140
43 44
43 45
43 76
43 86
43 90
43 96
43 100
43 105
43 106
43 112
43 116
43 125
43 134
43 136
44 45
44 55
44 63
44 64
44 67
44 69
44 75
44 76
44 82
44 96
44 100
44 122
44 127
44 132
44 138
45 46
45 47
45 49
45 50
45 51
45 61
45 68
45 73
45 74
45 81
45 84
45 94
45 96
45 102
45 103
45 107
45 127
45 131
45 140
46 50
46 51
46 58
46 59
46 69
46 70
46 77
46 78
46 83
46 88
46 92
46 97
46 99
46 104
46 105
46 112
46 119
46 122
46 123
46 127
46 141
47 49
47 64
47 70
47 74
47 81
47 84
47 91
47 94
47 96
47 101
47 107
47 109
47 120
48 49
48 52
48 53
48 58
48 59
48 63
48 71
48 77
48 84
48 86
48 91
48 96
48 97
48 99
48 106
48 107
48 108
48 116
48 120
48 128
49 60
49 70
49 79
49 83
49 86
49 93
49 98
49 101
49 105
49 107
49 113
49 116
49 121
49 124
49 125
49 126
49 128
49 130
49 131
49 140
50 53
50 59
50 66
50 70
50 71
50 86
50 89
50 93
50 95
50 99
50 102
50 110
50 123
50 124
51 53
51 65
51 66
51 69
51 77
51 80
51 93
51 95
51 98
51 104
51 110
51 111
51 118
51 119
51 120
51 122
51 124
51 140
52 65
52 67
52 73
52 82
52 92
52 94
52 95
52 114
52 118
52 141
53 61
53 65
53 69
53 70
53 71
53 84
53 98
53 117
53 121
53 129
53 131
53 138
54 56
54 62
54 66
54 68
54 70
54 71
54 79
54 85
54 90
54 92
54 100
54 102
54 111
54 120
54 122
54 125
54 128
54 134
54 137
54 138
54 139
54 140
55 57
55 60
55 61
55 67
55 71
55 72
55 83
55 86
55 90
55 91
55 92
55 101
55 103
55 104
55 114
55 127
55 128
55 133
55 134
56 65
56 76
56 77
56 80
56 84
56 85
56 89
56 94
56 95
56 96
56 109
56 111
56 126
56 129
56 133
57 61
57 69
57 73
57 74
57 76
57 82
57 88
57 90
57 100
57 101
57 104
57 105
57 107
57 109
57 110
57 111
57 124
57 128
57 131
57 134
57 140
57 141
58 60
58 65
58 66
58 68
58 73
58 77
58 79
58 80
58 83
58 86
58 91
58 93
58 98
58 102
58 103
58 105
58 107
58 112
58 116
58 128
58 131
58 134
59 65
59 70
59 76
59 77
59 79
59 80
59 81
59 82
59 85
59 91
59 100
59 101
59 111
59 113
59 131
59 132
59 136
59 138
59 141
60 61
60 70
60 75
60 80
60 81
60 91
60 101
60 103
60 113
60 117
60 124
60 125
60 137
61 67
61 71
61 76
61 78
61 92
61 98
61 109
61 120
61 135
61 136
62 66
62 73
62 81
62 84
62 88
62 96
62 98
62 100
62 116
62 119
62 123
62 136
63 71
63 74
63 79
63 86
63 88
63 89
63 100
63 104
63 111
63 112
63 114
63 116
63 121
63 129
63 130
63 134
64 70
64 84
64 92
64 100
64 101
64 105
64 106
64 116
64 130
64 137
64 138
65 72
65 76
65 79
65 85
65 86
65 87
65 91
65 96
65 99
65 103
65 106
65 115
65 121
65 128
65 129
66 68
66 80
66 87
66 94
66 105
66 106
66 115
66 118
66 129
66 132
66 141
67 69
67 73
67 75
67 82
67 84
67 85
67 88
67 89
67 90
67 93
67 98
67 103
67 104
67 106
67 107
67 111
67 113
67 119
68 85
68 87
68 88
68 94
68 100
68 103
68 104
68 109
68 117
68 118
68 128
68 135
68 141
69 73
69 81
69 84
69 86
69 89
69 90
69 94
69 102
69 113
69 118
69 127
69 128
70 71
70 76
70 83
70 87
70 89
70 90
70 91
70 95
70 103
70 104
70 109
70 112
70 114
70 116
70 117
70 118
70 125
70 126
70 129
70 136
71 72
71 79
71 87
71 94
71 99
71 108
71 110
71 111
71 114
71 118
71 121
71 132
71 134
71 136
71 139
72 80
72 84
72 89
72 90
72 95
72 100
72 111
72 118
72 125
72 127
72 130
72 131
72 139
72 140
73 91
73 101
73 113
73 115
73 118
73 120
73 121
73 122
73 125
73 132
74 83
74 86
74 87
74 91
74 95
74 112
74 116
74 117
74 120
74 125
74 137
74 140
75 76
75 83
75 85
75 89
75 99
75 104
75 105
75 114
75 125
75 130
75 139
76 91
76 92
76 99
76 105
76 106
76 132
76 139
76 141
77 78
77 79
77 80
77 85
77 90
77 98
77 100
77 106
77 109
77 111
77 118
77 121
77 122
77 127
77 129
77 137
77 140
77 141
78 80
78 83
78 88
78 91
78 96
78 111
78 114
78 119
78 129
78 131
78 132
78 134
78 139
79 92
79 94
79 97
79 99
79 106
79 116
79 117
79 138
80 82
80 85
80 86
80 87
80 98
80 99
80 107
80 110
80 114
80 118
80 122
80 125
80 132
80 133
80 136
80 137
80 139
80 141
81 82
81 85
81 91
81 95
81 97
81 99
81 107
81 110
81 116
81 119
81 124
81 127
81 137
81 138
81 141
82 86
82 94
82 100
82 106
82 108
82 112
82 133
82 134
82 139
83 86
83 90
83 93
83 98
83 100
83 105
83 107
83 111
83 112
83 113
83 116
83 117
83 121
83 134
83 138
83 139
84 87
84 90
84 101
84 113
84 117
84 121
84 122
84 125
84 128
84 129
84 131
84 133
84 136
85 91
85 94
85 96
85 106
85 127
85 129
85 133
85 136
85 137
86 97
86 106
86 110
86 111
86 121
86 127
86 132
86 134
86 136
86 138
86 140
87 95
87 99
87 100
87 101
87 110
87 113
87 119
87 127
88 104
88 118
88 123
88 124
88 136
88 140
89 92
89 93
89 107
89 117
89 132
90 95
90 100
90 102
90 103
90 106
90 108
90 125
90 126
90 130
90 132
90 133
90 138
90 139
91 94
91 98
91 99
91 113
91 115
91 120
91 129
91 133
91 134
92 101
92 105
92 106
92 108
92 113
92 122
92 124
92 131
92 132
92 138
92 141
93 103
93 108
93 119
93 132
93 134
93 135
94 97
94 104
94 105
94 106
94 107
94 111
94 115
94 118
94 120
94 122
94 127
94 128
94 130
94 135
94 136
94 138
94 139
94 140
95 99
95 110
95 119
95 123
95 125
95 128
95 134
95 135
96 102
96 110
96 119
96 123
96 130
96 138
96 141
97 99
97 103
97 109
97 117
97 118
97 121
97 123
97 127
97 141
98 108
98 118
98 124
98 125
98 127
98 128
98 131
98 132
99 103
99 105
99 106
99 110
99 123
99 133
99 134
99 135
99 136
99 137
100 113
100 114
100 121
100 122
100 127
100 131
100 136
100 138
100 141
101 117
101 122
101 130
101 131
102 111
102 113
102 117
102 118
102 121
102 123
102 127
102 131
102 133
102 137
102 138
103 115
103 125
103 128
103 129
103 132
103 135
103 137
104 118
104 122
104 126
104 127
104 128
104 130
104 132
104 133
104 135
105 109
105 118
105 120
105 125
105 138
105 140
106 110
106 115
106 116
106 117
106 124
106 130
106 131
106 132
106 134
106 137
106 141
107 109
107 115
107 118
107 122
107 125
107 135
107 136
107 137
108 109
108 110
108 112
108 129
108 133
108 134
108 136
108 138
109 111
109 113
109 117
109 122
109 126
109 131
109 134
109 137
109 138
109 139
110 120
110 122
110 123
110 130
110 135
110 137
110 141
111 113
111 118
111 119
111 134
111 140
112 114
112 115
112 116
112 120
112 123
112 128
112 131
112 132
112 135
112 138
112 140
113 120
113 122
113 127
113 131
113 135
113 138
114 115
114 121
114 122
114 123
114 127
114 134
114 135
114 138
115 125
115 135
115 138
115 139
115 141
116 125
117 127
117 130
117 135
117 136
117 141
118 123
118 124
118 126
118 132
118 133
118 135
118 136
119 129
119 136
120 124
120 127
121 126
122 123
122 124
122 127
122 130
123 131
123 134
124 125
124 130
124 133
124 134
124 136
124 139
124 140
125 127
125 131
125 134
125 135
125 141
126 128
126 133
126 136
126 137
126 138
126 140
127 136
128 130
128 138
129 132
129 133
129 136
129 138
129 140
130 133
130 134
130 141
131 132
131 135
132 134
134 135
134 138
134 141
135 137
137 141
