166 3151
1 2
1 3
1 4
1 5
1 6
1 7
1 8
1 9
1 10
1 11
1 12
1 13
1 14
1 15
1 16
1 17
1 18
1 19
1 20
1 21
1 22
1 23
1 24
1 25
1 26
1 27
1 28
1 29
1 30
1 31
1 33
1 37
1 39
1 43
1 57
1 58
1 61
1 63
1 72
1 76
1 77
1 83
1 88
1 89
1 90
1 98
1 100
1 102
1 106
1 109
1 110
1 115
1 116
1 119
1 123
1 127
1 128
1 132
1 137
1 142
1 152
1 166
2 3
2 4
2 5
2 6
2 7
2 8
2 9
2 10
2 11
2 12
2 13
2 14
2 15
2 16
2 17
2 18
2 19
2 20
2 21
2 22
2 23
2 24
2 25
2 26
2 27
2 28
2 29
2 30
2 31
2 37
2 40
2 48
2 53
2 55
2 57
2 59
2 61
2 64
2 74
2 75
2 81
2 97
2 100
2 102
2 107
2 114
2 116
2 127
2 133
2 136
2 143
2 144
2 147
2 151
2 155
2 157
2 159
3 4
3 5
3 6
3 7
3 8
3 9
3 10
3 11
3 12
3 13
3 14
3 15
3 16
3 17
3 18
3 19
3 20
3 21
3 22
3 23
3 24
3 25
3 26
3 27
3 28
3 29
3 30
3 31
3 43
3 45
3 47
3 61
3 62
3 63
3 65
3 74
3 82
3 87
3 89
3 96
3 112
3 113
3 114
3 116
3 119
3 135
3 146
3 147
3 156
3 162
4 5
4 6
4 7
4 8
4 9
4 10
4 11
4 12
4 13
4 14
4 15
4 16
4 17
4 18
4 19
4 20
4 21
4 22
4 23
4 24
4 25
4 26
4 27
4 28
4 29
4 30
4 31
4 33
4 45
4 50
4 59
4 64
4 66
4 67
4 69
4 72
4 77
4 79
4 85
4 87
4 92
4 98
4 113
4 119
4 134
4 154
4 157
4 160
4 162
4 164
5 6
5 7
5 8
5 9
5 10
5 11
5 12
5 13
5 14
5 15
5 16
5 17
5 18
5 19
5 20
5 21
5 22
5 23
5 24
5 25
5 26
5 27
5 28
5 29
5 30
5 31
5 33
5 42
5 44
5 51
5 52
5 58
5 59
5 60
5 64
5 68
5 82
5 83
5 89
5 93
5 105
5 106
5 107
5 112
5 120
5 124
5 133
5 143
5 149
5 154
5 163
5 164
5 165
5 166
6 7
6 8
6 9
6 10
6 11
6 12
6 13
6 14
6 15
6 16
6 17
6 18
6 19
6 20
6 21
6 22
6 23
6 24
6 25
6 26
6 27
6 28
6 29
6 30
6 31
6 32
6 41
6 42
6 47
6 50
6 53
6 56
6 58
6 80
6 94
6 97
6 106
6 112
6 122
6 123
6 126
6 128
6 136
6 149
6 152
6 157
6 159
6 165
7 8
7 9
7 10
7 11
7 12
7 13
7 14
7 15
7 16
7 17
7 18
7 19
7 20
7 21
7 22
7 23
7 24
7 25
7 26
7 27
7 28
7 29
7 30
7 31
7 35
7 39
7 46
7 56
7 59
7 65
7 66
7 68
7 76
7 85
7 110
7 114
7 117
7 123
7 124
7 132
7 143
7 145
7 148
7 152
7 159
7 165
7 166
8 9
8 10
8 11
8 12
8 13
8 14
8 15
8 16
8 17
8 18
8 19
8 20
8 21
8 22
8 23
8 24
8 25
8 26
8 27
8 28
8 29
8 30
8 31
8 34
8 37
8 38
8 42
8 44
8 46
8 48
8 51
8 54
8 58
8 63
8 66
8 68
8 70
8 94
8 104
8 105
8 109
8 113
8 114
8 115
8 129
8 130
8 132
8 142
8 155
8 163
9 10
9 11
9 12
9 13
9 14
9 15
9 16
9 17
9 18
9 19
9 20
9 21
9 22
9 23
9 24
9 25
9 26
9 27
9 28
9 29
9 30
9 31
9 32
9 33
9 34
9 40
9 41
9 46
9 47
9 49
9 55
9 59
9 60
9 64
9 67
9 69
9 78
9 84
9 93
9 98
9 102
9 106
9 116
9 129
9 130
9 131
9 134
9 136
9 141
9 144
9 153
9 158
9 162
9 164
9 165
10 11
10 12
10 13
10 14
10 15
10 16
10 17
10 18
10 19
10 20
10 21
10 22
10 23
10 24
10 25
10 26
10 27
10 28
10 29
10 30
10 31
10 33
10 50
10 55
10 57
10 58
10 60
10 61
10 65
10 66
10 68
10 77
10 79
10 85
10 96
10 101
10 103
10 109
10 112
10 133
10 134
10 135
10 151
10 163
10 166
11 12
11 13
11 14
11 15
11 16
11 17
11 18
11 19
11 20
11 21
11 22
11 23
11 24
11 25
11 26
11 27
11 28
11 29
11 30
11 31
11 34
11 36
11 41
11 43
11 50
11 51
11 57
11 58
11 59
11 68
11 75
11 80
11 81
11 82
11 83
11 84
11 85
11 86
11 99
11 100
11 102
11 108
11 120
11 123
11 126
11 129
11 134
11 141
11 142
12 13
12 14
12 15
12 16
12 17
12 18
12 19
12 20
12 21
12 22
12 23
12 24
12 25
12 26
12 27
12 28
12 29
12 30
12 31
12 32
12 33
12 35
12 38
12 41
12 52
12 59
12 66
12 76
12 81
12 82
12 86
12 87
12 89
12 91
12 99
12 113
12 114
12 116
12 118
12 120
12 126
12 128
12 133
12 140
12 142
12 143
12 145
12 151
12 153
12 156
13 14
13 15
13 16
13 17
13 18
13 19
13 20
13 21
13 22
13 23
13 24
13 25
13 26
13 27
13 28
13 29
13 30
13 31
13 35
13 37
13 41
13 43
13 45
13 46
13 47
13 52
13 57
13 62
13 63
13 68
13 71
13 84
13 92
13 98
13 106
13 129
13 133
13 135
13 137
13 139
13 140
13 141
13 142
13 146
13 151
13 158
14 15
14 16
14 17
14 18
14 19
14 20
14 21
14 22
14 23
14 24
14 25
14 26
14 27
14 28
14 29
14 30
14 31
14 32
14 40
14 46
14 50
14 55
14 62
14 65
14 68
14 69
14 70
14 72
14 76
14 81
14 82
14 101
14 103
14 113
14 117
14 126
14 128
14 132
14 141
14 162
15 16
15 17
15 18
15 19
15 20
15 21
15 22
15 23
15 24
15 25
15 26
15 27
15 28
15 29
15 30
15 31
15 39
15 42
15 44
15 46
15 50
15 51
15 54
15 56
15 57
15 62
15 66
15 73
15 75
15 76
15 78
15 79
15 81
15 82
15 97
15 98
15 105
15 106
15 107
15 109
15 116
15 118
15 122
15 123
15 138
15 139
15 148
15 154
15 160
15 162
15 163
15 164
16 17
16 18
16 19
16 20
16 21
16 22
16 23
16 24
16 25
16 26
16 27
16 28
16 29
16 30
16 31
16 33
16 38
16 39
16 42
16 49
16 50
16 57
16 58
16 63
16 69
16 71
16 74
16 80
16 82
16 83
16 92
16 94
16 101
16 117
16 123
16 124
16 126
16 127
16 129
16 136
16 143
16 148
16 149
16 158
16 160
17 18
17 19
17 20
17 21
17 22
17 23
17 24
17 25
17 26
17 27
17 28
17 29
17 30
17 31
17 58
17 60
17 62
17 65
17 70
17 71
17 76
17 79
17 82
17 83
17 90
17 98
17 105
17 106
17 107
17 108
17 110
17 113
17 114
17 122
17 123
17 124
17 127
17 132
17 137
17 152
17 156
17 157
17 161
18 19
18 20
18 21
18 22
18 23
18 24
18 25
18 26
18 27
18 28
18 29
18 30
18 31
18 35
18 37
18 39
18 48
18 49
18 57
18 61
18 64
18 69
18 89
18 90
18 91
18 101
18 103
18 115
18 121
18 123
18 125
18 135
18 136
18 137
18 139
18 146
18 150
18 155
18 157
18 163
18 166
19 20
19 21
19 22
19 23
19 24
19 25
19 26
19 27
19 28
19 29
19 30
19 31
19 34
19 36
19 43
19 49
19 53
19 55
19 56
19 61
19 69
19 75
19 77
19 83
19 86
19 88
19 95
19 104
19 106
19 113
19 128
19 136
19 138
19 139
19 140
19 143
19 147
19 148
19 150
19 151
20 21
20 22
20 23
20 24
20 25
20 26
20 27
20 28
20 29
20 30
20 31
20 34
20 40
20 41
20 43
20 44
20 48
20 52
20 58
20 64
20 68
20 70
20 73
20 74
20 79
20 86
20 95
20 99
20 101
20 102
20 103
20 106
20 114
20 116
20 117
20 120
20 123
20 124
20 126
20 128
20 132
20 133
20 136
20 137
20 143
20 144
20 147
20 155
20 163
20 166
21 22
21 23
21 24
21 25
21 26
21 27
21 28
21 29
21 30
21 31
21 33
21 38
21 50
21 56
21 57
21 65
21 66
21 68
21 69
21 80
21 81
21 101
21 104
21 108
21 111
21 123
21 125
21 126
21 134
21 137
21 141
21 142
21 145
21 147
21 148
21 149
21 155
21 158
21 160
21 163
22 23
22 24
22 25
22 26
22 27
22 28
22 29
22 30
22 31
22 36
22 38
22 39
22 40
22 57
22 62
22 67
22 79
22 81
22 82
22 84
22 93
22 106
22 113
22 115
22 119
22 121
22 122
22 126
22 142
22 147
22 151
22 162
22 165
23 24
23 25
23 26
23 27
23 28
23 29
23 30
23 31
23 36
23 49
23 50
23 58
23 61
23 63
23 68
23 71
23 74
23 75
23 93
23 107
23 111
23 113
23 125
23 131
23 133
23 137
23 147
23 156
23 161
24 25
24 26
24 27
24 28
24 29
24 30
24 31
24 38
24 45
24 51
24 59
24 62
24 66
24 67
24 71
24 73
24 78
24 79
24 93
24 96
24 101
24 102
24 109
24 124
24 127
24 141
24 151
24 152
24 153
24 164
25 26
25 27
25 28
25 29
25 30
25 31
25 33
25 37
25 43
25 48
25 50
25 52
25 63
25 65
25 67
25 70
25 71
25 85
25 117
25 119
25 124
25 146
25 147
25 150
25 165
26 27
26 28
26 29
26 30
26 31
26 42
26 44
26 50
26 56
26 59
26 61
26 67
26 71
26 72
26 76
26 83
26 84
26 86
26 88
26 91
26 96
26 100
26 123
26 125
26 126
26 127
26 132
26 134
26 135
26 143
26 149
26 151
26 156
26 158
26 160
27 28
27 29
27 30
27 31
27 32
27 47
27 48
27 51
27 52
27 55
27 57
27 63
27 76
27 78
27 91
27 97
27 99
27 117
27 118
27 130
27 140
27 163
27 166
28 29
28 30
28 31
28 32
28 33
28 42
28 50
28 57
28 65
28 71
28 72
28 92
28 101
28 104
28 106
28 111
28 112
28 113
28 125
28 129
28 140
28 149
28 157
28 164
29 30
29 31
29 35
29 41
29 51
29 62
29 73
29 81
29 84
29 88
29 90
29 91
29 92
29 98
29 99
29 104
29 112
29 114
29 132
29 134
29 136
29 139
29 148
29 153
29 154
29 163
30 31
30 38
30 48
30 55
30 60
30 61
30 63
30 64
30 68
30 71
30 72
30 73
30 75
30 80
30 81
30 83
30 94
30 97
30 99
30 109
30 110
30 116
30 117
30 120
30 147
30 148
30 156
30 159
30 164
30 165
31 32
31 37
31 38
31 41
31 42
31 45
31 46
31 48
31 50
31 51
31 66
31 68
31 71
31 74
31 76
31 89
31 97
31 98
31 100
31 105
31 107
31 110
31 113
31 116
31 118
31 122
31 130
31 134
31 136
31 137
31 139
31 154
31 155
31 156
31 157
32 33
32 36
32 48
32 58
32 60
32 61
32 63
32 86
32 88
32 101
32 102
32 106
32 113
32 119
32 122
32 126
32 142
32 148
32 155
32 158
33 36
33 43
33 45
33 51
33 59
33 64
33 70
33 71
33 73
33 75
33 83
33 84
33 89
33 99
33 111
33 112
33 114
33 116
33 119
33 138
33 143
33 144
33 153
33 157
33 160
33 161
33 162
33 166
34 47
34 61
34 62
34 63
34 69
34 87
34 88
34 93
34 99
34 103
34 105
34 108
34 118
34 128
34 131
34 137
34 140
34 145
34 153
34 156
34 160
35 38
35 41
35 45
35 46
35 49
35 50
35 51
35 57
35 59
35 73
35 76
35 79
35 81
35 94
35 101
35 102
35 105
35 111
35 117
35 132
35 135
35 139
35 150
35 152
35 155
35 158
35 159
35 160
35 162
36 40
36 42
36 44
36 45
36 52
36 54
36 63
36 66
36 77
36 88
36 100
36 101
36 113
36 114
36 123
36 137
36 142
36 150
36 161
36 163
36 164
37 41
37 47
37 62
37 72
37 74
37 76
37 77
37 78
37 84
37 88
37 89
37 101
37 103
37 104
37 106
37 112
37 113
37 114
37 116
37 122
37 123
37 126
37 128
37 143
37 165
37 166
38 40
38 41
38 47
38 48
38 54
38 55
38 60
38 67
38 78
38 91
38 92
38 94
38 100
38 104
38 115
38 121
38 125
38 132
38 139
38 154
38 156
38 158
38 160
38 166
39 49
39 59
39 62
39 63
39 74
39 75
39 77
39 102
39 103
39 111
39 123
39 125
39 135
39 136
39 138
39 141
39 143
39 148
39 156
39 163
39 165
40 44
40 49
40 52
40 62
40 65
40 69
40 70
40 74
40 79
40 82
40 83
40 84
40 92
40 95
40 98
40 99
40 100
40 103
40 105
40 108
40 110
40 112
40 115
40 127
40 137
40 139
40 144
40 153
40 157
40 160
40 162
41 43
41 45
41 47
41 48
41 56
41 57
41 64
41 73
41 82
41 93
41 94
41 98
41 102
41 106
41 107
41 108
41 111
41 128
41 135
41 139
41 164
42 47
42 48
42 49
42 56
42 67
42 76
42 82
42 85
42 86
42 90
42 93
42 94
42 100
42 101
42 111
42 120
42 121
42 123
42 139
42 141
42 150
42 154
42 155
43 47
43 57
43 76
43 81
43 86
43 91
43 92
43 99
43 101
43 109
43 120
43 141
43 146
43 148
43 162
44 46
44 48
44 49
44 59
44 60
44 61
44 83
44 95
44 100
44 103
44 112
44 113
44 116
44 126
44 132
44 133
44 140
44 144
44 145
44 149
44 160
45 46
45 49
45 50
45 51
45 52
45 64
45 66
45 67
45 71
45 77
45 84
45 86
45 88
45 90
45 91
45 92
45 93
45 102
45 104
45 110
45 111
45 117
45 124
45 125
45 126
45 127
45 132
45 136
45 137
45 138
45 139
45 143
45 150
45 157
45 160
45 165
46 47
46 52
46 55
46 56
46 57
46 60
46 65
46 79
46 81
46 82
46 89
46 93
46 97
46 103
46 113
46 116
46 123
46 133
46 144
46 148
46 154
46 155
46 160
46 161
47 66
47 67
47 68
47 69
47 73
47 74
47 78
47 79
47 83
47 86
47 91
47 92
47 95
47 99
47 104
47 107
47 110
47 115
47 116
47 129
47 136
47 151
47 152
47 156
47 164
48 54
48 66
48 72
48 80
48 81
48 85
48 87
48 100
48 101
48 110
48 118
48 119
48 132
48 133
48 136
48 137
48 141
48 143
48 145
48 148
48 154
48 166
49 50
49 71
49 74
49 79
49 89
49 92
49 94
49 104
49 112
49 114
49 117
49 122
49 130
49 147
50 53
50 55
50 56
50 59
50 61
50 62
50 63
50 68
50 80
50 82
50 87
50 98
50 104
50 108
50 110
50 120
50 126
50 132
50 133
50 134
50 135
50 137
50 140
50 150
50 151
50 152
50 159
50 161
50 163
50 166
51 61
51 64
51 66
51 67
51 77
51 81
51 82
51 84
51 91
51 105
51 109
51 110
51 116
51 119
51 125
51 134
51 136
51 138
51 143
51 144
51 145
51 154
51 156
51 159
51 163
51 164
51 165
51 166
52 65
52 66
52 80
52 81
52 88
52 96
52 99
52 102
52 115
52 117
52 120
52 121
52 123
52 127
52 128
52 131
52 133
52 140
52 141
52 143
52 146
52 153
52 156
52 157
53 58
53 59
53 60
53 65
53 68
53 74
53 82
53 84
53 87
53 92
53 99
53 106
53 107
53 109
53 119
53 122
53 124
53 125
53 134
53 138
53 143
53 149
53 150
53 152
53 154
53 155
53 157
53 158
53 159
53 162
54 57
54 69
54 87
54 88
54 93
54 97
54 107
54 113
54 114
54 116
54 125
54 131
54 148
54 150
54 151
54 153
54 155
54 160
54 162
55 58
55 62
55 64
55 65
55 68
55 69
55 94
55 95
55 100
55 101
55 103
55 104
55 106
55 112
55 113
55 130
55 141
55 143
55 145
55 146
55 163
55 164
56 67
56 68
56 74
56 75
56 81
56 87
56 96
56 106
56 113
56 117
56 118
56 119
56 130
56 138
56 139
56 153
56 158
56 159
57 61
57 66
57 67
57 69
57 77
57 80
57 85
57 86
57 98
57 100
57 102
57 108
57 111
57 115
57 125
57 136
57 140
57 156
57 165
58 63
58 72
58 83
58 86
58 93
58 99
58 105
58 127
58 129
58 131
58 134
58 137
58 150
59 60
59 63
59 67
59 68
59 72
59 78
59 80
59 83
59 85
59 92
59 93
59 95
59 99
59 102
59 111
59 119
59 120
59 128
59 129
59 131
59 140
59 149
59 150
60 61
60 65
60 70
60 85
60 93
60 94
60 96
60 102
60 107
60 112
60 119
60 127
60 146
60 147
60 162
61 63
61 69
61 74
61 75
61 80
61 85
61 87
61 92
61 98
61 100
61 102
61 108
61 119
61 121
61 127
61 129
61 137
61 147
61 150
61 154
61 156
61 160
62 64
62 65
62 66
62 75
62 76
62 78
62 92
62 93
62 106
62 112
62 117
62 127
62 129
62 131
62 137
62 140
62 144
62 145
62 147
62 148
62 149
62 153
62 162
62 164
63 68
63 69
63 71
63 73
63 75
63 84
63 107
63 112
63 117
63 118
63 119
63 122
63 124
63 127
63 128
63 130
63 133
63 138
63 147
63 153
63 155
63 159
63 160
63 163
64 65
64 66
64 76
64 88
64 92
64 102
64 108
64 109
64 110
64 119
64 121
64 122
64 131
64 145
64 151
64 156
64 158
65 66
65 69
65 84
65 85
65 88
65 91
65 99
65 100
65 102
65 107
65 109
65 121
65 124
65 127
65 131
65 141
65 144
65 146
65 147
65 149
65 154
65 158
65 159
65 161
66 80
66 83
66 85
66 86
66 88
66 99
66 101
66 106
66 114
66 123
66 125
66 126
66 139
66 140
66 142
66 146
66 147
66 150
66 153
66 155
66 157
66 159
66 162
67 68
67 70
67 77
67 87
67 96
67 97
67 101
67 106
67 108
67 115
67 117
67 124
67 131
67 135
67 140
67 152
67 159
67 161
67 166
68 73
68 75
68 87
68 91
68 94
68 98
68 99
68 105
68 107
68 110
68 113
68 118
68 129
68 130
68 132
68 134
68 136
68 138
68 141
68 142
68 154
68 161
68 165
69 80
69 81
69 82
69 83
69 91
69 97
69 99
69 115
69 122
69 123
69 133
69 138
69 141
69 144
69 148
69 152
69 155
69 158
69 159
70 74
70 75
70 78
70 80
70 83
70 88
70 89
70 92
70 105
70 107
70 108
70 111
70 125
70 129
70 131
70 134
70 143
70 146
70 147
70 149
70 164
70 166
71 84
71 85
71 96
71 100
71 109
71 110
71 113
71 114
71 115
71 131
71 133
71 134
71 138
71 141
71 146
71 149
71 160
71 163
72 75
72 78
72 79
72 83
72 88
72 96
72 99
72 110
72 114
72 115
72 118
72 131
72 136
72 144
72 145
72 152
72 153
72 155
72 156
72 157
72 158
73 76
73 86
73 89
73 105
73 113
73 121
73 126
73 127
73 142
73 146
73 151
73 152
73 153
73 154
73 163
73 165
73 166
74 78
74 98
74 102
74 124
74 127
74 128
74 130
74 133
74 140
74 142
74 146
74 147
74 159
74 162
75 79
75 82
75 114
75 116
75 120
75 128
75 133
75 135
75 161
75 166
76 84
76 86
76 87
76 88
76 100
76 104
76 109
76 119
76 126
76 151
76 152
76 155
76 156
76 165
77 78
77 79
77 91
77 92
77 99
77 102
77 108
77 110
77 115
77 118
77 123
77 126
77 128
77 136
77 138
77 143
77 145
77 148
77 149
77 153
77 159
77 160
77 162
77 165
77 166
78 79
78 81
78 85
78 91
78 95
78 96
78 97
78 99
78 100
78 104
78 110
78 121
78 123
78 125
78 128
78 129
78 132
78 135
78 137
78 145
78 148
78 153
78 165
79 84
79 87
79 89
79 91
79 92
79 94
79 102
79 103
79 118
79 122
79 126
79 127
79 128
79 130
79 132
79 133
79 135
79 143
79 145
79 147
79 150
79 151
79 155
79 156
79 160
80 83
80 93
80 96
80 98
80 100
80 109
80 118
80 120
80 125
80 138
80 140
80 148
80 154
80 156
80 159
80 163
80 164
81 86
81 87
81 92
81 96
81 106
81 110
81 115
81 116
81 117
81 124
81 130
81 131
81 132
81 134
81 137
81 141
81 145
81 149
81 160
81 163
82 86
82 92
82 104
82 109
82 115
82 118
82 122
82 125
82 135
82 136
82 137
82 144
82 146
82 152
82 156
82 163
83 94
83 95
83 103
83 106
83 109
83 110
83 112
83 129
83 133
83 134
83 136
83 138
83 144
83 145
83 150
83 155
83 159
84 85
84 94
84 95
84 96
84 111
84 113
84 117
84 122
84 126
84 131
84 134
84 137
84 138
84 139
84 142
84 143
84 145
84 146
84 149
84 152
84 155
84 158
84 160
84 163
84 164
85 89
85 94
85 102
85 106
85 120
85 122
85 123
85 130
85 135
85 137
85 141
85 143
85 150
85 156
85 157
85 160
86 98
86 113
86 118
86 119
86 134
86 140
86 142
86 155
86 157
87 92
87 106
87 114
87 115
87 116
87 120
87 123
87 128
87 131
87 132
87 135
87 138
87 140
87 142
87 144
87 147
87 151
87 152
87 154
87 159
87 162
88 91
88 96
88 98
88 99
88 107
88 120
88 122
88 127
88 131
88 135
88 138
88 143
88 145
88 146
88 148
88 149
88 150
88 155
88 157
88 165
89 93
89 102
89 104
89 113
89 115
89 121
89 122
89 123
89 127
89 134
89 135
89 138
89 145
89 150
89 153
89 161
89 163
89 165
89 166
90 92
90 103
90 109
90 110
90 111
90 113
90 125
90 135
90 138
90 139
90 141
90 146
90 148
90 153
90 155
90 161
91 107
91 113
91 114
91 125
91 145
91 146
91 151
91 157
91 163
92 93
92 94
92 106
92 109
92 113
92 114
92 127
92 130
92 135
92 136
92 141
92 145
92 147
92 150
92 151
92 156
92 158
92 162
93 97
93 99
93 108
93 111
93 115
93 123
93 124
93 126
93 132
93 133
93 135
93 136
93 143
93 148
93 149
93 153
93 160
94 99
94 108
94 111
94 112
94 129
94 136
94 146
94 154
94 157
94 166
95 113
95 116
95 117
95 119
95 124
95 127
95 150
95 151
95 162
96 98
96 102
96 117
96 120
96 126
96 144
96 146
96 147
96 150
96 159
96 161
97 98
97 101
97 106
97 123
97 124
97 127
97 130
97 145
97 149
97 155
97 157
97 164
97 165
98 101
98 102
98 105
98 108
98 111
98 112
98 131
98 134
98 155
98 159
99 115
99 118
99 119
99 121
99 123
99 125
99 130
99 133
99 134
99 136
99 139
99 140
99 142
99 145
99 146
99 151
99 154
100 109
100 121
100 124
100 125
100 127
100 131
100 134
100 135
100 141
100 143
100 146
100 151
100 152
100 156
100 159
100 161
100 164
101 109
101 110
101 119
101 124
101 125
101 128
101 133
101 136
101 137
101 138
101 140
101 142
101 151
101 153
101 161
101 165
102 108
102 110
102 117
102 119
102 136
102 144
102 145
102 149
102 159
102 164
103 104
103 117
103 121
103 123
103 126
103 127
103 128
103 130
103 138
103 147
103 150
103 156
103 159
103 165
104 105
104 115
104 116
104 117
104 125
104 132
104 133
104 136
104 138
104 140
104 150
104 156
104 159
104 161
104 163
104 164
104 165
105 106
105 107
105 109
105 112
105 122
105 125
105 130
105 133
105 134
105 141
105 143
105 148
105 149
105 156
105 158
105 165
105 166
106 107
106 115
106 118
106 119
106 124
106 132
106 135
106 143
106 144
106 152
106 153
106 159
107 114
107 124
107 126
107 134
107 143
107 148
107 151
107 152
107 165
108 113
108 114
108 121
108 125
108 127
108 133
108 142
108 149
108 154
108 155
108 159
108 160
109 110
109 115
109 118
109 119
109 122
109 125
109 127
109 128
109 134
109 135
109 138
109 141
109 146
109 148
109 150
109 151
109 155
109 163
109 164
110 111
110 112
110 113
110 117
110 122
110 130
110 132
110 134
110 137
110 142
110 145
110 149
110 153
110 159
110 163
111 133
111 144
111 148
111 153
111 158
112 114
112 116
112 130
112 133
112 141
112 144
112 151
112 159
113 117
113 127
113 133
113 134
113 143
113 146
113 148
113 152
113 159
114 121
114 122
114 123
114 124
114 129
114 147
114 151
114 153
114 155
114 156
114 157
114 164
114 165
114 166
115 116
115 118
115 119
115 124
115 126
115 136
115 138
115 142
115 153
115 159
116 117
116 120
116 122
116 126
116 130
116 132
116 138
116 140
116 141
116 149
116 150
116 151
116 158
117 120
117 127
117 133
117 134
117 141
117 149
117 150
117 158
117 161
118 123
118 125
118 133
118 141
118 151
118 159
119 122
119 123
119 126
119 130
119 136
119 137
119 140
119 143
119 159
119 161
119 162
119 164
120 123
120 127
120 137
120 139
120 141
120 150
120 151
120 153
120 156
120 157
120 158
120 160
120 162
120 165
121 125
121 127
121 139
121 144
121 148
121 150
121 152
121 154
121 161
121 162
121 163
121 164
122 123
122 128
122 137
122 144
122 146
122 152
122 153
122 154
123 124
123 125
123 128
123 129
123 132
123 133
123 145
123 146
123 147
123 149
123 153
123 159
123 163
123 164
124 127
124 128
124 144
124 156
124 161
124 165
124 166
125 129
125 133
125 138
125 140
125 145
125 146
125 147
125 151
125 152
125 153
125 163
126 128
126 133
126 134
126 135
126 143
126 149
126 150
126 151
126 153
126 160
126 162
127 135
127 145
127 146
127 152
127 153
127 155
127 156
127 158
127 159
127 162
127 163
128 131
128 139
128 141
128 144
128 149
128 155
128 156
128 158
128 164
128 166
129 130
129 136
129 137
129 138
129 139
129 140
129 144
129 154
130 139
130 140
130 147
130 151
130 160
130 161
131 132
131 136
131 142
131 145
131 166
132 137
132 142
132 151
132 156
132 157
132 158
132 159
132 164
133 135
133 138
133 142
133 144
133 153
133 158
133 160
133 163
134 140
134 141
134 149
134 155
134 158
134 163
134 165
134 166
135 137
135 138
135 146
135 154
135 156
135 157
135 161
135 163
136 140
136 157
137 140
137 144
137 146
137 147
137 153
137 157
137 159
137 163
137 165
138 152
138 160
138 161
138 162
138 164
139 141
139 145
139 146
139 147
139 150
139 152
140 152
140 156
140 157
140 163
141 144
141 148
141 151
141 155
141 156
141 160
141 165
142 146
142 151
142 153
142 156
142 157
142 163
142 165
143 147
143 154
143 157
143 160
143 162
143 165
144 147
144 153
144 161
144 164
145 147
145 151
145 154
145 160
145 161
146 152
146 154
146 157
146 163
147 151
147 152
147 155
147 163
148 155
148 156
149 150
149 158
149 162
149 166
150 162
151 152
151 159
152 158
152 159
152 161
153 154
153 155
153 156
154 158
154 162
154 164
154 165
155 156
155 162
156 160
156 164
157 158
157 161
157 165
158 159
158 161
158 163
158 166
159 165
160 163
162 165
164 165
