74 560
1 2
1 3
1 4
1 5
1 6
1 7
1 8
1 9
1 10
1 11
1 30
1 36
1 38
1 47
1 51
1 52
1 53
1 54
1 55
1 57
1 60
1 61
1 63
1 65
1 67
1 74
2 3
2 4
2 5
2 6
2 7
2 8
2 9
2 10
2 11
2 13
2 15
2 16
2 24
2 28
2 29
2 33
2 35
2 39
2 42
2 44
2 60
2 61
2 63
2 67
2 68
3 4
3 5
3 6
3 7
3 8
3 9
3 10
3 11
3 28
3 31
3 39
3 54
3 66
3 68
3 74
4 5
4 6
4 7
4 8
4 9
4 10
4 11
4 24
4 29
4 31
4 46
4 57
4 64
4 67
4 68
4 73
5 6
5 7
5 8
5 9
5 10
5 11
5 15
5 22
5 27
5 32
5 48
5 49
6 7
6 8
6 9
6 10
6 11
6 20
6 22
6 27
6 39
6 50
6 57
6 61
6 62
6 66
6 69
6 74
7 8
7 9
7 10
7 11
7 13
7 14
7 25
7 26
7 27
7 29
7 31
7 33
7 35
7 57
7 62
8 9
8 10
8 11
8 14
8 16
8 18
8 21
8 24
8 26
8 30
8 38
8 40
8 46
8 47
8 61
8 64
8 71
9 10
9 11
9 17
9 21
9 31
9 45
9 46
9 48
9 51
9 58
9 60
9 64
9 65
9 66
9 72
10 11
10 26
10 29
10 30
10 45
10 47
10 48
10 49
10 59
10 61
10 62
10 63
11 14
11 17
11 26
11 29
11 47
11 49
11 60
11 63
11 65
11 67
11 68
11 69
12 13
12 14
12 24
12 25
12 29
12 31
12 33
12 34
12 35
12 36
12 39
12 43
12 44
12 45
12 53
12 62
12 67
13 14
13 17
13 21
13 25
13 27
13 29
13 33
13 36
13 44
13 49
13 61
13 66
13 68
13 69
13 72
14 15
14 18
14 19
14 28
14 37
14 40
14 44
14 54
14 60
14 61
14 62
14 65
14 67
15 23
15 28
15 32
15 42
15 48
15 50
15 64
16 27
16 28
16 32
16 35
16 36
16 43
16 50
16 58
16 61
16 63
16 65
16 72
17 19
17 23
17 32
17 42
17 51
17 55
17 56
17 58
17 59
17 64
18 19
18 20
18 26
18 29
18 35
18 42
18 51
18 57
18 70
19 24
19 25
19 26
19 30
19 33
19 37
19 38
19 43
19 56
19 65
19 71
20 22
20 25
20 27
20 31
20 37
20 39
20 41
20 45
20 46
20 49
20 51
20 56
20 57
20 58
20 60
20 62
20 66
21 37
21 40
21 42
21 45
21 48
21 52
21 59
21 68
21 69
21 70
21 72
21 73
22 25
22 28
22 31
22 35
22 40
22 53
22 55
22 56
22 58
22 66
22 73
23 24
23 26
23 33
23 37
23 40
23 43
23 44
23 49
23 57
23 59
23 62
23 65
23 68
23 72
23 73
24 28
24 30
24 46
24 57
24 63
24 66
24 68
24 69
25 27
25 45
25 51
25 53
25 57
25 65
25 70
26 36
26 39
26 47
26 50
26 51
26 54
26 57
26 59
26 60
26 73
27 36
27 38
27 42
27 46
27 50
27 54
27 72
28 31
28 42
28 44
28 46
28 47
28 49
28 53
28 57
28 60
28 70
29 36
29 38
29 48
29 56
29 57
29 62
30 36
30 40
30 50
30 58
30 66
30 70
30 71
31 37
31 38
31 50
31 65
32 34
32 35
32 38
32 42
32 55
32 56
32 70
33 35
33 38
33 39
33 51
33 63
33 65
34 35
34 39
34 45
34 47
34 50
34 52
34 53
34 57
34 63
34 68
34 72
34 73
35 38
35 46
35 58
35 65
35 67
35 68
36 38
36 42
36 48
36 53
36 64
36 71
36 74
37 46
37 47
37 52
37 63
37 74
38 41
38 42
38 44
38 45
38 51
38 53
39 41
39 49
39 50
39 52
39 57
39 60
39 71
40 44
40 48
40 54
40 62
40 63
40 68
40 69
40 73
41 42
41 46
41 55
41 61
41 62
41 64
41 65
42 45
42 50
42 56
42 57
42 64
42 74
43 46
43 48
43 49
43 62
43 63
43 65
43 68
43 70
43 74
44 52
44 53
44 69
44 74
45 57
45 62
45 63
45 64
45 68
45 69
45 70
45 71
45 72
46 49
46 52
47 58
47 63
47 65
48 54
48 58
48 59
48 65
48 69
48 73
49 52
49 58
49 59
49 60
49 63
49 68
49 69
50 52
50 60
50 63
50 71
51 54
51 56
51 59
51 60
51 61
51 62
51 68
51 74
52 55
52 61
52 63
52 67
52 70
53 58
53 60
53 67
54 58
54 69
55 58
55 59
55 61
56 59
56 62
56 63
56 65
56 72
56 74
57 67
57 71
57 74
58 68
58 69
58 74
59 64
59 66
59 67
59 69
61 62
61 63
62 74
63 67
63 71
64 69
66 67
66 74
67 69
68 71
68 73
72 74
73 74
