81 676
1 2
1 3
1 4
1 5
1 6
1 7
1 8
1 10
1 14
1 16
1 18
1 21
1 24
1 26
1 30
1 38
1 40
1 46
1 47
1 61
1 64
1 71
1 77
1 80
2 3
2 4
2 5
2 6
2 7
2 8
2 10
2 11
2 17
2 21
2 31
2 45
2 46
2 48
2 51
2 58
2 60
2 64
2 65
2 66
2 72
3 4
3 5
3 6
3 7
3 8
3 10
3 11
3 26
3 29
3 30
3 45
3 47
3 48
3 49
3 59
3 61
3 62
3 63
4 5
4 6
4 7
4 8
4 11
4 14
4 17
4 26
4 29
4 47
4 49
4 60
4 63
4 65
4 67
4 68
4 69
4 80
5 6
5 7
5 8
5 24
5 25
5 29
5 31
5 33
5 34
5 35
5 36
5 39
5 43
5 44
5 45
5 53
5 62
5 67
5 75
6 7
6 8
6 13
6 17
6 21
6 25
6 27
6 29
6 33
6 36
6 44
6 49
6 61
6 66
6 68
6 69
6 72
7 8
7 15
7 18
7 19
7 28
7 37
7 40
7 44
7 54
7 60
7 61
7 62
7 65
7 67
8 9
8 23
8 28
8 32
8 42
8 48
8 50
8 64
9 10
9 11
9 12
9 13
9 14
9 15
9 16
9 27
9 28
9 32
9 35
9 36
9 43
9 50
9 58
9 61
9 63
9 65
9 72
9 76
9 81
10 11
10 12
10 13
10 14
10 15
10 16
10 19
10 23
10 32
10 42
10 51
10 55
10 56
10 58
10 59
10 64
10 76
10 77
11 12
11 13
11 14
11 15
11 16
11 19
11 20
11 26
11 29
11 35
11 42
11 51
11 57
11 70
11 78
11 80
12 13
12 14
12 15
12 16
12 17
12 24
12 25
12 26
12 30
12 33
12 37
12 38
12 43
12 56
12 65
12 71
13 14
13 15
13 16
13 19
13 22
13 25
13 27
13 31
13 37
13 39
13 41
13 45
13 46
13 49
13 51
13 56
13 57
13 58
13 60
13 62
13 66
13 76
13 81
14 15
14 16
14 17
14 19
14 20
14 37
14 40
14 42
14 45
14 48
14 52
14 59
14 68
14 69
14 70
14 72
14 73
14 77
14 80
15 16
15 22
15 25
15 28
15 31
15 35
15 40
15 53
15 55
15 56
15 58
15 66
15 73
15 80
16 21
16 24
16 26
16 33
16 37
16 40
16 43
16 44
16 49
16 57
16 59
16 62
16 65
16 68
16 72
16 73
16 77
16 81
17 20
17 28
17 30
17 46
17 57
17 63
17 66
17 68
17 69
17 75
17 79
17 80
18 20
18 23
18 25
18 27
18 45
18 51
18 53
18 57
18 65
18 70
18 75
18 81
19 21
19 25
19 36
19 39
19 47
19 50
19 51
19 54
19 57
19 59
19 60
19 73
19 76
19 80
20 21
20 22
20 24
20 25
20 36
20 38
20 42
20 46
20 50
20 54
20 72
20 76
21 27
21 31
21 42
21 44
21 46
21 47
21 49
21 53
21 57
21 60
21 70
21 78
22 26
22 36
22 38
22 48
22 56
22 57
22 62
22 79
23 24
23 36
23 40
23 50
23 58
23 66
23 70
23 71
23 80
23 81
24 37
24 38
24 50
24 65
24 75
25 34
25 35
25 38
25 42
25 55
25 56
25 70
26 29
26 35
26 38
26 39
26 51
26 63
26 65
26 76
26 77
26 78
27 32
27 35
27 39
27 45
27 47
27 50
27 52
27 53
27 57
27 63
27 68
27 72
27 73
27 77
27 80
28 30
28 32
28 33
28 38
28 46
28 58
28 65
28 67
28 68
28 76
28 78
29 38
29 42
29 48
29 53
29 64
29 71
29 74
30 35
30 46
30 47
30 52
30 63
30 74
30 76
30 77
30 79
30 80
31 35
31 36
31 37
31 41
31 42
31 44
31 45
31 51
31 53
31 77
32 37
32 38
32 41
32 49
32 50
32 52
32 57
32 60
32 71
32 78
33 34
33 37
33 44
33 48
33 54
33 62
33 63
33 68
33 69
33 73
33 78
33 80
34 42
34 46
34 55
34 61
34 62
34 64
34 65
34 75
34 77
35 38
35 45
35 50
35 56
35 57
35 64
35 74
35 75
35 76
36 46
36 48
36 49
36 62
36 63
36 65
36 68
36 70
36 74
36 79
37 52
37 53
37 69
37 74
37 78
38 42
38 43
38 57
38 62
38 63
38 64
38 68
38 69
38 70
38 71
38 72
39 49
39 52
39 75
39 81
40 44
40 58
40 63
40 65
40 81
41 43
41 47
41 54
41 58
41 59
41 65
41 69
41 73
41 76
41 80
42 49
42 52
42 58
42 59
42 60
42 63
42 68
42 69
42 80
43 44
43 46
43 52
43 60
43 63
43 71
43 76
44 54
44 56
44 59
44 60
44 61
44 62
44 68
44 74
44 75
44 77
45 55
45 61
45 63
45 67
45 70
45 75
46 58
46 60
46 67
46 78
47 50
47 51
47 58
47 69
48 49
48 50
48 53
48 54
48 55
48 58
48 59
48 61
48 75
48 76
48 78
48 79
49 59
49 62
49 63
49 65
49 72
49 74
50 67
50 71
50 74
51 54
51 68
51 69
51 74
51 76
52 55
52 64
52 66
52 67
52 69
52 75
52 76
52 81
53 55
53 75
53 79
54 55
54 59
54 60
54 62
54 63
54 77
54 78
55 56
55 59
55 61
55 74
56 60
56 62
56 67
56 71
56 75
56 77
56 79
56 80
57 58
57 69
58 59
58 60
58 80
59 63
59 64
59 67
59 74
60 66
60 69
60 76
61 62
61 63
61 68
61 71
61 73
61 79
62 76
62 79
63 64
63 66
63 69
63 75
63 76
63 77
63 80
64 78
65 67
65 68
65 72
65 74
65 75
65 81
66 74
66 76
66 77
67 69
67 74
68 69
69 78
69 81
70 71
70 72
70 74
70 78
71 73
72 74
72 79
73 81
74 76
75 79
76 77
77 78
79 80
80 81
