54 309
1 2
1 4
1 6
1 9
1 12
1 20
1 24
1 30
1 31
1 32
1 39
1 45
2 3
2 4
2 5
2 6
2 7
2 8
2 9
2 10
2 14
2 24
2 37
2 43
2 51
2 52
3 4
3 5
3 6
3 7
3 8
3 9
3 10
3 16
3 17
3 25
3 41
3 43
3 44
3 54
4 5
4 6
4 7
4 8
4 9
4 10
4 16
4 19
4 20
4 23
4 36
4 37
4 38
4 41
4 43
4 46
4 47
4 48
4 51
5 6
5 7
5 8
5 9
5 10
5 12
5 22
5 23
5 27
5 28
5 32
5 38
5 47
6 7
6 8
6 9
6 10
6 13
6 15
6 17
6 21
6 31
6 32
6 35
6 36
6 40
7 8
7 9
7 10
7 15
7 16
7 17
7 24
7 28
7 33
7 34
7 35
7 36
7 39
7 41
7 42
8 9
8 10
8 16
8 21
8 26
8 27
8 32
8 34
8 36
8 43
8 45
8 48
8 50
8 53
9 10
9 12
9 13
9 19
9 20
9 21
9 28
9 30
9 35
9 37
9 40
9 45
9 46
10 22
10 27
10 32
10 35
10 39
10 42
11 12
11 15
11 16
11 18
11 22
11 24
11 31
11 36
11 41
11 44
11 47
11 49
12 17
12 22
12 28
12 33
12 36
12 54
13 20
13 31
13 36
13 37
14 24
14 31
14 35
14 36
14 40
14 41
14 47
14 52
15 17
15 31
15 32
15 36
15 41
15 54
16 18
16 19
16 21
16 26
16 28
16 33
16 36
16 39
16 46
16 49
16 52
16 54
17 31
17 33
17 34
17 35
17 38
17 44
17 51
17 52
18 19
18 31
18 35
18 38
18 45
18 46
19 32
19 34
19 47
19 48
19 49
19 53
20 29
20 35
20 37
20 39
20 41
20 47
20 49
20 50
20 52
21 30
21 36
21 38
21 47
21 51
21 52
21 53
21 54
22 24
22 28
22 29
22 33
22 35
22 39
22 42
22 44
23 28
23 31
23 39
23 54
24 29
24 31
24 46
25 27
25 32
25 48
25 49
26 27
26 39
26 50
27 29
27 31
27 33
27 35
28 30
28 38
28 40
28 46
28 47
29 31
29 45
29 46
29 48
29 51
30 45
30 47
30 48
30 49
31 47
31 49
32 33
32 34
32 35
32 36
32 39
32 43
32 44
32 45
32 53
33 36
33 44
33 49
34 37
34 40
34 44
34 54
35 42
35 48
35 50
36 43
36 50
37 42
37 51
38 42
38 51
39 43
40 41
40 45
40 46
40 49
40 51
41 42
41 45
41 48
41 52
42 53
43 44
43 49
44 46
45 51
45 53
46 47
46 50
46 51
46 54
47 50
47 54
48 49
48 53
