198 4256
1 2
1 3
1 4
1 5
1 6
1 7
1 8
1 9
1 10
1 11
1 12
1 13
1 14
1 15
1 16
1 17
1 18
1 19
1 20
1 21
1 22
1 23
1 24
1 25
1 26
1 27
1 28
1 29
1 30
1 31
1 32
1 33
1 37
1 45
1 53
1 54
1 55
1 65
1 75
1 90
1 102
1 109
1 111
1 114
1 115
1 120
1 125
1 133
1 157
1 159
1 176
1 179
1 180
1 192
1 195
2 3
2 4
2 5
2 6
2 7
2 8
2 9
2 10
2 11
2 12
2 13
2 14
2 15
2 16
2 17
2 18
2 19
2 20
2 21
2 22
2 23
2 24
2 25
2 26
2 27
2 28
2 29
2 30
2 31
2 32
2 33
2 53
2 54
2 55
2 59
2 68
2 74
2 88
2 92
2 96
2 102
2 105
2 109
2 114
2 117
2 119
2 121
2 123
2 125
2 129
2 131
2 145
2 155
2 158
2 173
2 175
2 187
2 189
3 4
3 5
3 6
3 7
3 8
3 9
3 10
3 11
3 12
3 13
3 14
3 15
3 16
3 17
3 18
3 19
3 20
3 21
3 22
3 23
3 24
3 25
3 26
3 27
3 28
3 29
3 30
3 31
3 32
3 33
3 44
3 53
3 54
3 55
3 68
3 70
3 74
3 85
3 88
3 91
3 93
3 96
3 101
3 108
3 109
3 114
3 117
3 130
3 136
3 140
3 144
3 155
3 158
3 160
3 163
3 164
3 171
3 173
3 177
3 186
3 187
3 192
4 5
4 6
4 7
4 8
4 9
4 10
4 11
4 12
4 13
4 14
4 15
4 16
4 17
4 18
4 19
4 20
4 21
4 22
4 23
4 24
4 25
4 26
4 27
4 28
4 29
4 30
4 31
4 32
4 33
4 40
4 47
4 48
4 49
4 52
4 53
4 54
4 71
4 73
4 76
4 77
4 85
4 97
4 98
4 99
4 105
4 109
4 114
4 117
4 122
4 132
4 136
4 137
4 138
4 141
4 153
4 158
4 161
4 162
4 163
4 164
4 170
4 171
4 178
4 179
4 180
4 181
4 184
4 192
4 197
4 198
5 6
5 7
5 8
5 9
5 10
5 11
5 12
5 13
5 14
5 15
5 16
5 17
5 18
5 19
5 20
5 21
5 22
5 23
5 24
5 25
5 26
5 27
5 28
5 29
5 30
5 31
5 32
5 33
5 37
5 49
5 53
5 56
5 58
5 64
5 72
5 73
5 77
5 79
5 84
5 97
5 100
5 105
5 113
5 115
5 119
5 129
5 132
5 134
5 144
5 156
5 161
5 164
5 172
5 174
5 176
5 179
5 182
5 185
5 186
6 7
6 8
6 9
6 10
6 11
6 12
6 13
6 14
6 15
6 16
6 17
6 18
6 19
6 20
6 21
6 22
6 23
6 24
6 25
6 26
6 27
6 28
6 29
6 30
6 31
6 32
6 33
6 36
6 40
6 42
6 46
6 77
6 97
6 104
6 105
6 108
6 111
6 115
6 122
6 137
6 150
6 154
6 167
6 168
6 181
6 183
6 194
7 8
7 9
7 10
7 11
7 12
7 13
7 14
7 15
7 16
7 17
7 18
7 19
7 20
7 21
7 22
7 23
7 24
7 25
7 26
7 27
7 28
7 29
7 30
7 31
7 32
7 33
7 43
7 49
7 52
7 55
7 59
7 60
7 69
7 74
7 89
7 92
7 93
7 99
7 118
7 121
7 124
7 125
7 126
7 128
7 131
7 134
7 135
7 142
7 144
7 153
7 188
7 193
7 198
8 9
8 10
8 11
8 12
8 13
8 14
8 15
8 16
8 17
8 18
8 19
8 20
8 21
8 22
8 23
8 24
8 25
8 26
8 27
8 28
8 29
8 30
8 31
8 32
8 33
8 38
8 44
8 51
8 57
8 61
8 85
8 86
8 107
8 108
8 110
8 111
8 113
8 129
8 131
8 147
8 152
8 154
8 157
8 160
8 176
8 180
8 182
8 186
8 189
8 190
8 192
8 193
9 10
9 11
9 12
9 13
9 14
9 15
9 16
9 17
9 18
9 19
9 20
9 21
9 22
9 23
9 24
9 25
9 26
9 27
9 28
9 29
9 30
9 31
9 32
9 33
9 37
9 38
9 40
9 41
9 46
9 54
9 64
9 65
9 70
9 72
9 73
9 78
9 79
9 82
9 99
9 111
9 112
9 118
9 121
9 131
9 132
9 137
9 158
9 167
9 172
9 175
10 11
10 12
10 13
10 14
10 15
10 16
10 17
10 18
10 19
10 20
10 21
10 22
10 23
10 24
10 25
10 26
10 27
10 28
10 29
10 30
10 31
10 32
10 33
10 41
10 43
10 48
10 60
10 62
10 80
10 95
10 101
10 102
10 121
10 127
10 136
10 138
10 142
10 143
10 153
10 172
10 174
10 188
11 12
11 13
11 14
11 15
11 16
11 17
11 18
11 19
11 20
11 21
11 22
11 23
11 24
11 25
11 26
11 27
11 28
11 29
11 30
11 31
11 32
11 33
11 35
11 43
11 51
11 59
11 69
11 71
11 84
11 94
11 98
11 99
11 102
11 105
11 108
11 111
11 113
11 114
11 115
11 121
11 122
11 123
11 124
11 127
11 140
11 144
11 147
11 148
11 155
11 156
11 160
11 165
11 175
11 179
12 13
12 14
12 15
12 16
12 17
12 18
12 19
12 20
12 21
12 22
12 23
12 24
12 25
12 26
12 27
12 28
12 29
12 30
12 31
12 32
12 33
12 44
12 45
12 47
12 50
12 51
12 54
12 57
12 60
12 83
12 94
12 109
12 110
12 112
12 115
12 117
12 122
12 124
12 126
12 142
12 149
12 154
12 167
12 169
12 170
12 171
12 173
12 176
12 190
12 191
12 194
12 197
13 14
13 15
13 16
13 17
13 18
13 19
13 20
13 21
13 22
13 23
13 24
13 25
13 26
13 27
13 28
13 29
13 30
13 31
13 32
13 33
13 37
13 57
13 65
13 68
13 71
13 78
13 81
13 82
13 83
13 89
13 95
13 106
13 130
13 135
13 138
13 153
13 157
13 166
13 172
13 173
13 175
13 187
13 192
13 193
14 15
14 16
14 17
14 18
14 19
14 20
14 21
14 22
14 23
14 24
14 25
14 26
14 27
14 28
14 29
14 30
14 31
14 32
14 33
14 42
14 49
14 54
14 56
14 60
14 64
14 65
14 67
14 80
14 88
14 90
14 91
14 100
14 104
14 115
14 118
14 125
14 137
14 139
14 140
14 142
14 147
14 158
14 164
14 167
14 170
14 176
14 179
14 182
14 185
15 16
15 17
15 18
15 19
15 20
15 21
15 22
15 23
15 24
15 25
15 26
15 27
15 28
15 29
15 30
15 31
15 32
15 33
15 35
15 36
15 39
15 40
15 46
15 48
15 51
15 63
15 77
15 80
15 82
15 84
15 85
15 90
15 117
15 121
15 123
15 124
15 130
15 135
15 141
15 142
15 150
15 151
15 152
15 157
15 162
15 164
15 178
15 179
15 183
15 184
15 187
15 192
16 17
16 18
16 19
16 20
16 21
16 22
16 23
16 24
16 25
16 26
16 27
16 28
16 29
16 30
16 31
16 32
16 33
16 39
16 51
16 57
16 58
16 64
16 65
16 80
16 82
16 84
16 85
16 87
16 91
16 94
16 96
16 104
16 109
16 112
16 124
16 134
16 139
16 144
16 145
16 151
16 152
16 153
16 157
16 163
16 167
16 170
16 180
16 185
16 192
16 193
16 197
17 18
17 19
17 20
17 21
17 22
17 23
17 24
17 25
17 26
17 27
17 28
17 29
17 30
17 31
17 32
17 33
17 34
17 40
17 41
17 46
17 61
17 63
17 64
17 69
17 76
17 77
17 83
17 86
17 88
17 101
17 105
17 117
17 120
17 127
17 131
17 141
17 143
17 148
17 150
17 158
17 160
17 161
17 162
17 169
17 179
17 180
17 181
17 182
17 186
17 187
17 192
17 194
18 19
18 20
18 21
18 22
18 23
18 24
18 25
18 26
18 27
18 28
18 29
18 30
18 31
18 32
18 33
18 40
18 41
18 42
18 53
18 64
18 68
18 70
18 78
18 89
18 94
18 99
18 104
18 106
18 121
18 122
18 127
18 135
18 141
18 145
18 148
18 149
18 155
18 161
18 163
18 164
18 169
18 172
18 173
18 183
18 193
19 20
19 21
19 22
19 23
19 24
19 25
19 26
19 27
19 28
19 29
19 30
19 31
19 32
19 33
19 34
19 36
19 41
19 42
19 44
19 51
19 52
19 60
19 62
19 68
19 77
19 85
19 88
19 90
19 94
19 96
19 100
19 101
19 114
19 115
19 116
19 118
19 119
19 121
19 122
19 123
19 125
19 126
19 129
19 143
19 144
19 146
19 151
19 163
19 169
19 182
19 184
19 191
19 193
20 21
20 22
20 23
20 24
20 25
20 26
20 27
20 28
20 29
20 30
20 31
20 32
20 33
20 36
20 38
20 52
20 66
20 68
20 76
20 80
20 81
20 85
20 86
20 87
20 95
20 97
20 112
20 114
20 120
20 126
20 129
20 132
20 135
20 138
20 142
20 143
20 148
20 150
20 154
20 160
20 162
20 163
20 165
20 173
20 181
20 187
20 188
20 193
20 198
21 22
21 23
21 24
21 25
21 26
21 27
21 28
21 29
21 30
21 31
21 32
21 33
21 37
21 40
21 49
21 59
21 61
21 62
21 65
21 69
21 75
21 80
21 81
21 84
21 92
21 95
21 98
21 118
21 125
21 131
21 136
21 142
21 152
21 156
21 157
21 160
21 164
21 170
21 174
21 177
21 182
21 183
21 185
21 186
21 188
21 189
21 192
22 23
22 24
22 25
22 26
22 27
22 28
22 29
22 30
22 31
22 32
22 33
22 40
22 46
22 47
22 52
22 56
22 58
22 62
22 63
22 65
22 69
22 82
22 85
22 87
22 92
22 96
22 104
22 113
22 127
22 150
22 153
22 160
22 164
22 166
22 181
22 186
22 196
23 24
23 25
23 26
23 27
23 28
23 29
23 30
23 31
23 32
23 33
23 62
23 66
23 68
23 72
23 79
23 85
23 86
23 87
23 94
23 99
23 100
23 104
23 105
23 113
23 131
23 132
23 133
23 137
23 141
23 142
23 146
23 152
23 156
23 161
23 175
23 177
23 181
23 185
23 187
23 190
23 195
23 197
23 198
24 25
24 26
24 27
24 28
24 29
24 30
24 31
24 32
24 33
24 54
24 60
24 63
24 65
24 74
24 79
24 80
24 85
24 96
24 104
24 108
24 109
24 120
24 121
24 127
24 133
24 137
24 138
24 143
24 149
24 153
24 154
24 158
24 164
24 178
24 183
24 198
25 26
25 27
25 28
25 29
25 30
25 31
25 32
25 33
25 38
25 44
25 47
25 48
25 51
25 55
25 56
25 65
25 66
25 67
25 78
25 82
25 85
25 86
25 87
25 104
25 112
25 114
25 126
25 129
25 150
25 154
25 160
25 161
25 167
25 168
25 169
25 186
25 187
25 188
25 190
25 191
25 196
26 27
26 28
26 29
26 30
26 31
26 32
26 33
26 54
26 68
26 95
26 97
26 102
26 105
26 113
26 115
26 117
26 119
26 123
26 131
26 134
26 136
26 141
26 149
26 152
26 153
26 168
26 169
26 170
26 178
26 183
26 185
26 187
26 188
26 189
26 193
26 194
26 197
26 198
27 28
27 29
27 30
27 31
27 32
27 33
27 35
27 38
27 40
27 60
27 61
27 65
27 66
27 69
27 71
27 76
27 77
27 82
27 88
27 92
27 94
27 95
27 102
27 105
27 111
27 113
27 114
27 118
27 119
27 125
27 127
27 130
27 135
27 140
27 141
27 144
27 149
27 163
27 164
27 165
27 167
27 168
27 172
27 173
27 174
27 180
27 181
27 184
27 185
27 187
27 193
27 197
28 29
28 30
28 31
28 32
28 33
28 40
28 49
28 54
28 61
28 68
28 80
28 81
28 92
28 93
28 95
28 97
28 99
28 109
28 121
28 126
28 142
28 143
28 145
28 152
28 155
28 160
28 166
28 168
28 177
28 193
28 195
28 197
29 30
29 31
29 32
29 33
29 37
29 38
29 40
29 41
29 50
29 57
29 58
29 59
29 61
29 65
29 67
29 71
29 72
29 73
29 79
29 80
29 81
29 83
29 85
29 89
29 90
29 100
29 101
29 105
29 109
29 112
29 113
29 120
29 122
29 127
29 130
29 131
29 141
29 148
29 149
29 156
29 177
29 178
29 190
30 31
30 32
30 33
30 35
30 44
30 61
30 62
30 63
30 64
30 72
30 74
30 89
30 95
30 98
30 101
30 105
30 108
30 111
30 117
30 125
30 129
30 131
30 142
30 143
30 148
30 152
30 158
30 164
30 172
30 177
30 185
30 186
30 188
30 195
30 198
31 32
31 33
31 47
31 58
31 60
31 68
31 73
31 79
31 82
31 87
31 91
31 97
31 99
31 100
31 102
31 105
31 109
31 120
31 135
31 137
31 139
31 141
31 143
31 147
31 150
31 153
31 155
31 158
31 159
31 165
31 169
31 181
31 186
31 190
31 197
32 33
32 35
32 37
32 39
32 46
32 49
32 50
32 52
32 53
32 56
32 62
32 71
32 77
32 78
32 79
32 88
32 92
32 93
32 102
32 108
32 109
32 122
32 128
32 133
32 154
32 155
32 158
32 160
32 167
32 172
32 175
32 176
32 187
32 195
32 198
33 35
33 36
33 37
33 38
33 53
33 54
33 57
33 61
33 62
33 68
33 69
33 76
33 80
33 81
33 91
33 97
33 109
33 126
33 144
33 162
33 164
33 167
33 170
33 177
33 178
33 183
33 189
33 193
33 195
34 35
34 36
34 37
34 38
34 39
34 44
34 48
34 53
34 54
34 57
34 64
34 71
34 75
34 80
34 81
34 92
34 102
34 103
34 130
34 136
34 151
34 153
34 154
34 155
34 172
34 173
34 174
34 176
34 181
34 187
34 193
34 197
35 36
35 37
35 38
35 39
35 52
35 53
35 63
35 76
35 82
35 85
35 87
35 91
35 92
35 93
35 98
35 101
35 107
35 108
35 117
35 119
35 120
35 122
35 124
35 129
35 136
35 137
35 138
35 147
35 152
35 153
35 157
35 161
35 164
35 166
35 178
35 179
35 188
36 37
36 38
36 39
36 40
36 44
36 46
36 48
36 49
36 57
36 63
36 64
36 65
36 67
36 70
36 85
36 95
36 103
36 113
36 115
36 118
36 120
36 125
36 128
36 133
36 141
36 148
36 159
36 164
36 171
36 174
36 180
36 189
36 191
36 195
36 197
36 198
37 38
37 39
37 43
37 45
37 63
37 77
37 79
37 82
37 83
37 88
37 98
37 103
37 104
37 109
37 110
37 113
37 118
37 120
37 123
37 127
37 133
37 136
37 141
37 143
37 158
37 163
37 165
37 172
37 178
37 185
37 186
37 188
37 189
37 196
38 39
38 56
38 57
38 61
38 63
38 66
38 69
38 72
38 85
38 90
38 91
38 94
38 96
38 107
38 111
38 114
38 117
38 123
38 128
38 132
38 133
38 135
38 136
38 147
38 149
38 151
38 153
38 154
38 165
38 166
38 167
38 168
38 170
38 184
38 185
38 186
38 190
38 191
38 194
38 196
39 41
39 42
39 46
39 47
39 52
39 55
39 57
39 58
39 70
39 84
39 88
39 89
39 99
39 102
39 109
39 113
39 117
39 122
39 125
39 128
39 132
39 145
39 148
39 149
39 159
39 160
39 175
39 176
39 178
39 182
39 190
39 193
40 42
40 47
40 58
40 59
40 60
40 64
40 66
40 70
40 72
40 76
40 78
40 84
40 94
40 95
40 97
40 102
40 108
40 111
40 112
40 113
40 117
40 120
40 131
40 133
40 134
40 152
40 153
40 159
40 161
40 164
40 166
40 184
40 187
40 192
40 196
41 52
41 64
41 65
41 70
41 79
41 80
41 82
41 85
41 86
41 89
41 100
41 108
41 114
41 115
41 117
41 118
41 122
41 123
41 124
41 130
41 164
41 170
41 171
41 173
41 180
41 185
41 187
41 188
41 189
41 193
42 43
42 47
42 55
42 57
42 58
42 62
42 66
42 72
42 84
42 87
42 90
42 95
42 96
42 101
42 102
42 104
42 109
42 110
42 131
42 143
42 144
42 146
42 158
42 163
42 166
42 170
42 178
42 194
43 46
43 50
43 57
43 62
43 71
43 76
43 78
43 88
43 91
43 93
43 103
43 104
43 105
43 107
43 109
43 122
43 125
43 130
43 134
43 135
43 136
43 149
43 150
43 156
43 159
43 164
43 165
43 166
43 167
43 168
43 169
43 172
43 173
43 180
43 181
43 185
43 187
44 61
44 70
44 78
44 92
44 98
44 101
44 104
44 105
44 108
44 110
44 118
44 119
44 125
44 129
44 140
44 145
44 150
44 151
44 156
44 160
44 163
44 167
44 170
44 171
44 175
44 185
44 187
44 189
44 191
44 195
44 198
45 48
45 53
45 56
45 69
45 75
45 80
45 91
45 105
45 109
45 114
45 117
45 119
45 120
45 121
45 123
45 126
45 133
45 140
45 144
45 146
45 147
45 148
45 155
45 160
45 161
45 163
45 184
45 189
45 192
45 194
46 52
46 55
46 71
46 72
46 74
46 75
46 77
46 79
46 82
46 83
46 89
46 92
46 100
46 101
46 103
46 104
46 105
46 108
46 114
46 115
46 116
46 131
46 135
46 142
46 143
46 145
46 157
46 163
46 165
46 170
46 172
46 173
46 178
46 182
46 190
47 50
47 55
47 56
47 61
47 62
47 63
47 67
47 70
47 77
47 79
47 90
47 94
47 96
47 97
47 105
47 107
47 109
47 118
47 120
47 122
47 124
47 128
47 129
47 145
47 150
47 160
47 161
47 163
47 167
47 169
47 176
47 186
47 188
47 192
48 49
48 57
48 61
48 65
48 67
48 68
48 71
48 72
48 74
48 82
48 87
48 89
48 91
48 104
48 113
48 122
48 128
48 129
48 130
48 135
48 140
48 152
48 154
48 159
48 164
48 166
48 168
48 170
48 177
48 180
48 181
48 187
49 51
49 52
49 55
49 58
49 60
49 65
49 71
49 79
49 82
49 88
49 92
49 93
49 95
49 103
49 105
49 107
49 117
49 120
49 123
49 129
49 131
49 132
49 134
49 140
49 153
49 157
49 161
49 163
49 166
49 172
49 176
49 181
49 182
49 185
49 187
49 189
49 194
50 51
50 53
50 58
50 72
50 73
50 76
50 86
50 92
50 93
50 97
50 101
50 107
50 124
50 130
50 137
50 140
50 143
50 144
50 146
50 147
50 150
50 152
50 158
50 163
50 165
50 175
50 183
50 191
50 192
50 193
50 196
50 197
51 54
51 59
51 62
51 68
51 71
51 79
51 80
51 81
51 82
51 83
51 85
51 93
51 98
51 100
51 103
51 109
51 110
51 113
51 119
51 121
51 129
51 131
51 132
51 133
51 145
51 147
51 151
51 153
51 156
51 158
51 159
51 160
51 161
51 166
51 169
51 171
51 181
51 183
51 191
51 198
52 59
52 72
52 80
52 91
52 92
52 95
52 110
52 112
52 116
52 119
52 123
52 124
52 132
52 136
52 143
52 149
52 161
52 166
52 170
52 175
52 182
52 184
52 198
53 55
53 62
53 70
53 73
53 75
53 77
53 78
53 80
53 81
53 88
53 103
53 109
53 112
53 116
53 122
53 132
53 137
53 142
53 143
53 149
53 161
53 164
53 168
53 177
53 178
53 180
53 185
53 186
53 189
53 192
54 58
54 60
54 71
54 78
54 92
54 94
54 96
54 99
54 107
54 112
54 117
54 119
54 124
54 125
54 128
54 131
54 133
54 135
54 147
54 150
54 151
54 153
54 155
54 158
54 167
54 175
54 176
54 178
54 181
54 187
54 189
54 190
54 191
54 194
55 68
55 72
55 73
55 74
55 75
55 90
55 105
55 108
55 113
55 114
55 118
55 130
55 131
55 140
55 142
55 145
55 146
55 149
55 150
55 152
55 153
55 156
55 161
55 166
55 172
55 176
55 177
55 178
55 197
56 62
56 68
56 113
56 120
56 130
56 131
56 147
56 149
56 154
56 156
56 158
56 159
56 161
56 162
56 167
56 176
56 178
56 196
56 198
57 63
57 67
57 70
57 74
57 75
57 85
57 86
57 91
57 93
57 94
57 95
57 97
57 103
57 119
57 123
57 129
57 132
57 139
57 140
57 142
57 144
57 146
57 149
57 152
57 157
57 162
57 168
57 170
57 174
57 180
57 182
57 185
57 187
57 191
57 192
57 195
58 75
58 94
58 97
58 101
58 103
58 105
58 120
58 123
58 124
58 126
58 132
58 135
58 140
58 142
58 148
58 164
58 174
58 182
58 194
58 196
58 198
59 74
59 92
59 99
59 102
59 109
59 112
59 117
59 123
59 124
59 125
59 128
59 139
59 140
59 146
59 147
59 149
59 152
59 154
59 156
59 161
59 162
59 163
59 164
59 167
59 169
59 171
59 178
59 189
59 194
60 78
60 82
60 84
60 85
60 86
60 87
60 89
60 91
60 98
60 99
60 101
60 110
60 113
60 116
60 123
60 124
60 130
60 133
60 139
60 141
60 146
60 164
60 182
60 183
60 187
60 192
60 195
60 198
61 63
61 72
61 74
61 75
61 77
61 101
61 106
61 107
61 113
61 114
61 120
61 121
61 127
61 136
61 141
61 155
61 160
61 161
61 163
61 164
61 173
61 175
61 179
61 189
61 191
61 192
61 193
62 67
62 68
62 73
62 82
62 94
62 95
62 113
62 119
62 120
62 129
62 130
62 135
62 138
62 142
62 145
62 152
62 163
62 167
62 172
62 173
62 178
62 179
62 187
62 189
62 190
62 192
63 67
63 74
63 75
63 89
63 96
63 97
63 103
63 104
63 108
63 110
63 111
63 114
63 124
63 125
63 127
63 135
63 143
63 156
63 162
63 165
63 171
63 174
63 192
63 195
63 196
63 197
64 73
64 79
64 81
64 83
64 90
64 110
64 112
64 117
64 119
64 120
64 121
64 123
64 132
64 141
64 142
64 144
64 146
64 156
64 167
64 173
64 175
64 177
64 181
64 198
65 71
65 72
65 90
65 95
65 102
65 104
65 111
65 119
65 124
65 125
65 126
65 128
65 133
65 135
65 137
65 143
65 146
65 148
65 155
65 156
65 158
65 160
65 162
65 163
65 166
65 175
65 182
65 183
65 190
65 191
65 194
65 197
66 70
66 71
66 76
66 78
66 79
66 85
66 90
66 101
66 103
66 112
66 116
66 117
66 120
66 127
66 128
66 145
66 149
66 152
66 156
66 162
66 165
66 171
66 178
66 181
66 182
66 188
66 191
66 193
66 195
66 198
67 69
67 71
67 82
67 94
67 98
67 100
67 111
67 118
67 122
67 125
67 132
67 134
67 138
67 146
67 151
67 156
67 169
67 174
67 175
67 176
67 190
67 192
68 70
68 71
68 72
68 83
68 94
68 95
68 97
68 102
68 113
68 119
68 121
68 123
68 124
68 128
68 136
68 138
68 144
68 159
68 160
68 165
68 179
68 190
69 83
69 85
69 88
69 95
69 102
69 103
69 121
69 124
69 133
69 135
69 136
69 140
69 145
69 150
69 152
69 155
69 163
69 164
69 169
69 170
69 173
69 174
69 183
69 189
69 197
70 73
70 85
70 88
70 93
70 95
70 103
70 104
70 109
70 114
70 118
70 125
70 126
70 130
70 133
70 135
70 140
70 168
70 173
70 179
70 185
70 187
70 189
70 193
70 196
70 197
71 73
71 79
71 81
71 82
71 83
71 84
71 88
71 92
71 93
71 103
71 106
71 107
71 113
71 115
71 121
71 131
71 132
71 134
71 136
71 137
71 147
71 148
71 149
71 154
71 156
71 167
71 173
71 177
71 192
71 194
71 195
71 198
72 75
72 77
72 78
72 84
72 85
72 88
72 89
72 94
72 108
72 113
72 116
72 120
72 121
72 126
72 127
72 133
72 135
72 141
72 165
72 169
72 173
72 184
72 191
73 77
73 81
73 84
73 91
73 93
73 97
73 101
73 110
73 117
73 118
73 121
73 130
73 134
73 135
73 147
73 153
73 155
73 161
73 165
73 170
73 175
73 181
73 187
73 188
73 191
73 192
73 196
74 82
74 85
74 94
74 100
74 102
74 113
74 120
74 126
74 131
74 135
74 142
74 143
74 147
74 153
74 159
74 171
74 189
75 77
75 78
75 91
75 94
75 104
75 111
75 115
75 117
75 126
75 132
75 135
75 145
75 156
75 161
75 162
75 163
75 169
75 170
75 172
75 173
75 175
75 179
75 185
75 187
75 197
75 198
76 78
76 82
76 83
76 84
76 97
76 99
76 102
76 103
76 109
76 113
76 121
76 124
76 128
76 132
76 140
76 198
77 79
77 86
77 94
77 96
77 97
77 106
77 117
77 133
77 152
77 161
77 163
77 170
77 174
77 176
77 177
77 180
77 185
77 187
77 195
77 196
78 83
78 84
78 94
78 95
78 96
78 98
78 105
78 110
78 111
78 112
78 113
78 117
78 123
78 125
78 126
78 127
78 129
78 134
78 136
78 142
78 145
78 148
78 158
78 159
78 161
78 162
78 169
78 172
78 173
78 197
79 81
79 83
79 90
79 91
79 98
79 99
79 115
79 128
79 129
79 143
79 157
79 161
79 165
79 174
79 179
79 187
79 188
79 189
79 191
79 197
80 82
80 89
80 92
80 95
80 97
80 100
80 101
80 110
80 137
80 139
80 140
80 145
80 149
80 151
80 156
80 158
80 161
80 162
80 171
80 183
81 83
81 84
81 87
81 91
81 95
81 96
81 101
81 105
81 113
81 122
81 124
81 127
81 128
81 129
81 134
81 162
81 164
81 167
81 174
81 184
81 186
81 189
82 86
82 89
82 97
82 98
82 102
82 110
82 118
82 120
82 122
82 125
82 127
82 129
82 141
82 142
82 146
82 149
82 155
82 156
82 159
82 160
82 161
82 162
82 165
82 166
82 179
82 181
82 185
82 187
82 189
82 196
83 89
83 90
83 99
83 107
83 108
83 111
83 113
83 114
83 115
83 118
83 130
83 145
83 147
83 155
83 165
83 166
83 167
83 183
83 184
83 188
83 191
83 193
83 197
84 86
84 95
84 115
84 116
84 132
84 137
84 145
84 149
84 150
84 154
84 173
84 177
84 180
84 181
84 185
84 196
85 90
85 103
85 107
85 110
85 111
85 126
85 127
85 128
85 154
85 157
85 165
85 172
85 173
85 179
85 182
85 185
85 187
85 189
85 195
86 88
86 95
86 98
86 100
86 102
86 114
86 115
86 117
86 121
86 124
86 129
86 130
86 136
86 145
86 146
86 147
86 148
86 151
86 155
86 157
86 162
86 165
86 171
86 172
86 180
86 189
86 195
86 196
87 98
87 108
87 109
87 115
87 118
87 126
87 131
87 132
87 139
87 145
87 148
87 153
87 172
87 177
87 192
88 113
88 115
88 127
88 128
88 130
88 145
88 149
88 150
88 158
88 166
88 170
88 173
88 181
88 185
88 191
89 98
89 101
89 102
89 103
89 105
89 109
89 113
89 116
89 122
89 128
89 147
89 154
89 158
89 165
89 172
89 175
89 178
89 184
89 188
90 103
90 115
90 118
90 122
90 124
90 125
90 126
90 129
90 136
90 144
90 150
90 151
90 155
90 161
90 165
90 174
90 176
90 182
90 184
90 186
90 187
91 92
91 94
91 97
91 99
91 119
91 123
91 125
91 127
91 134
91 137
91 141
91 143
91 145
91 151
91 154
91 155
91 156
91 158
91 170
91 173
91 179
91 193
92 100
92 105
92 106
92 107
92 115
92 118
92 119
92 120
92 123
92 133
92 140
92 141
92 146
92 150
92 155
92 180
92 183
93 95
93 109
93 111
93 122
93 127
93 128
93 129
93 132
93 133
93 152
93 161
93 162
93 163
93 178
93 184
94 99
94 100
94 101
94 103
94 121
94 130
94 133
94 146
94 151
94 156
94 164
94 176
94 189
95 105
95 115
95 117
95 122
95 125
95 129
95 135
95 136
95 141
95 144
95 156
95 157
95 160
95 162
95 164
95 167
95 168
95 172
95 181
95 182
95 189
95 194
95 195
95 197
96 99
96 101
96 102
96 103
96 107
96 117
96 128
96 132
96 137
96 144
96 148
96 163
96 168
96 175
96 176
96 183
96 193
96 194
97 98
97 105
97 108
97 114
97 119
97 122
97 132
97 135
97 143
97 151
97 152
97 153
97 155
97 156
97 169
97 178
97 179
97 185
97 192
98 107
98 118
98 139
98 141
98 144
98 151
98 162
98 175
98 183
98 187
98 189
98 193
98 194
98 195
98 197
99 113
99 114
99 119
99 121
99 126
99 127
99 128
99 129
99 135
99 149
99 157
99 172
99 173
99 177
99 183
99 189
100 102
100 105
100 106
100 110
100 120
100 122
100 126
100 133
100 134
100 138
100 141
100 142
100 143
100 156
100 160
100 164
100 168
100 169
100 171
100 172
100 173
100 175
100 179
100 188
100 189
100 193
101 107
101 108
101 112
101 115
101 121
101 123
101 127
101 134
101 150
101 156
101 157
101 159
101 169
101 171
101 173
101 182
101 185
101 192
102 111
102 112
102 114
102 131
102 135
102 141
102 143
102 145
102 150
102 158
102 162
102 166
102 168
102 176
102 179
102 184
102 190
102 191
102 195
103 107
103 109
103 125
103 133
103 145
103 148
103 155
103 163
103 170
103 171
103 172
103 174
103 180
103 181
103 185
103 189
103 193
103 195
103 198
104 106
104 108
104 109
104 111
104 112
104 114
104 120
104 121
104 125
104 128
104 129
104 130
104 131
104 133
104 134
104 137
104 138
104 140
104 144
104 149
104 152
104 153
104 154
104 156
104 168
104 170
104 177
104 186
104 188
104 190
104 193
105 107
105 110
105 111
105 117
105 127
105 128
105 129
105 134
105 138
105 146
105 148
105 158
105 159
105 160
105 163
105 168
105 170
105 173
105 174
105 182
105 185
105 187
105 194
106 115
106 126
106 128
106 144
106 145
106 146
106 150
106 157
106 162
106 166
106 167
106 169
106 172
106 174
106 179
106 187
106 190
106 194
107 115
107 117
107 124
107 125
107 127
107 136
107 143
107 148
107 153
107 154
107 156
107 157
107 168
107 172
107 176
107 178
107 183
107 185
107 190
107 194
108 111
108 129
108 131
108 138
108 141
108 142
108 144
108 149
108 168
108 169
108 173
108 174
108 175
108 183
108 186
108 188
108 189
108 193
109 112
109 129
109 135
109 142
109 144
109 145
109 153
109 166
109 183
109 184
109 188
110 111
110 124
110 136
110 138
110 139
110 140
110 148
110 149
110 150
110 151
110 152
110 162
110 168
110 169
110 172
110 176
110 191
110 193
111 115
111 122
111 130
111 132
111 134
111 136
111 141
111 145
111 148
111 151
111 163
111 171
111 173
111 176
111 177
111 179
111 181
111 186
111 198
112 114
112 115
112 117
112 120
112 126
112 128
112 135
112 137
112 142
112 156
112 166
112 177
112 184
112 191
113 114
113 121
113 125
113 127
113 129
113 131
113 132
113 133
113 135
113 137
113 145
113 147
113 148
113 150
113 153
113 163
113 173
113 177
113 178
113 186
113 192
113 196
113 198
114 115
114 119
114 120
114 125
114 129
114 135
114 136
114 137
114 138
114 139
114 146
114 147
114 150
114 167
114 170
114 191
114 194
114 195
115 117
115 124
115 128
115 139
115 142
115 147
115 149
115 150
115 153
115 157
115 160
115 164
115 175
115 183
115 188
115 192
115 194
115 195
116 129
116 134
116 138
116 139
116 143
116 147
116 149
116 156
116 162
116 166
116 168
116 171
116 173
116 183
116 190
116 191
116 195
116 198
117 118
117 125
117 132
117 144
117 145
117 152
117 180
117 184
117 188
117 189
117 191
117 194
118 120
118 124
118 125
118 129
118 133
118 141
118 142
118 160
118 177
118 185
118 188
118 189
118 194
118 197
119 121
119 125
119 150
119 152
119 165
119 174
119 179
119 190
119 192
119 194
119 197
120 124
120 125
120 142
120 143
120 144
120 148
120 153
120 154
120 157
120 162
120 174
120 178
120 182
120 188
120 193
120 196
120 198
121 122
121 123
121 125
121 130
121 132
121 147
121 152
121 157
121 162
121 164
121 169
121 174
121 177
121 182
121 184
121 187
121 191
121 193
121 195
121 198
122 125
122 132
122 134
122 137
122 145
122 148
122 157
122 163
122 173
122 174
122 179
122 180
122 182
122 184
122 185
122 189
122 190
122 191
122 198
123 124
123 125
123 126
123 127
123 129
123 130
123 136
123 137
123 138
123 139
123 146
123 169
123 178
123 180
123 181
123 183
123 184
123 188
123 191
124 125
124 134
124 138
124 144
124 146
124 153
124 162
124 166
124 167
124 170
124 171
124 190
124 195
124 197
125 128
125 129
125 131
125 132
125 137
125 140
125 146
125 147
125 160
125 166
125 169
125 174
125 180
125 181
125 191
125 192
125 196
126 128
126 138
126 145
126 150
126 157
126 162
126 164
126 172
126 183
126 189
126 190
126 193
126 195
126 196
127 129
127 130
127 132
127 134
127 137
127 138
127 146
127 151
127 152
127 155
127 156
127 163
127 177
127 191
127 197
127 198
128 137
128 142
128 150
128 154
128 157
128 162
128 163
128 164
128 182
128 187
128 189
128 192
128 198
129 130
129 134
129 140
129 147
129 157
129 160
129 164
129 167
129 169
129 198
130 135
130 139
130 142
130 143
130 145
130 153
130 154
130 156
130 157
130 158
130 166
130 168
130 175
130 177
130 179
130 182
130 183
130 187
131 136
131 139
131 141
131 142
131 144
131 159
131 165
131 168
131 171
131 172
131 176
131 181
131 195
132 134
132 136
132 137
132 142
132 147
132 149
132 150
132 153
132 155
132 156
132 158
132 164
132 171
132 175
132 176
132 181
132 196
133 141
133 154
133 162
133 166
133 169
133 176
133 177
133 179
133 180
133 181
133 182
133 188
133 197
134 146
134 147
134 156
134 166
134 185
134 191
134 192
135 140
135 141
135 147
135 164
135 171
135 174
135 176
135 178
135 182
135 189
135 191
135 195
135 196
135 197
136 148
136 150
136 153
136 162
136 165
136 177
136 183
136 184
136 188
137 147
137 152
137 153
137 165
137 176
137 179
137 182
137 191
138 139
138 140
138 144
138 152
138 162
138 163
138 180
138 189
138 192
138 193
139 148
139 150
139 160
139 161
139 162
139 164
139 166
139 170
139 172
139 173
139 179
139 186
139 190
139 198
140 147
140 154
140 155
140 156
140 159
140 163
140 164
140 166
140 180
140 181
140 182
140 183
140 185
140 188
140 194
140 197
141 145
141 151
141 152
141 169
141 174
141 184
141 198
142 146
142 149
142 150
142 155
142 159
142 162
142 172
142 177
142 179
142 185
142 191
142 194
142 195
142 197
143 150
143 151
143 155
143 165
143 167
143 176
143 177
143 183
143 191
143 194
144 149
144 158
144 161
144 164
144 168
144 172
144 178
144 187
145 147
145 149
145 151
145 153
145 165
145 169
145 181
145 184
145 187
145 188
145 190
145 197
146 148
146 153
146 156
146 161
146 171
146 180
146 181
146 184
146 187
146 195
147 149
147 150
147 152
147 155
147 156
147 169
147 178
147 183
147 191
147 193
148 151
148 153
148 155
148 156
148 161
148 169
148 174
148 175
148 181
148 183
148 184
148 194
149 151
149 152
149 159
149 160
149 162
149 167
149 170
149 175
149 180
149 182
149 185
149 198
150 161
150 171
150 172
150 173
150 176
150 178
150 194
151 157
151 174
151 187
152 155
152 157
152 165
152 166
152 171
152 181
152 183
152 187
153 155
153 165
153 166
153 167
153 168
153 171
153 179
153 186
153 194
153 198
154 156
154 162
154 168
154 173
154 178
154 179
154 180
154 182
154 185
154 188
154 190
154 194
154 196
155 156
155 160
155 163
155 166
155 171
155 180
155 192
156 170
156 173
156 180
156 183
156 184
156 185
156 186
156 187
156 188
156 190
156 194
156 195
156 196
157 161
157 167
157 173
157 178
157 184
157 189
157 190
157 193
158 169
158 171
158 173
158 178
158 182
159 166
159 168
159 169
159 176
159 182
159 183
159 186
159 190
159 192
159 197
160 164
160 166
160 172
160 182
160 185
160 186
160 187
160 191
160 193
161 162
161 166
161 174
161 177
161 182
161 187
161 190
161 193
161 194
162 166
162 176
162 189
162 193
162 195
163 165
163 166
163 172
163 181
163 189
164 165
164 178
164 192
164 195
164 197
164 198
165 166
165 167
165 168
165 174
165 179
165 180
165 182
165 183
165 193
166 171
166 183
166 192
167 171
167 173
167 179
167 182
167 195
167 196
168 169
168 174
168 177
168 185
168 187
169 170
169 172
169 178
169 188
169 192
169 193
169 195
170 176
170 181
170 191
170 195
170 198
171 174
171 190
171 197
172 176
172 182
172 189
172 197
173 176
173 179
173 197
174 182
174 185
174 188
174 193
175 180
175 191
175 196
175 198
176 178
176 179
176 184
176 190
176 195
176 196
177 184
177 190
177 191
178 181
178 184
178 192
178 195
178 198
179 181
179 194
179 197
180 190
180 196
180 197
181 185
181 188
181 190
181 191
182 190
182 191
182 196
182 197
183 187
183 188
183 190
183 195
183 196
184 186
184 188
184 197
185 198
187 194
187 195
188 191
188 193
188 194
188 198
189 193
189 195
190 195
191 193
191 194
191 195
192 196
192 197
193 196
194 195
195 197
