93 927
1 2
1 3
1 5
1 6
1 7
1 9
1 10
1 13
1 19
1 22
1 25
1 27
1 31
1 37
1 39
1 41
1 45
1 46
1 49
1 51
1 56
1 57
1 58
1 60
1 62
1 66
1 76
1 81
1 83
1 87
2 3
2 4
2 5
2 6
2 7
2 8
2 9
2 10
2 11
2 12
2 16
2 17
2 19
2 20
2 37
2 40
2 42
2 45
2 48
2 52
2 59
2 68
2 69
2 70
2 72
2 73
2 77
2 80
2 92
3 4
3 5
3 6
3 7
3 8
3 9
3 10
3 11
3 12
3 22
3 25
3 28
3 31
3 35
3 40
3 53
3 55
3 56
3 58
3 66
3 73
3 80
3 89
4 5
4 6
4 7
4 8
4 9
4 10
4 11
4 12
4 15
4 21
4 24
4 26
4 33
4 37
4 40
4 43
4 44
4 49
4 57
4 59
4 62
4 65
4 68
4 72
4 73
4 77
4 81
4 87
5 6
5 7
5 8
5 9
5 10
5 11
5 12
5 20
5 28
5 30
5 46
5 57
5 63
5 66
5 68
5 69
5 75
5 79
5 80
6 7
6 8
6 9
6 10
6 11
6 12
6 20
6 23
6 25
6 27
6 45
6 51
6 53
6 57
6 65
6 70
6 75
6 81
6 83
6 85
6 89
6 93
7 8
7 9
7 10
7 11
7 12
7 21
7 25
7 36
7 39
7 47
7 50
7 51
7 54
7 57
7 59
7 60
7 73
7 76
7 80
7 82
7 85
7 89
7 92
8 9
8 10
8 11
8 12
8 21
8 22
8 24
8 25
8 36
8 38
8 42
8 46
8 50
8 54
8 72
8 76
8 82
8 90
8 92
9 10
9 11
9 12
9 16
9 17
9 20
9 27
9 31
9 42
9 44
9 46
9 47
9 49
9 53
9 57
9 60
9 70
9 78
9 93
10 11
10 12
10 21
10 22
10 26
10 36
10 38
10 48
10 56
10 57
10 62
10 79
10 84
10 89
11 12
11 15
11 18
11 19
11 24
11 36
11 40
11 50
11 58
11 66
11 70
11 71
11 80
11 81
11 82
11 83
11 84
11 91
11 92
12 21
12 37
12 38
12 50
12 65
12 75
12 88
12 90
13 14
13 15
13 16
13 17
13 18
13 20
13 21
13 23
13 24
13 34
13 35
13 38
13 42
13 55
13 56
13 70
13 83
14 15
14 16
14 17
14 18
14 21
14 29
14 35
14 38
14 39
14 51
14 63
14 65
14 76
14 77
14 78
14 82
14 83
14 86
15 16
15 17
15 18
15 19
15 20
15 26
15 32
15 35
15 39
15 45
15 47
15 50
15 52
15 53
15 57
15 63
15 68
15 72
15 73
15 77
15 80
15 84
15 91
16 17
16 18
16 20
16 23
16 30
16 32
16 33
16 38
16 46
16 58
16 65
16 67
16 68
16 76
16 78
17 18
17 20
17 23
17 24
17 28
17 38
17 42
17 48
17 53
17 64
17 71
17 74
17 89
17 91
17 92
18 19
18 22
18 26
18 35
18 46
18 47
18 52
18 63
18 74
18 76
18 77
18 79
18 80
18 88
18 91
19 20
19 28
19 35
19 36
19 37
19 41
19 42
19 44
19 45
19 51
19 53
19 77
19 88
19 89
20 21
20 22
20 30
20 37
20 38
20 41
20 49
20 50
20 52
20 57
20 60
20 71
20 78
20 84
20 85
20 86
20 89
20 92
21 22
21 30
21 33
21 34
21 37
21 44
21 48
21 54
21 62
21 63
21 68
21 69
21 73
21 78
21 80
21 89
21 91
22 24
22 26
22 32
22 34
22 42
22 46
22 55
22 61
22 62
22 64
22 65
22 75
22 77
22 92
23 28
23 38
23 45
23 50
23 56
23 57
23 64
23 74
23 75
23 76
24 28
24 29
24 32
24 46
24 48
24 49
24 62
24 63
24 65
24 68
24 70
24 74
24 79
24 87
25 28
25 30
25 33
25 52
25 53
25 69
25 74
25 78
26 32
26 36
26 38
26 42
26 43
26 57
26 62
26 63
26 64
26 68
26 69
26 70
26 71
26 72
26 93
27 31
27 35
27 49
27 52
27 75
27 81
27 82
27 83
27 85
27 86
27 87
27 91
27 92
28 32
28 38
28 44
28 58
28 63
28 65
28 81
28 84
28 89
29 43
29 47
29 54
29 58
29 59
29 65
29 69
29 73
29 76
29 80
29 84
29 86
29 91
30 32
30 37
30 41
30 49
30 52
30 58
30 59
30 60
30 63
30 68
30 69
30 80
30 85
30 87
31 36
31 38
31 39
31 43
31 44
31 46
31 52
31 60
31 63
31 71
31 76
31 93
32 34
32 37
32 38
32 43
32 54
32 56
32 59
32 60
32 61
32 62
32 68
32 74
32 75
32 77
32 86
32 87
32 90
32 93
33 37
33 44
33 55
33 61
33 63
33 67
33 70
33 75
33 85
33 89
34 42
34 45
34 46
34 58
34 60
34 67
34 78
34 82
34 86
34 89
34 90
35 37
35 41
35 43
35 45
35 47
35 50
35 51
35 58
35 69
35 84
35 87
36 37
36 38
36 42
36 43
36 47
36 49
36 50
36 53
36 54
36 55
36 58
36 59
36 61
36 75
36 76
36 78
36 79
36 87
36 88
36 89
37 38
37 41
37 42
37 46
37 59
37 62
37 63
37 65
37 72
37 74
38 39
38 42
38 44
38 67
38 71
38 74
38 83
38 84
38 90
39 51
39 54
39 68
39 69
39 74
39 76
39 84
39 85
39 90
39 91
40 43
40 55
40 64
40 66
40 67
40 69
40 75
40 76
40 81
40 85
40 93
41 48
41 55
41 75
41 79
41 84
42 43
42 44
42 48
42 49
42 55
42 59
42 60
42 62
42 63
42 77
42 78
42 83
42 88
42 90
43 44
43 51
43 56
43 59
43 61
43 74
43 88
44 48
44 60
44 62
44 67
44 71
44 75
44 77
44 79
44 80
44 82
44 83
44 85
44 90
44 91
45 46
45 58
45 69
45 83
45 85
45 89
45 93
46 48
46 50
46 59
46 60
46 80
46 82
46 83
46 89
46 92
46 93
47 50
47 53
47 56
47 58
47 63
47 64
47 67
47 74
47 86
47 87
48 57
48 60
48 66
48 69
48 76
48 93
49 62
49 63
49 68
49 71
49 73
49 79
49 84
49 87
49 88
49 93
50 51
50 60
50 76
50 79
50 88
50 90
50 93
51 58
51 61
51 64
51 66
51 69
51 75
51 76
51 77
51 80
51 89
51 93
52 78
52 82
52 86
52 90
53 55
53 67
53 68
53 72
53 74
53 75
53 81
53 82
53 84
53 86
53 89
53 90
54 56
54 59
54 63
54 66
54 74
54 76
54 77
54 83
54 89
54 90
54 91
55 57
55 62
55 65
55 67
55 69
55 74
55 83
55 86
55 88
55 89
56 58
56 63
56 65
56 67
56 69
56 82
56 84
56 93
57 62
57 68
57 78
57 81
57 85
57 91
58 65
58 67
58 71
58 72
58 74
58 78
58 84
59 67
59 69
59 73
59 82
59 85
60 63
60 68
60 69
60 74
60 79
60 85
61 62
61 64
61 71
61 73
61 81
61 83
61 90
62 64
62 65
62 68
62 73
62 76
62 83
62 85
62 91
63 69
63 72
63 79
63 89
63 90
64 65
64 69
64 72
64 77
64 82
64 83
64 90
64 92
64 93
65 66
65 67
65 76
65 78
65 87
66 69
66 70
66 82
66 87
66 90
67 70
67 78
67 80
67 82
67 88
67 90
68 81
68 84
68 85
68 89
68 93
69 78
69 79
69 81
70 73
70 75
70 79
70 80
70 82
70 83
70 84
70 91
71 73
71 78
71 81
71 90
71 93
72 74
72 78
72 79
72 82
72 83
72 85
72 93
73 80
73 85
73 89
73 92
73 93
74 75
74 76
74 81
74 82
74 87
74 91
75 85
75 89
75 90
76 77
76 78
76 81
76 83
76 88
76 92
77 82
77 83
77 84
77 85
77 92
77 93
78 91
78 93
79 80
79 85
79 89
79 90
80 84
80 91
81 84
81 86
81 87
81 92
82 85
83 92
83 93
84 89
84 92
85 89
87 91
89 92
90 93
