156 2605
1 2
1 3
1 4
1 5
1 6
1 7
1 8
1 9
1 10
1 11
1 17
1 21
1 22
1 31
1 58
1 76
1 91
1 92
1 101
1 107
1 108
1 121
1 122
1 124
1 136
1 140
1 145
1 146
1 148
2 3
2 4
2 5
2 6
2 7
2 8
2 9
2 10
2 12
2 24
2 25
2 26
2 36
2 42
2 44
2 49
2 58
2 73
2 74
2 75
2 79
2 81
2 83
2 84
2 88
2 92
2 94
2 98
2 101
2 104
2 111
2 112
2 119
2 122
2 123
2 124
2 128
2 129
2 134
2 139
2 141
2 146
2 148
2 156
3 4
3 5
3 6
3 7
3 8
3 9
3 10
3 14
3 15
3 18
3 30
3 34
3 37
3 38
3 41
3 43
3 53
3 55
3 57
3 58
3 59
3 61
3 63
3 64
3 68
3 72
3 80
3 89
3 94
3 112
3 113
3 114
3 118
3 124
3 128
3 129
3 132
3 138
3 148
3 155
4 5
4 6
4 7
4 8
4 9
4 10
4 13
4 14
4 26
4 30
4 31
4 34
4 35
4 36
4 37
4 38
4 40
4 49
4 54
4 61
4 68
4 72
4 79
4 89
4 90
4 91
4 97
4 98
4 105
4 106
4 110
4 112
4 118
4 120
4 121
4 130
4 134
4 147
4 151
4 152
4 153
5 6
5 7
5 8
5 9
5 10
5 12
5 15
5 20
5 22
5 24
5 32
5 33
5 35
5 36
5 39
5 45
5 50
5 51
5 56
5 59
5 61
5 64
5 70
5 71
5 74
5 77
5 82
5 83
5 89
5 91
5 94
5 98
5 101
5 105
5 109
5 118
5 126
5 129
5 131
5 146
5 155
6 7
6 8
6 9
6 10
6 14
6 25
6 33
6 34
6 37
6 38
6 41
6 45
6 46
6 49
6 54
6 59
6 66
6 68
6 77
6 79
6 86
6 96
6 103
6 107
6 109
6 110
6 114
6 121
6 124
6 129
6 130
6 138
6 141
6 142
6 147
6 154
6 155
7 8
7 9
7 10
7 17
7 29
7 30
7 37
7 49
7 51
7 59
7 65
7 66
7 78
7 81
7 83
7 85
7 86
7 89
7 91
7 92
7 104
7 109
7 110
7 118
7 121
7 127
7 131
7 136
7 142
7 145
7 146
7 148
8 9
8 10
8 13
8 18
8 31
8 32
8 36
8 38
8 41
8 42
8 46
8 56
8 71
8 74
8 81
8 85
8 87
8 91
8 92
8 94
8 101
8 102
8 105
8 107
8 108
8 110
8 111
8 122
8 126
8 128
8 136
8 138
8 143
8 144
8 148
8 151
9 10
9 15
9 16
9 27
9 31
9 36
9 46
9 50
9 53
9 58
9 61
9 64
9 74
9 75
9 78
9 81
9 82
9 84
9 86
9 89
9 92
9 93
9 100
9 107
9 113
9 118
9 130
9 131
9 152
10 14
10 18
10 21
10 26
10 27
10 29
10 38
10 42
10 43
10 58
10 61
10 63
10 70
10 77
10 85
10 98
10 108
10 120
10 124
10 125
10 126
10 133
10 137
10 139
10 141
10 146
10 148
10 149
11 12
11 13
11 14
11 15
11 24
11 25
11 29
11 33
11 37
11 39
11 43
11 57
11 58
11 61
11 63
11 72
11 76
11 77
11 83
11 88
11 89
11 90
11 98
11 100
11 102
11 106
11 109
11 110
11 115
11 116
11 119
11 123
11 127
11 128
11 132
11 137
11 142
11 152
12 13
12 14
12 15
12 16
12 17
12 23
12 24
12 27
12 28
12 29
12 30
12 37
12 40
12 48
12 53
12 55
12 57
12 59
12 61
12 64
12 74
12 75
12 81
12 97
12 100
12 102
12 107
12 114
12 116
12 127
12 133
12 136
12 143
12 144
12 147
12 151
12 155
13 14
13 15
13 18
13 19
13 20
13 21
13 22
13 24
13 28
13 43
13 45
13 47
13 61
13 62
13 63
13 65
13 74
13 82
13 87
13 89
13 96
13 112
13 113
13 114
13 116
13 119
13 135
13 146
13 147
13 156
14 15
14 17
14 22
14 29
14 33
14 45
14 50
14 59
14 64
14 66
14 67
14 69
14 72
14 77
14 79
14 85
14 87
14 92
14 98
14 113
14 119
14 134
14 154
15 19
15 24
15 27
15 33
15 42
15 44
15 51
15 52
15 58
15 59
15 60
15 64
15 68
15 82
15 83
15 89
15 93
15 105
15 106
15 107
15 112
15 120
15 124
15 133
15 143
15 149
15 154
16 17
16 18
16 19
16 20
16 21
16 22
16 23
16 24
16 25
16 26
16 27
16 28
16 29
16 30
16 31
16 32
16 41
16 42
16 47
16 50
16 53
16 56
16 58
16 80
16 94
16 97
16 106
16 112
16 122
16 123
16 126
16 128
16 136
16 149
16 152
17 18
17 19
17 20
17 21
17 22
17 23
17 24
17 25
17 26
17 27
17 28
17 29
17 30
17 31
17 35
17 39
17 46
17 56
17 59
17 65
17 66
17 68
17 76
17 85
17 110
17 114
17 117
17 123
17 124
17 132
17 143
17 145
17 148
17 152
18 19
18 20
18 21
18 22
18 23
18 24
18 25
18 26
18 27
18 28
18 29
18 30
18 31
18 34
18 37
18 38
18 42
18 44
18 46
18 48
18 51
18 54
18 58
18 63
18 66
18 68
18 70
18 94
18 104
18 105
18 109
18 113
18 114
18 115
18 129
18 130
18 132
18 142
18 155
19 20
19 21
19 22
19 23
19 24
19 25
19 26
19 27
19 28
19 29
19 30
19 31
19 32
19 33
19 34
19 40
19 41
19 46
19 47
19 49
19 55
19 59
19 60
19 64
19 67
19 69
19 78
19 84
19 93
19 98
19 102
19 106
19 116
19 129
19 130
19 131
19 134
19 136
19 141
19 144
19 153
20 21
20 22
20 23
20 24
20 25
20 26
20 27
20 28
20 29
20 30
20 31
20 33
20 50
20 55
20 57
20 58
20 60
20 61
20 65
20 66
20 68
20 77
20 79
20 85
20 96
20 101
20 103
20 109
20 112
20 133
20 134
20 135
20 151
21 22
21 23
21 24
21 25
21 26
21 27
21 28
21 29
21 30
21 31
21 34
21 36
21 41
21 43
21 50
21 51
21 57
21 58
21 59
21 68
21 75
21 80
21 81
21 82
21 83
21 84
21 85
21 86
21 99
21 100
21 102
21 108
21 120
21 123
21 126
21 129
21 134
21 141
21 142
22 23
22 24
22 25
22 26
22 27
22 28
22 29
22 30
22 31
22 32
22 33
22 35
22 38
22 41
22 52
22 59
22 66
22 76
22 81
22 82
22 86
22 87
22 89
22 91
22 99
22 113
22 114
22 116
22 118
22 120
22 126
22 128
22 133
22 140
22 142
22 143
22 145
22 151
22 153
22 156
23 24
23 25
23 26
23 27
23 28
23 29
23 30
23 31
23 35
23 37
23 41
23 43
23 45
23 46
23 47
23 52
23 57
23 62
23 63
23 68
23 71
23 84
23 92
23 98
23 106
23 129
23 133
23 135
23 137
23 139
23 140
23 141
23 142
23 146
23 151
24 25
24 26
24 27
24 28
24 29
24 30
24 31
24 32
24 40
24 46
24 50
24 55
24 62
24 65
24 68
24 69
24 70
24 72
24 76
24 81
24 82
24 101
24 103
24 113
24 117
24 126
24 128
24 132
24 141
25 26
25 27
25 28
25 29
25 30
25 31
25 39
25 42
25 44
25 46
25 50
25 51
25 54
25 56
25 57
25 62
25 66
25 73
25 75
25 76
25 78
25 79
25 81
25 82
25 97
25 98
25 105
25 106
25 107
25 109
25 116
25 118
25 122
25 123
25 138
25 139
25 148
25 154
26 27
26 28
26 29
26 30
26 31
26 33
26 38
26 39
26 42
26 49
26 50
26 57
26 58
26 63
26 69
26 71
26 74
26 80
26 82
26 83
26 92
26 94
26 101
26 117
26 123
26 124
26 126
26 127
26 129
26 136
26 143
26 148
26 149
27 28
27 29
27 30
27 31
27 58
27 60
27 62
27 65
27 70
27 71
27 76
27 79
27 82
27 83
27 90
27 98
27 105
27 106
27 107
27 108
27 110
27 113
27 114
27 122
27 123
27 124
27 127
27 132
27 137
27 152
27 156
28 29
28 30
28 31
28 35
28 37
28 39
28 48
28 49
28 57
28 61
28 64
28 69
28 89
28 90
28 91
28 101
28 103
28 115
28 121
28 123
28 125
28 135
28 136
28 137
28 139
28 146
28 150
28 155
29 30
29 31
29 34
29 36
29 43
29 49
29 53
29 55
29 56
29 61
29 69
29 75
29 77
29 83
29 86
29 88
29 95
29 104
29 106
29 113
29 128
29 136
29 138
29 139
29 140
29 143
29 147
29 148
29 150
29 151
30 31
30 34
30 40
30 41
30 43
30 44
30 48
30 52
30 58
30 64
30 68
30 70
30 73
30 74
30 79
30 86
30 95
30 99
30 101
30 102
30 103
30 106
30 114
30 116
30 117
30 120
30 123
30 124
30 126
30 128
30 132
30 133
30 136
30 137
30 143
30 144
30 147
30 155
31 33
31 38
31 50
31 56
31 57
31 65
31 66
31 68
31 69
31 80
31 81
31 101
31 104
31 108
31 111
31 123
31 125
31 126
31 134
31 137
31 141
31 142
31 145
31 147
31 148
31 149
31 155
32 36
32 38
32 39
32 40
32 57
32 62
32 67
32 79
32 81
32 82
32 84
32 93
32 106
32 113
32 115
32 119
32 121
32 122
32 126
32 142
32 147
32 151
33 36
33 49
33 50
33 58
33 61
33 63
33 68
33 71
33 74
33 75
33 93
33 107
33 111
33 113
33 125
33 131
33 133
33 137
33 147
33 156
34 38
34 45
34 51
34 59
34 62
34 66
34 67
34 71
34 73
34 78
34 79
34 93
34 96
34 101
34 102
34 109
34 124
34 127
34 141
34 151
34 152
34 153
35 37
35 43
35 48
35 50
35 52
35 63
35 65
35 67
35 70
35 71
35 85
35 117
35 119
35 124
35 146
35 147
35 150
36 42
36 44
36 50
36 56
36 59
36 61
36 67
36 71
36 72
36 76
36 83
36 84
36 86
36 88
36 91
36 96
36 100
36 123
36 125
36 126
36 127
36 132
36 134
36 135
36 143
36 149
36 151
36 156
37 47
37 48
37 51
37 52
37 55
37 57
37 63
37 76
37 78
37 91
37 97
37 99
37 117
37 118
37 130
37 140
38 42
38 50
38 57
38 65
38 71
38 72
38 92
38 101
38 104
38 106
38 111
38 112
38 113
38 125
38 129
38 140
38 149
39 41
39 51
39 62
39 73
39 81
39 84
39 88
39 90
39 91
39 92
39 98
39 99
39 104
39 112
39 114
39 132
39 134
39 136
39 139
39 148
39 153
39 154
40 48
40 55
40 60
40 61
40 63
40 64
40 68
40 71
40 72
40 73
40 75
40 80
40 81
40 83
40 94
40 97
40 99
40 109
40 110
40 116
40 117
40 120
40 147
40 148
40 156
41 42
41 45
41 46
41 48
41 50
41 51
41 66
41 68
41 71
41 74
41 76
41 89
41 97
41 98
41 100
41 105
41 107
41 110
41 113
41 116
41 118
41 122
41 130
41 134
41 136
41 137
41 139
41 154
41 155
41 156
42 48
42 58
42 60
42 61
42 63
42 86
42 88
42 101
42 102
42 106
42 113
42 119
42 122
42 126
42 142
42 148
42 155
43 45
43 51
43 59
43 64
43 70
43 71
43 73
43 75
43 83
43 84
43 89
43 99
43 111
43 112
43 114
43 116
43 119
43 138
43 143
43 144
43 153
44 47
44 61
44 62
44 63
44 69
44 87
44 88
44 93
44 99
44 103
44 105
44 108
44 118
44 128
44 131
44 137
44 140
44 145
44 153
44 156
45 46
45 49
45 50
45 51
45 57
45 59
45 73
45 76
45 79
45 81
45 94
45 101
45 102
45 105
45 111
45 117
45 132
45 135
45 139
45 150
45 152
45 155
46 52
46 54
46 63
46 66
46 77
46 88
46 100
46 101
46 113
46 114
46 123
46 137
46 142
46 150
47 62
47 72
47 74
47 76
47 77
47 78
47 84
47 88
47 89
47 101
47 103
47 104
47 106
47 112
47 113
47 114
47 116
47 122
47 123
47 126
47 128
47 143
48 54
48 55
48 60
48 67
48 78
48 91
48 92
48 94
48 100
48 104
48 115
48 121
48 125
48 132
48 139
48 154
48 156
49 59
49 62
49 63
49 74
49 75
49 77
49 102
49 103
49 111
49 123
49 125
49 135
49 136
49 138
49 141
49 143
49 148
49 156
50 52
50 62
50 65
50 69
50 70
50 74
50 79
50 82
50 83
50 84
50 92
50 95
50 98
50 99
50 100
50 103
50 105
50 108
50 110
50 112
50 115
50 127
50 137
50 139
50 144
50 153
51 56
51 57
51 64
51 73
51 82
51 93
51 94
51 98
51 102
51 106
51 107
51 108
51 111
51 128
51 135
51 139
52 56
52 67
52 76
52 82
52 85
52 86
52 90
52 93
52 94
52 100
52 101
52 111
52 120
52 121
52 123
52 139
52 141
52 150
52 154
52 155
53 57
53 76
53 81
53 86
53 91
53 92
53 99
53 101
53 109
53 120
53 141
53 146
53 148
54 59
54 60
54 61
54 83
54 95
54 100
54 103
54 112
54 113
54 116
54 126
54 132
54 133
54 140
54 144
54 145
54 149
55 64
55 66
55 67
55 71
55 77
55 84
55 86
55 88
55 90
55 91
55 92
55 93
55 102
55 104
55 110
55 111
55 117
55 124
55 125
55 126
55 127
55 132
55 136
55 137
55 138
55 139
55 143
55 150
56 57
56 60
56 65
56 79
56 81
56 82
56 89
56 93
56 97
56 103
56 113
56 116
56 123
56 133
56 144
56 148
56 154
56 155
57 66
57 67
57 68
57 69
57 73
57 74
57 78
57 79
57 83
57 86
57 91
57 92
57 95
57 99
57 104
57 107
57 110
57 115
57 116
57 129
57 136
57 151
57 152
57 156
58 66
58 72
58 80
58 81
58 85
58 87
58 100
58 101
58 110
58 118
58 119
58 132
58 133
58 136
58 137
58 141
58 143
58 145
58 148
58 154
59 71
59 74
59 79
59 89
59 92
59 94
59 104
59 112
59 114
59 117
59 122
59 130
59 147
60 61
60 62
60 63
60 68
60 80
60 82
60 87
60 98
60 104
60 108
60 110
60 120
60 126
60 132
60 133
60 134
60 135
60 137
60 140
60 150
60 151
60 152
61 64
61 66
61 67
61 77
61 81
61 82
61 84
61 91
61 105
61 109
61 110
61 116
61 119
61 125
61 134
61 136
61 138
61 143
61 144
61 145
61 154
61 156
62 65
62 66
62 80
62 81
62 88
62 96
62 99
62 102
62 115
62 117
62 120
62 121
62 123
62 127
62 128
62 131
62 133
62 140
62 141
62 143
62 146
62 153
62 156
63 65
63 68
63 74
63 82
63 84
63 87
63 92
63 99
63 106
63 107
63 109
63 119
63 122
63 124
63 125
63 134
63 138
63 143
63 149
63 150
63 152
63 154
63 155
64 69
64 87
64 88
64 93
64 97
64 107
64 113
64 114
64 116
64 125
64 131
64 148
64 150
64 151
64 153
64 155
65 68
65 69
65 94
65 95
65 100
65 101
65 103
65 104
65 106
65 112
65 113
65 130
65 141
65 143
65 145
65 146
66 67
66 68
66 74
66 75
66 81
66 87
66 96
66 106
66 113
66 117
66 118
66 119
66 130
66 138
66 139
66 153
67 69
67 77
67 80
67 85
67 86
67 98
67 100
67 102
67 108
67 111
67 115
67 125
67 136
67 140
67 156
68 72
68 83
68 86
68 93
68 99
68 105
68 127
68 129
68 131
68 134
68 137
68 150
69 72
69 78
69 80
69 83
69 85
69 92
69 93
69 95
69 99
69 102
69 111
69 119
69 120
69 128
69 129
69 131
69 140
69 149
69 150
70 85
70 93
70 94
70 96
70 102
70 107
70 112
70 119
70 127
70 146
70 147
71 74
71 75
71 80
71 85
71 87
71 92
71 98
71 100
71 102
71 108
71 119
71 121
71 127
71 129
71 137
71 147
71 150
71 154
71 156
72 75
72 76
72 78
72 92
72 93
72 106
72 112
72 117
72 127
72 129
72 131
72 137
72 140
72 144
72 145
72 147
72 148
72 149
72 153
73 75
73 84
73 107
73 112
73 117
73 118
73 119
73 122
73 124
73 127
73 128
73 130
73 133
73 138
73 147
73 153
73 155
74 76
74 88
74 92
74 102
74 108
74 109
74 110
74 119
74 121
74 122
74 131
74 145
74 151
74 156
75 84
75 85
75 88
75 91
75 99
75 100
75 102
75 107
75 109
75 121
75 124
75 127
75 131
75 141
75 144
75 146
75 147
75 149
75 154
76 80
76 83
76 85
76 86
76 88
76 99
76 101
76 106
76 114
76 123
76 125
76 126
76 139
76 140
76 142
76 146
76 147
76 150
76 153
76 155
77 87
77 96
77 97
77 101
77 106
77 108
77 115
77 117
77 124
77 131
77 135
77 140
77 152
78 87
78 91
78 94
78 98
78 99
78 105
78 107
78 110
78 113
78 118
78 129
78 130
78 132
78 134
78 136
78 138
78 141
78 142
78 154
79 80
79 81
79 82
79 83
79 91
79 97
79 99
79 115
79 122
79 123
79 133
79 138
79 141
79 144
79 148
79 152
79 155
80 83
80 88
80 89
80 92
80 105
80 107
80 108
80 111
80 125
80 129
80 131
80 134
80 143
80 146
80 147
80 149
81 84
81 85
81 96
81 100
81 109
81 110
81 113
81 114
81 115
81 131
81 133
81 134
81 138
81 141
81 146
81 149
82 83
82 88
82 96
82 99
82 110
82 114
82 115
82 118
82 131
82 136
82 144
82 145
82 152
82 153
82 155
82 156
83 86
83 89
83 105
83 113
83 121
83 126
83 127
83 142
83 146
83 151
83 152
83 153
83 154
84 98
84 102
84 124
84 127
84 128
84 130
84 133
84 140
84 142
84 146
84 147
85 114
85 116
85 120
85 128
85 133
85 135
86 87
86 88
86 100
86 104
86 109
86 119
86 126
86 151
86 152
86 155
86 156
87 91
87 92
87 99
87 102
87 108
87 110
87 115
87 118
87 123
87 126
87 128
87 136
87 138
87 143
87 145
87 148
87 149
87 153
88 91
88 95
88 96
88 97
88 99
88 100
88 104
88 110
88 121
88 123
88 125
88 128
88 129
88 132
88 135
88 137
88 145
88 148
88 153
89 91
89 92
89 94
89 102
89 103
89 118
89 122
89 126
89 127
89 128
89 130
89 132
89 133
89 135
89 143
89 145
89 147
89 150
89 151
89 155
89 156
90 93
90 96
90 98
90 100
90 109
90 118
90 120
90 125
90 138
90 140
90 148
90 154
90 156
91 92
91 96
91 106
91 110
91 115
91 116
91 117
91 124
91 130
91 131
91 132
91 134
91 137
91 141
91 145
91 149
92 104
92 109
92 115
92 118
92 122
92 125
92 135
92 136
92 137
92 144
92 146
92 152
92 156
93 94
93 95
93 103
93 106
93 109
93 110
93 112
93 129
93 133
93 134
93 136
93 138
93 144
93 145
93 150
93 155
94 95
94 96
94 111
94 113
94 117
94 122
94 126
94 131
94 134
94 137
94 138
94 139
94 142
94 143
94 145
94 146
94 149
94 152
94 155
95 102
95 106
95 120
95 122
95 123
95 130
95 135
95 137
95 141
95 143
95 150
95 156
96 98
96 113
96 118
96 119
96 134
96 140
96 142
96 155
97 106
97 114
97 115
97 116
97 120
97 123
97 128
97 131
97 132
97 135
97 138
97 140
97 142
97 144
97 147
97 151
97 152
97 154
98 99
98 107
98 120
98 122
98 127
98 131
98 135
98 138
98 143
98 145
98 146
98 148
98 149
98 150
98 155
99 102
99 104
99 113
99 115
99 121
99 122
99 123
99 127
99 134
99 135
99 138
99 145
99 150
99 153
100 103
100 109
100 110
100 111
100 113
100 125
100 135
100 138
100 139
100 141
100 146
100 148
100 153
100 155
101 107
101 113
101 114
101 125
101 145
101 146
101 151
102 106
102 109
102 113
102 114
102 127
102 130
102 135
102 136
102 141
102 145
102 147
102 150
102 151
102 156
103 108
103 111
103 115
103 123
103 124
103 126
103 132
103 133
103 135
103 136
103 143
103 148
103 149
103 153
104 108
104 111
104 112
104 129
104 136
104 146
104 154
105 113
105 116
105 117
105 119
105 124
105 127
105 150
105 151
106 117
106 120
106 126
106 144
106 146
106 147
106 150
107 123
107 124
107 127
107 130
107 145
107 149
107 155
108 111
108 112
108 131
108 134
108 155
109 115
109 118
109 119
109 121
109 123
109 125
109 130
109 133
109 134
109 136
109 139
109 140
109 142
109 145
109 146
109 151
109 154
110 121
110 124
110 125
110 127
110 131
110 134
110 135
110 141
110 143
110 146
110 151
110 152
110 156
111 119
111 124
111 125
111 128
111 133
111 136
111 137
111 138
111 140
111 142
111 151
111 153
112 117
112 119
112 136
112 144
112 145
112 149
113 117
113 121
113 123
113 126
113 127
113 128
113 130
113 138
113 147
113 150
113 156
114 115
114 116
114 117
114 125
114 132
114 133
114 136
114 138
114 140
114 150
114 156
115 122
115 125
115 130
115 133
115 134
115 141
115 143
115 148
115 149
115 156
116 118
116 119
116 124
116 132
116 135
116 143
116 144
116 152
116 153
117 124
117 126
117 134
117 143
117 148
117 151
117 152
118 121
118 125
118 127
118 133
118 142
118 149
118 154
118 155
119 122
119 125
119 127
119 128
119 134
119 135
119 138
119 141
119 146
119 148
119 150
119 151
119 155
120 122
120 130
120 132
120 134
120 137
120 142
120 145
120 149
120 153
121 133
121 144
121 148
121 153
122 130
122 133
122 141
122 144
122 151
123 127
123 133
123 134
123 143
123 146
123 148
123 152
124 129
124 147
124 151
124 153
124 155
124 156
125 126
125 136
125 138
125 142
125 153
126 130
126 132
126 138
126 140
126 141
126 149
126 150
126 151
127 133
127 134
127 141
127 149
127 150
128 133
128 141
128 151
129 130
129 136
129 137
129 140
129 143
130 137
130 139
130 141
130 150
130 151
130 153
130 156
131 139
131 144
131 148
131 150
131 152
131 154
132 137
132 144
132 146
132 152
132 153
132 154
133 145
133 146
133 147
133 149
133 153
134 144
134 156
135 138
135 140
135 145
135 146
135 147
135 151
135 152
135 153
136 143
136 149
136 150
136 151
136 153
137 145
137 146
137 152
137 153
137 155
137 156
138 139
138 141
138 144
138 149
138 155
138 156
139 140
139 144
139 154
140 147
140 151
141 142
141 145
142 151
142 156
143 144
143 153
144 149
144 155
145 146
145 154
145 156
147 153
148 152
149 150
149 152
150 152
150 156
151 155
151 156
152 153
152 156
153 154
