8814 3634 2084 806 1339 .742 278 1807 
8502 3512 1999 647 1174 .777 458 1862 
9030 3603 2161 639 1325 .771 473 1790 
8625 3573 2133 783 1103 .733 410 1804 
8832 3425 2349 615 1120 .802 536 1580 
8141 3499 1683 649 1459 .705 355 2302 
8626 3830 1735 651 1413 .756 565 2039 
8252 3608 1941 580 1152 .729 249 1747 
9014 3603 2010 693 1451 .717 383 2056 
8531 3517 2115 682 1295 .758 543 1699 
8836 3675 2144 615 1256 .766 403 2045 
8783 3543 2242 847 1338 .718 491 1920 
8546 3391 2013 782 1266 .756 431 1778 
8495 3518 1688 609 1287 .771 350 2011 
8392 3163 2084 863 1363 .742 393 1978 
8046 3144 2001 649 1422 .798 455 2028 
8431 3797 1872 693 1355 .767 526 1892 
8328 3810 2125 680 1296 .741 372 2111 
8652 3606 1952 542 1429 .730 467 1925 
8556 3462 2038 672 1362 .786 566 1604 
9298 3651 2087 752 1359 .753 455 1739 
8898 3733 1969 770 1215 .745 425 1892 
8847 3418 2075 768 1364 .762 348 2085 
8652 3461 2012 582 1227 .765 514 1844 
8884 3476 1906 944 1267 .761 409 1971 
8709 3504 2177 746 1270 .766 344 1965 
8353 3348 2110 673 1323 .748 359 1795 
