8901 3460 1820 717 1270 .764 353 1871 
9023 3773 2423 539 1256 .832 455 1717 
8232 3173 2080 778 1226 .756 262 1889 
8977 3354 2172 814 1247 .778 388 1906 
8411 3508 2106 645 1243 .744 512 1666 
8384 3461 1776 664 1228 .767 398 1733 
9397 3701 2275 814 1136 .789 329 2047 
8556 3643 1996 512 1233 .761 418 1961 
9534 3300 1978 756 1415 .809 488 2010 
8752 3855 2194 809 1513 .720 551 1934 
8962 3328 2023 552 1342 .816 350 1972 
8509 3418 1978 782 1547 .738 507 1859 
9079 3557 2232 655 1226 .787 445 1737 
8247 3555 1957 736 1557 .687 388 2123 
8691 3354 2046 826 1315 .758 326 2086 
7803 3249 1844 789 1197 .747 344 1901 
8208 3687 1475 774 1360 .746 481 1952 
8879 3613 2140 714 1412 .756 492 1828 
9090 3769 1993 617 1407 .756 294 1975 
9039 3517 1932 687 1209 .788 365 1697 
9423 3704 2109 668 1275 .795 501 1825 
9365 3907 2085 749 1356 .743 364 2048 
8341 3315 2052 546 1239 .771 392 1863 
8718 3637 2037 799 1399 .745 554 1854 
8769 3578 1874 701 1336 .741 335 2064 
8760 3454 2212 677 1410 .754 491 2031 
8832 3648 2214 561 1201 .764 424 1929 
