8318 3673 2056 915 1252 .752 449 1625 
8267 3417 1928 674 1242 .730 440 1849 
8732 3494 2214 724 1266 .764 394 1747 
8033 3534 2102 740 1306 .705 354 1750 
8296 3443 2049 705 1136 .770 426 1701 
7801 3421 1629 767 1393 .747 299 2007 
8221 3662 1763 679 1422 .718 686 1926 
7949 3347 1767 602 1236 .731 309 1935 
8844 3579 2198 804 1433 .664 511 1789 
8292 3545 2087 717 1338 .743 485 1646 
8280 3539 2055 706 1440 .738 457 1974 
8447 3530 2169 807 1474 .709 421 1769 
8233 3464 1983 751 1197 .717 461 1877 
8475 3642 1856 643 1315 .785 374 2024 
7949 3280 1946 800 1343 .702 407 1821 
7930 3333 1967 600 1478 .772 440 2016 
8461 3856 1900 696 1196 .762 576 1693 
8076 3717 2067 752 1360 .746 385 2001 
8666 3533 2070 683 1327 .678 456 1713 
8033 3406 1827 663 1368 .714 525 1488 
8876 3673 2261 745 1305 .728 460 1639 
8795 3762 2070 744 1210 .743 409 1827 
8291 3471 2029 669 1333 .731 355 1979 
8202 3786 1896 561 1198 .742 450 1662 
8687 3381 2112 1053 1262 .745 365 1914 
8354 3444 2179 751 1191 .740 364 1988 
8229 3260 1823 701 1403 .748 321 1715 
