9003 3655 1864 729 1231 .800 374 1768 
9145 3785 2160 672 1320 .824 565 1695 
8428 3227 2019 759 1290 .779 304 1946 
9024 3490 2212 822 1184 .760 438 1751 
8343 3340 2240 643 1281 .765 450 1672 
8195 3344 1821 581 1186 .761 397 1840 
9828 4050 2005 856 1332 .763 406 2235 
8205 3658 1825 487 1181 .763 367 1869 
9564 3419 1954 803 1359 .783 378 2207 
8753 3783 1906 796 1402 .741 409 1874 
9159 3394 2181 658 1355 .811 357 2088 
8491 3746 2119 725 1438 .702 507 2043 
8717 3518 2091 642 1203 .798 384 1524 
8349 3534 1904 756 1551 .715 387 2080 
8727 3241 2075 894 1321 .801 330 2033 
8169 3388 1885 712 1062 .735 440 1864 
8441 3748 1782 748 1423 .739 600 1954 
8455 3489 2172 638 1379 .770 418 1764 
8684 3662 1809 602 1391 .743 306 1976 
8641 3480 1824 678 1230 .790 479 1629 
9348 3730 2209 687 1302 .770 535 1850 
9407 3763 2254 724 1309 .753 410 1975 
7928 3245 1991 631 1272 .732 513 2075 
8782 3788 2140 670 1445 .766 571 1896 
8744 3395 2042 861 1404 .750 380 1973 
8527 3341 2217 652 1305 .789 451 1796 
8313 3563 2081 588 1359 .729 468 1927 
