7711 3400 1656 667 1275 .765 350 1702 
7901 3461 1722 793 1114 .764 292 1776 
7700 3564 1759 653 1150 .745 456 1747 
7335 3283 1817 633 1252 .722 361 1834 
7812 3451 1891 572 1196 .772 470 1752 
8629 3486 1811 581 992 .806 392 1842 
7559 3427 1817 613 1205 .744 462 1873 
7735 3176 1765 648 1193 .756 565 1695 
8009 3827 1706 650 1378 .722 523 1884 
7572 3436 1482 537 1156 .741 445 1476 
7938 3498 1884 658 1249 .772 436 1876 
7846 3557 1714 510 1214 .739 540 1624 
8304 3629 1882 625 1040 .699 478 1823 
7372 3397 1785 646 1344 .708 488 1571 
7150 3446 1664 547 1217 .724 448 1846 
7996 3398 1847 596 1157 .748 388 1788 
8145 3621 1993 524 1097 .798 427 1739 
7889 3554 1990 716 1189 .735 490 1734 
7514 3334 1720 558 1192 .787 288 1800 
8240 3382 1804 665 1119 .754 384 1700 
7461 3626 1638 705 1256 .779 363 1645 
7802 3502 1838 668 1205 .767 401 1785 
7925 3529 1926 702 1172 .763 368 1613 
8578 3715 1958 741 1128 .751 375 1560 
7932 3473 1643 625 1180 .742 537 1575 
8014 3301 1926 698 1124 .755 364 1732 
7494 3450 1779 688 1174 .739 454 1771 
7871 3458 1999 749 1353 .763 523 1971 
7609 3448 1715 570 1068 .765 354 1763 
