8032 3351 2007 664 1219 .715 369 1473 
7818 3187 1843 667 1181 .776 365 1717 
7944 3507 1668 599 1206 .731 391 1500 
7661 3306 1587 591 1153 .750 479 1561 
7641 3540 1886 588 1171 .773 417 1617 
7913 3363 1694 647 1149 .756 334 1737 
8293 3437 1906 648 1144 .793 454 1698 
8704 3693 2002 762 1253 .701 533 1682 
7778 3454 1742 574 1241 .699 400 1623 
8296 3686 1845 567 1236 .790 346 1753 
8688 3561 1902 679 1348 .754 359 1662 
7674 3714 1645 580 1227 .746 513 1623 
8289 3413 1958 784 1197 .711 461 1716 
8381 3674 1818 576 1232 .692 429 1467 
7659 3504 1715 703 1144 .773 436 1660 
8436 3166 1890 710 1143 .754 441 1533 
8108 3605 1876 685 1156 .736 550 1554 
7851 3446 1836 700 1214 .742 387 1509 
7714 3414 1721 520 1193 .776 440 1673 
8196 3326 1579 672 988 .759 294 1650 
8669 3579 1753 679 1253 .828 624 1654 
7718 3502 1871 528 1191 .755 358 1591 
7640 3389 1867 609 1070 .729 384 1505 
7805 3413 1855 659 1278 .744 434 1688 
7995 3348 1784 538 1203 .776 353 1518 
8219 3328 1708 671 1199 .769 342 1717 
8448 3387 2058 695 1206 .791 446 1427 
7971 3297 1765 595 1124 .788 392 1836 
8038 3446 1859 690 1210 .764 515 1750 
7644 3539 1775 598 1238 .733 376 1681 
