8338 3420 1789 592 980 .759 413 1632 
8136 3165 1930 701 1219 .746 402 1816 
7813 3348 1658 632 1290 .751 446 1597 
7993 3652 1704 531 1175 .754 478 1648 
8373 3483 1835 564 1137 .720 425 1591 
8364 3420 1917 624 1059 .816 449 1563 
8729 3394 1719 683 1136 .772 417 1844 
7709 3295 1591 596 1100 .728 313 1822 
8922 3150 1839 761 1204 .782 340 1886 
8395 3442 1790 583 1188 .772 318 1712 
8263 3403 1730 585 1232 .775 439 1848 
7849 3429 1810 532 1285 .730 466 1581 
8339 3635 1730 612 1096 .765 400 1592 
8404 3566 1543 645 1248 .733 399 1655 
7914 3428 1548 605 1079 .752 457 1710 
8009 3525 1740 580 1085 .755 385 1823 
8051 3518 1626 597 1333 .746 306 1699 
7575 3255 1540 573 1182 .780 393 1643 
8220 3302 1828 625 1103 .778 300 1606 
8373 3313 1772 586 1148 .782 305 1638 
8322 3567 1639 654 1227 .805 481 1743 
8426 3546 1615 512 1155 .724 456 1629 
8014 3362 1723 667 1192 .756 439 1677 
9039 3526 1912 479 1210 .770 418 1713 
8045 3296 1674 523 1012 .790 350 1715 
8200 3495 1679 564 1226 .726 366 1827 
8312 3508 1829 516 1116 .740 381 1669 
8534 3313 1804 469 1100 .764 384 1819 
8547 3460 2187 675 1246 .741 400 1859 
7892 3424 1557 493 1219 .762 421 1752 
