6375 2718 1481 536 921 .740 303 1178 
6062 2560 1557 498 979 .778 362 1315 
5739 2571 1326 397 957 .746 361 1249 
6359 3080 1527 456 923 .722 388 1139 
6140 2790 1308 466 1017 .716 262 1317 
6322 2822 1380 565 926 .771 337 1226 
6872 2843 1581 540 1015 .735 330 1297 
5997 2657 1232 460 1033 .752 278 1293 
6453 2587 1470 528 915 .770 362 1410 
6474 2783 1404 496 955 .782 319 1347 
6449 2896 1228 523 925 .782 357 1430 
6438 2743 1385 556 879 .680 315 1399 
6422 3050 1485 390 997 .756 351 1109 
6269 2775 1290 631 955 .759 345 1316 
6500 2746 1317 585 1002 .775 355 1282 
6535 2803 1550 548 929 .774 335 1273 
6464 2886 1290 436 1001 .771 293 1212 
6144 2662 1311 493 995 .777 260 1268 
5916 2715 1368 488 1024 .757 316 1324 
6458 2755 1328 622 1056 .741 276 1391 
6802 2883 1224 498 1079 .806 539 1352 
6215 2802 1321 451 984 .660 275 1168 
6180 2848 1453 526 738 .742 340 1157 
6492 2752 1486 431 928 .757 366 1233 
6415 2684 1349 528 935 .796 322 1251 
6518 2829 1271 561 952 .736 323 1287 
6841 2836 1528 490 895 .748 293 1143 
5986 2771 1382 429 1001 .770 321 1532 
6577 2916 1439 545 936 .754 385 1441 
6180 2750 1262 527 1008 .727 417 1405 
