8433 3451 2100 747 1226 .783 486 1570 
8669 3683 1981 752 1127 .788 348 1796 
8089 3477 1829 627 1212 .757 332 1476 
8479 3603 1778 595 1030 .790 438 1487 
8335 3796 1870 495 1141 .787 470 1545 
8555 3650 1861 551 1114 .748 317 1666 
8388 3532 1813 560 1047 .794 306 1595 
8355 3659 1858 609 1202 .766 395 1723 
8361 3798 1594 573 1110 .668 304 1557 
9421 3788 2373 689 1245 .763 498 1701 
8737 3531 1821 821 1307 .694 430 1790 
8377 3626 1741 742 1219 .764 391 1641 
8569 3448 1873 709 1063 .692 460 1746 
7982 3523 1478 593 1124 .781 337 1662 
8126 3413 1697 724 1090 .783 350 1783 
8204 3618 1709 553 1155 .744 531 1502 
8122 3417 1895 672 1247 .747 475 1695 
8398 3408 1916 656 1231 .792 375 1696 
8423 3494 1818 633 1102 .776 342 1713 
8065 3638 1682 467 1099 .805 466 1616 
9038 3987 1883 603 1305 .782 487 1691 
8369 3552 1933 673 1155 .757 417 1701 
7988 3382 1765 680 1343 .694 495 1780 
8271 3676 1701 632 1410 .751 313 1858 
8622 3730 1748 562 1200 .754 380 1782 
8740 3628 2009 733 1326 .725 368 1676 
8490 3601 2010 677 1071 .803 485 1433 
8422 3560 1536 636 1073 .777 449 1610 
8010 3545 1555 631 1224 .744 425 1655 
8534 3431 2005 708 1186 .730 323 1708 
