Rk,Team,PTS,TRB,AST,STL,TOV,FT%,BLK,PF 
1,DenverNuggets,9573,3605,2300,832,1186,.804,401,1982 
2,PortlandTrailBlazers,9518,3742,2307,726,1351,.770,347,2091 
3,BostonCeltics,9315,3370,2448,620,1304,.803,415,1804 
4,SanAntonioSpurs,9314,3519,2344,739,1418,.733,468,1991 
5,LosAngelesLakers,9250,3564,2347,672,1318,.789,404,1715 
6,SeattleSuperSonics,9135,3627,2146,775,1376,.748,447,2380 
7,DallasMavericks,8960,3836,1984,645,1257,.789,446,1734 
8,DetroitPistons,8957,3663,2011,588,1348,.757,394,1957 
9,HoustonRockets,8935,3769,1936,712,1367,.780,502,1865 
10,UtahJazz,8899,3619,2407,771,1481,.750,627,1986 
11,PhoenixSuns,8901,3492,2332,675,1413,.764,353,2045 
12,SacramentoKings,8855,3693,2116,582,1457,.772,493,1895 
13,AtlantaHawks,8844,3607,2062,635,1225,.767,537,2050 
14,GoldenStateWarriors,8771,3392,2005,741,1395,.796,283,2155 
15,MilwaukeeBucks,8697,3452,2194,671,1275,.775,380,1989 
16,Philadelphia76ers,8667,3526,1897,672,1433,.764,465,1866 
17,WashingtonBullets,8653,3526,1875,698,1384,.773,502,1922 
18,NewYorkKnicks,8655,3480,2012,789,1518,.759,445,2361 
19,ChicagoBulls,8609,3629,2149,712,1263,.759,475,1849 
20,IndianaPacers,8581,3535,1977,619,1318,.780,345,2038 
21,ClevelandCavaliers,8566,3304,2070,733,1439,.744,526,1836 
22,NewJerseyNets,8235,3337,1795,727,1503,.729,385,2042 
23,LosAngelesClippers,8103,3541,1885,721,1534,.713,520,1908 
