Rk,Team,PTS,TRB,AST,STL,TOV,FT%,BLK,PF 
1,PhoenixSuns,9727,3714,2280,693,1279,.791,416,1933 
2,DenverNuggets,9675,3719,2282,811,1225,.787,436,2088 
3,NewYorkKnicks,9567,3587,2083,900,1572,.752,446,2053 
4,GoldenStateWarriors,9558,3884,2009,831,1488,.799,643,1946 
5,LosAngelesLakers,9406,3706,2282,724,1344,.802,421,1672 
6,PortlandTrailBlazers,9395,3765,2212,828,1435,.740,388,2026 
7,SeattleSuperSonics,9196,3635,2083,864,1403,.746,494,2027 
8,Philadelphia76ers,9174,3499,2110,689,1214,.787,354,1721 
9,AtlantaHawks,9102,3688,1990,817,1310,.800,474,1880 
10,BostonCeltics,8958,3621,2189,639,1336,.783,418,1876 
11,MilwaukeeBucks,8932,3405,2071,821,1305,.821,323,1953 
12,ClevelandCavaliers,8923,3508,2260,791,1323,.747,586,1592 
13,HoustonRockets,8897,3765,2016,789,1569,.755,501,2026 
14,WashingtonBullets,8879,3608,2048,694,1291,.772,325,2054 
15,IndianaPacers,8767,3562,2012,563,1547,.789,418,2105 
16,DetroitPistons,8740,3700,2027,522,1336,.769,406,1939 
17,ChicagoBulls,8726,3471,2213,722,1327,.786,376,1855 
18,LosAngelesClippers,8712,3540,2208,815,1666,.723,530,1937 
19,SanAntonioSpurs,8652,3476,2037,961,1712,.698,423,2153 
20,SacramentoKings,8651,3595,1970,624,1370,.770,409,1877 
21,UtahJazz,8588,3657,2108,720,1532,.770,583,1894 
22,CharlotteHornets,8566,3338,2323,705,1318,.767,264,2068 
23,NewJerseyNets,8506,3623,1793,773,1449,.731,431,1966 
24,DallasMavericks,8484,3445,1867,579,1233,.789,476,1739 
25,MiamiHeat,8016,3520,1958,744,1728,.702,408,2124 
