Rk,Team,PTS,TRB,AST,STL,TOV,FT%,BLK,PF 
1,GoldenStateWarriors,9105,3541,1833,744,1082,.752,377,1875 
2,DenverNuggets,9074,3616,2024,752,1203,.751,551,1731 
3,PhoenixSuns,9026,3403,2188,532,1184,.783,518,1633 
4,LosAngelesLakers,8904,3620,2003,654,1156,.769,438,1691 
5,UtahJazz,8710,3352,2165,717,1200,.759,355,1970 
6,OrlandoMagic,8567,3445,1706,520,1173,.721,333,1688 
7,IndianaPacers,8527,3537,1864,623,1236,.768,412,1921 
8,SacramentoKings,8408,3285,1567,651,1317,.798,334,1839 
9,NewOrleansHornets,8270,3431,1785,637,974,.769,321,1531 
10,MemphisGrizzlies,8257,3415,1574,503,1251,.723,386,1592 
11,BostonCeltics,8245,3445,1833,696,1246,.771,379,1864 
12,DallasMavericks,8234,3526,1720,490,1037,.814,402,1786 
13,TorontoRaptors,8215,3286,1953,570,959,.812,336,1596 
14,WashingtonWizards,8104,3411,1607,632,1082,.782,391,1606 
15,AtlantaHawks,8054,3462,1804,600,1223,.772,448,1673 
16,DetroitPistons,7992,3397,1831,583,956,.767,472,1688 
17,SeattleSuperSonics,7999,3659,1748,531,1310,.770,400,1680 
18,ChicagoBulls,7981,3528,1811,635,1197,.756,429,1784 
19,CharlotteBobcats,7959,3332,1748,614,1204,.714,402,1777 
20,MilwaukeeBucks,7956,3418,1760,544,1210,.733,361,1748 
21,NewYorkKnicks,7948,3486,1530,521,1187,.727,213,1761 
22,HoustonRockets,7931,3661,1757,598,1125,.726,420,1609 
23,Philadelphia76ers,7923,3437,1673,712,1172,.706,400,1620 
24,ClevelandCavaliers,7903,3655,1640,579,1145,.717,427,1712 
25,NewJerseyNets,7857,3433,1925,521,1229,.736,390,1855 
26,MinnesotaTimberwolves,7839,3392,1630,616,1188,.736,306,1885 
27,SanAntonioSpurs,7820,3383,1718,521,1035,.761,337,1537 
28,PortlandTrailBlazers,7820,3339,1733,455,1056,.767,360,1642 
29,LosAngelesClippers,7692,3291,1732,557,1180,.781,398,1745 
30,MiamiHeat,7491,3085,1644,589,1202,.727,355,1670 
