Rk,Team,PTS,TRB,AST,STL,TOV,FT%,BLK,PF 
1,PhoenixSuns,9037,3320,2122,553,1189,.808,394,1659 
2,GoldenStateWarriors,8737,3396,1950,750,1309,.717,466,1933 
3,DenverNuggets,8639,3559,1920,678,1352,.746,435,1756 
4,WashingtonWizards,8556,3377,1660,635,1133,.765,375,1823 
5,LosAngelesLakers,8474,3381,1850,600,1273,.747,421,1889 
6,MemphisGrizzlies,8331,3241,1680,564,1343,.761,407,1827 
7,UtahJazz,8322,3486,2024,577,1277,.743,339,2067 
8,SacramentoKings,8303,3193,1665,671,1194,.765,265,1792 
9,DallasMavericks,8201,3435,1632,560,1140,.805,408,1837 
10,MilwaukeeBucks,8172,3213,1771,587,1240,.733,224,1821 
11,TorontoRaptors,8157,3235,1822,581,1104,.788,321,1672 
12,SeattleSuperSonics,8130,3250,1695,631,1268,.791,301,1801 
13,ChicagoBulls,8100,3581,1832,639,1310,.734,445,1908 
14,SanAntonioSpurs,8079,3338,1814,587,1137,.751,417,1588 
15,NewJerseyNets,8001,3347,1962,499,1212,.727,273,1869 
16,NewYorkKnicks,7994,3548,1532,543,1405,.715,260,1932 
17,HoustonRockets,7953,3553,1704,583,1162,.753,337,1710 
18,CharlotteBobcats,7945,3266,1836,638,1224,.734,369,1985 
19,ClevelandCavaliers,7934,3568,1708,625,1177,.696,353,1781 
20,MinnesotaTimberwolves,7877,3293,1848,532,1278,.792,325,1758 
21,DetroitPistons,7872,3322,1768,583,1001,.774,472,1672 
22,BostonCeltics,7857,3309,1630,589,1350,.767,382,1971 
23,IndianaPacers,7840,3431,1680,599,1335,.760,447,1912 
24,LosAngelesClippers,7843,3372,1762,596,1239,.788,472,1858 
25,NewOrleans/OklahomaCityHornets,7833,3537,1537,522,1187,.740,347,1620 
26,Philadelphia76ers,7785,3252,1669,590,1258,.767,390,1671 
27,OrlandoMagic,7771,3338,1525,565,1392,.702,416,1904 
28,MiamiHeat,7759,3343,1681,566,1201,.690,442,1749 
29,PortlandTrailBlazers,7717,3222,1513,555,1236,.769,380,1931 
30,AtlantaHawks,7680,3288,1573,609,1306,.761,446,1970 
