Rk,Team,PTS,TRB,AST,STL,TOV,FT%,BLK,PF 
1,LosAngelesClippers,8850,3526,2016,703,1136,.730,397,1767 
2,HoustonRockets,8829,3717,1755,621,1323,.712,461,1676 
3,MinnesotaTimberwolves,8768,3668,1963,718,1142,.778,297,1504 
4,PortlandTrailBlazers,8753,3808,1904,454,1125,.815,387,1576 
5,OklahomaCityThunder,8705,3668,1794,678,1256,.806,501,1858 
6,SanAntonioSpurs,8639,3548,2064,604,1180,.785,420,1495 
7,PhoenixSuns,8629,3529,1563,688,1258,.758,374,1798 
8,DallasMavericks,8597,3354,1935,704,1110,.795,356,1636 
9,DenverNuggets,8559,3726,1838,615,1305,.726,459,1890 
10,GoldenStateWarriors,8549,3715,1912,642,1247,.753,407,1784 
11,LosAngelesLakers,8442,3365,2006,611,1239,.757,446,1627 
12,MiamiHeat,8380,3024,1847,732,1212,.760,367,1596 
13,TorontoRaptors,8305,3487,1737,577,1159,.782,343,1882 
14,AtlantaHawks,8282,3278,2041,680,1251,.781,326,1577 
15,DetroitPistons,8286,3721,1714,687,1193,.670,395,1666 
16,WashingtonWizards,8254,3459,1909,668,1204,.731,377,1675 
17,SacramentoKings,8241,3646,1547,587,1249,.759,318,1849 
18,NewOrleansPelicans,8177,3419,1745,647,1129,.769,523,1857 
19,Philadelphia76ers,8155,3505,1791,765,1384,.710,330,1844 
20,NewYorkKnicks,8084,3307,1641,631,1063,.761,367,1815 
21,BrooklynNets,8079,3128,1714,705,1191,.753,311,1777 
22,ClevelandCavaliers,8054,3618,1738,579,1163,.751,304,1640 
23,CharlotteBobcats,7942,3500,1778,499,1010,.737,421,1493 
24,IndianaPacers,7933,3665,1651,550,1237,.779,446,1675 
25,OrlandoMagic,7914,3448,1726,630,1222,.763,350,1678 
26,BostonCeltics,7892,3485,1726,584,1261,.777,343,1743 
27,MemphisGrizzlies,7884,3476,1792,631,1124,.741,375,1568 
28,MilwaukeeBucks,7829,3370,1760,541,1238,.747,403,1713 
29,UtahJazz,7791,3381,1664,570,1200,.747,366,1699 
30,ChicagoBulls,7680,3620,1860,594,1223,.779,424,1565 
