Rk,Team,PTS,TRB,AST,STL,TOV,FT%,BLK,PF 
1,ChicagoBulls,8625,3658,2033,745,1175,.746,345,1807 
2,OrlandoMagic,8571,3367,2080,663,1160,.691,406,1709 
3,SeattleSuperSonics,8572,3403,1999,882,1441,.760,393,1967 
4,PhoenixSuns,8552,3510,2001,623,1207,.771,331,1776 
5,BostonCeltics,8495,3477,1792,653,1302,.714,406,2041 
6,SanAntonioSpurs,8477,3523,2044,645,1195,.736,536,1820 
7,LosAngelesLakers,8438,3298,2080,722,1163,.746,516,1702 
8,CharlotteHornets,8431,3243,1907,582,1241,.770,277,1815 
9,HoustonRockets,8404,3374,1982,645,1245,.765,476,1753 
10,WashingtonBullets,8408,3257,1815,592,1327,.728,506,1981 
11,DallasMavericks,8409,3787,1913,642,1270,.722,342,1836 
12,UtahJazz,8404,3366,2139,667,1215,.768,418,2046 
13,GoldenStateWarriors,8334,3458,1889,706,1343,.759,470,1835 
14,SacramentoKings,8163,3459,1829,643,1442,.731,436,2131 
15,LosAngelesClippers,8153,3169,1672,703,1355,.702,411,2008 
16,IndianaPacers,8144,3272,1917,579,1335,.755,323,2031 
17,PortlandTrailBlazers,8145,3737,1760,594,1377,.662,417,1859 
18,AtlantaHawks,8059,3330,1609,771,1228,.757,319,1714 
19,MinnesotaTimberwolves,8024,3256,1867,650,1426,.777,481,1994 
20,DenverNuggets,8013,3544,1851,521,1265,.743,597,1882 
21,TorontoRaptors,7994,3284,1927,745,1544,.723,493,1987 
22,NewYorkKnicks,7971,3278,1822,645,1272,.757,377,1864 
23,MiamiHeat,7909,3494,1752,574,1394,.710,439,2158 
24,MilwaukeeBucks,7837,3137,1755,582,1295,.738,307,1943 
25,DetroitPistons,7822,3324,1610,506,1215,.751,352,1953 
26,Philadelphia76ers,7746,3192,1629,643,1414,.734,420,1777 
27,NewJerseyNets,7684,3853,1752,627,1375,.745,571,1880 
28,ClevelandCavaliers,7473,2922,1818,674,1073,.763,340,1685 
29,VancouverGrizzlies,7362,3127,1706,728,1347,.724,333,1852 
