Rk,Team,PTS,TRB,AST,STL,TOV,FT%,BLK,PF 
1,GoldenStateWarriors,9016,3667,2248,762,1185,.768,496,1628 
2,LosAngelesClippers,8751,3495,2031,640,1012,.710,409,1749 
3,DallasMavericks,8628,3466,1846,663,1062,.752,371,1644 
4,OklahomaCityThunder,8524,3896,1681,598,1205,.754,454,1829 
5,TorontoRaptors,8527,3407,1701,615,1057,.787,357,1712 
6,HoustonRockets,8522,3582,1820,777,1366,.715,407,1803 
7,SanAntonioSpurs,8461,3578,2000,657,1146,.780,444,1564 
8,ClevelandCavaliers,8457,3523,1814,603,1171,.751,340,1510 
9,PortlandTrailBlazers,8429,3760,1799,525,1117,.801,372,1494 
10,AtlantaHawks,8409,3326,2111,744,1167,.778,380,1457 
11,PhoenixSuns,8397,3539,1659,700,1238,.760,385,1744 
12,DenverNuggets,8320,3665,1788,641,1166,.734,367,1882 
13,BostonCeltics,8312,3595,2009,674,1133,.754,294,1738 
14,SacramentoKings,8310,3623,1667,550,1333,.762,324,1696 
15,ChicagoBulls,8265,3751,1781,514,1145,.783,476,1495 
16,NewOrleansPelicans,8147,3563,1806,553,1087,.751,510,1530 
17,LosAngelesLakers,8073,3599,1715,578,1086,.741,366,1741 
18,WashingtonWizards,8080,3663,1969,601,1233,.742,378,1707 
19,DetroitPistons,8077,3681,1771,623,1099,.703,383,1559 
20,MemphisGrizzlies,8062,3490,1777,700,1094,.773,347,1567 
21,BrooklynNets,8038,3473,1716,576,1133,.748,340,1579 
22,MilwaukeeBucks,8023,3450,1932,789,1373,.757,403,1814 
23,MinnesotaTimberwolves,8016,3355,1771,668,1231,.776,327,1571 
24,IndianaPacers,7981,3678,1757,505,1147,.756,375,1742 
25,OrlandoMagic,7847,3429,1692,647,1221,.729,314,1714 
26,UtahJazz,7801,3605,1632,623,1256,.721,489,1583 
27,MiamiHeat,7764,3208,1626,642,1214,.741,372,1636 
28,CharlotteHornets,7721,3613,1654,499,976,.748,448,1494 
29,Philadelphia76ers,7542,3514,1683,789,1453,.676,487,1778 
30,NewYorkKnicks,7535,3310,1746,575,1206,.769,382,1768 
