Rk,Team,PTS,TRB,AST,STL,TOV,FT%,BLK,PF 
1,DallasMavericks,8626,3712,1963,656,1000,.796,437,1609 
2,SacramentoKings,8433,3380,2152,710,1137,.795,325,1586 
3,LosAngelesLakers,8052,3536,1948,682,1132,.693,379,1732 
4,MilwaukeeBucks,8039,3462,1872,554,1110,.775,383,1668 
5,DenverNuggets,7972,3470,1794,745,1278,.767,520,1804 
6,SeattleSuperSonics,7964,3225,1782,661,1188,.765,387,1784 
7,MemphisGrizzlies,7930,3428,1915,795,1226,.727,565,1903 
8,BostonCeltics,7811,3291,1683,770,1332,.750,331,1837 
9,LosAngelesClippers,7771,3565,1653,594,1344,.785,376,1816 
10,MinnesotaTimberwolves,7753,3520,1890,561,1043,.781,462,1731 
11,PhoenixSuns,7723,3330,1586,734,1249,.746,383,1862 
12,OrlandoMagic,7711,3353,1584,547,1123,.737,308,1744 
13,GoldenStateWarriors,7649,3535,1681,576,1211,.725,389,1691 
14,ClevelandCavaliers,7619,3737,1808,585,1216,.753,537,1743 
15,AtlantaHawks,7611,3503,1648,627,1350,.776,408,1826 
16,NewYorkKnicks,7542,3493,1695,608,1289,.793,391,1897 
17,WashingtonWizards,7528,3507,1537,733,1439,.714,406,1712 
18,NewOrleansHornets,7529,3509,1716,708,1228,.751,346,1715 
19,SanAntonioSpurs,7501,3698,1676,661,1203,.681,537,1667 
20,IndianaPacers,7493,3417,1774,726,1182,.764,411,1709 
21,PortlandTrailBlazers,7440,3416,1768,613,1213,.731,443,1554 
22,NewJerseyNets,7401,3335,2009,709,1209,.753,322,1722 
23,MiamiHeat,7402,3399,1565,590,1137,.762,313,1812 
24,DetroitPistons,7388,3506,1702,659,1241,.753,570,1664 
25,HoustonRockets,7362,3494,1579,560,1373,.773,443,1762 
26,ChicagoBulls,7355,3567,1793,659,1321,.725,396,1911 
27,UtahJazz,7271,3375,1671,583,1365,.746,494,2096 
28,Philadelphia76ers,7215,3349,1640,654,1307,.753,358,1701 
29,TorontoRaptors,7006,3249,1574,604,1164,.750,402,1748 
