Rk,Team,PTS,TRB,AST,STL,TOV,FT%,BLK,PF 
1,PhoenixSuns,8974,3420,1905,589,1288,.744,420,1691 
2,GoldenStateWarriors,8905,3445,1711,638,1201,.791,527,1842 
3,LosAngelesLakers,8768,3602,1908,718,1103,.770,420,1698 
4,NewYorkKnicks,8627,3456,1738,610,1174,.784,204,1672 
5,IndianaPacers,8617,3585,1775,573,1189,.807,434,1895 
6,DenverNuggets,8555,3412,1820,710,1257,.760,492,1874 
7,UtahJazz,8492,3363,2024,719,1210,.771,374,1830 
8,ChicagoBulls,8378,3451,1732,615,1192,.796,453,1709 
9,DallasMavericks,8343,3504,1779,591,1043,.819,429,1600 
10,OrlandoMagic,8286,3547,1593,570,1142,.715,439,1664 
11,BostonCeltics,8275,3455,1862,621,1280,.765,387,1897 
12,SacramentoKings,8248,3206,1619,569,1266,.798,349,1910 
13,ClevelandCavaliers,8223,3460,1663,593,1045,.757,435,1663 
14,PortlandTrailBlazers,8153,3420,1667,550,1055,.765,402,1671 
15,MilwaukeeBucks,8142,3340,1802,609,1154,.780,308,1986 
16,TorontoRaptors,8121,3315,1835,523,1098,.824,390,1593 
17,HoustonRockets,8070,3524,1662,548,1158,.805,355,1553 
18,MiamiHeat,8061,3239,1671,651,1026,.754,451,1696 
19,NewJerseyNets,8044,3265,1636,559,1075,.779,391,1838 
20,AtlantaHawks,8046,3282,1657,603,1048,.737,376,1610 
21,MinnesotaTimberwolves,8019,3417,1674,512,1165,.769,322,1785 
22,Philadelphia76ers,7987,3375,1647,658,1157,.745,415,1650 
23,OklahomaCityThunder,7952,3496,1663,608,1330,.786,371,1655 
24,SanAntonioSpurs,7958,3366,1736,474,963,.761,329,1546 
25,WashingtonWizards,7877,3286,1641,619,1146,.767,365,1679 
26,NewOrleansHornets,7857,3255,1609,593,1029,.807,338,1665 
27,LosAngelesClippers,7799,3267,1723,572,1221,.736,482,1650 
28,DetroitPistons,7727,3397,1689,493,973,.751,377,1712 
29,MemphisGrizzlies,7698,3184,1423,615,1252,.756,385,1777 
30,CharlotteBobcats,7677,3252,1741,580,1279,.740,397,1754 
