Rk,Team,PTS,TRB,AST,STL,TOV,FT%,BLK,PF 
1,SacramentoKings,8607,3691,1953,787,1325,.754,381,1729 
2,DetroitPistons,8483,3375,1707,665,1288,.781,273,2011 
3,DallasMavericks,8316,3375,1810,592,1124,.804,416,1770 
4,IndianaPacers,8306,3454,1857,559,1159,.811,422,1786 
5,MilwaukeeBucks,8300,3389,1852,671,1230,.786,381,2020 
6,LosAngelesLakers,8267,3855,1921,613,1143,.696,534,1841 
7,OrlandoMagic,8206,3685,1709,743,1443,.735,467,1967 
8,HoustonRockets,8156,3594,1774,613,1425,.733,438,1663 
9,BostonCeltics,8146,3528,1741,795,1259,.745,286,2223 
10,SeattleSuperSonics,8125,3525,1878,657,1152,.695,345,1776 
11,DenverNuggets,8115,3663,1911,554,1281,.724,618,1962 
12,PhoenixSuns,8111,3580,2098,744,1368,.759,433,1973 
13,MinnesotaTimberwolves,8079,3487,2205,622,1139,.780,444,1913 
14,CharlotteHornets,8072,3519,2023,732,1206,.758,480,1670 
15,NewJerseyNets,8036,3355,1688,720,1119,.784,393,1913 
16,PortlandTrailBlazers,7991,3526,1925,633,1243,.760,396,1865 
17,TorontoRaptors,7968,3547,1947,666,1137,.765,544,1989 
18,ClevelandCavaliers,7950,3509,1941,715,1427,.750,363,2219 
19,WashingtonWizards,7921,3502,1771,593,1320,.743,383,2149 
20,UtahJazz,7914,3362,2041,629,1220,.773,446,2013 
21,SanAntonioSpurs,7886,3593,1819,614,1233,.746,551,1716 
22,GoldenStateWarriors,7834,3738,1851,731,1302,.697,356,2043 
23,Philadelphia76ers,7771,3615,1817,791,1284,.708,386,1939 
24,MiamiHeat,7739,3540,1931,582,1231,.736,524,1947 
25,AtlantaHawks,7735,3716,1548,500,1266,.743,461,1718 
26,VancouverGrizzlies,7702,3329,1700,608,1381,.774,346,1881 
27,NewYorkKnicks,7555,3323,1588,515,1201,.781,349,1983 
28,LosAngelesClippers,7546,3332,1479,578,1325,.746,494,1821 
29,ChicagoBulls,6952,3355,1645,646,1557,.709,383,1908 
