Rk,Tm,MP,TS%,ORB%,DRB%,AST%,STL%,BLK% 
1,SAC,876,.629,8.1,15.1,4.4,1.6,2.2 
2,MEM,15,.427,0.0,15.9,31.9,10.3,0.0 
3,OKC,2014,.621,12.5,16.1,4.3,1.0,3.3 
4,NYK,2371,.531,1.1,11.0,9.9,0.5,0.3 
5,NOP,861,.514,9.3,25.9,5.8,1.1,3.4 
6,LAC,800,.626,11.9,27.1,10.0,2.9,6.7 
7,SAS,2261,.565,9.2,22.2,8.1,0.9,2.8 
8,POR,36,.500,6.0,12.1,0.0,1.4,4.4 
9,IND,1599,.532,11.1,17.8,7.1,0.8,2.1 
10,MEM,1620,.505,7.0,14.1,6.9,3.5,1.0 
11,POR,2341,.533,4.5,18.6,8.8,1.5,1.8 
12,NYK,204,.401,12.5,13.7,8.8,1.5,2.6 
13,TOT,402,.598,9.9,18.2,4.4,1.9,2.9 
13,MIA,36,.553,9.8,18.3,12.2,1.4,6.4 
13,MEM,366,.605,9.9,18.2,3.7,2.0,2.5 
14,WAS,192,.495,0.6,15.5,10.3,1.0,0.4 
15,SAC,721,.469,2.0,10.9,7.7,1.4,1.6 
16,DAL,647,.522,3.1,19.3,6.8,1.5,3.2 
17,SAS,1245,.528,2.4,19.4,13.7,2.5,1.8 
18,NOP,2008,.546,7.0,15.2,6.1,0.9,1.0 
19,MIL,2823,.566,4.6,20.0,20.0,1.7,3.4 
20,NYK,6,.750,0.0,17.9,0.0,0.0,0.0 
Rk,Tm,MP,TS%,ORB%,DRB%,AST%,STL%,BLK% 
21,NYK,2530,.530,4.3,19.5,21.9,1.3,1.1 
22,DET,96,.666,8.8,15.4,1.4,1.1,9.5 
23,ORL,27,.338,0.0,4.2,5.0,1.9,0.0 
24,HOU,2859,.551,2.6,11.6,10.0,2.8,0.8 
25,DEN,1516,.514,6.2,15.4,10.0,1.8,2.6 
26,NOP,1178,.551,10.9,28.7,3.1,0.9,1.6 
27,TOT,1178,.575,0.8,8.0,25.3,1.6,0.3 
27,OKC,519,.522,1.1,7.6,16.7,1.2,0.3 
27,DEN,659,.601,0.5,8.4,32.0,1.9,0.2 
28,LAC,107,.585,4.1,18.1,6.9,0.0,2.2 
29,NOP,845,.526,3.2,16.7,9.6,0.6,0.7 
30,CHI,103,.391,4.2,24.0,8.7,1.0,2.1 
31,GSW,1079,.545,3.0,8.4,10.6,2.0,0.7 
32,DAL,1667,.536,1.7,8.3,31.5,0.8,0.1 
33,BRK,634,.500,4.9,12.4,4.8,0.3,1.1 
34,GSW,2042,.559,4.3,12.4,7.8,1.0,0.4 
35,MEM,2190,.503,4.2,18.3,11.6,1.8,2.4 
36,DEN,2353,.535,2.7,20.0,14.4,1.5,1.3 
37,LAL,1342,.619,8.1,15.0,9.2,1.2,3.2 
38,CHO,2448,.546,2.4,16.8,26.9,1.3,1.4 
39,MIL,1505,.568,1.6,9.0,16.2,1.6,0.6 
40,DET,1233,.563,11.9,22.5,6.6,0.9,3.2 
Rk,Tm,MP,TS%,ORB%,DRB%,AST%,STL%,BLK% 
41,ATL,2083,.551,1.5,18.0,12.7,2.3,1.4 
42,WAS,1708,.547,2.6,9.8,15.6,1.5,0.5 
43,HOU,363,.563,8.8,21.1,9.1,1.5,2.1 
44,SAC,1672,.500,0.7,6.9,11.1,1.1,0.1 
45,TOR,84,.446,8.3,22.8,0.0,3.1,0.0 
46,HOU,2041,.553,3.9,9.6,17.9,2.3,1.1 
47,TOR,1808,.586,11.7,29.5,2.4,0.5,6.1 
48,MIN,1075,.594,5.4,17.2,11.4,1.2,1.6 
49,LAL,496,.537,9.2,25.4,5.2,1.4,2.9 
50,WAS,218,.414,10.1,19.4,7.3,1.8,0.7 
51,DET,986,.510,1.0,9.2,29.5,1.2,0.4 
52,PHO,1059,.557,1.8,11.2,31.8,2.9,1.5 
53,BRK,2115,.550,1.9,11.8,7.3,0.7,0.2 
54,GSW,1451,.623,9.5,26.0,14.8,1.1,5.8 
55,SAS,206,.647,1.7,12.8,6.3,1.5,0.4 
56,PHO,2108,.535,1.4,8.4,15.8,1.0,0.8 
57,UTA,1632,.533,11.9,20.4,8.2,1.9,2.1 
58,MIA,1778,.571,3.2,21.1,12.1,1.0,1.5 
59,BOS,2536,.538,2.0,7.3,9.8,2.2,0.6 
60,PHI,225,.461,4.2,27.0,13.1,2.0,2.7 
Rk,Tm,MP,TS%,ORB%,DRB%,AST%,STL%,BLK% 
61,HOU,1669,.481,2.8,10.4,10.0,2.5,0.9 
62,CHI,1108,.494,2.0,7.5,26.0,1.4,0.7 
63,LAL,599,.427,1.6,11.3,4.8,1.2,0.7 
64,PHO,61,.374,0.0,12.8,28.0,2.4,1.3 
65,BRK,982,.500,2.6,11.5,13.9,2.0,1.2 
66,LAL,1863,.469,2.3,12.3,19.1,1.7,0.5 
67,TOT,929,.514,5.0,12.6,10.2,1.7,0.9 
67,IND,729,.502,4.7,13.4,9.9,2.0,1.0 
67,PHO,200,.567,6.4,9.4,11.4,0.7,0.4 
68,DET,429,.583,3.4,14.3,9.2,1.2,0.4 
69,UTA,1366,.507,1.5,8.0,19.7,1.4,0.4 
70,UTA,797,.520,2.4,13.6,13.9,1.2,0.4 
71,SAC,176,.490,3.1,10.4,8.3,2.5,0.5 
72,CHI,2474,.562,3.4,11.6,21.4,2.2,1.3 
73,SAS,432,.558,0.8,13.5,7.7,1.5,4.1 
74,TOR,43,.125,2.7,2.6,3.2,2.4,1.9 
75,NYK,2024,.571,1.2,11.0,22.4,1.6,0.3 
76,DET,2789,.521,2.6,8.6,7.8,2.0,0.5 
77,PHI,1966,.528,1.1,8.8,11.3,1.4,0.5 
78,HOU,1471,.553,14.4,22.7,5.1,2.0,5.2 
79,TOR,786,.490,4.6,13.1,5.5,2.9,0.6 
80,MEM,1005,.520,3.4,13.6,8.9,1.9,1.5 
Rk,Tm,MP,TS%,ORB%,DRB%,AST%,STL%,BLK% 
81,MIL,1649,.497,3.4,15.7,26.6,2.5,2.1 
82,SAC,1880,.587,3.4,20.1,7.5,1.4,0.7 
83,SAC,1412,.588,10.3,16.6,3.8,1.6,3.8 
84,TOT,1373,.561,1.9,11.5,26.6,3.3,0.9 
84,MIA,120,.437,1.0,11.9,22.3,3.4,0.6 
84,MEM,1253,.570,2.0,11.4,27.0,3.3,0.9 
85,PHO,1618,.606,11.5,27.5,6.0,1.1,2.2 
86,IND,6,1.000,18.3,0.0,0.0,0.0,0.0 
87,GSW,578,.544,2.6,9.7,15.3,1.4,1.7 
88,BOS,6,.750,0.0,18.0,0.0,0.0,0.0 
89,LAL,2552,.516,3.8,9.6,13.8,1.7,0.2 
90,NOP,1198,.465,0.9,13.5,22.0,1.5,0.3 
91,SAC,2219,.591,1.4,6.8,21.7,1.6,0.1 
92,OKC,699,.498,11.2,15.2,9.6,1.1,1.7 
93,MEM,1761,.538,1.6,9.3,32.7,2.0,0.8 
94,POR,143,.352,8.3,15.9,9.9,0.7,0.0 
95,MIL,156,.462,0.7,6.5,10.3,0.7,0.0 
96,TOT,39,.400,0.0,0.0,10.8,3.7,0.0 
96,PHO,33,.250,0.0,0.0,12.7,4.4,0.0 
96,MEM,6,1.000,0.0,0.0,0.0,0.0,0.0 
97,SAC,2246,.538,7.7,28.2,17.0,2.2,3.3 
98,PHI,1903,.543,3.6,20.9,8.4,2.7,1.6 
99,POR,2105,.572,1.4,9.7,7.2,1.5,0.6 
100,LAC,2126,.529,1.0,6.3,14.0,1.2,0.4 
Rk,Tm,MP,TS%,ORB%,DRB%,AST%,STL%,BLK% 
101,BOS,2308,.565,3.2,14.2,8.9,2.7,1.2 
102,NOP,1971,.540,3.1,10.4,5.6,1.1,1.4 
103,TOT,410,.464,0.8,9.6,6.9,1.8,0.4 
103,CLE,355,.464,1.0,8.2,7.6,1.7,0.5 
103,MIL,55,.468,0.0,18.5,2.5,1.9,0.0 
104,SAC,692,.603,1.4,7.9,14.2,1.5,0.4 
105,GSW,2700,.669,2.9,13.6,33.7,3.0,0.4 
106,CHO,476,.634,1.6,11.6,7.6,1.2,0.5 
107,NOP,2164,.559,6.4,26.4,10.0,1.8,4.7 
108,POR,1684,.616,14.4,24.2,7.7,1.7,3.3 
109,LAC,29,.460,7.6,7.4,0.0,0.0,2.7 
110,ORL,705,.606,10.4,25.7,2.7,1.6,5.4 
111,NOP,279,.505,3.1,16.5,7.7,1.8,0.6 
112,HOU,6,0.0,0.0,18.5,0.0,8.2,0.0 
113,CLE,1867,.527,2.0,7.8,26.2,1.2,0.4 
114,MIA,2394,.549,5.3,15.4,9.0,1.6,0.9 
115,TOR,2804,.550,2.7,11.5,20.8,1.5,0.6 
116,SAS,1386,.582,4.9,13.9,18.4,1.0,1.2 
117,MIN,2220,.601,8.3,22.1,10.1,2.1,3.5 
118,DET,159,.423,2.6,9.3,20.9,1.0,0.0 
119,NOP,1262,.543,2.1,10.7,19.1,2.8,0.3 
120,MIA,2363,.537,2.7,10.4,28.7,1.5,0.6 
Rk,Tm,MP,TS%,ORB%,DRB%,AST%,STL%,BLK% 
121,DET,2666,.499,15.6,34.2,4.4,2.3,3.2 
122,WAS,2098,.602,2.8,12.6,11.4,1.7,0.7 
123,SAC,24,.300,9.1,9.0,5.6,2.0,0.0 
124,SAS,1536,.523,8.8,23.8,15.3,1.6,3.9 
125,CHI,703,.543,1.2,11.0,8.1,1.0,1.0 
126,OKC,2578,.634,2.0,21.8,24.2,1.3,2.5 
127,NYK,154,.371,2.9,15.4,5.7,0.7,1.5 
128,WAS,147,.460,1.5,16.3,5.0,1.7,0.6 
129,BRK,1615,.498,1.4,10.9,7.8,1.5,0.3 
130,IND,2734,.504,1.7,9.1,22.2,2.7,1.1 
131,TOT,329,.621,6.9,7.4,10.1,2.4,1.3 
131,MIA,7,0.0,0.0,0.0,18.0,0.0,0.0 
131,MEM,40,.460,10.9,8.9,7.6,5.1,4.6 
131,NOP,282,.647,6.5,7.3,10.3,2.1,0.9 
132,MIL,654,.510,2.3,10.7,21.9,1.9,0.1 
133,DAL,251,.620,4.8,18.8,1.2,1.2,3.0 
134,NOP,765,.534,2.8,16.4,34.6,2.1,0.9 
135,GSW,770,.559,13.5,21.9,5.8,1.1,4.8 
136,DEN,1694,.577,15.1,23.0,8.1,0.9,2.9 
137,MEM,291,.527,1.5,8.6,20.6,2.7,0.6 
138,UTA,1983,.551,10.0,19.6,8.9,2.0,3.9 
139,CHI,321,.601,10.0,23.1,12.1,0.9,3.0 
140,DAL,2192,.502,1.8,11.1,20.3,1.6,0.6 
Rk,Tm,MP,TS%,ORB%,DRB%,AST%,STL%,BLK% 
141,ORL,2566,.587,1.4,8.4,12.8,1.9,0.1 
142,TOT,1642,.461,1.6,8.8,14.1,1.2,1.4 
142,DEN,1070,.457,1.6,9.4,15.6,1.2,1.2 
142,OKC,572,.469,1.6,7.8,11.3,1.1,1.7 
143,TOT,741,.499,3.8,12.8,33.3,2.2,0.2 
143,POR,272,.383,4.4,11.2,21.3,1.8,0.3 
143,NOP,469,.539,3.4,13.7,40.3,2.4,0.2 
144,TOT,18,.625,0.0,0.0,7.7,2.8,0.0 
144,NOP,13,.250,0.0,0.0,10.7,3.8,0.0 
144,NYK,5,1.094,0.0,0.0,0.0,0.0,0.0 
145,TOT,1200,.586,3.2,18.6,8.7,1.2,1.9 
145,ORL,754,.586,3.3,17.6,8.4,1.4,2.2 
145,CLE,446,.586,3.1,20.4,9.1,0.9,1.5 
146,DEN,1839,.582,3.1,14.0,11.8,1.1,0.8 
147,NYK,2033,.490,2.3,13.0,15.7,1.9,0.8 
148,MIN,556,.491,3.2,27.9,16.4,2.5,1.5 
149,MEM,1791,.528,3.5,20.2,18.9,1.4,3.6 
150,CHI,2291,.529,7.3,28.7,21.7,0.9,4.7 
151,SAC,2379,.538,4.7,15.9,8.0,2.0,1.7 
152,NOP,1632,.572,3.9,13.0,6.2,1.9,0.7 
153,IND,2819,.557,3.1,18.7,20.3,2.7,0.8 
154,CHI,1936,.556,11.4,15.9,8.3,1.2,2.9 
155,SAS,1134,.573,2.7,11.7,23.6,3.0,0.8 
156,UTA,1932,.582,12.6,27.7,7.4,1.2,5.9 
157,WAS,305,.376,10.1,21.3,6.0,1.3,2.9 
158,PHO,1114,.498,2.6,11.5,17.2,1.2,1.0 
159,ORL,1863,.541,9.0,21.3,10.3,1.6,2.4 
160,NOP,1481,.565,0.7,6.9,12.7,1.4,0.8 
Rk,Tm,MP,TS%,ORB%,DRB%,AST%,STL%,BLK% 
161,WAS,2256,.592,10.8,26.3,7.5,1.0,3.4 
162,HOU,50,.506,2.2,2.2,13.3,5.9,3.3 
163,PHI,2066,.506,5.0,14.3,10.4,1.3,4.7 
164,NYK,1265,.479,2.0,10.2,21.8,2.0,0.6 
165,SAS,2062,.492,2.7,13.6,9.3,2.0,2.4 
166,GSW,2808,.587,5.5,23.0,29.0,2.0,3.0 
167,TOT,42,.468,8.4,8.2,11.0,1.3,0.0 
167,DEN,7,.000,0.0,16.1,18.3,0.0,0.0 
167,UTA,35,.505,10.1,6.7,9.6,1.5,0.0 
168,MIA,1557,.491,1.9,9.7,5.6,1.3,0.9 
169,MEM,1446,.520,10.5,19.3,7.7,1.6,2.1 
170,TOT,2253,.510,3.6,13.3,10.0,1.3,1.5 
170,MEM,1544,.517,3.9,14.4,10.5,1.3,1.1 
170,LAC,709,.496,3.0,10.9,8.9,1.3,2.3 
171,LAC,1170,.544,4.8,22.3,27.2,1.2,1.1 
172,CHO,63,.694,0.0,12.3,40.3,2.4,0.0 
173,TOT,1313,.470,2.1,12.8,4.4,1.2,0.7 
173,CHO,938,.486,2.1,13.0,4.7,1.3,0.6 
173,MEM,375,.438,2.0,12.4,3.8,1.1,1.0 
174,NOP,304,.499,4.2,18.9,12.9,1.3,0.8 
175,CHO,343,.522,12.6,15.8,3.5,1.8,1.7 
176,ATL,864,.563,0.9,9.8,8.9,1.2,0.6 
177,HOU,3125,.598,2.2,15.6,35.4,2.2,1.4 
178,POR,1457,.541,7.5,13.3,6.9,1.7,1.9 
179,DET,35,.597,0.0,3.2,0.0,1.4,0.0 
180,HOU,379,.635,7.2,11.7,7.2,1.4,2.4 
Rk,Tm,MP,TS%,ORB%,DRB%,AST%,STL%,BLK% 
181,DAL,1280,.559,1.5,10.3,14.5,2.4,0.8 
182,DEN,2439,.566,2.4,7.7,9.5,2.0,0.6 
183,CLE,15,.375,0.0,22.5,18.2,0.0,0.0 
184,TOT,2513,.560,4.1,18.6,10.6,1.3,1.3 
184,ORL,1610,.550,4.8,18.9,9.3,1.5,1.4 
184,DET,903,.577,2.9,18.0,12.9,1.0,1.0 
185,CHO,93,.371,4.7,13.1,3.0,3.2,0.0 
186,MIA,260,.434,4.5,27.4,7.6,1.0,0.6 
187,CHO,1035,.508,5.3,20.6,16.3,1.1,2.1 
188,HOU,24,.694,0.0,37.0,11.3,0.0,0.0 
189,UTA,2893,.559,2.5,13.5,18.2,1.7,0.8 
190,POR,1431,.526,2.3,13.7,8.2,1.4,1.0 
191,MIL,960,.580,10.4,15.8,9.0,1.0,9.7 
192,ORL,1413,.541,2.2,11.8,11.2,1.4,1.0 
193,LAL,1878,.507,7.3,15.8,8.0,0.9,4.6 
194,TOT,436,.514,9.8,24.1,8.7,1.7,2.6 
194,DEN,305,.508,7.9,24.0,8.7,1.6,3.2 
194,WAS,131,.528,14.2,24.4,8.5,1.9,1.2 
195,WAS,1094,.564,5.2,21.6,14.1,2.4,1.9 
196,IND,2524,.555,2.5,10.3,15.5,1.6,0.5 
197,IND,1513,.534,11.3,21.2,9.5,1.2,2.0 
198,IND,866,.543,4.9,15.9,9.6,2.1,1.0 
199,DET,383,.511,1.4,11.9,10.9,1.2,0.2 
200,TOT,631,.504,1.4,10.2,16.0,1.2,0.2 
200,CHI,555,.528,1.4,9.5,15.0,1.2,0.1 
200,ATL,76,.227,1.5,15.4,23.8,1.3,1.0 
Rk,Tm,MP,TS%,ORB%,DRB%,AST%,STL%,BLK% 
201,NOP,1831,.529,1.6,10.5,37.3,2.4,1.0 
202,TOT,773,.489,1.7,10.5,10.7,2.1,1.8 
202,ATL,263,.407,1.7,9.3,5.9,2.4,1.2 
202,CHI,510,.527,1.7,11.1,13.2,1.9,2.1 
203,TOT,460,.636,11.2,13.2,3.3,0.7,4.2 
203,WAS,48,.571,16.0,9.5,0.0,0.0,1.7 
203,MEM,412,.641,10.6,13.6,3.7,0.7,4.5 
204,BRK,615,.519,7.0,21.4,10.1,3.2,2.1 
205,PHI,702,.564,9.3,11.7,8.0,1.3,4.3 
206,UTA,2541,.542,1.8,10.5,14.4,1.5,0.5 
207,ATL,2631,.565,6.3,18.2,16.7,1.3,3.6 
208,HOU,2280,.604,11.4,29.1,7.0,1.5,4.1 
209,LAL,869,.488,2.2,9.2,33.9,1.5,0.6 
210,OKC,55,.509,4.2,15.0,0.0,0.9,2.8 
211,TOT,835,.517,7.5,21.5,6.6,0.9,2.2 
211,WAS,466,.524,6.1,21.8,5.0,0.3,2.4 
211,PHO,74,.367,15.8,31.5,14.8,2.0,2.2 
211,ATL,295,.555,7.6,18.5,6.9,1.7,1.9 
212,BOS,315,.480,0.7,12.0,5.9,2.2,1.0 
213,OKC,2500,.533,6.5,16.2,3.9,0.8,4.5 
214,GSW,1732,.565,3.4,12.4,16.3,2.0,0.8 
215,TOT,1881,.526,8.1,15.6,5.6,1.4,1.4 
215,DET,1434,.530,7.3,14.5,6.1,1.3,1.4 
215,ORL,447,.515,11.0,19.1,4.0,1.6,1.1 
216,UTA,1241,.572,1.8,12.4,12.1,2.3,0.3 
217,MIL,156,.444,1.5,21.1,9.0,2.0,1.6 
218,CLE,1667,.540,3.0,7.6,26.6,1.7,0.9 
219,BRK,1027,.505,1.0,14.1,35.0,1.7,0.6 
220,DET,2424,.535,2.5,9.1,36.3,1.2,0.3 
Rk,Tm,MP,TS%,ORB%,DRB%,AST%,STL%,BLK% 
221,CLE,2709,.588,4.7,18.8,36.0,2.0,1.5 
222,CHO,1096,.507,5.6,24.6,11.8,1.4,3.0 
223,PHO,50,.446,12.7,22.2,0.0,0.0,1.6 
224,CLE,1326,.585,1.3,9.6,6.4,1.3,0.9 
225,TOT,480,.522,1.8,11.3,11.7,0.8,0.2 
225,DAL,193,.466,2.3,10.2,7.6,0.8,0.0 
225,PHO,287,.564,1.5,12.0,14.4,0.8,0.3 
226,TOT,868,.491,2.0,10.4,29.2,1.7,0.7 
226,DET,416,.491,1.3,11.2,25.7,1.3,0.4 
226,ORL,452,.490,2.7,9.7,32.4,2.0,0.9 
227,BOS,1176,.531,6.8,19.4,7.4,0.8,1.6 
228,BOS,1800,.602,10.3,19.6,11.4,1.4,3.6 
229,UTA,857,.482,3.7,14.3,8.0,2.0,2.0 
230,TOR,926,.532,3.5,11.9,11.4,1.6,2.9 
231,TOT,2703,.538,2.0,10.2,18.0,1.1,0.1 
231,BRK,1934,.512,1.9,11.2,18.0,1.0,0.1 
231,MIA,769,.603,2.3,7.6,17.9,1.4,0.2 
232,TOT,101,.346,4.2,12.3,2.7,1.5,2.4 
232,PHO,47,.407,6.8,14.2,0.0,2.1,5.2 
232,NOP,54,.280,2.0,10.6,5.1,0.9,0.0 
233,DET,1687,.460,3.6,16.7,10.8,1.6,0.5 
234,MIA,863,.579,3.8,10.3,13.9,1.4,1.2 
235,LAC,1666,.513,2.5,13.6,4.4,2.7,2.6 
236,DEN,1733,.582,11.4,24.7,18.1,2.3,2.3 
237,CLE,42,.464,2.7,10.7,7.3,1.2,3.9 
238,CLE,463,.580,2.0,10.2,4.5,1.2,1.8 
239,HOU,1044,.519,6.5,15.9,6.3,1.1,3.1 
240,MIN,573,.450,1.4,8.0,27.7,2.7,0.4 
Rk,Tm,MP,TS%,ORB%,DRB%,AST%,STL%,BLK% 
241,LAC,2598,.628,11.4,32.7,5.3,1.0,5.4 
242,TOR,2046,.512,2.2,9.4,19.3,1.6,0.8 
243,POR,112,.496,6.8,16.5,15.8,0.4,0.7 
244,CHO,1708,.513,4.4,17.2,9.0,1.1,2.0 
245,OKC,1721,.626,16.7,24.9,3.1,0.7,1.5 
246,BRK,399,.562,2.2,14.3,12.2,0.8,0.4 
247,CLE,95,.527,14.4,16.5,4.5,2.2,4.3 
248,LAL,470,.440,4.6,23.7,6.9,1.4,1.7 
249,CHO,205,.603,6.3,17.8,7.3,0.7,1.2 
250,TOT,616,.576,2.1,8.2,8.0,1.0,0.3 
250,DEN,82,.551,2.7,5.5,5.4,1.2,0.0 
250,BRK,534,.578,2.1,8.6,8.4,0.9,0.3 
251,PHO,1870,.522,2.0,9.9,24.4,1.6,0.9 
252,ATL,2401,.578,0.7,10.9,9.9,1.2,1.1 
253,SAC,1482,.540,12.4,18.4,3.3,1.3,3.8 
254,CHO,1227,.529,3.9,18.7,10.9,1.7,2.0 
255,PHI,569,.605,9.1,19.2,11.1,1.0,1.2 
256,BRK,1751,.515,1.8,9.9,29.3,2.7,0.6 
257,DEN,1041,.567,8.1,23.1,9.1,0.6,1.2 
258,MIN,2294,.548,1.4,10.1,18.6,1.5,0.6 
259,TOT,1411,.476,2.0,7.4,24.6,1.9,0.4 
259,HOU,1176,.480,1.9,6.5,22.3,1.8,0.4 
259,IND,235,.460,2.8,11.6,36.1,2.1,0.3 
260,TOT,2334,.551,1.4,8.7,9.1,1.9,1.1 
260,MEM,1489,.556,1.4,7.9,8.1,1.8,1.0 
260,CHO,845,.540,1.3,10.1,10.9,2.0,1.2 
Rk,Tm,MP,TS%,ORB%,DRB%,AST%,STL%,BLK% 
261,TOT,903,.568,12.0,24.6,15.5,1.2,2.5 
261,BOS,470,.499,9.1,20.4,18.3,1.2,2.2 
261,DAL,433,.660,15.2,29.1,12.5,1.2,2.9 
262,PHO,1821,.482,10.4,25.4,8.5,1.0,2.8 
263,SAS,2380,.616,4.7,18.4,13.0,2.8,2.3 
264,POR,1333,.561,4.1,21.4,10.6,0.3,1.1 
265,PHO,1255,.555,6.4,26.3,9.6,1.5,2.0 
266,POR,2676,.560,1.8,10.4,33.6,1.2,0.8 
267,CHO,2048,.534,2.2,11.4,18.6,1.4,1.7 
268,GSW,1520,.581,3.2,8.5,21.0,1.8,1.3 
269,GSW,21,.643,21.8,29.1,0.0,0.0,0.0 
270,BRK,2457,.562,9.2,17.2,10.8,1.2,4.1 
271,NYK,2219,.574,13.4,16.2,8.5,0.4,4.4 
272,CLE,2424,.553,7.0,28.4,12.2,1.2,1.4 
273,TOR,2851,.578,2.2,12.3,29.9,2.9,1.0 
274,UTA,1382,.517,5.0,20.2,7.1,1.0,1.1 
275,TOT,1058,.507,1.4,12.5,30.6,1.7,0.2 
275,ATL,179,.464,1.2,11.9,36.9,2.2,0.0 
275,UTA,879,.520,1.5,12.6,29.3,1.6,0.3 
276,IND,1816,.603,8.3,22.1,8.9,1.8,3.3 
277,ORL,249,.368,2.6,14.4,6.6,2.6,0.3 
278,SAS,508,.662,16.9,26.2,6.6,1.2,3.5 
279,PHI,400,.449,0.5,7.3,28.4,2.0,0.4 
280,MEM,380,.534,11.2,14.7,6.4,1.1,1.7 
Rk,Tm,MP,TS%,ORB%,DRB%,AST%,STL%,BLK% 
281,TOT,1095,.520,1.5,10.0,8.2,1.2,0.2 
281,MIN,834,.523,1.4,9.8,8.8,1.0,0.1 
281,SAS,261,.504,1.8,10.6,6.4,1.8,0.6 
282,DAL,2644,.532,1.1,8.8,8.9,1.5,0.5 
283,MIL,1090,.474,1.4,9.6,15.8,2.2,0.6 
284,LAC,1274,.498,5.2,9.4,3.3,1.7,1.2 
285,GSW,262,.554,13.1,10.9,9.2,1.8,2.2 
286,TOT,475,.449,1.9,9.3,18.5,1.3,1.2 
286,SAS,256,.476,2.8,10.8,17.7,1.0,1.2 
286,MEM,219,.425,1.0,7.6,19.5,1.6,1.3 
287,POR,2780,.544,1.8,8.3,21.6,1.7,0.6 
288,PHI,1606,.511,2.8,14.5,37.2,2.9,0.5 
289,BRK,362,.470,7.6,13.6,3.7,3.9,2.7 
290,HOU,235,.522,7.5,12.3,6.5,1.5,2.1 
291,CHI,1861,.561,2.1,8.8,5.0,0.4,0.2 
292,OKC,72,.474,6.4,20.1,6.0,0.7,2.1 
293,DAL,370,.574,15.8,23.7,1.5,0.7,5.9 
294,SAC,1443,.531,2.6,8.5,7.9,1.7,0.6 
295,TOT,195,.548,2.3,9.2,20.9,0.7,0.4 
295,PHO,82,.567,2.6,8.1,19.1,1.8,0.0 
295,CLE,113,.537,2.0,9.9,22.3,0.0,0.7 
296,MIA,595,.453,4.3,15.3,19.4,1.6,0.9 
297,DET,43,.506,2.4,10.6,11.3,0.0,0.0 
298,DAL,397,.636,11.4,22.6,3.9,1.0,7.6 
299,BOS,57,.398,11.0,13.3,2.6,0.0,15.1 
300,MIL,2852,.560,1.8,10.2,18.9,2.3,0.6 
Rk,Tm,MP,TS%,ORB%,DRB%,AST%,STL%,BLK% 
301,IND,1464,.547,1.9,11.1,7.0,1.8,1.6 
302,TOT,461,.600,3.1,9.5,28.3,1.8,0.0 
302,MIN,280,.663,2.5,7.4,31.9,1.6,0.0 
302,SAS,181,.521,3.9,12.8,22.6,2.0,0.0 
303,DEN,373,.508,1.8,14.2,14.9,1.7,0.9 
304,SAS,1662,.541,1.9,8.7,20.1,1.8,0.3 
305,UTA,173,.384,4.1,19.5,16.2,2.1,1.5 
306,ATL,2647,.556,8.4,21.5,16.4,2.7,4.1 
307,CHI,1646,.564,3.8,19.1,9.4,1.8,2.0 
308,OKC,19,.680,6.1,16.3,0.0,0.0,0.0 
309,MIL,2314,.562,10.9,23.4,13.2,1.6,2.5 
310,POR,42,.337,0.0,10.3,3.5,0.0,0.0 
311,CHI,1263,.548,1.6,9.3,12.1,1.5,1.0 
312,SAC,48,.515,6.8,17.9,2.7,0.0,6.7 
313,DET,2856,.531,3.3,12.4,11.0,1.2,0.6 
314,TOT,1629,.489,4.8,19.3,12.7,1.7,1.7 
314,PHO,917,.456,5.0,18.3,16.1,1.8,1.5 
314,WAS,712,.538,4.6,20.5,8.2,1.7,1.9 
315,OKC,926,.543,1.2,5.8,3.7,1.2,0.4 
316,HOU,547,.504,7.4,14.6,12.2,1.5,0.8 
317,CLE,1326,.593,9.5,19.2,3.9,0.9,3.5 
318,DEN,2068,.437,1.7,10.9,29.0,1.6,1.4 
319,MIN,1682,.548,7.0,11.4,5.2,0.7,0.3 
320,MEM,244,.481,1.3,13.7,14.3,2.7,1.1 
Rk,Tm,MP,TS%,ORB%,DRB%,AST%,STL%,BLK% 
321,ATL,565,.576,7.5,14.9,9.1,1.1,3.8 
322,LAL,1266,.544,8.3,18.6,5.7,2.1,1.4 
323,ORL,600,.460,1.6,8.6,23.1,1.9,0.1 
324,WAS,807,.558,1.5,10.2,9.2,1.2,0.1 
325,DEN,1036,.464,2.0,10.4,27.3,1.2,0.4 
326,UTA,1499,.530,1.3,8.0,18.7,2.2,0.1 
327,ORL,823,.567,4.5,22.8,4.8,0.6,2.2 
328,CHI,635,.406,14.7,27.3,24.2,1.4,3.3 
329,PHI,1965,.544,8.2,22.2,10.5,2.9,3.9 
330,TOR,225,.642,9.3,14.0,4.9,2.8,4.4 
331,TOT,44,.651,0.0,12.0,0.0,0.0,0.0 
331,OKC,24,.708,0.0,17.2,0.0,0.0,0.0 
331,MIL,20,.543,0.0,5.7,0.0,0.0,0.0 
332,DAL,2364,.555,2.4,20.3,10.1,1.1,1.8 
333,DEN,547,.460,12.9,22.7,12.3,2.2,6.5 
334,UTA,6,.000,0.0,19.4,0.0,8.8,0.0 
335,MIL,857,.441,8.7,14.7,5.4,1.1,0.8 
336,NYK,764,.520,11.0,24.5,15.9,1.3,4.9 
337,PHI,1591,.536,8.1,17.8,8.2,0.7,2.9 
338,ORL,2379,.534,2.2,14.0,18.6,2.4,1.9 
339,BOS,1395,.561,5.4,16.2,11.9,1.8,1.8 
340,WAS,671,.507,4.1,18.4,2.8,1.6,0.8 
Rk,Tm,MP,TS%,ORB%,DRB%,AST%,STL%,BLK% 
341,DAL,2004,.550,13.7,25.7,9.7,1.6,0.9 
342,DEN,294,.464,3.0,12.3,7.8,2.2,1.4 
343,MIL,2408,.535,5.9,12.8,8.9,1.5,1.0 
344,SAS,1980,.546,1.0,8.8,29.1,1.4,0.4 
345,DAL,1799,.589,1.8,15.6,16.0,1.3,1.0 
346,ATL,395,.468,1.1,12.4,13.6,1.1,0.4 
347,TOR,2020,.534,4.4,14.8,7.1,1.4,1.3 
348,LAC,2420,.575,1.8,12.0,52.7,3.1,0.4 
349,MIN,486,.422,4.8,21.5,8.9,1.7,1.8 
350,OKC,698,.490,1.5,11.2,22.5,2.6,0.7 
351,ORL,2145,.478,3.9,9.6,32.8,2.1,0.8 
352,MIN,156,.459,5.3,10.3,10.7,0.3,0.0 
353,NOP,542,.529,4.9,21.8,7.9,1.0,1.7 
354,LAC,1231,.489,1.1,15.2,8.5,1.3,1.1 
355,UTA,82,.464,8.6,12.8,4.0,0.6,2.1 
356,POR,2084,.564,10.4,22.2,16.2,1.6,3.2 
357,MIL,870,.606,12.5,18.0,2.9,1.2,4.9 
358,WAS,2276,.564,4.7,14.7,7.9,2.2,1.1 
359,CHI,1102,.469,12.0,20.0,7.5,1.1,1.5 
360,NYK,2047,.518,7.1,20.7,7.8,1.3,5.0 
Rk,Tm,MP,TS%,ORB%,DRB%,AST%,STL%,BLK% 
361,DAL,992,.557,9.3,20.9,7.2,1.8,2.0 
362,TOR,725,.541,2.6,14.8,10.4,2.1,1.1 
363,TOT,283,.433,1.1,11.1,40.7,3.1,1.1 
363,PHI,170,.437,0.0,15.2,43.2,3.2,0.4 
363,PHO,113,.422,2.8,4.9,37.0,3.0,2.2 
364,PHO,1211,.517,2.2,6.8,17.9,3.0,0.9 
365,LAC,823,.482,5.1,9.9,21.8,3.2,0.1 
366,MIN,1462,.466,2.6,9.0,7.0,1.2,0.7 
367,LAL,2286,.482,7.8,32.0,11.0,1.2,1.0 
368,MEM,2016,.519,9.7,20.7,12.9,1.1,0.6 
369,LAC,2097,.632,0.5,6.6,8.6,1.0,0.2 
370,BRK,426,.579,12.7,19.6,3.8,0.7,5.7 
371,MIA,1107,.569,2.2,8.5,9.7,1.7,1.7 
372,LAC,1464,.523,1.7,7.9,10.6,1.6,0.5 
373,OKC,1553,.566,5.9,11.4,4.0,1.7,2.0 
374,TOT,470,.552,1.4,8.2,18.6,1.1,0.3 
374,CHO,333,.552,1.3,8.3,18.7,1.1,0.2 
374,POR,137,.551,1.6,7.9,18.5,1.1,0.6 
375,IND,508,.508,2.6,12.0,7.7,1.7,1.4 
376,NOP,23,.000,0.0,0.0,21.8,2.2,0.0 
377,BRK,917,.453,16.4,27.8,7.7,2.1,3.2 
378,SAC,2537,.506,3.3,15.2,48.0,2.7,0.3 
379,CHI,2097,.479,2.4,8.8,25.5,1.1,0.5 
380,TOR,1747,.551,1.4,10.6,5.3,1.6,1.2 
Rk,Tm,MP,TS%,ORB%,DRB%,AST%,STL%,BLK% 
381,BOS,311,.326,8.1,13.5,16.5,0.9,0.3 
382,MIN,2323,.529,2.0,14.1,41.4,3.5,0.4 
383,MIN,277,.572,2.1,6.2,5.8,0.5,0.3 
384,GSW,1055,.560,2.3,15.4,7.0,0.9,1.6 
385,LAL,2259,.507,2.2,11.2,21.2,2.1,0.5 
386,LAL,320,.474,10.4,13.9,6.9,0.6,2.5 
387,TOT,1160,.504,4.2,14.0,6.2,1.0,2.2 
387,PHI,691,.490,4.6,16.1,6.9,0.8,1.8 
387,DEN,469,.532,3.7,10.8,5.1,1.3,3.0 
388,ATL,1621,.510,1.7,11.8,36.1,2.1,0.4 
389,TOR,1636,.523,6.0,19.0,6.8,1.5,1.4 
390,ATL,1146,.575,5.2,14.2,10.5,1.1,1.2 
391,ATL,1758,.578,3.3,17.1,8.8,2.4,1.7 
392,NYK,526,.435,6.5,19.5,14.8,0.8,5.2 
393,WAS,1667,.565,1.6,12.2,22.0,1.3,0.2 
394,CLE,1316,.475,2.8,14.6,9.8,2.1,1.2 
395,SAS,813,.586,2.3,10.8,10.4,1.5,0.5 
396,BRK,263,.504,8.8,22.2,5.1,1.7,4.3 
397,OKC,977,.481,5.9,9.6,3.2,1.5,0.7 
398,BRK,1318,.536,1.4,13.5,30.0,1.2,0.2 
399,BOS,1667,.463,4.8,11.6,15.8,2.7,0.8 
400,MIN,192,.545,7.4,17.9,4.6,1.1,0.4 
Rk,Tm,MP,TS%,ORB%,DRB%,AST%,STL%,BLK% 
401,TOT,2239,.465,2.0,13.3,38.3,1.9,0.8 
401,NOP,617,.484,2.4,14.5,39.1,1.9,0.8 
401,PHI,1622,.460,1.9,12.8,37.9,1.9,0.8 
402,CLE,2362,.542,2.1,8.3,8.5,1.8,0.7 
403,ORL,1181,.513,4.9,15.8,8.6,1.4,4.6 
404,TOT,880,.439,6.4,17.4,15.9,1.9,4.3 
404,LAC,459,.456,8.0,21.5,14.3,2.0,5.8 
404,HOU,421,.419,4.7,12.9,17.7,1.9,2.6 
405,MEM,66,.415,1.7,14.4,25.4,3.9,1.4 
406,CHI,1301,.478,1.6,14.3,6.9,0.6,1.0 
407,GSW,832,.506,10.6,19.8,11.4,1.1,3.0 
408,ATL,579,.571,8.7,13.8,7.9,1.7,1.6 
409,PHI,1809,.517,1.3,10.0,12.0,1.2,0.8 
410,TOT,1372,.548,3.2,15.1,16.2,1.6,0.6 
410,LAC,680,.569,3.1,14.0,13.1,1.8,0.3 
410,MEM,692,.537,3.3,16.2,19.2,1.4,0.8 
411,TOT,73,.341,28.5,14.5,4.3,0.7,6.0 
411,LAC,12,.532,9.2,8.9,0.0,0.0,13.1 
411,MEM,61,.329,32.3,15.6,5.2,0.8,4.6 
412,TOT,18,.595,6.1,18.8,9.6,2.8,0.0 
412,MEM,4,0.0,27.3,29.8,0.0,0.0,0.0 
412,MIA,14,.595,0.0,15.7,12.3,3.7,0.0 
413,MIA,762,.599,10.0,22.6,5.6,1.2,4.1 
414,IND,1275,.504,1.6,11.7,17.2,1.7,0.5 
415,BOS,1915,.476,10.6,27.0,15.5,1.9,1.9 
416,ATL,73,.555,10.7,20.5,6.3,0.7,6.5 
417,ATL,2255,.551,1.6,8.6,34.4,2.1,0.8 
418,PHO,1686,.571,3.5,16.3,9.1,0.9,1.0 
419,WAS,1951,.520,2.0,10.3,10.0,1.7,0.7 
420,HOU,1258,.540,1.2,5.7,12.4,1.8,0.6 
Rk,Tm,MP,TS%,ORB%,DRB%,AST%,STL%,BLK% 
421,BOS,2644,.562,1.8,8.0,32.7,1.7,0.3 
422,NYK,1313,.557,2.9,8.0,6.4,0.9,0.4 
423,PHI,2154,.525,2.6,11.4,7.4,0.8,0.8 
424,TOT,471,.558,7.9,23.4,8.5,1.3,3.3 
424,GSW,179,.535,6.4,25.0,13.9,1.1,3.3 
424,TOR,292,.575,8.8,22.4,5.3,1.4,3.4 
425,GSW,2666,.597,1.5,10.3,9.8,1.1,1.4 
426,CLE,2269,.611,13.5,23.3,4.0,0.9,1.8 
427,TOT,1109,.511,3.8,11.3,12.9,2.1,0.3 
427,HOU,885,.512,3.8,10.5,12.8,1.9,0.3 
427,WAS,224,.508,3.4,14.3,13.4,2.8,0.4 
428,DET,1341,.543,3.1,16.1,5.6,1.0,0.9 
429,DEN,305,.490,2.9,8.5,7.0,1.2,1.6 
430,MIN,2627,.590,10.2,27.5,11.3,1.1,4.3 
431,PHO,2540,.506,6.9,15.2,10.2,2.0,0.6 
432,BOS,2271,.513,2.3,16.5,23.9,1.7,1.0 
433,IND,1367,.531,5.5,21.0,5.0,0.9,5.1 
434,TOT,707,.496,1.3,10.0,24.9,1.0,0.1 
434,MEM,120,.497,1.8,7.0,36.4,1.3,0.8 
434,MIA,587,.495,1.2,10.7,22.5,1.0,0.0 
435,TOR,1557,.610,13.8,26.3,4.8,0.8,4.2 
436,TOT,496,.473,8.5,22.8,9.8,1.6,1.6 
436,CLE,310,.469,8.8,24.3,9.3,1.8,1.3 
436,GSW,186,.477,8.0,20.2,10.5,1.3,2.0 
437,MIL,460,.435,1.3,10.3,28.5,1.1,0.0 
438,MIL,1001,.398,1.3,8.7,5.5,1.5,1.4 
439,DAL,665,.473,4.0,21.1,6.2,1.4,1.9 
440,POR,1174,.471,8.4,19.8,3.7,1.2,1.7 
Rk,Tm,MP,TS%,ORB%,DRB%,AST%,STL%,BLK% 
441,ORL,2037,.531,9.3,22.2,15.9,1.3,2.8 
442,NYK,908,.503,3.2,14.6,14.3,1.9,0.4 
443,MIA,2258,.517,4.3,10.7,27.4,1.8,1.4 
444,OKC,2152,.492,1.9,8.0,10.0,1.9,0.5 
445,CHO,2885,.554,2.1,11.5,25.7,2.2,1.1 
446,WAS,2784,.510,1.7,13.8,46.2,2.5,1.7 
447,PHO,1070,.549,5.7,9.3,7.2,1.7,1.2 
448,ORL,656,.461,1.7,9.6,18.1,1.4,0.6 
449,TOT,169,.380,5.2,11.9,18.6,2.7,1.6 
449,MEM,166,.365,5.3,11.5,17.6,2.8,1.7 
449,MIA,3,1.000,0.0,36.6,72.3,0.0,0.0 
450,TOT,499,.459,1.5,10.3,14.2,1.0,0.2 
450,PHO,421,.475,1.5,9.2,16.2,1.2,0.2 
450,PHI,78,.388,1.3,15.9,3.9,0.0,0.0 
451,SAS,1404,.573,6.0,18.6,15.4,1.6,3.0 
452,OKC,2750,.554,6.1,18.1,49.6,2.9,0.6 
453,MIA,2125,.629,13.1,32.4,2.4,1.1,9.7 
454,IND,41,.463,13.4,18.6,10.9,1.2,2.0 
455,MIN,2845,.543,4.4,7.5,10.1,1.4,1.3 
456,LAC,167,.491,0.7,7.1,9.4,3.0,0.9 
457,PHO,68,.481,21.9,39.2,11.7,2.9,6.0 
458,DAL,2106,.530,1.0,8.9,29.3,1.5,0.6 
459,NYK,1435,.550,3.6,18.7,8.9,1.0,0.5 
460,MEM,45,.340,2.4,7.9,12.4,0.0,0.0 
Rk,Tm,MP,TS%,ORB%,DRB%,AST%,STL%,BLK% 
461,LAL,1907,.584,1.7,8.1,15.1,1.6,0.8 
462,CHO,2338,.585,5.9,18.6,7.6,1.2,2.7 
463,CLE,748,.527,0.9,9.9,21.1,1.0,0.5 
464,MIA,2232,.489,4.2,15.8,7.4,1.6,0.9 
465,UTA,658,.577,10.0,20.7,5.0,1.7,6.8 
466,PHI,145,.490,9.4,19.4,3.5,1.7,3.7 
467,LAL,590,.435,3.4,13.2,7.2,1.9,1.5 
468,MEM,212,.663,7.2,16.3,4.7,1.2,6.6 
469,TOR,229,.540,4.1,14.3,22.5,1.8,1.1 
470,PHI,144,.412,1.5,14.9,23.3,1.0,0.0 
471,BOS,199,.384,2.1,11.9,6.0,1.5,0.4 
472,IND,384,.428,1.7,12.5,26.9,1.9,0.0 
473,LAL,1033,.483,1.4,9.0,5.4,1.1,0.5 
474,BRK,2407,.533,8.1,23.0,9.5,2.3,1.2 
475,CHO,1774,.592,8.4,19.7,6.3,1.6,2.9 
