Rk,Tm,MP,TS%,ORB%,DRB%,AST%,STL%,BLK% 
1,HOU,63,.493,9.1,31.6,2.4,0.0,2.4 
2,DEN,2086,.584,2.3,8.5,11.1,0.9,0.5 
3,UTA,30,.357,0.0,7.7,5.2,0.0,0.0 
4,TOR,122,.418,14.6,30.4,4.1,0.9,6.0 
5,OKC,173,.592,9.2,21.6,2.7,2.4,6.7 
6,POR,1994,.560,8.6,17.5,13.2,1.3,1.7 
7,PHI,624,.488,8.3,22.2,8.4,1.1,2.2 
8,BOS,1565,.607,1.1,9.2,11.8,1.7,0.4 
9,MEM,1525,.541,7.4,10.6,8.3,3.6,1.8 
10,WAS,67,.382,1.7,11.9,4.4,5.4,0.0 
11,NOH,1477,.481,7.8,16.9,7.2,2.2,1.9 
12,IND,753,.438,14.1,19.0,3.0,1.9,4.6 
13,DEN,486,.583,11.9,23.3,1.8,2.0,7.4 
14,TOR,461,.519,2.1,6.5,9.5,0.6,0.5 
15,SAS,603,.483,3.1,11.8,9.6,0.7,0.2 
16,ORL,1964,.589,13.0,14.7,5.1,1.4,1.0 
17,NYK,1876,.525,5.4,15.9,21.0,1.7,1.0 
18,MIA,1349,.598,9.2,12.8,1.0,1.4,5.1 
19,MEM,211,.526,1.1,9.0,13.4,2.8,0.4 
20,NOH,1350,.496,3.7,15.1,16.8,2.8,1.5 
Rk,Tm,MP,TS%,ORB%,DRB%,AST%,STL%,BLK% 
21,CHI,971,.509,14.9,25.1,4.8,1.7,5.0 
22,CHA,1408,.493,1.9,7.2,38.9,1.3,0.1 
23,NOH,1088,.552,9.6,19.3,11.5,2.6,3.5 
24,IND,106,.435,12.8,22.1,6.3,1.5,1.5 
25,DAL,18,.438,0.0,0.0,0.0,2.9,0.0 
26,POR,537,.556,3.4,17.5,4.8,1.0,0.6 
27,NYK,115,.570,6.0,20.3,7.2,1.8,2.1 
28,TOT,1382,.512,2.8,7.9,13.3,2.2,0.4 
28,TOR,946,.518,2.6,7.1,13.3,2.0,0.6 
28,IND,436,.496,3.1,9.5,13.3,2.4,0.0 
29,MIN,1032,.502,1.5,10.8,39.0,1.0,0.0 
30,TOR,1032,.538,2.8,16.6,11.6,0.9,1.2 
31,LAL,1440,.554,7.9,18.3,13.8,1.3,2.4 
32,GSW,9,.500,12.6,0.0,0.0,0.0,0.0 
33,BOS,1868,.524,6.3,16.3,5.1,1.0,2.2 
34,PHI,295,.398,3.0,22.3,7.6,0.7,1.5 
35,MIA,1499,.504,4.6,7.7,8.0,2.2,1.8 
36,POR,1791,.575,5.2,12.6,7.9,1.7,2.6 
37,TOR,705,.561,1.3,9.5,30.7,1.8,0.5 
38,MIN,1087,.502,4.0,17.2,7.7,0.9,1.2 
39,DAL,1151,.496,1.9,12.8,22.7,2.6,1.9 
40,NOH,1966,.525,1.2,9.1,8.9,1.3,0.2 
Rk,Tm,MP,TS%,ORB%,DRB%,AST%,STL%,BLK% 
41,UTA,796,.586,0.9,6.3,7.0,0.9,0.2 
42,GSW,9,.000,25.3,12.6,0.0,0.0,0.0 
43,NYK,557,.404,1.0,11.3,21.2,1.9,0.4 
44,GSW,739,.581,6.9,20.0,3.0,1.6,4.7 
45,LAC,607,.554,0.8,9.1,21.0,0.8,0.4 
46,CHA,1455,.480,8.6,20.8,3.1,0.7,5.9 
47,SAS,1363,.549,13.2,16.3,9.2,2.2,0.6 
48,LAL,1237,.493,0.9,6.6,21.0,1.7,0.1 
49,WAS,626,.415,7.5,19.6,7.3,1.7,2.1 
50,LAC,464,.454,5.6,11.1,21.6,3.6,2.5 
51,NJN,94,.453,6.0,7.6,5.1,1.1,0.0 
52,MIL,364,.465,6.5,24.3,13.7,1.7,5.0 
53,SAS,1326,.597,2.6,15.7,6.5,0.6,1.1 
54,WAS,1261,.549,10.6,18.6,5.1,2.0,2.6 
55,CHI,1948,.549,6.7,25.3,11.8,1.7,0.9 
56,MIA,2007,.551,5.8,20.5,9.1,1.3,1.8 
57,HOU,111,.458,0.0,11.6,23.0,0.5,0.0 
58,PHI,88,.325,6.3,12.7,13.5,0.0,0.9 
59,BOS,1368,.555,3.1,6.7,10.8,1.7,0.7 
60,PHI,1732,.521,9.2,18.3,9.2,1.8,4.2 
Rk,Tm,MP,TS%,ORB%,DRB%,AST%,STL%,BLK% 
61,DEN,1287,.505,4.0,9.4,10.6,2.9,1.0 
62,CHI,1635,.465,5.0,10.6,12.7,2.4,0.9 
63,MIL,239,.359,14.8,19.9,5.2,0.9,0.3 
64,NJN,1648,.502,4.8,9.4,14.6,1.7,0.7 
65,CHA,1443,.556,7.3,11.6,8.5,1.8,0.6 
66,GSW,187,.519,9.7,24.8,3.2,2.2,0.0 
67,PHO,1400,.507,3.1,9.5,8.1,1.6,0.8 
68,LAL,2232,.527,3.5,11.8,23.7,1.6,0.6 
69,HOU,1298,.556,3.4,16.2,9.3,1.2,0.4 
70,UTA,939,.506,6.9,9.3,9.5,1.5,0.4 
71,LAC,1871,.501,2.8,12.0,6.8,1.5,0.4 
72,CHI,359,.526,7.3,10.1,5.7,1.6,1.0 
73,TOR,453,.398,1.6,15.4,6.8,0.8,0.9 
74,SAS,37,.392,19.0,15.2,3.7,2.8,0.0 
75,LAL,2112,.594,10.6,26.1,7.4,0.7,4.0 
76,DET,514,.459,2.3,11.1,22.4,2.4,0.5 
77,TOR,1799,.547,1.3,9.1,44.2,1.4,0.1 
78,TOT,1352,.455,13.3,32.7,11.9,1.9,4.8 
78,POR,894,.428,13.4,33.2,12.4,1.9,4.8 
78,HOU,458,.491,13.0,31.7,10.9,1.9,4.7 
79,DAL,277,.373,1.6,12.1,8.3,1.5,0.6 
80,TOT,348,.478,9.1,8.3,8.1,1.8,0.2 
80,DEN,21,1.000,0.0,16.2,27.7,0.0,0.0 
80,UTA,327,.448,9.7,7.8,6.9,1.9,0.2 
Rk,Tm,MP,TS%,ORB%,DRB%,AST%,STL%,BLK% 
81,CHA,596,.409,1.5,10.0,10.6,1.4,0.9 
82,TOR,209,.409,2.8,15.5,25.9,2.1,1.6 
83,DAL,1542,.519,2.3,12.5,15.0,1.9,1.3 
84,CLE,1341,.499,5.1,14.5,8.4,1.5,1.2 
85,MIA,1825,.578,1.1,9.8,19.0,2.8,0.5 
86,NYK,2061,.708,11.8,22.7,4.3,1.4,3.4 
87,DEN,215,.445,3.4,18.4,12.0,1.4,2.2 
88,PHO,491,.501,7.2,14.6,10.0,1.5,0.9 
89,ORL,559,.405,7.1,18.6,5.2,1.2,4.5 
90,MIA,1260,.452,2.1,6.4,17.0,1.8,0.1 
91,ATL,308,.418,4.6,13.6,4.6,0.7,0.7 
92,IND,1878,.526,1.8,9.3,24.9,1.4,0.6 
93,OKC,1307,.622,11.1,12.7,9.3,1.3,1.6 
94,MEM,2174,.523,1.2,7.4,29.8,3.3,0.4 
95,TOT,276,.396,4.1,22.3,5.7,1.1,1.5 
95,LAC,121,.305,3.9,18.9,2.5,0.9,2.8 
95,WAS,155,.484,4.3,25.0,8.2,1.3,0.5 
96,OKC,989,.509,1.5,11.9,2.3,1.1,0.8 
97,SAC,1950,.499,14.2,25.9,9.5,2.4,2.8 
98,POR,1613,.506,1.1,7.5,20.5,1.8,0.7 
99,WAS,1753,.488,2.8,8.1,19.3,1.7,0.2 
100,MEM,1124,.538,9.3,16.4,5.2,2.0,2.5 
Rk,Tm,MP,TS%,ORB%,DRB%,AST%,STL%,BLK% 
101,MIA,83,.508,6.0,11.1,1.9,0.0,2.0 
102,GSW,732,.605,2.3,11.3,32.3,2.8,0.8 
103,HOU,1446,.551,12.6,24.1,3.6,1.3,5.7 
104,ATL,83,.125,14.3,21.0,6.5,0.6,3.7 
105,BOS,484,.395,4.1,11.6,15.5,2.3,1.4 
106,NYK,595,.457,2.5,8.4,36.2,2.9,0.4 
107,TOR,1534,.544,10.4,23.0,6.5,1.4,3.4 
108,ORL,1427,.466,8.5,18.4,5.9,1.6,1.0 
109,MEM,130,.459,14.1,10.1,6.8,2.8,0.6 
110,SAS,39,.582,15.0,14.4,0.0,1.3,3.7 
111,DET,603,.394,2.7,15.8,9.2,2.0,2.8 
112,MIL,1537,.515,1.4,13.9,11.9,2.6,0.5 
113,CHI,2129,.500,4.1,14.0,11.7,1.4,1.2 
114,TOT,91,.424,0.0,10.2,18.0,1.2,0.0 
114,SAS,19,.333,0.0,5.9,7.4,2.7,0.0 
114,TOR,72,.446,0.0,11.3,20.9,0.7,0.0 
115,TOR,2206,.503,2.1,9.0,10.8,1.2,0.6 
116,TOT,1424,.498,5.5,17.3,23.8,1.2,1.3 
116,CHA,1018,.461,5.1,17.3,26.9,1.0,1.4 
116,SAS,406,.650,6.6,17.2,16.1,1.8,1.1 
117,SAS,14,.347,0.0,8.0,0.0,0.0,0.0 
118,CHA,325,.347,11.2,19.0,11.0,1.0,3.0 
119,BOS,662,.515,0.6,6.1,12.1,1.0,0.2 
120,NYK,656,.393,2.8,10.0,19.6,2.3,0.1 
Rk,Tm,MP,TS%,ORB%,DRB%,AST%,STL%,BLK% 
121,HOU,1752,.567,3.5,7.7,32.5,2.5,0.4 
122,PHO,2020,.575,5.4,11.4,8.8,1.3,0.7 
123,ORL,1226,.558,1.3,8.4,19.1,1.5,0.6 
124,SAS,1634,.531,7.9,28.2,13.5,1.2,3.9 
125,MIL,1445,.597,2.2,13.7,13.0,1.0,0.4 
126,OKC,2546,.610,1.9,20.4,17.5,1.8,2.2 
127,NOH,180,.525,1.3,11.1,16.2,3.3,0.9 
128,LAL,396,.465,7.7,7.6,4.6,1.5,1.1 
129,MIN,973,.487,1.6,9.7,5.5,1.4,0.7 
130,TOT,2120,.509,1.1,9.6,28.6,2.1,0.6 
130,GSW,1365,.516,1.3,9.2,29.3,2.1,0.7 
130,MIL,755,.493,0.6,10.4,27.3,2.0,0.6 
131,PHI,16,.333,0.0,7.0,8.8,3.3,4.7 
132,NJN,45,.618,5.0,10.6,3.6,2.4,1.7 
133,CLE,333,.538,6.6,18.5,4.6,1.6,1.1 
134,UTA,217,.632,9.9,16.6,9.1,1.5,8.8 
135,WAS,343,.497,2.6,5.3,4.2,2.1,0.0 
136,LAC,771,.504,15.3,26.7,3.1,2.2,0.6 
137,SAC,2162,.512,3.1,12.0,22.1,2.0,1.0 
138,TOT,102,.298,4.4,11.5,7.5,1.5,3.7 
138,CLE,83,.208,4.0,12.8,7.2,1.9,3.7 
138,LAL,19,.581,6.2,5.6,8.8,0.0,3.8 
139,DEN,1037,.618,16.5,22.9,5.5,1.7,3.6 
140,NJN,831,.592,1.0,7.8,29.0,1.5,0.2 
Rk,Tm,MP,TS%,ORB%,DRB%,AST%,STL%,BLK% 
141,UTA,1376,.537,13.0,22.5,5.0,1.4,3.8 
142,POR,1906,.491,1.6,7.6,33.3,2.2,0.4 
143,DEN,710,.549,1.5,8.9,15.9,2.2,0.3 
144,IND,17,.524,13.3,46.0,9.5,6.2,0.0 
145,NYK,1894,.506,3.6,13.5,14.5,2.1,0.7 
146,TOT,1508,.464,0.9,7.7,16.7,1.8,0.2 
146,LAL,1101,.479,1.1,8.0,19.2,1.9,0.2 
146,OKC,407,.429,0.6,7.1,10.1,1.4,0.2 
147,TOT,416,.442,2.2,8.8,35.7,0.8,0.4 
147,HOU,135,.392,0.9,6.1,30.2,1.2,0.6 
147,POR,281,.465,2.8,10.2,38.3,0.6,0.3 
148,NOH,39,.333,3.1,15.0,0.0,0.0,2.1 
149,TOR,713,.513,4.5,12.2,13.7,1.8,0.5 
150,SAS,191,.519,1.8,8.8,32.7,2.4,0.8 
151,TOT,95,.453,7.4,11.2,16.1,1.7,0.0 
151,LAC,46,.533,10.2,10.5,16.6,0.0,0.0 
151,HOU,49,.398,4.7,12.0,15.6,3.2,0.0 
152,IND,141,.569,14.5,19.0,4.2,3.0,0.6 
153,LAC,1682,.522,1.7,8.1,14.2,1.5,1.2 
154,SAC,1135,.495,1.6,5.7,15.1,1.3,0.2 
155,PHO,1669,.519,4.8,20.6,8.3,1.3,3.0 
156,NYK,13,.000,8.8,35.9,0.0,4.0,6.1 
157,NJN,793,.465,3.8,12.2,27.2,3.7,0.2 
158,DEN,1351,.563,2.5,14.6,13.0,1.6,1.3 
159,SAC,798,.483,1.4,12.7,5.8,2.3,3.4 
160,BOS,1864,.550,4.4,25.8,17.9,1.6,2.5 
Rk,Tm,MP,TS%,ORB%,DRB%,AST%,STL%,BLK% 
161,MEM,2370,.541,5.8,23.1,14.1,1.4,4.1 
162,LAL,2430,.547,8.8,21.8,17.2,0.8,2.6 
163,MEM,2422,.521,6.1,14.1,10.8,2.1,1.8 
164,CLE,1827,.516,6.1,14.3,10.6,2.4,0.7 
165,IND,1958,.555,3.2,17.9,13.6,2.9,1.5 
166,CLE,916,.493,1.3,11.6,13.5,1.5,1.3 
167,CHI,1284,.522,12.0,16.8,5.9,1.1,4.5 
168,SAS,792,.668,2.7,13.9,30.3,1.6,1.1 
169,TOT,252,.436,6.4,19.8,2.9,0.8,6.1 
169,MIA,28,.333,4.4,41.1,9.8,1.9,2.9 
169,GSW,224,.441,6.6,17.2,2.0,0.7,6.5 
170,LAC,425,.371,3.9,13.3,4.1,2.0,0.0 
171,MIL,1469,.512,9.5,18.0,16.5,1.6,1.7 
172,DET,1398,.549,1.2,9.5,16.5,1.3,0.6 
173,NOH,310,.549,0.8,8.7,19.3,2.3,1.1 
174,PHO,2114,.578,10.0,25.0,4.8,1.2,3.4 
175,LAL,419,.488,1.4,6.6,8.0,0.5,0.0 
176,IND,2062,.542,4.3,12.3,9.7,1.6,1.5 
177,TOR,813,.526,12.1,28.3,5.5,1.5,1.7 
178,SAS,1522,.579,4.2,12.9,8.3,2.0,2.2 
179,NJN,781,.574,2.2,14.2,8.5,1.9,1.7 
180,ATL,922,.578,1.9,8.2,7.4,1.3,0.5 
Rk,Tm,MP,TS%,ORB%,DRB%,AST%,STL%,BLK% 
181,SAC,777,.491,2.6,16.9,6.8,1.2,2.7 
182,LAC,2392,.557,10.7,25.1,16.6,1.2,1.7 
183,MEM,206,.589,15.6,24.9,6.1,0.3,10.3 
184,DEN,258,.508,5.1,22.4,12.6,0.8,0.9 
185,CHI,697,.500,3.3,7.2,21.0,0.9,0.1 
186,IND,1442,.511,8.9,13.7,3.5,2.0,0.5 
187,CLE,231,.427,9.5,16.9,4.3,1.4,1.0 
188,OKC,1946,.660,1.9,12.2,19.3,1.6,0.6 
189,ORL,84,.318,4.1,12.5,3.9,1.3,2.8 
190,NYK,540,.505,10.0,21.0,3.3,2.2,3.0 
191,DEN,1761,.535,4.9,20.4,8.2,1.7,0.5 
192,UTA,1741,.564,0.8,6.7,28.3,1.9,0.6 
193,CLE,456,.492,2.6,15.3,11.8,1.5,1.0 
194,MIA,318,.434,7.0,11.9,12.2,1.5,0.5 
195,MIL,479,.540,6.7,16.8,7.4,1.4,1.1 
196,MIA,1589,.479,9.1,25.6,4.0,1.2,1.2 
197,PHI,920,.517,9.4,23.3,17.6,0.9,3.9 
198,SAC,1039,.459,7.3,18.0,10.4,1.8,1.2 
199,UTA,2015,.568,3.3,9.9,15.9,1.4,1.6 
200,OKC,141,.427,1.7,10.6,4.2,1.1,0.5 
Rk,Tm,MP,TS%,ORB%,DRB%,AST%,STL%,BLK% 
201,DAL,1146,.520,13.7,18.0,2.6,1.1,3.8 
202,CHA,1831,.511,3.9,10.5,13.5,1.4,0.8 
203,NOH,759,.450,3.8,12.7,7.6,1.9,0.9 
204,IND,1937,.539,12.5,20.7,9.9,0.9,5.2 
205,TOT,1244,.501,11.7,19.0,5.9,1.2,2.1 
205,SAC,644,.416,10.9,19.7,5.0,1.4,1.9 
205,POR,600,.568,12.6,18.3,6.9,1.1,2.3 
206,CHA,423,.402,1.8,7.9,15.0,0.6,1.1 
207,TOT,1110,.573,6.7,23.3,12.0,1.9,2.7 
207,DEN,826,.554,6.3,22.6,11.7,2.2,2.4 
207,WAS,284,.624,7.9,25.3,12.8,1.1,3.5 
208,IND,1274,.557,2.8,10.5,18.8,1.7,1.1 
209,PHO,1378,.500,2.4,11.5,12.1,1.5,1.5 
210,TOT,551,.522,12.8,26.3,4.7,1.3,3.6 
210,HOU,469,.529,11.5,27.0,4.7,1.0,3.4 
210,LAL,82,.492,20.0,22.1,4.2,3.2,5.3 
211,ATL,1237,.511,1.1,8.5,16.3,1.6,0.7 
212,MIL,39,.154,0.0,8.7,20.9,0.0,0.0 
213,PHI,2196,.496,2.9,7.9,21.6,2.5,0.6 
214,TOT,522,.560,7.4,10.7,2.7,0.5,2.5 
214,CLE,362,.555,7.6,10.1,2.6,0.6,2.5 
214,BOS,160,.571,7.0,12.0,3.0,0.3,2.4 
215,SAC,88,.382,3.6,14.4,11.5,2.3,2.5 
216,ATL,348,.585,8.8,17.1,11.7,1.5,3.1 
217,NJN,22,.434,10.3,16.3,0.0,0.0,0.0 
218,ORL,2070,.569,11.0,33.1,9.8,2.1,4.4 
219,UTA,991,.461,4.5,13.9,7.9,1.7,0.8 
220,MIA,190,.354,11.8,17.6,7.8,1.1,0.4 
Rk,Tm,MP,TS%,ORB%,DRB%,AST%,STL%,BLK% 
221,TOT,334,.483,2.3,13.8,20.6,2.2,0.7 
221,CLE,314,.492,2.4,14.7,21.4,2.3,0.7 
221,MEM,20,.365,0.0,0.0,8.2,0.0,0.0 
222,ORL,114,.262,1.0,4.1,9.2,0.9,0.0 
223,NJN,2162,.539,12.2,24.8,7.4,1.2,2.6 
224,OKC,1792,.556,13.2,18.2,2.5,1.0,9.8 
225,PHI,2209,.537,2.8,16.4,23.7,2.6,1.0 
226,MIL,1655,.577,12.7,22.8,7.0,1.3,2.0 
227,CLE,1558,.566,3.1,11.2,36.5,1.8,1.0 
228,OKC,354,.464,0.3,6.9,4.1,2.0,0.0 
229,NOH,1530,.540,1.8,11.7,34.0,1.1,0.5 
230,OKC,501,.408,3.4,8.3,21.2,2.6,0.1 
231,TOT,1212,.485,2.0,13.1,14.6,2.3,0.8 
231,MIL,712,.459,2.4,10.5,16.6,1.9,0.6 
231,SAS,500,.529,1.4,16.9,11.8,2.9,1.0 
232,NJN,170,.422,4.6,18.3,2.8,2.2,3.2 
233,MIA,2326,.605,5.0,19.7,33.6,2.6,1.7 
234,CHI,120,.505,1.9,7.3,39.8,1.8,1.2 
235,CLE,2151,.481,6.3,15.7,11.9,1.2,1.5 
236,UTA,2075,.520,7.3,25.3,12.1,1.2,3.9 
237,TOT,1748,.550,1.7,12.4,7.3,1.1,0.8 
237,SAS,1168,.556,1.8,12.0,6.7,1.1,0.7 
237,GSW,580,.540,1.6,13.3,8.6,1.1,0.9 
238,NYK,729,.484,10.8,13.3,5.4,2.0,2.7 
239,GSW,893,.482,1.0,7.6,29.9,1.9,0.5 
240,MIL,2331,.514,2.3,8.6,26.7,2.3,0.7 
Rk,Tm,MP,TS%,ORB%,DRB%,AST%,STL%,BLK% 
241,DET,1468,.548,7.6,17.8,5.1,1.5,1.1 
242,DAL,203,.433,6.7,20.3,4.1,1.8,3.1 
243,TOR,1553,.600,11.4,19.4,8.7,1.1,3.6 
244,TOT,124,.515,0.9,11.6,16.1,2.1,0.0 
244,POR,5,1.000,0.0,23.8,0.0,10.5,0.0 
244,NJN,119,.504,0.9,11.0,16.7,1.8,0.0 
245,NOH,119,.372,1.0,7.9,29.4,3.7,0.0 
246,TOT,175,.557,10.1,16.8,1.8,1.9,4.0 
246,POR,93,.566,9.8,12.8,1.7,0.6,6.6 
246,NOH,82,.546,10.3,21.4,2.0,3.3,1.0 
247,ATL,934,.558,8.2,20.1,5.7,2.4,1.5 
248,BOS,298,.456,8.3,14.4,3.6,0.9,3.6 
249,TOR,1561,.498,5.6,16.2,13.9,2.4,4.4 
250,ATL,2127,.557,2.9,9.2,19.7,1.2,0.5 
251,NOH,61,.648,6.0,17.3,11.1,0.9,0.0 
252,MIN,1469,.477,1.8,11.6,6.4,1.2,2.3 
253,IND,1052,.533,2.5,10.0,9.6,1.2,0.8 
254,DAL,268,.493,3.8,14.6,24.6,2.0,1.5 
255,MIA,666,.567,1.1,7.4,4.2,1.3,1.1 
256,TOT,292,.471,13.1,10.5,4.9,1.7,3.1 
256,LAC,96,.294,13.5,7.5,2.8,2.2,4.3 
256,NOH,196,.501,13.0,12.0,5.9,1.4,2.5 
257,LAC,1798,.626,13.2,23.0,1.5,0.9,6.2 
258,NYK,108,.561,14.8,14.1,6.3,0.5,4.4 
259,SAS,266,.374,2.2,8.5,17.4,1.4,0.8 
260,NOH,1372,.478,7.9,23.5,14.0,1.0,4.7 
Rk,Tm,MP,TS%,ORB%,DRB%,AST%,STL%,BLK% 
261,UTA,874,.539,13.9,22.7,1.4,1.1,2.1 
262,LAL,269,.476,0.9,4.8,6.0,0.6,0.0 
263,CLE,59,.466,1.9,12.0,8.2,1.8,0.0 
264,DAL,1379,.524,1.2,14.8,28.4,3.1,0.6 
265,TOR,1057,.521,4.7,17.2,7.9,1.2,0.3 
266,DET,2129,.511,1.8,10.3,20.8,1.2,0.4 
267,CHI,1469,.600,2.0,9.9,11.7,1.3,0.7 
268,DEN,792,.608,14.4,23.3,2.9,1.5,4.1 
269,NOH,999,.577,9.4,15.9,7.1,0.7,1.0 
270,DEN,2124,.579,3.1,9.2,30.2,2.0,0.2 
271,HOU,1757,.534,1.7,8.9,7.9,2.0,0.9 
272,GSW,2121,.549,9.2,19.9,13.6,1.3,0.8 
273,MIN,243,.466,4.1,7.8,19.8,1.7,1.2 
274,SAS,1534,.573,7.9,16.4,6.6,2.9,1.1 
275,LAC,45,.390,15.7,8.0,17.0,2.4,3.7 
276,MIL,555,.536,8.7,15.3,7.3,1.3,2.3 
277,WAS,729,.457,5.2,11.7,5.7,1.6,1.1 
278,ORL,115,.495,5.9,9.2,7.1,2.8,0.0 
279,NYK,940,.552,2.2,11.1,41.0,3.0,0.8 
280,MIL,1092,.520,3.8,8.7,16.6,1.3,1.4 
Rk,Tm,MP,TS%,ORB%,DRB%,AST%,STL%,BLK% 
281,NJN,136,.527,6.6,8.8,10.2,0.4,2.3 
282,PHO,895,.526,11.5,14.8,3.4,1.0,4.8 
283,MIN,2145,.568,11.6,26.4,10.0,1.1,0.9 
284,HOU,1510,.558,2.8,13.7,32.3,2.5,0.7 
285,CHI,726,.496,3.4,8.1,25.8,1.4,0.1 
286,WAS,779,.468,1.7,11.7,26.0,1.9,0.2 
287,DET,135,.559,12.0,18.3,6.4,1.6,2.3 
288,CHA,881,.517,2.6,14.0,8.3,1.4,0.1 
289,TOR,374,.360,7.9,27.3,2.4,0.6,2.2 
290,DAL,1139,.585,10.7,17.7,1.7,1.8,2.2 
291,DAL,1919,.488,8.6,18.6,11.5,1.8,1.5 
292,WAS,391,.555,3.4,13.4,4.2,1.5,0.4 
293,LAC,940,.445,6.1,16.9,2.9,2.5,3.8 
294,HOU,1264,.554,1.2,8.6,14.5,1.2,0.2 
295,WAS,697,.530,1.1,10.1,11.0,1.0,0.6 
296,POR,2228,.539,2.9,9.0,8.3,2.3,0.5 
297,DET,1466,.493,9.9,17.4,4.7,1.2,2.7 
298,OKC,137,.466,2.7,7.8,24.1,1.9,0.0 
299,MEM,1771,.513,1.9,12.1,16.1,2.1,1.1 
300,MIL,1009,.544,8.2,16.9,4.4,2.0,1.6 
Rk,Tm,MP,TS%,ORB%,DRB%,AST%,STL%,BLK% 
301,TOT,1535,.552,12.1,23.3,3.5,1.2,6.6 
301,WAS,1124,.539,12.6,23.8,3.9,1.2,6.9 
301,DEN,411,.588,10.5,21.8,2.5,1.2,5.9 
302,ATL,837,.510,3.3,18.2,20.8,1.0,1.4 
303,GSW,1127,.486,7.4,17.4,14.0,2.0,2.5 
304,LAL,718,.516,9.9,16.4,10.5,1.1,1.8 
305,PHI,1644,.551,1.1,9.8,5.0,1.3,0.1 
306,UTA,1145,.484,2.7,9.0,9.6,2.1,1.3 
307,MIN,472,.458,8.2,14.6,5.9,1.0,3.8 
308,DEN,1809,.510,3.5,10.5,36.5,1.8,0.4 
309,MIN,146,.542,3.0,11.5,24.3,1.4,1.0 
310,MIA,752,.561,3.6,16.2,8.7,1.0,0.6 
311,SAS,261,.604,1.8,10.3,25.9,2.0,0.3 
312,UTA,2100,.545,9.7,21.2,12.4,2.9,2.0 
313,OKC,692,.477,10.4,17.1,3.1,1.5,3.9 
314,DET,2082,.563,13.3,23.6,14.0,2.1,1.7 
315,CHA,123,.362,1.8,19.3,6.4,0.4,3.0 
316,BOS,331,.474,1.5,9.9,17.0,1.8,0.7 
317,GSW,118,.520,6.8,14.4,6.0,1.3,1.9 
318,LAL,169,.500,1.4,8.8,19.1,0.6,0.0 
319,HOU,126,.348,4.6,10.2,3.7,0.8,1.2 
320,PHO,1227,.484,6.4,19.1,8.2,1.7,2.5 
Rk,Tm,MP,TS%,ORB%,DRB%,AST%,STL%,BLK% 
321,NJN,1636,.531,2.1,7.0,6.8,1.5,0.4 
322,DEN,687,.556,9.3,20.8,4.9,1.1,4.8 
323,CHA,1465,.473,7.3,18.8,7.5,0.8,2.6 
324,LAL,956,.537,4.9,16.9,7.9,0.8,1.2 
325,WAS,3,.000,0.0,0.0,0.0,0.0,0.0 
326,CHA,270,.441,4.5,17.2,7.4,3.7,1.1 
327,PHO,1961,.625,1.5,9.1,53.1,1.0,0.3 
328,SAS,1206,.542,1.2,9.9,15.1,1.2,0.1 
329,ORL,1706,.524,1.9,10.4,34.0,1.2,0.2 
330,CHI,1945,.561,14.1,21.8,12.7,1.1,3.4 
331,PHI,56,.342,2.0,25.9,2.6,1.0,1.3 
332,NYK,1020,.684,1.0,10.9,2.0,0.8,0.7 
333,DAL,2079,.564,2.5,19.9,12.6,1.1,1.2 
334,BOS,570,.468,8.0,19.4,2.7,0.7,5.8 
335,DAL,1027,.423,4.0,18.7,12.9,1.0,1.4 
336,NOH,781,.539,10.8,21.4,5.3,1.1,2.8 
337,NJN,454,.460,5.5,15.5,11.1,1.1,0.8 
338,ORL,187,.549,11.6,12.5,4.3,2.3,3.8 
339,SAC,500,.428,4.0,9.7,4.8,1.9,3.1 
340,NJN,75,.509,3.0,17.5,8.1,0.0,1.0 
Rk,Tm,MP,TS%,ORB%,DRB%,AST%,STL%,BLK% 
341,ATL,1640,.557,11.1,21.5,7.4,1.8,1.4 
342,ATL,671,.539,1.6,11.1,24.1,1.6,0.2 
343,MEM,424,.389,3.2,7.0,20.2,1.9,0.0 
344,CLE,1280,.523,0.9,11.8,15.7,1.6,0.4 
345,SAS,1923,.539,1.3,8.7,40.3,1.5,0.2 
346,HOU,1804,.513,5.7,13.6,11.7,2.1,1.2 
347,HOU,1483,.457,8.7,13.7,5.7,1.0,1.8 
348,LAC,2181,.581,2.3,9.4,43.8,3.8,0.2 
349,BOS,527,.456,0.9,14.5,5.3,2.0,2.2 
350,MIN,1264,.607,15.8,14.6,4.6,1.2,1.8 
351,OKC,1744,.528,8.4,18.8,6.4,0.7,3.0 
352,NJN,920,.452,8.3,20.3,8.2,1.2,1.9 
353,BOS,2075,.567,2.2,15.2,24.3,1.8,1.0 
354,BOS,921,.509,2.4,13.7,4.4,1.2,0.8 
355,MIA,301,.498,11.1,16.8,4.9,1.4,2.2 
356,MEM,1002,.517,6.3,8.5,4.1,1.4,0.4 
357,IND,568,.454,2.6,9.4,23.9,1.9,0.3 
358,PHO,517,.465,4.0,8.2,18.7,3.4,0.4 
359,DET,2087,.470,4.0,12.4,13.2,0.7,1.2 
360,POR,449,.492,7.4,28.9,1.9,0.5,2.8 
Rk,Tm,MP,TS%,ORB%,DRB%,AST%,STL%,BLK% 
361,ATL,755,.524,5.3,16.8,10.9,1.5,1.5 
362,MIN,517,.532,9.0,17.5,6.6,1.3,4.8 
363,MEM,735,.500,12.1,23.9,11.2,1.5,0.4 
364,PHO,770,.511,2.1,9.1,7.1,0.9,0.0 
365,ORL,1765,.575,1.2,8.8,16.2,0.8,0.3 
366,OKC,17,.800,7.2,6.3,0.0,0.0,0.0 
367,ORL,1591,.502,2.6,11.6,12.0,1.8,1.1 
368,ORL,866,.511,2.0,14.6,7.0,1.7,0.5 
369,MIN,1750,.530,1.2,7.8,24.0,1.6,0.7 
370,GSW,1192,.534,1.4,8.1,31.8,2.6,0.1 
371,BOS,1957,.483,3.9,11.2,52.5,2.6,0.1 
372,CHI,1375,.532,2.1,8.4,40.3,1.4,1.4 
373,MIN,1404,.476,1.6,11.9,37.4,3.3,0.4 
374,GSW,1717,.628,2.2,14.4,7.9,1.1,2.6 
375,DET,357,.401,2.3,6.6,26.0,2.7,0.2 
376,SAC,1250,.471,1.7,10.5,11.1,1.5,0.4 
377,CLE,825,.517,8.4,16.8,4.2,1.3,1.8 
378,MIL,643,.463,10.3,17.3,7.8,2.5,8.9 
379,CHI,122,.490,7.5,11.7,18.7,2.2,3.5 
380,HOU,2067,.526,6.8,17.3,12.0,0.9,0.9 
Rk,Tm,MP,TS%,ORB%,DRB%,AST%,STL%,BLK% 
381,OKC,914,.584,2.8,12.5,7.4,2.1,1.4 
382,MEM,237,.403,1.0,6.5,19.3,1.6,0.0 
383,WAS,1176,.549,9.8,17.1,4.8,0.8,5.0 
384,TOT,1707,.535,2.2,12.0,35.5,1.4,0.1 
384,CLE,1006,.514,2.1,12.7,37.1,1.4,0.1 
384,LAL,701,.570,2.3,11.1,33.1,1.3,0.2 
385,NYK,1705,.484,2.8,9.9,15.6,3.1,0.4 
386,PHI,39,.337,5.7,5.7,11.4,0.0,0.0 
387,LAC,418,.430,4.8,10.9,3.8,1.9,0.6 
388,WAS,1431,.462,3.4,15.1,5.0,2.5,1.6 
389,WAS,262,.600,10.7,24.3,9.5,1.8,2.3 
390,MEM,4,.000,0.0,0.0,0.0,0.0,0.0 
391,TOT,669,.433,3.0,8.6,26.5,1.0,0.3 
391,ATL,20,.375,5.9,23.3,41.6,2.7,0.0 
391,NOH,41,.381,5.9,2.9,32.5,2.7,0.0 
391,CLE,608,.440,2.7,8.6,25.6,0.9,0.4 
392,POR,464,.556,8.1,19.8,6.6,1.8,0.8 
393,HOU,69,.636,8.3,25.5,2.2,1.5,5.4 
394,TOT,234,.422,3.4,13.9,29.2,3.4,0.7 
394,GSW,63,.437,3.6,12.6,24.2,3.3,0.0 
394,ORL,171,.413,3.3,14.4,31.1,3.5,0.9 
395,NYK,967,.508,3.4,12.9,15.2,2.9,0.5 
396,NOH,947,.537,9.2,15.3,6.8,1.2,3.6 
397,NJN,46,.250,4.9,13.0,13.4,5.8,0.0 
398,ATL,2329,.499,6.9,24.8,20.6,2.1,3.8 
399,POR,541,.434,3.6,8.6,18.2,1.8,0.4 
400,MEM,1345,.491,11.3,21.4,6.0,0.8,1.8 
Rk,Tm,MP,TS%,ORB%,DRB%,AST%,STL%,BLK% 
401,SAS,1121,.649,9.7,21.4,9.2,1.0,3.0 
402,ATL,273,.490,2.6,7.2,8.3,1.9,0.8 
403,IND,442,.400,3.1,10.4,16.5,2.5,0.9 
404,NJN,960,.413,0.8,11.7,6.5,1.1,0.3 
405,BOS,766,.579,7.7,19.0,5.6,2.6,8.5 
406,DEN,179,.502,3.4,12.6,28.3,2.3,2.6 
407,NYK,1543,.541,7.9,19.8,6.3,1.3,2.3 
408,DET,1644,.550,2.7,7.8,22.7,1.4,0.5 
409,NOH,209,.493,4.6,8.4,8.1,1.8,0.0 
410,ATL,2183,.551,1.1,7.4,24.3,2.6,1.3 
411,PHO,895,.495,2.5,8.9,24.5,2.4,1.0 
412,DAL,2000,.540,0.9,7.4,19.9,1.9,0.4 
413,TOT,139,.587,13.1,22.2,0.0,0.4,5.5 
413,HOU,23,1.000,5.0,30.6,0.0,0.0,6.5 
413,POR,116,.541,14.8,20.5,0.0,0.5,5.3 
414,SAC,1656,.574,3.0,8.4,25.6,1.6,0.4 
415,POR,803,.483,5.5,22.1,8.7,1.6,3.0 
416,NOH,630,.541,9.4,14.3,3.0,0.9,0.9 
417,SAS,15,.129,7.8,15.0,8.1,3.4,4.8 
418,CHA,1013,.418,5.4,17.7,6.0,1.9,4.4 
419,LAC,119,.445,4.0,20.2,4.5,1.4,2.1 
420,SAC,1657,.558,10.5,19.3,7.5,1.3,1.9 
Rk,Tm,MP,TS%,ORB%,DRB%,AST%,STL%,BLK% 
421,GSW,1608,.545,1.7,9.6,14.2,1.6,1.0 
422,CLE,95,.375,0.0,6.2,11.6,1.1,0.8 
423,CLE,1424,.469,14.4,16.8,3.3,1.0,3.3 
424,SAC,1780,.544,4.9,6.7,9.4,2.0,0.5 
425,UTA,507,.461,1.3,8.9,36.3,1.8,1.3 
426,MIN,882,.504,6.2,13.0,3.8,1.0,1.5 
427,TOT,279,.597,8.9,20.6,5.1,2.6,4.9 
427,WAS,58,1.000,1.9,21.6,12.2,5.4,4.0 
427,MIA,221,.567,10.7,20.3,3.3,1.9,5.1 
428,ORL,1653,.528,1.7,12.4,24.1,1.5,0.8 
429,PHI,1713,.478,1.7,22.8,16.9,1.2,0.9 
430,GSW,568,.442,10.8,17.1,4.5,1.5,2.7 
431,WAS,52,.362,4.3,17.5,2.9,1.0,1.5 
432,TOT,1290,.493,8.6,13.5,6.4,1.6,6.0 
432,GSW,827,.493,8.0,12.2,5.5,1.6,6.0 
432,MIL,463,.492,9.7,15.9,8.1,1.7,6.0 
433,MIL,1080,.488,2.6,8.0,32.2,1.8,0.1 
434,TOT,370,.377,6.0,15.1,26.8,2.5,0.7 
434,CLE,13,.400,16.9,18.2,27.8,4.0,0.0 
434,TOR,357,.376,5.6,15.0,26.7,2.4,0.7 
435,CLE,785,.542,15.2,26.8,9.7,2.3,1.6 
436,NOH,1706,.513,1.6,10.3,35.7,1.9,0.4 
437,WAS,1078,.544,10.5,15.6,6.7,1.9,2.3 
438,DET,180,.484,5.8,26.8,6.4,2.1,2.2 
439,PHI,812,.462,12.0,21.7,6.2,1.3,3.1 
440,MIA,1625,.559,5.6,11.6,27.3,2.7,3.1 
Rk,Tm,MP,TS%,ORB%,DRB%,AST%,STL%,BLK% 
441,ORL,469,.537,1.5,9.7,11.0,1.1,0.5 
442,NYK,620,.526,1.7,13.4,9.4,1.6,0.9 
443,CHA,1792,.464,1.9,13.5,30.2,1.8,0.8 
444,WAS,2386,.502,2.2,12.0,36.9,2.1,1.8 
445,DET,980,.398,9.6,23.7,6.4,2.6,4.1 
446,TOT,2076,.547,4.8,17.2,13.2,2.2,1.3 
446,POR,1503,.556,4.8,17.0,12.4,2.2,1.3 
446,NJN,573,.528,4.7,17.7,15.1,2.1,1.5 
447,TOT,364,.423,4.0,11.4,14.8,0.7,0.2 
447,LAL,65,.429,10.8,13.1,11.6,1.6,0.0 
447,CLE,299,.422,2.6,11.1,15.5,0.5,0.3 
448,PHO,503,.503,7.0,13.5,9.3,0.8,0.4 
449,NOH,98,.525,9.9,22.7,4.7,2.8,3.4 
450,CHI,1159,.491,2.1,7.9,27.2,2.1,0.5 
451,UTA,1033,.413,3.3,10.2,28.9,2.7,1.7 
452,MIN,1140,.533,4.1,12.3,5.5,1.4,1.1 
453,IND,1925,.531,6.9,18.3,13.1,1.4,1.9 
454,DAL,1060,.539,1.4,9.3,22.2,2.9,0.8 
455,OKC,2331,.538,5.0,9.4,29.8,2.5,0.7 
456,CHA,1098,.516,5.0,17.2,8.1,0.8,1.6 
457,SAC,109,.449,15.4,24.3,0.0,1.4,10.0 
458,BOS,481,.612,9.8,19.7,4.1,1.2,1.4 
459,DET,922,.445,2.8,10.4,7.5,1.7,1.1 
460,NJN,1999,.527,1.3,9.6,46.6,1.8,0.8 
Rk,Tm,MP,TS%,ORB%,DRB%,AST%,STL%,BLK% 
461,MIN,1418,.499,6.0,18.4,4.5,1.1,1.6 
462,POR,149,.537,5.4,9.6,8.0,2.1,1.6 
463,NJN,635,.544,11.7,16.9,2.9,1.8,1.8 
464,PHI,1682,.525,2.0,8.3,22.4,1.7,0.8 
465,ATL,1500,.542,6.0,16.9,7.7,1.7,0.9 
466,LAC,1472,.530,1.8,6.2,18.5,1.9,0.4 
467,CHA,747,.503,4.0,10.5,14.7,1.4,0.3 
468,TOT,107,.722,14.1,12.6,7.4,2.0,5.9 
468,DAL,65,.778,15.7,6.9,5.5,0.8,6.1 
468,BOS,42,.606,11.8,21.4,10.4,3.8,5.5 
469,NJN,514,.372,4.4,11.2,4.9,1.0,1.6 
470,NJN,1276,.543,12.5,19.6,4.3,2.0,2.3 
471,TOT,550,.488,2.5,18.7,19.2,1.9,0.9 
471,HOU,181,.434,1.3,16.8,8.3,1.2,0.4 
471,SAC,369,.510,3.1,19.7,24.6,2.2,1.2 
472,LAL,1720,.478,4.8,9.1,12.5,2.1,1.1 
473,DAL,791,.632,8.9,15.8,2.9,1.5,6.4 
474,GSW,186,.597,11.6,15.8,3.3,2.0,5.4 
475,GSW,1650,.553,4.1,14.9,8.8,1.8,1.2 
476,TOT,1729,.512,2.0,6.8,5.7,1.3,0.8 
476,WAS,1211,.513,1.8,7.2,6.8,1.3,0.7 
476,LAC,518,.509,2.5,5.8,3.1,1.5,1.0 
477,TOT,375,.412,6.0,13.1,6.2,2.4,1.2 
477,MEM,240,.419,6.7,13.4,6.0,2.4,0.7 
477,PHI,135,.399,4.9,12.4,6.5,2.4,2.2 
