Rk,Tm,MP,TS%,ORB%,DRB%,AST%,STL%,BLK% 
1,GSW,196,.457,13.0,20.7,7.3,1.0,1.9 
2,DEN,2324,.620,2.3,9.9,10.9,0.7,1.0 
3,MIN,29,.682,0.0,7.9,6.0,1.7,0.0 
4,TOT,340,.507,5.9,21.5,4.8,1.7,4.2 
4,DAL,75,.435,8.1,18.0,4.3,2.1,5.1 
4,TOR,265,.530,5.2,22.5,4.9,1.6,4.0 
5,TOR,59,.189,13.7,14.4,4.6,1.8,2.6 
6,OKC,142,.537,11.1,17.5,4.0,1.8,3.6 
7,POR,3211,.549,10.1,17.2,10.1,1.4,2.4 
8,ORL,178,.361,8.1,12.8,3.3,0.3,1.7 
9,BOS,2890,.615,2.3,9.0,12.7,1.4,0.4 
10,MEM,1494,.562,5.5,9.9,10.9,4.5,2.4 
11,LAC,1452,.499,6.1,15.4,6.4,2.1,1.3 
12,GSW,691,.452,13.0,17.4,3.5,1.0,3.6 
13,DEN,732,.636,12.2,22.1,4.0,1.6,6.0 
14,TOT,373,.513,6.4,21.0,5.6,0.7,2.0 
14,TOR,150,.559,6.2,21.1,7.3,1.0,1.5 
14,NOH,223,.484,6.5,20.9,4.5,0.5,2.2 
15,SAS,286,.529,0.8,8.3,9.2,0.5,1.5 
16,ORL,1424,.591,10.8,18.1,6.2,1.1,2.1 
17,TOT,2751,.557,5.0,18.3,14.7,1.2,1.3 
17,DEN,1774,.547,5.2,19.3,14.3,1.2,1.3 
17,NYK,977,.575,4.8,16.5,15.3,1.3,1.1 
18,MIA,1463,.583,9.0,12.4,2.2,0.4,5.0 
19,TOT,1796,.471,1.4,10.7,25.3,2.1,0.9 
19,WAS,726,.505,0.9,10.4,27.5,2.1,1.3 
19,ORL,1070,.444,1.8,11.0,23.8,2.2,0.7 
20,NOH,2600,.487,2.8,16.4,10.0,2.5,1.0 
Rk,Tm,MP,TS%,ORB%,DRB%,AST%,STL%,BLK% 
21,TOT,488,.508,9.5,21.6,4.2,1.9,3.3 
21,WAS,412,.519,10.4,21.5,3.5,1.9,3.0 
21,ATL,76,.457,4.8,22.0,7.8,2.1,5.0 
22,TOT,1185,.528,2.2,7.9,15.8,0.9,0.1 
22,MIA,995,.541,1.6,7.5,15.3,0.7,0.1 
22,BOS,190,.447,4.8,9.8,18.6,2.0,0.0 
23,MEM,1609,.534,8.5,17.0,5.4,1.7,3.2 
24,CHI,989,.559,13.7,22.3,4.7,1.1,4.3 
25,CHA,2757,.541,1.7,8.3,31.1,1.0,0.1 
26,POR,137,.305,5.1,22.4,6.9,0.8,1.2 
27,TOT,62,.542,3.7,9.1,4.7,3.2,2.4 
27,DEN,44,.604,2.7,7.6,6.6,3.4,3.4 
27,NYK,18,.375,6.3,12.8,0.0,2.8,0.0 
28,TOR,22,.543,0.0,5.5,17.2,2.3,0.0 
29,TOR,1395,.539,1.2,7.4,14.6,1.9,0.3 
30,DAL,1669,.535,2.1,8.8,31.2,0.9,0.0 
31,TOR,2353,.533,3.6,13.9,8.8,0.7,1.5 
32,LAL,1020,.569,8.4,16.7,10.5,2.0,1.6 
33,TOT,305,.361,12.1,17.2,5.8,1.4,1.5 
33,PHO,183,.301,10.1,15.2,3.0,1.7,1.6 
33,MIL,85,.475,16.0,14.1,9.2,1.3,1.9 
33,POR,37,.295,12.7,34.6,12.2,0.0,0.0 
34,ORL,1980,.571,8.1,16.7,5.0,0.7,2.0 
35,PHI,377,.489,5.2,25.1,4.8,0.7,3.0 
36,TOT,2375,.567,4.4,13.7,11.1,1.5,2.4 
36,HOU,1818,.577,3.6,13.9,12.1,1.5,2.7 
36,MEM,557,.530,6.8,13.0,7.9,1.5,1.5 
37,POR,2522,.563,5.1,12.8,8.1,1.5,1.6 
38,TOT,1496,.536,2.0,11.3,27.6,1.3,0.3 
38,NOH,149,.443,1.6,10.7,29.9,0.7,0.6 
38,TOR,1347,.545,2.1,11.4,27.4,1.4,0.2 
39,MIN,2361,.510,5.4,14.1,12.3,1.1,1.7 
40,DAL,496,.500,1.7,10.2,21.9,2.1,1.2 
Rk,Tm,MP,TS%,ORB%,DRB%,AST%,STL%,BLK% 
41,NOH,1957,.560,1.1,8.4,8.0,1.1,0.3 
42,GSW,171,.357,3.9,8.1,10.1,1.8,0.4 
43,UTA,2097,.528,1.8,8.4,8.3,1.4,0.5 
44,TOT,2285,.570,0.9,9.2,17.9,1.2,0.3 
44,ATL,1674,.570,1.1,9.1,18.9,1.2,0.3 
44,WAS,29,.111,0.0,12.2,37.8,1.8,0.0 
44,MIA,582,.601,0.4,9.1,14.1,1.0,0.4 
45,GSW,1397,.526,11.5,23.3,6.0,1.9,2.8 
46,TOT,2310,.617,1.3,8.1,25.8,1.5,0.5 
46,DEN,1646,.634,0.9,7.7,25.1,1.6,0.6 
46,NYK,664,.582,2.2,9.0,27.4,1.4,0.2 
47,SAS,1734,.524,14.8,22.9,7.1,2.8,1.7 
48,LAL,1581,.500,1.4,9.5,15.0,1.3,0.1 
49,WAS,2172,.497,9.3,18.7,11.7,2.3,1.8 
50,LAC,1841,.499,4.4,9.8,24.2,2.6,1.1 
51,CHI,1461,.559,1.6,10.1,10.1,1.4,0.5 
52,MIL,2297,.496,9.8,27.1,10.4,1.1,5.8 
53,SAS,1432,.617,5.0,14.2,6.2,0.9,1.0 
54,WAS,1063,.582,10.2,17.0,5.2,1.4,3.0 
55,CHI,1882,.542,8.3,26.3,14.3,1.3,0.7 
56,MIA,2795,.569,6.4,20.0,8.9,1.1,1.4 
57,MIL,862,.526,2.0,5.5,30.9,2.4,0.3 
58,PHI,33,.250,7.0,7.0,4.6,1.6,0.0 
59,BOS,162,.360,3.2,9.3,11.9,3.0,0.0 
60,PHI,2809,.553,9.7,18.0,7.1,1.7,2.9 
Rk,Tm,MP,TS%,ORB%,DRB%,AST%,STL%,BLK% 
61,TOT,1510,.482,4.2,8.9,9.1,3.3,0.8 
61,MIN,1362,.471,3.6,9.0,8.6,3.3,0.8 
61,DAL,148,.573,9.9,8.4,13.3,3.9,1.0 
62,CHI,1781,.518,3.7,13.2,12.1,3.2,0.9 
63,MIL,677,.567,12.4,19.4,4.2,1.1,0.3 
64,TOT,1284,.489,1.8,5.2,28.9,1.3,0.2 
64,HOU,811,.465,1.5,5.6,25.2,1.3,0.2 
64,PHO,473,.533,2.2,4.4,35.3,1.4,0.2 
65,TOT,576,.588,8.5,12.2,9.5,1.8,1.4 
65,CHA,488,.565,7.9,13.0,9.9,1.8,1.3 
65,NYK,88,.717,11.6,7.9,6.9,2.3,1.7 
66,CHA,1714,.550,10.3,21.6,4.1,0.8,1.8 
67,LAL,1568,.518,2.6,8.5,10.0,2.3,0.8 
68,LAL,2779,.548,3.5,13.3,26.7,1.9,0.3 
69,HOU,1738,.534,3.4,15.0,11.5,1.2,0.7 
70,DAL,867,.523,3.1,12.5,9.1,1.7,0.7 
71,TOT,770,.446,1.5,10.1,5.3,0.5,1.5 
71,LAC,744,.433,1.6,10.3,5.5,0.6,1.6 
71,CHI,26,.727,0.0,4.4,0.0,0.0,0.0 
72,LAL,1500,.606,13.3,24.7,7.7,0.7,5.4 
73,DET,1125,.524,1.6,6.7,28.6,2.5,0.3 
74,TOR,2102,.522,1.7,9.9,43.0,2.0,0.3 
75,POR,1540,.426,13.8,35.2,11.7,1.4,5.0 
76,LAL,215,.532,10.3,12.2,5.1,1.0,3.5 
77,DAL,618,.672,2.0,8.9,9.1,2.0,0.9 
78,TOT,336,.521,4.3,12.1,4.8,1.8,1.1 
78,GSW,331,.526,4.0,12.3,4.9,1.7,1.2 
78,MEM,5,.333,23.7,0.0,0.0,10.4,0.0 
79,TOT,50,.388,4.7,14.5,10.7,1.0,1.6 
79,MEM,39,.506,6.1,18.6,7.3,1.3,2.1 
79,HOU,11,.000,0.0,0.0,22.8,0.0,0.0 
80,CHA,582,.530,2.5,11.7,6.9,1.6,0.8 
Rk,Tm,MP,TS%,ORB%,DRB%,AST%,STL%,BLK% 
81,TOT,463,.502,1.7,10.9,21.3,2.9,1.0 
81,DEN,153,.421,0.0,8.8,23.2,3.0,0.5 
81,NYK,310,.534,2.6,11.9,20.4,2.9,1.2 
82,TOT,2051,.528,3.1,12.4,12.1,1.7,0.7 
82,ORL,664,.557,2.0,13.5,17.3,1.6,0.4 
82,PHO,1387,.516,3.6,11.8,9.6,1.7,0.9 
83,SAC,1702,.517,4.8,16.0,6.6,1.6,0.6 
84,MIA,1579,.538,1.0,9.5,16.8,2.5,0.3 
85,DAL,2059,.697,12.2,26.6,2.4,0.9,3.0 
86,TOT,2401,.537,3.6,15.9,8.1,1.0,2.9 
86,NYK,1759,.548,4.0,15.8,8.1,1.0,2.9 
86,DEN,642,.505,2.4,16.1,8.3,1.1,2.8 
87,PHO,894,.567,8.9,11.1,7.0,1.9,1.9 
88,TOT,464,.456,9.5,15.7,3.1,0.9,3.0 
88,PHO,72,.410,6.4,20.9,8.7,0.7,3.1 
88,ORL,392,.468,10.1,14.8,2.1,0.9,3.0 
89,TOT,181,.374,9.1,6.4,1.5,1.1,0.4 
89,LAC,157,.438,5.3,7.4,0.9,1.3,0.5 
89,POR,24,.167,34.2,0.0,5.9,0.0,0.0 
90,ATL,593,.539,6.1,14.5,5.3,0.8,1.2 
91,CHA,66,.334,0.0,9.2,19.6,1.6,0.0 
92,IND,2360,.534,1.9,8.6,28.9,1.9,0.4 
93,OKC,1524,.600,9.5,14.6,6.7,1.4,1.5 
94,MEM,2872,.521,1.3,9.0,28.0,2.6,0.5 
95,LAC,447,.534,5.0,20.0,5.6,1.4,1.9 
96,OKC,598,.630,1.6,12.1,5.3,1.2,0.1 
97,UTA,18,.667,0.0,20.3,0.0,0.0,4.5 
98,SAC,2309,.484,10.4,24.4,14.7,1.9,2.1 
99,ATL,2297,.545,1.2,5.6,17.7,1.3,0.5 
100,TOT,1027,.456,3.4,8.6,19.8,2.0,0.2 
100,ATL,160,.421,6.8,14.2,16.0,1.0,0.0 
100,WAS,867,.462,2.8,7.5,20.5,2.1,0.3 
Rk,Tm,MP,TS%,ORB%,DRB%,AST%,STL%,BLK% 
101,TOT,1637,.483,6.9,13.9,4.3,1.8,2.2 
101,POR,1108,.457,7.7,13.4,4.3,1.9,2.4 
101,CHA,529,.525,5.2,15.0,4.5,1.5,1.7 
102,GSW,2489,.595,2.3,10.9,28.1,2.2,0.6 
103,SAC,1938,.509,12.1,26.9,5.3,0.9,4.3 
104,MIA,815,.591,8.2,17.1,3.8,0.9,4.5 
105,PHI,35,.510,0.0,16.5,7.9,0.0,0.0 
106,BOS,938,.527,3.3,11.0,10.6,2.2,1.8 
107,TOT,1649,.506,2.5,8.6,41.2,2.4,1.3 
107,LAC,1269,.492,2.7,8.3,39.9,2.5,1.4 
107,CLE,380,.548,1.8,9.3,45.4,2.2,1.2 
108,TOR,1602,.583,12.1,22.3,3.8,1.3,3.2 
109,BOS,2298,.499,5.7,16.4,6.6,1.8,1.0 
110,DET,1446,.518,5.2,18.6,8.5,1.5,2.2 
111,MIL,1590,.517,1.7,13.2,12.1,2.6,0.4 
112,CHI,3208,.549,4.4,12.8,11.9,1.3,1.1 
113,TOR,2851,.530,3.0,10.2,8.6,1.5,0.8 
114,CHA,2778,.558,4.5,13.6,20.6,1.4,1.3 
115,LAC,470,.590,10.3,18.3,0.7,0.3,0.5 
116,CHA,181,.347,8.0,18.9,5.7,1.2,6.7 
117,MIL,1757,.509,0.8,7.1,23.4,1.6,0.2 
118,TOR,522,.529,17.5,25.8,7.4,2.4,2.5 
119,NYK,1971,.534,3.7,10.5,19.5,2.3,0.1 
120,MIL,884,.517,0.9,11.0,9.8,1.8,1.2 
Rk,Tm,MP,TS%,ORB%,DRB%,AST%,STL%,BLK% 
121,PHO,292,.457,2.0,5.9,27.7,3.5,0.5 
122,TOT,1234,.524,3.3,9.9,25.6,2.1,0.6 
122,PHO,856,.492,3.2,8.4,26.8,2.1,0.5 
122,HOU,378,.604,3.6,13.2,22.7,1.9,0.7 
123,PHO,2140,.598,6.0,11.2,7.6,2.1,0.7 
124,ORL,774,.446,1.4,6.3,22.4,1.1,0.2 
125,SAS,2156,.537,9.3,26.8,15.7,1.2,4.8 
126,IND,1683,.593,1.9,16.2,10.1,1.2,1.3 
127,TOR,13,.250,0.0,28.0,10.7,0.0,0.0 
128,OKC,3038,.589,2.3,17.7,13.2,1.5,1.8 
129,LAL,118,.507,14.9,11.1,2.8,1.8,3.2 
130,MIN,1181,.488,2.4,7.9,9.4,1.2,0.2 
131,GSW,3227,.536,1.5,8.5,23.4,2.6,0.5 
132,UTA,610,.529,6.9,16.0,7.9,1.8,1.9 
133,DEN,366,.573,8.8,14.4,5.3,0.5,2.3 
134,TOT,595,.593,7.9,15.8,5.1,1.3,3.1 
134,BOS,531,.621,7.6,16.6,5.5,1.3,3.1 
134,CLE,64,.391,10.5,9.2,2.3,1.6,3.6 
135,UTA,463,.678,9.3,16.1,8.5,1.9,3.0 
136,TOT,1549,.513,3.9,8.0,4.5,1.1,0.7 
136,ATL,837,.492,3.3,8.7,5.4,1.0,0.5 
136,WAS,712,.531,4.5,7.1,3.4,1.3,1.0 
137,TOR,798,.466,17.2,34.4,6.4,1.9,0.6 
138,SAC,2107,.482,2.4,12.7,24.9,2.0,1.0 
139,NOH,19,.222,6.4,6.4,14.2,0.0,4.4 
140,CLE,947,.476,3.2,12.0,6.2,1.9,2.3 
Rk,Tm,MP,TS%,ORB%,DRB%,AST%,STL%,BLK% 
141,NJN,1796,.504,1.5,10.1,34.9,1.8,0.3 
142,TOT,1535,.542,12.9,19.1,4.2,1.0,3.5 
142,NJN,1091,.540,13.3,19.1,3.2,0.9,2.9 
142,UTA,444,.545,12.1,19.2,6.7,1.3,4.9 
143,TOT,2737,.524,2.0,9.2,35.8,2.3,0.3 
143,NYK,2074,.524,2.2,8.6,37.3,2.3,0.4 
143,DEN,663,.523,1.4,11.3,31.1,2.1,0.0 
144,POR,1821,.522,2.4,9.5,16.9,2.6,0.6 
145,UTA,456,.441,8.9,19.8,5.9,0.5,2.9 
146,NYK,2541,.598,4.7,18.9,9.0,1.6,0.5 
147,LAL,2297,.486,0.7,6.6,14.0,2.3,0.3 
148,MIN,983,.444,1.3,7.5,27.6,1.7,0.2 
149,DEN,791,.524,4.2,12.5,9.7,1.5,0.6 
150,IND,773,.434,2.5,9.1,28.4,2.3,0.8 
151,IND,940,.497,19.1,22.3,7.3,1.3,2.4 
152,LAC,1551,.516,1.0,6.7,17.5,1.6,1.1 
153,PHO,2541,.557,3.0,20.4,5.7,0.9,2.3 
154,TOT,463,.419,17.2,16.4,4.5,1.4,4.8 
154,GSW,297,.419,19.8,12.9,5.3,1.7,4.6 
154,NJN,166,.417,12.5,22.7,2.9,1.0,5.1 
155,TOT,301,.459,4.9,10.0,22.8,2.8,0.3 
155,MIN,65,.398,1.7,8.8,13.7,2.3,0.0 
155,TOR,90,.465,2.6,8.1,19.5,2.3,0.8 
155,NJN,146,.484,7.9,11.7,28.9,3.3,0.0 
156,TOT,2104,.597,3.2,13.4,7.4,1.2,0.9 
156,NYK,1671,.600,3.3,12.5,7.4,1.1,0.8 
156,DEN,433,.587,3.0,16.8,7.5,1.5,1.6 
157,SAC,1386,.551,1.9,9.2,8.0,1.9,2.6 
158,BOS,2220,.575,4.9,28.7,13.5,2.3,2.0 
159,MEM,2586,.580,7.1,19.4,11.6,1.5,4.3 
160,LAL,3037,.589,10.3,20.5,15.1,0.8,3.3 
Rk,Tm,MP,TS%,ORB%,DRB%,AST%,STL%,BLK% 
161,MEM,2152,.548,4.5,14.2,11.6,2.2,2.2 
162,TOT,1118,.544,6.2,12.7,5.4,1.8,1.2 
162,SAS,18,.333,13.2,6.3,0.0,0.0,7.9 
162,WAS,127,.496,9.5,10.3,5.9,2.8,0.0 
162,CLE,973,.552,5.6,13.1,5.5,1.7,1.3 
163,IND,1265,.542,3.3,16.3,8.3,2.5,1.5 
164,CLE,1865,.533,1.4,9.7,18.3,1.3,0.9 
165,CHI,1742,.502,11.2,19.4,5.3,1.2,4.6 
166,SAS,2426,.581,2.1,11.8,26.4,2.6,0.8 
167,LAC,2095,.504,3.4,10.7,8.5,1.5,0.4 
168,MIL,860,.487,9.6,22.9,10.3,1.3,1.6 
169,DET,2131,.548,2.2,9.3,13.2,1.2,0.6 
170,LAC,2112,.566,2.5,6.6,20.7,1.7,0.7 
171,TOT,2032,.594,8.5,27.4,5.5,0.9,3.3 
171,ORL,396,.562,11.5,23.0,6.8,0.9,4.1 
171,PHO,1636,.598,7.8,28.5,5.2,0.9,3.2 
172,CLE,586,.518,1.5,15.3,5.2,0.5,0.9 
173,NJN,959,.457,2.0,13.4,6.5,0.8,0.1 
174,IND,2763,.554,3.5,13.5,13.0,1.6,1.6 
175,NOH,531,.566,13.4,25.8,4.7,1.1,1.9 
176,SAS,92,.586,3.9,14.8,3.6,1.1,0.8 
177,TOT,2427,.538,3.7,13.5,7.2,1.1,1.1 
177,OKC,1815,.533,3.8,13.5,7.9,1.1,0.8 
177,BOS,612,.553,3.4,13.3,5.1,1.1,2.0 
178,NOH,1674,.515,1.6,10.2,7.6,1.2,0.6 
179,SAC,1127,.482,4.8,10.2,6.5,1.6,1.3 
180,NJN,5,.521,0.0,0.0,37.8,10.7,0.0 
Rk,Tm,MP,TS%,ORB%,DRB%,AST%,STL%,BLK% 
181,LAC,3112,.549,10.2,26.9,18.7,1.0,1.1 
182,MEM,168,.550,16.9,31.6,4.8,0.6,6.3 
183,DET,1498,.520,1.9,8.7,19.8,1.4,0.2 
184,IND,1535,.529,10.6,15.9,4.7,1.2,0.7 
185,TOT,640,.444,7.5,18.9,7.6,1.2,2.0 
185,BOS,241,.423,9.2,18.3,6.4,0.9,2.3 
185,CLE,399,.455,6.4,19.3,8.3,1.4,1.9 
186,OKC,2189,.598,2.3,11.0,12.8,2.2,0.8 
187,DEN,1665,.527,5.4,17.2,9.6,1.2,0.5 
188,TOT,2254,.545,0.9,8.2,38.2,1.7,0.2 
188,NJN,1724,.543,0.7,8.3,41.2,1.8,0.2 
188,UTA,530,.552,1.4,7.8,28.3,1.3,0.3 
189,CLE,933,.486,4.3,13.2,14.8,1.7,0.6 
190,HOU,16,.515,14.1,21.3,10.2,0.0,4.3 
191,MIA,345,.549,10.6,25.0,2.7,1.1,0.7 
192,PHI,1718,.481,8.7,22.5,11.2,0.9,3.1 
193,HOU,2079,.554,11.9,20.7,14.3,1.9,1.6 
194,UTA,1218,.578,4.0,9.8,10.2,1.3,1.3 
195,MIN,419,.464,5.9,12.8,10.3,1.4,1.3 
196,DAL,1331,.532,11.8,20.9,2.1,0.6,4.2 
197,SAC,586,.538,3.0,8.8,17.7,0.9,1.1 
198,CHA,1661,.509,3.5,11.6,10.7,1.6,1.6 
199,MEM,527,.451,2.0,6.4,5.0,1.1,0.5 
200,IND,2244,.507,9.1,21.0,12.8,0.7,4.6 
Rk,Tm,MP,TS%,ORB%,DRB%,AST%,STL%,BLK% 
201,CLE,2256,.503,10.8,25.0,7.5,1.1,1.8 
202,DEN,2291,.657,7.5,20.8,10.4,1.8,2.4 
203,SAS,2148,.588,1.3,9.2,13.6,1.6,0.7 
204,PHO,2409,.563,3.7,12.5,13.0,1.4,1.1 
205,HOU,1125,.521,12.9,18.0,4.0,0.6,3.2 
206,TOT,2157,.543,1.1,8.9,21.1,1.8,0.6 
206,WAS,1471,.548,1.0,9.3,22.7,1.9,0.5 
206,ATL,686,.530,1.2,8.0,17.9,1.5,0.8 
207,PHI,2901,.525,2.7,10.5,29.0,2.2,0.8 
208,CLE,1182,.642,6.6,11.6,3.6,1.0,2.7 
209,ATL,2704,.587,8.2,23.7,17.5,1.2,2.3 
210,MIA,978,.535,1.2,9.5,10.0,1.7,0.2 
211,ORL,2935,.616,12.6,30.6,6.8,1.9,4.9 
212,WAS,409,.416,4.8,16.2,9.4,1.6,0.9 
213,MIA,592,.495,7.7,16.3,5.8,0.9,0.5 
214,WAS,73,.349,1.5,6.5,34.1,2.8,1.0 
215,NJN,2061,.555,12.5,32.2,7.0,0.9,3.0 
216,OKC,2216,.579,11.7,20.8,1.6,0.7,6.5 
217,PHI,2469,.530,2.8,15.2,26.4,2.1,1.2 
218,MIA,1145,.531,11.9,17.5,3.6,1.1,4.0 
219,NOH,330,.518,12.8,18.9,2.7,1.0,6.8 
220,MIL,1505,.516,7.9,20.7,6.6,1.8,1.3 
Rk,Tm,MP,TS%,ORB%,DRB%,AST%,STL%,BLK% 
221,OKC,155,.527,1.6,10.2,6.8,2.0,0.5 
222,TOT,1722,.503,1.4,10.9,23.3,1.7,0.3 
222,TOR,347,.492,2.0,12.6,25.9,2.1,0.0 
222,NOH,1375,.505,1.2,10.4,22.6,1.6,0.4 
223,SAC,486,.521,11.2,10.8,4.6,1.2,0.4 
224,CHA,2405,.520,2.6,12.7,18.4,1.8,0.9 
225,NJN,403,.477,4.8,20.5,8.1,2.1,2.3 
226,MIA,3063,.594,3.3,18.7,34.9,2.1,1.3 
227,CLE,1842,.516,5.2,18.5,9.6,1.4,1.2 
228,TOT,322,.546,8.5,15.4,9.3,2.7,0.0 
228,SAS,8,.333,0.0,28.4,18.6,0.0,0.0 
228,WAS,314,.553,8.8,15.1,9.0,2.8,0.0 
229,UTA,2940,.528,9.6,23.2,9.2,0.8,4.2 
230,SAS,2459,.612,2.6,11.8,6.5,0.8,1.0 
231,TOT,601,.375,11.7,10.3,8.1,2.6,2.0 
231,HOU,138,.334,16.4,12.3,11.1,2.6,1.5 
231,NYK,463,.403,10.3,9.7,7.2,2.6,2.2 
232,MIL,2169,.493,2.2,10.6,25.9,2.3,0.8 
233,SAC,858,.460,1.2,8.3,28.4,1.7,0.2 
234,WAS,1112,.459,7.8,18.0,3.5,1.2,2.2 
235,TOR,1853,.608,11.8,17.8,6.8,1.5,3.6 
236,POR,277,.497,4.7,11.5,28.1,1.0,0.3 
237,TOT,138,.554,10.3,18.2,3.2,1.2,5.3 
237,POR,106,.521,12.2,19.3,2.8,1.5,4.7 
237,BOS,32,.773,4.1,14.5,4.5,0.0,7.3 
238,TOT,822,.505,5.2,15.4,16.4,2.1,3.4 
238,CHI,123,.449,5.9,16.7,18.1,3.5,5.6 
238,TOR,699,.517,5.1,15.1,16.1,1.8,3.0 
239,ATL,2554,.517,2.8,10.9,24.0,1.0,0.2 
240,TOT,94,.455,2.5,6.5,17.4,0.5,0.8 
240,TOR,81,.418,2.9,7.5,20.2,0.6,0.9 
240,LAL,13,.773,0.0,0.0,0.0,0.0,0.0 
Rk,Tm,MP,TS%,ORB%,DRB%,AST%,STL%,BLK% 
241,MIN,2069,.491,2.7,10.4,11.0,1.4,2.0 
242,IND,589,.558,0.8,11.4,9.5,1.7,0.9 
243,DAL,135,.400,5.4,15.9,20.8,1.9,1.7 
244,MIA,1549,.629,1.9,9.9,4.1,1.0,1.0 
245,IND,528,.469,9.5,14.2,8.5,1.2,3.0 
246,LAC,2047,.648,11.9,20.9,3.2,1.0,5.4 
247,LAC,838,.495,7.2,24.1,10.0,1.0,4.5 
248,PHI,112,.277,3.1,8.2,5.0,0.9,0.7 
249,DAL,2653,.500,1.6,13.4,35.4,2.7,0.8 
250,UTA,1999,.567,6.0,13.8,14.9,2.1,3.0 
251,TOR,1032,.502,4.1,16.5,6.2,1.0,0.5 
252,CHI,1649,.572,0.9,9.5,12.1,1.1,0.9 
253,TOT,434,.474,14.6,19.1,2.5,1.1,4.4 
253,MIN,336,.447,13.5,18.7,3.2,1.2,4.5 
253,DEN,98,.536,18.2,20.6,0.0,1.0,3.9 
254,TOT,1571,.557,9.9,15.4,2.8,0.9,1.2 
254,OKC,1018,.534,9.2,14.4,3.0,0.9,1.2 
254,BOS,553,.598,11.1,17.0,2.3,0.8,1.1 
255,TOT,2008,.555,9.3,10.8,5.2,1.0,1.2 
255,SAC,1406,.545,10.0,10.5,5.7,1.1,1.0 
255,NOH,602,.578,7.6,11.4,3.8,0.9,1.7 
256,TOT,726,.502,1.9,8.2,16.3,2.2,0.0 
256,MEM,94,.256,3.8,10.3,19.3,2.2,0.0 
256,GSW,632,.532,1.6,7.9,15.9,2.2,0.0 
257,PHO,2,0.0,0.0,0.0,0.0,0.0,0.0 
258,DEN,2103,.593,3.8,7.6,28.3,1.9,0.1 
259,HOU,1723,.534,3.3,10.4,8.9,1.7,0.7 
260,GSW,2634,.549,9.1,21.9,14.0,1.4,0.9 
Rk,Tm,MP,TS%,ORB%,DRB%,AST%,STL%,BLK% 
261,TOT,1824,.535,4.4,14.0,8.1,1.5,1.3 
261,ORL,810,.524,3.4,11.7,5.9,1.4,1.0 
261,WAS,1014,.544,5.2,15.9,9.9,1.5,1.5 
262,GSW,285,.458,4.7,8.9,20.4,5.9,2.4 
263,CHA,1261,.530,2.8,11.6,22.5,2.0,1.9 
264,NJN,2889,.549,7.8,12.3,8.8,0.9,3.2 
265,PHO,991,.539,9.5,15.6,1.3,0.9,3.4 
266,MIN,2611,.593,13.7,34.2,11.8,0.9,0.8 
267,HOU,2563,.550,3.9,9.7,29.4,2.0,0.6 
268,CHI,10,.258,0.0,0.0,15.0,0.0,0.0 
269,MIL,1401,.573,3.6,16.8,11.3,0.8,0.3 
270,MIA,158,.585,13.6,31.2,2.8,1.3,1.0 
271,DAL,488,.645,10.7,17.8,2.5,1.5,2.3 
272,DAL,2253,.551,9.1,19.2,8.3,1.6,1.7 
273,POR,208,.473,9.0,14.8,2.9,0.8,2.0 
274,WAS,542,.524,4.1,11.8,5.2,1.7,0.8 
275,DEN,1233,.526,6.5,20.9,13.6,1.8,2.2 
276,HOU,2603,.601,1.2,10.0,13.0,1.6,0.4 
277,NYK,319,.461,1.8,13.7,8.8,0.9,0.5 
278,POR,2758,.582,2.0,9.7,10.2,2.0,0.3 
279,DET,930,.510,8.3,14.7,2.7,1.4,1.8 
280,OKC,1200,.485,2.5,9.1,30.3,1.5,0.4 
Rk,Tm,MP,TS%,ORB%,DRB%,AST%,STL%,BLK% 
281,MEM,1869,.499,2.2,8.7,12.1,2.0,1.1 
282,MIL,2093,.518,9.2,14.3,5.3,1.8,1.1 
283,SAS,1387,.516,10.5,22.3,9.0,1.3,2.0 
284,WAS,2193,.566,11.2,22.2,2.8,1.0,6.7 
285,DET,1686,.503,3.4,15.4,23.6,2.1,1.6 
286,CHA,760,.437,10.0,21.8,9.0,0.7,3.5 
287,IND,1597,.608,7.6,18.8,15.0,1.5,2.6 
288,PHI,2062,.600,1.2,8.4,5.7,1.6,0.1 
289,NOH,35,.333,10.4,28.0,8.0,0.0,0.0 
290,UTA,1969,.507,3.3,12.4,11.7,2.0,1.6 
291,MIN,1686,.482,8.5,15.4,9.9,1.6,6.3 
292,POR,2650,.529,4.3,9.9,35.7,2.3,0.4 
293,HOU,1015,.566,4.9,19.9,21.4,1.4,1.4 
294,MIA,838,.525,5.7,19.5,9.1,1.3,0.2 
295,POR,783,.506,2.8,5.2,24.3,1.9,0.1 
296,UTA,2605,.578,7.5,19.4,12.6,2.1,2.2 
297,HOU,91,.579,8.7,24.9,7.3,0.0,6.1 
298,TOT,1280,.538,13.2,21.2,3.3,1.2,3.5 
298,CHA,851,.520,13.3,22.6,3.7,0.9,4.4 
298,OKC,429,.583,13.0,18.5,2.4,1.9,1.7 
299,DET,2222,.575,13.0,20.4,7.5,2.3,1.6 
300,TOT,1042,.499,2.5,16.0,7.8,1.4,2.4 
300,CLE,764,.488,2.0,16.1,9.3,1.7,2.7 
300,LAC,278,.535,3.8,15.9,3.8,0.6,1.7 
Rk,Tm,MP,TS%,ORB%,DRB%,AST%,STL%,BLK% 
301,NJN,1856,.573,2.3,8.8,6.3,0.5,0.3 
302,TOT,524,.523,10.0,16.4,4.2,1.4,3.5 
302,NYK,458,.514,10.1,15.8,4.8,1.5,3.7 
302,DEN,66,.571,9.0,20.4,0.0,0.8,2.3 
303,OKC,85,.366,8.6,24.0,0.0,1.2,2.6 
304,TOT,466,.428,5.8,23.4,7.6,1.7,0.5 
304,NJN,288,.389,4.4,27.0,9.2,1.3,0.5 
304,BOS,178,.503,8.1,17.6,5.0,2.4,0.4 
305,WAS,80,.681,2.8,7.4,0.0,1.3,4.8 
306,CHA,372,.449,4.5,9.8,8.2,1.6,1.3 
307,PHO,2497,.601,1.8,10.2,53.1,1.0,0.1 
308,SAS,1685,.578,1.5,11.8,9.1,0.8,0.2 
309,ORL,2319,.548,1.9,9.3,33.7,1.7,0.1 
310,CHI,1576,.579,13.9,22.8,10.7,1.6,3.5 
311,PHI,931,.538,2.4,18.6,7.4,0.8,1.2 
312,TOT,215,.737,2.2,12.6,2.2,0.2,1.7 
312,DAL,18,.688,0.0,31.3,0.0,0.0,0.0 
312,SAS,197,.744,2.4,10.9,2.4,0.3,1.8 
313,DAL,2504,.612,2.4,20.8,14.2,0.8,1.4 
314,BOS,431,.504,7.6,17.0,4.3,0.2,5.4 
315,BOS,752,.659,8.3,20.1,5.9,1.1,4.4 
316,POR,45,.595,7.8,11.4,0.0,0.0,0.0 
317,LAL,2639,.589,7.8,22.2,15.5,0.9,1.8 
318,NOH,2287,.584,12.2,24.3,3.0,0.9,4.6 
319,UTA,168,.452,6.4,15.2,17.7,1.3,1.9 
320,NJN,2358,.469,2.6,14.0,5.8,0.8,1.2 
Rk,Tm,MP,TS%,ORB%,DRB%,AST%,STL%,BLK% 
321,TOT,143,.556,0.8,11.4,8.4,3.2,2.7 
321,SAS,31,.580,0.0,14.6,4.6,3.4,0.0 
321,WAS,112,.550,1.0,10.6,9.5,3.2,3.4 
322,ATL,1244,.562,11.6,20.6,7.0,1.5,1.3 
323,CLE,2091,.505,1.8,10.5,16.7,1.7,0.4 
324,SAS,2528,.569,1.4,9.3,35.2,1.9,0.1 
325,HOU,868,.574,11.2,14.9,7.6,1.0,3.0 
326,NOH,2880,.578,1.6,12.3,45.8,3.5,0.1 
327,TOT,362,.497,0.4,9.9,6.4,1.5,1.6 
327,DAL,163,.551,0.0,8.3,6.3,1.6,1.4 
327,NOH,50,.182,0.0,14.7,17.1,0.0,6.7 
327,BOS,149,.550,0.9,10.1,2.9,1.8,0.0 
328,MIN,887,.573,11.0,13.2,4.8,1.0,3.0 
329,TOT,742,.538,10.4,26.2,5.2,0.6,2.6 
329,BOS,313,.568,9.6,27.5,4.8,0.3,2.5 
329,OKC,429,.511,11.0,25.3,5.4,0.8,2.7 
330,OKC,23,.400,0.0,14.8,6.4,0.0,0.0 
331,NJN,893,.452,8.0,20.4,8.4,2.0,2.9 
332,BOS,2774,.620,1.6,16.6,16.1,1.5,1.4 
333,TOT,1107,.526,1.6,11.5,4.6,1.3,1.4 
333,ORL,418,.540,1.7,12.0,3.8,1.3,0.6 
333,PHO,689,.519,1.5,11.2,5.0,1.4,1.9 
334,MIA,11,.333,11.5,20.4,0.0,0.0,0.0 
335,NOH,734,.482,3.8,10.8,5.9,1.3,1.1 
336,IND,839,.485,1.3,18.0,6.1,1.4,0.5 
337,TOT,328,.524,8.3,14.2,3.6,1.6,0.9 
337,CLE,187,.497,9.6,13.9,1.9,1.9,1.2 
337,MEM,141,.548,6.7,14.5,6.0,1.1,0.6 
338,ATL,653,.492,9.1,15.8,5.5,0.4,0.6 
339,IND,795,.454,2.3,7.8,22.7,1.8,0.1 
340,UTA,717,.434,3.7,6.6,11.7,3.1,0.6 
Rk,Tm,MP,TS%,ORB%,DRB%,AST%,STL%,BLK% 
341,DET,2562,.511,3.6,12.6,14.4,0.6,1.3 
342,TOT,519,.573,8.4,26.4,3.6,0.5,2.4 
342,POR,445,.623,7.4,26.7,4.2,0.6,2.6 
342,CHA,74,.383,14.6,24.7,0.0,0.0,1.1 
343,SAS,292,.428,1.2,8.5,21.1,0.9,0.2 
344,GSW,1169,.562,6.1,14.7,9.6,1.9,2.9 
345,TOT,590,.505,8.0,22.7,9.8,1.9,3.1 
345,NYK,127,.348,9.8,26.3,8.1,1.6,4.6 
345,MIN,463,.537,7.5,21.7,10.3,1.9,2.6 
346,MEM,2724,.552,14.2,26.0,10.2,1.2,0.7 
347,LAL,71,.145,9.9,10.8,5.5,1.5,5.4 
348,NYK,24,.508,0.0,4.8,18.7,2.1,0.0 
349,MIL,134,.470,0.0,7.1,15.6,0.8,0.6 
350,ORL,1513,.589,0.5,8.1,11.0,1.0,0.2 
351,TOT,2715,.555,2.9,11.1,9.2,1.8,0.4 
351,PHO,796,.574,4.8,11.3,7.9,1.7,0.3 
351,ORL,1919,.543,2.1,11.0,9.7,1.8,0.4 
352,ORL,955,.454,4.9,16.6,6.1,1.4,0.4 
353,MIN,2159,.567,1.9,8.6,28.1,2.1,0.4 
354,TOT,1013,.507,1.9,8.6,17.8,1.5,0.3 
354,BOS,983,.512,2.0,8.7,17.4,1.6,0.3 
354,OKC,30,.388,0.0,3.8,31.6,0.0,0.0 
355,BOS,2527,.495,4.5,9.7,47.1,3.2,0.3 
356,CHI,3026,.550,3.2,9.4,38.7,1.5,1.3 
357,NJN,353,.437,3.3,6.9,4.3,0.5,1.3 
358,POR,1310,.491,2.5,9.1,16.8,1.5,0.8 
359,IND,1754,.540,2.1,11.6,5.6,1.2,1.5 
360,MIL,2554,.510,1.2,11.2,17.5,1.5,0.9 
Rk,Tm,MP,TS%,ORB%,DRB%,AST%,STL%,BLK% 
361,CLE,701,.498,12.0,14.0,4.2,1.1,2.0 
362,MIL,872,.448,7.7,16.3,3.2,1.3,6.5 
363,CHI,88,.526,1.4,9.1,10.4,1.8,3.5 
364,HOU,2412,.538,6.9,21.6,13.7,1.0,1.3 
365,OKC,2049,.545,3.8,15.5,7.9,2.5,1.4 
366,WAS,635,.479,13.9,13.4,2.4,1.4,3.4 
367,CLE,2133,.559,2.4,11.6,35.0,1.5,0.3 
368,WAS,159,.389,4.8,11.2,24.9,1.6,1.4 
369,PHO,101,.553,18.3,13.7,4.7,0.5,2.9 
370,SAS,16,.000,0.0,0.0,15.7,0.0,0.0 
371,MIL,6,0.0,0.0,0.0,0.0,0.0,0.0 
372,LAC,586,.592,8.7,14.7,9.1,1.4,0.9 
373,TOT,442,.406,1.8,10.3,25.5,2.1,0.3 
373,HOU,329,.423,2.1,12.4,27.8,2.0,0.4 
373,MEM,113,.366,1.0,4.3,18.8,2.3,0.0 
374,DEN,1968,.550,2.7,15.8,14.2,2.3,0.6 
375,NOH,1102,.490,9.8,16.9,5.3,1.3,2.4 
376,TOT,69,.237,5.1,28.9,8.0,0.0,4.4 
376,NJN,25,.250,4.6,9.7,5.8,0.0,0.0 
376,LAL,44,.233,5.3,39.9,9.2,0.0,6.9 
377,ATL,2645,.540,6.2,23.7,17.1,2.0,3.5 
378,PHI,71,.477,3.2,13.0,4.1,0.0,0.0 
379,PHI,734,.532,10.1,22.9,7.0,0.6,2.0 
380,SAS,738,.550,11.6,19.8,5.3,2.0,1.6 
Rk,Tm,MP,TS%,ORB%,DRB%,AST%,STL%,BLK% 
381,MIA,50,.398,2.5,13.4,8.5,0.0,3.1 
382,IND,115,.410,1.0,16.3,28.3,1.8,0.0 
383,DAL,1158,.549,2.1,8.4,10.0,1.0,0.3 
384,TOT,617,.588,2.8,11.3,7.7,1.1,0.2 
384,NOH,89,.624,0.0,8.3,11.5,1.2,0.0 
384,TOR,22,.919,0.0,16.6,9.5,0.0,0.0 
384,DAL,506,.563,3.4,11.6,7.0,1.1,0.3 
385,NYK,2870,.565,7.8,17.6,13.2,1.2,3.8 
386,DET,2183,.544,3.7,8.6,27.5,1.9,0.4 
387,DET,199,.476,1.2,6.4,1.6,0.8,0.4 
388,ATL,21,.478,11.6,5.7,14.5,2.6,0.0 
389,TOT,483,.535,6.0,8.7,11.1,1.5,0.7 
389,HOU,77,.563,1.5,11.8,4.4,1.3,1.8 
389,SAC,406,.530,6.8,8.1,12.4,1.5,0.5 
390,ATL,963,.521,1.4,11.3,23.3,2.5,2.0 
391,MIN,711,.497,2.6,5.9,24.2,1.7,0.3 
392,TOT,230,.378,0.5,11.6,21.9,2.6,2.1 
392,SAS,21,.170,5.7,5.4,12.7,2.5,3.4 
392,MIL,83,.373,0.0,8.6,11.6,0.6,0.9 
392,CHA,126,.406,0.0,14.5,30.2,3.8,2.6 
393,DAL,2564,.545,1.1,5.7,22.2,1.9,0.4 
394,TOT,373,.478,7.6,16.5,1.4,1.3,3.5 
394,MEM,369,.487,7.7,16.7,1.4,1.3,3.3 
394,HOU,4,.000,0.0,0.0,0.0,0.0,17.4 
395,ATL,82,.580,8.9,24.8,3.9,0.7,3.7 
396,CHI,1178,.527,7.7,21.9,7.4,1.4,2.7 
397,CHA,861,.536,9.1,22.5,6.2,1.9,6.2 
398,SAC,1748,.533,9.1,20.7,7.9,0.8,1.8 
399,TOT,1383,.531,4.5,13.4,7.2,1.3,0.7 
399,WAS,1069,.525,4.7,12.2,7.7,1.3,0.6 
399,GSW,314,.549,3.5,17.4,5.3,1.1,0.7 
400,TOT,1775,.525,4.0,13.3,13.2,1.9,0.4 
400,NOH,745,.494,4.1,17.4,10.3,1.4,0.4 
400,SAC,1030,.547,3.9,10.3,15.3,2.2,0.4 
Rk,Tm,MP,TS%,ORB%,DRB%,AST%,STL%,BLK% 
401,MIN,1362,.585,7.3,17.0,8.9,1.0,1.6 
402,NYK,1141,.648,6.4,14.4,11.5,1.5,4.7 
403,TOT,2540,.555,2.1,14.0,21.5,1.5,1.0 
403,PHO,630,.567,3.7,14.7,13.7,1.5,1.6 
403,ORL,1910,.550,1.6,13.8,24.0,1.5,0.8 
404,PHI,1797,.484,2.7,16.9,13.4,1.4,0.6 
405,GSW,1030,.472,8.6,11.4,5.4,1.1,6.4 
406,SAS,130,.285,4.6,12.2,13.2,3.2,0.5 
407,SAC,2734,.587,1.7,9.6,22.1,1.7,0.2 
408,NJN,438,.468,7.9,8.6,26.7,1.6,1.4 
409,CLE,994,.560,11.0,24.1,7.4,1.4,2.9 
410,MEM,860,.493,1.7,8.6,25.3,1.3,0.4 
411,DET,1666,.553,3.5,18.8,5.0,1.4,2.0 
412,TOT,1648,.515,2.1,11.5,13.7,1.7,0.2 
412,LAL,54,.419,2.2,6.1,14.5,1.0,0.0 
412,NJN,1594,.518,2.1,11.7,13.6,1.8,0.2 
413,MIA,2823,.581,5.5,14.4,23.5,2.1,2.4 
414,BOS,553,.524,1.7,8.8,9.8,1.7,0.7 
415,NYK,784,.583,2.3,15.6,6.6,1.3,0.6 
416,WAS,2606,.494,1.5,12.8,36.0,2.4,1.0 
417,DET,1238,.442,12.2,22.9,8.1,2.3,3.5 
418,TOT,2693,.548,4.9,21.0,10.9,2.1,1.9 
418,CHA,1872,.530,4.6,21.0,10.5,1.7,2.1 
418,POR,821,.590,5.6,21.2,11.9,3.1,1.5 
419,LAL,484,.378,2.2,13.1,18.0,1.0,0.6 
420,LAC,134,.480,0.9,9.5,30.4,2.3,0.0 
Rk,Tm,MP,TS%,ORB%,DRB%,AST%,STL%,BLK% 
421,PHO,1416,.581,7.2,17.0,7.6,1.1,0.5 
422,CHI,1091,.466,1.8,8.1,26.9,2.7,0.8 
423,UTA,1567,.500,4.0,10.1,25.7,2.1,0.9 
424,UTA,69,.491,3.5,14.1,15.8,1.5,2.4 
425,MIN,1094,.575,3.6,11.6,7.5,1.3,0.6 
426,TOR,1413,.492,3.2,9.8,11.6,1.2,0.1 
427,NOH,2451,.558,7.6,18.7,12.7,1.5,2.1 
428,BOS,453,.533,1.7,8.0,22.0,2.3,1.7 
429,NJN,116,.474,2.0,9.4,13.2,3.2,0.0 
430,OKC,2847,.538,5.2,10.3,42.7,2.8,0.8 
431,TOT,685,.542,7.6,20.0,4.9,0.9,2.3 
431,OKC,219,.468,6.6,20.7,2.9,1.4,2.7 
431,CHA,466,.571,8.0,19.6,5.8,0.7,2.1 
432,SAC,2,0.0,0.0,0.0,0.0,0.0,0.0 
433,DET,995,.587,11.2,22.7,7.4,1.6,1.4 
434,ATL,676,.557,4.1,11.9,9.3,2.1,1.0 
435,TOT,2465,.566,1.9,10.9,45.9,1.7,0.5 
435,UTA,2009,.587,1.9,10.5,43.6,1.7,0.5 
435,NJN,456,.463,2.0,12.5,55.9,1.8,0.5 
436,TOT,295,.403,1.2,10.6,25.1,2.0,0.3 
436,ORL,171,.434,2.1,12.6,21.0,2.5,0.0 
436,MEM,124,.362,0.0,7.8,30.8,1.3,0.7 
437,CLE,391,.396,2.0,12.4,9.0,1.2,0.6 
438,PHI,1747,.540,2.1,7.7,24.1,1.4,0.7 
439,ATL,1865,.551,4.4,15.7,7.6,1.0,0.9 
440,TOT,1788,.503,1.3,8.7,36.9,1.5,0.4 
440,CLE,1065,.471,1.6,9.1,42.8,1.6,0.7 
440,LAC,723,.556,1.0,8.0,28.2,1.4,0.0 
Rk,Tm,MP,TS%,ORB%,DRB%,AST%,STL%,BLK% 
441,GSW,1626,.585,3.1,12.2,11.4,0.9,0.1 
442,NYK,1323,.558,5.1,15.6,5.3,1.5,2.8 
443,TOT,911,.522,12.0,22.3,5.1,1.3,2.1 
443,DEN,713,.492,12.3,23.4,3.9,1.3,2.3 
443,NYK,198,.638,10.9,18.0,9.5,1.3,1.5 
444,TOT,290,.427,1.6,19.3,22.0,1.6,0.0 
444,NJN,206,.433,1.7,19.5,25.6,1.3,0.0 
444,HOU,84,.416,1.3,18.9,13.2,2.4,0.0 
445,LAL,2410,.485,4.9,7.6,10.7,2.7,1.1 
446,SAC,31,.125,7.2,3.8,0.0,1.6,0.0 
447,TOT,379,.540,9.2,18.2,5.1,1.5,3.4 
447,GSW,195,.600,8.0,16.1,4.1,0.8,3.9 
447,NJN,184,.472,10.6,20.5,6.2,2.3,2.9 
448,GSW,3147,.539,3.1,12.6,11.6,2.0,1.5 
449,TOR,766,.525,7.1,11.3,11.0,2.6,2.0 
450,WAS,2034,.538,1.4,8.6,6.6,1.1,0.6 
451,MEM,1577,.525,3.0,11.2,6.9,2.3,1.2 
