0.533837199233 4.75945444424 14.883392095 15.4548091792 1.75936784809 1.44639698151 
0.532682978857 3.94964552356 14.4894911851 16.7559947299 1.6709643014 1.74038521865 
0.480590697382 4.72839249748 14.1741628902 15.1714249748 1.31980110775 1.69263595166 
0.523849551415 6.52785620177 14.8593512767 15.8224606312 1.53020264759 1.73352155091 
0.502513779281 5.78437930603 14.4416134285 14.8420769134 1.53519979957 1.24078040837 
0.524933017928 4.684437251 14.9692106574 14.3524028884 1.85245268924 1.68046563745 
0.557210972569 5.53588528678 14.8444264339 15.2539650873 1.72938279302 1.60726309227 
0.502315001566 5.63372377075 14.555840902 13.6103100532 1.53968055121 1.37079235828 
0.540055733585 4.57094564876 13.8339742381 15.2050392711 1.72490732014 1.74984605718 
0.529094366636 5.50962962963 14.6799066293 14.0942794896 1.61157173981 1.4797945845 
0.524140141329 5.84590707273 14.4481645926 12.9592333187 1.73258708023 1.75888312176 
0.528349931104 5.89282851058 14.6379681824 14.8583740448 1.88655893774 1.65226105474 
0.527884725507 5.82091373086 14.9662143657 15.4604132952 1.28040582597 1.57595543384 
0.516030112923 5.96720200753 14.5511229611 13.2682747804 2.09499372647 1.75767252196 
0.542466487936 5.30114096889 14.7831410936 14.5837832783 1.91493858719 1.78209364674 
0.519627402786 5.55330560282 14.172105628 15.649870801 1.77534505578 1.58269994328 
0.51831852967 5.51403211642 14.6062476477 13.5305356919 1.39532053695 1.31194956718 
0.510417080999 5.56181005727 14.1393479766 15.0848574485 1.65556045063 1.24917238341 
0.516487264743 5.49811794228 14.6277478043 14.9728544542 1.66391468005 1.64764742785 
0.539731225296 5.34659639877 14.7536922015 14.2153585545 2.00936696154 1.37137210615 
0.561079919955 5.54176724407 14.4153899068 13.20124445 1.60665999625 2.46488649866 
0.530567169788 5.29881630864 15.1021356548 14.4114423498 1.51829398134 1.34405336006 
0.506907916108 4.41910175835 15.4271449756 15.6821057835 1.73804816044 1.57456394322 
0.537535732323 5.16236742424 14.3373863636 14.752114899 1.40903409091 1.67249368687 
0.525437464771 5.26029936745 14.5457631365 14.0789753867 1.75525771905 1.55347278762 
0.507134095765 5.80009425663 14.1102111348 12.9005152696 1.78299610406 1.48510745256 
0.563999560853 5.01713299875 15.2033124216 15.0612860728 1.59752823087 1.31550815558 
0.518520197908 5.17712782614 15.0720423373 15.1947454124 1.43724556899 1.6389929229 
0.523770196709 6.04547197823 14.7649758753 14.0120066807 1.7604416677 1.90718792528 
0.510023761503 5.45410311358 14.1615971259 13.1870351695 1.72881003404 2.01735156939 
