47.926323
48.047299
48.182335
48.333924
48.505072
48.699165
48.919779
49.170473
49.454605
49.775187
50.161298
50.641621
51.175505
51.765927
52.415156
53.124580
53.894520
54.724065
55.610985
56.551895
57.542521
58.577971
59.652667
60.942737
62.371055
63.850491
65.367708
66.900521
68.414934
69.863509
71.642802
73.285141
74.628029
75.538594
75.872249
75.539910
74.630726
73.289304
71.648553
69.869169
68.423152
66.912622
65.385858
63.878110
62.413296
61.006880
59.728495
58.679479
57.675555
56.721530
55.820399
54.973589
54.181116
53.441695
52.752876
52.111269
51.512849
50.953300
50.428467
49.946787
49.566994
49.210728
48.877621
48.567893
48.282047
48.020618
47.784019
47.572476
47.386003
47.224394
47.087216
46.973794
46.883198
46.814246
46.765510
46.735347
46.721931
46.723285
46.737319
46.761880
46.794802
46.833971
46.877384
46.923205
46.969831
47.015973
47.060733
47.103691
47.144969
47.185232
47.225608
47.267544
47.312621
47.362375
47.418146
47.481004
47.551755
47.631018
47.719365
47.817477
