48.329030
48.302440
48.284328
48.275537
48.276620
48.287797
48.309001
48.339954
48.380243
48.429336
48.486519
48.550800
48.620843
48.694986
48.771361
48.848086
48.923484
48.996276
49.065701
49.131529
49.193921
49.253199
49.309565
49.362839
49.412307
49.456682
49.494217
49.522899
49.540718
49.545959
49.537476
49.514902
49.478738
49.430297
49.371538
49.304821
49.232654
49.157444
49.081298
49.005878
48.932338
48.861361
48.793273
48.728224
48.666344
48.607873
48.553213
48.502950
48.457863
48.418908
48.387166
48.363723
48.349517
48.345204
48.351105
48.367232
48.393367
48.429134
48.474020
48.527316
48.588022
48.654789
48.725937
48.799577
48.873806
48.946928
49.017645
49.085183
49.149293
49.210126
49.267991
49.323078
49.375197
49.423623
49.467062
49.503759
49.531693
49.548851
49.553513
49.544531
49.521535
49.485024
49.436310
49.377350
49.310500
49.238260
49.163030
49.086899
49.011503
48.937960
48.866894
48.798553
48.732972
48.670136
48.610089
48.552997
48.499168
48.449082
48.403419
48.363056
