628.167866194 269.150329448 132.081145464 48.3475924987 104.135428282 0.453997516472 0.762963608718 29.2004054739 137.389457679 
929.887493696 349.871053959 182.820877458 80.6621280888 138.037065053 0.468008673727 0.736471255673 32.1842662632 179.079425113 
923.457142857 409.030231388 255.637072435 84.3938128773 137.287273642 0.45651332998 0.754853169014 47.3759054326 195.568712274 
724.902039788 299.240695039 165.79138756 64.1416267943 109.546612944 0.450705162428 0.74962906069 36.0821959204 159.877360866 
691.308270298 320.345839637 165.809732728 58.8187594554 114.777811397 0.460037216339 0.762637468482 37.1496217852 153.134896621 
961.021854606 348.176101583 206.325087267 65.5852177872 117.722416148 0.497542773309 0.789385339202 50.1855617949 170.732382253 
826.430738119 358.180940344 207.006319515 50.9374115268 106.351011122 0.469674772497 0.747267795753 55.2622851365 167.008190091 
806.829211785 343.240443213 168.667892219 57.0523293881 124.749937044 0.457298161672 0.678434701587 46.7263157895 156.302190884 
748.166936299 319.234984833 162.515975733 69.27760364 110.280384226 0.426132457027 0.692044893832 30.4814964611 135.957886754 
889.481290973 350.645839637 192.834039334 66.6913262733 129.709329299 0.495334594049 0.747311497731 32.7149268785 169.396016137 
893.257557558 353.389089089 208.09049049 58.9291291291 126.021821822 0.469303553554 0.757570920921 51.7637137137 190.886036036 
751.509685472 330.012980529 173.874687968 46.7945581628 121.144932601 0.474376135796 0.698012581128 53.3084872691 167.130354468 
907.445465963 383.53383572 189.0470736 53.3953278071 114.491836222 0.491711077619 0.746748254207 56.4227078623 171.419743783 
842.820422535 373.51971831 188.177917505 69.5639839034 120.954426559 0.464794969819 0.743481790744 31.8887323944 188.093863179 
999.032355915 355.482507583 225.323761375 74.3761880688 127.734024267 0.499090899899 0.762695146613 34.9741658241 186.070374115 
916.407564297 381.321734745 248.887846697 75.7921835603 120.785022693 0.481794200706 0.787242309632 48.6153303076 176.436308623 
744.079472884 289.440648758 152.41794222 58.6150532184 105.854434871 0.447436594019 0.741338418652 37.6673593512 178.764216929 
815.666817383 329.658276815 145.045767395 55.3239889475 113.783772921 0.475790705853 0.791687415222 34.1501632756 173.930821402 
878.863743423 354.322776247 203.291305437 70.8898521674 122.410273115 0.487222450514 0.723252317715 50.973139564 180.7233776 
791.773507933 336.425938051 169.629967263 72.3284814908 123.253789977 0.470634449761 0.732891211282 33.6824981113 147.224124906 
885.781519818 366.742741732 229.748901792 86.1971724312 132.556122191 0.460952688715 0.75072688715 44.2148447362 174.103559707 
840.984580384 354.622446916 206.776289181 68.2248736097 124.443478261 0.4963429727 0.748000353893 45.1436804853 172.457280081 
973.570418327 410.224203187 211.585507968 90.4974103586 133.839143426 0.480715537849 0.774071812749 48.2295816733 169.962649402 
871.739939486 396.560917801 182.354210792 59.5256681795 117.381442259 0.498605900151 0.728249571357 66.9131114473 152.820927887 
901.031860641 353.932289826 207.732037364 71.2267104267 127.690785155 0.495749608685 0.745259429437 39.6921989397 170.904569553 
845.416887998 375.295013781 209.50864445 61.3868704585 103.474367326 0.461312753696 0.760433575545 52.8177399148 162.700576297 
862.376592518 342.206976744 232.31314459 70.9426188069 129.317644085 0.496034984833 0.721480283114 43.9174924166 196.60677452 
845.063447927 331.898736097 224.074924166 60.487057634 135.418200202 0.460788624874 0.759472295248 33.9295753286 161.289737108 
564.973831301 226.99375 112.764126016 41.6352134146 94.6883130081 0.462040904472 0.771377439024 23.0783536585 127.933892276 
