807.110465116 326.197421638 177.112639029 67.3654701719 121.989029323 0.470361729019 0.767641203236 32.2171385238 153.559908999 
961.411699445 376.352193646 202.615078164 87.8776096823 128.212506304 0.472931517902 0.751300403429 32.0479576399 177.557740797 
829.376461655 354.038015692 212.209314098 71.5534801316 118.397266515 0.466540875728 0.738701442673 46.5580359403 173.721842572 
494.021105781 227.747891946 115.905680384 40.5835900025 77.2812926029 0.453198788185 0.741683514264 24.5698560969 124.389750063 
811.419944598 313.303349282 223.058826492 60.0283555779 110.385041551 0.476397733568 0.763778695543 40.5266683455 153.059027953 
896.8031639 315.725207469 196.020850622 49.8821576763 96.5978215768 0.504344657676 0.80333153527 28.7222510373 142.740819502 
534.558596314 227.848422116 128.693158293 44.8397879323 76.398990154 0.454211461752 0.742876546327 31.8843221409 124.629588488 
847.913414634 364.614430894 192.513414634 74.037245935 121.951067073 0.504624186992 0.72956671748 71.2099085366 175.252947154 
838.256875632 387.638523761 161.958088979 62.992669363 129.638220425 0.449648938322 0.699239383215 47.2887259858 178.268301314 
790.29004004 321.014364364 154.813513514 56.0923423423 110.713613614 0.468136586587 0.739536436436 43.0607107107 140.023123123 
776.592012057 324.080683245 186.994775182 59.8620447124 116.532228083 0.475448379804 0.771694900779 44.1317759357 167.7617684 
874.238929563 405.186215602 186.411613229 55.0006059076 123.479373895 0.476215905074 0.743233930826 63.7957081545 167.775208281 
909.684479272 362.548887765 201.947067745 63.0524266936 106.020475228 0.492398382204 0.722436653185 48.9722952477 174.851112235 
769.091860465 342.34635996 177.75586451 62.7883215369 128.259201213 0.460664762386 0.717357532861 56.1949949444 144.632457027 
738.3530858 328.411590567 166.560863021 53.4611640743 111.590566984 0.460570948319 0.733632664325 47.9589563472 172.795183141 
868.369053002 348.992413966 205.203165034 60.6236623964 115.71137905 0.505310223562 0.716877116302 32.0180356694 168.01250942 
933.104973492 401.834991164 217.268265589 54.3339560717 117.616965413 0.486771976774 0.781507094168 47.6288311033 166.798434739 
862.570499244 375.558951084 239.46394352 80.5845184065 130.610489158 0.474617549168 0.740291679274 48.872415532 167.858194655 
902.602928553 344.001413784 195.132188841 58.4529159303 129.818379197 0.465663923252 0.784898510477 26.9323403181 178.443574855 
869.197730711 317.274029249 202.038477055 69.9268280383 106.114624307 0.495603782148 0.754980080686 31.026172466 141.040847201 
806.55250887 380.677546883 163.957374557 69.0073998986 121.295134313 0.456737151546 0.761931931069 40.8744044602 150.745311708 
830.611951589 337.323751891 210.345789208 70.0228946041 122.882955119 0.476957690368 0.746581694402 38.2501260716 155.69667171 
868.134745335 376.698840141 203.639889057 73.3460917801 114.315733737 0.482110741301 0.773146898638 39.4815935451 157.633484619 
957.644140724 394.013161225 227.165325234 84.0616552771 120.716426221 0.498460136674 0.757271070615 39.0478359909 164.653606682 
888.958146563 393.35381516 175.455854948 59.9932007051 121.356131957 0.492322941325 0.730669554268 64.0116847142 151.253789977 
916.98179526 330.291880988 243.333585477 78.7126575895 114.50706001 0.508786636409 0.752954513364 30.9983862834 156.146999496 
803.762844849 360.290002531 190.2002531 71.1895722602 114.809617818 0.457950999747 0.731546747659 46.2018729436 175.187699317 
788.717549168 328.534745335 203.965103379 77.3785678265 124.373474534 0.472349167927 0.761308875441 47.878214826 166.967725668 
661.249366447 268.663507349 152.741358338 47.254282818 84.1189559047 0.473006487582 0.768231120122 24.1995945261 138.648403447 
