957.682150972 414.595809139 195.671446604 83.1382984095 137.911688967 0.497823579904 0.76044478667 58.3916687705 170.008634183 
917.214368249 333.221803567 205.441396634 91.4386837478 138.889927154 0.474465511178 0.755271941723 27.9071590053 188.430193419 
938.431052764 361.41822772 216.098863923 61.3864680636 120.089219894 0.514429840949 0.7707521333 41.0544811916 158.677404696 
958.534668018 362.558692347 228.59401926 77.452356817 108.3906741 0.508080233147 0.719788849468 30.0485554992 144.213380639 
872.724049358 357.773810123 212.741475699 77.4568118862 125.790078066 0.497849156384 0.745803575925 31.470410476 201.228758499 
475.857813683 202.605352184 106.184347387 40.963292098 74.6154506438 0.468377227973 0.698562989144 19.0451401161 97.4349911638 
795.735157746 365.02419111 161.922739643 46.5963108558 118.90162282 0.487515069045 0.747630228808 56.5598225985 169.64020764 
930.66132123 346.517549168 201.12304589 71.4628340898 114.024659607 0.510342662632 0.764349621785 25.5996469995 164.106454866 
928.468977644 321.550766139 206.459783974 68.514594323 150.221803567 0.494426375283 0.776652449133 35.9265511178 154.104144687 
856.81193654 353.165298413 202.985142282 69.7772853186 131.699168975 0.52481526064 0.759294938303 39.2778645178 151.792848149 
752.685950828 321.608078274 143.488158555 50.5809332664 110.615805319 0.486618263924 0.699859257401 36.6156046162 168.130707476 
767.468891119 341.323281485 148.620973407 70.6824887105 118.031961867 0.488102358254 0.71559141997 42.5586552935 181.233818364 
835.301103864 318.619668841 204.631610637 73.3045158053 115.733667837 0.493090717511 0.718647967888 52.0953838435 160.457250376 
816.881040141 335.351729361 192.072708912 66.10977026 125.941782378 0.507700126231 0.736830093411 46.3876798788 179.576672557 
977.455195134 378.279168779 190.65813482 72.2453117081 154.028484541 0.496217992904 0.739872529143 41.1969082615 202.376127724 
880.577805865 358.341152679 208.750758342 68.5980788675 136.469312437 0.490294438827 0.734224570273 60.17760364 177.396916077 
765.166683519 305.295247725 149.960313448 67.9632962588 103.459201213 0.453401971689 0.729892821031 35.9629929221 141.402224469 
928.013548225 415.787005792 200.608310249 69.0513220851 161.818433644 0.50063082347 0.753106673382 45.2891463108 224.228657769 
824.533518006 351.094686477 170.745857467 71.3826743893 121.795215311 0.478823067237 0.723126970536 38.683404684 165.003575925 
950.262841254 358.997977755 199.130434783 73.4313447927 165.242821031 0.473298887765 0.707047674419 43.5254802831 169.116380182 
709.854192899 257.194560564 184.682347016 56.0817426341 92.473835306 0.507387106522 0.747014505162 26.5127675648 122.948174263 
885.852077562 345.407000755 196.769579451 68.2453789977 134.507932511 0.496946310753 0.706368572148 42.0293125157 187.285771846 
891.42397381 371.49403173 182.370284563 61.3698312768 134.291714933 0.484098010577 0.700872828003 34.6188869302 193.129085873 
679.514546376 274.594880892 164.30562595 58.1644196655 104.581145464 0.476759401926 0.713677952357 35.4530663964 151.694526102 
951.095399393 348.433569262 215.570171891 98.7511122346 132.862082912 0.507668503539 0.736164914055 36.1747219414 172.350859454 
871.387695411 340.953504791 223.142360061 85.0018658598 143.077508825 0.482657740797 0.732762682804 44.9895612708 183.48103883 
958.331164902 337.737014624 270.78325769 85.3532022189 130.390872416 0.529842057489 0.769599848714 38.7330307615 185.062581947 
751.96445905 307.343832154 176.870273003 58.9544994944 121.437209302 0.47558776542 0.693872952477 44.5785642063 160.526491405 
1001.25479728 401.304507681 251.851070259 83.3330143541 154.857567363 0.504624427096 0.713134676404 43.4857214807 195.360362629 
