969.6802824 397.782551689 222.163035804 83.9491174987 134.780937973 0.489117549168 0.704612455875 28.3462430661 168.359152799 
931.383973711 342.291708797 219.103336704 71.3944893832 114.068655207 0.493013599596 0.769665470172 47.4431749242 187.039534884 
1057.9178942 423.874512782 257.820602379 70.4083016958 148.174487472 0.498763452291 0.774763806631 54.9177929638 180.843786383 
1031.7913767 384.575390822 248.884568835 93.7834089763 118.370146243 0.495373373676 0.733251084216 44.8159354513 168.916086737 
962.446898638 380.17473525 254.317549168 63.3680786687 115.739989914 0.517738023197 0.800659001513 59.9030761473 156.42526475 
654.517688799 289.966041561 129.434515966 47.2100861632 110.971515459 0.456602939686 0.713837506336 28.8361378611 170.440344653 
927.648865356 427.345436208 181.446797781 64.7458900656 141.339536056 0.472676853253 0.764416490166 75.0318709027 199.364145234 
919.814980997 365.791649071 218.363439611 57.6118559966 119.915223818 0.470539220861 0.717688133446 24.4994721284 170.323057432 
790.352725446 295.478121075 196.298718915 61.7608641045 121.096860085 0.499199447375 0.7160853052 31.4346646571 158.043054509 
969.330434783 411.126541962 225.030940344 74.7332153691 139.756268959 0.515258442872 0.759324115268 74.8577350859 176.451011122 
977.080131612 388.439483675 248.204353328 65.497342445 130.517792964 0.499967400658 0.7442841306 39.7832447482 201.221716021 
1030.03287049 395.066548851 271.132744257 95.2695783893 152.505932845 0.489411259783 0.71158747791 53.6058571068 199.065034082 
876.115683308 356.227433182 212.159606657 81.3501765003 119.722642461 0.489741603631 0.762859152799 43.2077660111 166.339838628 
870.07908023 356.92311922 166.99820045 60.5370657336 119.450737316 0.48036775806 0.778622544364 30.9787553112 185.219245189 
826.908058794 295.221236695 202.896350735 82.8319817537 128.087937152 0.493579624937 0.725932488596 36.7895590471 183.967410035 
946.792797784 325.266280534 238.008310249 73.6561571393 154.495744145 0.475197229917 0.770303298917 40.4933769831 207.780256862 
872.464105157 368.429979778 182.391152679 69.1671890799 130.697977755 0.46813983822 0.759126541962 52.253892821 171.806875632 
922.427947817 433.81430005 214.521826392 68.7350727546 138.80526844 0.478215955845 0.740612192674 44.0858504767 216.920120421 
1007.6389839 412.60583501 232.480382294 60.2460764588 158.951257545 0.506872434608 0.753978169014 60.9707746479 195.115643863 
943.644555946 345.048720522 221.440592072 73.9551430005 137.045760161 0.473584244857 0.776056999498 50.4665830406 156.875163071 
969.755347187 369.115965535 211.923112012 76.1518499747 124.675063355 0.521742017233 0.752740851495 39.8408514952 157.83755702 
946.604672193 384.801557398 222.234664657 82.163124843 127.013011806 0.480542577242 0.741084752575 46.7962823411 187.117005777 
804.898685541 294.361223458 192.630687563 67.850859454 122.175429727 0.481512082912 0.761041102123 28.1071789687 177.340192113 
980.186854697 370.56761521 208.452027197 63.5833795014 125.854092168 0.504153261143 0.762339360363 64.8550994712 171.69901788 
905.336804853 358.836602629 196.872143579 98.8767947422 126.428918099 0.504211223458 0.743851162791 41.6255813953 196.697724975 
1050.33034675 383.781169324 278.240901038 88.8729941787 142.926904581 0.496240192356 0.772074715262 33.4182232346 200.365780815 
804.809290583 326.839787932 207.112294875 65.4886139864 119.191567786 0.483618076243 0.740901943954 31.1978288311 153.240444332 
