770.755786395 286.266048106 195.782663507 65.3341233422 108.031365035 0.519722706873 0.785890978771 27.8849780646 136.134990671 
695.85061841 295.940186537 124.025243309 43.7669809408 96.3131589619 0.477933596918 0.758874898621 30.0193633414 141.932380373 
677.188531187 235.611519115 147.90694165 55.8840040241 90.259054326 0.512474949698 0.758915241449 22.2476861167 132.867806841 
765.725345391 323.623310726 176.093946245 45.6823411203 86.7350414469 0.488684300427 0.729570811354 36.9295151972 127.466566189 
817.471075209 401.026491395 199.379007576 66.017058853 119.578244945 0.470199789273 0.771230695901 48.3996287191 162.069389393 
733.936818134 304.861402394 171.613229531 51.7699925855 98.2198919606 0.475376602055 0.751183402182 21.2579175935 128.755958055 
920.075487873 321.669557763 206.774141496 71.4311431597 111.531037265 0.529077353638 0.787285815138 32.2865715294 150.467853361 
744.278691844 315.868779426 162.997620615 49.8124335544 107.755429555 0.49669478054 0.743535361717 36.8962689212 153.286437503 
931.621315537 430.163961778 189.36624703 76.0275039183 126.227969058 0.490093179635 0.683299307346 47.3953182668 173.781586531 
920.927987897 350.046545638 210.808673727 67.4856782653 124.741452345 0.516964346949 0.717810186586 35.6222390318 168.966212809 
921.266844866 358.884658059 188.709148679 62.3616098447 130.527940286 0.528822725439 0.700573834981 44.735424652 152.196691547 
855.803336704 384.699443883 181.614054601 59.2242669363 126.344590495 0.490988270981 0.767513852376 45.4466127401 165.110111223 
916.081911608 391.680099225 210.793449096 69.9502354073 112.259504885 0.5389084696 0.722331342075 45.3298739432 164.274489951 
668.336716569 250.579700584 139.562243086 48.2757168231 86.5512306521 0.504191068257 0.748326668358 33.6870337478 119.953869576 
705.559808129 306.360313052 163.056349407 52.3419338551 92.1859126483 0.496215551628 0.73252734158 27.9969199697 124.49659177 
857.743749686 282.960008049 195.314200916 71.3233060013 119.332813522 0.548032546909 0.762920820967 31.07636199 135.699180039 
622.159507042 249.304627767 140.659708249 43.4980382294 92.7584507042 0.47693832998 0.746458853119 29.2766599598 129.797686117 
881.592394863 342.843314027 213.609116092 74.9152858222 109.72984135 0.482294082095 0.753387056157 22.3702341979 135.781415261 
671.639889197 268.97250063 141.79481239 53.2400906573 85.8477461597 0.497659229413 0.768305565349 41.5002266432 130.303047091 
806.980810879 294.120020146 150.673684211 55.9117602619 92.4482498111 0.511167212289 0.750395215311 28.2589775875 154.454293629 
947.223692183 353.031407796 183.174762674 60.9892445971 122.294738437 0.516059078974 0.768681882448 52.423146839 154.036507776 
749.000701579 293.363668254 171.626559759 57.1315960912 112.194988725 0.486432523177 0.755694662992 26.708443999 140.433274868 
758.992545958 298.130899018 166.429111055 72.1492319315 122.323545706 0.479930798288 0.715277814153 25.1095441954 147.345051624 
900.056241774 351.514326212 159.25189835 70.3532955351 120.53903007 0.514884580338 0.748494583376 36.7493165941 179.906094968 
1034.16529841 411.866884916 227.29413246 50.790078066 122.491765298 0.508457164442 0.810574666331 44.1951145807 155.406446739 
742.917397882 296.21896117 133.875794251 49.2052445789 107.869036813 0.479182299546 0.754360312658 27.0764498235 146.160665658 
736.893135567 288.15784145 176.427204617 50.0971955047 96.084843576 0.539081856839 0.791337653134 36.4463906044 113.457476967 
880.88629986 326.172780116 188.487021447 56.0602826218 110.652585689 0.501506464221 0.781766887152 32.2123170976 178.189366607 
806.321874526 326.152469541 176.065416309 55.9305394065 114.947727617 0.48635160002 0.74940554067 32.9119356959 158.576917244 
891.230466218 341.962902019 215.99930192 69.2744951384 119.891149339 0.509454350536 0.736660583396 37.4955372725 153.214161057 
