982.31231627 397.983983781 210.871819564 73.060263558 127.766700456 0.491819310694 0.741782716675 49.071363406 204.101723264 
1204.05493562 449.257712699 305.032668518 68.0342337793 154.059025499 0.523193133047 0.804217823782 69.6165109821 186.541327947 
1060.88285426 407.500453858 238.629046899 79.402269289 144.483913263 0.478359051942 0.744504437721 48.1510842158 193.539889057 
916.833206783 367.261554037 205.934851936 72.8732978993 166.257403189 0.479162288028 0.70626302202 57.341078208 173.990736522 
1129.35915493 432.701358149 227.754678068 78.4368712274 132.70362173 0.508850955734 0.785292605634 49.7421026157 196.813732394 
1069.38574317 374.905358948 273.988321537 85.2085439838 126.325075834 0.472745146613 0.756648281092 37.747421638 208.963296259 
1072.07347453 407.543721634 259.449319213 74.1418557741 158.071104387 0.495694402421 0.758994452849 36.661522945 209.519263742 
957.891484552 349.069279076 241.722833459 74.3027380055 141.067721678 0.491159256468 0.754816829942 36.12022105 197.573574479 
875.592821031 386.575429727 221.102780586 65.2650151668 132.47148635 0.488662942366 0.747046663296 65.9175935288 182.796562184 
986.501555444 408.348720522 228.476718515 74.8736578023 135.569493226 0.480319317612 0.783515955845 35.4478173608 222.020923231 
728.442669363 314.009858443 156.794641052 63.0423660263 120.241607685 0.462823104146 0.736600859454 41.0070273003 156.897927199 
1135.33127217 394.187176888 303.50035479 83.8208819057 148.996097314 0.526973035986 0.790673390775 51.3564622402 178.063963507 
908.987462083 343.840343782 188.815166835 76.1861476239 116.835085945 0.482000101112 0.774473458038 39.4084934277 197.538776542 
884.666935281 370.98972551 177.263258625 57.1699823722 150.559858978 0.488186854697 0.768109695291 40.9754218081 202.931301939 
806.918250758 271.619261881 189.612386249 63.9 126.354853387 0.4786739636 0.729732608696 33.9329625885 168.338574317 
910.769517103 391.811569416 197.90221328 77.7941146881 153.70915493 0.501848390342 0.746170975855 60.4849094567 176.591750503 
909.963938555 318.150843616 243.569982372 69.2089146311 138.056056409 0.500223218333 0.759828456308 37.574011584 179.108587258 
1175.28719688 380.311041361 295.652204728 92.6359540323 173.155216929 0.507656558497 0.778071128436 41.221940971 216.551004911 
999.53124368 392.572042467 227.233619818 48.4571284125 143.086501517 0.478281850354 0.783043478261 41.3756825076 198.62330637 
798.774046958 339.62458975 204.010401414 74.78485231 128.481141126 0.488147336531 0.755639484979 31.3306740722 167.916485736 
1129.5512969 423.42407454 216.288441199 73.8945857467 166.56927726 0.491713120121 0.741417627802 50.0160161168 225.143339209 
883.131257909 377.483675019 217.366388256 78.6504176158 137.203442167 0.469657504429 0.740018628195 68.620501139 190.717286763 
879.018015732 344.222887592 159.405328597 66.1739659985 121.750773915 0.457581629028 0.742820959147 59.2265922355 155.361532606 
