897.014486922 403.704225352 184.133350101 72.8651408451 129.195120724 0.483552967807 0.761487927565 62.0819416499 175.472937626 
808.814749113 327.615560061 161.143892549 89.8458692347 124.270907248 0.467604358844 0.72531626964 31.9697415104 190.726659909 
896.962537917 363.580738119 218.7570273 71.9425176946 128.767745197 0.493719261881 0.7501880182 30.9636501517 169.673811931 
840.563283808 400.255250567 198.230672375 70.2996726265 110.223671619 0.470091866029 0.719289146311 32.7259632334 149.695139763 
872.427735754 374.350579929 207.432375189 92.8965204236 147.53792234 0.476915532022 0.755517044881 49.2721633888 199.442965204 
774.392213012 311.072645064 162.709520221 63.4561667923 103.331926652 0.457044009043 0.755910524994 38.2755589048 139.756794775 
694.575823619 311.365636087 145.95813482 61.157475925 112.048403447 0.439088139888 0.76029700963 39.8146477446 176.105423213 
855.132999248 326.898772238 192.450663994 70.9254823353 123.979403658 0.473292107241 0.744408469055 28.6839388624 154.303382611 
582.274987393 304.827231467 124.861069087 46.2045385779 98.5120524458 0.4281297529 0.723195562279 39.8533030761 136.669692385 
786.399697428 331.150378215 172.498234997 64.8075138679 117.663035804 0.4990799294 0.781273827534 26.3484114977 147.822188603 
834.733282905 327.779828543 199.573524962 63.5584972264 112.060463944 0.498550882501 0.758005093293 36.6807866868 177.055572365 
725.436703741 296.13619818 138.305763397 60.0112740142 112.417087968 0.473604398382 0.720343781598 36.0394843276 162.476188069 
932.583509834 352.011346445 214.080231972 80.2424104892 130.818053454 0.515704185577 0.70478920827 57.2451840645 186.144528492 
790.220652999 317.465198684 197.041305998 63.9454821564 113.26859023 0.492739610225 0.754038218173 37.85790939 175.387901797 
844.081435023 336.040943302 174.89427998 74.4238835926 141.702960361 0.476128850978 0.769574510788 35.4261916708 189.965228299 
876.163622679 346.372152534 238.024435524 66.8760160562 117.403512293 0.483900953337 0.740870546914 45.4780732564 170.2041144 
899.625402414 349.587826962 187.688933602 82.7961770624 118.36971831 0.466183400402 0.734908299799 31.5800804829 185.111418511 
803.903883006 337.59924357 195.163338376 68.2460917801 125.570953101 0.475712102874 0.779607261725 22.2106404438 191.09369642 
627.667776097 325.689258699 144.366111952 57.9641452345 101.347100353 0.458913212305 0.720582652547 49.8579425113 138.764649521 
700.645709947 266.254315363 157.556162997 62.1298405467 109.731004809 0.457479979752 0.730880890914 40.3876993166 135.231030119 
805.804860937 335.775745427 235.409972438 78.3744424956 122.263442746 0.495595539965 0.757513405162 43.8526183914 162.809872212 
739.816641452 331.015683308 143.586182552 47.653605648 115.795057993 0.472995209279 0.733641553202 40.5893091276 160.594452849 
754.152863659 303.558286873 173.99736442 55.2065889508 116.539685758 0.459159655347 0.674060821085 37.3360364927 164.418753168 
827.683106404 392.155975794 198.955925366 48.3910741301 132.576651538 0.488879021684 0.69258698941 68.7366616238 160.852899647 
972.779911823 353.450007601 241.467389652 90.2262200375 124.272437034 0.518952566766 0.735219733441 34.2066082197 177.536765824 
685.818916207 273.706372303 151.237932765 69.1095835424 117.846061214 0.461636327145 0.718125188159 59.3652784747 144.771349724 
888.44726997 347.125278059 211.188169869 66.5578867543 121.652932255 0.508598584429 0.77260677452 36.1171890799 180.34726997 
793.467423096 314.944881493 178.950479072 54.738477055 129.751941503 0.479893998991 0.729466414523 35.7789712557 161.131820474 
950.370512497 373.012875536 239.238828579 77.9395102247 130.369199697 0.475354203484 0.675581721787 40.3276445342 190.132491795 
