916.849183622 380.814016579 198.543280583 68.1389600603 148.531876413 0.474387792012 0.777242552123 52.4690278824 176.963376036 
901.569188099 351.510741301 183.677105396 77.5865859808 129.271306102 0.477140746344 0.721377458396 30.3165910237 170.17917297 
814.815604616 322.949623683 187.882940291 57.1051680883 136.170747617 0.469847114902 0.734912995484 42.2646763673 185.573105871 
797.441200202 350.333635905 175.968986384 63.0938981341 144.083711548 0.442288451841 0.72094831064 48.1904185577 169.249773071 
967.21744186 353.753690597 206.608038423 65.7860970677 97.7962588473 0.499270424671 0.789764560162 43.0049039434 152.13033367 
570.264977192 283.236594019 132.715560061 56.3002534212 113.549873289 0.427825139382 0.708048454131 29.9199695895 163.207197162 
805.146445617 375.710776187 169.064556644 59.9764380809 111.039939714 0.473367746797 0.740823612158 57.0019090681 178.555940718 
1011.22703113 434.646975449 189.178233359 66.2332574032 143.21569223 0.472859832954 0.770898810428 52.442622121 192.64722855 
862.077822378 353.958404415 176.537832413 64.1839939789 133.163572504 0.474800150527 0.748713597592 49.5981936779 160.137932765 
848.831399146 380.452700327 191.14890731 73.1656870133 120.000502386 0.467941220799 0.764129213765 48.092941472 184.843556895 
693.279325854 299.808044254 166.46011477 51.6802977821 113.09243654 0.466944269245 0.745861862172 40.3462751383 147.859794241 
1008.90762669 387.471299548 227.575965881 76.6221274461 130.523281485 0.477006773708 0.748789713999 51.1400903161 185.219167085 
777.147967888 331.575213246 183.36773708 57.4045158053 111.559508279 0.488764726543 0.751652333166 52.5774209734 149.128549925 
684.515784165 341.755975794 135.319162885 58.1952092789 106.093545134 0.439890015129 0.761165103379 31.322491175 177.658093797 
776.48344637 278.27500628 171.267068576 56.3863853303 90.7123335845 0.49274006531 0.755761466968 23.0904295403 151.41361467 
889.092249432 396.050795254 233.159151729 58.5085584448 116.401413784 0.483558495329 0.767438879071 47.9932845241 162.569856097 
880.352315869 376.80516325 222.42126044 79.5630979499 131.27911921 0.464185016452 0.761936573019 36.0391799544 172.450518856 
861.71434313 369.123436323 195.761215775 64.6990705853 119.214016579 0.46736764632 0.753777040944 36.6634513941 167.654961065 
919.007504407 335.481541174 199.535381516 63.0912112818 122.673885671 0.485343591035 0.805813497859 27.2851674641 194.036816923 
816.658924514 282.725624842 169.890734663 66.0586720525 101.658369099 0.472781418834 0.774153143146 23.4568038374 157.852814946 
959.098212037 333.697003274 233.147972803 101.843465122 136.986653236 0.469553664064 0.774571845883 22.8900025183 173.029665072 
970.260237314 387.285432971 215.021661197 79.9382479172 135.471244635 0.476677859126 0.751942590255 45.1181519818 175.915324413 
781.86663309 332.794208008 178.864819945 70.0826492067 115.850919164 0.491078317804 0.743977184588 32.3521027449 156.81359859 
852.478769541 367.493898134 215.497377711 78.6557740797 118.695360565 0.501135400908 0.759138426626 46.314422592 159.129551185 
880.318154312 386.088149269 184.204589007 62.725466465 135.739283913 0.499187947554 0.700837468482 63.8284417549 166.871306102 
733.913623772 296.846335936 166.982170738 63.8716696046 92.2548476454 0.473836464367 0.744630974566 21.8306220096 143.763283808 
709.250946731 306.03271901 152.996768493 60.1912648321 95.5050744761 0.458118909366 0.713224387781 30.3352688715 151.960969452 
847.589383215 356.733013145 223.305915066 76.6960060667 132.453437816 0.485811122346 0.721934175935 47.2805358948 177.427451972 
830.838023197 320.430206757 182.101916288 65.1359556228 108.617599597 0.464599646999 0.781323298033 37.3375189107 151.121079173 
