869.8764632 412.241296157 192.443104748 73.0633006782 121.898015574 0.477575232354 0.717610349159 31.4250690781 166.175684501 
867.797320526 346.86744186 171.442770475 62.8067239636 101.585085945 0.500499039434 0.806233872599 48.8965116279 155.886804853 
976.520979551 379.207119414 259.943600101 88.7920222166 126.568644282 0.483017318859 0.758725523858 30.6562484221 178.290987124 
1074.69203227 396.728744327 272.598587998 83.8060514372 118.171558245 0.518466414523 0.727202269289 55.3462934947 162.345284922 
916.05751073 373.625448119 225.901338046 59.7430446857 101.195657662 0.505442565009 0.801834082302 76.1013885382 142.84105024 
724.971602126 312.666413566 145.27360162 44.1368767401 102.071728676 0.460604758289 0.751995393571 29.7133890154 151.044646925 
859.355712841 412.392922144 159.804802831 81.2472194135 149.859201213 0.447268402427 0.754787057634 55.6171385238 203.768503539 
985.459605662 467.021890799 239.717037412 64.0705763397 141.886248736 0.484228715875 0.732855055612 38.0912032356 181.133518706 
1168.63551308 356.995875252 270.237927565 101.267806841 153.928923541 0.523722686117 0.743235613682 35.0328470825 196.181690141 
961.445573441 386.378169014 233.057293763 71.4496981891 149.45055332 0.503458400402 0.73504054326 62.7653420523 182.336921529 
1060.94557755 370.907642195 284.344926084 81.346078677 152.077173641 0.517657729892 0.770060185417 33.2325732899 211.214282135 
929.506942611 375.735547226 224.097988491 88.9235520828 137.698167995 0.484571617127 0.723860461433 54.9742885803 188.183042078 
920.978920827 364.648411498 207.550378215 84.4309127584 108.088603127 0.465086333838 0.763259556228 39.5205748865 151.570852244 
975.655572365 406.732677761 177.651538074 71.4874936964 141.688401412 0.477887796268 0.786805799294 40.1057488654 182.512102874 
847.45055332 330.589486922 192.049647887 84.8956740443 125.879124748 0.482145372233 0.750488430584 28.313832998 173.93138833 
843.191618278 296.901641 221.496844231 60.5800050492 109.546579147 0.466500580661 0.727731734411 42.7416813936 170.299974754 
938.407886754 400.231648129 206.080535895 79.6183013145 144.789231547 0.469957077856 0.723642163802 63.9168351871 188.9570273 
980.190380257 442.880483505 237.632183329 72.7097960212 140.399748174 0.491038881894 0.733255552757 52.3534122387 211.879929489 
685.777264654 276.063131185 152.613093124 49.8420705405 108.125501142 0.467179649835 0.748230499873 25.2904339 147.280893174 
1025.44869653 377.420754239 211.798987598 81.0444444444 137.993318147 0.481822272842 0.774012250063 44.7157175399 152.042470261 
1055.08507953 381.742590255 271.699166877 80.1615753598 130.672759404 0.515469426912 0.770497955062 59.7079020449 188.120323151 
1026.82112676 413.960613682 234.66167002 82.8405432596 142.343008048 0.497604325956 0.748418561368 44.0437122736 203.7111167 
1031.31765003 383.513262733 238.632526475 82.3698436712 158.578971256 0.48413419062 0.746979576399 70.0509833585 194.563842663 
867.753791709 378.338119312 179.648483316 69.1206268959 117.390697674 0.481222851365 0.73892173913 66.5526289181 153.593579373 
909.205993453 358.265676152 193.580357593 79.5745152355 128.698514228 0.491320624528 0.752405741627 43.4662805339 194.220246789 
1084.41539235 401.508148893 278.376358149 87.405583501 145.329879276 0.497142605634 0.787319969819 45.4526156942 184.180985915 
854.252681944 337.612893478 207.574767061 70.5093427348 119.132359607 0.466233694284 0.75791437925 42.8259380509 168.039989927 
