935.535935124 364.7598074 162.906690319 67.1721236695 121.244196655 0.498909731374 0.757315205271 35.1537759757 159.557881399 
1011.83740167 419.445470693 242.810555697 54.1361583354 130.544227353 0.500848870845 0.826474042121 53.9443795991 167.539101751 
767.44758289 290.347658821 213.648190332 72.9560617565 112.95803594 0.471152315869 0.7595685143 21.8563907871 161.728372564 
1128.22269289 389.166868381 271.270146243 106.405547151 144.346293495 0.510465355522 0.774509884014 47.9880988401 206.073575391 
841.426257545 327.900251509 227.754828974 64.8533199195 113.546277666 0.486269416499 0.743620623742 48.4475352113 139.235814889 
933.240040292 353.945504911 208.671971796 73.5637370939 127.842810375 0.487915487283 0.761118962478 41.2465877613 167.486577688 
911.408937137 333.409290583 233.857864176 76.232315072 99.1768745266 0.476319262812 0.783785306741 25.6091391063 168.067255743 
1008.03716233 415.450997223 250.342186317 61.4875536481 141.543448624 0.497728452411 0.759975814188 44.3111335521 216.221257258 
1085.18218726 321.835574727 227.903831515 83.2203501649 151.204821111 0.489500583608 0.784980309566 38.2878457244 183.533671657 
1012.8190356 450.195051755 233.495581924 85.3651098208 162.301186569 0.490190810401 0.712405907599 76.6673062358 203.274223681 
1135.9277163 387.930935614 247.625653924 64.5983400402 156.010613682 0.512771428571 0.805211368209 39.3786720322 219.490191147 
830.318515455 336.073917089 165.034632482 67.7422723044 138.398480306 0.484890881836 0.737610151969 56.917295565 173.185102864 
1071.71941576 405.899722992 276.985343742 75.1960211534 135.303349282 0.507125812138 0.780629312516 46.3431881138 181.38297658 
829.572681196 353.281956412 200.741256969 75.7009630005 150.766852509 0.467517891536 0.701186517993 40.6587937152 199.888950836 
826.442158346 299.458497226 216.070953101 84.0942511346 118.535955623 0.483421280888 0.750406908724 24.4735249622 186.089460414 
917.127020902 368.439587006 208.028808864 92.3122135482 119.089801058 0.445857567363 0.727214555528 35.3266683455 203.068949887 
767.18573966 317.769094139 136.170819589 74.1190053286 117.054656179 0.433713219995 0.751184369449 42.8435422482 164.820654656 
1006.12602118 399.830811901 221.668734241 72.0826525466 151.90630358 0.497903883006 0.757082198689 66.2583963691 187.017246596 
848.402322646 335.959656652 175.4977026 52.7403181015 126.35829336 0.467718858874 0.753851552638 25.5689977278 171.610805352 
1107.87119414 430.77278465 234.804089876 83.4054026761 138.486139864 0.500733754102 0.79204413027 42.1655642515 179.247159808 
1064.36101738 376.727323092 239.8154621 68.2910601864 132.445378998 0.515469654999 0.779598388315 47.4886426593 175.199496349 
1078.23158954 445.206539235 246.020070423 85.4940643863 149.915392354 0.487735865191 0.735051156942 36.6407444668 214.537022133 
929.234776006 352.515464439 220.600506201 55.0009617818 121.055833966 0.477648139711 0.753774133131 35.792103265 172.059529233 
1020.59594526 414.233552965 203.406082108 84.956614293 146.096198682 0.485538165231 0.745805930056 72.435681703 186.70897111 
842.182918865 362.247174077 179.659834213 68.6621954283 123.599045466 0.493392715398 0.733690178347 32.9614167295 187.602612409 
1046.12879476 393.857438225 271.88734241 79.3502773575 155.969793243 0.519197478568 0.717206807867 55.6159354513 207.437569339 
917.929046899 358.126071609 248.141401916 58.2118003026 121.341452345 0.477852647504 0.747479626828 40.0590015129 182.066011094 
