Rk,Tm,MP,PTS,TRB,AST,STL,TOV,2P%,FT%,BLK,PF 
1,NYK,1287,398,301,68,27,60,.494,.784,22,147 
2,MEM,248,94,28,16,16,14,.410,.609,7,24 
3,OKC,1771,537,523,66,38,99,.547,.502,86,222 
4,MIN,215,60,77,15,4,9,.432,.579,9,30 
5,TOT,2502,1035,247,129,41,116,.466,.843,7,167 
5,DEN,1750,771,180,101,32,83,.481,.841,5,108 
5,POR,752,264,67,28,9,33,.423,.851,2,59 
6,NOP,957,443,315,47,21,69,.550,.818,51,151 
7,PHI,540,93,176,28,17,17,.548,.481,16,96 
8,NYK,976,338,338,75,37,59,.478,.781,65,122 
9,POR,2512,1661,726,124,48,122,.475,.845,68,125 
10,IND,1070,315,323,73,15,40,.472,.702,42,102 
11,MEM,1648,539,280,86,129,86,.505,.627,30,166 
12,DAL,1366,412,342,59,70,55,.485,.712,62,137 
13,TOT,937,259,268,70,22,62,.429,.471,52,126 
13,CLE,79,11,20,5,1,5,.333,.600,0,11 
13,NYK,858,248,248,65,21,57,.434,.463,52,115 
14,MIA,1132,320,299,43,26,40,.598,.667,61,88 
15,BRK,1744,545,204,83,56,60,.530,.812,5,148 
16,SAS,358,74,72,28,15,10,.359,.643,7,28 
17,NOP,1675,833,295,55,33,62,.457,.854,20,113 
18,MIL,2541,1030,542,207,73,173,.511,.741,85,254 
19,NYK,1428,966,264,122,40,89,.474,.797,17,87 
20,DET,406,87,93,5,12,12,.581,.682,49,55 
21,ATL,1037,356,189,49,18,49,.455,.715,14,132 
22,HOU,2930,1048,459,209,152,141,.485,.853,17,186 
23,DEN,988,382,171,57,48,47,.471,.780,26,146 
24,NOP,1982,557,748,72,29,95,.517,.582,54,144 
25,TOT,1964,777,161,353,49,145,.436,.868,3,93 
25,DET,1287,574,100,265,33,110,.450,.870,2,61 
25,OKC,677,203,61,88,16,35,.389,.861,1,32 
26,SAS,383,137,117,14,8,26,.579,.750,8,60 
27,NOP,830,256,111,24,17,26,.429,.684,11,63 
28,CHI,64,10,8,1,2,3,.214,.800,1,8 
29,GSW,982,467,91,99,41,44,.511,.784,8,87 
30,DAL,1362,580,134,263,33,70,.463,.809,1,104 
31,NYK,785,430,127,46,2,42,.466,.813,27,53 
32,GSW,2318,827,453,116,61,71,.519,.720,19,146 
33,LAC,2271,764,302,114,67,87,.569,.779,50,240 
34,PHO,143,32,28,5,4,5,.286,.500,2,26 
35,TOT,983,397,162,81,48,61,.474,.787,19,70 
35,POR,300,90,34,27,14,17,.415,.667,4,20 
35,DEN,683,307,128,54,34,44,.500,.810,15,50 
36,BOS,1929,866,398,104,41,83,.515,.790,32,140 
37,POR,2380,664,416,341,78,132,.481,.857,40,106 
38,MIL,1717,598,211,233,59,133,.462,.883,12,163 
39,SAS,1122,461,318,35,16,65,.570,.865,22,162 
40,ATL,1324,390,222,78,52,73,.467,.600,33,127 
41,WAS,2107,962,241,194,76,123,.434,.783,18,136 
42,MIA,505,212,89,32,15,37,.472,.769,13,66 
43,SAS,1388,568,157,94,31,61,.471,.848,3,85 
44,UTA,3,0,3,0,0,1,0.0,0.0,0,0 
45,MIN,894,298,216,48,27,36,.431,.641,16,87 
46,HOU,1727,568,237,192,59,83,.426,.750,23,182 
47,SAC,3,2,1,1,0,0,.500,0.0,1,0 
48,CHO,1243,304,407,16,18,52,.543,.583,99,140 
49,TOT,1196,379,368,42,19,48,.577,.551,24,158 
49,HOU,393,105,127,8,6,19,.549,.517,2,56 
49,LAL,803,274,241,34,13,29,.589,.562,22,102 
50,WAS,180,56,56,3,7,13,.456,.667,1,41 
51,POR,1529,350,137,288,41,104,.417,.707,5,118 
52,PHO,2800,1377,423,493,127,274,.491,.800,45,189 
53,LAL,74,22,9,8,3,6,.350,.400,0,4 
54,BRK,1854,700,213,68,34,78,.531,.821,9,104 
55,GSW,1583,422,543,180,39,106,.563,.524,113,188 
56,SAS,935,264,115,47,10,11,.462,.811,12,65 
57,UTA,1564,567,397,83,43,88,.518,.581,41,144 
58,LAL,1692,836,482,95,41,92,.499,.627,12,184 
59,MIA,1556,928,310,95,41,95,.485,.772,25,69 
60,BOS,2428,1071,241,135,82,109,.470,.790,15,177 
61,ATL,486,96,100,22,17,18,.447,.522,25,54 
62,TOT,2087,917,297,173,114,131,.491,.743,19,173 
62,MIN,680,251,94,78,54,50,.467,.705,4,62 
62,HOU,1407,666,203,95,60,81,.503,.764,15,111 
63,CHI,1885,954,166,261,54,157,.442,.833,15,189 
64,LAL,568,227,36,40,12,32,.435,.753,2,33 
65,MIN,549,122,70,90,28,30,.489,.632,6,49 
66,BRK,781,216,107,39,31,27,.404,.825,12,57 
67,MIA,89,20,1,3,4,4,.333,.750,0,8 
68,LAL,1207,782,199,197,47,128,.401,.813,7,65 
69,MIN,1286,457,198,64,44,49,.474,.827,10,72 
70,TOT,338,69,50,8,10,8,.375,.667,4,19 
70,LAC,263,65,40,6,9,6,.533,.800,2,17 
70,PHO,75,4,10,2,1,2,.111,.500,2,2 
71,UTA,2288,973,204,328,65,124,.400,.752,15,119 
72,UTA,899,374,114,82,17,52,.409,.822,5,64 
73,DET,1623,460,196,79,43,49,.441,.902,4,120 
74,CHI,2513,1301,379,212,114,93,.484,.834,36,108 
75,WAS,1505,580,197,63,29,48,.450,.791,22,98 
76,LAL,123,52,12,14,3,12,.379,.900,0,3 
77,WAS,67,22,6,18,1,8,.455,.500,1,9 
78,TOR,23,10,2,0,0,4,.222,0.0,1,3 
79,MEM,838,243,106,146,63,61,.456,.533,5,100 
80,NYK,1270,382,124,198,31,75,.415,.906,0,76 
81,DET,2587,1043,255,109,93,94,.449,.696,18,161 
82,TOT,938,432,87,98,29,62,.417,.817,3,83 
82,HOU,369,154,33,29,14,23,.447,.762,0,28 
82,PHI,569,278,54,69,15,39,.400,.846,3,55 
83,HOU,90,32,36,2,1,5,.483,.174,9,14 
84,ATL,2189,883,372,118,94,75,.567,.702,17,154 
85,MEM,1091,384,133,79,43,43,.379,.789,14,102 
86,TOT,2149,966,353,442,111,253,.428,.694,30,167 
86,PHI,1391,613,254,302,60,174,.412,.643,18,103 
86,MIL,758,353,99,140,51,79,.457,.780,12,64 
87,SAC,1416,593,260,102,31,88,.512,.733,9,107 
88,MIA,2368,813,206,307,122,173,.467,.774,10,251 
89,DAL,2286,771,864,84,42,105,.666,.720,91,169 
90,DEN,2471,1085,475,134,58,110,.490,.775,29,231 
91,CLE,69,15,5,8,6,4,.300,.500,1,10 
92,UTA,29,6,6,0,1,1,.375,0.0,0,6 
93,BRK,93,27,23,3,3,6,.438,.250,4,12 
94,TOT,192,57,16,12,9,9,.360,1.000,3,20 
94,UTA,161,44,13,10,6,7,.316,1.000,2,12 
94,DEN,31,13,3,2,3,2,.500,1.000,1,8 
95,LAL,1476,703,191,206,51,96,.482,.829,12,109 
96,POR,76,24,20,1,1,4,.333,0.0,1,12 
97,TOT,1831,573,159,255,57,99,.458,.716,15,124 
97,MIA,1148,295,108,165,42,58,.446,.696,8,75 
97,NOP,683,278,51,90,15,41,.472,.743,7,49 
98,SAC,1565,725,143,252,67,112,.514,.788,14,95 
99,OKC,1101,273,250,90,35,45,.466,.692,25,156 
100,MEM,2225,1107,209,375,89,156,.473,.859,14,139 
101,UTA,87,27,25,1,6,3,.409,.429,3,23 
102,IND,828,309,111,51,11,59,.420,.733,11,78 
103,UTA,159,80,18,15,4,12,.449,.833,0,6 
104,SAC,2013,1421,747,210,90,254,.469,.782,103,241 
105,PHI,1956,943,316,105,97,128,.426,.820,31,189 
106,POR,683,168,73,39,19,15,.485,.750,15,74 
107,LAC,1703,1010,124,158,59,92,.448,.901,14,108 
108,TOT,1647,628,293,94,72,49,.499,.773,25,137 
108,DAL,265,89,29,12,15,10,.526,.909,5,26 
108,BOS,1382,539,264,82,57,39,.495,.762,20,111 
109,NOP,1652,340,256,50,46,35,.468,.617,37,101 
110,LAC,89,35,9,10,3,7,.400,.538,0,12 
111,PHO,8,0,2,1,0,0,.000,0.0,0,2 
112,GSW,2613,1900,341,619,163,249,.528,.914,16,158 
113,NYK,544,128,168,29,14,39,.438,.700,41,70 
114,TOT,397,176,33,22,6,20,.383,.846,1,40 
114,HOU,108,46,6,4,0,5,.500,.750,0,14 
114,MIN,154,53,19,13,3,8,.300,1.000,0,14 
114,CHO,135,77,8,5,3,7,.435,.857,1,12 
115,TOT,209,105,29,9,2,9,.510,1.000,7,15 
115,DET,17,11,4,2,1,2,.500,0.0,0,1 
115,BOS,192,94,25,7,1,7,.512,1.000,7,14 
116,TOT,423,142,83,30,18,29,.456,.649,7,59 
116,PHI,379,126,73,28,17,25,.472,.636,4,54 
116,BRK,44,16,10,2,1,4,.357,.750,3,5 
117,NOP,2455,1656,696,149,100,95,.540,.805,200,141 
118,LAL,1840,656,600,94,49,58,.601,.487,98,202 
119,LAC,904,294,169,39,41,39,.466,.632,21,132 
120,MIA,22,3,2,1,0,1,0.0,0.0,0,3 
121,TOT,344,129,75,17,12,23,.371,.833,5,39 
121,SAS,268,103,61,9,8,18,.362,1.000,3,30 
121,ATL,76,26,14,8,4,5,.417,.500,2,9 
122,ORL,845,216,295,9,16,51,.565,.531,50,141 
123,CLE,1380,319,126,204,24,61,.307,.763,2,152 
124,MIA,2421,1007,376,139,65,108,.513,.761,22,109 
125,TOR,2100,1204,277,210,73,137,.426,.832,11,122 
126,SAS,1984,708,348,233,36,126,.512,.774,23,148 
127,MIN,2193,710,609,146,71,126,.510,.783,126,188 
128,DET,455,145,48,104,19,33,.375,.912,6,53 
129,HOU,854,184,279,25,40,41,.556,.289,25,157 
130,NOP,177,51,22,24,11,10,.424,.615,4,20 
131,LAC,103,19,12,4,1,0,.286,1.000,0,14 
132,TOT,2640,1275,274,350,78,173,.555,.774,15,195 
132,PHO,1735,843,185,211,50,114,.556,.746,9,120 
132,MIA,905,432,89,139,28,59,.552,.808,6,75 
133,TOT,75,28,8,5,2,5,.500,.600,0,6 
133,PHO,13,6,3,1,0,0,.667,.667,0,1 
133,MIA,62,22,5,4,2,5,.462,.500,0,5 
134,PHI,219,46,15,45,6,25,.500,.667,0,13 
135,DET,2502,1130,1104,55,73,120,.515,.389,153,285 
136,MIL,1717,518,220,130,72,62,.537,.716,11,113 
137,SAS,2227,1070,704,230,63,131,.514,.740,151,165 
138,CHI,1838,595,248,114,39,60,.468,.805,21,123 
139,OKC,913,686,178,110,24,74,.565,.854,25,40 
140,NYK,647,210,97,36,24,40,.415,.750,12,57 
141,LAL,1675,650,210,105,33,50,.439,.813,2,77 
142,DAL,2699,1513,190,329,148,198,.487,.752,25,197 
143,MIA,1051,312,176,48,25,39,.461,.840,17,89 
144,TOT,411,121,35,73,18,42,.396,.714,5,36 
144,PHO,58,22,7,14,0,8,.467,1.000,2,3 
144,MIL,353,99,28,59,18,34,.384,.600,3,33 
145,UTA,266,90,71,13,11,5,.566,.828,12,29 
146,SAC,764,176,299,32,22,45,.430,.619,5,91 
147,NOP,2690,1313,416,521,100,246,.482,.694,37,198 
148,UTA,1817,393,131,198,41,118,.408,.625,14,147 
149,GSW,504,201,155,9,7,32,.547,.628,42,77 
150,DEN,2086,946,668,89,62,118,.511,.691,57,211 
151,LAC,529,167,42,67,20,32,.426,.909,5,52 
152,UTA,2280,1187,607,112,60,121,.527,.669,123,210 
153,DAL,281,108,26,41,11,18,.458,.800,4,17 
154,TOR,216,46,26,15,11,8,.487,.833,0,9 
155,ORL,1661,698,153,120,40,82,.480,.728,2,116 
156,DEN,1087,435,85,119,34,60,.388,.818,11,97 
157,DEN,13,3,2,3,0,3,0.0,0.0,1,4 
158,TOT,239,57,28,60,8,25,.364,.476,0,26 
158,PHI,171,34,19,43,6,18,.313,.333,0,16 
158,POR,68,23,9,17,2,7,.500,.833,0,10 
159,NOP,509,178,40,58,15,33,.458,.956,2,43 
160,POR,617,169,191,16,9,23,.490,.840,23,93 
161,ORL,1870,549,293,94,47,78,.390,.886,39,191 
162,DEN,1426,734,218,83,47,57,.453,.895,20,94 
163,NYK,1457,533,190,150,52,61,.424,.808,12,129 
164,HOU,200,45,17,15,9,10,.389,.250,5,20 
165,TOT,952,323,311,77,46,46,.475,.800,17,109 
165,BRK,854,285,285,69,41,45,.461,.829,13,96 
165,MIN,98,38,26,8,5,1,.600,.500,4,13 
166,MEM,2687,1413,630,307,70,176,.500,.795,131,208 
167,CHI,2681,1446,919,210,25,158,.495,.803,147,147 
168,SAC,2408,1432,399,250,71,183,.479,.858,41,157 
169,TOT,662,241,94,25,35,33,.490,.701,7,58 
169,DEN,511,190,70,19,28,25,.496,.738,6,42 
169,POR,151,51,24,6,7,8,.474,.500,1,16 
170,IND,91,53,22,6,5,12,.333,.727,1,11 
171,CHI,1692,640,396,71,36,77,.502,.717,75,162 
172,SAS,1587,738,211,293,67,154,.489,.721,20,138 
173,UTA,2158,686,775,109,64,111,.607,.623,189,175 
174,WAS,864,277,223,49,21,28,.401,.773,9,91 
175,PHO,535,231,74,44,18,48,.419,.735,9,55 
176,ORL,797,243,169,33,21,38,.500,.721,22,83 
177,ORL,790,349,63,50,14,55,.475,.836,1,60 
178,PHI,71,17,18,2,1,8,.500,.500,0,7 
179,NOP,2018,818,159,229,50,122,.380,.805,14,145 
180,WAS,2453,1001,717,97,49,100,.569,.703,110,191 
181,MIA,613,188,80,17,13,24,.449,.757,6,67 
182,PHI,1377,411,198,79,40,85,.383,.591,68,144 
183,SAS,2312,946,343,158,101,93,.466,.874,87,163 
184,GSW,2490,921,647,291,123,133,.523,.660,99,253 
185,DEN,410,146,31,39,12,14,.409,.833,0,26 
186,PHO,1446,884,186,91,42,104,.478,.825,12,145 
187,TOT,164,62,45,4,5,14,.659,.800,5,25 
187,SAS,25,8,6,0,0,2,.800,0.0,2,6 
187,MEM,139,54,39,4,5,12,.639,.800,3,19 
188,TOT,2454,1168,328,134,53,108,.473,.833,34,147 
188,BOS,1093,580,141,53,27,56,.495,.840,13,66 
188,MEM,1361,588,187,81,26,52,.452,.825,21,81 
189,ORL,951,306,79,68,26,48,.411,.824,5,81 
190,LAC,2356,1469,508,354,63,152,.504,.728,35,196 
191,TOT,175,53,25,22,6,12,.579,.692,0,25 
191,BRK,44,16,7,7,1,3,.538,.667,0,9 
191,MIL,131,37,18,15,5,9,.600,.700,0,16 
192,CHO,687,254,92,21,21,22,.358,.861,13,61 
193,LAC,122,38,16,7,2,4,.286,0.0,0,14 
194,TOT,712,219,134,36,27,26,.510,.830,30,70 
194,MIA,289,66,48,12,8,8,.457,.857,5,33 
194,MIN,423,153,86,24,19,18,.535,.825,25,37 
195,TOR,1058,270,265,21,30,20,.538,.698,15,141 
196,NYK,1681,804,156,127,20,82,.435,.801,14,119 
197,HOU,2981,2217,459,565,154,321,.480,.868,60,208 
198,ORL,674,158,106,25,32,27,.520,.537,9,66 
199,DAL,1685,665,135,237,78,85,.481,.815,14,147 
200,DEN,719,188,64,29,39,38,.395,.745,7,71 
201,CLE,493,136,41,26,7,27,.472,.600,2,62 
202,ORL,2369,1164,430,124,69,115,.500,.788,36,134 
203,MIA,995,261,258,46,21,41,.459,.703,13,113 
204,LAC,1274,425,258,88,24,61,.452,.647,53,173 
205,TOR,255,50,51,20,10,8,.478,.545,4,37 
206,UTA,2618,1463,373,313,108,206,.481,.812,30,131 
207,CLE,119,35,29,2,2,10,.467,.538,10,17 
208,CHO,2315,969,273,206,51,110,.457,.848,22,135 
209,LAL,86,20,4,3,3,3,.231,.583,0,6 
210,MIL,1228,470,312,59,28,87,.566,.569,135,152 
211,IND,1926,802,540,84,18,107,.448,.824,125,216 
212,DEN,1411,552,452,57,36,96,.477,.577,35,136 
213,WAS,1693,737,345,123,66,124,.513,.604,22,180 
214,IND,1267,692,179,220,44,69,.544,.790,14,111 
215,LAL,1874,841,556,103,34,106,.462,.738,52,164 
216,IND,2381,729,314,184,66,115,.430,.824,18,177 
217,CHI,1610,377,121,148,46,73,.394,.700,14,144 
218,NOP,1303,592,135,274,63,91,.469,.855,23,110 
219,GSW,657,254,73,48,40,29,.444,.822,12,54 
220,SAC,441,137,103,14,6,25,.646,.574,19,65 
221,UTA,1064,433,117,83,30,45,.456,.763,12,119 
222,ATL,2318,1156,544,244,68,100,.547,.759,98,121 
223,HOU,1223,646,431,50,28,115,.594,.528,53,137 
224,LAC,56,18,8,5,6,3,.375,.750,1,4 
225,MIN,742,198,134,27,16,18,.521,.828,9,86 
226,WAS,1345,509,416,57,34,46,.481,.744,25,130 
227,OKC,2116,917,499,55,30,97,.511,.836,155,194 
228,GSW,2069,604,257,228,89,88,.553,.596,25,100 
229,MIL,1319,669,277,56,36,45,.515,.645,19,149 
230,UTA,1673,396,175,182,72,98,.493,.750,10,124 
231,CLE,2730,1628,237,389,114,186,.491,.863,20,146 
232,BRK,2241,957,245,373,75,191,.477,.881,13,143 
233,TOT,2268,1117,327,462,62,186,.477,.830,9,167 
233,OKC,1398,641,201,214,42,91,.490,.861,5,94 
233,DET,870,476,126,248,20,95,.460,.796,4,73 
234,DAL,158,44,39,4,2,6,.444,.870,15,17 
235,CLE,2493,1743,416,511,109,272,.536,.710,49,135 
236,CHO,1992,1082,548,113,47,68,.482,.655,84,139 
237,BRK,531,183,145,16,10,20,.480,.574,21,61 
238,DAL,1244,432,183,61,32,52,.462,.684,11,115 
239,ATL,297,135,39,13,10,8,.596,.842,0,15 
240,DET,1173,632,104,272,44,90,.428,.839,4,64 
241,TOT,1230,448,282,71,46,44,.481,.848,18,135 
241,DET,703,241,142,41,27,26,.516,.861,11,77 
241,BOS,527,207,140,30,19,18,.444,.833,7,58 
242,TOT,51,16,9,3,2,3,.545,1.000,2,11 
242,OKC,25,7,4,1,0,2,.500,0.0,2,7 
242,UTA,26,9,5,2,2,1,.571,1.000,0,4 
243,TOR,1979,694,456,117,44,110,.590,.612,59,225 
244,TOT,526,166,55,15,26,15,.576,.875,7,44 
244,PHI,187,54,26,3,9,9,.429,.750,5,19 
244,UTA,211,81,18,7,12,6,.692,1.000,0,18 
244,MIL,128,31,11,5,5,0,.583,1.000,2,7 
245,TOR,1370,554,257,95,54,79,.643,.657,70,155 
246,BRK,2791,1154,384,292,59,137,.472,.801,14,120 
247,HOU,262,74,39,11,7,19,.389,.680,3,34 
248,MIA,603,190,81,42,33,30,.437,.681,9,42 
249,LAL,2245,753,319,124,59,87,.451,.804,45,162 
250,LAC,123,21,11,2,3,1,.353,.818,0,23 
251,CLE,669,250,62,24,13,13,.423,.848,8,67 
252,OKC,631,184,76,18,17,24,.476,.649,8,50 
253,HOU,889,386,220,36,18,37,.553,.606,59,78 
254,LAC,2820,946,1226,61,81,109,.713,.397,183,245 
255,BRK,383,138,105,13,8,22,.532,.864,15,58 
256,SAS,1444,535,192,188,46,67,.520,.734,17,105 
257,POR,1398,638,484,65,18,108,.515,.706,54,140 
258,TOT,2135,1163,671,55,36,145,.528,.782,29,189 
258,UTA,1326,678,384,26,23,93,.505,.788,16,114 
258,OKC,809,485,287,29,13,52,.564,.776,13,75 
259,BRK,555,153,66,46,23,24,.475,.763,1,45 
260,LAL,1233,332,146,92,30,37,.337,.832,24,118 
261,CHO,1587,598,416,77,30,63,.465,.701,38,115 
262,MIN,72,22,6,4,3,2,.429,1.000,0,3 
263,BRK,36,3,8,1,1,1,.000,.750,0,1 
264,CLE,14,4,1,1,0,0,.250,1.000,0,1 
265,TOT,2035,1070,244,330,90,189,.441,.874,10,114 
265,MIL,1688,923,221,281,84,166,.448,.881,9,93 
265,PHO,347,147,23,49,6,23,.395,.828,1,21 
266,ATL,2418,911,304,196,52,107,.470,.898,42,140 
267,MEM,1348,419,426,37,29,69,.508,.647,63,148 
268,GSW,72,20,17,6,2,5,.667,1.000,1,13 
269,OKC,633,295,107,44,21,27,.475,.891,6,52 
270,SAC,1192,503,268,26,15,54,.515,.820,17,132 
271,NYK,1865,470,176,226,93,83,.481,.782,9,150 
272,DEN,268,93,77,13,8,22,.452,.643,10,43 
273,MIN,1902,778,214,276,54,193,.449,.842,10,158 
274,DEN,2665,1143,234,720,92,185,.463,.730,9,128 
275,TOT,244,90,36,19,6,26,.319,.727,1,21 
275,DAL,11,1,2,1,0,2,.000,.500,0,1 
275,NYK,233,89,34,18,6,24,.333,.750,1,20 
276,MEM,2354,777,178,151,75,78,.473,.860,12,129 
277,GSW,904,388,257,85,31,49,.514,.654,26,83 
278,PHI,2,0,0,0,0,0,.000,0.0,0,0 
279,PHO,1518,432,454,32,34,74,.509,.702,105,213 
280,SAS,2033,1057,461,161,148,97,.519,.802,48,128 
281,POR,847,327,250,32,10,39,.586,.938,14,113 
282,MEM,824,286,207,46,17,35,.467,.627,9,86 
283,POR,2925,1720,378,507,97,222,.500,.864,21,164 
284,LAL,1907,832,196,339,82,166,.444,.795,32,189 
285,GSW,1468,461,183,259,49,102,.503,.714,20,110 
286,BRK,2100,1236,535,50,43,104,.517,.814,126,206 
287,POR,1638,566,394,55,16,73,.537,.772,84,122 
288,CLE,2532,1228,731,168,51,122,.480,.804,39,140 
289,TOR,2414,1244,328,473,109,173,.457,.808,13,212 
290,MEM,6,0,0,0,1,0,.000,0.0,0,1 
291,DET,272,98,16,60,8,16,.440,1.000,0,18 
292,ATL,833,299,79,155,30,49,.467,.806,2,32 
293,IND,1146,265,356,33,30,59,.552,.304,46,172 
294,ORL,208,37,31,17,9,9,.455,.313,2,14 
295,CLE,1101,276,202,51,27,33,.484,.765,27,58 
296,MIL,417,118,28,86,21,35,.509,.889,0,26 
297,DET,198,36,20,11,3,5,.450,0.0,1,20 
298,MIL,104,20,19,5,5,3,.409,1.000,6,13 
299,MIN,1302,779,142,89,33,76,.442,.881,1,76 
300,POR,2024,956,222,139,77,81,.534,.752,10,132 
301,CHO,878,203,203,19,18,29,.422,.577,44,96 
302,MIL,1697,806,187,197,57,128,.465,.827,18,165 
303,PHI,1916,660,328,106,81,99,.435,.589,21,104 
304,GSW,137,62,37,2,5,6,.545,.560,9,21 
305,SAC,1436,503,180,188,45,85,.479,.679,11,92 
306,POR,973,424,91,64,43,48,.460,.699,8,81 
307,TOT,1352,487,200,72,44,105,.454,.752,70,126 
307,PHI,1319,476,195,70,44,104,.456,.756,68,121 
307,HOU,33,11,5,2,0,1,.417,.500,2,5 
308,CHI,321,109,43,6,4,17,.455,.667,1,29 
309,OKC,485,201,165,14,16,31,.540,.625,16,72 
310,TOT,256,106,61,3,2,18,.532,.667,20,30 
310,DEN,195,88,48,1,2,13,.557,.690,19,28 
310,PHI,61,18,13,2,0,5,.444,.500,1,2 
311,SAC,2670,996,241,140,77,138,.507,.813,19,219 
312,PHO,36,9,3,2,3,5,.222,1.000,1,5 
313,MIA,296,72,45,33,12,22,.588,.615,3,41 
314,DET,1462,663,104,79,59,57,.460,.906,6,76 
315,NOP,43,6,1,13,2,2,.176,0.0,0,1 
316,MIL,2378,1055,347,182,122,113,.494,.859,11,183 
317,IND,1841,942,214,75,60,73,.459,.807,26,132 
318,TOT,1253,355,153,284,32,104,.539,.753,6,103 
318,WAS,631,183,77,143,14,46,.567,.718,2,56 
318,SAC,622,172,76,141,18,58,.508,.789,4,47 
319,NOP,43,2,1,2,1,1,.167,0.0,0,8 
320,CLE,701,109,91,46,14,23,.313,.750,4,74 
321,TOT,119,29,20,8,7,5,.300,.727,5,9 
321,SAC,61,17,12,3,6,3,.273,.727,3,4 
321,DET,58,12,8,5,1,2,.333,0.0,2,5 
322,SAS,801,351,75,87,28,35,.429,.825,2,58 
323,UTA,924,248,150,58,56,67,.358,.674,16,124 
324,ATL,2390,1218,570,223,130,166,.513,.757,69,201 
325,CHI,1654,833,404,97,54,89,.495,.803,54,172 
326,CHI,128,27,38,3,4,7,.433,.333,5,16 
327,DET,2137,1098,704,142,78,149,.496,.750,34,148 
328,CHI,504,149,46,33,20,14,.485,.600,6,45 
329,SAC,2,2,1,0,0,0,1.000,0.0,0,1 
330,BRK,299,83,27,48,9,21,.397,.444,0,20 
331,PHO,2045,845,385,133,63,73,.487,.628,16,188 
332,PHO,2581,1258,506,192,101,170,.494,.763,39,245 
333,OKC,1806,790,195,60,54,38,.497,.888,11,135 
334,HOU,2037,855,421,130,56,123,.536,.602,34,203 
335,TOT,2045,785,591,55,33,116,.557,.718,97,227 
335,DEN,897,299,272,16,15,47,.509,.733,41,114 
335,CLE,1148,486,319,39,18,69,.590,.708,56,113 
336,MIN,866,512,154,44,18,35,.503,.717,7,49 
337,TOT,18,6,1,1,1,4,.400,1.000,0,2 
337,UTA,1,0,0,0,0,0,.000,0.0,0,0 
337,WAS,17,6,1,1,1,4,.500,1.000,0,2 
338,ATL,502,197,119,25,16,21,.574,.880,19,52 
339,MIA,1012,261,113,130,40,81,.400,.786,4,76 
340,TOT,1193,543,129,100,23,65,.407,.867,1,88 
340,CHO,931,413,94,80,16,55,.392,.863,1,70 
340,MIN,262,130,35,20,7,10,.459,.879,0,18 
341,TOT,1407,523,146,253,47,109,.472,.667,6,136 
341,DAL,584,167,63,95,15,39,.383,.875,2,53 
341,BOS,121,29,17,33,7,9,.250,.667,0,13 
341,DEN,702,327,66,125,25,61,.524,.579,4,70 
342,ORL,492,194,82,22,6,24,.470,.600,12,51 
343,CHI,2049,485,646,312,48,123,.447,.603,74,203 
344,PHI,2311,744,611,128,133,146,.462,.609,142,208 
345,TOR,23,6,11,1,2,2,.250,.500,0,6 
346,TOT,197,63,22,11,0,5,.375,.000,2,23 
346,UTA,109,48,16,6,0,3,.000,.000,1,13 
346,OKC,88,15,6,5,0,2,.500,0.0,1,10 
347,DAL,2282,1333,457,143,39,82,.486,.882,33,160 
348,DEN,1103,426,382,50,52,86,.449,.636,68,207 
349,MIL,368,100,64,17,5,25,.367,.444,4,44 
350,ORL,824,294,199,59,31,55,.538,.772,39,110 
351,ORL,2573,1292,302,295,120,204,.464,.819,19,187 
352,BOS,1423,656,303,109,64,98,.538,.684,39,213 
353,MIN,68,27,21,4,1,2,.857,.375,3,6 
354,MIL,1730,606,500,178,80,133,.456,.788,21,170 
355,HOU,795,182,118,85,29,55,.418,.722,13,71 
356,CHO,73,41,3,8,0,3,.462,1.000,0,8 
357,MIL,738,308,138,42,31,47,.506,.697,5,42 
358,SAS,1953,976,129,335,44,146,.493,.783,2,108 
359,DAL,2186,1037,323,161,69,96,.521,.720,19,140 
360,TOR,2156,648,433,155,60,54,.536,.788,44,149 
361,LAC,2857,1564,376,838,156,190,.523,.900,15,203 
362,TOT,739,213,162,30,19,44,.427,.652,9,88 
362,ATL,19,5,4,0,1,0,.333,.500,0,4 
362,MIN,720,208,158,30,18,44,.429,.659,9,84 
363,ORL,2489,731,349,533,142,203,.435,.551,20,193 
364,MIN,815,386,234,27,19,42,.424,.837,12,59 
365,TOT,1148,246,320,51,16,95,.451,.506,42,162 
365,OKC,981,202,279,43,14,74,.443,.507,38,135 
365,CLE,167,44,41,8,2,21,.488,.500,4,27 
366,WAS,1914,868,294,144,46,92,.496,.781,24,160 
367,BRK,1743,717,512,74,65,106,.576,.495,63,207 
368,TOT,1194,294,320,34,41,51,.535,.478,66,111 
368,PHO,1005,233,274,27,35,45,.549,.500,55,99 
368,MIL,189,61,46,7,6,6,.492,.375,11,12 
369,TOT,1793,538,195,94,19,51,.478,.740,24,150 
369,MEM,540,134,57,28,5,10,.500,.700,5,47 
369,NOP,1253,404,138,66,14,41,.468,.758,19,103 
370,WAS,1432,445,221,65,44,52,.491,.734,30,97 
371,TOT,236,90,50,9,9,11,.500,.758,6,40 
371,BOS,9,9,1,0,2,2,.800,.500,0,1 
371,DAL,227,81,49,9,7,9,.471,.774,6,39 
372,BOS,600,177,80,117,30,41,.440,.673,6,54 
373,TOT,324,133,32,46,7,14,.450,.667,0,15 
373,IND,193,105,14,27,4,10,.480,.667,0,9 
373,CLE,87,22,15,13,3,3,.391,.667,0,1 
373,PHO,44,6,3,6,0,1,.429,0.0,0,5 
374,LAL,982,221,69,165,67,52,.404,.800,4,118 
375,TOT,1197,274,119,171,79,62,.548,.854,1,88 
375,NYK,795,201,80,104,52,47,.543,.846,1,53 
375,HOU,402,73,39,67,27,15,.563,.867,0,35 
376,TOT,1397,434,210,93,29,35,.436,.754,16,55 
376,MEM,628,190,83,37,9,15,.400,.833,6,22 
376,BOS,198,76,30,18,5,4,.549,.833,2,7 
376,DET,571,168,97,38,15,16,.433,.655,8,26 
377,MIN,23,8,5,0,1,2,.375,1.000,0,8 
378,LAL,14,2,0,0,0,1,.333,.000,0,1 
379,TOT,126,24,38,4,5,3,.300,.500,3,16 
379,PHO,101,17,26,3,4,2,.286,.500,2,13 
379,BOS,25,7,12,1,1,1,.333,.500,1,3 
380,MEM,2304,1143,747,153,69,156,.490,.765,14,175 
381,LAC,2409,1277,167,137,39,95,.515,.901,8,134 
382,WAS,43,11,4,2,0,2,.250,.667,0,11 
383,PHI,416,172,66,38,13,16,.378,.773,3,28 
384,ORL,683,188,68,96,20,38,.487,.857,4,67 
385,TOT,1563,530,152,155,48,65,.449,.675,14,146 
385,NOP,772,239,68,87,18,30,.419,.746,7,65 
385,LAC,791,291,84,68,30,35,.477,.582,7,81 
386,OKC,1286,228,255,70,53,46,.612,.479,29,141 
387,CHO,1330,480,109,162,33,57,.440,.892,6,75 
388,TOT,261,73,39,11,6,11,.438,.667,1,15 
388,MIN,108,29,14,3,3,3,.389,.750,0,5 
388,PHI,153,44,25,8,3,8,.467,.500,1,10 
389,TOT,591,238,50,97,20,30,.399,.674,3,76 
389,DEN,465,192,39,77,14,22,.420,.650,3,68 
389,LAC,126,46,11,20,6,8,.323,.833,0,8 
390,TOT,798,308,303,33,32,59,.488,.528,20,104 
390,POR,391,115,133,9,16,33,.516,.438,11,54 
390,PHI,407,193,170,24,16,26,.473,.603,9,50 
391,TOT,2018,608,373,538,91,210,.444,.397,7,153 
391,BOS,699,182,165,237,37,75,.435,.333,3,42 
391,DAL,1319,426,208,301,54,135,.448,.452,4,111 
392,CHI,1530,904,161,251,36,161,.465,.813,16,63 
393,TOR,2092,807,226,86,53,69,.452,.786,25,136 
394,MIN,692,226,125,193,38,64,.387,.803,1,59 
395,IND,1047,323,47,53,16,47,.538,.696,5,79 
396,GSW,271,30,41,12,5,11,.296,.455,12,27 
397,LAL,1133,307,233,55,28,36,.413,.671,43,121 
398,NOP,270,42,21,13,9,5,.364,.500,4,25 
399,PHI,1131,386,163,77,38,76,.525,.670,26,135 
400,MIL,586,196,166,23,26,28,.500,.500,39,104 
401,ATL,1516,768,164,317,49,150,.449,.827,4,127 
402,IND,1659,763,526,105,47,94,.474,.699,18,192 
403,ATL,1123,529,199,75,25,39,.517,.792,3,83 
404,ATL,976,278,223,75,53,38,.462,.776,21,67 
405,WAS,1235,520,288,59,10,98,.516,.707,59,197 
406,TOT,1188,402,144,182,29,86,.387,.769,0,73 
406,SAC,642,196,69,96,13,51,.368,.727,0,45 
406,WAS,546,206,75,86,16,35,.412,.812,0,28 
407,TOT,1545,496,224,135,81,91,.458,.672,16,138 
407,NYK,625,224,81,78,30,42,.436,.676,3,67 
407,CLE,920,272,143,57,51,49,.484,.667,13,71 
408,TOT,767,434,99,106,30,48,.439,.807,6,48 
408,PHI,285,169,22,46,14,18,.479,.842,1,21 
408,HOU,59,29,4,3,1,5,.333,.818,0,2 
408,NYK,423,236,73,57,15,25,.423,.780,5,25 
409,PHI,1399,586,359,79,39,99,.488,.774,30,135 
410,TOT,1743,480,194,85,47,55,.371,.769,21,153 
410,DET,1287,385,139,67,33,42,.393,.806,14,98 
410,OKC,456,95,55,18,14,13,.286,.688,7,55 
411,IND,1107,391,143,190,23,65,.464,.779,0,47 
412,BOS,1808,523,222,208,99,90,.410,.646,18,176 
413,DAL,363,80,79,9,7,11,.612,.513,11,53 
414,TOT,832,338,100,180,36,78,.407,.596,6,50 
414,OKC,155,37,27,28,4,9,.350,.667,1,12 
414,PHI,677,301,73,152,32,69,.416,.583,5,38 
415,TOT,2080,847,218,195,82,97,.462,.750,22,163 
415,NYK,619,261,58,81,18,45,.429,.692,4,44 
415,CLE,1461,586,160,114,64,52,.494,.818,18,119 
416,NYK,1785,656,324,140,32,104,.440,.830,44,205 
417,TOT,2300,1027,530,277,87,206,.451,.498,116,228 
417,DET,896,367,202,132,37,72,.407,.468,48,82 
417,HOU,1404,660,328,145,50,134,.489,.521,68,146 
418,TOT,65,30,6,8,3,12,.429,.923,0,13 
418,NOP,29,5,3,2,0,7,.250,0.0,0,6 
418,MEM,36,25,3,6,3,5,.500,.923,0,7 
419,CHI,1412,435,176,62,32,48,.494,.800,11,86 
420,GSW,1207,791,325,72,20,82,.498,.843,34,189 
421,SAS,1030,428,252,78,35,60,.558,.750,37,103 
422,SAC,1127,319,88,67,20,40,.408,.859,17,92 
423,CHO,1573,501,277,240,38,128,.425,.627,8,134 
424,TOR,66,14,15,3,2,7,.750,.500,0,15 
425,SAC,33,8,2,9,2,4,.250,.500,0,1 
426,MEM,126,57,34,4,5,7,.568,.536,5,25 
427,TOT,1245,680,329,45,29,78,.562,.720,38,161 
427,NYK,865,432,245,37,20,63,.549,.740,34,111 
427,DAL,380,248,84,8,9,15,.584,.678,4,50 
428,IND,1874,896,248,219,56,118,.452,.819,10,131 
429,BOS,1566,770,441,134,44,78,.494,.744,42,153 
430,CHO,430,127,53,22,12,19,.436,.634,1,36 
431,ATL,2228,1162,184,513,125,205,.496,.862,31,139 
432,BRK,892,339,194,46,14,53,.476,.717,16,74 
433,OKC,327,134,30,45,10,18,.431,.706,0,29 
434,WAS,735,204,90,56,42,34,.427,.729,9,76 
435,HOU,1641,541,121,147,66,74,.504,.813,19,116 
436,TOT,1726,1101,153,284,57,143,.457,.868,5,150 
436,PHO,1181,701,109,171,45,89,.449,.872,5,105 
436,BOS,545,400,44,113,12,54,.473,.861,0,45 
437,TOT,1490,443,195,69,37,74,.417,.727,8,101 
437,OKC,450,113,75,20,11,17,.360,.697,0,38 
437,NYK,1040,330,120,49,26,57,.441,.742,8,63 
438,PHI,194,45,56,7,3,13,.545,.692,1,17 
439,MEM,7,4,0,1,0,0,1.000,1.000,0,0 
440,PHI,1776,626,198,85,57,66,.426,.708,26,141 
441,SAC,1991,491,530,85,33,84,.471,.622,57,239 
442,GSW,2455,1668,247,222,87,149,.481,.879,60,122 
443,CLE,2194,693,657,39,34,83,.547,.641,61,189 
444,TOT,721,380,86,36,27,27,.426,.821,7,38 
444,BOS,640,348,73,34,21,22,.414,.824,7,35 
444,PHO,81,32,13,2,6,5,.524,.800,0,3 
445,TOT,1432,482,236,59,24,51,.534,.783,16,137 
445,PHO,272,80,44,10,4,11,.167,.667,1,20 
445,DET,1160,402,192,49,20,40,.582,.794,15,117 
446,PHO,2383,713,502,122,107,96,.506,.727,23,179 
447,MIN,19,0,1,2,0,0,0.0,0.0,0,0 
448,LAC,705,232,99,37,19,29,.469,.545,7,66 
449,BOS,2260,779,417,449,83,198,.458,.752,19,180 
450,LAC,128,29,26,8,8,7,.458,.778,7,20 
451,MEM,1494,605,143,220,46,89,.539,.853,8,88 
452,TOR,2096,963,693,39,33,109,.573,.786,95,222 
453,CLE,636,255,170,35,19,35,.561,.733,16,58 
454,TOR,1991,775,216,302,46,119,.436,.758,10,177 
455,DAL,678,403,149,19,15,28,.475,.571,22,64 
456,CHO,259,83,86,4,4,11,.397,.692,9,20 
457,ORL,2529,1428,810,147,54,148,.524,.752,54,220 
458,MIA,1971,1331,219,299,73,209,.489,.768,21,105 
459,TOT,2208,940,192,163,90,113,.431,.680,21,155 
459,CLE,786,345,57,74,44,50,.453,.783,10,59 
459,OKC,1422,595,135,89,46,63,.419,.625,11,96 
460,MIA,628,175,82,29,24,24,.361,.778,9,76 
461,CHO,2119,1075,220,318,89,100,.418,.827,31,92 
462,WAS,2837,1387,366,792,138,304,.478,.785,45,180 
463,BOS,286,35,57,11,15,18,.419,.400,4,19 
464,PHO,614,245,85,25,18,27,.560,.737,9,51 
465,IND,1422,570,163,208,57,100,.459,.826,9,107 
466,SAC,7,0,2,1,0,0,.000,0.0,0,1 
467,NYK,672,199,106,40,15,35,.408,.769,11,55 
468,WAS,352,106,46,17,7,22,.292,.750,1,24 
469,IND,1895,769,449,223,48,120,.479,.739,48,160 
470,OKC,2302,1886,488,574,140,293,.457,.835,14,184 
471,MIA,1142,564,482,6,27,58,.628,.500,123,129 
472,IND,108,57,29,6,5,5,.500,.783,2,18 
473,MIN,2969,1387,374,170,86,177,.453,.760,50,190 
474,LAC,101,41,7,8,3,10,.474,1.000,1,7 
475,BRK,2114,884,237,448,64,154,.395,.834,17,157 
476,SAC,1462,617,202,50,34,56,.511,.684,4,67 
477,TOT,119,37,8,12,4,4,.316,.250,0,12 
477,UTA,42,18,3,4,2,4,.167,.500,0,1 
477,NOP,77,19,5,8,2,0,.385,.000,0,11 
478,TOR,2016,1242,151,164,88,101,.464,.861,10,103 
479,CHO,2035,577,386,100,69,60,.500,.713,36,146 
480,TOT,1980,964,174,424,46,172,.434,.872,14,162 
480,MIN,1149,499,98,261,30,102,.437,.851,8,103 
480,CHO,831,465,76,163,16,70,.430,.892,6,59 
481,SAS,105,37,17,10,1,2,.600,1.000,0,12 
482,TOT,1087,341,166,44,25,30,.467,.875,21,135 
482,MIA,924,292,139,36,21,23,.477,.848,17,116 
482,DET,163,49,27,8,4,7,.441,1.000,4,19 
483,NOP,259,98,64,11,4,12,.500,.680,18,26 
484,TOT,247,42,34,21,8,13,.400,.333,2,18 
484,MIL,142,25,16,10,5,3,.462,.250,0,11 
484,NOP,105,17,18,11,3,10,.333,.500,2,7 
485,TOT,1449,544,321,41,50,34,.647,.696,94,102 
485,DAL,505,238,110,10,17,13,.748,.750,42,44 
485,BOS,86,26,17,8,1,5,.571,.500,5,4 
485,PHO,858,280,194,23,32,16,.588,.667,47,54 
486,POR,592,219,111,41,20,18,.378,.810,11,55 
487,PHI,895,507,86,157,48,113,.473,.667,8,72 
488,BOS,332,105,42,13,8,5,.528,.552,2,22 
489,LAL,1000,563,96,41,23,44,.363,.892,11,83 
490,TOT,2434,1071,411,173,124,117,.484,.655,25,171 
490,MIN,1605,685,245,135,86,75,.469,.682,17,115 
490,BRK,829,386,166,38,38,42,.516,.606,8,56 
491,CHO,1487,472,362,100,34,62,.460,.774,49,156 
