Rk,Tm,MP,PTS,TRB,AST,STL,TOV,2P%,FT%,BLK,PF 
1,HOU,63,21,22,1,0,2,.438,.583,2,13 
2,DEN,2086,943,197,149,36,85,.504,.798,13,134 
3,UTA,30,10,2,1,0,5,.400,0.0,0,4 
4,TOR,122,33,47,3,2,5,.361,.875,9,11 
5,OKC,173,57,48,3,8,9,.524,.929,16,22 
6,POR,1994,1191,442,134,51,111,.516,.814,45,153 
7,PHI,624,169,171,34,13,20,.473,.786,18,73 
8,BOS,1565,655,142,109,49,68,.463,.915,8,83 
9,MEM,1525,568,233,79,104,94,.479,.800,33,142 
10,WAS,67,14,8,2,7,1,.357,.333,0,6 
11,NOH,1477,399,308,66,59,91,.431,.754,34,136 
12,IND,753,213,222,14,27,45,.430,.427,44,125 
13,DEN,486,168,148,6,19,17,.546,.610,46,52 
14,TOR,461,163,34,26,5,25,.383,.853,3,35 
15,SAS,603,190,79,41,8,30,.443,.750,2,35 
16,ORL,1964,980,471,54,50,57,.496,.877,26,146 
17,NYK,1876,1245,344,200,62,144,.454,.804,24,156 
18,MIA,1349,219,250,9,36,45,.559,.690,84,126 
19,MEM,211,72,18,18,11,12,.520,.700,1,35 
20,NOH,1350,444,215,135,69,76,.440,.775,25,73 
21,CHI,971,205,350,32,30,68,.506,.456,68,121 
22,CHA,1408,532,109,307,36,110,.396,.875,1,65 
23,NOH,1088,319,265,74,53,46,.538,.619,46,118 
24,IND,106,34,33,4,3,2,.417,.571,2,16 
25,DAL,18,7,0,0,1,4,.400,0.0,0,1 
26,POR,537,202,95,16,10,27,.384,.850,4,46 
27,NYK,115,42,26,5,4,6,.609,.727,3,14 
28,TOT,1382,708,128,96,56,94,.441,.815,7,135 
28,TOR,946,512,79,63,36,68,.461,.835,7,101 
28,IND,436,196,49,33,20,26,.387,.758,0,34 
29,MIN,1032,463,114,232,21,103,.415,.776,0,61 
30,TOR,1032,603,172,61,18,69,.474,.873,15,52 
31,LAL,1440,491,344,126,35,73,.518,.742,48,152 
32,GSW,9,4,1,0,0,0,.500,0.0,0,5 
33,BOS,1868,738,365,55,34,65,.479,.810,54,135 
34,PHI,295,42,67,16,4,4,.380,1.000,6,26 
35,MIA,1499,311,156,82,64,37,.468,.622,33,105 
36,POR,1791,818,271,84,57,90,.496,.836,60,105 
37,TOR,705,353,66,118,24,53,.424,.852,4,70 
38,MIN,1087,541,207,45,18,80,.462,.642,19,83 
39,DAL,1151,472,151,152,56,70,.479,.841,28,98 
40,NOH,1966,780,172,101,48,69,.445,.783,5,115 
41,UTA,796,217,49,38,13,21,.540,.840,2,78 
42,GSW,9,0,3,0,0,0,.000,0.0,0,0 
43,NYK,557,103,59,80,21,20,.205,.750,3,45 
44,GSW,739,79,176,16,23,14,.609,.111,45,125 
45,LAC,607,299,50,80,9,38,.340,.895,3,40 
46,CHA,1455,327,368,27,20,71,.464,.483,115,145 
47,SAS,1363,611,351,78,59,92,.535,.613,12,168 
48,LAL,1237,276,85,175,39,72,.436,.778,2,75 
49,WAS,626,221,150,28,20,37,.382,.673,17,54 
50,LAC,464,132,65,66,31,47,.448,.636,14,58 
51,NJN,94,21,11,3,2,3,.556,.400,0,15 
52,MIL,364,136,100,31,12,24,.452,.609,24,36 
53,SAS,1326,429,214,61,15,14,.490,.762,21,68 
54,WAS,1261,419,325,40,48,58,.531,.602,43,138 
55,CHI,1948,991,564,125,63,115,.533,.693,24,168 
56,MIA,2007,1025,452,103,51,117,.496,.821,45,128 
57,HOU,111,39,11,17,1,7,.370,.867,0,5 
58,PHI,88,22,15,8,0,4,.250,.500,1,6 
59,BOS,1368,484,115,87,43,75,.511,.795,12,109 
60,PHI,1732,659,429,97,58,65,.495,.733,97,176 
61,DEN,1287,525,150,88,72,56,.500,.692,17,113 
62,CHI,1635,455,231,137,72,59,.455,.560,21,64 
63,MIL,239,37,75,9,4,10,.341,.467,1,33 
64,NJN,1648,708,200,131,52,118,.463,.764,15,116 
65,CHA,1443,524,236,67,48,55,.535,.667,12,96 
66,GSW,187,57,57,4,8,14,.525,.441,0,21 
67,PHO,1400,650,157,69,44,64,.446,.808,15,66 
68,LAL,2232,1616,313,264,69,204,.464,.845,18,105 
69,HOU,1298,558,217,74,29,55,.476,.771,7,65 
70,UTA,939,425,132,55,27,51,.442,.727,5,84 
71,LAC,1871,753,230,78,52,77,.435,.813,9,123 
72,CHI,359,109,56,14,11,14,.441,.768,5,20 
73,TOR,453,110,66,19,7,15,.357,.583,5,39 
74,SAS,37,10,11,1,2,0,.600,1.000,0,2 
75,LAL,2112,1123,709,85,27,152,.560,.692,116,104 
76,DET,514,204,56,66,23,54,.406,.766,3,61 
77,TOR,1799,555,160,468,47,104,.500,.882,3,94 
78,TOT,1352,287,530,107,50,57,.447,.453,85,126 
78,POR,894,152,354,75,33,47,.416,.474,56,88 
78,HOU,458,135,176,32,17,10,.488,.423,29,38 
79,DAL,277,43,34,16,8,8,.667,.833,2,38 
80,TOT,348,107,53,18,12,11,.419,.875,1,37 
80,DEN,21,12,3,3,0,2,1.000,0.0,0,1 
80,UTA,327,95,50,15,12,9,.375,.875,1,36 
81,CHA,596,142,58,38,16,24,.386,.789,7,52 
82,TOR,209,47,33,34,8,17,.333,.800,4,20 
83,DAL,1542,615,205,139,56,84,.442,.826,25,134 
84,CLE,1341,459,228,66,37,64,.463,.685,21,115 
85,MIA,1825,627,171,222,97,142,.513,.792,11,166 
86,NYK,2061,699,612,56,56,102,.683,.689,89,186 
87,DEN,215,75,41,17,6,18,.418,.833,6,18 
88,PHO,491,100,95,34,14,9,.587,.000,6,38 
89,ORL,559,123,124,18,12,25,.367,.724,32,72 
90,MIA,1260,441,91,133,44,105,.417,.776,2,124 
91,ATL,308,39,48,10,4,10,.400,.467,3,34 
92,IND,1878,621,187,287,49,114,.457,.830,14,101 
93,OKC,1307,284,274,82,33,61,.600,.710,28,153 
94,MEM,2174,788,156,404,136,125,.450,.861,11,133 
95,TOT,276,81,63,10,6,11,.438,.900,5,48 
95,LAC,121,31,23,2,2,4,.273,1.000,4,26 
95,WAS,155,50,40,8,4,7,.577,.833,1,22 
96,OKC,989,311,122,15,22,16,.441,.636,11,69 
97,SAC,1950,1160,703,102,93,170,.453,.702,75,257 
98,POR,1613,837,118,191,55,111,.426,.927,14,74 
99,WAS,1753,938,168,190,59,141,.451,.793,5,111 
100,MEM,1124,333,246,37,42,29,.520,.652,34,98 
101,MIA,83,30,12,1,0,10,.462,.750,2,17 
102,GSW,732,383,88,138,39,65,.514,.809,8,62 
103,HOU,1446,490,456,33,37,82,.508,.796,111,162 
104,ATL,83,2,25,4,1,3,.125,0.0,4,9 
105,BOS,484,121,66,47,21,28,.391,.739,9,36 
106,NYK,595,178,56,135,34,76,.424,.667,3,61 
107,TOR,1534,415,438,60,40,67,.515,.670,63,156 
108,ORL,1427,566,331,47,43,75,.429,.683,19,106 
109,MEM,130,28,27,6,7,3,.429,.500,1,19 
110,SAS,39,15,10,0,1,3,.583,.500,2,6 
111,DET,603,194,91,33,22,40,.364,.814,21,62 
112,MIL,1537,488,208,123,79,66,.449,.792,10,99 
113,CHI,2129,828,350,157,56,96,.430,.770,36,81 
114,TOT,91,26,8,10,2,7,.571,.667,0,10 
114,SAS,19,4,1,1,1,1,1.000,0.0,0,2 
114,TOR,72,22,7,9,1,6,.500,.667,0,8 
115,TOR,2206,1054,211,128,48,123,.440,.810,17,162 
116,TOT,1424,365,280,205,34,112,.496,.629,25,125 
116,CHA,1018,272,195,158,20,84,.472,.630,19,71 
116,SAS,406,93,85,47,14,28,.582,.625,6,54 
117,SAS,14,2,1,0,0,1,.000,1.000,0,1 
118,CHA,325,31,85,23,6,19,.357,.167,13,36 
119,BOS,662,182,39,51,13,34,.476,.742,2,57 
120,NYK,656,237,72,77,29,56,.387,.846,1,55 
121,HOU,1752,775,168,351,85,157,.525,.805,10,166 
122,PHO,2020,823,301,112,49,72,.535,.726,19,107 
123,ORL,1226,237,102,151,35,81,.417,.810,9,71 
124,SAS,1634,895,520,132,38,97,.495,.695,88,98 
125,MIL,1445,677,204,117,28,58,.527,.811,8,87 
126,OKC,2546,1850,527,231,88,248,.535,.860,77,133 
127,NOH,180,67,19,18,11,20,.450,.778,2,19 
128,LAL,396,97,54,12,11,18,.463,.657,6,26 
129,MIN,973,311,99,33,26,26,.448,.800,10,56 
130,TOT,2120,1181,200,346,85,177,.462,.796,18,136 
130,GSW,1365,811,127,223,56,123,.465,.812,12,84 
130,MIL,755,370,73,123,29,54,.457,.764,6,52 
131,PHI,16,2,1,1,1,1,.333,0.0,1,0 
132,NJN,45,13,6,1,2,2,.667,.625,1,2 
133,CLE,333,99,72,9,10,16,.527,.512,5,60 
134,UTA,217,62,50,13,6,5,.659,.500,24,23 
135,WAS,343,117,24,9,14,10,.418,.769,0,36 
136,LAC,771,104,271,17,31,44,.472,.507,6,118 
137,SAC,2162,1037,289,283,84,171,.484,.779,29,136 
138,TOT,102,17,14,5,3,3,.227,.500,5,7 
138,CLE,83,9,12,4,3,2,.118,.333,4,7 
138,LAL,19,8,2,1,0,1,.600,1.000,1,0 
139,DEN,1037,471,352,36,34,54,.586,.665,47,116 
140,NJN,831,406,61,129,24,68,.484,.905,2,49 
141,UTA,1376,570,425,43,38,103,.499,.649,65,145 
142,POR,1906,684,149,390,78,170,.453,.806,10,122 
143,DEN,710,268,65,75,31,40,.573,.698,3,37 
144,IND,17,8,9,1,2,0,.400,.667,0,2 
145,NYK,1894,580,278,169,79,102,.523,.562,17,99 
146,TOT,1508,350,121,170,51,73,.393,.851,4,117 
146,LAL,1101,252,92,142,40,58,.410,.830,3,85 
146,OKC,407,98,29,28,11,15,.356,.929,1,32 
147,TOT,416,131,39,96,6,36,.371,.744,2,23 
147,HOU,135,37,8,28,3,9,.313,.786,1,8 
147,POR,281,94,31,68,3,27,.400,.720,1,15 
148,NOH,39,4,6,0,0,2,.333,0.0,1,5 
149,TOR,713,319,102,54,24,54,.441,.725,4,56 
150,SAS,191,51,18,45,9,23,.486,.786,2,23 
151,TOT,95,35,15,10,3,10,.421,.667,0,5 
151,LAC,46,17,8,5,0,5,.500,.667,0,3 
151,HOU,49,18,7,5,3,5,.364,.667,0,2 
152,IND,141,25,42,4,8,7,.471,.667,1,26 
153,LAC,1682,712,138,146,46,73,.410,.859,24,130 
154,SAC,1135,462,73,108,30,67,.409,.833,3,73 
155,PHO,1669,674,379,88,42,63,.469,.890,70,176 
156,NYK,13,0,5,0,1,1,.000,.000,1,4 
157,NJN,793,291,108,126,55,52,.392,.615,2,58 
158,DEN,1351,628,202,116,42,68,.470,.871,23,86 
159,SAC,798,234,99,31,36,22,.490,.800,37,73 
160,BOS,1864,947,494,175,56,107,.505,.857,61,141 
161,MEM,2370,952,579,204,62,121,.489,.748,121,201 
162,LAL,2430,1129,678,237,37,142,.508,.782,88,127 
163,MEM,2422,1232,417,147,95,161,.482,.791,55,138 
164,CLE,1827,665,322,113,83,114,.442,.788,17,149 
165,IND,1958,798,370,158,108,117,.472,.802,38,191 
166,CLE,916,263,101,76,26,45,.294,.791,16,69 
167,CHI,1284,484,332,47,27,60,.495,.622,81,131 
168,SAS,792,440,116,151,24,64,.616,.871,12,56 
169,TOT,252,56,58,5,4,7,.424,.500,20,32 
169,MIA,28,2,11,2,1,3,.333,0.0,1,8 
169,GSW,224,54,47,3,3,4,.429,.500,19,24 
170,LAC,425,74,61,12,16,15,.409,.727,0,34 
171,MIL,1469,766,363,144,46,109,.450,.846,34,112 
172,DET,1398,648,121,127,34,115,.446,.860,11,114 
173,NOH,310,185,25,31,13,24,.530,.754,4,20 
174,PHO,2114,1017,659,59,48,90,.557,.649,99,142 
175,LAL,419,175,31,20,4,21,.404,.917,0,32 
176,IND,2062,1159,307,109,62,110,.434,.873,40,144 
177,TOR,813,191,281,27,22,51,.516,.532,17,127 
178,SAS,1522,603,228,86,58,67,.449,.790,46,107 
179,NJN,781,400,108,34,28,55,.529,.754,17,80 
180,ATL,922,404,80,40,23,33,.486,.857,6,74 
181,SAC,777,285,133,34,18,32,.516,.800,29,67 
182,LAC,2392,1368,717,210,54,150,.556,.521,48,216 
183,MEM,206,70,71,8,1,21,.553,.692,26,43 
184,DEN,258,115,62,20,4,16,.484,.400,3,15 
185,CHI,697,326,66,84,12,49,.466,.784,1,56 
186,IND,1442,614,290,30,54,65,.406,.813,9,159 
187,CLE,231,60,53,6,6,4,.409,.750,3,17 
188,OKC,1946,1044,252,229,62,137,.579,.846,15,150 
189,ORL,84,20,12,2,2,6,.389,.000,3,5 
190,NYK,540,162,144,11,23,20,.478,.615,20,48 
191,DEN,1761,910,390,88,58,112,.519,.676,12,181 
192,UTA,1741,715,112,316,64,122,.498,.746,13,136 
193,CLE,456,173,70,31,13,27,.421,.695,6,28 
194,MIA,318,80,51,26,9,25,.477,.667,2,34 
195,MIL,479,208,101,22,13,31,.500,.815,7,45 
196,MIA,1589,385,470,42,35,60,.423,.814,24,142 
197,PHI,920,355,270,98,16,55,.498,.727,48,100 
198,SAC,1039,172,234,77,36,50,.435,.667,17,111 
199,UTA,2015,782,230,207,53,109,.496,.832,41,106 
200,OKC,141,37,16,4,3,9,.375,.583,1,18 
201,DAL,1146,281,324,19,24,46,.518,.469,54,121 
202,CHA,1831,830,225,126,49,100,.475,.760,20,128 
203,NOH,759,239,106,35,26,35,.393,.612,8,59 
204,IND,1937,834,572,108,32,128,.498,.711,128,195 
205,TOT,1244,452,335,45,30,70,.469,.642,35,85 
205,SAC,644,165,177,22,18,39,.372,.638,17,44 
205,POR,600,287,158,23,12,31,.546,.645,18,41 
206,CHA,423,150,35,36,5,39,.343,.700,6,40 
207,TOT,1110,535,291,80,42,96,.542,.673,38,95 
207,DEN,826,376,208,61,36,77,.513,.677,25,69 
207,WAS,284,159,83,19,6,19,.618,.657,13,26 
208,IND,1274,481,151,145,42,52,.489,.778,17,98 
209,PHO,1378,499,171,107,41,65,.470,.761,29,88 
210,TOT,551,194,186,16,14,31,.506,.638,27,71 
210,HOU,469,161,155,14,9,24,.515,.641,21,60 
210,LAL,82,33,31,2,5,7,.467,.625,6,11 
211,ATL,1237,316,101,132,38,58,.472,.781,11,100 
212,MIL,39,4,3,6,0,2,.286,0.0,0,1 
213,PHI,2196,879,212,290,103,135,.445,.783,18,137 
214,TOT,522,131,82,9,5,35,.548,.520,17,78 
214,CLE,362,89,56,6,4,24,.500,.600,12,55 
214,BOS,160,42,26,3,1,11,.643,.300,5,23 
215,SAC,88,20,14,7,4,2,.333,.600,3,3 
216,ATL,348,136,77,24,10,16,.559,.733,14,21 
217,NJN,22,5,5,0,0,1,.333,.750,0,1 
218,ORL,2070,1113,785,104,81,175,.579,.491,116,159 
219,UTA,991,372,158,50,32,53,.417,.773,10,91 
220,MIA,190,42,47,10,4,20,.309,.800,1,18 
221,TOT,334,174,46,36,14,32,.469,.829,3,26 
221,CLE,314,165,46,35,14,30,.489,.842,3,26 
221,MEM,20,9,0,1,0,2,.250,.667,0,0 
222,ORL,114,12,5,7,2,12,.267,.500,0,10 
223,NJN,2162,855,681,90,50,119,.481,.752,74,173 
224,OKC,1792,603,498,28,33,79,.536,.661,241,179 
225,PHI,2209,771,381,339,107,115,.481,.617,30,92 
226,MIL,1655,782,529,71,42,76,.501,.781,44,133 
227,CLE,1558,944,191,275,54,160,.491,.872,20,110 
228,OKC,354,71,24,10,14,9,.400,.125,0,36 
229,NOH,1530,700,176,285,31,106,.482,.872,9,93 
230,OKC,501,140,53,71,25,36,.392,.862,1,31 
231,TOT,1212,461,163,118,54,103,.431,.825,13,99 
231,MIL,712,274,82,77,26,66,.409,.833,6,61 
231,SAS,500,187,81,41,28,37,.473,.815,7,38 
232,NJN,170,34,33,3,7,12,.382,.667,7,17 
233,MIA,2326,1683,492,387,115,213,.556,.771,50,96 
234,CHI,120,53,10,29,4,14,.359,.875,2,20 
235,CLE,2151,1118,408,131,51,90,.425,.683,43,164 
236,UTA,2075,1170,585,134,47,62,.493,.774,101,155 
237,TOT,1748,578,219,88,37,50,.411,.694,19,121 
237,SAS,1168,379,143,55,25,32,.403,.700,12,83 
237,GSW,580,199,76,33,12,18,.422,.686,7,38 
238,NYK,729,170,152,26,29,29,.438,.681,25,89 
239,GSW,893,297,68,170,33,60,.469,.872,6,85 
240,MIL,2331,1260,226,365,104,146,.464,.808,22,114 
241,DET,1468,556,308,43,41,66,.519,.806,21,162 
242,DAL,203,79,49,5,7,14,.389,.667,8,23 
243,TOR,1553,452,408,79,33,94,.579,.690,69,209 
244,TOT,124,47,13,11,5,6,.475,1.000,0,9 
244,POR,5,2,1,0,1,1,1.000,0.0,0,0 
244,NJN,119,45,12,11,4,5,.462,1.000,0,9 
245,NOH,119,27,9,22,8,7,.350,.333,0,11 
246,TOT,175,55,40,2,6,15,.488,.789,9,33 
246,POR,93,32,18,1,1,7,.478,.833,8,20 
246,NOH,82,23,22,1,5,8,.500,.714,1,13 
247,ATL,934,356,226,32,43,69,.517,.720,18,116 
248,BOS,298,114,58,6,5,14,.446,.667,14,25 
249,TOR,1561,566,292,122,71,101,.467,.704,84,177 
250,ATL,2127,1129,221,232,48,116,.489,.849,13,75 
251,NOH,61,21,12,4,1,5,.571,1.000,0,10 
252,MIN,1469,393,177,59,35,60,.461,.706,48,115 
253,IND,1052,346,117,63,23,46,.402,.838,11,119 
254,DAL,268,88,44,42,10,28,.431,.784,5,28 
255,MIA,666,185,49,19,17,10,.306,.833,9,45 
256,TOT,292,67,58,9,9,18,.393,.826,11,43 
256,LAC,96,6,17,2,4,5,.125,.800,5,12 
256,NOH,196,61,41,7,5,13,.434,.833,6,31 
257,LAC,1798,486,546,17,30,74,.634,.525,134,189 
258,NYK,108,42,27,4,1,2,.515,.800,6,15 
259,SAS,266,58,25,34,7,12,.345,.647,3,16 
260,NOH,1372,616,364,101,25,129,.446,.785,77,106 
261,UTA,874,304,278,8,18,54,.498,.667,23,87 
262,LAL,269,54,14,11,3,6,.464,1.000,0,21 
263,CLE,59,12,7,3,2,3,.375,.000,0,7 
264,DAL,1379,299,198,264,82,91,.400,.786,10,83 
265,TOR,1057,473,199,46,23,64,.446,.810,4,119 
266,DET,2129,847,211,251,49,171,.434,.759,10,154 
267,CHI,1469,529,159,112,36,53,.426,.833,15,110 
268,DEN,792,263,258,15,24,33,.599,.600,41,96 
269,NOH,999,511,214,38,13,64,.507,.799,12,89 
270,DEN,2124,999,227,401,82,149,.531,.824,6,94 
271,HOU,1757,660,159,88,68,64,.452,.826,22,106 
272,GSW,2121,1147,545,162,54,149,.506,.782,22,179 
273,MIN,243,62,26,31,8,17,.429,.824,4,22 
274,SAS,1534,507,327,70,85,44,.536,.773,24,88 
275,LAC,45,14,9,5,2,2,.357,.444,2,4 
276,MIL,555,218,120,25,14,18,.516,.750,17,67 
277,WAS,729,217,109,27,23,32,.448,.838,10,49 
278,ORL,115,33,15,5,6,10,.571,.474,0,6 
279,NYK,940,512,107,216,55,126,.477,.798,9,78 
280,MIL,1092,318,123,122,27,66,.466,.785,20,79 
281,NJN,136,96,18,6,1,6,.494,.625,4,8 
282,PHO,895,348,209,20,18,43,.461,.714,60,128 
283,MIN,2145,1432,734,111,47,128,.475,.824,28,152 
284,HOU,1510,670,213,310,73,130,.434,.864,14,133 
285,CHI,726,369,76,108,19,42,.404,.875,1,42 
286,WAS,779,230,92,131,28,48,.427,.712,2,50 
287,DET,135,46,34,5,4,3,.543,.571,4,9 
288,CHA,881,480,125,39,23,59,.375,.856,1,83 
289,TOR,374,41,113,6,4,22,.378,.259,10,66 
290,DAL,1139,354,289,12,38,50,.549,.639,31,176 
291,DAL,1919,670,465,132,67,98,.464,.796,36,87 
292,WAS,391,158,58,10,11,13,.508,.579,2,35 
293,LAC,940,217,181,18,44,32,.454,.370,43,103 
294,HOU,1264,682,106,110,28,70,.462,.894,3,70 
295,WAS,697,286,69,47,13,32,.423,.778,5,33 
296,POR,2228,904,224,113,96,73,.434,.860,15,148 
297,DET,1466,424,333,41,32,71,.480,.547,50,151 
298,OKC,137,38,13,22,5,11,.364,1.000,0,13 
299,MEM,1771,833,210,169,71,124,.434,.773,23,137 
300,MIL,1009,333,227,29,40,39,.514,.641,22,93 
301,TOT,1535,691,477,31,35,87,.556,.461,132,166 
301,WAS,1124,486,362,25,25,68,.535,.500,101,118 
301,DEN,411,205,115,6,10,19,.612,.373,31,48 
302,ATL,837,273,154,110,16,53,.434,.675,15,35 
303,GSW,1127,227,246,110,44,56,.456,.736,36,104 
304,LAL,718,138,171,51,15,31,.477,.639,18,74 
305,PHI,1644,556,161,54,40,29,.468,.906,3,82 
306,UTA,1145,508,116,69,46,53,.416,.794,18,122 
307,MIN,472,134,97,17,9,32,.454,.432,25,59 
308,DEN,1809,639,221,441,63,177,.478,.811,9,133 
309,MIN,146,35,19,24,4,12,.167,.833,2,10 
310,MIA,752,237,128,42,14,30,.413,.400,6,58 
311,SAS,261,165,28,39,10,26,.527,1.000,1,14 
312,UTA,2100,1061,563,150,118,112,.505,.792,52,222 
313,OKC,692,171,170,14,20,26,.470,.565,37,101 
314,DET,2082,1015,637,152,83,161,.522,.739,46,180 
315,CHA,123,18,22,5,1,8,.357,1.000,5,5 
316,BOS,331,110,33,34,11,21,.382,1.000,3,33 
317,GSW,118,24,22,5,3,7,.450,.857,3,24 
318,LAL,169,46,16,21,2,19,.424,.667,0,16 
319,HOU,126,40,16,3,2,4,.378,.750,2,12 
320,PHO,1227,467,279,65,41,70,.420,.717,42,179 
321,NJN,1636,747,127,61,46,70,.446,.933,9,86 
322,DEN,687,239,179,22,15,53,.526,.684,42,86 
323,CHA,1465,606,327,57,21,74,.443,.821,52,137 
324,LAL,956,188,191,51,15,26,.471,.667,16,98 
325,WAS,3,0,0,0,0,0,.000,0.0,0,0 
326,CHA,270,58,50,12,19,7,.457,.500,4,40 
327,PHO,1961,772,186,664,38,229,.580,.894,8,53 
328,SAS,1206,557,118,117,27,60,.448,.781,2,75 
329,ORL,1706,676,181,325,38,135,.459,.807,5,130 
330,CHI,1945,652,629,160,41,92,.509,.748,92,162 
331,PHI,56,17,14,1,1,5,.286,.545,1,4 
332,NYK,1020,477,104,12,16,21,.509,.846,9,59 
333,DAL,2079,1342,418,136,42,117,.481,.896,30,129 
334,BOS,570,125,135,10,8,21,.433,.677,43,80 
335,DAL,1027,332,208,83,20,52,.399,.592,18,97 
336,NOH,781,266,213,24,16,37,.533,.514,26,73 
337,NJN,454,130,81,30,9,25,.433,.600,5,45 
338,ORL,187,45,39,5,8,7,.586,.440,9,30 
339,SAC,500,167,61,16,19,20,.383,.674,21,34 
340,NJN,75,13,13,4,0,2,.333,.750,1,10 
341,ATL,1640,455,457,79,55,81,.499,.741,29,172 
342,ATL,671,282,73,96,20,49,.452,.950,2,64 
343,MEM,424,126,37,55,15,46,.357,.593,0,46 
344,CLE,1280,367,138,120,38,50,.484,.625,7,65 
345,SAS,1923,1095,171,463,57,153,.498,.799,5,75 
346,HOU,1804,599,300,134,73,81,.507,.551,29,142 
347,HOU,1483,490,286,53,27,49,.443,.702,36,113 
348,LAC,2181,1189,213,543,152,124,.511,.861,4,138 
349,BOS,527,120,72,18,20,20,.471,.375,15,54 
350,MIN,1264,651,346,31,29,87,.564,.743,31,98 
351,OKC,1744,329,426,78,25,118,.489,.652,73,189 
352,NJN,920,250,224,45,21,38,.417,.838,23,122 
353,BOS,2075,1181,317,274,70,173,.476,.852,26,147 
354,BOS,921,289,130,25,21,33,.489,.645,10,81 
355,MIA,301,106,71,9,8,17,.468,.643,8,73 
356,MEM,1002,271,126,27,27,30,.518,.623,5,90 
357,IND,568,172,61,86,20,32,.384,.800,2,30 
358,PHO,517,131,56,67,34,46,.419,.800,3,72 
359,DET,2087,798,281,153,27,74,.431,.774,32,77 
360,POR,449,55,138,6,4,22,.458,.611,16,66 
361,ATL,755,220,143,54,21,35,.387,.759,15,62 
362,MIN,517,252,123,19,13,40,.472,.762,35,56 
363,MEM,735,324,225,48,21,40,.469,.659,4,57 
364,PHO,770,418,77,33,13,37,.447,.793,0,29 
365,ORL,1765,751,150,164,27,68,.430,.911,6,92 
366,OKC,17,8,2,0,0,1,.800,0.0,0,1 
367,ORL,1591,629,194,107,53,60,.442,.594,22,91 
368,ORL,866,215,123,38,28,29,.421,.833,6,74 
369,MIN,1750,639,141,252,56,96,.485,.891,16,136 
370,GSW,1192,570,100,231,59,75,.459,.832,2,118 
371,BOS,1957,630,257,620,95,193,.464,.597,3,99 
372,CHI,1375,852,131,307,35,119,.475,.812,28,52 
373,MIN,1404,436,171,336,91,131,.363,.803,8,97 
374,GSW,1717,634,251,88,35,68,.544,.793,58,64 
375,DET,357,84,26,58,18,33,.354,.636,1,29 
376,SAC,1250,344,134,93,37,45,.464,.644,7,77 
377,CLE,825,292,180,20,20,56,.455,.701,20,113 
378,MIL,643,186,160,33,32,43,.462,.474,76,133 
379,CHI,122,32,21,15,5,9,.565,.500,6,9 
380,HOU,2067,1025,428,140,35,153,.493,.773,24,214 
381,OKC,914,203,128,47,37,40,.429,.884,17,78 
382,MEM,237,63,15,30,7,29,.404,.786,0,17 
383,WAS,1176,453,280,33,19,66,.533,.671,76,133 
384,TOT,1707,721,214,354,44,141,.425,.782,3,100 
384,CLE,1006,430,127,212,27,82,.394,.830,1,63 
384,LAL,701,291,87,142,17,59,.477,.713,2,37 
385,NYK,1705,563,186,164,101,111,.440,.798,8,173 
386,PHI,39,11,4,3,0,3,.333,.667,0,5 
387,LAC,418,80,55,11,15,10,.267,.571,3,41 
388,WAS,1431,306,233,49,70,38,.389,.682,30,176 
389,WAS,262,98,81,15,9,10,.591,.933,8,27 
390,MEM,4,0,0,0,0,0,.000,0.0,0,1 
391,TOT,669,183,67,105,13,49,.445,.767,3,37 
391,ATL,20,6,5,5,1,2,.429,0.0,0,3 
391,NOH,41,12,3,8,2,5,.417,.500,0,2 
391,CLE,608,165,59,92,10,42,.448,.808,3,32 
392,POR,464,156,110,19,16,24,.509,.717,5,55 
393,HOU,69,14,20,1,2,1,.636,0.0,5,17 
394,TOT,234,72,35,41,15,13,.389,.700,2,15 
394,GSW,63,27,9,9,4,1,.400,.500,0,4 
394,ORL,171,45,26,32,11,12,.383,.750,2,11 
395,NYK,967,436,136,84,54,46,.462,.709,6,87 
396,NOH,947,396,196,34,21,40,.531,.702,41,102 
397,NJN,46,7,7,4,5,0,.250,0.0,0,5 
398,ATL,2329,1239,632,257,93,164,.480,.630,115,172 
399,POR,541,167,56,62,18,42,.400,.714,3,55 
400,MEM,1345,526,374,48,21,74,.456,.771,29,147 
401,SAS,1121,549,306,65,21,87,.618,.691,47,134 
402,ATL,273,108,23,14,10,13,.387,.913,3,12 
403,IND,442,106,53,46,21,36,.453,.471,5,30 
404,NJN,960,148,101,41,19,19,.296,.563,4,59 
405,BOS,766,161,177,28,37,33,.545,.707,85,144 
406,DEN,179,36,25,37,8,11,.550,.727,6,18 
407,NYK,1543,823,367,52,38,112,.491,.765,45,138 
408,DET,1644,812,142,210,44,106,.452,.834,10,124 
409,NOH,209,68,23,10,7,8,.469,.778,0,31 
410,ATL,2183,831,159,321,106,134,.514,.757,37,145 
411,PHO,895,368,91,138,41,68,.456,.791,12,120 
412,DAL,2000,950,149,226,73,127,.471,.883,11,69 
413,TOT,139,35,42,0,1,8,.524,.650,10,20 
413,HOU,23,6,7,0,0,0,1.000,0.0,2,5 
413,POR,116,29,35,0,1,8,.444,.650,8,15 
414,SAC,1656,749,168,266,53,105,.491,.832,8,121 
415,POR,803,160,188,46,24,31,.465,.700,31,123 
416,NOH,630,166,126,12,10,24,.456,.839,7,78 
417,SAS,15,1,3,1,1,0,.000,.500,1,0 
418,CHA,1013,304,200,35,36,53,.367,.759,60,144 
419,LAC,119,57,24,3,3,6,.417,.714,3,10 
420,SAC,1657,583,443,79,43,68,.537,.602,44,149 
421,GSW,1608,826,161,133,49,103,.460,.868,20,155 
422,CLE,95,18,5,7,2,5,.231,0.0,1,8 
423,CLE,1424,494,389,27,27,81,.441,.552,62,134 
424,SAC,1780,952,188,98,71,84,.497,.865,12,111 
425,UTA,507,137,45,123,17,52,.452,.765,8,47 
426,MIN,882,208,153,22,18,35,.568,.745,19,86 
427,TOT,279,51,70,10,14,14,.594,.591,17,39 
427,WAS,58,6,12,5,6,6,1.000,0.0,3,7 
427,MIA,221,45,58,5,8,8,.552,.591,14,32 
428,ORL,1653,576,199,233,45,142,.480,.705,17,139 
429,PHI,1713,610,376,180,40,105,.466,.676,20,117 
430,GSW,568,205,140,16,16,36,.423,.558,20,84 
431,WAS,52,14,10,1,1,1,.308,1.000,1,1 
432,TOT,1290,340,254,57,40,53,.433,.754,102,174 
432,GSW,827,210,147,31,25,35,.443,.719,65,115 
432,MIL,463,130,107,26,15,18,.417,.800,37,59 
433,MIL,1080,348,102,227,37,77,.473,.709,1,69 
434,TOT,370,81,67,61,17,19,.357,.579,3,31 
434,CLE,13,4,4,2,1,0,.400,0.0,0,1 
434,TOR,357,77,63,59,16,19,.355,.579,3,30 
435,CLE,785,271,287,43,35,45,.523,.672,17,62 
436,NOH,1706,589,173,359,60,148,.469,.821,8,126 
437,WAS,1078,267,249,47,39,60,.539,.532,32,156 
438,DET,180,91,48,6,7,7,.435,.857,5,25 
439,PHI,812,283,246,31,20,33,.452,.529,34,111 
440,MIA,1625,1082,237,225,82,129,.513,.791,63,110 
441,ORL,469,194,45,29,10,35,.483,.704,3,26 
442,NYK,620,189,80,37,19,35,.552,.850,7,84 
443,CHA,1792,799,234,289,60,119,.392,.789,20,79 
444,WAS,2386,1076,300,530,95,255,.440,.789,57,137 
445,DET,980,85,269,43,47,34,.402,.340,51,60 
446,TOT,2076,800,386,164,85,111,.500,.800,36,145 
446,POR,1503,557,277,115,62,84,.533,.776,25,107 
446,NJN,573,243,109,49,23,27,.427,.859,11,38 
447,TOT,364,55,49,35,5,27,.378,0.0,1,41 
447,LAL,65,12,14,5,2,2,.600,0.0,0,9 
447,CLE,299,43,35,30,3,25,.314,0.0,1,32 
448,PHO,503,225,92,30,8,36,.429,.768,3,35 
449,NOH,98,23,27,3,5,8,.500,.500,4,14 
450,CHI,1159,474,105,200,45,97,.352,.808,8,103 
451,UTA,1033,149,121,217,54,85,.407,.674,22,105 
452,MIN,1140,324,168,40,31,46,.479,.792,17,86 
453,IND,1925,842,433,140,52,93,.491,.807,46,160 
454,DAL,1060,421,101,139,58,76,.489,.886,11,67 
455,OKC,2331,1558,301,362,112,239,.482,.823,21,147 
456,CHA,1098,392,209,47,17,43,.491,.705,23,94 
457,SAC,109,29,39,0,3,5,.444,.417,15,12 
458,BOS,481,152,122,12,11,30,.598,.615,9,64 
459,DET,922,193,100,44,29,30,.406,.630,13,85 
460,NJN,1999,1154,183,481,67,219,.446,.843,20,121 
461,MIN,1418,583,311,38,30,77,.467,.697,31,95 
462,POR,149,88,19,6,6,5,.617,.333,3,18 
463,NJN,635,197,156,11,21,23,.507,.652,15,61 
464,PHI,1682,956,155,221,53,71,.425,.812,18,90 
465,ATL,1500,579,294,71,47,39,.452,.788,18,84 
466,LAC,1472,685,99,160,51,86,.449,.900,7,103 
467,CHA,747,274,93,60,20,33,.493,.725,3,34 
468,TOT,107,40,25,5,4,10,.636,.923,8,18 
468,DAL,65,29,13,2,1,7,.750,.833,5,14 
468,BOS,42,11,12,3,3,3,.333,1.000,3,4 
469,NJN,514,113,68,16,10,13,.350,.727,11,44 
470,NJN,1276,268,350,35,47,66,.478,.731,39,149 
471,TOT,550,213,102,65,20,43,.454,.587,7,35 
471,HOU,181,54,28,10,4,10,.316,.500,1,16 
471,SAC,369,159,74,55,16,33,.500,.618,6,19 
472,LAL,1720,493,218,140,69,69,.460,.617,27,137 
473,DAL,791,340,174,13,22,21,.621,.634,63,61 
474,GSW,186,70,45,4,7,8,.511,.774,13,22 
475,GSW,1650,629,278,94,58,51,.500,.816,26,97 
476,TOT,1729,879,133,56,44,83,.424,.852,17,141 
476,WAS,1211,665,97,46,30,59,.424,.862,11,90 
476,LAC,518,214,36,10,14,24,.426,.821,6,51 
477,TOT,375,114,62,15,17,16,.364,.731,6,23 
477,MEM,240,74,41,9,11,9,.432,.833,2,12 
477,PHI,135,40,21,6,6,7,.222,.643,4,11 
