Rk,Tm,MP,PTS,TRB,AST,STL,TOV,eFG%,FT%,BLK,PF 
1,SAC,1961,887,357,149,48,108,.529,.784,42,227 
2,DET,35,9,5,4,1,4,.281,0.0,0,4 
3,CHI,701,266,140,20,14,34,.492,.605,16,92 
4,SEA,3022,1955,332,286,105,188,.544,.903,16,151 
5,BOS,978,369,111,67,51,67,.491,.746,18,126 
6,HOU,2431,761,255,425,101,157,.449,.692,15,194 
7,NOK,570,161,155,6,8,26,.571,.476,41,84 
8,CHA,564,207,70,32,11,32,.481,.805,4,48 
9,TOT,1047,349,143,101,23,54,.422,.838,6,98 
9,HOU,582,216,83,53,15,37,.448,.836,4,49 
9,MIA,465,133,60,48,8,17,.388,.842,2,49 
10,MIA,638,126,81,30,17,24,.448,.722,6,75 
11,CLE,9,0,4,0,2,0,.000,0.0,0,1 
12,DEN,2941,2122,394,216,88,218,.493,.808,42,229 
13,TOR,601,121,144,15,24,42,.366,.536,6,104 
14,WAS,3384,2346,280,484,161,297,.507,.820,25,286 
15,TOT,999,264,218,61,57,62,.414,.606,11,100 
15,NYK,709,165,137,46,43,46,.421,.545,9,78 
15,ORL,290,99,81,15,14,16,.400,.700,2,22 
16,DAL,622,130,81,86,27,58,.379,.786,3,71 
17,TOT,1194,449,130,232,38,83,.454,.774,4,119 
17,DET,600,158,70,155,19,45,.369,.724,3,77 
17,ORL,594,291,60,77,19,38,.514,.810,1,42 
18,TOT,1713,678,120,198,43,87,.479,.791,2,152 
18,WAS,552,187,45,69,14,30,.474,.710,0,58 
18,MEM,1161,491,75,129,29,57,.481,.811,2,94 
19,ORL,385,71,53,23,12,11,.342,.700,6,40 
20,LAC,85,27,19,4,4,9,.467,.722,4,13 
21,TOT,1497,578,135,220,54,119,.491,.803,11,162 
21,BOS,269,99,19,32,7,23,.450,.900,0,38 
21,MIN,1228,479,116,188,47,96,.500,.778,11,124 
22,PHO,1592,744,150,158,48,89,.558,.755,6,145 
23,TOT,631,175,121,28,20,30,.511,.681,7,100 
23,NYK,93,26,24,6,4,6,.383,.750,0,8 
23,PHI,538,149,97,22,16,24,.545,.674,7,92 
24,TOT,282,87,25,52,10,15,.375,.750,0,13 
24,PHO,21,9,3,2,0,1,.429,1.000,0,1 
24,TOR,261,78,22,50,10,14,.371,.667,0,12 
25,MIA,45,13,10,0,0,5,.313,.750,0,10 
26,SAS,1259,431,159,123,39,52,.568,.661,27,99 
27,HOU,342,86,31,26,13,22,.477,.828,1,25 
28,CHI,141,39,28,8,9,9,.419,.800,2,17 
29,NOK,268,68,68,3,3,11,.400,.632,7,18 
30,ATL,495,101,144,7,15,38,.425,.623,11,111 
31,ORL,2215,649,457,49,46,88,.507,.664,69,250 
32,MEM,2839,818,429,136,92,90,.540,.707,114,223 
33,TOT,400,118,117,4,11,20,.433,.800,8,56 
33,HOU,281,82,84,2,9,13,.458,.842,7,48 
33,CHA,119,36,33,2,2,7,.375,.750,1,8 
34,MIL,1283,494,120,130,59,41,.526,.708,5,126 
35,PHO,2959,1162,253,207,76,89,.563,.788,22,248 
36,IND,21,10,4,2,0,0,.800,1.000,1,2 
37,SAC,3167,1728,240,444,82,199,.501,.849,10,169 
38,GSW,1000,258,283,24,23,34,.638,.306,47,190 
39,DET,2925,1495,252,699,71,170,.509,.894,8,160 
40,POR,1781,560,146,306,42,83,.519,.791,5,107 
41,WAS,175,65,38,10,5,12,.410,.833,7,36 
42,TOT,2240,914,365,99,40,194,.508,.757,76,254 
42,BOS,1083,485,162,66,15,120,.511,.764,36,107 
42,MIN,1157,429,203,33,25,74,.506,.747,40,147 
43,TOT,1912,622,255,128,71,90,.455,.683,9,167 
43,CHA,848,341,106,45,39,41,.453,.762,3,78 
43,HOU,1064,281,149,83,32,49,.457,.580,6,89 
44,MIL,2348,768,573,192,49,125,.533,.629,68,259 
45,TOR,1710,583,284,56,49,32,.557,.829,31,216 
46,WAS,250,46,52,12,9,8,.436,.556,9,44 
47,UTA,1025,537,285,88,30,69,.549,.723,8,105 
48,TOR,2751,1572,647,181,50,157,.505,.816,79,209 
49,SAS,2755,619,320,126,79,67,.530,.607,30,191 
50,HOU,652,88,88,24,21,13,.310,.786,6,85 
51,DEN,1542,756,81,230,48,83,.457,.874,4,73 
52,PHI,367,67,107,17,5,19,.411,.667,7,39 
53,LAC,3099,1953,790,208,81,173,.527,.775,201,227 
54,CHA,2165,982,440,45,19,85,.517,.732,32,227 
55,UTA,1711,611,207,104,44,99,.430,.745,14,153 
56,LAL,1978,536,473,72,27,100,.526,.545,46,196 
57,NOK,2380,677,547,90,46,90,.461,.827,50,216 
58,TOT,246,54,22,35,8,22,.435,.583,1,22 
58,SEA,31,10,2,2,0,3,.625,0.0,0,1 
58,HOU,215,44,20,33,8,19,.402,.583,1,21 
59,LAL,3277,2832,425,360,147,250,.491,.850,30,233 
60,DEN,1758,491,209,127,87,52,.537,.782,20,180 
61,PHO,346,141,73,16,6,33,.504,.619,13,62 
62,MEM,570,113,37,76,20,36,.358,.435,0,45 
63,CHA,340,70,26,48,26,25,.307,.941,2,63 
64,WAS,2708,1318,466,186,127,175,.474,.870,18,238 
65,NYK,740,292,183,25,17,62,.544,.753,31,127 
66,NOK,1875,685,232,40,33,65,.479,.693,45,142 
67,LAL,338,74,80,9,4,17,.402,.296,22,56 
68,GSW,162,54,12,19,7,14,.423,.625,0,10 
69,GSW,505,199,111,20,13,35,.399,.714,7,87 
70,TOR,1487,349,141,288,42,101,.434,.848,4,93 
71,DEN,1857,716,668,115,79,92,.466,.712,184,158 
72,MEM,402,124,55,33,23,27,.473,.704,0,65 
73,CHA,1275,594,157,35,47,48,.479,.821,11,120 
74,MIN,589,150,62,101,24,40,.401,.727,9,71 
75,NJN,2906,1911,462,338,94,213,.471,.799,53,235 
76,LAC,2653,1345,287,491,74,175,.475,.863,11,225 
77,TOT,333,98,70,4,6,18,.429,.743,12,52 
77,ORL,299,88,63,2,6,16,.431,.743,10,48 
77,DET,34,10,7,2,0,2,.417,0.0,2,4 
78,CHI,2121,417,714,81,41,123,.565,.503,104,298 
79,GSW,448,92,61,19,13,17,.389,1.000,2,38 
80,ATL,2249,742,387,131,86,101,.583,.766,39,184 
81,DAL,185,26,13,14,9,6,.346,.667,1,10 
82,NOK,2019,871,193,339,108,154,.425,.769,6,177 
83,SEA,230,73,14,42,3,14,.380,.792,2,30 
84,UTA,1730,415,333,97,36,61,.461,.717,27,252 
85,NJN,1895,255,342,70,46,61,.403,.512,40,251 
86,SEA,1448,493,368,74,21,77,.525,.699,35,213 
87,LAL,1535,642,274,74,37,61,.546,.832,32,205 
88,NYK,2555,1128,248,301,87,175,.474,.826,15,150 
89,IND,1148,408,265,62,22,48,.558,.882,7,105 
90,NYK,1865,979,432,19,28,179,.563,.632,56,239 
91,PHI,1761,485,541,25,34,107,.531,.705,160,244 
92,DAL,1934,469,640,51,27,115,.493,.591,106,263 
93,WAS,2283,767,172,284,52,89,.439,.845,8,96 
94,DAL,1766,634,224,172,67,100,.484,.754,13,143 
95,TOT,940,216,208,21,23,51,.432,.642,10,125 
95,NYK,749,181,172,14,20,43,.428,.738,9,99 
95,TOR,191,35,36,7,3,8,.452,.350,1,26 
96,GSW,1971,967,236,480,89,159,.448,.675,14,165 
97,DET,178,26,53,6,0,4,.375,.533,9,23 
98,TOT,17,6,4,1,2,1,.286,.667,0,3 
98,MIL,12,2,3,1,1,1,.250,0.0,0,2 
98,HOU,0,0,0,0,0,0,0.0,0.0,0,1 
98,PHO,5,4,1,0,1,0,.333,.667,0,0 
99,TOT,3207,1516,351,394,91,213,.476,.797,17,190 
99,BOS,1747,827,187,221,49,115,.492,.787,9,91 
99,MIN,1460,689,164,173,42,98,.456,.807,8,99 
100,DET,726,247,113,44,21,36,.447,.672,15,86 
101,TOT,385,182,53,33,13,19,.503,.741,1,28 
101,ATL,7,2,2,0,0,0,.000,1.000,0,0 
101,DET,378,180,51,33,13,19,.506,.720,1,28 
102,CHI,2604,1112,516,147,72,105,.474,.750,50,128 
103,PHO,2874,1080,558,503,58,189,.531,.731,85,260 
104,BOS,234,62,16,40,11,18,.478,1.000,1,40 
105,ORL,246,88,21,16,7,10,.601,.833,0,22 
106,GSW,1031,486,229,29,15,78,.524,.810,30,164 
107,DAL,1510,190,374,23,44,36,.490,.542,146,253 
108,POR,1920,935,177,149,58,113,.474,.804,6,157 
109,MIA,371,98,85,8,10,14,.420,.800,7,45 
110,ORL,1137,470,78,109,49,82,.456,.835,4,116 
111,CHI,2155,647,220,373,70,117,.493,.818,3,152 
112,SAS,2784,1485,881,253,70,198,.485,.629,162,219 
113,GSW,2578,932,399,237,60,120,.451,.778,32,199 
114,MIN,265,80,49,14,12,14,.524,.341,0,44 
115,ATL,296,70,48,5,3,12,.484,.727,15,76 
116,TOT,394,101,33,69,11,21,.393,.833,2,34 
116,LAC,112,9,14,25,3,3,.265,0.0,0,11 
116,DEN,282,92,19,44,8,18,.419,.833,2,23 
117,GSW,886,334,105,78,32,58,.459,.712,11,69 
118,DEN,1579,352,339,47,54,65,.533,.662,45,211 
119,CHA,1348,560,277,76,29,100,.508,.667,44,160 
120,DET,1139,403,163,60,41,39,.515,.800,15,122 
121,TOT,1393,377,502,38,40,85,.489,.530,10,166 
121,SEA,788,242,276,23,24,41,.509,.550,5,95 
121,DEN,605,135,226,15,16,44,.453,.505,5,71 
122,LAC,971,252,85,84,37,57,.424,.783,6,86 
123,SEA,82,18,13,2,2,8,.260,.625,3,13 
124,CHA,2406,948,265,446,102,182,.446,.725,8,181 
125,SAS,2038,780,247,116,37,62,.491,.852,7,97 
126,GSW,2589,1089,211,352,125,156,.476,.833,8,237 
127,MIA,239,84,30,33,7,15,.376,.739,5,28 
128,NOK,39,20,7,1,0,2,.559,.500,0,5 
129,PHO,13,4,3,0,0,2,.667,0.0,1,7 
130,MIL,2557,878,311,473,104,219,.438,.754,7,196 
131,SEA,276,87,78,2,4,26,.529,.767,2,76 
132,IND,1581,372,574,50,41,64,.552,.604,27,191 
133,GSW,1824,345,424,33,44,80,.507,.612,125,215 
134,TOT,342,108,33,21,4,8,.505,.700,2,30 
134,MIN,225,66,23,15,3,4,.485,.600,2,22 
134,HOU,117,42,10,6,1,4,.543,.800,0,8 
135,TOT,2393,1005,290,345,74,214,.452,.787,17,204 
135,ORL,1734,747,219,262,51,156,.449,.797,11,142 
135,NYK,659,258,71,83,23,58,.461,.761,6,62 
136,NYK,1572,802,374,53,30,97,.479,.825,47,200 
137,MIL,885,383,232,24,25,35,.553,.461,43,171 
138,PHI,5,0,0,0,0,0,0.0,0.0,0,0 
139,MIL,54,13,0,3,1,1,.500,.250,0,1 
140,SAC,1301,377,185,94,41,75,.460,.772,47,135 
141,MIN,2957,1656,966,308,104,180,.529,.810,107,206 
142,ORL,938,282,108,38,12,38,.521,.811,9,108 
143,MEM,3135,1628,713,371,46,235,.504,.689,153,184 
144,LAL,1542,448,274,68,66,54,.459,.674,34,159 
145,IND,122,45,15,12,11,9,.300,.783,1,13 
146,SAS,1813,981,230,235,101,121,.524,.778,26,156 
147,UTA,956,393,70,63,16,63,.457,.754,4,87 
148,LAC,22,2,1,2,0,1,.143,0.0,0,0 
149,BOS,1376,461,298,58,35,55,.492,.752,5,83 
150,CLE,2174,845,665,56,52,106,.513,.682,49,190 
151,CHI,2482,1349,219,240,75,180,.494,.787,5,238 
152,TOR,1581,533,244,60,37,92,.513,.812,13,228 
153,TOT,175,58,27,7,5,13,.407,.933,2,31 
153,HOU,38,17,7,3,2,5,.406,1.000,0,5 
153,CHI,20,5,3,1,0,1,.300,1.000,0,3 
153,CLE,117,36,17,3,3,7,.424,.889,2,23 
154,IND,1765,587,384,90,58,80,.494,.777,62,211 
155,PHO,248,61,57,7,5,7,.415,.875,3,45 
156,LAL,135,25,24,7,3,5,.214,.619,0,13 
157,BOS,374,167,41,18,13,22,.500,.784,4,41 
158,PHI,153,70,15,5,2,12,.500,.800,0,13 
159,BOS,1235,254,145,129,77,109,.413,.662,10,181 
160,DAL,1245,237,227,89,51,39,.480,.774,9,113 
161,MIN,1359,320,389,40,13,43,.373,.595,148,125 
162,ATL,108,52,17,9,7,9,.566,.643,0,14 
163,DET,2825,1609,256,275,52,173,.512,.845,16,207 
164,TOT,49,26,11,0,4,6,.500,.667,0,5 
164,CLE,46,25,11,0,3,6,.538,.688,0,4 
164,PHI,3,1,0,0,1,0,.000,.500,0,1 
165,NYK,72,10,10,8,2,6,.286,1.000,0,7 
166,UTA,1944,885,368,98,59,109,.485,.725,14,202 
167,ATL,2782,1411,523,238,85,195,.479,.694,14,301 
168,CHI,824,347,154,39,7,61,.495,.626,13,131 
169,DAL,1275,554,125,177,53,84,.475,.716,16,121 
170,IND,1034,385,254,14,23,79,.503,.511,59,193 
171,SAC,818,218,71,70,31,43,.410,.661,5,85 
172,MIA,2491,757,634,95,50,80,.508,.789,17,216 
173,MIN,2514,710,216,203,43,124,.470,.744,29,201 
174,HOU,535,147,179,14,26,12,.562,.644,14,76 
175,WAS,516,196,76,27,16,22,.467,.833,1,38 
176,WAS,1879,575,467,46,30,97,.514,.585,104,232 
177,HOU,2310,707,266,215,89,119,.493,.699,9,169 
178,CLE,531,127,137,10,9,22,.516,.673,12,58 
179,DEN,3,0,0,0,0,2,.000,0.0,0,1 
180,ORL,613,318,80,48,24,35,.494,.765,6,50 
181,CHI,2955,1284,288,514,94,188,.477,.815,21,251 
182,DEN,33,13,7,6,2,8,.385,.375,0,7 
183,CHI,11,2,1,0,0,0,1.000,0.0,0,2 
184,SAS,1182,321,242,79,43,41,.474,.647,51,115 
185,PHO,1421,796,132,148,42,76,.503,.805,12,96 
186,ORL,3021,1292,1022,125,65,217,.531,.595,115,277 
187,DAL,1915,923,371,111,68,79,.489,.734,26,167 
188,HOU,2537,942,535,112,49,133,.459,.806,8,235 
189,MIN,800,342,44,106,12,40,.441,.923,4,55 
190,CLE,1281,558,161,131,53,99,.439,.756,21,117 
191,UTA,619,188,157,30,23,31,.379,.523,16,82 
192,DET,353,87,40,62,19,20,.425,.500,1,44 
193,PHI,1312,421,271,17,12,64,.601,.514,76,120 
194,PHI,3086,1007,481,255,135,153,.541,.754,21,198 
195,CLE,2283,1217,591,91,38,155,.506,.834,136,280 
196,DAL,237,74,56,2,6,16,.533,.500,25,47 
197,PHI,3103,2377,232,532,140,248,.467,.814,10,121 
198,ATL,978,260,96,74,24,23,.447,.727,7,147 
199,POR,1599,526,160,219,41,102,.465,.800,2,138 
200,MEM,1775,808,223,195,61,101,.469,.733,1,155 
201,MIL,202,35,27,25,4,13,.442,.857,1,19 
202,TOT,512,121,76,35,12,35,.350,.692,6,51 
202,PHO,420,99,64,31,10,30,.349,.692,6,46 
202,LAL,92,22,12,4,2,5,.355,0.0,0,5 
203,CLE,315,96,40,25,11,31,.412,.788,2,30 
204,TOT,1027,415,217,44,13,65,.473,.805,8,126 
204,NJN,433,170,89,22,5,28,.446,.792,6,70 
204,NOK,594,245,128,22,8,37,.491,.824,2,56 
205,IND,2910,1329,312,225,104,203,.462,.786,43,195 
206,NYK,406,137,91,12,3,51,.463,.625,23,104 
207,CLE,3361,2478,556,521,123,260,.515,.738,66,181 
208,TOR,2925,1604,262,460,72,206,.538,.837,3,214 
209,WAS,3288,1684,765,158,90,137,.491,.731,12,189 
210,MIN,2102,587,233,293,108,127,.435,.688,21,189 
211,IND,1557,547,153,227,40,116,.497,.910,4,108 
212,BOS,1062,464,299,30,30,62,.499,.642,46,166 
213,NJN,3059,1521,534,297,59,174,.522,.812,17,193 
214,WAS,1951,489,379,148,58,99,.470,.589,50,223 
215,DET,39,20,4,3,0,4,.800,1.000,2,7 
216,IND,1981,691,168,324,63,115,.485,.752,22,132 
217,DEN,924,354,96,55,25,46,.523,.810,26,86 
218,MIL,81,15,24,2,1,5,.412,.500,2,23 
219,ATL,3340,1653,335,536,103,267,.499,.791,31,187 
220,TOT,524,153,122,14,12,28,.453,.667,12,61 
220,NJN,35,11,7,2,2,4,.500,.250,0,7 
220,NOK,489,142,115,12,10,24,.450,.739,12,54 
221,MEM,967,281,104,39,38,50,.420,.645,15,108 
222,CLE,2089,552,133,169,37,55,.530,.640,1,112 
223,BOS,87,14,31,2,1,3,.400,.462,3,14 
224,MEM,2437,885,279,177,131,93,.497,.781,27,201 
225,IND,1837,651,170,154,55,107,.473,.763,20,142 
226,PHO,1772,699,253,57,38,35,.513,.851,49,142 
227,CHA,2089,799,376,63,68,74,.483,.727,22,200 
228,LAC,2560,932,750,79,45,176,.523,.770,108,269 
229,MIA,665,207,71,37,7,20,.506,.848,3,89 
230,ORL,213,80,60,3,2,15,.449,.783,3,69 
231,POR,1492,403,307,88,50,84,.477,.694,29,209 
232,NJN,2975,1065,580,672,150,192,.481,.795,29,157 
233,UTA,2604,1054,552,299,102,203,.485,.699,220,162 
234,DEN,519,213,116,15,10,16,.451,.704,13,87 
235,CHA,2351,871,223,610,157,164,.401,.803,4,202 
236,LAC,127,27,13,9,3,6,.333,.700,0,11 
237,PHI,2563,939,270,163,65,98,.551,.849,26,224 
238,NJN,2469,1080,513,88,32,133,.508,.698,63,297 
239,MIL,1018,317,150,139,33,66,.465,.714,17,87 
240,BOS,2033,639,406,115,29,65,.533,.680,72,273 
241,TOT,28,4,9,2,0,3,.182,.000,0,2 
241,NOK,16,0,4,2,0,1,.000,0.0,0,2 
241,HOU,12,4,5,0,0,2,.286,.000,0,0 
242,NYK,1129,345,303,43,30,51,.596,.577,20,124 
243,TOT,458,191,47,41,21,31,.458,.516,4,39 
243,DEN,238,99,28,18,8,11,.456,.385,2,21 
243,POR,220,92,19,23,13,20,.460,.611,2,18 
244,SEA,2876,1568,390,182,102,141,.529,.818,50,191 
245,CHI,22,0,4,1,1,1,.000,0.0,0,6 
246,LAC,1525,352,183,273,46,111,.428,.688,32,160 
247,HOU,107,30,5,12,5,7,.417,0.0,0,6 
248,ATL,1234,560,82,157,26,75,.529,.855,3,113 
249,NOK,135,44,10,5,7,8,.378,.867,0,10 
250,MIN,676,74,141,11,23,26,.409,.426,17,114 
251,LAC,943,570,169,66,19,78,.477,.828,4,95 
252,MIL,2465,752,778,56,29,166,.467,.535,80,276 
253,NYK,2193,977,175,382,63,157,.472,.755,4,143 
254,PHO,3263,1769,959,143,160,125,.560,.809,137,223 
255,SAS,181,81,43,7,5,7,.521,.583,7,21 
256,CLE,2077,750,492,60,59,90,.490,.748,41,160 
257,DAL,241,71,31,10,8,15,.408,.759,7,17 
258,TOR,339,102,20,57,17,15,.433,.750,0,42 
259,DEN,1546,720,353,79,43,72,.499,.712,52,171 
260,SAC,1913,778,261,97,55,81,.540,.847,9,138 
261,NOK,2102,757,298,66,42,113,.399,.682,17,136 
262,DET,159,60,28,3,4,11,.426,.333,5,14 
263,CHA,398,189,109,22,17,33,.409,.766,12,58 
264,MIN,1362,627,143,63,44,86,.513,.736,22,176 
265,LAC,353,88,68,23,8,19,.384,.571,5,52 
266,DET,1733,638,436,90,46,76,.509,.557,48,220 
267,HOU,1745,1147,307,225,59,120,.442,.747,41,88 
268,NJN,486,149,50,52,11,29,.451,.690,2,37 
269,LAL,121,7,20,11,5,2,.250,.500,0,7 
270,UTA,1232,370,78,151,42,76,.388,.797,9,131 
271,LAL,6,2,0,1,0,0,.500,0.0,0,1 
272,LAL,1541,604,373,61,16,83,.501,.716,73,214 
273,GSW,118,16,14,24,4,11,.333,1.000,1,13 
274,UTA,203,79,38,16,7,9,.401,.750,2,20 
275,POR,1286,559,182,73,42,99,.463,.534,39,100 
276,TOT,767,266,151,41,14,51,.509,.560,77,92 
276,DET,140,37,28,9,3,15,.515,.375,15,25 
276,ORL,627,229,123,32,11,36,.507,.595,62,67 
277,DEN,2937,1126,351,674,106,256,.466,.738,18,213 
278,SAC,2923,1182,615,374,61,180,.514,.828,62,234 
279,MEM,2268,1014,397,200,52,140,.557,.800,27,173 
280,HOU,1949,1271,581,85,30,147,.519,.853,94,195 
281,LAC,2979,1170,341,238,93,145,.467,.839,36,208 
282,SAS,1389,493,418,40,21,91,.504,.785,49,220 
283,TOT,343,77,52,19,7,12,.385,.714,5,41 
283,POR,336,75,51,19,6,12,.394,.667,5,41 
283,SAC,7,2,1,0,1,0,.000,1.000,0,0 
284,SEA,583,154,130,27,7,40,.435,.742,15,92 
285,ORL,192,35,38,4,6,7,.327,1.000,5,19 
286,MIA,1302,509,359,11,13,79,.597,.594,173,177 
287,GSW,2516,1035,743,101,47,108,.468,.787,26,191 
288,NJN,576,196,132,13,17,22,.472,.625,7,66 
289,TOT,2112,851,153,197,68,135,.442,.711,11,133 
289,SEA,1085,474,86,120,30,79,.416,.717,4,69 
289,CLE,1027,377,67,77,38,56,.479,.702,7,64 
290,HOU,955,169,306,4,17,35,.526,.758,57,128 
291,LAC,152,50,37,7,2,6,.415,.667,5,23 
292,TOT,502,157,60,27,16,24,.407,.682,5,65 
292,NOK,405,126,49,22,13,20,.407,.694,5,52 
292,NJN,97,31,11,5,3,4,.406,.625,0,13 
293,PHI,237,93,42,7,8,10,.500,.867,4,32 
294,DEN,1449,347,325,52,53,54,.429,.781,34,165 
295,PHO,2796,1489,333,826,61,276,.583,.921,12,120 
296,ORL,1784,905,180,302,70,148,.531,.779,9,174 
297,SAS,1515,362,309,33,21,53,.515,.600,88,209 
298,CLE,353,48,56,9,5,12,.325,.688,10,47 
299,CHI,2239,1063,500,117,40,120,.517,.843,52,252 
300,TOT,424,125,54,50,20,33,.429,.690,1,49 
300,HOU,241,65,34,29,14,16,.400,.765,1,31 
300,NOK,183,60,20,21,6,17,.468,.640,0,18 
301,DAL,3089,2151,728,226,58,156,.515,.901,83,164 
302,IND,1802,1024,476,133,27,151,.474,.709,117,177 
303,MIA,1806,1181,541,113,23,168,.600,.469,104,230 
304,SAS,490,103,123,27,9,28,.473,.556,11,91 
305,LAL,3221,1186,738,443,75,213,.524,.690,64,256 
306,CHA,874,344,261,31,22,53,.415,.656,50,88 
307,UTA,2945,1472,746,194,40,163,.496,.780,73,285 
308,PHI,1069,192,98,101,33,29,.434,.837,3,103 
309,TOT,919,238,220,23,22,55,.446,.511,33,122 
309,MIN,752,193,179,17,19,41,.446,.487,27,100 
309,BOS,167,45,41,6,3,14,.444,.625,6,22 
310,UTA,807,146,225,58,6,46,.492,.500,66,129 
311,ORL,355,75,77,14,10,17,.603,.625,12,50 
312,POR,1153,400,189,34,31,37,.459,.697,46,112 
313,UTA,210,69,21,8,5,13,.385,.667,0,25 
314,ATL,2452,911,613,129,89,180,.451,.735,39,286 
315,NJN,718,211,165,41,28,21,.458,.794,12,90 
316,UTA,1376,441,134,190,47,110,.426,.653,14,125 
317,CHI,646,274,61,94,24,61,.440,.810,2,57 
318,LAL,2773,941,271,302,140,147,.524,.694,16,213 
319,SAS,2715,1510,261,460,83,249,.553,.707,4,161 
320,TOT,1792,858,244,127,76,150,.516,.601,21,150 
320,POR,1056,514,154,60,42,82,.496,.611,12,79 
320,DEN,736,344,90,67,34,68,.545,.580,9,71 
321,NOK,2808,1258,400,611,175,183,.456,.847,6,218 
322,CLE,813,241,80,25,19,42,.493,.653,6,103 
323,MIA,2305,626,233,257,71,102,.481,.794,10,169 
324,BOS,1332,354,404,69,21,107,.515,.615,105,199 
325,TOR,3140,1374,381,190,104,126,.517,.820,15,223 
326,SEA,1282,353,296,15,25,60,.510,.627,51,213 
327,CHI,228,59,23,13,6,11,.467,.400,1,20 
328,BOS,3084,2116,530,375,107,273,.509,.772,34,223 
329,GSW,1179,481,163,44,33,78,.471,.608,10,132 
330,NJN,596,191,74,53,20,43,.396,.697,4,91 
331,DAL,18,3,7,0,0,2,.000,.500,1,0 
332,IND,771,169,218,24,37,26,.455,.763,20,115 
333,MIA,1914,483,319,89,54,58,.551,.787,20,196 
334,TOT,353,84,64,9,2,16,.521,.588,2,50 
334,SEA,321,74,62,7,2,14,.500,.588,2,44 
334,SAC,32,10,2,2,0,2,.714,0.0,0,6 
335,DAL,429,110,81,9,7,22,.457,.800,4,52 
336,SAC,150,60,15,11,6,10,.414,1.000,0,10 
337,DET,2898,1156,346,186,62,91,.487,.765,39,96 
338,LAL,279,104,43,15,11,24,.494,.875,5,25 
339,POR,1395,344,391,43,20,76,.548,.532,130,149 
340,TOT,1974,755,358,136,61,93,.515,.816,29,210 
340,SEA,1089,435,187,72,32,53,.495,.887,15,130 
340,LAC,885,320,171,64,29,40,.544,.731,14,80 
341,PHI,487,131,133,19,19,21,.454,.606,12,83 
342,POR,2545,1333,592,144,57,165,.443,.714,14,185 
343,POR,1301,270,279,28,18,47,.571,.651,88,143 
344,LAC,412,135,64,9,5,24,.542,.756,19,59 
345,MIL,3130,2028,342,229,95,170,.504,.877,5,157 
346,TOT,997,325,124,41,23,52,.403,.725,15,163 
346,BOS,291,75,29,7,5,15,.338,.625,4,45 
346,MIN,706,250,95,34,18,37,.425,.775,11,118 
347,GSW,2877,1741,438,232,97,167,.509,.673,37,206 
348,NYK,1442,451,230,88,39,56,.425,.670,6,134 
349,SEA,2625,910,235,550,123,162,.445,.877,22,178 
350,MEM,88,35,6,5,1,3,.532,1.000,0,6 
351,MEM,181,51,49,5,8,5,.455,.478,2,30 
352,CHA,1303,422,219,77,81,74,.433,.791,10,141 
353,NJN,1863,550,267,89,44,62,.485,.658,40,206 
354,NYK,1544,670,167,147,59,114,.458,.752,1,201 
355,TOT,1983,887,211,181,30,115,.466,.780,13,156 
355,TOR,1236,557,129,113,20,65,.438,.765,10,101 
355,NYK,747,330,82,68,10,50,.519,.812,3,55 
356,NYK,1119,318,259,67,43,80,.375,.781,14,145 
357,LAC,1515,317,170,79,51,47,.422,.760,16,155 
358,WAS,1010,105,271,27,33,38,.442,.500,31,179 
359,CHA,1111,474,103,50,38,65,.447,.714,13,79 
360,DEN,3,0,1,1,0,0,0.0,0.0,0,0 
361,PHI,2059,619,220,223,73,125,.445,.775,13,178 
362,SAC,39,10,18,5,0,0,.714,.000,4,5 
363,SAS,113,41,23,3,5,8,.515,.700,0,20 
364,BOS,938,205,114,51,21,50,.464,.722,19,127 
365,SAS,0,0,0,0,0,0,0.0,0.0,0,0 
366,CHI,149,36,29,7,1,5,.615,.308,3,21 
367,POR,212,44,49,1,3,14,.581,.471,8,41 
368,MIA,414,146,88,7,13,24,.483,.882,1,70 
369,MIL,2538,1002,333,172,86,123,.518,.825,21,254 
370,LAC,753,203,197,29,19,28,.543,.780,21,95 
371,TOT,944,191,228,30,25,45,.513,.482,43,119 
371,SAC,429,88,101,17,11,18,.551,.444,20,54 
371,POR,515,103,127,13,14,27,.484,.517,23,65 
372,TOT,210,80,16,9,5,4,.521,.625,6,28 
372,POR,208,80,16,9,5,4,.528,.625,6,27 
372,DEN,2,0,0,0,0,0,.000,0.0,0,1 
373,ATL,127,38,14,9,8,4,.593,.500,0,20 
374,NOK,989,423,110,58,37,54,.464,.822,4,90 
375,MIL,887,379,230,31,24,40,.475,.774,13,120 
376,ATL,2559,902,531,191,64,162,.447,.719,208,260 
377,CLE,2351,391,198,346,76,116,.410,.688,19,218 
378,NOK,1310,542,161,102,29,70,.503,.735,23,106 
379,CHI,1329,568,246,88,35,85,.483,.817,16,157 
380,TOR,590,147,146,8,21,30,.431,.719,19,118 
381,DAL,1525,715,153,160,37,121,.431,.882,10,96 
382,ORL,2648,900,241,160,58,123,.461,.744,17,178 
383,TOT,2601,1290,415,136,45,103,.517,.915,10,171 
383,SAC,1147,511,165,68,19,51,.487,.933,2,82 
383,IND,1454,779,250,68,26,52,.538,.903,8,89 
384,WAS,116,43,22,4,3,5,.427,.571,1,22 
385,MEM,862,317,95,128,19,55,.460,.855,1,49 
386,ATL,1236,589,116,75,27,82,.498,.900,3,118 
387,PHO,50,26,16,2,1,1,.333,.889,3,4 
388,CHI,1222,533,350,59,19,95,.450,.652,56,209 
389,SEA,987,301,264,8,15,49,.515,.582,56,142 
390,HOU,1344,586,291,25,38,91,.491,.651,50,198 
391,TOT,2729,1366,313,213,40,136,.538,.897,19,150 
391,MIN,1555,805,190,112,21,86,.544,.896,15,90 
391,BOS,1174,561,123,101,19,50,.528,.898,4,60 
392,GSW,144,47,36,2,2,2,.605,.167,7,25 
393,WAS,465,140,53,45,30,34,.404,.698,4,47 
394,NYK,1210,422,229,53,21,103,.468,.699,14,177 
395,POR,1641,643,120,247,66,115,.444,.743,6,167 
396,DAL,2798,1371,158,306,100,135,.547,.800,27,196 
397,WAS,131,38,14,9,10,6,.450,1.000,1,19 
398,WAS,1121,337,279,14,20,51,.533,.600,68,148 
399,TOT,150,28,39,1,0,7,.526,.571,3,35 
399,PHI,124,22,31,1,0,7,.538,.571,3,32 
399,CHI,26,6,8,0,0,0,.500,0.0,0,3 
400,TOT,127,15,20,2,3,8,.400,.750,2,17 
400,MEM,25,4,0,1,0,2,1.000,0.0,1,3 
400,ATL,66,9,10,1,2,4,.429,.750,0,10 
400,NJN,36,2,10,0,1,2,.167,0.0,1,4 
401,SAC,2293,748,618,168,72,135,.505,.676,39,196 
402,PHO,1411,455,415,57,23,57,.486,.815,54,193 
403,TOT,666,300,131,20,16,33,.519,.667,7,78 
403,CHI,32,13,4,2,0,1,.406,0.0,1,1 
403,PHO,634,287,127,18,16,32,.526,.667,6,77 
404,PHO,43,28,11,1,3,2,.520,1.000,1,6 
405,IND,1122,390,133,211,49,109,.430,.637,6,96 
406,MEM,732,257,212,13,14,39,.606,.655,32,107 
407,TOT,99,36,22,3,1,6,.365,.643,2,8 
407,MIN,13,3,2,0,0,2,.250,.500,0,0 
407,PHO,86,33,20,3,1,4,.379,.667,2,8 
408,LAL,161,45,37,8,3,7,.500,.556,10,30 
409,ORL,2615,1165,333,216,70,130,.519,.861,21,234 
410,NYK,114,22,17,6,1,2,.396,.500,0,8 
411,SAS,586,275,52,92,14,53,.506,.780,2,55 
412,SAS,986,355,91,123,16,57,.477,.683,3,60 
413,DAL,1090,472,192,37,31,71,.488,.832,11,121 
414,CLE,760,219,235,19,31,27,.527,.513,19,118 
415,NJN,1234,274,91,123,42,52,.439,.728,1,140 
416,TOR,2361,1053,521,88,60,99,.500,.706,63,247 
417,CHA,818,270,183,39,26,33,.439,.683,23,157 
418,NOK,406,73,86,11,12,21,.394,.477,11,78 
419,LAL,1449,321,159,139,48,50,.441,.885,3,150 
420,MIA,2892,2040,430,503,146,268,.499,.783,58,217 
421,LAL,73,20,8,4,3,1,.184,.750,0,12 
422,MIA,2199,1000,421,166,47,150,.512,.628,30,187 
423,IND,22,2,3,0,0,2,.000,1.000,1,7 
424,DET,2890,597,923,158,146,88,.510,.416,181,164 
425,CHA,1895,836,412,96,138,99,.550,.614,115,150 
426,DET,2780,1209,547,182,82,85,.503,.743,130,232 
427,MIA,3,2,0,0,0,1,1.000,.000,0,0 
428,LAL,1333,345,247,156,41,78,.439,.750,15,119 
429,MEM,724,278,144,30,14,56,.443,.661,21,113 
430,TOT,1578,623,158,289,68,136,.538,.676,10,159 
430,DEN,975,347,86,160,37,75,.550,.627,7,95 
430,SEA,603,276,72,129,31,61,.524,.731,3,64 
431,PHI,2893,1518,741,256,103,182,.441,.756,62,219 
432,POR,1070,404,130,34,21,43,.493,.859,14,90 
433,SAC,1684,707,401,144,94,126,.471,.679,25,156 
434,MIL,866,251,111,62,34,41,.419,.747,1,65 
435,HOU,2372,702,178,204,59,120,.491,.807,6,212 
436,NOK,2526,1262,548,92,61,105,.513,.843,64,214 
437,BOS,2418,836,289,329,84,133,.548,.851,46,197 
438,UTA,212,49,43,17,7,14,.404,.500,8,41 
439,TOT,1529,626,410,52,33,72,.571,.732,34,183 
439,LAC,657,218,173,18,15,32,.536,.644,21,103 
439,SEA,872,408,237,34,18,40,.592,.787,13,80 
440,SEA,1525,536,192,107,72,85,.460,.840,12,144 
441,TOT,348,86,39,32,14,24,.339,.610,1,34 
441,CLE,243,42,27,18,8,15,.305,.500,1,27 
441,SEA,105,44,12,14,6,9,.403,.655,0,7 
442,TOT,791,222,181,17,17,30,.517,.690,21,138 
442,TOR,99,25,15,1,4,5,.526,.833,3,28 
442,NOK,692,197,166,16,13,25,.516,.673,18,110 
443,TOR,10,1,3,0,0,0,.000,.500,0,0 
444,UTA,2307,864,194,359,60,145,.478,.704,17,233 
445,TOR,352,91,50,15,7,15,.420,.737,2,55 
446,MIA,1874,728,139,287,53,100,.531,.867,5,101 
447,PHI,145,56,19,10,5,13,.462,.615,0,13 
448,ATL,1952,672,383,63,48,83,.455,.747,24,227 
449,MIL,1531,703,143,230,52,105,.483,.850,7,146 
450,SAC,362,126,67,14,7,30,.427,.776,4,56 
451,TOR,324,62,110,4,9,16,.475,.429,23,49 
452,NYK,1013,329,190,47,32,61,.551,.645,13,96 
453,TOT,2207,984,286,203,122,131,.449,.675,41,164 
453,IND,603,310,78,35,42,43,.498,.612,11,45 
453,SAC,1604,674,208,168,80,88,.430,.717,30,119 
454,NJN,370,70,30,12,4,21,.364,.500,3,42 
455,MIN,135,62,18,5,1,8,.471,.875,0,8 
456,MIA,132,58,32,8,3,14,.500,.882,1,12 
457,MEM,1689,454,395,48,52,67,.478,.564,46,201 
