Rk,Tm,MP,PTS,TRB,AST,STL,TOV,2P%,FT%,BLK,PF 
1,LAL,2308,1165,478,135,48,159,.532,.762,92,216 
2,BOS,1151,287,270,42,29,54,.532,.640,27,198 
3,PHO,1646,611,365,183,82,140,.496,.844,41,245 
4,DEN,2778,1137,223,503,168,144,.505,.834,16,138 
5,DAL,2610,1932,434,278,70,203,.496,.770,57,223 
6,BOS,3018,1270,249,503,115,153,.534,.878,17,203 
7,WSB,769,327,160,39,10,50,.496,.714,12,107 
8,DAL,197,59,23,23,17,12,.426,.941,3,23 
9,SAS,1984,957,513,79,54,143,.503,.604,122,228 
10,TOT,1350,448,303,112,51,61,.426,.753,16,137 
10,HOU,53,32,17,4,1,1,.455,.800,0,4 
10,POR,1297,416,286,108,50,60,.424,.750,16,133 
11,IND,1097,542,216,78,41,73,.500,.766,6,98 
12,SAC,85,34,13,8,3,4,.326,.750,4,16 
13,PHI,234,52,22,33,10,12,.297,.727,6,12 
14,NJN,2774,981,257,479,110,201,.471,.822,10,162 
15,PHO,869,288,210,42,17,70,.460,.787,28,180 
16,UTA,2804,1604,531,158,49,190,.493,.826,125,186 
17,PHI,3170,2264,951,254,100,304,.630,.751,103,278 
18,ATL,1227,713,113,158,31,75,.458,.750,5,84 
19,DET,298,101,65,4,8,19,.436,.565,17,47 
20,LAC,2171,860,530,172,50,223,.496,.706,225,203 
21,CLE,12,5,1,0,1,2,1.000,.500,1,2 
22,SAS,1922,1272,395,110,55,162,.563,.600,63,207 
23,BOS,2965,2275,703,467,125,213,.546,.916,57,157 
24,NJN,1882,730,167,222,54,129,.461,.511,11,143 
25,DAL,658,162,134,35,8,49,.439,.708,29,108 
26,DAL,2580,1325,246,262,64,144,.476,.873,18,112 
27,SAS,112,37,6,18,3,8,.433,.833,0,16 
28,WSB,1628,393,136,404,127,101,.398,.784,3,138 
29,WSB,1136,176,275,13,11,35,.457,.531,208,160 
30,TOT,1437,423,127,151,114,88,.452,.763,43,172 
30,MIL,5,0,1,1,0,0,0.0,0.0,0,2 
30,NJN,1432,423,126,150,114,88,.452,.763,43,170 
31,NJN,308,133,48,16,16,29,.426,.870,11,41 
32,MIL,2258,968,551,103,46,107,.495,.657,107,198 
33,SAS,2227,1119,483,266,74,207,.530,.768,36,275 
34,DEN,133,43,44,13,4,12,.408,.750,1,21 
35,CHI,591,197,159,28,11,38,.451,.577,4,85 
36,LAC,312,171,27,38,10,40,.463,.681,5,56 
37,LAC,2660,1046,938,110,91,160,.471,.688,58,194 
38,LAL,242,143,27,15,11,26,.571,.718,2,41 
39,NYK,204,74,13,32,11,22,.460,.909,4,39 
40,ATL,1483,705,289,103,38,116,.546,.780,83,272 
41,TOT,2004,976,489,113,50,164,.436,.764,106,195 
41,GSW,408,217,93,19,13,43,.380,.797,25,46 
41,HOU,1596,759,396,94,37,121,.452,.748,81,149 
42,NYK,1676,914,384,85,43,135,.544,.798,43,234 
43,WSB,1610,746,397,63,33,101,.508,.655,9,172 
44,SEA,2680,1674,490,212,87,209,.461,.807,53,297 
45,PHI,2871,1086,253,635,167,160,.504,.825,22,116 
46,TOT,1498,593,350,62,43,127,.502,.762,41,230 
46,NJN,657,297,173,39,28,72,.487,.774,16,110 
46,PHI,841,296,177,23,15,55,.519,.752,25,120 
47,LAC,431,153,81,13,11,16,.344,.556,6,51 
48,TOT,1513,484,173,261,62,88,.464,.789,14,132 
48,PHI,152,37,18,26,6,11,.375,.778,0,20 
48,WSB,1361,447,155,235,56,77,.473,.791,14,112 
49,NJN,1122,418,218,65,36,116,.431,.707,70,175 
50,HOU,399,132,38,59,38,33,.495,.780,1,31 
51,PHO,359,51,106,14,9,14,.241,.821,8,64 
52,LAL,1793,532,228,289,66,101,.434,.858,26,136 
53,DEN,865,286,270,30,12,59,.439,.746,94,145 
54,TOT,1739,625,350,115,72,104,.493,.797,18,181 
54,CLE,1148,393,220,56,42,66,.495,.786,15,128 
54,PHO,591,232,130,59,30,38,.490,.825,3,53 
55,CHI,2328,804,527,154,36,109,.486,.752,95,149 
56,PHO,258,87,64,15,5,25,.500,.760,8,42 
57,NYK,946,339,235,37,20,65,.458,.738,10,143 
58,MIL,2629,1621,553,181,78,170,.485,.665,46,274 
59,LAC,1128,299,271,63,32,58,.433,.524,36,135 
60,CLE,1499,787,166,149,94,108,.472,.782,22,128 
61,LAC,1282,901,154,109,69,123,.439,.776,4,128 
62,DET,2144,1380,227,171,39,135,.516,.860,10,144 
63,CLE,2957,1480,665,333,48,267,.511,.716,56,235 
64,DAL,1480,537,102,303,51,91,.522,.843,18,149 
65,TOT,226,104,41,20,2,18,.480,.700,4,29 
65,MIL,39,12,3,3,2,5,.375,0.0,1,4 
65,SAS,187,92,38,17,0,13,.500,.700,3,25 
66,PHO,1951,1217,159,278,86,126,.483,.887,3,131 
67,TOT,33,10,5,2,0,7,.222,.400,2,14 
67,UTA,26,6,5,1,0,4,.143,.333,1,10 
67,DET,7,4,0,1,0,3,.500,.667,1,4 
68,SAS,2179,1027,204,480,88,154,.499,.896,2,95 
69,BOS,655,283,76,71,29,44,.519,.678,4,68 
70,DAL,2523,571,755,66,40,113,.558,.778,104,175 
71,NYK,364,105,25,87,16,42,.431,.810,1,33 
72,IND,74,34,17,5,2,11,.471,.692,4,19 
73,LAC,2024,765,119,383,65,152,.479,.769,0,114 
74,POR,3060,2185,533,467,203,236,.515,.811,52,250 
75,POR,2223,1231,576,66,31,177,.496,.770,32,280 
76,CLE,513,170,144,23,13,31,.474,.563,19,87 
77,DET,2732,1161,200,387,87,172,.477,.815,15,155 
78,DEN,1534,180,240,87,101,26,.452,.769,11,152 
79,UTA,2731,571,717,55,41,131,.418,.623,304,320 
80,SAC,414,132,19,92,10,47,.478,.750,1,10 
81,TOT,1705,814,412,78,16,130,.470,.654,37,216 
81,PHO,1377,673,335,73,14,108,.470,.635,32,159 
81,DET,328,141,77,5,2,22,.475,.738,5,57 
82,CLE,1709,563,274,206,82,107,.485,.674,30,182 
83,SEA,2790,1938,340,197,74,172,.521,.767,11,221 
84,NJN,399,103,98,15,9,29,.409,.886,6,73 
85,DEN,2818,2000,373,377,70,181,.496,.828,23,193 
86,DEN,656,344,48,81,34,43,.477,.811,6,78 
87,NYK,2546,1653,676,125,104,287,.556,.716,245,332 
88,DAL,157,61,18,16,3,22,.413,.900,1,18 
89,GSW,1128,458,335,53,15,87,.455,.701,9,146 
90,LAC,154,52,29,10,5,19,.444,.769,2,17 
91,IND,2733,1111,364,568,115,175,.531,.802,11,225 
92,TOT,2514,1155,296,544,95,223,.453,.850,12,190 
92,GSW,680,381,91,178,27,67,.466,.835,2,46 
92,HOU,1834,774,205,366,68,156,.446,.860,10,144 
93,GSW,1597,634,330,111,53,109,.429,.725,23,267 
94,HOU,682,374,44,60,20,49,.429,.800,3,74 
95,POR,19,0,3,1,2,2,.000,0.0,0,2 
96,GSW,2122,831,227,429,116,167,.444,.879,7,188 
97,PHO,1807,815,434,72,58,123,.475,.679,29,143 
98,TOT,893,265,211,21,15,67,.547,.523,30,148 
98,CHI,372,101,63,9,5,28,.513,.514,12,54 
98,BOS,521,164,148,12,10,39,.574,.527,18,94 
99,TOT,2961,1365,814,139,64,177,.449,.906,118,176 
99,NJN,1194,573,320,55,28,83,.456,.861,33,78 
99,PHI,1767,792,494,84,36,94,.445,.938,85,98 
100,LAC,65,28,4,7,1,4,.355,1.000,2,8 
101,CHI,1827,622,447,89,51,86,.503,.626,53,221 
102,IND,807,224,250,44,11,50,.469,.603,32,152 
103,LAL,2636,937,710,93,87,120,.505,.773,45,204 
104,UTA,1116,393,80,300,57,94,.436,.904,1,83 
105,NYK,2049,642,642,93,65,148,.443,.663,32,318 
106,SAS,1236,385,300,97,33,74,.463,.748,22,134 
107,LAC,313,134,95,16,9,22,.459,.333,13,37 
108,UTA,1052,589,127,91,52,67,.462,.641,5,102 
109,SAS,1017,395,323,86,18,103,.498,.807,61,197 
110,UTA,1796,777,187,175,65,91,.553,.743,5,193 
111,DEN,1334,350,171,166,64,95,.391,.791,17,185 
112,DAL,3032,1393,246,634,168,190,.488,.759,35,164 
113,CLE,1830,879,223,281,122,158,.473,.705,52,157 
114,TOT,1084,535,126,87,50,56,.465,.788,8,89 
114,HOU,199,83,21,17,8,6,.400,.938,2,15 
114,GSW,885,452,105,70,42,50,.478,.763,6,74 
115,ATL,403,110,97,16,8,14,.500,.926,10,67 
116,PHI,351,126,35,34,12,40,.409,.681,5,41 
117,TOT,1505,595,107,231,69,133,.431,.812,5,187 
117,NYK,69,14,10,13,2,8,.300,1.000,0,14 
117,PHI,1436,581,97,218,67,125,.436,.810,5,173 
118,TOT,190,57,21,23,8,17,.404,.577,0,26 
118,GSW,170,48,17,21,8,15,.404,.714,0,24 
118,CLE,20,9,4,2,0,2,.400,.417,0,2 
119,TOT,433,183,49,67,12,39,.400,.830,5,37 
119,BOS,81,34,10,12,1,9,.400,.900,1,11 
119,MIL,145,32,19,29,4,14,.314,.571,1,11 
119,SAC,207,117,20,26,7,16,.460,.867,3,15 
120,GSW,2188,1054,293,188,70,111,.528,.848,31,188 
121,TOT,2592,1178,517,99,69,169,.488,.775,140,275 
121,PHI,845,335,169,27,24,63,.454,.718,68,90 
121,NJN,1747,843,348,72,45,106,.502,.806,72,185 
122,TOT,1445,629,78,153,46,77,.448,.831,2,118 
122,MIL,983,397,46,109,30,49,.441,.821,0,80 
122,PHO,462,232,32,44,16,28,.463,.844,2,38 
123,POR,1279,436,149,211,41,86,.473,.829,10,154 
124,TOT,642,222,174,32,13,37,.462,.871,6,87 
124,MIL,35,11,7,2,0,2,.364,1.000,0,3 
124,GSW,607,211,167,30,13,35,.468,.864,6,84 
125,NJN,1365,587,143,118,57,119,.417,.740,25,145 
126,PHO,2243,781,262,540,107,156,.528,.822,10,151 
127,CLE,1631,656,281,81,50,118,.494,.749,7,167 
128,UTA,42,17,4,8,0,6,.571,1.000,0,5 
129,TOT,1809,683,174,395,81,127,.540,.732,5,177 
129,PHO,1557,634,151,354,61,108,.558,.741,4,154 
129,MIL,252,49,23,41,20,19,.385,.643,1,23 
130,UTA,1238,364,268,67,23,83,.467,.788,25,162 
131,NYK,3249,1114,396,868,205,258,.458,.774,6,244 
132,SAC,760,157,59,179,20,58,.397,.719,5,81 
133,HOU,879,378,168,49,30,54,.531,.736,26,127 
134,SEA,723,120,174,17,13,29,.467,.688,24,104 
135,BOS,2670,971,240,598,93,195,.449,.856,29,204 
136,PHO,2177,1294,318,180,33,139,.501,.850,9,190 
137,WSB,1258,554,121,188,70,99,.440,.812,4,120 
138,CLE,12,2,0,0,1,2,.333,0.0,0,1 
139,TOT,1917,732,191,437,103,146,.472,.839,24,155 
139,CLE,1043,380,72,193,60,82,.467,.821,17,96 
139,PHO,874,352,119,244,43,64,.478,.859,7,59 
140,LAL,2637,1408,449,858,114,269,.510,.853,13,147 
141,POR,1050,662,242,57,17,122,.530,.586,32,151 
142,DET,1935,1002,231,267,58,152,.449,.677,18,164 
143,POR,1778,334,408,81,29,82,.494,.736,99,251 
144,WSB,1313,197,325,59,53,57,.409,.707,113,226 
145,POR,186,51,31,8,3,12,.410,.576,6,28 
146,CHI,3311,2868,449,485,259,252,.546,.841,131,270 
147,POR,2888,1516,657,243,127,161,.502,.735,65,302 
148,PHI,1593,517,216,109,39,93,.395,.757,18,219 
149,WSB,2044,1188,280,192,49,211,.503,.762,10,202 
150,TOT,1063,224,264,47,19,73,.451,.506,58,153 
150,BOS,86,19,24,2,3,9,.391,.167,8,16 
150,LAC,977,205,240,45,16,64,.459,.534,50,137 
151,SAC,1999,801,579,93,28,107,.472,.814,59,228 
152,UTA,225,46,15,23,6,18,.390,.615,1,42 
153,ATL,1073,279,333,19,36,53,.488,.610,56,161 
154,MIL,1050,359,231,50,18,57,.487,.811,8,137 
155,DET,2897,1110,832,199,66,136,.500,.874,78,284 
156,LAL,7,2,0,0,0,0,0.0,1.000,0,1 
157,HOU,2150,819,148,405,124,130,.471,.869,9,162 
158,DEN,3061,1546,665,639,223,182,.484,.785,21,214 
159,ATL,2135,819,504,71,52,94,.557,.772,84,287 
160,DET,310,83,51,14,13,19,.314,.604,4,36 
161,BOS,405,220,63,26,16,30,.476,.702,15,54 
162,SEA,1812,461,627,58,27,90,.504,.606,140,319 
163,BOS,718,297,138,49,20,59,.511,.806,41,123 
164,IND,2022,1034,229,173,84,127,.478,.907,11,164 
165,MIL,1766,743,159,392,88,125,.479,.802,3,102 
166,POR,1191,445,315,94,33,73,.454,.736,10,188 
167,DET,1963,717,565,60,43,119,.574,.756,42,262 
168,WSB,2655,1641,206,237,51,172,.478,.882,13,198 
169,UTA,3198,2268,986,199,117,325,.522,.700,50,296 
170,WSB,2692,1607,884,112,59,249,.488,.788,72,160 
171,MIL,477,123,51,55,13,24,.434,.676,7,53 
172,PHO,101,40,27,6,5,9,.320,.615,0,16 
173,DEN,136,57,24,14,6,10,.386,.476,3,21 
174,LAL,706,289,66,138,25,69,.491,.831,3,65 
175,HOU,848,270,179,60,22,54,.473,.769,12,75 
176,TOT,2114,841,467,118,32,111,.539,.674,23,234 
176,PHI,601,179,144,26,14,35,.514,.698,8,75 
176,NJN,1513,662,323,92,18,76,.545,.667,15,159 
177,HOU,2689,1006,631,264,57,144,.484,.785,51,166 
178,SEA,2703,1669,518,263,96,223,.496,.715,52,230 
179,GSW,2039,612,335,138,39,93,.482,.784,8,246 
180,TOT,1003,575,128,71,52,65,.459,.745,6,81 
180,ATL,117,51,16,13,5,7,.515,.333,0,6 
180,SAC,886,524,112,58,47,58,.454,.771,6,75 
181,BOS,2390,1446,536,171,27,141,.604,.797,92,179 
182,NJN,393,126,31,40,15,19,.458,.960,2,55 
183,SEA,1706,694,328,107,70,108,.499,.772,63,237 
184,SEA,2453,624,338,702,169,189,.479,.707,47,238 
185,PHI,581,152,157,18,4,26,.391,.727,12,67 
186,NYK,265,67,64,23,16,17,.311,.677,2,50 
187,IND,1840,822,190,132,53,101,.538,.801,19,157 
188,TOT,1070,261,96,228,59,93,.507,.745,3,133 
188,GSW,202,65,21,38,15,16,.558,.609,0,26 
188,BOS,868,196,75,190,44,77,.494,.844,3,107 
189,SAS,1501,919,198,68,31,52,.486,.825,13,101 
190,MIL,848,251,221,22,27,49,.485,.708,27,194 
191,MIL,1428,603,180,204,41,86,.513,.837,14,109 
192,TOT,50,24,14,6,2,4,.333,.750,1,6 
192,DEN,34,20,12,5,2,3,.292,1.000,1,4 
192,MIL,16,4,2,1,0,1,.667,.000,0,2 
193,TOT,61,8,6,12,3,7,.444,0.0,0,1 
193,SAS,51,8,4,11,3,4,.500,0.0,0,1 
193,NJN,10,0,2,1,0,3,.000,0.0,0,0 
194,TOT,59,24,8,1,5,4,.310,.750,0,21 
194,DET,25,10,2,1,2,3,.308,.500,0,8 
194,PHO,34,14,6,0,3,1,.313,1.000,0,13 
195,GSW,2033,1213,205,290,113,156,.526,.885,32,136 
196,WSB,46,20,16,1,0,5,.348,.800,0,5 
197,POR,89,36,11,6,5,8,.289,.636,1,14 
198,LAC,19,5,2,2,1,0,1.000,.750,0,2 
199,SAS,328,112,37,48,17,33,.473,.667,6,30 
200,TOT,2383,1280,607,207,63,155,.531,.779,159,242 
200,PHO,1477,843,394,123,45,106,.532,.751,96,152 
200,CLE,906,437,213,84,18,49,.528,.830,63,90 
201,DEN,533,258,96,47,13,30,.493,.740,3,43 
202,SAS,837,142,222,49,29,27,.458,.651,5,94 
203,TOT,336,48,82,16,8,23,.385,.444,12,89 
203,LAC,295,43,73,16,7,21,.367,.500,11,78 
203,SAC,41,5,9,0,1,2,.667,.250,1,11 
204,DET,63,17,18,0,1,2,.333,.500,5,12 
205,NYK,1589,773,159,62,72,103,.463,.841,11,204 
206,SAS,919,316,153,53,22,49,.500,.723,56,141 
207,LAC,1435,569,263,78,44,103,.492,.512,34,123 
208,NJN,52,18,4,2,3,0,.600,.000,2,2 
209,CHI,2816,1014,1066,248,68,241,.487,.727,28,272 
210,HOU,2825,1805,959,163,162,243,.516,.695,214,324 
211,SAC,946,297,304,33,12,62,.476,.678,110,143 
212,NYK,180,40,34,9,6,14,.327,.500,0,27 
213,BOS,2312,1061,628,115,55,154,.590,.734,84,198 
214,TOT,801,347,45,76,30,39,.477,.861,5,73 
214,POR,263,103,18,27,7,11,.404,.778,1,29 
214,BOS,538,244,27,49,23,28,.517,.885,4,44 
215,CHI,1888,640,104,303,49,64,.522,.733,1,154 
216,DAL,2499,1066,601,118,74,119,.460,.822,54,227 
217,IND,2807,1341,536,309,73,210,.480,.670,8,266 
218,HOU,1793,613,436,106,36,119,.515,.745,40,203 
219,LAC,23,9,2,3,5,2,.429,.750,0,1 
220,MIL,965,606,83,73,21,57,.519,.877,7,94 
221,SAC,1177,491,230,66,39,77,.525,.747,32,118 
222,CHI,1650,625,298,169,91,131,.475,.576,52,214 
223,SEA,1080,337,330,33,32,81,.468,.639,26,215 
224,POR,2991,1222,378,831,150,244,.533,.846,16,204 
225,MIL,2484,983,375,523,112,198,.508,.798,34,233 
226,SAC,2029,775,369,185,84,135,.476,.792,55,211 
227,CLE,2626,1279,180,480,99,184,.510,.877,12,119 
228,LAL,845,277,268,54,39,59,.548,.785,13,103 
229,DEN,1779,1002,437,78,22,73,.492,.776,81,241 
230,HOU,980,393,125,67,27,41,.472,.794,5,118 
231,SAS,42,16,7,1,0,4,.625,.750,3,3 
232,MIL,1161,498,160,104,74,104,.449,.773,32,97 
233,ATL,2502,1134,366,747,140,210,.460,.758,41,272 
234,BOS,1032,450,162,81,16,68,.497,.776,15,118 
235,SAS,2978,1610,498,557,243,251,.478,.748,69,300 
236,PHI,2110,1178,405,131,79,161,.466,.717,39,192 
237,DET,2147,953,715,110,75,156,.568,.535,45,273 
238,CLE,168,62,27,3,4,10,.441,.769,3,23 
239,ATL,1765,336,459,20,31,51,.512,.875,132,229 
240,UTA,201,84,28,16,12,11,.444,.733,0,37 
241,IND,16,6,5,1,1,1,.000,1.000,0,3 
242,DET,1,0,0,1,0,0,0.0,0.0,0,0 
243,DET,2003,701,402,113,53,120,.566,.709,137,294 
244,TOT,1663,749,462,122,41,171,.443,.760,88,164 
244,HOU,705,303,172,37,17,62,.442,.741,33,63 
244,GSW,958,446,290,85,24,109,.443,.775,55,101 
245,TOT,883,365,109,56,31,50,.507,.776,9,131 
245,PHO,466,203,62,30,18,27,.482,.736,4,73 
245,CLE,417,162,47,26,13,23,.538,.870,5,58 
246,DEN,2166,1129,662,106,62,155,.542,.836,92,323 
247,SEA,973,484,198,53,39,57,.482,.810,13,151 
248,DAL,1587,698,279,159,42,108,.475,.756,32,189 
249,LAL,3048,1754,333,335,155,161,.554,.858,27,204 
250,TOT,455,140,84,50,49,43,.473,.692,23,81 
250,UTA,447,138,81,49,47,41,.472,.692,22,78 
250,NYK,8,2,3,1,2,2,.500,0.0,1,3 
251,CHI,2212,777,250,141,34,91,.460,.790,66,174 
252,HOU,1949,1159,222,162,58,118,.486,.858,14,197 
253,TOT,694,213,36,93,21,22,.553,.739,0,60 
253,BOS,370,98,21,60,14,14,.568,.667,0,30 
253,POR,324,115,15,33,7,8,.539,.818,0,30 
254,MIL,2923,1352,709,279,93,157,.489,.922,80,316 
255,IND,760,223,66,180,22,76,.423,.833,3,97 
256,SAC,899,443,103,89,21,48,.487,.770,17,108 
257,SAC,2170,841,138,434,92,184,.487,.819,8,140 
258,GSW,499,127,182,25,12,36,.475,.407,11,63 
259,TOT,1549,841,247,155,91,107,.502,.777,42,160 
259,DEN,191,95,30,11,5,12,.398,.750,6,23 
259,GSW,1358,746,217,144,86,95,.521,.781,36,137 
260,LAL,421,132,85,8,7,30,.427,.667,42,105 
261,TOT,1044,260,72,167,41,58,.411,.727,3,79 
261,NYK,52,10,2,5,4,6,.278,0.0,0,7 
261,CHI,992,250,70,162,37,52,.420,.727,3,72 
262,IND,2692,1079,662,183,90,156,.502,.809,69,302 
263,UTA,2842,1204,237,1128,242,262,.594,.840,16,247 
264,MIL,271,78,71,20,3,24,.377,.667,12,48 
265,SAS,1024,421,48,183,27,57,.476,.896,2,54 
266,DAL,2307,1093,959,86,103,172,.503,.740,86,313 
267,GSW,958,594,81,61,32,80,.460,.802,4,95 
268,SAC,2653,1574,232,463,59,234,.479,.831,16,173 
269,DET,2927,1577,278,678,141,273,.475,.774,17,217 
270,PHO,566,191,76,51,21,21,.471,.717,1,75 
271,LAL,38,14,9,1,1,6,.231,.800,0,11 
272,SAC,1257,550,427,68,54,109,.472,.720,73,217 
273,LAL,2007,925,489,66,38,113,.515,.634,79,251 
274,TOT,593,164,112,15,11,35,.508,.618,3,103 
274,NYK,85,17,13,4,2,8,.316,.625,0,23 
274,PHI,508,147,99,11,9,27,.541,.617,3,80 
275,SAC,3072,1704,837,266,62,228,.510,.755,56,264 
276,TOT,1055,492,88,160,60,63,.535,.803,8,100 
276,CHI,701,298,55,107,27,44,.535,.780,3,71 
276,SEA,354,194,33,53,33,19,.535,.833,5,29 
277,IND,2378,1268,491,103,54,145,.513,.783,34,274 
278,TOT,259,89,55,10,8,21,.507,.633,5,39 
278,NYK,177,47,35,5,5,10,.463,.529,2,25 
278,LAL,82,42,20,5,3,11,.571,.769,3,14 
279,PHI,522,211,47,108,11,50,.438,.806,6,35 
280,NYK,139,57,8,24,9,12,.471,.909,1,20 
281,UTA,976,368,117,105,34,68,.472,.868,4,68 
282,NYK,1248,506,119,117,53,47,.431,.718,6,158 
283,HOU,99,35,8,23,7,12,.407,.714,1,13 
284,CHI,98,17,10,9,8,10,.267,.500,0,5 
285,UTA,1011,470,236,32,26,71,.513,.724,68,157 
286,SAC,1185,410,242,56,43,43,.458,.641,47,85 
287,LAC,1636,562,156,382,122,148,.416,.743,8,135 
288,POR,1038,747,109,71,21,48,.523,.878,7,68 
289,DEN,1755,1124,309,143,46,137,.466,.805,26,198 
290,TOT,1501,573,152,381,55,136,.459,.868,16,145 
290,SEA,548,195,49,137,21,52,.482,.767,4,63 
290,CHI,953,378,103,244,34,84,.449,.925,12,82 
291,PHI,772,121,117,36,27,25,.449,.429,33,100 
292,GSW,123,8,15,34,7,13,.167,.500,1,13 
293,LAL,380,152,28,61,6,22,.438,.897,4,42 
294,CHI,114,18,28,1,2,6,.321,.000,15,26 
295,WSB,940,310,127,100,62,69,.400,.781,10,105 
296,NYK,2139,826,389,86,63,83,.473,.775,59,290 
297,NJN,91,42,13,3,4,11,.421,.556,1,13 
298,TOT,260,90,75,6,5,17,.444,.581,8,29 
298,GSW,86,33,20,3,1,7,.438,.625,0,10 
298,ATL,174,57,55,3,4,10,.449,.565,8,19 
299,NJN,156,54,22,34,12,9,.421,.800,0,23 
300,GSW,56,16,19,0,4,4,.500,1.000,4,13 
301,NJN,1379,633,118,206,91,141,.470,.698,4,163 
302,ATL,1347,490,146,337,63,131,.496,.817,12,125 
303,PHI,132,48,24,5,5,9,.581,.667,5,25 
304,DAL,125,63,39,4,5,9,.511,.632,9,33 
305,TOT,2098,802,523,74,47,173,.552,.596,147,265 
305,CLE,1183,459,281,50,25,91,.576,.621,79,158 
305,PHO,915,343,242,24,22,82,.523,.568,68,107 
306,ATL,24,11,4,2,2,4,.444,.750,0,3 
307,IND,513,149,40,103,36,52,.470,.735,2,37 
308,LAC,352,178,62,9,7,21,.528,.789,3,32 
309,TOT,581,261,31,59,20,47,.457,.722,2,57 
309,CHI,2,0,0,0,0,0,0.0,0.0,0,0 
309,NYK,117,43,3,10,1,13,.378,.692,0,14 
309,GSW,462,218,28,49,19,34,.475,.732,2,43 
310,GSW,1221,407,321,39,32,49,.483,.720,21,209 
311,ATL,2948,2397,502,224,103,218,.476,.826,47,162 
312,NYK,2703,1412,270,326,90,212,.462,.786,22,183 
313,NJN,2637,1279,834,109,68,189,.560,.668,44,266 
314,IND,1966,748,469,98,37,119,.428,.737,146,244 
315,CLE,2106,843,506,103,61,104,.477,.756,145,203 
316,WSB,2428,1047,444,232,117,145,.484,.734,34,217 
317,SEA,1084,502,127,96,62,68,.447,.844,7,207 
318,LAC,857,365,118,58,29,63,.377,.727,21,108 
319,ATL,2091,871,547,28,68,138,.520,.649,41,240 
320,POR,54,19,11,3,0,5,.304,.833,0,7 
321,TOT,420,125,27,69,23,25,.393,.725,3,40 
321,NJN,47,21,1,6,6,4,.600,.545,0,6 
321,SAS,373,104,26,63,17,21,.365,.793,3,34 
322,PHI,1419,545,101,119,47,104,.412,.750,22,125 
323,MIL,45,7,7,2,1,4,.250,.500,0,9 
324,ATL,2412,823,170,302,50,82,.478,.798,18,117 
325,LAC,1137,320,187,98,38,76,.417,.833,16,139 
326,TOT,909,400,57,174,26,39,.454,.768,1,50 
326,SAS,830,352,51,155,22,34,.443,.758,1,44 
326,ATL,79,48,6,19,4,5,.636,.875,0,6 
327,LAC,2534,1438,190,273,109,186,.459,.868,26,210 
328,NJN,622,312,91,71,13,48,.449,.708,20,73 
329,LAL,2655,1478,374,289,72,155,.537,.796,55,175 
330,DEN,7,2,1,0,0,2,.200,0.0,0,3 
331,SEA,949,243,75,218,52,37,.475,.811,2,69 
