Rk,Tm,MP,PTS,TRB,AST,STL,TOV,2P%,FT%,BLK,PF 
1,POR,1867,909,392,111,49,117,.510,.866,26,150 
2,CHA,201,49,29,37,9,19,.267,.750,1,29 
3,TOT,519,194,99,18,9,18,.475,.929,22,53 
3,MIA,248,83,52,11,4,11,.461,.929,11,29 
3,CHA,271,111,47,7,5,7,.485,.929,11,24 
4,SEA,3064,1867,347,289,84,171,.459,.883,5,167 
5,BOS,1262,492,221,64,76,77,.483,.737,24,156 
6,TOR,2717,1136,279,514,118,170,.451,.740,7,212 
7,NOH,1430,513,410,71,14,64,.538,.689,100,144 
8,POR,1239,432,128,143,36,70,.392,.805,4,89 
9,TOT,743,203,88,103,33,49,.420,.730,0,87 
9,ATL,717,195,83,98,33,46,.424,.730,0,81 
9,LAC,26,8,5,5,0,3,.364,0.0,0,6 
10,TOT,1171,255,191,70,40,50,.495,.818,14,138 
10,NYK,20,0,1,0,0,1,.000,0.0,0,2 
10,MIA,1151,255,190,70,40,49,.497,.818,14,136 
11,DEN,2608,1558,426,194,68,224,.455,.796,30,229 
12,TOR,736,196,185,16,21,52,.436,.782,8,157 
13,WAS,3274,2038,378,411,139,242,.469,.814,23,245 
14,NYK,1382,468,242,85,70,73,.449,.695,18,150 
15,TOT,988,264,115,178,45,67,.367,.853,8,92 
15,NOH,412,142,48,65,15,28,.404,.905,2,30 
15,DAL,576,122,67,113,30,39,.325,.830,6,62 
16,TOT,1448,461,104,280,44,107,.398,.799,4,143 
16,UTA,742,246,46,152,20,55,.402,.841,3,67 
16,DET,706,215,58,128,24,52,.395,.767,1,76 
17,LAL,2903,1115,197,358,73,151,.466,.803,2,181 
18,ORL,663,193,99,36,23,31,.407,.740,8,83 
19,TOT,19,0,2,1,1,1,.000,0.0,0,3 
19,LAC,1,0,0,0,0,0,0.0,0.0,0,0 
19,POR,18,0,2,1,1,1,.000,0.0,0,3 
20,TOT,204,35,39,10,2,17,.317,.529,4,38 
20,NYK,191,33,37,9,2,15,.351,.467,4,31 
20,HOU,13,2,2,1,0,2,.000,1.000,0,7 
21,BOS,1145,372,126,155,63,79,.414,.742,13,146 
22,PHO,1087,442,130,126,30,87,.544,.797,7,127 
23,SAC,715,164,133,57,30,45,.442,.603,7,80 
24,TOT,483,118,40,69,19,27,.431,.737,1,51 
24,HOU,314,56,19,42,14,16,.344,.700,0,35 
24,ORL,169,62,21,27,5,11,.500,.778,1,16 
25,SAS,1742,601,190,178,39,64,.525,.837,20,123 
26,TOT,1505,455,159,167,60,67,.443,.873,9,95 
26,ATL,275,83,21,28,14,14,.444,.769,2,28 
26,HOU,1230,372,138,139,46,53,.443,.897,7,67 
27,ORL,1894,394,452,42,30,81,.468,.723,81,244 
28,MEM,2516,792,413,126,91,75,.461,.789,77,201 
29,NOH,36,6,8,0,0,4,.273,.000,0,10 
30,UTA,1790,772,201,91,44,79,.467,.747,8,205 
31,IND,93,36,14,4,1,10,.429,.500,2,9 
32,NJN,1461,514,107,143,66,67,.447,.885,9,148 
33,SAC,3084,1571,332,541,124,203,.477,.775,30,191 
34,GSW,384,109,118,12,12,12,.584,.475,24,87 
35,DET,2866,1316,271,464,81,180,.454,.898,9,194 
36,WAS,648,191,71,69,13,39,.269,.805,0,47 
37,BOS,2130,771,397,129,33,158,.530,.713,64,229 
38,LAL,12,5,3,0,0,0,.333,0.0,0,1 
39,CHA,1791,714,226,135,68,122,.398,.727,8,167 
40,TOR,1553,589,285,48,39,40,.561,.789,19,220 
41,TOT,451,124,107,8,15,16,.458,.813,28,78 
41,DAL,262,82,58,4,11,8,.436,.875,16,55 
41,MIL,189,42,49,4,4,8,.517,.750,12,23 
42,UTA,1772,909,457,144,41,137,.522,.698,24,179 
43,UTA,859,200,224,49,10,52,.430,.732,32,160 
44,TOR,3017,1361,718,153,76,187,.472,.760,113,226 
45,SAS,2627,675,285,126,55,57,.432,.634,39,175 
46,HOU,604,111,76,18,23,7,.419,.667,5,61 
47,DEN,2162,1015,143,372,78,121,.432,.921,12,122 
48,TOT,119,33,28,5,1,5,.652,.375,2,12 
48,ORL,55,6,14,2,1,1,.429,0.0,2,4 
48,SAC,48,18,11,2,0,3,.667,.333,0,8 
48,PHI,16,9,3,1,0,1,1.000,.500,0,0 
49,DAL,885,211,214,15,25,33,.452,.683,63,153 
50,HOU,24,6,12,0,0,2,.429,0.0,0,4 
51,LAC,3001,1622,770,208,62,183,.504,.752,169,240 
52,NYK,185,31,22,12,8,13,.364,.462,1,11 
53,CHA,2276,938,531,86,33,106,.512,.745,55,183 
54,WAS,152,54,28,14,1,15,.373,.444,6,17 
55,SAS,1238,494,176,92,39,53,.444,.792,12,83 
56,PHI,55,12,11,4,3,5,.667,.800,1,4 
57,WAS,908,292,206,39,25,67,.460,.574,15,112 
58,NOH,2817,886,737,178,74,101,.446,.864,50,233 
59,LAL,1066,333,93,155,32,74,.355,.787,1,59 
60,LAC,1945,437,187,410,82,125,.378,.770,7,106 
61,LAL,2689,1819,392,398,86,270,.472,.816,53,174 
62,DEN,1522,432,208,133,75,49,.610,.778,6,169 
63,NJN,1313,445,189,63,40,35,.402,.822,4,101 
64,MEM,219,73,12,28,13,12,.510,.737,1,25 
65,LAL,2746,1195,450,146,110,125,.465,.862,23,213 
66,NYK,5,10,0,0,1,1,1.000,1.000,0,0 
67,MIA,1203,420,151,62,18,37,.414,.771,29,104 
68,TOT,475,238,102,25,10,30,.518,.815,5,59 
68,PHO,11,9,3,0,0,0,.571,1.000,0,0 
68,GSW,464,229,99,25,10,30,.515,.813,5,59 
69,DEN,2015,683,661,152,61,103,.468,.723,199,177 
70,TOT,390,120,93,19,8,29,.322,.764,7,57 
70,NJN,50,2,11,3,0,1,.000,.500,1,10 
70,DET,340,118,82,16,8,28,.342,.784,6,47 
71,MEM,1433,522,225,114,88,83,.378,.873,19,172 
72,POR,16,8,1,1,0,1,.667,.667,0,1 
73,CHA,430,224,60,17,17,25,.404,.855,2,37 
74,MIN,742,181,69,161,35,62,.438,.686,18,88 
75,TOT,2828,1886,401,327,109,168,.463,.798,48,243 
75,TOR,608,317,66,61,25,22,.432,.694,15,56 
75,NJN,2220,1569,335,266,84,146,.471,.817,33,187 
76,MIN,1522,799,157,301,36,109,.500,.865,14,160 
77,ORL,1525,432,416,40,55,64,.539,.783,82,170 
78,LAC,433,111,31,51,13,24,.395,.625,0,30 
79,CHI,2189,640,775,65,69,118,.496,.673,141,268 
80,GSW,951,250,124,64,17,35,.431,.649,15,95 
81,ATL,2376,807,482,151,74,106,.493,.823,35,184 
82,TOT,1525,345,177,199,80,104,.426,.897,18,106 
82,SAC,996,226,123,153,43,68,.442,.893,13,61 
82,ORL,529,119,54,46,37,36,.400,.909,5,45 
83,TOT,1866,712,184,374,109,119,.447,.736,8,184 
83,GSW,1501,604,153,286,87,92,.459,.761,6,154 
83,NOH,365,108,31,88,22,27,.396,.610,2,30 
84,SEA,65,13,6,7,2,2,.417,.750,0,2 
85,DET,50,9,15,0,0,2,.250,1.000,0,6 
86,ATL,942,402,184,18,15,63,.464,.676,13,147 
87,UTA,961,213,164,61,11,34,.417,.697,6,146 
88,NJN,2542,511,488,105,71,91,.413,.656,71,322 
89,SEA,1396,463,376,32,34,62,.541,.703,50,252 
90,LAL,1087,458,216,35,23,29,.439,.757,26,139 
91,TOR,74,23,7,22,6,6,.500,.500,1,6 
92,NYK,2688,1241,203,302,92,148,.431,.843,19,135 
93,IND,1827,647,375,98,48,104,.443,.883,17,154 
94,CHI,1808,1012,338,37,21,163,.538,.720,58,202 
95,IND,249,30,27,15,5,5,.448,.500,4,39 
96,PHI,1785,589,542,35,46,114,.524,.601,121,241 
97,DAL,1609,542,501,51,15,102,.555,.605,80,205 
98,SEA,2026,843,169,309,51,78,.489,.816,3,78 
99,SAC,72,13,18,4,2,6,.313,0.0,0,7 
100,DAL,1412,545,216,128,83,86,.454,.737,14,124 
101,CHI,1843,501,428,80,27,96,.461,.757,41,147 
102,TOT,1581,885,175,362,81,131,.435,.761,14,126 
102,NOH,593,340,67,129,31,38,.404,.771,4,52 
102,GSW,988,545,108,233,50,93,.457,.755,10,74 
103,TOT,1307,284,375,47,32,43,.479,.606,65,162 
103,GSW,577,112,153,23,13,20,.413,.579,32,79 
103,IND,730,172,222,24,19,23,.536,.623,33,83 
104,PHI,328,117,79,12,8,15,.397,.824,4,45 
105,BOS,2696,1309,249,246,89,205,.488,.815,27,174 
106,ORL,49,9,10,0,2,1,.444,.333,0,14 
107,DET,459,116,55,38,22,23,.402,.575,6,44 
108,ATL,1340,667,130,104,47,54,.447,.757,3,123 
109,CHI,1663,711,322,135,48,118,.472,.741,27,98 
110,ATL,1201,314,170,149,37,87,.471,.740,18,123 
111,TOT,2090,887,180,347,76,145,.432,.833,4,201 
111,DAL,16,5,1,1,0,1,.000,.667,0,1 
111,NOH,2074,882,179,346,76,144,.437,.836,4,200 
112,NJN,61,13,9,1,2,2,.200,1.000,1,5 
113,CLE,306,40,70,15,8,12,.299,.000,27,53 
114,LAL,130,34,32,19,4,14,.419,.667,1,25 
115,WAS,1054,507,119,111,43,68,.460,.897,4,98 
116,MIA,1175,321,259,47,23,36,.450,.610,22,160 
117,MIA,1184,382,90,132,39,65,.444,.780,11,120 
118,ATL,1435,597,238,49,42,78,.451,.800,24,138 
119,CHI,2177,487,213,398,82,119,.350,.731,3,205 
120,SAS,2203,1342,732,179,45,127,.498,.670,174,144 
121,GSW,2570,1057,435,203,79,132,.479,.779,26,198 
122,DET,472,152,95,24,7,22,.480,.617,10,60 
123,MIN,54,27,16,1,1,3,.550,.556,1,7 
124,NOH,110,27,25,3,3,2,.323,.583,4,19 
125,IND,139,29,19,3,3,8,.367,.500,4,12 
126,UTA,1428,415,90,250,45,111,.444,.795,9,156 
127,ATL,732,230,179,11,22,45,.436,.774,12,129 
128,DEN,939,248,201,34,34,40,.469,.570,41,129 
129,CHA,1649,576,326,76,32,115,.432,.575,69,199 
130,MEM,28,7,2,0,0,1,.333,.600,0,4 
131,SAC,1233,416,201,45,37,34,.474,.756,8,104 
132,SEA,1881,387,736,58,58,104,.480,.534,15,202 
133,DAL,2358,1003,262,169,48,60,.436,.831,18,123 
134,GSW,2222,877,218,301,76,129,.407,.862,4,176 
135,MIL,903,336,175,64,25,63,.465,.680,13,96 
136,TOT,77,35,3,11,2,11,.474,1.000,0,9 
136,GSW,73,32,2,11,2,11,.500,1.000,0,9 
136,DEN,4,3,1,0,0,0,.000,0.0,0,0 
137,SEA,1047,463,348,8,15,91,.522,.880,7,265 
138,IND,1594,426,550,43,46,55,.527,.634,12,186 
139,IND,56,19,8,0,2,5,.571,.000,0,7 
140,GSW,1700,352,429,56,26,58,.502,.556,159,201 
141,POR,499,164,61,30,15,14,.417,.840,4,35 
142,ORL,2978,1663,450,547,112,317,.436,.823,28,273 
143,NOH,441,93,61,20,13,17,.315,.625,2,40 
144,CHI,21,9,3,0,0,0,.500,.600,0,2 
145,MIL,1783,593,674,30,47,81,.539,.538,106,224 
146,TOT,187,41,14,7,5,7,.361,.750,1,17 
146,HOU,108,26,11,3,3,4,.467,.750,0,12 
146,MIL,79,15,3,4,2,3,.286,0.0,1,5 
147,NOH,146,44,15,18,4,8,.382,.750,1,15 
148,MIN,3121,1817,1108,466,121,222,.507,.811,112,207 
149,ORL,955,324,124,30,19,30,.465,.879,9,107 
150,MEM,1790,997,410,135,37,137,.517,.768,93,146 
151,LAL,306,110,53,14,8,12,.348,.750,2,32 
152,IND,1021,269,112,83,59,60,.360,.877,5,105 
153,MIL,284,85,37,27,14,9,.408,.900,4,37 
154,SAS,2193,1186,329,288,119,172,.517,.803,27,190 
155,UTA,1660,715,182,137,46,90,.465,.810,11,155 
156,SAS,68,25,11,4,3,2,.500,.800,3,9 
157,TOT,537,172,59,78,15,15,.446,.839,0,32 
157,DET,55,18,8,0,0,1,.167,.875,0,5 
157,MIL,482,154,51,78,15,14,.480,.826,0,27 
158,CLE,2523,1184,753,130,77,133,.502,.810,76,233 
159,CHI,2002,1235,215,164,53,186,.414,.863,10,224 
160,LAL,1136,263,257,34,23,43,.493,.722,23,175 
161,PHI,1066,437,133,100,34,75,.393,.776,6,121 
162,CHI,667,151,146,53,43,30,.368,.750,4,78 
163,MIN,1492,527,453,53,23,55,.425,.718,118,120 
164,TOT,966,239,191,68,41,57,.423,.767,17,104 
164,BOS,218,26,43,12,9,9,.297,.667,4,23 
164,ATL,748,213,148,56,32,48,.449,.784,13,81 
165,IND,106,32,15,3,2,6,.351,.545,2,15 
166,DET,275,46,35,5,6,8,.459,.387,7,39 
167,DET,2926,1424,295,372,77,217,.455,.858,13,232 
168,MIL,159,51,42,6,5,12,.344,.604,2,26 
169,UTA,297,95,65,13,7,18,.524,.529,5,55 
170,NYK,894,269,89,74,28,50,.452,.739,3,79 
171,UTA,2584,1090,480,142,70,133,.504,.778,16,250 
172,ATL,2550,1158,461,208,85,204,.479,.672,16,249 
173,NOH,550,163,63,62,25,41,.365,.829,5,72 
174,CHI,1271,561,292,56,24,84,.512,.718,18,188 
175,DAL,1173,436,102,169,77,82,.481,.757,19,139 
176,CLE,1128,313,121,49,27,29,.415,.812,6,68 
177,IND,760,264,135,13,16,53,.576,.571,55,134 
178,CHA,1887,706,203,367,99,102,.464,.785,14,167 
179,NJN,16,8,7,1,1,1,1.000,1.000,1,2 
180,MIA,2675,870,726,108,63,113,.543,.791,41,260 
181,MIN,2068,541,219,128,30,64,.483,.789,30,200 
182,WAS,1560,553,227,90,49,62,.403,.839,9,107 
183,WAS,1865,637,464,57,52,96,.560,.609,114,218 
184,DAL,1203,273,348,21,29,49,.532,.539,37,149 
185,DEN,1317,528,325,84,50,94,.505,.660,48,167 
186,ORL,2338,1317,318,220,97,161,.513,.821,28,144 
187,CHI,2800,1206,304,494,122,176,.420,.792,21,244 
188,MIN,1272,437,181,85,50,20,.496,.873,15,105 
189,SAS,1396,451,268,80,67,69,.447,.789,60,138 
190,TOT,891,397,83,96,44,35,.450,.852,6,65 
190,CHA,300,144,19,24,24,13,.462,.769,3,23 
190,MIL,41,16,3,5,2,0,.182,0.0,0,3 
190,SAC,550,237,61,67,18,22,.461,.929,3,39 
191,NYK,532,237,23,42,8,21,.432,.837,2,40 
192,ORL,2670,981,823,75,77,165,.521,.671,136,232 
193,DAL,2446,958,484,109,116,122,.506,.733,49,211 
194,HOU,1624,585,346,94,32,79,.452,.843,5,143 
195,MIN,1729,691,105,283,27,113,.436,.778,6,121 
196,WAS,2358,1345,382,285,176,153,.465,.777,18,168 
197,MEM,317,102,87,6,10,23,.416,.486,1,35 
198,UTA,873,278,197,43,25,52,.406,.436,18,96 
199,ORL,224,95,69,3,4,22,.507,.538,7,42 
200,DET,1144,285,123,130,68,68,.390,.793,13,125 
201,PHO,1046,348,227,13,4,44,.616,.479,102,131 
202,PHI,2686,741,464,246,138,139,.550,.743,48,204 
203,CLE,2615,1320,672,100,53,191,.469,.799,165,313 
204,DAL,58,15,8,0,0,5,.429,.750,5,13 
205,PHI,3174,2302,299,596,180,344,.451,.835,9,140 
206,ATL,809,220,84,103,39,58,.434,.701,7,140 
207,SAC,536,301,85,59,14,28,.478,.862,2,58 
208,NYK,230,42,23,24,7,10,.548,.615,1,26 
209,TOT,1987,672,269,183,35,115,.439,.931,5,153 
209,HOU,990,320,115,86,23,56,.471,.909,1,67 
209,PHO,997,352,154,97,12,59,.411,.960,4,86 
210,CLE,43,29,6,3,0,2,.286,.833,0,4 
211,PHI,1976,969,406,81,32,131,.466,.828,18,171 
212,IND,1806,953,250,119,64,123,.426,.830,14,154 
213,TOT,1798,547,167,113,33,71,.429,.786,8,104 
213,PHO,768,212,67,37,11,27,.456,.774,1,56 
213,NOH,1030,335,100,76,22,44,.417,.792,7,48 
214,SEA,1330,395,241,19,23,88,.512,.723,111,279 
215,CLE,3388,2175,588,577,177,262,.499,.750,52,146 
216,TOT,1859,871,208,263,65,106,.470,.752,6,174 
216,MIL,1167,535,122,185,40,80,.477,.744,4,114 
216,HOU,692,336,86,78,25,26,.457,.764,2,60 
217,WAS,2605,1334,519,154,55,118,.457,.760,16,151 
218,LAC,1656,493,161,303,84,98,.435,.720,17,107 
219,BOS,1051,475,312,24,22,66,.533,.630,55,195 
220,NJN,1355,733,240,133,33,132,.438,.844,17,109 
221,WAS,2007,523,374,151,66,114,.488,.584,35,206 
222,DET,104,42,9,9,5,7,.417,.923,1,6 
223,IND,87,12,10,4,1,3,.333,0.0,0,10 
224,IND,1747,532,179,302,59,96,.466,.752,15,144 
225,DEN,1232,503,151,75,43,65,.592,.792,18,140 
226,MIN,410,73,113,6,7,18,.509,.640,13,86 
227,PHO,3240,1400,422,291,79,148,.454,.750,24,167 
228,SAS,15,0,3,0,1,1,.000,0.0,0,1 
229,MEM,649,233,69,21,13,29,.462,.688,11,81 
230,MIA,2576,955,231,350,44,98,.517,.791,5,121 
231,MIA,2839,1018,405,212,86,99,.477,.806,38,251 
232,IND,2268,813,242,196,61,114,.450,.850,31,171 
233,IND,1330,371,174,57,31,43,.395,.855,28,123 
234,LAL,1830,577,398,65,44,49,.480,.733,24,165 
235,ORL,116,23,13,6,5,3,.333,.500,2,16 
236,LAC,1632,572,423,73,26,115,.498,.661,68,182 
237,CHA,1491,688,164,61,40,46,.396,.824,6,132 
238,ORL,356,118,128,8,8,26,.485,.558,13,86 
239,POR,523,135,108,25,20,33,.442,.548,18,80 
240,NJN,2435,951,488,545,123,167,.425,.740,9,110 
241,UTA,1349,640,255,132,67,90,.536,.784,136,101 
242,LAC,243,69,32,20,8,7,.404,.600,3,12 
243,HOU,3,0,0,1,0,0,.000,0.0,0,0 
244,CHA,1944,666,170,591,131,147,.432,.852,5,192 
245,PHI,2667,942,379,182,103,106,.453,.854,33,265 
246,NJN,1965,747,401,77,32,112,.495,.725,63,280 
247,MIL,1099,296,160,160,39,64,.450,.721,13,70 
248,SEA,12,0,1,0,0,2,.000,0.0,0,1 
249,MIA,739,260,131,41,32,29,.599,.763,15,78 
250,BOS,2196,884,553,98,42,70,.559,.811,99,262 
251,TOT,380,115,89,11,5,17,.367,.682,7,51 
251,PHO,119,44,32,1,1,10,.326,.667,2,20 
251,NOH,261,71,57,10,4,7,.390,.700,5,31 
252,DEN,54,29,6,6,1,2,.429,.625,0,2 
253,SEA,2697,1457,388,94,75,123,.499,.777,62,158 
254,UTA,227,64,12,45,12,14,.386,.882,2,28 
255,LAC,814,222,89,151,32,75,.418,.746,11,82 
256,UTA,518,161,39,123,22,47,.411,.818,3,78 
257,TOT,2007,787,149,322,33,105,.481,.861,0,168 
257,HOU,479,125,40,58,8,24,.429,.778,0,48 
257,ATL,1528,662,109,264,25,81,.491,.871,0,120 
258,NOH,933,164,174,88,32,57,.375,.739,12,83 
259,MIN,601,88,128,18,7,24,.515,.500,14,103 
260,LAC,2436,1464,394,225,70,195,.457,.857,8,191 
261,NOH,703,270,205,29,8,59,.432,.602,23,74 
262,NYK,3281,1781,248,668,122,233,.497,.834,6,186 
263,PHO,3146,1569,915,154,163,125,.526,.833,119,199 
264,SAS,244,76,56,8,3,14,.351,.786,11,29 
265,TOR,1645,747,428,81,57,42,.485,.791,46,136 
266,LAC,190,42,10,28,6,6,.344,.625,0,19 
267,DEN,2272,1087,511,170,100,149,.496,.646,78,228 
268,SAC,455,131,58,22,16,24,.435,.655,3,35 
269,MIL,2893,1377,312,217,58,164,.445,.802,27,198 
270,SAS,699,196,163,14,18,40,.407,.762,20,122 
271,TOT,906,260,138,37,25,36,.500,.517,15,144 
271,BOS,553,162,77,26,15,17,.533,.533,9,85 
271,PHO,353,98,61,11,10,19,.400,.500,6,59 
272,ATL,88,15,21,0,3,6,.538,.200,8,24 
273,DET,1797,740,482,71,46,93,.514,.656,52,204 
274,HOU,3182,2003,484,448,135,201,.468,.774,52,167 
275,CLE,2651,975,157,391,56,117,.439,.813,1,177 
276,PHI,1118,152,172,103,48,31,.513,.625,17,116 
277,UTA,1382,416,113,236,63,99,.372,.767,12,138 
278,LAL,423,165,79,13,9,13,.458,.821,2,64 
279,NJN,390,137,40,20,16,14,.419,.700,2,20 
280,LAL,1870,735,502,50,14,110,.509,.678,108,237 
281,POR,1699,809,299,129,75,157,.487,.600,78,189 
282,DET,254,67,43,7,2,16,.329,.708,17,31 
283,DEN,2852,1113,338,569,121,220,.492,.838,8,204 
284,ATL,9,4,1,1,1,1,.667,0.0,0,2 
285,SAC,2089,876,521,220,69,82,.532,.812,68,181 
286,MEM,2278,1022,300,220,54,127,.558,.720,23,197 
287,IND,2105,974,156,146,50,77,.518,.933,5,109 
288,HOU,2447,1465,669,61,34,196,.552,.783,160,298 
289,TOT,2388,1134,229,188,74,133,.437,.820,30,152 
289,ORL,726,369,63,42,23,41,.409,.797,9,49 
289,SAC,1662,765,166,146,51,92,.449,.831,21,103 
290,TOT,1933,731,586,34,58,108,.481,.674,86,236 
290,NYK,1519,589,439,26,53,81,.510,.708,53,172 
290,SAS,414,142,147,8,5,27,.387,.571,33,64 
291,TOT,120,28,37,1,3,7,.529,.769,6,13 
291,TOR,69,14,23,0,2,6,.375,.889,3,7 
291,NJN,24,8,7,0,0,1,.750,.500,1,2 
291,CLE,27,6,7,1,1,0,.600,0.0,2,4 
292,LAC,1178,396,246,47,19,63,.507,.787,32,173 
293,TOT,702,282,198,18,8,57,.472,.582,74,82 
293,NJN,457,187,127,14,5,45,.453,.593,41,50 
293,MIA,245,95,71,4,3,12,.516,.564,33,32 
294,GSW,2375,1076,756,97,53,108,.417,.730,33,190 
295,TOR,918,371,164,47,32,54,.420,.763,16,85 
296,SEA,883,345,98,65,30,57,.399,.738,11,59 
297,HOU,1212,322,426,10,16,51,.498,.741,101,135 
298,LAC,72,20,18,1,1,0,.421,.571,5,20 
299,TOT,1341,494,182,74,29,73,.400,.829,16,183 
299,HOU,204,49,30,9,1,5,.227,.750,0,30 
299,NOH,1137,445,152,65,28,68,.420,.838,16,153 
300,NOH,2017,963,298,109,36,110,.479,.806,16,190 
301,TOT,1185,354,243,65,41,61,.462,.637,24,148 
301,GSW,610,175,118,37,18,32,.408,.644,10,71 
301,DEN,575,179,125,28,23,29,.521,.630,14,77 
302,PHO,2573,1165,249,861,74,245,.526,.887,6,136 
303,ORL,1612,689,193,237,78,117,.497,.682,3,199 
304,SAS,1785,410,459,71,31,73,.460,.467,117,207 
305,CLE,1832,438,220,91,50,61,.439,.797,18,144 
306,CHI,1892,677,386,122,37,135,.429,.766,34,208 
307,TOT,360,90,46,39,18,27,.361,.833,2,44 
307,NYK,321,82,42,34,17,25,.395,.818,2,42 
307,HOU,39,8,4,5,1,2,.188,1.000,0,2 
308,DAL,3020,2032,757,240,97,176,.470,.869,119,219 
309,IND,1530,1068,388,82,25,131,.454,.754,88,173 
310,MIA,2492,1669,760,200,36,203,.601,.461,171,262 
311,LAL,2320,975,653,238,42,161,.502,.695,65,211 
312,CHA,2600,1105,795,64,62,125,.447,.609,125,214 
313,UTA,2304,1054,616,166,32,141,.486,.850,68,227 
314,PHI,158,28,19,19,5,6,.355,.667,0,16 
315,MIN,1215,368,324,29,15,68,.456,.667,56,193 
316,SAC,556,87,167,37,7,24,.451,.342,40,88 
317,PHO,214,29,53,13,6,8,.353,.556,12,29 
318,POR,793,319,121,35,30,39,.502,.653,40,77 
319,MIL,1397,458,378,60,44,70,.453,.746,34,166 
320,HOU,942,275,185,55,33,30,.449,.725,10,119 
321,TOR,1533,467,134,279,48,104,.455,.742,13,126 
322,CHI,453,204,47,76,16,45,.401,.739,1,53 
323,TOT,144,48,12,15,5,19,.500,.692,0,16 
323,DET,110,33,9,11,3,10,.474,.692,0,13 
323,PHO,34,15,3,4,2,9,.545,0.0,0,3 
324,SAS,2735,1331,298,491,98,215,.516,.650,4,167 
325,POR,1957,809,273,138,106,143,.550,.599,21,164 
326,CLE,862,314,71,49,29,47,.455,.688,4,121 
327,BOS,2541,873,236,469,88,148,.498,.761,12,121 
328,WAS,529,153,65,57,18,28,.365,.889,2,39 
329,LAC,12,2,1,1,0,2,.500,0.0,0,0 
330,BOS,548,149,176,21,9,43,.471,.638,37,98 
331,TOT,667,264,83,39,19,17,.482,.692,4,30 
331,MIA,206,62,22,11,6,7,.472,1.000,0,6 
331,DEN,461,202,61,28,13,10,.485,.556,4,24 
332,TOR,2510,1029,340,169,91,93,.442,.832,18,219 
333,CHI,841,324,79,51,29,37,.435,.804,1,67 
334,BOS,2960,1769,539,348,133,230,.481,.822,39,255 
335,GSW,1340,636,189,82,46,92,.480,.698,18,139 
336,NJN,515,217,69,44,25,41,.470,.697,0,76 
337,DAL,10,1,2,0,0,2,0.0,.500,0,4 
338,IND,865,191,205,18,30,31,.473,.673,24,123 
339,DEN,27,4,8,1,1,1,.333,0.0,2,5 
340,MEM,1382,405,219,88,48,69,.404,.865,23,134 
341,SEA,335,117,78,9,7,12,.523,.871,3,53 
342,DET,3039,1206,435,247,56,135,.512,.807,71,161 
343,WAS,428,136,76,37,16,27,.480,.640,5,44 
344,POR,1858,488,588,74,24,98,.598,.517,163,239 
345,SEA,1856,741,289,86,57,80,.430,.786,31,172 
346,UTA,128,19,28,6,0,15,.316,.700,2,32 
347,WAS,20,11,4,0,0,3,.500,.500,1,4 
348,POR,1603,871,442,86,34,112,.452,.815,17,112 
349,POR,1731,304,331,34,23,56,.447,.692,158,183 
350,LAC,928,339,184,26,13,49,.568,.859,40,130 
351,MIL,2848,1723,312,172,63,133,.463,.854,8,152 
352,BOS,121,41,16,10,3,5,.577,.733,1,12 
353,CHI,132,21,38,1,3,9,.333,.250,7,35 
354,GSW,2724,1559,424,281,105,169,.486,.693,32,156 
355,PHO,2839,1176,479,158,96,102,.437,.739,27,197 
356,SEA,2571,824,204,483,94,149,.414,.883,23,185 
357,CHA,328,93,48,30,11,20,.452,.692,4,42 
358,TOT,1689,533,209,104,62,66,.409,.639,53,181 
358,GSW,1090,359,114,74,44,41,.436,.603,39,107 
358,NJN,599,174,95,30,18,25,.350,.692,14,74 
359,SAS,157,90,24,8,4,7,.451,.870,3,19 
360,TOT,1367,444,246,86,41,86,.440,.743,20,172 
360,NOH,882,275,142,60,19,66,.426,.762,12,103 
360,PHI,485,169,104,26,22,20,.471,.714,8,69 
361,TOR,2710,1495,276,209,63,180,.473,.854,10,190 
362,TOT,1475,534,341,59,46,102,.457,.737,16,208 
362,SAS,862,317,227,41,31,56,.471,.697,9,124 
362,NYK,613,217,114,18,15,46,.435,.782,7,84 
363,LAC,1659,397,210,109,51,54,.434,.673,22,165 
364,WAS,1262,111,332,64,43,44,.418,.433,41,193 
365,TOT,968,402,89,68,20,47,.394,.771,7,74 
365,LAL,91,12,10,3,2,3,.200,1.000,1,7 
365,CHA,877,390,79,65,18,44,.402,.761,6,67 
366,DEN,1026,307,172,72,44,35,.379,.792,11,130 
367,PHI,993,236,121,114,40,51,.454,.729,13,92 
368,CHA,329,79,122,8,4,17,.452,.590,17,53 
369,MIL,105,22,19,1,3,4,.333,.727,4,28 
370,NJN,1167,339,244,88,34,66,.417,.768,18,111 
371,GSW,128,49,38,12,2,8,.441,.542,3,16 
372,POR,104,26,18,2,1,12,.435,.545,5,21 
373,PHO,30,12,2,3,0,1,.455,.500,0,3 
374,LAC,2799,1229,446,205,106,135,.470,.846,16,227 
375,TOT,941,233,280,43,31,40,.510,.357,49,102 
375,PHI,246,49,62,5,5,13,.393,.294,6,29 
375,SAC,695,184,218,38,26,27,.554,.377,43,73 
376,CHA,78,28,14,3,5,8,.407,.000,0,20 
377,ATL,433,127,52,39,23,25,.418,.688,5,50 
378,NOH,1859,782,152,142,55,109,.458,.689,11,135 
379,NJN,648,166,111,38,25,39,.418,.745,14,103 
380,MIL,2265,813,541,67,43,79,.515,.768,38,222 
381,ATL,2050,715,457,127,59,135,.466,.688,144,157 
382,TOT,750,314,65,71,14,27,.427,.863,7,82 
382,CHA,636,291,49,57,12,24,.430,.870,7,74 
382,MIA,114,23,16,14,2,3,.400,.667,0,8 
383,CHA,510,105,116,28,6,27,.331,.875,4,58 
384,CLE,1844,322,155,317,67,89,.397,.738,16,189 
385,UTA,906,338,121,36,26,58,.379,.667,19,116 
386,SAC,1668,608,344,114,51,70,.530,.847,18,206 
387,TOR,255,62,57,2,12,10,.397,.593,4,46 
388,MIN,2450,1021,254,179,53,127,.439,.830,21,124 
389,DAL,1617,833,183,127,53,106,.446,.849,10,104 
390,ORL,1089,429,102,69,16,57,.415,.554,9,73 
391,ATL,145,25,40,5,6,6,.524,.429,5,32 
392,SAC,2534,1329,285,138,79,102,.475,.920,12,157 
393,NJN,32,8,5,1,0,0,.250,.500,0,3 
394,POR,2762,1277,310,458,86,164,.409,.915,2,158 
395,PHO,2889,2080,713,131,77,189,.564,.733,130,278 
396,MIL,1014,301,103,115,30,64,.421,.813,1,103 
397,HOU,196,28,27,39,3,16,.195,.900,2,15 
398,NYK,73,25,13,2,2,6,.294,1.000,2,16 
399,HOU,1922,626,337,317,65,147,.458,.750,7,168 
400,NYK,1509,650,418,44,27,108,.533,.749,28,224 
401,SEA,72,15,5,2,1,4,.455,.556,7,16 
402,MEM,1279,604,273,43,41,90,.452,.758,92,182 
403,MIN,2558,1253,303,191,40,132,.536,.855,16,178 
404,PHO,17,7,4,3,0,1,.000,1.000,0,1 
405,TOT,1336,472,257,67,27,94,.458,.612,20,180 
405,HOU,905,296,164,53,16,63,.437,.650,12,123 
405,NYK,431,176,93,14,11,31,.497,.558,8,57 
406,POR,1330,460,104,224,35,125,.421,.789,4,120 
407,DAL,2401,993,188,429,109,147,.540,.844,15,177 
408,NJN,356,92,36,17,14,9,.447,.778,1,29 
409,WAS,976,332,244,20,17,50,.502,.528,51,133 
410,TOT,117,26,37,4,4,7,.600,.333,4,13 
410,POR,112,24,35,4,4,7,.611,.333,4,12 
410,ATL,5,2,2,0,0,0,.500,0.0,0,1 
411,MIN,521,111,97,17,15,18,.488,.587,13,82 
412,TOT,2167,908,535,152,67,131,.472,.762,17,227 
412,PHI,1344,530,308,77,40,83,.458,.798,6,151 
412,SAC,823,378,227,75,27,48,.493,.722,11,76 
413,NYK,2855,916,831,160,70,99,.470,.786,79,310 
414,NYK,1940,851,237,110,41,113,.451,.786,17,222 
415,IND,1301,616,160,257,81,134,.437,.744,12,112 
416,CLE,1327,409,332,61,54,73,.453,.539,50,215 
417,MEM,278,78,56,10,3,12,.500,.778,16,42 
418,TOT,220,50,41,10,8,19,.351,.571,11,33 
418,DEN,158,34,29,4,8,14,.341,.571,8,24 
418,GSW,62,16,12,6,0,5,.385,0.0,3,9 
419,ORL,1757,937,233,153,41,119,.438,.836,18,140 
420,SAS,1149,471,83,150,41,77,.464,.753,10,96 
421,POR,1619,586,161,227,44,92,.375,.784,0,70 
422,TOT,1502,696,294,75,36,81,.481,.815,21,170 
422,MIL,818,342,165,41,21,47,.473,.862,11,82 
422,DAL,684,354,129,34,15,34,.488,.783,10,88 
423,CLE,863,266,257,27,41,26,.518,.535,38,122 
424,NJN,1410,373,107,135,41,62,.455,.835,1,138 
425,PHO,360,80,92,17,4,20,.458,.684,11,60 
426,TOT,705,212,175,40,25,64,.418,.640,19,105 
426,PHO,57,16,13,7,3,7,.375,.571,2,11 
426,NOH,648,196,162,33,22,57,.422,.647,17,94 
427,LAL,403,101,62,51,12,15,.296,.947,2,41 
428,MIA,2974,1854,397,520,121,321,.485,.762,82,230 
429,CLE,102,44,2,13,5,9,.448,.750,0,15 
430,TOT,2955,1473,695,265,89,253,.455,.539,58,217 
430,ATL,2128,1082,497,194,64,183,.450,.534,32,147 
430,BOS,827,391,198,71,25,70,.467,.557,26,70 
431,WAS,134,24,18,4,3,8,.355,.667,7,25 
432,DET,2671,721,902,123,106,82,.458,.428,176,159 
433,CHA,2147,780,386,137,117,159,.468,.661,91,182 
434,DET,2687,1145,644,142,65,127,.475,.697,115,236 
435,LAL,768,198,142,93,26,58,.487,.708,11,70 
436,HOU,360,75,39,43,15,18,.308,.846,0,22 
437,MEM,1808,615,164,359,83,167,.471,.659,19,184 
438,HOU,525,123,122,17,9,15,.412,.829,6,74 
439,TOT,2370,1306,612,318,94,182,.436,.794,53,214 
439,SAC,1668,978,447,252,68,133,.452,.799,34,144 
439,PHI,702,328,165,66,26,49,.396,.776,19,70 
440,MEM,1489,721,229,80,85,90,.460,.750,27,165 
441,TOT,1317,461,167,103,44,73,.441,.763,5,121 
441,BOS,1125,415,139,84,39,58,.475,.773,5,105 
441,CLE,192,46,28,19,5,15,.250,.714,0,16 
442,TOT,2774,948,228,265,96,113,.411,.857,9,215 
442,NOH,934,361,85,109,35,54,.401,.882,1,65 
442,HOU,1840,587,143,156,61,59,.422,.841,8,150 
443,NOH,552,186,129,23,12,37,.437,.680,16,62 
444,BOS,507,175,65,53,21,24,.477,.704,8,69 
445,CHA,135,42,34,1,2,11,.452,.350,12,31 
446,TOT,677,293,89,44,32,37,.424,.614,11,64 
446,DEN,531,236,74,36,30,27,.432,.618,10,51 
446,GSW,146,57,15,8,2,10,.391,.600,1,13 
447,LAC,1005,426,228,38,26,77,.514,.611,24,129 
448,SEA,520,183,66,26,22,16,.523,.618,10,55 
449,SAS,278,81,25,33,14,14,.443,.750,1,26 
450,TOT,315,73,60,8,5,17,.460,.882,8,70 
450,NJN,150,37,31,6,4,11,.519,.900,5,25 
450,TOR,165,36,29,2,1,6,.417,.857,3,45 
451,TOT,1322,424,172,92,38,60,.444,.696,4,147 
451,NJN,739,265,95,42,16,34,.483,.685,2,80 
451,TOR,583,159,77,50,22,26,.393,.717,2,67 
452,CHI,71,6,6,11,2,3,.188,0.0,3,9 
453,MEM,1952,719,122,399,75,130,.506,.792,5,91 
454,NYK,1211,359,283,41,55,65,.513,.669,10,155 
455,MIL,2254,814,244,484,74,196,.456,.850,11,221 
456,CLE,152,33,30,8,4,5,.300,.818,6,30 
457,TOT,1527,741,259,78,38,86,.469,.799,15,218 
457,PHI,1056,518,178,43,26,60,.467,.788,12,144 
457,SAC,471,223,81,35,12,26,.473,.823,3,74 
458,ATL,344,87,76,9,8,15,.398,.739,7,53 
459,TOR,712,176,220,17,8,37,.436,.576,39,78 
460,MIA,40,10,6,0,4,2,.417,0.0,0,6 
461,IND,291,172,45,22,12,17,.510,.922,6,27 
462,MIA,27,7,1,3,4,3,.429,1.000,0,2 
463,MEM,2287,771,613,87,58,100,.471,.662,69,251 
