Rk,Tm,MP,PTS,TRB,AST,STL,TOV,2P%,FT%,BLK,PF 
1,SAC,51,10,10,4,1,1,.214,1.000,0,9 
2,DET,970,276,137,52,31,34,.461,.782,8,83 
3,TOT,165,51,13,8,0,6,.391,.500,1,17 
3,DAL,77,15,4,4,0,3,.263,.833,1,11 
3,NJN,88,36,9,4,0,3,.481,.167,0,6 
4,MIA,177,70,19,19,6,16,.217,.968,0,20 
5,POR,2649,1350,578,122,55,126,.486,.762,94,240 
6,TOT,1096,338,196,44,19,45,.480,.920,31,149 
6,NJN,763,261,128,29,15,32,.475,.923,21,89 
6,DAL,333,77,68,15,4,13,.500,.917,10,60 
7,BOS,2624,1273,268,225,65,127,.485,.907,16,147 
8,BOS,1373,494,168,114,62,109,.455,.762,21,168 
9,CLE,10,3,1,0,0,0,.250,.500,0,1 
10,UTA,39,13,2,3,1,2,.273,.667,0,5 
11,HOU,2526,969,260,392,98,160,.427,.715,18,139 
12,PHI,64,18,12,0,1,2,.500,.286,1,13 
13,NOH,34,6,9,0,0,1,.286,.500,4,6 
14,CHA,396,141,52,44,12,25,.384,.737,1,49 
15,DEN,2806,1978,571,259,98,253,.509,.786,39,253 
16,MIA,498,85,93,3,9,17,.467,.592,31,55 
17,WAS,425,252,51,66,23,49,.475,.771,1,30 
18,TOT,546,192,108,44,31,23,.542,.653,11,45 
18,ORL,115,36,24,8,5,5,.500,.533,3,9 
18,LAL,431,156,84,36,26,18,.556,.683,8,36 
19,NJN,549,123,67,73,28,41,.415,.667,2,53 
20,NOH,732,178,163,23,15,59,.453,.629,34,130 
21,ORL,1269,430,113,219,26,77,.485,.853,2,85 
22,DEN,352,113,31,47,9,10,.395,.444,1,27 
23,ORL,149,40,30,2,5,6,.529,.500,2,18 
24,GSW,1732,692,324,75,45,58,.485,.717,34,159 
25,NYK,952,224,216,40,44,37,.517,.432,30,132 
26,TOT,569,239,45,61,14,37,.517,.771,13,65 
26,PHO,310,125,20,25,8,16,.432,.750,8,38 
26,MIA,259,114,25,36,6,21,.600,.789,5,27 
27,PHO,2421,1283,231,216,75,117,.514,.822,18,195 
28,DAL,460,191,47,58,14,35,.431,.800,1,48 
29,TOR,1861,792,288,89,23,88,.409,.840,37,211 
30,GSW,1414,486,324,139,48,85,.513,.747,36,159 
31,LAC,25,6,1,7,0,1,.500,.500,0,1 
32,MIA,889,326,198,29,19,48,.417,.701,8,114 
33,SAS,554,221,55,54,17,18,.604,.950,3,43 
34,DAL,1557,654,347,58,22,82,.503,.822,48,150 
35,TOR,103,41,26,3,2,4,.680,.700,4,20 
36,HOU,2907,744,407,155,77,78,.504,.743,90,196 
37,GSW,241,95,14,15,5,12,.385,.778,0,15 
38,MIL,1628,514,167,210,52,76,.413,.805,2,121 
39,PHO,2646,889,274,168,54,65,.449,.868,27,220 
40,TOT,1573,667,160,290,54,119,.437,.780,4,97 
40,SAC,473,203,56,75,19,38,.412,.742,2,34 
40,ATL,1100,464,104,215,35,81,.451,.797,2,63 
41,GSW,2078,796,744,75,56,85,.626,.620,94,262 
42,DET,2522,1324,212,529,101,160,.479,.918,17,130 
43,POR,2424,692,195,413,55,113,.409,.766,4,133 
44,WAS,1675,618,425,92,53,112,.480,.695,114,258 
45,MIA,1542,581,263,41,33,70,.469,.638,34,133 
46,ORL,2198,711,266,104,59,53,.520,.736,10,164 
47,MIL,2720,1119,763,199,64,172,.515,.587,135,254 
48,SAS,853,326,192,32,14,39,.487,.864,17,111 
49,NJN,1773,575,509,55,36,68,.548,.456,61,155 
50,PHI,204,24,38,8,6,4,.333,.600,18,35 
51,UTA,2827,1708,844,233,100,210,.547,.738,41,293 
52,TOR,2425,1496,583,171,63,153,.496,.844,67,157 
53,SAS,2448,483,234,91,54,46,.394,.652,22,177 
54,NOH,660,114,100,25,32,15,.495,.552,11,77 
55,CHA,577,185,34,96,13,41,.367,.831,0,21 
56,LAC,274,141,64,16,3,17,.456,.787,15,21 
57,MIN,1803,459,292,111,76,89,.389,.800,25,188 
58,UTA,2088,914,218,134,129,69,.587,.759,19,110 
59,TOT,475,112,81,11,3,24,.468,.600,7,83 
59,CHA,267,37,44,6,0,15,.395,.600,3,35 
59,DET,98,27,19,4,2,5,.769,.500,2,23 
59,TOR,110,48,18,1,1,4,.447,.667,2,25 
60,HOU,608,264,56,87,13,44,.491,.857,5,69 
61,MEM,286,100,92,8,7,14,.500,.449,4,38 
62,CLE,1762,586,263,175,52,99,.447,.754,7,144 
63,TOT,713,184,188,45,22,51,.507,.408,23,82 
63,LAL,509,132,131,28,16,37,.515,.406,19,58 
63,MEM,204,52,57,17,6,14,.487,.412,4,24 
64,BOS,209,39,68,10,5,10,.350,.688,8,29 
65,TOT,240,114,20,17,11,24,.365,.586,3,29 
65,CLE,218,105,18,17,10,19,.390,.609,1,27 
65,CHI,22,9,2,0,1,5,.214,.500,2,2 
66,LAL,3192,2323,517,441,151,257,.490,.840,40,227 
67,MIN,520,124,65,39,21,29,.448,.864,2,63 
68,WAS,2314,1180,388,284,128,150,.492,.901,20,160 
69,NOH,875,252,100,36,15,10,.370,.839,21,66 
70,LAL,1008,460,356,61,12,52,.636,.695,72,98 
71,TOR,2484,922,236,678,87,126,.551,.908,6,134 
72,DEN,2758,721,1037,259,85,118,.455,.708,285,216 
73,MEM,440,124,96,22,10,23,.400,.684,2,62 
74,PHI,1039,409,149,32,39,34,.441,.679,23,96 
75,CHA,2016,720,226,73,46,58,.422,.804,19,187 
76,DEN,1960,545,200,388,107,124,.499,.753,28,172 
77,NJN,2959,1622,453,389,93,181,.482,.816,33,241 
78,TOT,1274,616,136,214,37,97,.461,.882,6,98 
78,LAC,975,486,105,179,28,78,.486,.891,3,69 
78,BOS,299,130,31,35,9,19,.380,.840,3,29 
79,NOH,2783,929,928,81,45,136,.624,.593,84,243 
80,NYK,685,255,127,33,15,27,.458,.630,16,83 
81,ATL,2274,898,373,117,71,98,.595,.807,43,129 
82,UTA,702,118,116,37,10,22,.444,.622,6,106 
83,TOT,1172,140,178,25,23,48,.473,.459,25,194 
83,NJN,684,60,89,19,11,23,.426,.389,8,110 
83,MEM,488,80,89,6,12,25,.517,.526,17,84 
84,NYK,634,145,75,89,24,56,.343,.605,8,56 
85,SEA,2223,767,730,113,47,118,.504,.737,60,250 
86,MEM,1381,498,139,222,44,89,.453,.732,2,85 
87,TOT,629,238,109,27,13,39,.378,.905,12,93 
87,LAL,70,14,10,3,2,4,.182,1.000,0,6 
87,ORL,559,224,99,24,11,35,.398,.882,12,87 
88,MIA,1441,518,177,75,23,63,.424,.825,9,157 
89,NYK,3190,1645,207,398,81,192,.439,.864,17,144 
90,TOT,679,278,110,51,19,55,.449,.692,2,47 
90,LAL,171,72,21,18,7,22,.500,.679,0,12 
90,MEM,508,206,89,33,12,33,.432,.697,2,35 
91,GSW,457,173,104,30,8,22,.513,.906,6,60 
92,NYK,1530,781,275,32,14,126,.546,.623,29,157 
93,PHI,2724,864,849,45,40,155,.514,.707,192,269 
94,DAL,1755,440,539,63,24,80,.643,.575,106,226 
95,WAS,2161,597,203,340,69,91,.504,.776,2,78 
96,IND,1546,606,212,137,79,112,.466,.698,18,121 
97,CHA,322,120,62,13,7,17,.408,.643,15,46 
98,GSW,3196,1791,385,623,191,232,.477,.750,43,247 
99,BOS,940,313,208,28,31,65,.484,.660,20,160 
100,LAC,194,54,47,10,6,9,.369,.600,6,33 
101,MIA,2963,1130,353,276,87,191,.447,.787,14,187 
102,TOR,1928,738,359,145,69,75,.412,.744,11,177 
103,CHI,2128,1070,394,155,57,120,.482,.770,29,117 
104,PHO,2308,725,378,317,61,155,.488,.744,39,166 
105,DEN,542,153,62,37,8,16,.500,.710,3,61 
106,LAC,18,5,2,1,0,0,.333,.600,0,0 
107,LAC,1040,352,97,172,32,55,.468,.829,3,108 
108,CLE,12,2,1,1,0,0,.333,0.0,1,1 
109,IND,1356,456,115,251,35,55,.431,.901,4,107 
110,IND,305,168,85,10,7,20,.478,.851,3,43 
111,TOT,1295,226,392,40,26,58,.522,.543,88,146 
111,DAL,894,158,270,26,20,42,.583,.600,63,100 
111,NJN,401,68,122,14,6,16,.415,.467,25,46 
112,TOT,668,263,75,97,21,54,.409,.808,2,62 
112,TOR,424,153,47,65,21,35,.347,.947,2,38 
112,DET,244,110,28,32,0,19,.523,.429,0,24 
113,MIN,257,57,49,7,10,12,.444,.500,10,44 
114,ORL,1334,581,101,133,36,61,.492,.845,5,131 
115,SAC,876,354,83,53,30,59,.423,.923,12,80 
116,CHA,1384,422,286,81,55,50,.502,.737,10,128 
117,CHI,1490,385,116,263,48,71,.418,.813,2,92 
118,SAS,2651,1508,881,218,56,178,.498,.730,152,185 
119,IND,2953,1565,424,288,86,190,.504,.834,31,208 
120,TOT,21,4,8,1,1,0,.333,1.000,0,0 
120,DET,3,0,0,0,0,0,0.0,0.0,0,0 
120,SEA,18,4,8,1,1,0,.333,1.000,0,0 
121,SEA,2768,1624,348,192,78,232,.455,.873,75,122 
122,GSW,3071,1636,404,315,124,173,.545,.767,27,195 
123,TOT,813,210,200,24,15,47,.391,.703,20,96 
123,SAS,534,144,135,16,9,30,.419,.833,14,62 
123,SEA,279,66,65,8,6,17,.345,.462,6,34 
124,NOH,621,202,145,22,7,42,.472,.552,18,79 
125,TOT,1720,664,218,81,46,40,.539,.711,10,142 
125,LAL,96,31,9,12,5,0,.381,.800,1,10 
125,ORL,1624,633,209,69,41,40,.549,.691,9,132 
126,PHI,1879,425,611,65,86,108,.438,.467,8,213 
127,LAL,1690,749,183,225,77,108,.546,.679,5,105 
128,TOT,269,107,89,11,8,13,.575,.682,11,25 
128,DAL,9,4,3,0,0,0,.400,0.0,0,0 
128,LAC,260,103,86,11,8,13,.587,.682,11,25 
129,CHA,2972,1140,236,583,96,213,.447,.800,12,184 
130,UTA,70,14,25,2,0,8,.375,.500,3,19 
131,SAS,2204,826,254,114,29,56,.453,.800,10,93 
132,LAL,2249,956,170,239,86,90,.453,.883,3,188 
133,TOR,1199,617,100,313,54,102,.488,.880,0,93 
134,IND,1884,496,668,129,56,62,.554,.593,32,221 
135,MIN,1259,510,128,164,36,79,.436,.815,3,102 
136,ORL,774,156,208,18,16,32,.458,.471,45,94 
137,LAC,163,47,14,8,2,6,.448,.000,0,7 
138,HOU,199,55,23,30,9,14,.375,.565,5,25 
139,POR,1342,530,354,57,29,55,.492,.780,27,208 
140,MIL,534,161,144,11,20,34,.418,.524,24,83 
141,TOR,74,22,15,3,3,1,.222,0.0,0,2 
142,SAC,2096,971,264,128,96,128,.508,.779,50,232 
143,CHI,45,21,4,1,0,4,.545,.000,0,4 
144,BOS,2328,1337,655,244,100,138,.545,.801,89,163 
145,ORL,284,66,44,13,6,17,.442,.800,1,35 
146,TOT,2351,1246,553,211,30,124,.539,.807,98,139 
146,MEM,1433,738,342,116,16,80,.507,.819,56,85 
146,LAL,918,508,211,95,14,44,.590,.789,42,54 
147,MEM,3000,1632,499,158,111,190,.507,.785,79,230 
148,SEA,465,168,58,33,10,27,.442,.778,9,31 
149,DAL,821,194,137,35,19,24,.374,.706,13,90 
150,CLE,1765,605,134,145,47,76,.421,.810,14,163 
151,TOT,154,38,22,22,7,9,.438,1.000,2,18 
151,NJN,149,38,22,21,7,8,.467,1.000,2,18 
151,SEA,5,0,0,1,0,1,.000,0.0,0,0 
152,SAS,2299,1442,354,332,109,200,.499,.860,33,173 
153,TOT,831,325,96,62,24,52,.478,.885,4,82 
153,UTA,279,95,31,16,13,21,.426,1.000,1,24 
153,PHI,110,37,14,11,3,8,.308,.750,1,9 
153,PHO,442,193,51,35,8,23,.550,.941,2,49 
154,MIN,2434,1033,475,145,65,96,.491,.830,10,154 
155,TOT,2122,826,590,81,48,122,.452,.753,53,203 
155,CLE,1564,574,423,50,35,91,.446,.728,30,144 
155,CHI,558,252,167,31,13,31,.467,.813,23,59 
156,CHI,2291,1336,221,213,55,150,.445,.908,8,171 
157,ORL,41,18,16,2,1,2,.471,.667,1,4 
158,TOR,331,138,67,15,3,23,.427,.844,0,47 
159,IND,128,87,22,9,4,10,.614,.750,1,14 
160,IND,2876,1567,486,166,95,171,.468,.852,84,290 
161,CHI,613,262,168,41,21,57,.507,.566,16,117 
162,TOT,362,153,64,29,8,32,.330,.829,4,45 
162,MIN,358,147,62,29,8,32,.312,.829,4,43 
162,HOU,4,6,2,0,0,0,1.000,0.0,0,2 
163,SEA,2253,838,379,119,46,158,.444,.744,49,198 
164,TOT,74,27,10,11,2,9,.357,.917,0,5 
164,POR,44,17,4,8,1,7,.375,1.000,0,3 
164,DEN,30,10,6,3,1,2,.333,.750,0,2 
165,PHI,1970,921,182,151,54,109,.475,.757,22,119 
166,SAC,61,6,6,3,3,7,.300,0.0,1,9 
167,TOT,307,65,59,27,17,21,.395,.556,2,27 
167,CHI,222,51,37,22,12,16,.400,.429,1,19 
167,SEA,85,14,22,5,5,5,.375,1.000,1,8 
168,DET,2424,1244,235,299,73,132,.492,.833,10,171 
169,MIA,325,60,35,35,19,13,.341,.889,1,24 
170,UTA,1374,622,240,82,45,95,.506,.712,14,162 
171,GSW,2190,1102,439,132,74,90,.482,.774,16,266 
172,CHA,166,46,42,4,1,11,.429,.625,4,34 
173,TOT,2022,946,173,369,90,161,.504,.824,10,190 
173,DAL,1184,560,91,206,56,93,.511,.821,2,127 
173,NJN,838,386,82,163,34,68,.493,.829,8,63 
174,HOU,159,62,54,3,6,9,.519,.615,3,16 
175,IND,702,229,118,14,20,58,.529,.510,59,164 
176,UTA,606,165,55,86,30,28,.315,.844,3,75 
177,MIA,1805,589,443,68,39,67,.467,.810,18,145 
178,TOT,773,123,83,41,13,22,.437,.700,3,90 
178,DAL,463,76,44,26,9,14,.474,.500,1,55 
178,NJN,310,47,39,15,4,8,.380,.750,2,35 
179,SAC,931,334,230,44,14,56,.478,.655,40,128 
180,HOU,1575,237,427,91,85,62,.518,.458,43,212 
181,DET,1287,552,178,62,47,47,.465,.750,6,137 
182,WAS,2228,848,576,71,31,108,.528,.735,133,216 
183,HOU,1379,557,135,138,44,70,.504,.815,9,75 
184,TOT,373,153,73,18,7,12,.450,.840,1,24 
184,CHA,174,68,36,4,4,4,.410,.900,0,12 
184,DET,199,85,37,14,3,8,.488,.800,1,12 
185,DEN,266,85,87,15,9,21,.414,.551,14,46 
186,PHO,2222,919,353,203,65,96,.535,.867,56,153 
187,CHI,2380,862,244,452,87,157,.442,.831,19,224 
188,CHA,532,147,107,14,10,25,.489,.671,30,96 
189,ATL,2540,821,785,124,60,137,.502,.731,76,267 
190,SAS,583,112,109,47,21,22,.408,.643,19,55 
191,BOS,1480,584,167,152,59,76,.429,.917,10,114 
192,ORL,3088,1695,1161,110,74,263,.601,.590,176,274 
193,DAL,2757,1513,532,164,59,114,.482,.813,32,202 
194,DAL,353,57,81,17,5,17,.359,.786,2,62 
195,GSW,93,28,7,9,3,7,.263,1.000,0,4 
196,TOT,2020,827,230,181,99,116,.392,.798,17,139 
196,CLE,1210,491,143,94,60,72,.389,.815,11,91 
196,CHI,810,336,87,87,39,44,.396,.775,6,48 
197,TOR,925,397,259,28,25,47,.486,.605,28,107 
198,DET,215,58,13,33,13,13,.395,.778,2,30 
199,DEN,120,39,29,0,0,7,.536,.450,6,20 
200,PHI,3242,1630,446,391,171,214,.496,.721,49,187 
201,CLE,2222,1029,682,104,34,135,.475,.802,120,247 
202,TOT,326,83,72,10,7,12,.464,.417,26,70 
202,GSW,130,19,31,4,3,4,.391,.500,10,32 
202,LAL,196,64,41,6,4,8,.492,.400,16,38 
203,DEN,3424,2164,243,586,160,245,.482,.809,12,109 
204,MIL,1437,418,118,160,45,75,.421,.726,7,166 
205,POR,2229,814,234,313,61,178,.470,.867,1,129 
206,TOT,1389,553,181,139,45,59,.439,.790,5,96 
206,NOH,891,325,110,76,32,31,.414,.816,3,59 
206,HOU,498,228,71,63,13,28,.469,.750,2,37 
207,MIA,228,79,33,17,8,9,.300,.696,0,22 
208,GSW,2855,1466,318,300,92,197,.435,.832,29,171 
209,MEM,547,107,65,20,5,16,.535,.765,1,34 
210,NYK,5,4,3,0,0,0,1.000,1.000,0,0 
211,CLE,3027,2250,592,539,138,255,.531,.712,81,165 
212,TOT,720,272,69,60,21,36,.363,.813,2,56 
212,HOU,537,215,52,54,17,29,.362,.786,2,44 
212,NOH,183,57,17,6,4,7,.366,1.000,0,12 
213,WAS,3061,1689,806,120,106,113,.468,.760,34,195 
214,MIN,2189,621,222,311,97,128,.451,.742,32,180 
215,MIN,2919,1726,911,117,74,167,.502,.721,119,222 
216,NJN,3200,1857,342,252,76,199,.486,.798,21,225 
217,NYK,1325,269,243,66,36,64,.424,.527,23,132 
218,MIL,1647,566,344,55,36,90,.427,.841,56,153 
219,MIA,549,179,94,13,13,42,.488,.687,10,80 
220,DET,764,221,235,29,24,39,.558,.673,82,141 
221,TOT,1531,387,137,262,52,84,.431,.814,9,115 
221,ATL,1121,283,98,202,42,50,.431,.813,8,86 
221,SAC,410,104,39,60,10,34,.431,.818,1,29 
222,SAS,28,17,1,1,1,0,.800,.000,0,4 
223,ATL,3343,1779,367,474,84,223,.454,.834,18,168 
224,TOT,63,21,14,4,0,5,.500,1.000,1,11 
224,PHO,53,15,13,3,0,2,.500,0.0,1,10 
224,TOR,10,6,1,1,0,3,.500,1.000,0,1 
225,TOT,531,178,92,28,15,28,.483,.784,3,85 
225,DEN,222,84,38,11,5,14,.415,.821,1,46 
225,MEM,137,40,27,11,5,5,.478,.900,2,17 
225,HOU,9,4,1,0,1,1,.500,0.0,0,3 
225,MIA,143,48,24,5,2,7,.647,.615,0,18 
225,SAS,20,2,2,1,2,1,.500,0.0,0,1 
226,SAC,206,81,35,12,8,10,.468,.667,6,28 
227,CLE,1336,437,72,126,19,36,.414,.714,1,66 
228,CLE,472,78,140,10,10,17,.543,.483,25,88 
229,DAL,922,176,132,69,26,29,.500,.714,8,72 
230,NYK,1757,532,170,166,48,78,.450,.746,18,140 
231,POR,1276,463,161,34,24,28,.426,.878,15,96 
232,ATL,145,35,42,0,3,11,.429,.550,5,28 
233,LAC,2083,878,711,107,33,164,.486,.762,155,179 
234,TOR,1530,580,120,65,34,58,.489,.860,2,131 
235,LAL,71,30,14,9,4,5,.385,.800,2,4 
236,CHI,105,32,20,8,6,6,.400,.571,0,11 
237,TOT,2906,864,600,806,136,266,.387,.818,26,165 
237,NJN,1895,577,412,530,74,185,.374,.820,15,90 
237,DAL,1011,287,188,276,62,81,.411,.815,11,75 
238,MEM,96,40,12,2,3,3,.419,.833,0,11 
239,UTA,2217,792,339,285,86,140,.540,.770,109,165 
240,DEN,1889,880,333,95,44,89,.568,.770,19,181 
241,LAC,1674,338,142,328,100,71,.411,.873,11,160 
242,TOT,1732,740,172,101,42,75,.516,.915,29,192 
242,PHI,657,249,73,33,20,28,.437,.912,6,67 
242,UTA,1075,491,99,68,22,47,.575,.917,23,125 
243,NJN,812,298,200,27,9,41,.413,.754,17,111 
244,POR,291,65,67,6,12,10,.474,.579,17,59 
245,HOU,711,342,207,21,17,26,.619,.661,7,98 
246,SAS,10,2,2,0,0,0,.250,0.0,0,1 
247,TOT,303,83,53,3,13,15,.451,.594,22,35 
247,GSW,0,0,0,0,0,0,0.0,0.0,0,0 
247,MIA,303,83,53,3,13,15,.451,.594,22,35 
248,ATL,865,235,57,113,29,56,.433,.792,0,73 
249,NYK,2356,876,724,95,55,97,.554,.819,29,210 
250,ORL,3076,1476,437,196,99,140,.498,.838,38,214 
251,MEM,2089,791,250,296,92,127,.487,.698,22,185 
252,TOT,736,290,54,74,11,27,.443,.781,1,66 
252,ATL,564,226,41,59,11,22,.441,.857,0,38 
252,DAL,172,64,13,15,0,5,.450,.250,1,28 
253,MIN,151,9,38,4,3,9,.158,.250,2,25 
254,LAC,2502,1547,394,189,71,195,.477,.812,7,210 
255,TOT,286,56,89,7,1,30,.327,.455,10,50 
255,NJN,259,44,81,7,0,23,.306,.452,10,42 
255,DAL,27,12,8,0,1,7,.500,.462,0,8 
256,SAS,23,21,5,1,0,2,.500,1.000,4,4 
257,NYK,805,333,59,113,21,48,.435,.716,2,57 
258,TOT,2315,972,643,138,125,86,.567,.707,85,150 
258,PHO,1713,743,464,98,95,49,.599,.713,70,117 
258,MIA,602,229,179,40,30,37,.494,.690,15,33 
259,PHO,130,59,36,4,3,8,.564,.632,10,23 
260,TOT,340,98,76,10,6,15,.378,.864,16,31 
260,CLE,156,41,30,5,2,6,.238,.778,9,16 
260,SEA,184,57,46,5,4,9,.500,.923,7,15 
261,TOR,141,27,7,21,6,1,.296,.833,0,12 
262,DEN,2159,877,461,90,88,91,.544,.580,85,235 
263,SAC,2216,1443,273,129,62,131,.478,.869,5,150 
264,MIL,1702,574,256,121,40,83,.482,.659,30,106 
265,WAS,1708,724,130,134,40,69,.498,.873,18,140 
266,DET,1768,651,433,46,21,71,.539,.633,94,183 
267,MIN,2020,1114,206,162,66,172,.481,.748,18,234 
268,DEN,33,3,7,0,0,4,1.000,.500,5,7 
269,DET,2285,683,666,89,61,75,.490,.622,53,246 
270,HOU,2440,1427,339,387,68,160,.457,.684,30,91 
271,WAS,695,93,139,40,20,40,.392,.438,26,76 
272,CHA,1410,242,96,220,23,76,.457,.767,3,120 
273,POR,28,12,10,2,1,2,.667,0.0,0,1 
274,LAL,278,82,77,13,4,17,.337,.667,14,42 
275,UTA,689,297,78,53,32,27,.522,.788,8,98 
276,MEM,1663,505,424,58,32,101,.439,.554,114,185 
277,PHI,3016,1398,324,565,105,206,.504,.772,6,181 
278,SAC,2513,964,681,264,69,164,.484,.848,74,247 
279,MEM,2474,1147,467,240,35,182,.557,.774,16,145 
280,UTA,1702,661,460,81,72,87,.508,.677,73,269 
281,HOU,2044,1209,594,129,25,183,.508,.850,111,171 
282,LAC,2702,984,275,202,78,123,.457,.819,34,152 
283,TOT,1650,639,494,72,45,101,.516,.583,60,230 
283,DET,228,69,73,6,7,11,.483,.433,8,36 
283,CHA,1422,570,421,66,38,90,.520,.617,52,194 
284,TOR,2166,661,484,90,80,51,.528,.741,108,152 
285,SAC,2385,698,494,84,35,110,.579,.736,46,310 
286,NYK,181,56,37,2,4,9,.362,.483,2,37 
287,MIA,389,149,93,7,4,25,.547,.592,42,56 
288,IND,2106,916,543,165,49,96,.484,.797,32,217 
289,TOT,874,396,83,144,38,84,.441,.694,4,50 
289,DET,347,142,36,64,13,31,.455,.595,1,19 
289,IND,527,254,47,80,25,53,.432,.754,3,31 
290,HOU,619,118,199,5,11,17,.538,.711,48,55 
291,NJN,1660,738,260,88,44,85,.435,.786,21,182 
292,DEN,1664,464,337,95,69,59,.548,.708,40,199 
293,PHO,2780,1371,282,898,53,295,.527,.906,5,113 
294,MEM,2117,896,210,177,48,134,.455,.849,1,94 
295,ORL,1961,755,243,383,63,141,.488,.828,4,167 
296,TOR,1486,552,342,82,20,60,.552,.755,52,132 
297,TOT,698,188,125,18,28,34,.480,.769,8,69 
297,CLE,650,177,114,14,27,31,.496,.769,7,64 
297,SEA,17,4,0,1,0,0,.400,0.0,0,0 
297,LAL,31,7,11,3,1,3,.286,0.0,1,5 
298,TOT,44,15,5,1,0,4,.300,0.0,3,4 
298,CLE,14,2,1,0,0,2,.200,0.0,0,0 
298,CHI,30,13,4,1,0,2,.400,0.0,3,4 
299,CHI,1534,488,416,84,68,89,.484,.691,64,173 
300,CHI,2021,1080,342,95,25,133,.476,.807,43,245 
301,HOU,264,135,35,6,2,4,.484,.750,3,17 
302,DAL,2769,1817,659,266,51,160,.504,.879,71,198 
303,GSW,99,35,29,4,4,7,.552,.600,9,27 
304,IND,1206,571,283,93,20,106,.444,.742,87,129 
305,TOT,1748,832,554,93,32,181,.593,.503,88,228 
305,MIA,945,470,258,45,19,98,.581,.494,54,134 
305,PHO,803,362,296,48,13,83,.611,.513,34,94 
306,SAS,1644,397,430,95,37,51,.610,.607,20,203 
307,LAL,2921,1094,819,273,75,156,.566,.698,72,222 
308,CHA,2718,1133,876,70,62,164,.535,.570,138,241 
309,UTA,2390,1047,556,145,55,104,.475,.804,29,236 
310,PHI,300,70,19,38,10,5,.426,.800,0,28 
311,ORL,7,4,0,0,0,1,.667,0.0,0,1 
312,POR,2186,1092,376,106,59,107,.437,.741,63,173 
313,IND,392,123,47,47,13,24,.328,.735,3,37 
314,ATL,944,322,248,36,24,69,.442,.706,13,140 
315,NOH,1497,644,130,192,50,93,.406,.877,5,123 
316,TOR,2634,1025,334,183,79,87,.499,.816,17,157 
317,TOT,592,165,51,84,24,44,.434,.679,6,60 
317,MIA,183,43,19,15,5,8,.367,.750,3,13 
317,LAC,409,122,32,69,19,36,.461,.667,3,47 
318,SAS,2312,1295,221,411,55,164,.510,.715,8,93 
319,LAC,327,102,64,17,21,27,.464,.558,7,37 
320,NOH,3006,1684,321,925,217,201,.516,.851,4,185 
321,CLE,1188,379,128,82,29,55,.388,.688,6,117 
322,WAS,320,125,66,7,6,17,.415,.645,5,30 
323,BOS,1912,542,474,84,31,125,.617,.623,114,242 
324,GSW,38,10,13,1,0,1,.300,.667,2,6 
325,NOH,1796,608,206,67,47,41,.445,.765,7,125 
326,SEA,1310,432,370,32,35,73,.420,.736,42,173 
327,PHO,113,39,12,10,0,6,.143,1.000,1,11 
328,BOS,2874,1570,411,363,101,221,.499,.843,36,200 
329,GSW,1316,472,242,49,66,48,.510,.673,43,200 
330,BOS,173,39,37,3,3,5,.522,.682,6,43 
331,BOS,1821,545,322,114,72,65,.496,.809,19,182 
332,BOS,809,445,227,15,15,43,.575,.710,16,127 
333,LAC,1228,353,331,47,14,65,.465,.724,23,130 
334,MIA,304,84,44,18,9,5,.435,.667,2,18 
335,UTA,588,228,46,78,32,30,.481,.684,3,83 
336,DET,2694,1080,398,268,42,91,.463,.768,33,90 
337,BOS,95,32,8,13,5,5,.407,.500,0,10 
338,POR,1819,371,649,27,13,95,.578,.680,93,234 
339,MIA,1340,465,118,178,46,55,.439,.867,4,90 
340,LAL,1483,543,215,123,46,73,.507,.800,12,147 
341,PHI,27,8,11,3,1,2,.286,0.0,3,5 
342,NYK,2244,1217,710,140,59,186,.474,.772,16,194 
343,TOT,437,111,89,14,7,21,.488,.674,37,59 
343,MIN,214,63,39,7,3,12,.523,.680,19,30 
343,DET,223,48,50,7,4,9,.450,.667,18,29 
344,MIL,2702,1632,309,247,65,181,.475,.820,13,120 
345,ORL,276,140,23,16,4,15,.477,.794,0,29 
346,MIN,556,98,135,18,10,24,.471,.593,12,83 
347,CHA,3149,1788,441,258,116,166,.466,.752,57,241 
348,TOT,132,41,9,2,3,6,.360,1.000,0,13 
348,MEM,15,0,1,1,0,1,.000,0.0,0,2 
348,SAS,29,10,1,1,1,0,.500,1.000,0,5 
348,ATL,88,31,7,0,2,5,.421,0.0,0,6 
349,NYK,1841,527,315,116,44,69,.381,.682,15,153 
350,SEA,1223,393,94,241,37,80,.424,.857,14,120 
351,NYK,1883,913,222,212,60,103,.478,.786,1,186 
352,POR,628,180,58,123,24,53,.377,.658,0,57 
353,BOS,2306,814,322,393,129,147,.499,.611,13,187 
354,NYK,494,171,103,28,16,40,.370,.725,7,80 
355,LAC,1505,311,172,88,43,29,.389,.667,33,132 
356,POR,2792,1416,348,430,79,136,.480,.753,16,147 
357,MIL,632,91,186,24,31,19,.532,.397,19,93 
358,IND,1504,588,168,89,42,62,.410,.714,19,108 
359,SAC,2517,1015,349,208,93,170,.504,.823,31,171 
360,DET,31,7,7,0,1,1,.750,.500,2,8 
361,BOS,512,88,79,40,9,26,.292,.750,8,63 
362,HOU,2024,847,525,106,60,105,.517,.668,19,235 
363,CHI,1436,464,255,129,61,93,.453,.721,30,128 
364,SEA,62,30,16,1,0,0,.458,.471,7,9 
365,MIL,450,137,58,127,17,36,.436,.780,3,26 
366,MIL,1521,531,226,80,50,78,.458,.757,5,140 
367,TOT,87,8,18,0,2,6,.286,.000,5,8 
367,CLE,68,4,15,0,2,4,.333,.000,5,7 
367,CHI,19,4,3,0,0,2,.250,.000,0,1 
368,IND,11,0,2,1,0,0,.000,0.0,0,2 
369,PHO,844,219,238,15,21,39,.462,.524,77,112 
370,MIN,1547,727,353,60,36,89,.572,.665,17,217 
371,DEN,1421,907,152,128,62,112,.542,.719,12,144 
372,PHI,1107,340,230,20,22,48,.463,.659,50,142 
373,TOT,1726,778,401,66,34,71,.480,.755,47,186 
373,CHI,1146,559,265,47,25,49,.467,.807,31,113 
373,CLE,580,219,136,19,9,22,.518,.652,16,73 
374,ATL,2873,1394,667,272,123,245,.477,.710,227,269 
375,CLE,305,22,20,42,10,10,.167,.455,4,30 
376,TOT,761,261,126,64,20,52,.548,.727,15,55 
376,HOU,81,34,12,8,1,4,.579,.545,1,6 
376,MIN,680,227,114,56,19,48,.544,.753,14,49 
377,WAS,1554,495,271,135,53,86,.460,.918,16,181 
378,DAL,1412,618,133,145,28,86,.447,.892,10,82 
379,WAS,2564,917,235,252,65,102,.390,.797,15,110 
380,NOH,2711,1263,331,96,57,61,.438,.929,10,127 
381,MIL,259,92,54,16,7,10,.476,.483,1,41 
382,TOT,1037,317,118,165,30,80,.372,.794,2,76 
382,MEM,624,211,71,112,19,50,.410,.808,0,46 
382,SAS,413,106,47,53,11,30,.330,.750,2,30 
383,ATL,402,200,24,28,7,21,.379,.820,5,34 
384,PHO,2677,1989,719,118,64,174,.601,.805,163,294 
385,PHO,270,73,28,30,12,11,.343,.474,6,36 
386,DET,1081,436,129,160,49,78,.410,.814,6,113 
387,SEA,98,14,18,1,5,10,.353,1.000,6,16 
388,TOT,844,343,199,26,15,51,.513,.670,54,113 
388,MEM,549,238,129,22,10,39,.531,.642,36,74 
388,NJN,295,105,70,4,5,12,.477,.750,18,39 
389,TOT,1736,861,217,104,23,76,.438,.851,12,103 
389,SEA,1180,656,136,69,14,56,.476,.843,5,67 
389,CLE,556,205,81,35,9,20,.357,.878,7,36 
390,MIN,1933,556,135,355,59,111,.432,.743,11,171 
391,DAL,2579,1269,208,264,88,92,.519,.857,18,170 
392,TOT,42,14,2,0,1,4,.000,1.000,0,4 
392,NJN,8,2,0,0,0,1,0.0,1.000,0,0 
392,CLE,34,12,2,0,1,3,.000,0.0,0,4 
393,SAC,281,32,61,13,6,21,.421,.000,1,38 
394,TOT,1584,443,507,67,56,46,.494,.663,57,188 
394,SEA,1060,317,369,53,35,28,.513,.696,43,131 
394,SAS,524,126,138,14,21,18,.452,.583,14,57 
395,LAC,1940,780,323,171,40,98,.479,.752,29,192 
396,CHI,1330,502,342,90,48,77,.426,.741,72,170 
397,LAC,2158,1005,358,98,46,128,.447,.743,43,195 
398,IND,1293,464,141,326,66,130,.422,.720,10,97 
399,PHO,48,22,8,0,0,0,.389,.833,1,2 
400,LAL,1458,516,306,128,28,72,.475,.753,108,199 
401,ORL,3026,1602,471,409,74,246,.485,.829,25,244 
402,SAS,1316,423,228,63,56,58,.467,.759,17,127 
403,SAC,2080,834,217,282,56,148,.482,.850,10,138 
404,CLE,1320,321,399,53,37,59,.464,.598,26,134 
405,SAS,1139,306,74,159,23,54,.432,.763,1,97 
406,MIL,1829,886,466,78,30,107,.475,.783,35,174 
407,NOH,69,28,8,2,1,3,.500,.455,1,4 
408,MIL,386,98,97,13,9,29,.463,.828,21,83 
409,LAL,1279,632,154,72,36,52,.476,.835,5,107 
410,MIA,1954,1254,214,354,87,224,.485,.758,37,137 
411,TOT,154,46,19,7,2,13,.371,.667,3,7 
411,DEN,90,27,10,5,2,11,.391,.750,1,4 
411,POR,64,19,9,2,0,2,.333,.500,2,3 
412,MIN,892,368,168,45,33,46,.401,.530,8,80 
413,TOT,2205,348,604,105,88,67,.397,.426,117,121 
413,CHI,1627,255,441,92,69,49,.378,.424,80,86 
413,CLE,578,93,163,13,19,18,.457,.432,37,35 
414,CHA,2376,1200,373,216,131,180,.491,.731,58,189 
415,DET,2346,979,511,137,91,86,.476,.767,129,213 
416,LAL,1729,535,291,218,60,100,.475,.706,18,133 
417,MEM,1754,852,356,53,36,85,.521,.704,28,156 
418,SAS,146,53,20,15,5,14,.472,.538,0,16 
419,SAC,71,12,12,0,2,7,.333,.400,2,8 
420,GSW,368,118,32,35,15,18,.453,.793,0,19 
421,SEA,2269,838,225,531,69,175,.472,.766,11,158 
422,GSW,126,35,32,18,4,11,.484,.417,6,17 
423,POR,2132,799,296,90,42,83,.454,.735,28,159 
424,TOT,1562,662,331,97,75,103,.462,.643,32,157 
424,HOU,1124,469,260,80,51,76,.447,.638,24,113 
424,NOH,438,193,71,17,24,27,.503,.660,8,44 
425,NOH,2870,1564,675,177,62,165,.487,.850,99,208 
426,TOT,1533,507,193,229,59,117,.435,.736,29,103 
426,SEA,727,239,96,113,30,66,.402,.667,10,44 
426,CLE,806,268,97,116,29,51,.479,.788,19,59 
427,ATL,269,59,48,13,12,9,.467,.654,4,61 
428,SEA,1739,828,433,74,46,103,.526,.645,36,174 
429,SEA,1843,698,245,150,62,89,.427,.736,19,128 
430,TOT,188,41,19,14,9,9,.500,1.000,0,13 
430,DEN,122,24,12,6,5,5,.444,1.000,0,9 
430,WAS,44,5,6,3,3,1,.500,0.0,0,2 
430,SEA,22,12,1,5,1,3,.625,1.000,0,2 
431,LAC,297,68,61,9,12,13,.491,.778,15,44 
432,UTA,3059,1545,243,862,90,279,.533,.803,23,200 
433,MIA,1886,588,130,307,83,91,.415,.863,5,93 
434,TOT,123,34,49,0,5,4,.448,.308,5,17 
434,SAC,117,31,48,0,5,3,.462,.318,5,14 
434,HOU,6,3,1,0,0,1,.333,.250,0,3 
435,PHI,1862,920,167,253,81,125,.441,.783,13,130 
436,NJN,854,313,101,140,25,75,.377,.787,3,52 
437,TOT,36,10,12,3,1,0,.250,0.0,1,3 
437,SAS,2,0,0,0,0,0,.000,0.0,1,0 
437,LAC,34,10,12,3,1,0,.263,0.0,0,3 
438,ATL,2765,1185,457,137,81,127,.466,.822,33,225 
439,MIL,2410,1137,230,419,78,182,.512,.856,10,188 
440,NJN,1278,409,322,28,28,70,.538,.609,106,193 
441,IND,967,437,176,59,26,58,.494,.717,26,132 
442,TOT,776,255,205,19,22,35,.438,.676,21,110 
442,ATL,414,109,107,11,13,14,.374,.686,11,60 
442,SAC,362,146,98,8,9,21,.495,.667,10,50 
443,HOU,17,6,1,2,0,0,.600,0.0,0,2 
444,SAC,2172,1168,328,199,133,148,.475,.719,38,159 
445,TOT,1232,350,147,80,28,50,.475,.687,21,127 
445,NJN,1056,298,125,67,26,39,.473,.707,17,105 
445,DAL,176,52,22,13,2,11,.485,.556,4,22 
446,GSW,376,151,99,9,6,13,.554,.675,22,36 
447,MIA,1104,347,220,60,29,29,.493,.826,41,79 
448,NOH,640,223,117,40,29,34,.552,.635,12,43 
449,TOT,161,15,38,4,3,4,.286,.500,3,31 
449,ATL,148,13,37,3,3,2,.294,.500,3,26 
449,SAC,13,2,1,1,0,2,.250,0.0,0,5 
450,WAS,1158,561,115,63,35,94,.450,.815,7,130 
