Rk,Tm,MP,PTS,TRB,AST,STL,TOV,2P%,FT%,BLK,PF 
1,TOT,847,171,216,28,23,30,.492,.660,26,122 
1,TOR,61,19,15,4,4,2,.444,.625,3,8 
1,SAC,786,152,201,24,19,28,.496,.667,23,114 
2,OKC,1197,265,332,43,40,71,.503,.581,57,203 
3,TOT,961,362,306,38,24,39,.520,.639,36,108 
3,CHA,256,57,88,7,7,8,.550,.520,15,35 
3,MIL,705,305,218,31,17,31,.515,.670,21,73 
4,ORL,2552,1330,262,248,35,146,.473,.815,3,136 
5,NOP,951,328,277,40,23,63,.548,.836,46,187 
6,NYK,330,92,129,14,8,18,.541,.867,30,40 
7,POR,2498,1603,765,178,63,123,.461,.822,68,147 
8,TOT,1072,303,311,71,24,44,.460,.660,33,126 
8,PHI,960,263,277,65,22,40,.455,.675,27,115 
8,IND,112,40,34,6,2,4,.500,.600,6,11 
9,MIA,1936,701,205,143,54,84,.530,.905,8,115 
10,MEM,1278,495,208,94,90,90,.527,.628,19,121 
11,NOP,2045,572,496,114,82,88,.496,.664,38,147 
12,TOT,185,38,55,6,9,14,.500,.250,11,49 
12,NOP,184,38,55,6,9,14,.500,.250,11,49 
12,CHI,1,0,0,0,0,0,0.0,0.0,0,0 
13,MIA,1396,477,379,19,32,53,.662,.710,97,162 
14,BRK,1773,564,175,81,48,62,.464,.780,11,147 
15,PHI,2309,810,300,149,74,106,.530,.726,28,154 
16,NOP,795,436,142,17,10,20,.463,.952,7,47 
17,MIL,1897,525,339,150,60,122,.440,.683,61,173 
18,NYK,2982,2112,622,242,95,198,.469,.848,51,224 
19,TOT,186,28,38,2,3,3,.375,.500,12,17 
19,MIA,37,6,7,0,0,1,.333,1.000,4,4 
19,BOS,149,22,31,2,3,2,.385,.333,8,13 
20,ATL,925,352,209,58,19,55,.545,.758,12,126 
21,WAS,2723,1107,475,191,126,132,.509,.772,20,179 
22,GSW,97,25,47,5,4,6,.474,.438,4,11 
23,DEN,1161,401,210,61,39,58,.399,.855,47,185 
24,HOU,968,280,378,25,14,59,.532,.619,37,92 
25,TOT,1939,930,130,313,53,125,.427,.885,3,147 
25,TOR,82,21,4,10,1,9,.462,1.000,0,7 
25,CHI,1857,909,126,303,52,116,.426,.882,3,140 
26,ATL,429,112,125,28,25,29,.510,.400,10,47 
27,SAS,952,240,258,60,13,63,.580,.691,25,146 
28,BOS,132,22,17,3,6,3,.667,0.0,0,13 
29,NOP,473,170,88,29,7,15,.407,.778,11,52 
30,PHO,368,150,37,32,7,19,.462,.795,4,30 
31,MIN,1471,660,154,303,26,125,.426,.790,0,129 
32,NYK,1257,558,222,45,14,58,.487,.824,52,100 
33,GSW,2204,738,311,116,65,84,.419,.718,20,158 
34,LAC,1735,625,292,125,56,85,.549,.733,28,185 
35,POR,387,166,74,33,9,18,.447,.813,7,31 
36,BOS,2266,911,470,87,36,102,.487,.858,71,190 
37,MIA,1468,298,138,63,50,21,.492,.652,39,124 
38,POR,2956,1070,611,420,75,208,.566,.803,57,156 
39,TOT,1686,666,145,194,60,82,.425,.797,9,161 
39,MEM,650,250,59,66,20,22,.417,.789,5,72 
39,BOS,1036,416,86,128,40,60,.430,.803,4,89 
40,SAS,491,161,145,34,2,36,.436,.905,5,77 
41,TOT,911,403,117,91,43,79,.484,.606,13,102 
41,GSW,268,101,40,20,12,28,.448,.528,6,42 
41,LAL,643,302,77,71,31,51,.497,.644,7,60 
42,WAS,2530,1249,273,243,71,128,.426,.788,18,153 
43,MIA,831,436,172,42,23,57,.518,.772,21,93 
44,SAS,2016,911,226,179,50,95,.525,.847,7,130 
45,CLE,663,217,155,17,21,47,.390,.638,8,93 
46,HOU,1751,573,196,151,77,66,.473,.814,23,174 
47,UTA,45,3,17,0,0,2,1.000,.167,0,6 
48,DET,309,72,28,42,8,25,.323,.833,1,25 
49,CHA,1072,222,366,8,7,40,.611,.517,86,124 
50,DAL,1214,497,368,70,60,77,.537,.636,21,192 
51,TOT,1498,378,159,307,54,102,.378,.767,8,85 
51,LAL,891,256,103,205,34,71,.353,.800,2,49 
51,GSW,607,122,56,102,20,31,.439,.625,6,36 
52,BRK,1618,821,390,112,75,110,.494,.742,38,166 
53,PHO,1416,763,202,235,69,143,.517,.772,14,99 
54,BOS,15,5,3,1,0,2,.667,.200,0,1 
55,BOS,55,12,3,3,1,1,0.0,1.000,0,2 
56,GSW,1769,492,671,112,47,97,.627,.344,121,210 
57,SAS,690,197,130,31,15,16,.470,.750,11,49 
58,WAS,1553,491,379,64,41,58,.554,.618,45,131 
59,CHI,2141,1042,632,118,53,154,.457,.767,22,216 
60,MIA,2531,1281,522,87,80,125,.569,.820,78,192 
61,BOS,1855,891,226,85,63,96,.451,.804,11,145 
62,ATL,1414,419,361,74,40,60,.542,.649,88,192 
63,MIN,2609,998,207,135,151,105,.552,.718,30,210 
64,TOT,160,7,14,10,6,2,.286,.000,1,4 
64,HOU,158,7,14,10,6,2,.286,.000,1,4 
64,CHI,2,0,0,0,0,0,0.0,0.0,0,0 
65,TOT,1557,645,140,233,52,117,.411,.874,13,146 
65,HOU,716,299,62,83,25,51,.382,.841,6,76 
65,DEN,841,346,78,150,27,66,.431,.902,7,70 
66,TOT,316,159,54,25,14,24,.440,.727,4,21 
66,BOS,73,31,19,4,1,7,.350,.786,1,5 
66,GSW,15,13,5,0,1,0,.455,.750,0,0 
66,LAL,228,115,30,21,12,17,.464,.692,3,16 
67,PHI,224,64,28,41,13,16,.411,.692,3,19 
68,TOT,251,63,28,9,13,18,.375,.714,0,24 
68,SAS,103,23,13,5,1,8,.308,.778,0,12 
68,NYK,148,40,15,4,12,10,.421,.667,0,12 
69,LAL,177,83,26,38,7,34,.491,.857,1,9 
70,MIN,751,274,103,31,19,24,.433,.821,2,58 
71,LAC,395,115,54,12,9,13,.438,.778,1,26 
72,UTA,2262,895,208,396,42,131,.410,.903,6,145 
73,UTA,2193,1089,257,212,69,149,.480,.748,14,190 
74,TOT,1419,587,229,82,47,60,.395,.840,17,120 
74,MIL,821,374,158,56,23,52,.406,.839,11,64 
74,OKC,598,213,71,26,24,8,.369,.842,6,56 
75,CHI,2591,878,330,175,127,102,.457,.769,36,106 
76,IND,378,136,41,17,7,11,.521,.571,9,30 
77,TOR,146,43,23,10,8,10,.323,.889,0,11 
78,TOT,516,225,145,29,6,34,.418,.755,29,31 
78,CLE,480,202,126,27,6,30,.419,.762,28,28 
78,IND,36,23,19,2,0,4,.409,.714,1,3 
79,DET,1054,485,99,216,39,103,.446,.802,7,121 
80,MEM,1173,347,137,207,66,101,.492,.611,8,117 
81,DAL,2468,925,192,377,69,103,.464,.825,11,136 
82,DET,1583,470,156,55,75,28,.447,.770,12,145 
83,HOU,252,101,24,22,8,21,.406,.724,4,25 
84,ATL,2341,810,403,134,108,79,.548,.773,21,188 
85,DAL,1973,967,284,212,61,108,.418,.821,35,209 
86,PHI,2414,1167,437,441,130,247,.440,.703,43,213 
87,HOU,1283,490,260,88,44,72,.479,.680,14,100 
88,MIA,2178,716,214,357,119,162,.500,.742,16,210 
89,NYK,1662,480,529,59,36,71,.595,.632,63,145 
90,DEN,1927,846,294,114,46,79,.478,.724,31,193 
91,NOP,24,0,3,2,1,1,0.0,0.0,0,1 
92,PHO,198,71,38,8,2,6,.419,.750,3,19 
93,TOT,768,257,143,18,17,31,.403,.647,25,67 
93,CLE,698,234,127,16,16,30,.403,.583,19,61 
93,NYK,70,23,16,2,1,1,.400,.800,6,6 
94,UTA,172,68,19,15,8,14,.417,.714,2,24 
95,POR,184,47,39,12,3,11,.583,.909,3,16 
96,MIA,2014,527,160,248,77,127,.451,.779,5,156 
97,BRK,172,25,19,4,8,7,.524,.750,1,30 
98,LAC,2069,911,188,297,93,132,.501,.857,15,150 
99,OKC,1353,338,293,104,30,71,.580,.710,28,187 
100,MEM,2446,1256,213,441,110,150,.484,.815,13,141 
101,IND,265,153,32,18,3,14,.579,.714,7,38 
102,SAC,2298,1614,831,207,109,251,.499,.726,91,270 
103,HOU,34,16,5,0,2,1,.667,0.0,0,3 
104,POR,100,33,9,6,2,3,.316,.750,1,10 
105,LAC,2094,1282,158,223,59,135,.460,.866,12,120 
106,TOT,1859,890,183,281,47,134,.471,.864,5,120 
106,BOS,1198,536,120,224,34,84,.463,.873,3,76 
106,GSW,661,354,63,57,13,50,.483,.837,2,44 
107,DAL,1254,356,194,60,59,41,.552,.754,21,100 
108,MIN,1635,510,330,83,62,42,.468,.567,58,146 
109,TOT,80,26,6,8,3,2,.357,.813,0,16 
109,ATL,22,2,1,3,0,2,1.000,.000,0,3 
109,SAC,58,24,5,5,3,0,.308,.929,0,13 
110,TOT,13,3,1,0,2,0,.000,0.0,0,0 
110,MEM,4,0,0,0,0,0,0.0,0.0,0,0 
110,CLE,9,3,1,0,2,0,.000,0.0,0,0 
111,GSW,2846,1873,334,666,128,294,.509,.885,14,194 
112,DAL,1614,529,541,38,41,90,.569,.737,94,210 
113,HOU,75,42,4,5,0,3,.500,0.0,0,6 
114,DET,238,83,46,11,6,11,.466,.800,1,20 
115,PHI,575,144,109,28,24,35,.441,.642,8,92 
116,NOP,2358,1394,673,105,89,109,.522,.791,189,200 
117,MEM,956,357,260,27,17,40,.534,.528,43,114 
118,TOT,1662,641,351,77,58,76,.459,.693,29,159 
118,ORL,1354,545,282,70,46,59,.454,.675,22,111 
118,LAC,308,96,69,7,12,17,.488,.783,7,48 
119,TOT,148,66,27,8,4,5,.387,.600,4,18 
119,TOR,33,8,7,2,0,0,.600,.667,0,4 
119,SAS,115,58,20,6,4,5,.346,.571,4,14 
120,TOT,494,177,73,65,22,35,.460,.886,6,48 
120,SAS,301,112,45,32,15,21,.516,.818,3,25 
120,TOR,193,65,28,33,7,14,.368,1.000,3,23 
121,TOT,390,97,127,5,7,18,.458,.656,22,66 
121,GSW,6,1,0,0,0,0,.000,.500,0,1 
121,PHI,150,37,49,3,0,9,.517,.538,9,28 
121,ORL,234,59,78,2,7,9,.434,.765,13,37 
122,CLE,1271,339,123,187,33,60,.461,.792,5,121 
123,TOT,2213,1011,361,183,62,114,.468,.791,9,111 
123,CHI,860,438,158,85,24,59,.490,.815,4,53 
123,CLE,1353,573,203,98,38,55,.451,.771,5,58 
124,TOR,3017,1791,343,313,86,176,.451,.824,28,197 
125,SAS,1974,717,326,222,44,121,.549,.739,32,140 
126,MIN,818,286,300,39,30,54,.496,.634,50,108 
127,TOT,675,202,87,68,19,34,.477,.735,5,81 
127,GSW,265,88,26,19,6,16,.481,.625,2,34 
127,MIA,410,114,61,49,13,18,.475,.769,3,47 
128,CHA,1016,339,119,51,29,36,.500,.805,16,61 
129,PHO,2668,1542,245,447,104,213,.542,.760,22,206 
130,DET,2619,1095,1071,35,101,110,.625,.418,131,273 
131,LAC,1729,511,160,104,41,56,.518,.655,10,146 
132,SAS,2158,1119,721,220,43,159,.493,.731,139,134 
133,CHI,2584,929,345,186,64,108,.467,.854,46,163 
134,OKC,3122,2593,598,445,103,285,.549,.873,59,174 
135,CLE,12,2,2,0,0,1,.333,0.0,0,1 
136,DAL,393,145,43,19,16,11,.448,.909,2,33 
137,DAL,3023,1560,295,471,141,264,.474,.788,23,197 
138,NOP,27,6,1,0,0,0,.500,0.0,1,5 
139,UTA,1209,401,310,44,42,40,.530,.680,46,139 
140,TOT,899,214,334,21,37,58,.473,.554,3,119 
140,BRK,399,81,149,5,13,28,.390,.538,2,54 
140,SAC,500,133,185,16,24,30,.527,.569,1,65 
141,NOP,2028,1042,341,363,84,175,.461,.771,21,155 
142,DEN,2178,1096,684,96,70,135,.547,.650,69,193 
143,LAL,912,416,104,199,38,95,.397,.746,8,65 
144,BOS,488,164,128,16,14,41,.486,.649,27,74 
145,UTA,2201,970,637,91,75,129,.523,.669,108,236 
146,CLE,38,19,6,4,0,4,.556,.750,0,4 
147,NYK,2017,630,197,365,78,129,.431,.721,27,157 
148,TOR,322,68,59,20,10,11,.435,.636,3,25 
149,OKC,1428,425,122,117,70,49,.402,.775,3,157 
150,DEN,1503,638,202,112,34,100,.453,.756,7,179 
151,DEN,2485,1068,232,287,67,145,.456,.849,39,205 
152,MEM,161,39,23,6,4,11,.393,1.000,2,23 
153,TOT,519,273,52,64,14,48,.469,.905,3,35 
153,SAC,463,241,45,61,14,44,.464,.895,3,28 
153,CHI,56,32,7,3,0,4,.500,1.000,0,7 
154,POR,727,174,208,36,10,32,.481,.690,22,95 
155,PHO,2312,910,416,98,60,89,.509,.821,63,245 
156,HOU,1083,315,122,63,27,30,.485,.526,33,120 
157,BRK,1109,352,358,82,43,69,.445,.809,40,123 
158,UTA,1048,248,97,120,41,75,.385,.833,5,75 
159,MEM,1970,859,424,215,59,111,.477,.768,76,150 
160,LAL,1884,1041,580,201,27,141,.483,.736,92,124 
161,TOT,2531,1457,437,209,95,224,.481,.822,56,171 
161,TOR,639,350,133,40,28,59,.391,.773,23,47 
161,SAC,1892,1107,304,169,67,165,.516,.836,33,124 
162,CLE,1020,258,149,47,39,44,.444,.705,15,96 
163,IND,2898,1737,542,283,151,224,.458,.864,22,198 
164,CHI,2351,1069,558,91,41,150,.483,.751,112,207 
165,SAS,1550,838,202,293,70,139,.553,.851,17,128 
166,UTA,434,104,155,7,8,32,.486,.492,41,57 
167,OKC,34,6,4,1,0,1,.500,0.0,0,5 
168,WAS,395,183,114,15,10,17,.548,.889,7,53 
169,PHO,533,194,87,20,20,44,.542,.673,11,45 
170,CHA,279,99,27,21,10,21,.367,.810,2,18 
171,NOP,2057,988,165,208,74,134,.456,.785,12,114 
172,WAS,2655,1068,767,138,41,126,.541,.686,121,201 
173,TOT,847,338,133,41,12,46,.408,.940,17,62 
173,IND,653,242,105,33,9,36,.380,.962,13,41 
173,LAC,194,96,28,8,3,10,.480,.857,4,21 
174,TOT,355,65,111,22,10,31,.450,.550,8,64 
174,TOR,20,5,8,3,0,4,.667,.500,0,7 
174,SAC,335,60,103,19,10,27,.439,.556,8,57 
175,SAS,1651,618,229,104,65,76,.460,.794,61,107 
176,GSW,1797,511,409,152,102,91,.449,.667,72,231 
177,PHO,2330,1295,275,122,70,145,.492,.848,42,220 
178,BOS,2805,1382,380,138,57,165,.448,.795,47,180 
179,LAC,869,273,78,50,22,34,.407,.824,11,96 
180,LAC,2863,1930,757,309,92,224,.537,.715,51,265 
181,BRK,244,62,22,30,10,14,.524,.750,1,37 
182,TOT,1019,404,194,52,44,46,.433,.784,20,67 
182,DEN,670,266,133,34,31,27,.432,.742,13,31 
182,HOU,349,138,61,18,13,19,.434,.850,7,36 
183,TOT,72,26,7,0,5,4,.545,1.000,0,8 
183,CHA,4,0,0,0,1,1,0.0,0.0,0,0 
183,MIA,68,26,7,0,4,3,.545,1.000,0,8 
184,TOR,978,312,287,17,28,47,.479,.681,19,132 
185,NYK,1875,824,121,66,44,47,.498,.828,7,144 
186,HOU,2777,1851,344,446,115,265,.515,.866,29,177 
187,ORL,1950,592,264,80,97,86,.502,.594,50,140 
188,DET,317,93,76,15,6,10,.510,.714,15,44 
189,WAS,511,225,80,28,14,34,.449,.771,0,72 
190,DAL,818,315,85,178,28,59,.425,.800,2,72 
191,LAL,11,0,1,1,1,0,.000,0.0,0,0 
192,LAL,180,73,34,11,4,9,.420,.833,1,10 
193,UTA,225,84,33,5,16,11,.492,.963,7,36 
194,ORL,1850,893,424,82,41,78,.508,.807,24,143 
195,MIA,653,173,175,13,11,24,.507,.568,15,79 
196,TOT,2470,1053,660,240,44,173,.478,.783,94,237 
196,PHI,1666,688,452,176,31,119,.478,.782,67,154 
196,CLE,804,365,208,64,13,54,.479,.784,27,83 
197,TOT,754,132,210,35,34,33,.434,.800,12,95 
197,SAC,179,33,47,6,11,7,.438,.714,2,18 
197,TOR,575,99,163,29,23,26,.433,.833,10,77 
198,UTA,2800,1248,391,400,110,212,.453,.816,40,155 
199,CHA,2461,1081,310,199,51,113,.445,.761,32,159 
200,LAL,908,432,114,51,44,57,.439,.655,7,79 
201,MIL,1856,779,497,113,41,114,.539,.514,116,185 
202,IND,2409,871,538,91,29,148,.439,.770,182,269 
203,DEN,1859,814,632,96,47,128,.514,.517,51,177 
204,WAS,1560,754,294,153,64,117,.506,.583,47,164 
205,IND,2434,781,283,265,75,92,.497,.807,23,158 
206,LAL,1500,696,535,54,29,75,.550,.685,64,172 
207,IND,226,47,41,12,5,13,.588,.857,2,19 
208,CHI,2116,666,192,286,80,120,.419,.760,26,203 
209,NOP,1143,487,142,268,56,105,.459,.810,12,92 
210,LAC,482,141,90,8,9,29,.736,.625,31,87 
211,CLE,7,1,0,1,1,0,.000,.500,0,0 
212,ATL,958,538,244,76,27,64,.572,.682,44,56 
213,HOU,2396,1297,866,131,60,229,.594,.547,128,240 
214,MIN,655,181,132,23,16,10,.398,.938,2,57 
215,BOS,1376,579,409,67,31,64,.503,.813,61,136 
216,OKC,2666,1227,709,85,39,123,.546,.784,219,233 
217,GSW,2040,588,293,263,95,100,.558,.652,18,103 
218,MIL,1478,618,342,72,46,61,.446,.823,8,135 
219,CLE,2496,1478,259,433,108,190,.458,.861,23,163 
220,OKC,5,0,1,0,0,0,.000,0.0,0,1 
221,CLE,2252,760,223,324,56,133,.435,.839,22,133 
222,OKC,2277,1047,313,331,85,168,.477,.893,9,142 
223,LAC,107,15,10,5,6,6,.417,.500,1,11 
224,DAL,146,28,42,3,3,10,.500,.545,8,24 
225,SAS,50,6,12,3,0,1,.286,1.000,1,3 
226,MIA,2902,2089,533,488,121,270,.622,.750,26,126 
227,CHI,77,11,7,17,2,5,.250,.000,0,11 
228,LAC,248,84,55,7,9,7,.412,.720,3,29 
229,TOT,47,9,9,1,0,1,.750,.750,0,3 
229,SAS,34,7,6,1,0,0,.750,.500,0,2 
229,MIN,13,2,3,0,0,1,0.0,1.000,0,1 
230,CHA,2553,1594,792,155,67,124,.512,.690,79,176 
231,UTA,2213,831,219,130,56,94,.484,.741,14,168 
232,ATL,158,40,22,11,1,11,.500,1.000,1,11 
233,DET,2728,1241,244,609,101,215,.397,.751,8,157 
234,DET,741,270,175,39,21,43,.500,.729,6,85 
235,TOR,2214,799,505,115,56,123,.593,.636,88,271 
236,BOS,789,250,97,31,27,22,.483,.860,4,63 
237,MEM,956,384,166,111,42,66,.548,.844,57,102 
238,BRK,2575,1245,270,216,47,120,.489,.815,10,129 
239,TOT,392,100,55,20,6,15,.409,.731,2,26 
239,IND,342,91,51,16,6,14,.455,.773,1,23 
239,SAC,50,9,4,4,0,1,.182,.500,1,3 
240,LAL,2240,715,348,124,86,90,.466,.792,77,207 
241,PHI,15,0,2,1,1,2,.000,.000,0,3 
242,MIA,236,97,23,9,3,4,.214,.636,4,6 
243,OKC,764,216,114,26,14,21,.508,.667,19,62 
244,ORL,85,14,16,2,2,2,.353,.500,2,12 
245,HOU,2078,921,528,87,53,71,.581,.605,99,139 
246,LAC,2870,856,1114,74,80,123,.676,.428,203,264 
247,SAS,936,343,107,114,35,43,.502,.823,14,84 
248,LAL,736,404,229,58,11,74,.513,.765,40,93 
249,UTA,2138,987,598,75,28,144,.492,.730,42,230 
250,CLE,156,37,16,6,3,11,.500,.900,1,22 
251,LAL,1312,472,219,95,32,47,.476,.815,45,147 
252,CHA,1502,448,324,52,43,60,.483,.614,39,145 
253,BRK,857,226,146,72,40,54,.523,.513,19,65 
254,MIL,2400,1291,255,352,69,188,.466,.802,17,146 
255,ATL,2408,850,282,208,70,102,.479,.926,24,147 
256,MEM,1349,514,418,39,32,67,.495,.645,71,182 
257,PHO,59,20,17,1,0,6,.533,.500,1,7 
258,GSW,92,15,21,2,3,10,.385,.455,4,17 
259,ORL,695,191,49,43,11,27,.386,.806,1,54 
260,OKC,1538,665,189,115,56,61,.483,.797,26,143 
261,SAC,233,76,57,5,3,9,.517,.824,1,34 
262,DAL,489,132,42,71,26,39,.404,.640,1,46 
263,DEN,2222,1090,215,543,100,200,.455,.798,10,113 
264,DAL,33,19,2,2,1,2,.333,1.000,0,2 
265,TOT,1973,761,187,115,65,73,.531,.884,28,127 
265,BOS,504,221,49,32,20,25,.511,.818,9,37 
265,MEM,1469,540,138,83,45,48,.540,.900,19,90 
266,GSW,2288,1257,643,147,48,152,.523,.780,26,206 
267,PHO,362,86,99,4,4,26,.423,.645,18,68 
268,SAS,1923,844,412,133,114,80,.579,.802,50,127 
269,POR,355,98,111,18,7,15,.482,.762,5,76 
270,MEM,642,302,158,20,18,27,.497,.787,13,63 
271,MIA,971,268,110,57,53,35,.510,.788,8,90 
272,MIA,1,2,1,0,0,0,1.000,0.0,0,0 
273,POR,2937,1695,288,457,64,193,.447,.871,22,197 
274,HOU,2054,890,187,294,68,176,.492,.823,27,166 
275,BRK,1974,629,246,245,93,105,.486,.827,31,172 
276,BRK,533,352,102,16,9,28,.566,.817,30,52 
277,POR,2603,908,700,73,25,84,.552,.818,139,196 
278,MIN,2797,2010,963,341,59,196,.502,.821,35,136 
279,TOR,2862,1417,369,586,121,194,.460,.813,15,267 
280,UTA,591,159,39,42,14,22,.349,.625,0,41 
281,ATL,1490,544,160,271,50,89,.464,.865,2,100 
282,IND,1248,272,257,24,41,58,.484,.621,72,207 
283,DAL,2409,791,497,124,90,95,.518,.785,37,125 
284,LAL,1564,430,155,477,48,150,.411,.528,4,76 
285,TOT,870,329,110,33,27,34,.460,.738,7,71 
285,ATL,822,314,105,31,26,33,.455,.754,7,68 
285,CHI,48,15,5,2,1,1,.667,.500,0,3 
286,NYK,633,137,134,50,25,26,.516,.579,27,85 
287,MIN,2177,1298,203,121,66,106,.448,.891,6,123 
288,MIA,260,74,22,19,6,9,.421,1.000,1,26 
289,POR,2780,1343,289,197,76,110,.490,.837,14,176 
290,ORL,488,109,86,9,8,14,.448,.484,20,47 
291,TOT,327,82,39,52,9,29,.313,.545,3,17 
291,WAS,215,52,24,40,5,17,.277,.667,1,13 
291,PHI,112,30,15,12,4,12,.412,.500,2,4 
292,MIL,1346,608,124,113,28,95,.433,.864,13,111 
293,TOT,1003,224,146,36,30,40,.472,.687,14,68 
293,SAC,196,40,27,15,9,4,.483,.692,5,18 
293,MIN,807,184,119,21,21,36,.469,.685,9,50 
294,SAC,897,280,79,120,22,39,.378,.744,9,69 
295,POR,476,201,48,27,14,35,.449,.676,2,53 
296,DEN,79,35,17,2,1,8,.447,1.000,7,16 
297,SAC,2187,720,235,82,45,96,.419,.804,18,201 
298,CHA,2360,661,373,333,58,83,.516,.729,46,189 
299,LAL,2556,1209,194,138,111,111,.514,.857,4,119 
300,DAL,292,73,27,63,4,31,.379,.667,1,31 
301,MIL,2460,990,310,169,83,123,.454,.861,20,243 
302,CLE,984,503,103,52,46,44,.480,.853,15,103 
303,TOT,982,283,130,197,34,61,.452,.779,9,75 
303,DEN,570,176,73,100,15,33,.452,.745,7,32 
303,WAS,412,107,57,97,19,28,.452,.833,2,43 
304,NOP,723,200,52,43,24,22,.539,.806,9,88 
305,MEM,1707,579,207,130,26,77,.505,.821,5,95 
306,DEN,789,257,147,26,22,48,.395,.709,32,70 
307,SAS,1527,826,169,149,68,63,.500,.890,9,114 
308,ATL,2482,1328,627,232,129,185,.487,.731,78,210 
309,MIL,10,6,1,1,1,0,.750,0.0,0,0 
310,DET,79,22,26,2,6,4,.364,.579,3,9 
311,CHI,562,124,175,20,14,37,.429,.533,30,77 
312,DET,2690,1249,760,171,91,166,.497,.657,47,205 
313,ORL,1506,499,136,112,60,55,.468,.765,13,106 
314,TOT,313,107,26,44,13,27,.466,.654,0,33 
314,PHI,193,83,13,31,8,19,.442,.714,0,21 
314,LAC,54,9,5,5,2,2,.667,.500,0,9 
314,MEM,66,15,8,8,3,6,.444,.333,0,3 
315,PHO,1800,796,319,88,72,95,.483,.761,18,157 
316,PHO,2153,1115,485,144,68,147,.512,.792,51,232 
317,NOP,1426,636,140,59,38,51,.462,.828,12,102 
318,HOU,952,341,225,34,20,49,.519,.604,21,132 
319,PHI,187,36,35,2,8,7,.421,.800,4,22 
320,DEN,1770,770,528,62,27,122,.539,.754,100,213 
321,MIN,290,143,53,6,8,16,.478,.650,1,24 
322,TOT,414,189,92,14,15,27,.526,.500,11,64 
322,LAC,167,67,32,6,6,13,.520,.333,3,33 
322,PHI,247,122,60,8,9,14,.529,.571,8,31 
323,CHI,62,6,8,2,0,2,.300,0.0,4,7 
324,NYK,373,140,44,49,19,34,.436,.590,1,46 
325,ATL,215,76,52,7,3,12,.443,1.000,10,29 
326,SAC,74,6,18,3,0,3,.333,.000,4,15 
327,LAL,313,102,29,86,7,31,.400,.917,2,18 
328,TOT,1114,548,90,83,18,64,.430,.895,0,65 
328,MIL,607,301,50,46,7,39,.410,.833,0,26 
328,CHA,507,247,40,37,11,25,.456,.961,0,39 
329,GSW,142,26,15,13,0,13,.238,.875,1,13 
330,ORL,2179,820,231,476,52,166,.444,.857,5,146 
331,ORL,1174,435,255,25,18,51,.459,.825,23,150 
332,CHI,2820,1007,900,431,99,194,.476,.737,121,245 
333,TOR,540,178,58,13,12,5,.333,1.000,4,44 
334,DAL,2628,1735,498,216,73,117,.532,.899,45,165 
335,TOT,165,44,19,8,6,7,.333,.667,2,11 
335,ATL,54,18,8,2,1,4,.375,.750,1,2 
335,PHI,111,26,11,6,5,3,.308,.600,1,9 
336,GSW,883,349,242,25,14,52,.504,.750,40,102 
337,ORL,1188,429,364,78,39,78,.505,.687,88,165 
338,MIA,212,67,54,1,7,12,.551,.565,13,52 
339,ORL,2487,1106,329,327,129,256,.448,.780,37,210 
340,BOS,1400,607,365,109,35,106,.500,.811,27,227 
341,TOT,30,3,8,3,0,1,.200,.500,0,3 
341,NOP,25,3,7,3,0,1,.250,.500,0,3 
341,CLE,5,0,1,0,0,0,.000,0.0,0,0 
342,PHI,251,65,61,15,6,18,.447,.767,16,38 
343,SAC,1065,343,168,48,20,26,.426,.808,19,94 
344,MIL,1325,408,333,136,45,92,.428,.846,14,124 
345,CHA,242,136,20,52,14,26,.483,.727,1,17 
346,SAS,1997,1134,155,388,36,151,.509,.811,9,86 
347,HOU,2783,1226,409,298,88,144,.528,.742,29,168 
348,TOT,1533,555,342,78,55,65,.503,.704,37,159 
348,SAC,415,118,99,15,13,16,.494,.563,3,39 
348,TOR,1118,437,243,63,42,49,.506,.745,34,120 
349,LAC,2171,1185,268,663,154,145,.498,.855,4,157 
350,MIN,1663,944,468,50,30,84,.541,.747,23,129 
351,OKC,1207,211,305,67,26,90,.453,.552,32,177 
352,BRK,2098,1010,348,178,86,153,.507,.826,31,190 
353,ATL,3,0,3,0,0,0,.000,.000,0,0 
354,BRK,1275,520,308,60,49,77,.666,.626,55,171 
355,PHO,1964,646,626,43,50,111,.517,.561,90,185 
356,MEM,270,94,26,20,5,15,.444,.808,1,18 
357,WAS,319,78,57,10,8,14,.414,.667,1,26 
358,HOU,19,4,5,0,0,1,.333,0.0,1,1 
359,BOS,1132,213,105,241,68,87,.340,.644,5,97 
360,MIN,99,44,10,13,1,7,.542,.000,0,5 
361,ORL,377,74,43,66,25,26,.388,.692,2,50 
362,NYK,1283,252,129,228,67,60,.451,.917,2,132 
363,MEM,1948,454,234,119,39,41,.426,.567,19,63 
364,MIL,465,181,108,23,7,28,.540,.818,13,84 
365,DEN,527,206,122,32,26,39,.435,.754,19,64 
366,PHO,95,20,25,1,3,5,.500,.545,1,15 
367,MEM,2705,1372,795,200,54,183,.474,.742,23,210 
368,LAC,987,532,74,78,28,42,.507,.915,3,65 
369,WAS,109,32,20,7,6,9,.300,.714,1,7 
370,TOT,1141,306,97,176,32,66,.406,.654,8,92 
370,MIL,763,206,62,122,23,46,.391,.684,2,55 
370,CHA,378,100,35,54,9,20,.441,.571,6,37 
371,NOP,1339,530,129,160,45,77,.416,.636,9,134 
372,OKC,399,75,94,15,19,19,.564,.700,10,74 
373,NOP,1667,677,136,234,43,95,.447,.940,7,132 
374,DEN,866,457,81,112,36,58,.463,.835,4,92 
375,POR,873,339,307,34,23,57,.483,.564,20,131 
376,BOS,998,350,164,294,40,99,.442,.627,2,65 
377,CHI,311,159,32,43,5,34,.359,.844,1,15 
378,TOR,2159,879,252,79,64,88,.458,.837,27,183 
379,MIN,2638,781,342,704,191,221,.393,.802,11,218 
380,UTA,418,79,44,24,5,20,.326,.600,9,31 
381,LAL,1089,350,254,51,24,44,.477,.681,47,134 
382,TOT,1726,403,163,147,47,54,.348,.769,19,124 
382,SAC,445,105,46,44,12,14,.333,1.000,8,32 
382,TOR,1281,298,117,103,35,40,.354,.733,11,92 
383,MIL,584,178,165,19,18,26,.472,.473,40,74 
384,ATL,641,183,60,93,17,61,.425,.674,0,54 
385,IND,1399,626,391,81,26,108,.474,.728,16,164 
386,ATL,1482,767,284,75,30,79,.558,.780,7,121 
387,OKC,1584,383,220,94,79,55,.495,.768,17,90 
388,WAS,578,249,128,17,3,41,.505,.871,26,103 
389,TOT,2214,1021,203,340,49,148,.457,.807,9,90 
389,CHA,1305,578,117,206,33,93,.441,.782,6,50 
389,MIL,909,443,86,134,16,55,.484,.841,3,40 
390,OKC,11,1,0,4,0,2,.000,.500,0,2 
391,TOT,154,29,16,14,3,12,.591,.375,1,18 
391,BRK,137,25,14,12,2,11,.611,.375,1,16 
391,CHI,17,4,2,2,1,1,.500,0.0,0,2 
392,NYK,1962,495,308,129,92,79,.418,.746,13,209 
393,MIN,664,250,81,68,26,48,.341,.756,16,36 
394,TOT,875,350,237,52,28,41,.476,.744,20,116 
394,CLE,168,44,56,5,5,8,.400,.571,7,32 
394,PHI,707,306,181,47,23,33,.491,.766,13,84 
395,DET,2337,784,303,75,61,79,.492,.826,38,211 
396,WAS,250,75,55,6,9,17,.375,.720,3,25 
397,DET,224,54,14,34,9,18,.344,.733,1,27 
398,IND,392,110,44,50,10,22,.453,.600,1,19 
399,NYK,2,0,0,0,0,0,0.0,0.0,0,0 
400,HOU,100,38,27,0,1,5,.643,.400,2,17 
401,PHO,1006,261,129,179,49,65,.457,.564,13,66 
402,NYK,2421,1071,296,219,65,108,.436,.652,20,196 
403,NOP,830,301,181,29,11,28,.465,.780,29,100 
404,DET,2730,1264,520,252,105,199,.462,.532,110,197 
405,CHI,1231,346,124,68,29,44,.456,.756,15,84 
406,TOT,30,14,8,0,1,1,.222,.500,2,3 
406,CHA,3,0,0,0,0,0,.000,0.0,0,0 
406,NOP,27,14,8,0,1,1,.286,.500,2,3 
407,GSW,982,508,290,32,10,66,.455,.821,34,148 
408,SAS,1271,483,363,90,29,75,.528,.699,31,117 
409,MIL,15,7,5,0,0,0,.429,1.000,0,0 
410,IND,2752,1080,558,359,54,210,.545,.711,7,195 
411,NOP,1007,159,226,36,35,44,.579,.594,57,169 
412,TOR,120,18,20,12,3,5,.556,.667,0,13 
413,NYK,1466,772,320,34,23,91,.557,.739,37,159 
414,DET,1950,1012,169,152,54,125,.455,.836,10,131 
415,BOS,2041,982,601,118,35,119,.475,.778,49,251 
416,CHA,629,208,60,22,13,25,.424,.553,5,62 
417,BRK,270,89,15,36,12,31,.354,.800,1,29 
418,ATL,2542,1304,208,528,89,232,.469,.846,17,158 
419,TOT,443,107,40,58,10,39,.327,.743,5,46 
419,CHI,242,45,19,28,2,17,.250,.688,4,25 
419,BRK,201,62,21,30,8,22,.422,.789,1,21 
420,BRK,1396,622,266,57,29,54,.472,.710,23,143 
421,WAS,638,138,68,72,35,42,.402,.698,11,72 
422,BRK,570,159,37,56,13,27,.327,.667,0,48 
423,OKC,192,27,40,1,4,14,.565,.200,9,47 
424,TOT,37,14,3,3,0,1,.556,1.000,0,6 
424,ORL,24,7,3,2,0,0,.500,1.000,0,2 
424,PHI,13,7,0,1,0,1,.667,0.0,0,4 
425,SAC,2497,1465,210,454,93,213,.504,.850,8,185 
426,NOP,42,6,7,3,0,2,.222,.500,0,4 
427,TOT,63,15,21,2,0,9,.500,.000,3,5 
427,SAS,15,2,9,0,0,1,.250,.000,2,0 
427,UTA,48,13,12,2,0,8,.625,0.0,1,5 
428,PHI,1742,461,247,73,53,60,.507,.712,12,144 
429,SAC,2007,586,527,53,32,95,.506,.579,56,251 
430,GSW,2868,1488,249,181,74,135,.464,.795,37,234 
431,CLE,2594,961,754,72,42,108,.478,.693,35,188 
432,TOT,1741,703,198,77,58,67,.443,.804,11,110 
432,SAC,1121,383,124,47,31,38,.438,.808,8,74 
432,BRK,620,320,74,30,27,29,.450,.800,3,36 
433,UTA,110,9,11,23,2,9,.600,0.0,0,10 
434,CHA,1298,393,168,42,19,23,.450,.805,15,82 
435,PHO,2490,760,529,141,110,102,.450,.776,23,204 
436,MIN,606,149,174,24,8,24,.598,.420,50,65 
437,LAC,392,115,89,33,19,16,.339,.500,10,50 
438,TOT,2457,1131,408,262,67,189,.444,.813,7,195 
438,PHI,1886,939,322,198,56,155,.455,.829,5,147 
438,IND,571,192,86,64,11,34,.398,.706,2,48 
439,NYK,398,146,109,8,6,26,.517,.542,20,70 
440,MIL,804,144,148,31,15,38,.399,.638,44,96 
441,TOT,643,200,59,116,23,47,.434,.833,4,50 
441,NYK,588,173,57,110,22,42,.425,.833,3,46 
441,MEM,55,27,2,6,1,5,.500,.833,1,4 
442,TOR,2282,916,714,57,24,136,.532,.762,71,249 
443,CLE,1800,546,629,140,69,72,.502,.681,39,164 
444,TOT,339,99,63,13,10,10,.600,.519,29,62 
444,CHI,2,0,0,0,0,0,0.0,0.0,0,1 
444,PHI,337,99,63,13,10,10,.600,.519,29,61 
445,TOT,1779,758,173,323,31,128,.455,.880,5,143 
445,SAC,465,176,34,95,6,27,.490,.938,1,38 
445,TOR,1314,582,139,228,25,101,.442,.855,4,105 
446,TOT,776,197,191,21,53,36,.514,.339,35,121 
446,WAS,470,104,113,10,26,22,.522,.267,19,64 
446,DEN,306,93,78,11,27,14,.506,.423,16,57 
447,DET,180,92,34,6,4,7,.583,.571,5,16 
448,ORL,1812,811,626,104,60,112,.507,.766,47,169 
449,LAC,10,5,3,0,1,3,.333,0.0,0,1 
450,MIA,1775,1028,241,252,79,161,.557,.733,29,106 
451,CLE,2072,1113,195,209,63,154,.455,.685,17,153 
452,CHA,2614,1289,306,447,86,169,.417,.837,32,128 
453,WAS,2980,1583,333,721,149,295,.458,.805,40,219 
454,BOS,1416,298,212,143,73,97,.584,.465,14,79 
455,PHI,116,48,9,10,8,5,.524,.833,0,11 
456,IND,1193,414,101,107,60,60,.492,.784,8,66 
457,POR,161,12,15,28,5,17,.250,1.000,1,33 
458,LAC,9,2,2,2,2,0,.500,0.0,0,4 
459,WAS,2157,759,222,97,41,58,.502,.840,15,150 
460,IND,2472,1118,542,223,61,133,.491,.789,74,186 
461,OKC,1412,1002,263,319,88,177,.482,.826,7,104 
462,CHA,10,0,2,0,1,0,.000,0.0,0,1 
463,SAC,9,0,0,0,0,0,.000,0.0,0,2 
464,BRK,2059,915,168,392,93,143,.500,.801,13,148 
465,TOT,1820,624,323,56,48,76,.470,.718,20,114 
465,MIN,162,54,26,1,4,6,.436,.875,4,9 
465,SAC,1658,570,297,55,44,70,.474,.708,16,105 
466,PHI,1157,404,130,72,35,68,.486,.731,3,126 
467,ATL,1445,625,124,210,45,92,.450,.849,4,65 
468,UTA,1674,603,334,78,54,53,.503,.781,31,151 
469,POR,1834,721,153,321,55,149,.441,.876,10,197 
470,OKC,17,11,0,1,1,2,.667,0.0,0,1 
471,LAL,751,202,167,30,19,21,.492,.700,30,93 
472,NOP,684,190,150,26,15,20,.539,.712,50,73 
473,MIL,1309,417,149,187,35,57,.465,.656,15,67 
474,NYK,388,139,59,17,24,19,.448,.625,8,44 
475,DAL,1077,525,244,31,32,35,.677,.726,55,94 
476,MIL,126,48,20,5,7,5,.618,.400,5,17 
477,POR,984,343,191,64,23,39,.442,.754,16,62 
478,PHI,1765,939,228,217,78,204,.492,.641,16,151 
479,LAL,1810,1144,166,95,46,95,.468,.825,12,156 
480,PHI,2718,1417,476,182,167,165,.496,.712,36,213 
481,CHA,1416,490,353,92,40,87,.427,.730,41,170 
