Rk,Tm,MP,PTS,TRB,AST,STL,TOV,eFG%,FT%,BLK,PF 
1,SAC,2015,793,398,109,53,116,.476,.726,40,243 
2,NJN,495,174,77,13,17,22,.556,.667,4,47 
3,DAL,214,69,21,7,4,15,.350,.606,3,27 
4,POR,1392,565,312,24,22,43,.503,.722,73,186 
5,CHI,638,242,119,16,17,21,.415,.824,16,85 
6,SEA,2219,1454,247,228,82,154,.510,.903,11,113 
7,BOS,805,379,124,56,49,75,.529,.784,12,87 
8,HOU,3040,1088,282,444,129,170,.470,.734,10,195 
9,TOT,89,16,28,1,1,5,.400,.400,8,15 
9,UTA,2,0,0,0,0,0,0.0,0.0,0,0 
9,PHI,87,16,28,1,1,5,.400,.400,8,15 
10,CHA,256,98,32,21,7,22,.488,.826,0,33 
11,CHA,1190,399,113,133,52,56,.520,.877,7,115 
12,DEN,2486,1881,391,249,77,234,.489,.808,23,203 
13,UTA,248,72,66,10,6,17,.415,.621,2,39 
14,WAS,2942,2105,338,443,139,236,.484,.844,13,249 
15,ORL,1278,506,249,65,59,84,.539,.620,19,134 
16,IND,1275,457,135,191,70,76,.509,.785,6,102 
17,NOK,634,176,149,10,12,35,.544,.597,26,79 
18,ORL,1304,552,134,202,39,90,.439,.795,2,131 
19,MEM,2064,988,139,346,50,127,.515,.810,4,136 
20,ORL,7,2,3,2,0,0,.333,0.0,0,2 
21,GSW,669,291,94,28,22,39,.523,.782,10,49 
22,NYK,1064,334,294,44,57,49,.515,.567,44,146 
23,PHO,503,221,38,60,23,40,.441,.800,3,70 
24,PHO,2613,1444,214,317,96,146,.562,.845,15,210 
25,DAL,191,78,25,24,1,14,.397,.667,1,19 
26,TOR,1629,751,255,50,32,107,.507,.824,53,180 
27,GSW,1813,746,350,156,73,105,.522,.732,41,188 
28,CHI,29,8,5,7,0,4,.500,0.0,0,4 
29,MIA,203,65,41,5,6,11,.289,.944,4,21 
30,SAS,1631,635,160,138,56,61,.626,.880,12,88 
31,NOK,162,42,43,3,2,10,.341,.750,3,16 
32,IND,405,138,74,16,12,32,.664,.787,18,65 
33,ATL,81,20,30,4,3,4,.500,.571,0,13 
34,ORL,1575,404,344,35,29,61,.489,.675,30,185 
35,HOU,2988,829,338,175,79,72,.567,.779,60,190 
36,MIL,2848,1110,238,247,97,104,.503,.780,4,213 
37,PHO,2917,1143,251,196,50,83,.539,.776,22,233 
38,SAC,2784,1403,263,388,88,197,.478,.830,6,139 
39,GSW,2382,783,762,88,67,119,.599,.521,136,304 
40,DET,2533,1191,237,502,84,140,.494,.883,17,161 
41,TOT,2225,528,169,408,61,129,.476,.672,8,121 
41,MIL,583,120,45,84,10,28,.422,.550,3,49 
41,DEN,1642,408,124,324,51,101,.495,.727,5,72 
42,DET,166,25,15,17,5,12,.317,1.000,0,9 
43,WAS,682,206,191,39,17,49,.447,.612,32,94 
44,MIN,2544,1010,505,67,43,159,.514,.754,58,239 
45,ORL,990,298,93,59,28,46,.512,.746,2,98 
46,MIL,2258,809,584,198,49,150,.554,.577,35,216 
47,SAS,653,275,156,22,17,25,.523,.711,11,67 
48,NJN,669,254,176,10,11,33,.579,.544,21,94 
49,WAS,380,69,81,18,4,9,.477,.600,29,71 
50,UTA,2557,1549,867,221,70,194,.561,.685,21,217 
51,TOR,2658,1561,741,175,39,179,.502,.785,90,163 
52,SAS,2464,510,223,117,62,65,.500,.589,25,175 
53,TOT,2031,961,139,291,56,120,.482,.898,2,92 
53,DEN,877,472,63,132,25,52,.467,.908,2,31 
53,MIL,1154,489,76,159,31,68,.496,.886,0,61 
54,ATL,199,26,23,9,5,9,.308,.333,2,32 
55,LAC,3077,1642,744,235,77,202,.533,.761,179,238 
56,UTA,675,260,75,24,37,24,.528,.675,6,44 
57,CHA,838,288,184,23,11,38,.447,.632,23,161 
58,SEA,271,93,74,2,6,29,.568,.600,4,26 
59,UTA,450,94,40,83,22,31,.357,.649,7,51 
60,NOK,1662,670,251,149,44,91,.493,.794,9,139 
61,LAL,1132,345,244,75,39,76,.591,.440,49,124 
62,CHI,1456,436,347,48,24,85,.407,.787,52,187 
63,CLE,202,73,21,10,7,14,.426,.714,3,24 
64,LAL,3140,2430,439,413,111,255,.502,.868,36,205 
65,DAL,1372,305,158,70,47,40,.465,.794,7,152 
66,PHO,164,60,47,5,3,7,.400,.615,2,19 
67,WAS,2474,1203,467,233,134,181,.472,.863,17,188 
68,SAS,103,41,22,5,2,10,.457,.900,0,16 
69,NOK,2223,818,256,63,40,67,.484,.644,54,148 
70,LAL,1793,637,484,94,12,115,.558,.668,128,249 
71,TOR,1614,668,134,387,63,110,.546,.818,5,136 
72,DEN,2369,785,816,223,87,122,.473,.729,231,183 
73,MEM,313,127,59,31,22,23,.600,.926,1,42 
74,PHI,1169,442,128,26,38,43,.496,.609,23,118 
75,CHA,1878,869,207,91,53,73,.517,.904,9,176 
76,DEN,37,6,3,11,0,6,.375,0.0,1,4 
77,NJN,3126,2070,492,393,82,217,.503,.802,30,266 
78,LAC,1407,714,167,270,28,101,.443,.879,8,126 
79,NYK,95,22,31,0,3,6,.318,.667,10,10 
80,NOK,2525,690,904,66,37,126,.624,.527,129,244 
81,ATL,2024,715,340,127,58,80,.529,.795,36,118 
82,LAC,82,13,11,8,3,5,.324,.667,1,11 
83,ATL,1054,221,81,185,72,75,.338,.550,4,131 
84,UTA,913,204,171,60,13,37,.441,.651,8,147 
85,NJN,1844,169,316,46,40,73,.364,.465,38,273 
86,NYK,777,235,104,83,32,57,.410,.585,3,75 
87,SEA,2378,790,666,82,48,123,.500,.774,66,289 
88,TOT,52,0,7,9,0,2,.000,.000,0,7 
88,MEM,17,0,2,1,0,0,0.0,0.0,0,1 
88,LAC,35,0,5,8,0,2,.000,.000,0,6 
89,LAL,1018,450,215,65,25,51,.510,.723,27,134 
90,NYK,2198,1039,189,259,57,162,.458,.838,8,114 
91,DAL,727,227,186,44,14,33,.410,.865,6,68 
92,NYK,2849,1576,571,68,34,295,.576,.615,40,265 
93,PHI,2535,879,733,64,47,161,.541,.746,159,287 
94,DAL,1915,537,566,44,24,107,.626,.623,82,239 
95,WAS,1761,571,151,290,39,69,.467,.832,9,79 
96,IND,800,320,82,57,27,55,.470,.700,7,56 
97,GSW,2221,1264,276,509,135,193,.480,.745,29,181 
98,DET,464,83,137,12,10,15,.446,.654,34,59 
99,LAC,180,51,44,7,6,8,.423,.700,5,28 
100,MIN,3021,1374,315,385,80,210,.521,.839,23,189 
101,DET,1372,428,266,88,46,61,.476,.787,8,97 
102,CHI,3071,1540,579,204,97,153,.518,.777,48,167 
103,PHO,2268,709,317,352,28,154,.551,.683,38,177 
104,DEN,1177,284,110,55,30,37,.426,.660,7,132 
105,POR,444,166,43,70,14,27,.411,.792,1,55 
106,ORL,288,98,18,35,4,13,.538,.800,0,27 
107,TOT,760,366,203,25,8,67,.477,.800,26,122 
107,GSW,222,123,63,5,3,18,.530,.795,11,35 
107,IND,538,243,140,20,5,49,.454,.802,15,87 
108,DAL,1480,190,438,30,40,63,.470,.558,113,244 
109,TOT,1926,778,158,123,76,101,.482,.871,9,177 
109,POR,1243,490,85,82,49,77,.484,.833,7,112 
109,TOR,683,288,73,41,27,24,.477,.932,2,65 
110,MIA,698,200,155,22,18,30,.469,.878,15,96 
111,ORL,1435,521,86,112,52,72,.444,.809,15,125 
112,SAC,359,119,37,15,15,15,.429,.733,4,21 
113,CHI,1906,558,169,310,69,105,.499,.752,6,150 
114,SAS,2726,1599,846,273,66,224,.547,.637,190,203 
115,TOT,2580,1049,431,228,84,149,.493,.784,22,203 
115,GSW,1051,446,187,117,38,71,.497,.772,12,83 
115,IND,1529,603,244,111,46,78,.490,.792,10,120 
116,DET,94,25,17,5,5,3,.355,.333,1,12 
117,GSW,2638,1272,243,319,132,221,.495,.763,21,210 
118,SAS,1332,350,336,55,31,86,.511,.775,59,184 
119,TOT,309,89,53,18,6,28,.363,.660,8,51 
119,CHA,244,70,39,14,2,23,.383,.686,6,39 
119,SAS,65,19,14,4,4,5,.300,.583,2,12 
120,LAL,1732,638,221,74,38,57,.476,.787,14,126 
121,DEN,1127,325,460,45,42,95,.544,.497,16,144 
122,LAC,712,179,73,90,32,50,.447,.778,4,62 
123,LAL,1090,320,119,137,44,73,.498,.711,7,77 
124,SEA,32,13,1,9,1,1,.400,1.000,0,2 
125,CHA,2832,1093,267,545,118,230,.434,.797,10,180 
126,SAS,1823,740,223,108,32,46,.490,.918,16,76 
127,UTA,2287,826,149,274,83,120,.418,.853,6,234 
128,TOR,2243,1047,236,595,101,231,.447,.819,8,186 
129,SEA,158,40,43,1,1,15,.500,.769,0,38 
130,IND,1740,322,609,57,62,70,.469,.639,37,202 
131,MIN,1879,832,218,232,53,152,.483,.854,21,184 
132,GSW,475,107,126,19,11,23,.565,.440,50,61 
133,NYK,1237,497,157,170,41,100,.469,.829,12,126 
134,ATL,147,40,24,7,3,3,.324,.833,1,13 
135,NYK,1896,684,395,67,36,100,.435,.787,42,216 
136,MIL,840,258,246,29,22,49,.474,.467,32,141 
137,TOR,1909,567,330,125,78,64,.482,.731,15,90 
138,SAC,1410,474,205,87,45,70,.499,.833,43,190 
139,MIN,2995,1704,975,313,89,205,.480,.835,126,184 
140,ORL,277,71,42,14,7,14,.393,.889,0,37 
141,MEM,2133,1226,581,201,29,162,.540,.748,126,137 
142,MEM,2103,846,348,100,71,140,.457,.727,74,192 
143,SEA,1239,321,173,56,24,49,.483,.805,22,108 
144,DAL,1283,381,213,33,46,51,.466,.750,23,143 
145,CLE,988,276,92,69,23,44,.537,.718,8,94 
146,SAS,2060,1240,327,263,109,157,.539,.860,27,155 
147,UTA,1188,475,129,63,28,64,.530,.816,5,122 
148,SEA,81,17,8,1,0,9,.471,.500,0,19 
149,BOS,2275,881,407,119,48,105,.479,.811,13,169 
150,CLE,2238,885,681,88,70,115,.474,.714,28,210 
151,CHI,2704,1753,258,296,64,249,.513,.864,17,252 
152,TOR,1319,503,248,44,30,49,.506,.840,4,161 
153,POR,165,45,21,5,4,13,.463,.889,1,25 
154,IND,2785,1142,381,114,67,135,.522,.803,61,245 
155,BOS,1780,843,208,83,41,120,.484,.805,24,198 
156,PHI,1842,839,158,112,56,106,.441,.667,4,144 
157,IND,254,63,44,22,17,28,.387,.600,4,38 
158,MIL,432,167,27,53,17,18,.496,.844,1,32 
159,CHI,585,137,109,59,32,38,.473,.789,4,78 
160,MIN,92,18,25,4,0,6,.259,.800,7,8 
161,WAS,13,2,2,1,0,0,.250,0.0,0,1 
162,DET,2763,1485,282,285,59,159,.486,.861,15,232 
163,UTA,1965,894,353,99,52,118,.501,.767,11,232 
164,TOT,2563,1285,496,149,65,169,.516,.694,24,269 
164,IND,1208,572,226,51,25,91,.513,.713,10,116 
164,GSW,1355,713,270,98,40,78,.518,.681,14,153 
165,MEM,543,152,68,89,21,52,.442,.674,5,79 
166,CHA,220,67,38,6,1,15,.446,.773,1,49 
167,DAL,2081,813,196,296,96,146,.504,.824,21,242 
168,IND,190,71,42,6,5,26,.517,.500,12,47 
169,TOT,846,249,98,103,44,38,.462,.894,1,83 
169,SAC,100,43,15,10,3,4,.550,.909,0,23 
169,LAC,746,206,83,93,41,34,.448,.889,1,60 
170,MIA,2483,844,654,97,49,110,.492,.680,26,236 
171,MIN,2223,512,243,203,22,80,.497,.783,26,144 
172,HOU,1714,439,521,47,70,64,.573,.618,18,281 
173,WAS,1626,585,210,80,48,56,.471,.845,13,160 
174,WAS,1740,511,477,47,34,90,.558,.548,88,208 
175,HOU,2211,872,252,194,76,137,.564,.790,5,133 
176,PHI,418,119,107,10,9,12,.642,.702,12,62 
177,CHA,936,442,139,26,17,32,.608,.774,7,76 
178,DEN,1715,783,449,77,62,127,.570,.689,59,209 
179,ORL,2009,934,237,138,61,144,.520,.765,25,146 
180,CHI,2839,1327,274,500,100,191,.514,.835,23,274 
181,MIA,136,51,16,8,3,6,.358,.667,2,8 
182,TOT,65,15,8,12,4,3,.500,.750,0,6 
182,DEN,37,6,3,10,3,1,.400,1.000,0,3 
182,MIL,28,9,5,2,1,2,.571,.500,0,3 
183,CHA,185,64,31,1,4,16,.556,.600,7,40 
184,SAS,1124,268,229,77,45,44,.458,.594,41,105 
185,NJN,946,468,92,67,27,27,.517,.917,3,69 
186,ORL,3023,1443,1008,158,70,317,.603,.586,156,245 
187,DAL,2455,1321,475,127,82,123,.501,.827,56,180 
188,HOU,2123,773,470,131,29,112,.465,.824,8,205 
189,MIN,554,202,48,73,14,40,.451,.813,2,23 
190,CLE,2596,1045,267,256,89,154,.439,.676,26,164 
191,TOR,670,227,187,18,14,32,.470,.671,21,98 
192,DET,745,256,47,93,34,35,.463,.909,7,56 
193,PHI,1605,450,335,26,13,65,.577,.490,76,137 
194,PHI,3062,1386,434,432,152,261,.471,.820,33,200 
195,CLE,2130,925,599,123,48,141,.485,.807,98,257 
196,NJN,6,0,1,0,0,3,.000,0.0,0,1 
197,DAL,79,17,11,6,3,5,.313,.875,5,17 
198,MIL,973,402,189,49,27,51,.457,.787,17,147 
199,TOT,2761,1709,193,468,123,268,.466,.795,13,95 
199,PHI,640,468,41,109,33,66,.429,.885,1,21 
199,DEN,2121,1241,152,359,90,202,.480,.759,12,74 
200,ATL,539,157,51,45,24,31,.465,.686,4,62 
201,POR,2651,946,208,417,86,187,.499,.871,9,202 
202,NOK,1330,592,178,141,50,78,.446,.774,6,98 
203,TOT,138,48,10,13,5,7,.500,.556,1,15 
203,LAC,16,3,1,4,0,1,.188,0.0,0,3 
203,TOR,122,45,9,9,5,6,.571,.556,1,12 
204,NOK,1025,408,192,58,21,65,.410,.874,7,89 
205,TOT,2479,1161,222,287,84,183,.486,.813,34,200 
205,IND,1186,521,95,114,33,81,.466,.822,20,87 
205,GSW,1293,640,127,173,51,102,.503,.804,14,113 
206,NYK,273,76,66,3,6,23,.418,.556,15,73 
207,CLE,3190,2132,526,470,125,250,.507,.698,55,171 
208,MIN,2069,828,163,297,55,129,.479,.837,7,171 
209,WAS,2662,1388,562,136,80,104,.510,.736,36,194 
210,MIN,1555,371,184,145,75,88,.468,.761,16,172 
211,TOT,973,386,69,172,26,90,.466,.905,1,75 
211,IND,664,273,48,111,13,59,.484,.922,0,53 
211,GSW,309,113,21,61,13,31,.426,.871,1,22 
212,BOS,2319,1107,756,88,48,136,.514,.681,106,232 
213,NJN,1956,897,240,148,34,120,.495,.733,8,123 
214,NYK,1307,223,238,67,44,61,.466,.456,30,150 
215,MEM,753,260,181,17,25,47,.538,.661,35,137 
216,DET,124,47,37,3,5,9,.545,.786,13,19 
217,TOT,1301,355,101,201,33,76,.450,.754,3,119 
217,DAL,562,152,48,78,16,31,.449,.724,1,68 
217,ATL,739,203,53,123,17,45,.452,.781,2,51 
218,DEN,419,135,57,17,16,27,.386,.762,12,39 
219,ATL,2359,1426,239,249,60,176,.523,.748,11,115 
220,NOK,720,226,163,18,33,27,.516,.811,18,101 
221,PHI,336,110,57,16,11,18,.468,.561,1,59 
222,MEM,1671,583,153,68,39,92,.483,.793,22,192 
223,CLE,1173,393,66,94,16,36,.511,.682,2,53 
224,CLE,18,3,6,0,0,2,.000,.500,0,3 
225,TOT,1594,493,190,109,68,47,.514,.787,10,124 
225,MEM,561,161,61,33,22,23,.450,.735,2,54 
225,MIA,1033,332,129,76,46,24,.550,.829,8,70 
226,TOT,1319,412,115,108,48,67,.439,.833,16,121 
226,TOR,870,297,82,55,30,50,.450,.830,12,80 
226,POR,449,115,33,53,18,17,.415,.846,4,41 
227,PHO,1376,485,176,45,28,28,.470,.877,42,115 
228,PHO,138,40,23,1,5,7,.373,1.000,1,19 
229,ATL,666,189,136,11,11,25,.508,.787,42,124 
230,LAC,2176,754,588,79,41,147,.451,.741,116,251 
231,MIA,1767,730,180,81,38,70,.590,.892,2,135 
232,CHI,231,73,57,21,10,16,.386,.731,1,53 
233,NJN,2933,1041,655,736,127,213,.475,.778,23,146 
234,MEM,967,369,97,41,53,46,.479,.796,1,57 
235,UTA,2049,584,329,202,74,135,.490,.728,144,172 
236,DEN,1488,598,266,45,28,79,.509,.852,14,200 
237,CHA,1273,408,115,296,67,95,.420,.805,3,113 
238,LAC,41,12,3,4,3,1,.281,.500,0,0 
239,PHI,2288,1067,259,105,57,117,.518,.914,20,188 
240,NJN,848,426,176,46,10,52,.526,.711,24,88 
241,POR,352,100,70,8,7,13,.392,.769,11,57 
242,WAS,55,11,11,2,0,2,.444,.600,3,14 
243,NYK,1731,621,602,104,48,92,.600,.815,23,155 
244,SEA,2348,1342,396,145,68,118,.536,.841,39,143 
245,SEA,26,0,1,4,0,1,.000,0.0,0,2 
246,LAC,1611,503,184,274,59,108,.469,.707,29,135 
247,MEM,175,56,31,32,14,12,.408,.893,1,20 
248,HOU,383,154,36,33,17,15,.446,.789,0,38 
249,ATL,1488,636,104,201,24,85,.469,.883,0,101 
250,MIN,473,61,87,10,10,21,.535,.517,10,100 
251,LAC,2291,1266,442,208,65,201,.462,.820,14,244 
252,POR,1703,529,492,30,21,129,.504,.541,66,226 
253,GSW,27,5,2,0,2,1,.200,.500,0,4 
254,NYK,2748,1210,213,403,71,179,.480,.769,10,185 
255,PHO,3010,1403,785,134,156,114,.561,.810,122,216 
256,MIL,170,51,31,6,3,15,.423,.636,1,22 
257,PHO,17,6,3,0,0,0,.333,1.000,1,4 
258,CLE,1360,566,323,46,39,67,.520,.663,43,130 
259,IND,361,99,29,13,12,19,.382,.689,5,22 
260,TOR,220,94,12,43,3,12,.420,.714,0,22 
261,DEN,63,19,20,1,0,5,.500,.250,0,10 
262,SAC,2818,1618,342,173,98,135,.533,.844,11,181 
263,NOK,2575,1028,345,115,52,192,.452,.663,22,174 
264,WAS,492,165,45,35,13,19,.422,.875,6,66 
265,DET,943,334,186,14,30,53,.500,.526,60,110 
266,CHA,838,416,233,66,19,56,.503,.768,24,100 
267,MIN,554,184,47,38,26,40,.407,.690,7,71 
268,MIL,12,0,0,0,0,2,.000,0.0,0,1 
269,DET,1729,664,496,72,61,75,.526,.691,65,240 
270,PHI,41,15,11,1,0,1,.385,.714,0,8 
271,HOU,2539,1747,378,458,92,213,.474,.707,36,136 
272,CHA,702,165,62,124,14,42,.395,.688,0,72 
273,LAL,131,22,18,13,4,8,.647,0.0,0,14 
274,TOT,718,231,43,90,24,46,.431,.885,5,51 
274,GSW,379,138,21,45,17,23,.433,.887,3,21 
274,IND,339,93,22,45,7,23,.428,.880,2,30 
275,ATL,81,42,14,2,0,5,.431,.850,2,16 
276,DAL,71,29,21,0,1,9,.647,.389,0,8 
277,UTA,373,101,35,25,11,28,.375,.609,4,60 
278,ORL,1913,639,437,90,44,124,.454,.613,140,219 
279,TOT,2966,1075,352,625,110,222,.469,.784,10,184 
279,DEN,822,300,104,209,37,70,.480,.729,4,58 
279,PHI,2144,775,248,416,73,152,.465,.808,6,126 
280,SAC,1783,568,401,224,38,108,.459,.772,39,155 
281,MEM,2740,1293,378,298,54,179,.560,.793,18,138 
282,UTA,1472,559,423,62,67,94,.526,.673,74,236 
283,HOU,1624,1202,452,94,17,167,.516,.862,94,159 
284,LAC,2841,1077,267,198,92,145,.497,.837,24,186 
285,DET,773,286,229,9,27,43,.532,.610,40,133 
286,NJN,2082,776,403,74,46,113,.609,.681,60,261 
287,NYK,44,4,9,1,2,2,.167,.333,1,4 
288,CHA,2326,917,230,163,28,130,.422,.710,6,179 
289,MIA,1572,661,350,18,13,129,.560,.601,178,219 
290,TOT,1852,698,414,126,46,78,.508,.745,42,196 
290,GSW,667,231,157,60,21,29,.511,.712,17,63 
290,IND,1185,467,257,66,25,49,.506,.772,25,133 
291,DET,1477,465,113,187,49,90,.432,.725,13,96 
292,HOU,1289,230,488,13,22,38,.556,.690,76,156 
293,NJN,1532,696,253,61,30,69,.570,.805,26,183 
294,DEN,1658,497,310,64,73,56,.578,.715,26,207 
295,PHO,2682,1412,269,884,57,287,.613,.899,6,117 
296,ORL,2331,1000,236,330,73,184,.467,.828,5,225 
297,TOR,1676,494,360,74,37,56,.546,.680,84,193 
298,CLE,129,46,30,2,6,3,.541,.600,0,17 
299,CHI,1406,749,301,57,27,104,.536,.848,24,164 
300,MIL,792,184,123,65,25,40,.415,.860,9,77 
301,HOU,191,51,26,6,5,4,.490,1.000,0,21 
302,DAL,2820,1916,693,263,52,167,.529,.904,62,171 
303,GSW,119,31,21,9,6,8,.313,.647,8,26 
304,IND,2459,1339,661,167,50,203,.436,.767,182,232 
305,MIA,1135,690,297,79,8,95,.591,.422,55,139 
306,SAS,1365,349,368,68,25,69,.562,.647,24,213 
307,LAL,2202,890,547,270,53,163,.508,.700,32,182 
308,CHA,2329,963,757,80,57,111,.532,.593,172,210 
309,UTA,2664,1405,579,156,36,125,.523,.765,38,257 
310,PHI,919,199,74,130,21,47,.433,.822,1,76 
311,BOS,234,40,48,5,8,17,.413,.667,13,48 
312,ORL,460,81,106,16,17,21,.667,.591,6,57 
313,POR,1532,645,217,52,61,66,.443,.790,74,150 
314,ATL,2026,875,500,106,77,162,.474,.786,36,267 
315,TOT,231,46,54,8,5,9,.357,.462,3,35 
315,HOU,198,44,45,8,4,8,.388,.545,3,33 
315,MEM,33,2,9,0,1,1,.143,.000,0,2 
316,NOK,1710,751,180,203,53,122,.467,.852,4,121 
317,TOR,2437,903,283,153,73,71,.561,.835,11,135 
318,LAL,2457,907,206,228,119,153,.506,.646,10,211 
319,SAS,2499,1429,250,420,82,191,.527,.783,6,137 
320,MIL,2508,1194,440,232,110,199,.550,.641,25,232 
321,NOK,2353,1104,280,569,118,161,.466,.818,3,154 
322,CLE,1534,604,158,105,55,102,.514,.794,17,145 
323,MIA,1503,358,132,201,43,66,.437,.667,3,117 
324,BOS,1576,324,372,94,23,113,.491,.600,96,214 
325,TOR,1515,634,237,47,45,53,.532,.683,12,126 
326,SEA,1510,502,335,45,39,82,.516,.649,47,237 
327,PHO,73,27,9,4,0,5,.500,1.000,1,6 
328,BOS,1740,1173,277,194,48,152,.502,.796,13,122 
329,GSW,1937,801,327,62,48,105,.567,.648,55,220 
330,BOS,100,31,15,5,3,4,.463,.667,3,12 
331,CLE,109,24,31,3,4,4,.423,.500,1,27 
332,MIA,1919,550,357,94,71,55,.543,.827,23,193 
333,SAC,13,0,2,0,0,2,.000,0.0,0,3 
334,BOS,720,264,215,10,14,47,.446,.736,22,104 
335,TOT,353,116,88,21,5,29,.462,.714,12,61 
335,IND,64,12,19,3,0,5,.133,.667,0,18 
335,GSW,289,104,69,18,5,24,.526,.733,12,43 
336,UTA,13,2,3,0,0,3,.000,1.000,0,2 
337,SAC,563,192,71,48,28,33,.451,.673,4,64 
338,DET,3001,1171,429,227,51,98,.501,.768,55,116 
339,POR,701,84,168,12,10,40,.474,.370,67,124 
340,MIA,408,141,30,65,15,21,.443,.676,0,32 
341,LAL,986,361,180,66,25,69,.487,.726,18,125 
342,PHI,179,58,54,4,7,9,.479,.545,10,23 
343,POR,2425,1608,688,147,53,215,.472,.819,15,184 
344,BOS,44,5,7,0,1,1,.333,.750,3,6 
345,BOS,710,290,69,43,20,42,.479,.764,3,85 
346,MIL,2036,1416,196,124,63,122,.522,.829,9,78 
347,ORL,622,252,52,36,12,21,.508,.900,0,52 
348,MIN,318,106,46,17,5,22,.374,.867,3,44 
349,MIL,244,33,71,13,5,14,.349,.300,6,45 
350,GSW,1675,814,259,172,54,82,.492,.657,32,129 
351,TOT,20,8,2,0,1,1,.667,0.0,0,2 
351,ATL,19,8,2,0,1,1,.667,0.0,0,2 
351,POR,1,0,0,0,0,0,0.0,0.0,0,0 
352,NYK,1621,636,352,108,36,70,.507,.692,7,133 
353,SEA,2091,779,164,368,83,156,.468,.805,19,181 
354,GSW,227,111,21,10,12,13,.524,.667,0,27 
355,MEM,969,283,261,30,36,36,.452,.725,13,133 
356,TOT,278,61,48,19,17,16,.306,.852,2,32 
356,CHA,241,51,42,17,13,16,.296,.864,1,28 
356,NJN,37,10,6,2,4,0,.375,.800,1,4 
357,NJN,955,203,122,51,12,30,.429,.444,23,98 
358,NYK,1356,645,152,90,50,72,.513,.777,6,160 
359,POR,862,247,91,218,35,77,.473,.808,2,72 
360,BOS,1831,501,292,297,128,137,.424,.647,8,181 
361,PHO,246,108,23,16,5,9,.564,.917,2,22 
362,NYK,810,192,175,65,26,65,.403,.808,9,120 
363,LAC,1700,424,190,86,70,33,.470,.782,32,179 
364,POR,2015,955,250,230,67,116,.492,.838,10,139 
365,WAS,271,17,62,6,6,12,.278,.368,8,43 
366,SAC,2135,671,264,254,73,119,.495,.779,27,177 
367,DEN,125,24,48,5,2,10,.643,.429,7,17 
368,BOS,1027,216,105,59,23,44,.518,.783,18,130 
369,POR,118,19,25,1,2,4,.304,.714,4,25 
370,CHI,868,256,153,60,33,60,.455,.511,11,100 
371,SEA,169,53,45,0,3,11,.367,.586,12,33 
372,MIA,93,23,11,4,2,3,.391,.714,0,13 
373,NOK,534,126,107,12,8,22,.417,.485,23,75 
374,LAC,376,85,106,17,15,17,.384,.759,17,45 
375,MIL,1523,294,385,58,18,75,.490,.582,64,195 
376,TOR,72,38,14,1,1,9,.558,.692,2,11 
377,MIN,1537,608,416,49,51,74,.531,.624,18,223 
378,DEN,1471,819,143,91,49,85,.557,.810,9,147 
379,TOT,1503,553,400,49,37,76,.449,.845,27,148 
379,DEN,148,56,40,3,6,13,.479,.833,7,23 
379,PHI,1355,497,360,46,31,63,.445,.846,20,125 
380,ATL,2647,1178,621,236,101,227,.458,.693,207,241 
381,PHI,28,5,6,0,1,2,.250,.500,0,4 
382,CLE,1929,342,188,330,55,111,.417,.637,16,185 
383,HOU,563,192,83,39,11,26,.490,.653,12,51 
384,WAS,700,282,134,38,17,43,.524,.852,10,105 
385,TOR,34,10,11,2,1,1,.333,.667,1,2 
386,HOU,272,85,22,28,7,29,.354,.810,1,33 
387,DAL,1615,804,145,187,51,117,.476,.847,10,78 
388,WAS,2419,920,216,218,65,119,.510,.704,19,155 
389,NOK,425,231,54,11,8,19,.510,.816,4,29 
390,MEM,1501,467,139,299,47,101,.459,.795,2,95 
391,ATL,1034,471,74,61,21,55,.482,.897,2,88 
392,PHO,2689,1671,786,84,78,232,.575,.781,110,295 
393,CHI,385,153,120,28,9,42,.433,.561,11,79 
394,MEM,1029,419,250,17,30,69,.465,.724,62,146 
395,BOS,900,479,98,55,18,54,.472,.897,3,65 
396,WAS,369,126,53,45,17,25,.411,.524,3,34 
397,SAC,103,24,28,5,4,6,.286,.615,1,16 
398,BOS,1578,479,108,218,43,98,.410,.818,11,166 
399,DAL,2846,1350,231,422,81,152,.560,.804,17,170 
400,WAS,1246,395,377,29,22,71,.574,.558,89,162 
401,SAC,1412,331,377,76,43,90,.482,.513,16,141 
402,PHO,1208,308,379,24,24,35,.486,.789,29,156 
403,LAC,2054,836,378,171,55,106,.508,.708,28,228 
404,CHI,966,374,269,40,46,94,.475,.606,76,162 
405,ATL,50,17,8,2,0,1,.400,.833,0,2 
406,IND,2243,925,240,494,117,200,.424,.720,25,190 
407,TOT,390,84,104,5,8,24,.403,.667,12,51 
407,MEM,258,54,64,2,7,21,.400,.583,11,34 
407,HOU,132,30,40,3,1,3,.409,.800,1,17 
408,TOR,83,30,23,3,2,6,.500,.571,0,12 
409,LAL,1087,383,259,63,17,52,.549,.664,78,202 
410,ORL,2268,970,293,233,70,143,.485,.781,16,221 
411,POR,2144,629,279,112,71,73,.548,.742,17,207 
412,SAS,948,340,82,122,27,56,.417,.883,1,70 
413,CLE,1932,547,545,75,76,67,.476,.616,52,269 
414,SAS,760,192,68,131,24,40,.428,.754,2,74 
415,MIL,984,462,228,36,24,54,.508,.820,12,108 
416,NOK,103,22,11,5,2,6,.567,.714,1,10 
417,CHA,1043,319,256,44,30,56,.475,.681,24,199 
418,LAL,935,313,107,64,41,30,.504,.878,1,103 
419,MIA,1931,1397,239,384,107,216,.502,.807,62,117 
420,LAC,1,0,0,0,0,0,.000,0.0,0,0 
421,GSW,7,4,0,1,0,1,1.500,.500,0,1 
422,MIA,1818,660,339,130,48,141,.460,.438,17,173 
423,CHI,2697,494,821,186,111,101,.454,.408,156,153 
424,CHA,2640,1304,518,185,144,160,.523,.691,69,209 
425,DET,2419,926,543,127,75,94,.485,.788,118,225 
426,LAL,1982,684,302,257,60,118,.517,.745,21,117 
427,MEM,2152,1045,420,75,43,161,.524,.771,30,232 
428,SEA,2152,726,185,437,99,167,.450,.735,23,152 
429,TOT,1821,684,437,188,60,107,.455,.638,41,143 
429,PHI,544,198,149,61,18,33,.391,.643,15,36 
429,DET,1277,486,288,127,42,74,.491,.636,26,107 
430,POR,1759,574,240,52,35,76,.489,.705,19,126 
431,HOU,590,217,120,31,24,57,.413,.561,13,62 
432,CLE,352,73,35,37,12,17,.353,.714,4,32 
433,NOK,1900,949,424,114,42,98,.481,.824,38,143 
434,BOS,2219,845,208,304,74,140,.472,.853,34,152 
435,SAS,137,50,20,5,3,5,.463,.800,1,7 
436,SEA,2586,1106,629,82,70,127,.529,.684,38,248 
437,SEA,2037,724,229,156,92,116,.477,.882,16,157 
438,SEA,534,170,54,79,15,31,.486,.786,4,53 
439,LAC,374,76,85,7,7,18,.547,.818,14,56 
440,LAC,10,2,1,3,2,3,.000,.500,0,0 
441,UTA,2950,1297,267,745,78,246,.494,.767,13,254 
442,TOT,121,54,17,7,3,7,.489,.571,0,12 
442,SAS,88,42,14,6,2,5,.559,.571,0,6 
442,CHA,33,12,3,1,1,2,.308,.571,0,6 
443,MIA,1865,664,141,322,58,100,.501,.913,1,68 
444,SAC,333,131,115,2,5,15,.614,.365,16,51 
445,PHI,688,262,70,110,22,46,.469,.696,1,42 
446,NJN,1315,534,163,260,29,142,.439,.847,2,96 
447,ATL,2179,839,337,121,52,127,.441,.815,30,191 
448,MIL,2472,1174,329,416,85,203,.484,.855,6,201 
449,LAL,345,94,40,31,12,13,.523,.667,0,20 
450,IND,556,180,83,22,6,24,.528,.550,8,69 
451,ATL,1514,444,435,44,52,96,.458,.764,39,199 
452,SAC,1337,620,221,39,29,97,.510,.715,15,183 
453,DAL,43,12,8,1,2,2,.385,1.000,1,11 
454,SAC,2641,1316,454,235,149,146,.485,.740,43,205 
455,NJN,1137,283,175,55,30,43,.476,.603,10,120 
456,MIN,190,67,21,15,9,6,.450,.722,1,6 
457,MIA,1292,393,272,95,41,65,.452,.744,46,112 
