Rk,Tm,MP,PTS,TRB,AST,STL,TOV,eFG%,FT%,BLK,PF 
1,TOT,1578,697,291,98,59,106,.426,.756,28,147 
1,ORL,1205,563,239,72,53,87,.435,.762,16,116 
1,DEN,373,134,52,26,6,19,.393,.738,12,31 
2,VAN,3223,1663,825,271,89,249,.477,.809,87,244 
3,DEN,329,82,42,58,24,28,.332,.773,2,39 
4,MIL,3070,1809,359,308,110,183,.516,.887,19,187 
5,MIL,361,60,23,70,12,29,.300,.750,0,29 
6,ORL,1684,836,266,95,35,139,.438,.766,37,161 
7,LAC,2201,1080,258,220,90,167,.470,.877,11,149 
8,BOS,2593,1149,225,420,139,130,.483,.775,8,230 
9,SAC,2094,781,339,123,94,95,.476,.487,16,118 
10,HOU,2700,1009,384,239,96,194,.524,.767,32,182 
11,CHI,1007,439,280,65,29,80,.444,.789,25,180 
12,POR,1548,514,133,208,59,85,.512,.772,9,143 
13,CHI,583,201,47,78,7,40,.481,.880,1,34 
14,ORL,2590,1330,270,501,169,248,.494,.911,9,137 
15,ORL,1626,782,126,306,52,142,.462,.729,3,137 
16,POR,692,203,116,53,27,38,.474,.673,11,69 
17,WAS,1173,397,282,74,17,107,.430,.686,38,128 
18,LAC,377,81,74,11,16,24,.302,.719,15,62 
19,MIN,484,154,40,88,14,42,.359,.667,2,60 
20,PHO,449,163,72,30,13,24,.421,.692,4,55 
21,SEA,2849,1311,605,148,47,213,.456,.682,66,288 
22,HOU,620,289,209,63,14,44,.491,.645,4,48 
23,BOS,1139,517,99,133,31,66,.518,.868,4,80 
24,SEA,2726,945,372,291,103,142,.579,.809,31,228 
25,TOT,159,41,12,33,2,13,.561,.800,0,23 
25,GSW,85,22,8,17,2,6,.583,.500,0,14 
25,ATL,74,19,4,16,0,7,.533,1.000,0,9 
26,SAC,1281,495,159,150,75,85,.561,.922,7,104 
27,BOS,1505,541,410,63,47,67,.478,.675,70,249 
28,IND,130,64,21,3,1,7,.343,.667,5,18 
29,CLE,8,2,1,0,0,0,.333,0.0,1,1 
30,CHI,862,370,88,54,31,74,.459,.598,22,122 
31,LAC,3,0,2,0,0,0,.000,0.0,0,1 
32,IND,1691,733,142,272,76,107,.514,.821,5,204 
33,VAN,3155,1190,306,665,132,247,.483,.780,15,171 
34,DEN,305,112,34,39,10,24,.371,.841,2,27 
35,GSW,2459,822,270,489,146,143,.451,.705,22,122 
36,PHO,446,107,113,10,15,28,.494,.576,7,78 
37,TOR,1731,410,135,299,65,59,.462,.908,4,119 
38,TOT,118,29,31,5,2,10,.538,.625,6,25 
38,NYK,5,3,1,0,0,2,0.0,.750,0,1 
38,LAC,113,26,30,5,2,8,.538,.600,6,24 
39,WAS,143,42,32,7,3,6,.348,.714,14,23 
40,SEA,167,62,40,10,6,6,.444,.545,3,9 
41,ATL,423,122,85,14,14,21,.426,.632,9,46 
42,TOT,878,196,96,34,23,19,.441,.581,15,118 
42,PHI,311,59,36,16,9,5,.363,.500,5,37 
42,MIA,567,137,60,18,14,14,.488,.613,10,81 
43,DEN,589,131,114,20,39,14,.397,.717,13,95 
44,PHI,20,5,2,1,1,1,1.000,.500,0,0 
45,TOT,261,138,26,48,12,17,.517,.783,1,23 
45,ORL,8,6,1,3,0,0,.750,0.0,0,0 
45,CLE,253,132,25,45,12,17,.509,.783,1,23 
46,DAL,1901,647,497,60,71,74,.480,.765,190,260 
47,CLE,61,8,22,0,1,3,.190,0.0,0,13 
48,CHI,2999,1627,810,155,66,228,.482,.685,132,259 
49,MIN,2587,1212,238,629,134,184,.492,.899,30,158 
50,TOT,1096,334,167,66,20,45,.454,.692,18,114 
50,SAS,602,190,77,41,8,28,.469,.806,10,53 
50,CHH,494,144,90,25,12,17,.438,.524,8,61 
51,TOR,673,264,54,86,24,39,.490,.688,5,62 
52,DET,45,10,7,3,0,3,.286,1.000,0,8 
53,MIA,2302,764,600,145,65,100,.480,.755,61,264 
54,CHI,1625,379,144,202,61,105,.364,.738,15,120 
55,NYK,289,71,27,49,9,31,.429,.611,1,35 
56,LAL,2524,1485,416,323,106,182,.488,.821,62,220 
57,CLE,1712,424,352,61,31,87,.503,.809,31,250 
58,DAL,923,275,174,55,38,36,.498,.683,20,148 
59,DET,657,130,91,33,25,13,.410,.286,16,50 
60,MIA,386,147,48,21,10,9,.434,.727,8,44 
61,HOU,1024,382,138,63,19,36,.525,.833,13,85 
62,NJN,1336,451,256,72,67,38,.492,.780,44,173 
63,GSW,2159,852,482,119,62,170,.479,.597,20,269 
64,NJN,242,27,81,9,8,4,.500,1.000,8,30 
65,NYK,1548,601,461,49,43,72,.481,.670,116,204 
66,CHH,2538,987,590,129,56,127,.446,.690,150,269 
67,VAN,221,67,32,7,3,9,.438,.786,6,42 
68,TOT,1166,531,173,84,30,117,.427,.856,15,113 
68,GSW,74,39,13,3,0,5,.348,.842,1,12 
68,CHI,1092,492,160,81,30,112,.433,.858,14,101 
69,MIA,1859,498,199,378,93,173,.398,.750,5,167 
70,TOR,3126,2107,476,322,110,178,.493,.791,92,263 
71,MIL,2899,1506,301,729,102,267,.477,.876,8,255 
72,HOU,1581,567,389,26,33,71,.537,.649,124,175 
73,MIA,185,66,47,2,2,10,.541,.684,16,42 
74,DAL,2064,1147,462,90,56,125,.468,.843,24,165 
75,LAL,185,37,11,20,7,16,.356,.833,0,22 
76,PHO,957,348,80,62,22,38,.452,.756,1,70 
77,BOS,1309,267,138,80,44,46,.473,.429,14,158 
78,TOT,601,120,131,27,15,20,.441,1.000,10,73 
78,UTA,224,47,43,10,5,9,.363,1.000,4,31 
78,CLE,30,0,9,1,0,0,.000,0.0,0,3 
78,LAC,347,73,79,16,10,11,.532,1.000,6,39 
79,NYK,1675,376,147,285,36,105,.461,.797,4,240 
80,TOR,2264,903,285,321,102,144,.472,.843,43,167 
81,DEN,1850,694,505,71,45,125,.543,.688,114,231 
82,LAC,820,238,179,25,13,34,.487,.590,73,80 
83,CHH,2347,1239,632,175,34,173,.482,.785,130,195 
84,ATL,1924,645,172,290,58,103,.461,.817,11,178 
85,LAC,9,2,2,0,0,0,.500,0.0,0,1 
86,SAC,941,219,165,60,36,29,.377,.846,5,99 
87,ATL,668,252,99,33,17,37,.413,.778,16,83 
88,IND,1885,835,516,89,44,121,.489,.848,60,203 
89,DET,937,325,75,128,27,54,.488,.860,5,104 
90,GSW,398,184,107,21,13,27,.429,.821,8,74 
91,GSW,1793,706,184,247,91,132,.442,.751,13,174 
92,TOT,309,76,50,14,13,21,.426,.720,4,61 
92,HOU,50,12,8,0,2,4,.545,0.0,0,10 
92,GSW,259,64,42,14,11,17,.404,.720,4,51 
93,TOR,1095,507,100,89,32,40,.532,.750,9,66 
94,DET,1611,506,104,87,33,73,.482,.839,5,209 
95,GSW,495,167,134,19,8,29,.405,.529,15,75 
96,SAS,1195,420,86,177,55,58,.506,.713,5,73 
97,TOT,474,179,81,17,17,33,.427,.804,3,56 
97,CHI,443,168,73,16,13,31,.426,.808,2,49 
97,CLE,31,11,8,1,4,2,.444,.750,1,7 
98,TOR,2479,910,696,105,38,121,.440,.765,100,267 
99,CHH,1523,486,165,309,97,140,.449,.634,19,201 
100,PHO,22,4,9,2,1,3,.333,0.0,1,2 
101,IND,2127,743,729,64,52,91,.502,.685,94,203 
102,SEA,701,217,100,70,38,44,.434,.684,5,72 
103,DAL,1817,583,134,141,24,70,.556,.870,3,109 
104,GSW,464,143,84,38,25,40,.409,.660,4,52 
105,CHH,570,227,83,62,30,46,.503,.765,8,39 
106,PHO,941,396,129,65,44,50,.491,.667,22,127 
107,CLE,1831,544,439,58,63,108,.508,.588,66,275 
108,MIL,1211,349,107,160,36,48,.483,.897,0,81 
109,SAC,682,296,88,55,35,32,.446,.797,5,58 
110,SAS,95,40,26,5,1,6,.402,.600,1,10 
111,VAN,3103,1496,279,208,116,165,.483,.830,45,226 
112,SAC,2374,1005,656,244,103,190,.507,.691,103,251 
113,ORL,1335,565,334,63,29,65,.453,.842,34,224 
114,NJN,309,120,29,34,17,24,.528,.893,0,26 
115,HOU,1293,420,103,162,41,66,.454,.849,1,79 
116,NYK,459,55,136,5,7,18,.343,.333,21,95 
117,SAS,2875,1716,918,234,66,242,.491,.761,165,210 
118,UTA,2096,708,170,347,59,132,.462,.824,9,223 
119,VAN,351,125,92,8,9,26,.466,.672,4,61 
120,SAS,2217,590,249,193,73,130,.508,.846,9,156 
121,SAS,391,114,47,28,12,19,.420,.781,2,34 
122,TOT,564,178,56,14,13,20,.531,.692,0,45 
122,MIL,324,123,34,6,6,7,.579,.667,0,23 
122,CHH,240,55,22,8,7,13,.448,.750,0,22 
123,ATL,1309,487,290,59,32,52,.454,.695,25,133 
124,BOS,269,53,67,13,10,13,.442,.714,8,67 
125,NJN,373,91,108,21,8,21,.528,.500,21,84 
126,NYK,2035,929,604,58,36,142,.466,.731,84,196 
127,GSW,1199,465,295,74,66,82,.420,.766,16,167 
128,NJN,2241,459,755,68,43,59,.431,.707,38,206 
129,CLE,1326,463,238,67,22,55,.541,.912,24,181 
130,DAL,3464,1855,518,438,109,196,.487,.820,32,171 
131,LAL,1803,491,143,216,80,75,.400,.724,3,150 
132,BOS,856,419,366,29,20,67,.528,.735,5,180 
133,SEA,718,203,107,41,10,28,.413,.643,18,105 
134,IND,86,43,32,5,5,2,.565,.680,1,18 
135,LAL,1473,534,198,138,52,87,.473,.808,26,203 
136,GSW,1654,420,424,42,26,71,.508,.378,136,218 
137,HOU,2776,1388,409,507,118,306,.493,.786,29,231 
138,CHH,399,134,110,5,9,27,.418,.604,8,46 
139,SAC,1026,483,234,33,32,40,.523,.706,20,91 
140,MIN,3243,1857,956,401,120,268,.507,.765,126,205 
141,MIN,604,114,140,19,8,21,.444,.692,40,94 
142,ORL,23,4,1,2,0,1,.200,0.0,0,0 
143,ORL,1479,675,210,58,31,85,.509,.721,19,197 
144,TOT,1811,1014,502,71,82,169,.466,.713,23,246 
144,ORL,1041,598,297,40,48,105,.462,.698,10,142 
144,DEN,770,416,205,31,34,64,.472,.742,13,104 
145,PHI,1406,629,387,39,29,91,.441,.779,22,194 
146,LAL,345,155,75,12,10,21,.444,.659,4,54 
147,NJN,2355,993,283,210,139,89,.425,.710,41,211 
148,UTA,782,333,209,42,12,55,.436,.779,16,83 
149,ATL,446,195,38,27,15,28,.421,.729,4,28 
150,POR,1322,459,344,64,32,84,.493,.675,28,166 
151,POR,24,12,3,1,1,2,.429,0.0,0,3 
152,SEA,2688,612,591,188,55,61,.444,.721,60,192 
153,HOU,124,49,25,5,5,4,.405,.655,3,22 
154,LAL,1929,413,486,80,53,53,.448,.695,18,127 
155,BOS,1927,485,372,177,116,93,.443,.753,15,222 
156,PHO,1767,738,425,124,80,106,.481,.775,31,152 
157,MIL,792,177,172,42,29,29,.555,.449,29,102 
158,WAS,1373,639,129,108,28,84,.443,.774,6,142 
159,HOU,273,82,90,15,4,28,.443,.522,14,25 
160,MIN,372,117,101,10,8,21,.433,.589,3,55 
161,PHO,2253,1015,347,315,94,153,.494,.790,38,164 
162,MIA,1672,696,150,385,49,119,.459,.827,4,112 
163,LAL,2042,557,337,270,85,132,.430,.680,39,164 
164,ORL,63,16,12,8,5,1,.294,.857,1,7 
165,IND,854,328,159,38,25,65,.473,.703,9,130 
166,VAN,2677,1076,563,97,36,217,.506,.792,58,287 
167,NJN,1510,513,187,100,65,42,.469,.798,6,98 
168,POR,137,41,33,5,1,12,.567,.583,6,20 
169,CHI,1622,480,175,134,74,100,.497,.899,15,146 
170,CHH,36,8,7,13,0,3,.269,.500,0,2 
171,ATL,2775,1083,571,77,81,139,.462,.671,54,233 
172,CLE,1107,328,140,55,39,68,.397,.663,17,99 
173,TOT,71,13,13,6,2,3,.625,.750,1,8 
173,CLE,47,12,11,3,2,3,.714,1.000,1,7 
173,NJN,24,1,2,3,0,0,.000,.500,0,1 
174,DEN,597,141,52,111,15,42,.460,.675,2,74 
175,DET,2776,1906,490,385,103,240,.501,.795,43,190 
176,PHI,2155,815,625,52,64,124,.485,.691,27,243 
177,CHI,845,279,110,85,40,43,.457,.908,2,66 
178,CHH,4,0,1,0,0,0,.000,0.0,0,0 
179,UTA,2133,953,182,202,66,113,.537,.950,16,149 
180,LAL,1685,436,361,118,84,73,.478,.788,80,189 
181,NYK,3169,1614,271,224,65,186,.525,.838,14,219 
182,WAS,2909,1220,470,247,67,225,.459,.735,21,299 
183,LAC,1592,545,148,242,43,108,.433,.811,0,65 
184,TOT,2324,1226,349,205,115,195,.413,.740,28,191 
184,PHI,1018,501,159,75,54,95,.428,.746,12,94 
184,GSW,1306,725,190,130,61,100,.402,.736,16,97 
185,DAL,224,82,49,9,3,14,.486,.462,1,30 
186,DET,2919,1043,250,327,129,145,.519,.760,22,216 
187,PHI,2853,1989,267,328,144,230,.446,.713,5,162 
188,MIN,1034,369,153,172,48,58,.423,.776,7,114 
189,SAS,1691,513,181,118,54,66,.492,.647,7,157 
190,DET,73,7,11,4,3,7,.091,.625,0,7 
191,ATL,2767,1317,394,230,57,185,.458,.877,10,167 
192,IND,2190,660,296,650,76,174,.510,.806,10,111 
193,DAL,1,0,0,0,0,0,0.0,0.0,0,0 
194,TOT,681,255,71,32,30,33,.531,.732,3,113 
194,LAL,18,10,1,2,1,2,.556,.000,0,1 
194,GSW,663,245,70,30,29,31,.530,.769,3,112 
195,MIA,23,11,4,2,0,2,.357,.333,3,1 
196,GSW,1556,841,359,90,30,113,.472,.611,15,115 
197,MIA,74,18,21,4,2,4,.350,.222,1,17 
198,TOT,637,154,51,72,33,32,.384,.718,4,58 
198,ATL,423,92,39,59,23,24,.354,.792,2,41 
198,ORL,214,62,12,13,10,8,.434,.600,2,17 
199,SAS,2571,919,158,491,76,140,.474,.735,18,150 
200,NYK,37,6,7,0,1,3,.333,0.0,0,5 
201,MIL,2129,383,648,44,81,80,.516,.605,127,298 
202,PHO,113,40,16,24,2,7,.589,1.000,0,6 
203,NYK,2281,750,380,175,42,94,.477,.766,7,205 
204,LAC,662,188,62,94,30,28,.425,.739,5,46 
205,TOT,612,233,55,96,18,40,.483,.667,1,34 
205,GSW,196,68,16,39,6,15,.565,.778,0,13 
205,DAL,416,165,39,57,12,25,.455,.641,1,21 
206,CHH,2807,1446,343,305,192,160,.484,.864,49,176 
207,PHI,138,57,38,5,6,14,.397,.611,5,10 
208,DEN,330,104,103,19,3,13,.433,.737,6,50 
209,WAS,243,41,41,32,12,19,.321,.538,2,29 
210,UTA,604,135,136,34,17,46,.408,.806,13,90 
211,CLE,2492,1463,725,138,100,291,.418,.776,96,371 
212,SAS,268,89,19,12,4,7,.541,.818,0,14 
213,SAS,1310,321,225,69,67,51,.412,.707,47,161 
214,TOT,132,34,34,1,4,10,.406,.667,3,20 
214,CHI,41,10,7,1,1,3,.400,1.000,1,8 
214,CLE,91,24,27,0,3,7,.409,.600,2,12 
215,PHO,2616,959,483,678,134,226,.442,.829,28,148 
216,WAS,1060,327,250,49,34,41,.502,.742,15,132 
217,NJN,1896,807,225,142,79,56,.506,.795,19,120 
218,POR,31,11,6,2,1,2,.364,1.000,0,7 
219,CLE,1754,602,193,458,107,157,.414,.761,21,185 
220,LAL,410,109,129,23,6,26,.390,.607,23,88 
221,TOT,1784,830,273,265,77,146,.438,.725,28,112 
221,CHI,868,432,130,124,44,75,.405,.761,19,51 
221,PHI,916,398,143,141,33,71,.476,.673,9,61 
222,DET,2443,1002,553,186,83,186,.478,.812,45,326 
223,DEN,2435,1006,641,97,42,96,.480,.686,180,292 
224,NYK,244,59,60,3,8,5,.438,.429,6,31 
225,TOT,38,6,5,2,4,2,.167,.800,1,8 
225,TOR,32,3,5,1,4,2,.000,.750,1,7 
225,PHI,6,3,0,1,0,0,1.000,1.000,0,1 
226,CLE,145,49,15,11,5,6,.475,1.000,0,16 
227,CHI,129,37,10,11,7,7,.372,.714,0,9 
228,GSW,284,77,23,24,4,6,.404,.778,1,33 
229,MIA,1434,629,153,136,41,80,.487,.792,15,127 
230,UTA,896,283,113,40,24,46,.411,.731,15,158 
231,SEA,1575,674,336,70,62,78,.521,.683,36,163 
232,PHO,1081,381,130,170,49,92,.441,.839,13,129 
233,VAN,920,203,234,43,45,49,.443,.775,10,108 
234,PHO,1417,452,323,77,22,136,.466,.825,42,221 
235,VAN,781,292,124,44,32,53,.431,.615,17,94 
236,LAL,146,48,12,17,3,9,.538,.750,0,17 
237,PHI,2416,722,582,136,119,120,.473,.617,38,231 
238,PHI,528,206,146,13,11,26,.553,.519,37,94 
239,GSW,333,114,39,24,18,19,.389,.950,1,45 
240,PHO,143,42,23,8,2,8,.388,.667,1,24 
241,ORL,1370,646,303,61,24,138,.480,.751,26,169 
242,MIA,2308,506,333,206,89,62,.533,.812,17,156 
243,UTA,2947,2095,779,304,79,231,.510,.797,71,229 
244,CHI,1175,327,64,138,32,63,.456,.822,3,42 
245,MIL,1217,333,208,73,62,55,.441,.654,29,183 
246,NJN,2881,1640,240,622,112,270,.457,.813,15,195 
247,PHO,1260,520,332,69,38,51,.476,.847,53,113 
248,TOR,12,8,2,0,1,3,.333,1.000,1,3 
249,CLE,39,11,1,0,2,3,.273,.833,0,7 
250,GSW,2071,910,637,167,68,123,.423,.780,68,180 
251,SAC,893,402,44,122,28,62,.434,.824,2,89 
252,MIA,2828,1328,381,298,79,180,.493,.778,14,215 
253,CHH,3133,948,699,367,74,160,.480,.746,29,220 
254,HOU,109,46,27,3,2,9,.444,.875,5,13 
255,SEA,989,513,79,75,38,53,.413,.730,9,83 
256,BOS,879,229,110,70,24,67,.413,.722,23,83 
257,DEN,2118,787,285,246,48,134,.501,.818,26,180 
258,SEA,746,249,179,24,15,45,.576,.495,46,127 
259,DEN,2698,1551,685,159,69,230,.507,.626,139,316 
260,TOR,2462,1213,501,263,90,160,.460,.707,151,201 
261,NJN,1048,157,230,36,26,38,.416,.518,117,205 
262,LAC,597,180,72,89,15,27,.449,.765,2,55 
263,IND,634,139,135,35,29,19,.444,.768,13,81 
264,PHI,1952,653,246,240,108,113,.449,.829,18,194 
265,ATL,860,318,138,52,16,59,.398,.771,5,84 
266,TOT,2377,1148,250,158,75,151,.433,.789,23,151 
266,DEN,1408,678,152,104,33,87,.457,.788,15,75 
266,ORL,969,470,98,54,42,64,.402,.790,8,76 
267,CLE,2093,914,280,476,84,166,.456,.774,17,194 
268,HOU,476,130,164,16,11,19,.536,.510,10,68 
269,CHH,961,423,293,45,23,48,.461,.785,35,111 
270,PHO,1088,323,261,68,42,74,.588,.671,80,132 
271,IND,2987,1470,239,187,85,129,.527,.919,25,126 
272,GSW,649,322,123,47,18,25,.435,.810,4,60 
273,DET,1842,548,390,85,38,46,.536,.735,24,242 
274,CHH,3,0,0,1,0,0,.000,0.0,0,2 
275,MIN,1227,427,138,111,27,44,.460,.880,14,116 
276,HOU,2496,1277,288,208,87,186,.481,.847,32,171 
277,PHI,190,54,50,2,4,18,.389,.545,12,29 
278,DET,332,40,72,7,6,22,.309,.500,9,81 
279,DET,488,228,112,17,9,23,.621,.794,31,104 
280,MIA,2748,1718,753,123,40,217,.551,.711,294,308 
281,IND,582,242,76,37,28,28,.548,.902,9,60 
282,LAC,693,225,77,108,47,58,.424,.638,5,67 
283,NJN,267,105,68,9,0,16,.456,.605,12,52 
284,CLE,2365,1175,423,132,105,184,.476,.761,36,208 
285,WAS,1831,813,271,72,45,84,.517,.851,24,185 
286,ATL,2984,942,1157,105,27,174,.562,.708,269,248 
287,DAL,1532,481,121,272,37,102,.559,.882,3,122 
288,LAC,2317,973,275,121,75,102,.449,.791,31,205 
289,MIN,1723,471,379,93,21,71,.476,.573,85,262 
290,NJN,1763,820,154,65,53,89,.504,.838,11,207 
291,HOU,502,207,68,94,23,30,.472,.781,1,32 
292,DAL,2938,1435,532,203,63,141,.513,.830,68,256 
293,POR,859,273,229,18,11,47,.486,.582,55,127 
294,LAL,3163,2344,1078,299,36,223,.574,.524,239,255 
295,TOR,2431,548,540,253,102,154,.430,.776,45,294 
296,LAC,2767,1259,595,317,91,258,.467,.719,95,291 
297,HOU,1049,455,274,61,41,73,.458,.616,70,88 
298,PHI,290,72,31,46,10,10,.449,.757,0,27 
299,LAC,2493,783,656,38,35,177,.437,.651,140,304 
300,UTA,1606,367,482,18,20,79,.464,.636,172,196 
301,ORL,2326,490,525,245,113,133,.602,.506,148,203 
302,BOS,432,152,33,53,10,20,.429,.952,0,46 
303,TOT,1305,374,301,97,33,85,.434,.594,21,166 
303,PHI,919,271,192,59,26,61,.452,.594,16,119 
303,GSW,386,103,109,38,7,24,.390,.595,5,47 
304,DAL,665,259,42,168,31,76,.426,.808,3,44 
305,UTA,432,120,88,25,14,22,.361,.704,8,55 
306,VAN,394,108,51,48,20,44,.439,.595,0,32 
307,ORL,185,57,27,10,8,11,.430,.727,4,13 
308,VAN,808,168,183,35,29,28,.497,.649,45,115 
309,MIN,20,6,2,1,1,1,.750,0.0,0,4 
310,SEA,2097,942,434,126,94,144,.545,.692,40,190 
311,SEA,3425,1982,529,732,153,224,.502,.735,18,178 
312,MIN,2073,804,232,195,62,85,.494,.798,10,171 
313,CHI,1012,168,262,65,14,78,.351,.476,42,126 
314,IND,1620,537,289,68,31,63,.518,.825,33,136 
315,NJN,803,317,61,139,39,60,.454,.806,1,47 
316,SEA,340,102,53,22,5,12,.398,.500,2,56 
317,CLE,2056,727,267,146,40,60,.509,.792,19,119 
318,CHH,825,381,71,79,41,48,.499,.723,8,72 
319,LAC,1712,654,222,81,44,57,.497,.850,13,140 
320,BOS,2583,1427,396,221,152,178,.486,.798,62,237 
321,POR,2749,1022,513,406,117,208,.501,.717,41,208 
322,SAC,1336,412,404,43,55,50,.527,.717,59,213 
323,UTA,1819,435,453,37,30,70,.511,.311,84,260 
324,SAS,1613,641,191,221,50,100,.544,.806,9,79 
325,DEN,2052,662,317,146,98,95,.506,.800,33,207 
326,BOS,1797,723,499,77,41,145,.499,.681,29,239 
327,VAN,424,141,37,69,17,47,.450,.872,1,63 
328,WAS,225,49,26,25,7,19,.381,.400,4,26 
329,TOR,24,7,8,1,2,5,.286,.500,1,5 
330,PHI,1795,676,435,36,32,108,.503,.771,171,185 
331,CHH,28,7,4,5,0,0,.500,0.0,0,1 
332,VAN,1773,611,390,82,33,119,.448,.648,38,245 
333,CHI,48,11,4,13,2,6,.250,1.000,0,8 
334,TOT,498,144,102,11,24,23,.536,.706,31,118 
334,DET,165,35,25,1,5,11,.471,.500,12,45 
334,WAS,333,109,77,10,19,12,.564,.750,19,73 
335,MIL,602,150,117,18,19,20,.421,.768,5,81 
336,DAL,8,0,1,0,2,2,.000,0.0,0,0 
337,LAL,2530,1272,327,176,47,114,.472,.874,12,179 
338,WAS,2397,1285,213,185,110,154,.470,.876,13,191 
339,ATL,2084,1158,258,219,41,168,.445,.785,6,132 
340,PHI,51,10,15,3,1,2,.313,.000,1,15 
341,SAC,25,5,0,0,0,0,.333,1.000,0,0 
342,PHO,2839,1478,359,224,90,166,.517,.782,61,239 
343,SAS,2557,1427,770,142,97,164,.512,.726,183,247 
344,CHH,1112,471,184,32,48,39,.549,.734,25,67 
345,MIL,2909,1693,485,193,78,223,.502,.802,41,212 
346,DAL,389,34,171,14,2,19,.387,.714,1,41 
347,HOU,1101,422,275,42,14,63,.526,.591,34,77 
348,PHO,2286,1130,447,170,94,163,.551,.639,47,290 
349,DEN,355,89,80,9,2,10,.398,.463,38,36 
350,DAL,1001,309,248,68,29,70,.431,.730,52,169 
351,IND,2978,1457,387,320,84,188,.503,.827,49,234 
352,SAS,1341,496,335,47,35,99,.458,.722,52,232 
353,CHI,975,159,250,44,26,59,.420,.489,26,170 
354,UTA,2900,1159,427,158,128,101,.504,.750,23,255 
355,POR,1688,778,513,118,43,97,.511,.843,78,184 
356,LAL,303,71,65,26,8,18,.362,.750,14,67 
357,POR,1662,574,332,197,37,100,.456,.833,17,182 
358,VAN,1263,369,106,69,28,30,.482,.842,9,104 
359,MIN,2392,929,352,197,76,110,.482,.812,19,197 
360,LAL,1249,305,216,201,35,75,.410,.759,14,105 
361,CHI,1651,287,372,100,22,128,.405,.542,22,217 
362,LAC,775,179,201,11,16,37,.507,.662,44,75 
363,MIN,1975,774,484,88,45,119,.465,.756,85,302 
364,WAS,1145,289,331,56,27,45,.563,.723,23,127 
365,POR,2689,1225,313,209,71,117,.520,.850,31,214 
366,IND,1852,1018,401,85,20,108,.484,.739,100,249 
367,PHI,2866,651,261,624,140,162,.440,.712,8,243 
368,SAS,149,50,39,3,6,9,.455,.667,8,32 
369,NYK,3276,1524,349,332,109,226,.452,.866,22,184 
370,CLE,198,52,45,5,4,17,.333,.667,11,47 
371,DET,3148,1939,315,365,103,311,.456,.815,36,188 
372,TOT,1190,515,101,181,42,67,.429,.847,4,102 
372,GSW,1108,485,91,170,37,64,.433,.833,3,93 
372,CHI,82,30,10,11,5,3,.368,1.000,1,9 
373,SEA,202,75,47,3,10,22,.367,.472,11,44 
374,VAN,181,41,36,11,7,6,.373,.750,3,9 
375,TOR,389,58,94,6,5,17,.377,.563,19,81 
376,DEN,691,253,84,61,18,33,.500,.831,12,56 
377,UTA,2432,990,215,703,143,179,.530,.860,15,192 
378,SAC,1749,877,276,106,52,88,.517,.882,7,97 
379,POR,2372,974,243,405,77,149,.477,.841,1,173 
380,DAL,2025,867,323,211,105,102,.483,.831,13,190 
381,MIA,663,284,140,22,15,24,.545,.714,18,68 
382,WAS,2188,869,259,519,94,187,.430,.702,18,147 
383,ORL,148,54,44,4,5,12,.448,.786,2,15 
384,DAL,61,26,12,2,2,4,.387,1.000,2,16 
385,CLE,2216,1009,288,284,91,148,.512,.697,19,201 
386,MIN,2171,845,272,201,58,83,.532,.826,23,175 
387,IND,114,37,32,4,3,11,.471,.625,9,13 
388,TOT,34,11,6,1,1,2,.393,0.0,1,5 
388,DEN,5,0,1,0,0,0,.000,0.0,0,1 
388,ORL,29,11,5,1,1,2,.458,0.0,1,4 
389,LAC,2227,1060,400,101,51,169,.464,.711,48,217 
390,ATL,1888,657,166,346,90,156,.453,.807,10,133 
391,TOT,46,17,5,6,1,5,.444,1.000,0,2 
391,BOS,19,11,2,2,0,1,.500,1.000,0,0 
391,GSW,27,6,3,4,1,4,.375,0.0,0,2 
392,TOR,477,114,75,9,12,14,.458,.390,14,106 
393,HOU,1797,594,437,113,54,112,.429,.660,22,167 
394,NYK,1971,641,505,82,51,105,.506,.781,42,278 
395,MIL,2093,945,332,113,59,129,.503,.774,31,227 
396,MIA,777,279,166,33,26,59,.514,.604,9,136 
397,MIL,447,157,115,20,25,27,.475,.603,25,79 
398,DAL,301,151,52,22,8,25,.493,.524,3,28 
399,TOT,90,33,33,5,3,8,.368,.625,1,14 
399,NYK,25,4,10,1,2,1,.200,0.0,0,4 
399,MIL,65,29,23,4,1,7,.429,.625,1,10 
400,BOS,41,4,3,5,0,3,.167,.333,0,4 
401,DEN,2950,1275,311,714,68,221,.445,.817,11,148 
402,NJN,2782,1535,676,158,64,245,.478,.847,60,258 
403,UTA,884,289,65,121,32,77,.443,.750,0,92 
404,DET,292,75,91,11,6,11,.360,.688,4,45 
405,SEA,40,13,1,0,3,4,.353,.500,0,2 
406,BOS,3003,1680,652,305,117,259,.455,.699,32,263 
407,SAS,980,360,272,38,10,64,.449,.683,35,108 
408,ORL,1959,390,665,67,72,67,.503,.474,130,162 
409,NYK,798,392,135,22,10,63,.467,.804,14,103 
410,POR,2845,1325,566,142,87,157,.522,.704,107,216 
411,MIA,389,93,36,65,6,29,.445,.750,0,44 
412,NYK,1986,528,228,300,95,102,.537,.828,16,176 
413,MIA,1615,565,449,93,51,100,.513,.738,49,165 
414,SAC,2880,1834,787,345,120,218,.492,.751,128,264 
415,POR,1162,580,182,97,69,97,.513,.682,12,153 
416,SAC,57,14,19,1,2,1,.316,1.000,2,13 
417,CHH,2760,1116,225,463,109,159,.472,.778,11,186 
418,VAN,581,152,71,43,12,19,.407,.850,8,80 
419,PHO,127,15,31,2,2,6,.417,.625,4,23 
420,WAS,1537,569,553,15,31,94,.507,.536,83,234 
421,WAS,1627,642,134,313,55,107,.509,.848,5,166 
422,WAS,1545,616,409,58,41,80,.522,.726,92,234 
423,TOR,779,292,85,126,34,47,.425,.738,11,78 
424,BOS,1378,489,156,93,44,66,.460,.793,16,165 
425,SAC,2760,999,230,589,117,296,.448,.753,8,140 
426,DET,2102,689,789,68,95,105,.564,.616,21,196 
427,WAS,76,14,25,1,3,3,.778,0.0,6,13 
428,ORL,1501,651,250,106,46,109,.491,.741,17,187 
429,MIL,1488,520,448,28,40,65,.500,.729,66,230 
430,SEA,517,225,52,78,18,40,.427,.647,0,39 
431,HOU,1859,827,306,157,49,113,.533,.821,44,190 
432,SAC,1707,785,290,82,38,110,.500,.769,19,192 
433,TOR,1679,604,482,49,36,98,.416,.799,48,256 
434,CHI,508,190,51,66,23,37,.422,.765,2,32 
435,NYK,32,2,2,3,1,2,.111,0.0,2,7 
436,TOT,350,86,26,61,20,18,.422,.667,0,37 
436,MIL,248,66,17,44,11,14,.460,.692,0,23 
436,TOR,102,20,9,17,9,4,.339,.500,0,14 
437,CHI,2238,866,308,202,119,166,.447,.674,39,159 
438,ATL,1205,448,305,21,29,66,.500,.644,40,203 
