Rk,Tm,MP,PTS,TRB,AST,STL,TOV,2P%,FT%,BLK,PF 
1,TOT,199,72,24,12,5,7,.411,.500,4,9 
1,DET,20,9,2,1,2,0,.571,.500,1,0 
1,LAC,179,63,22,11,3,7,.388,.500,3,9 
2,TOR,52,11,7,1,1,4,.308,.500,1,4 
3,DET,1234,363,134,44,28,43,.456,.817,13,144 
4,NJN,97,34,10,3,1,4,.405,.500,2,17 
5,SAS,19,8,1,2,1,1,.000,1.000,0,3 
6,CHA,182,70,30,3,7,12,.373,.714,6,34 
7,POR,3004,1470,605,157,77,121,.489,.781,77,207 
8,MIL,716,278,115,42,15,52,.432,.699,29,107 
9,MIL,579,156,103,35,7,20,.432,.476,12,89 
10,BOS,2876,1434,278,218,69,134,.542,.952,13,157 
11,BOS,887,359,104,66,54,77,.510,.725,23,98 
12,UTA,255,92,36,7,4,16,.438,.808,4,31 
13,TOT,2447,900,227,406,108,140,.417,.750,10,135 
13,HOU,1591,552,144,258,57,88,.387,.789,7,72 
13,ORL,856,348,83,148,51,52,.462,.707,3,63 
14,PHO,1044,321,270,28,32,56,.538,.442,65,154 
15,DEN,1460,452,442,31,41,69,.560,.718,175,174 
16,NJN,1312,487,311,52,44,63,.417,.845,20,157 
17,DEN,2277,1504,450,222,75,199,.455,.793,24,195 
18,MIA,1048,144,197,27,20,41,.483,.652,93,139 
19,WAS,63,26,9,20,0,1,.250,.750,1,4 
20,LAL,1999,729,352,145,137,87,.526,.710,24,166 
21,NOH,1092,338,195,29,26,80,.566,.633,45,181 
22,MEM,1464,422,346,43,52,47,.440,.667,52,206 
23,TOT,412,98,24,59,10,23,.339,.938,2,27 
23,DEN,115,27,6,28,2,10,.400,1.000,1,5 
23,OKC,297,71,18,31,8,13,.326,.917,1,22 
24,CHA,1908,850,133,250,42,119,.424,.893,2,140 
25,GSW,2375,1063,370,117,57,95,.469,.808,50,183 
26,DEN,780,264,203,34,47,35,.568,.646,23,98 
27,TOT,206,56,18,28,11,14,.474,.611,2,26 
27,MIA,166,42,15,22,10,11,.520,.667,2,21 
27,TOR,40,14,3,6,1,3,.385,.333,0,5 
28,PHO,1705,993,181,162,82,93,.532,.881,7,115 
29,DAL,1600,617,177,269,37,105,.474,.753,5,121 
30,TOR,2453,1202,416,94,34,135,.468,.831,97,242 
31,PHO,2082,788,421,212,52,130,.505,.743,26,209 
32,HOU,857,208,94,78,24,48,.512,.950,3,45 
33,DAL,1574,686,367,43,27,86,.502,.867,55,140 
34,IND,217,67,52,7,6,12,.556,.630,10,39 
35,ORL,1202,372,278,31,26,46,.497,.659,25,112 
36,HOU,2031,436,285,137,48,49,.462,.821,54,114 
37,POR,1454,426,220,74,50,50,.513,.808,40,139 
38,POR,655,228,57,78,16,56,.383,.806,2,81 
39,MIA,2009,1123,439,83,41,121,.478,.772,37,184 
40,GSW,882,372,71,88,36,59,.473,.769,1,73 
41,MIL,1783,587,134,151,50,76,.458,.825,7,138 
42,TOT,2315,799,243,142,50,86,.448,.853,8,166 
42,PHO,712,212,64,29,13,18,.386,.762,2,57 
42,CHA,1603,587,179,113,37,68,.464,.877,6,109 
43,ATL,2740,1176,278,392,98,128,.468,.789,11,145 
44,GSW,1863,735,693,121,63,110,.579,.551,96,236 
45,TOT,2789,1400,239,506,93,177,.425,.913,18,161 
45,DET,70,25,10,15,3,4,.357,.900,1,3 
45,DEN,2719,1375,229,491,90,173,.427,.913,17,158 
46,POR,2188,757,173,348,69,108,.429,.840,4,126 
47,WAS,1703,713,378,118,53,117,.479,.704,74,211 
48,MIA,207,79,41,4,1,14,.373,.615,7,17 
49,TOT,1272,364,202,64,43,41,.425,.912,4,105 
49,ORL,787,189,111,31,23,19,.429,.875,2,61 
49,MIL,485,175,91,33,20,22,.421,.939,2,44 
50,MIL,1124,422,369,72,23,86,.577,.571,37,130 
51,SAS,1928,667,386,82,47,37,.552,.739,26,190 
52,NJN,995,258,258,31,22,31,.528,.376,48,106 
53,TOT,56,16,11,0,1,1,.500,.750,2,10 
53,MIN,1,0,1,0,0,0,0.0,0.0,0,0 
53,SAC,55,16,10,0,1,1,.500,.750,2,10 
54,UTA,1197,599,385,79,39,79,.490,.698,7,132 
55,TOR,2928,1746,771,191,67,174,.497,.817,77,189 
56,SAS,1506,214,145,40,36,25,.416,.538,13,123 
57,NOH,219,47,24,9,14,5,.579,.600,5,37 
58,PHI,920,399,254,37,17,68,.447,.676,45,78 
59,MIN,307,93,49,25,15,13,.410,.737,3,37 
60,UTA,2605,1111,300,179,138,110,.537,.702,30,128 
61,HOU,1998,894,157,238,46,125,.428,.866,8,152 
62,CHA,41,4,12,1,1,5,.143,1.000,0,9 
63,TOT,931,361,52,117,21,63,.417,.791,3,95 
63,SAC,675,245,36,87,15,47,.412,.765,1,74 
63,MIN,256,116,16,30,6,16,.429,.889,2,21 
64,TOT,261,46,29,36,10,17,.440,.600,0,28 
64,WAS,233,41,28,33,10,14,.458,.333,0,22 
64,PHO,28,5,1,3,0,3,.000,1.000,0,6 
65,NOH,869,328,119,54,32,54,.384,.780,5,81 
66,DET,999,243,290,32,24,50,.533,.516,24,138 
67,TOT,477,202,44,38,22,38,.500,.821,7,42 
67,CHA,341,144,24,28,18,29,.505,.800,5,33 
67,LAL,136,58,20,10,4,9,.485,.889,2,9 
68,LAL,2960,2201,429,399,120,210,.496,.856,37,189 
69,MEM,878,155,130,57,29,38,.444,.800,8,108 
70,WAS,2585,1392,414,290,106,210,.487,.858,20,165 
71,NOH,2614,922,271,75,51,59,.468,.782,61,159 
72,LAL,1446,714,398,71,18,85,.560,.707,90,157 
73,DET,803,410,75,157,34,76,.474,.798,2,85 
74,TOR,2333,873,194,607,74,143,.538,.981,7,114 
75,LAC,1925,641,690,127,51,93,.514,.725,132,129 
76,MIN,909,190,142,76,37,48,.455,.857,13,135 
77,MIN,1199,481,126,26,45,43,.492,.758,29,94 
78,TOT,616,164,69,27,21,33,.441,.840,6,67 
78,CHA,475,139,55,24,18,26,.473,.789,5,53 
78,DAL,141,25,14,3,3,7,.320,1.000,1,14 
79,DEN,1787,412,205,364,96,155,.490,.731,13,142 
80,NJN,2946,1662,410,376,82,166,.459,.817,38,234 
81,MIA,2626,818,228,403,160,165,.467,.767,8,240 
82,NOH,1445,397,393,22,15,70,.565,.579,56,144 
83,NYK,2735,1184,445,170,71,139,.476,.795,75,250 
84,ATL,15,5,0,3,0,0,.286,.500,0,1 
85,UTA,201,40,37,7,2,9,.457,.727,1,35 
86,MIN,422,57,70,11,9,12,.314,.464,13,73 
87,TOT,890,251,107,111,31,58,.426,.609,10,80 
87,NYK,75,20,8,10,2,5,.400,.444,0,7 
87,LAC,815,231,99,101,29,53,.429,.649,10,73 
88,OKC,1831,584,489,66,51,73,.570,.721,50,239 
89,MEM,2508,895,276,354,90,143,.458,.817,8,146 
90,TOT,171,74,32,5,3,13,.326,.833,3,26 
90,ORL,146,62,27,4,3,11,.343,.833,0,23 
90,HOU,25,12,5,1,0,2,.273,0.0,3,3 
91,MIA,1833,686,189,71,39,42,.356,.875,10,125 
92,TOT,2479,1280,193,288,57,148,.441,.872,13,92 
92,NYK,392,216,17,48,9,26,.413,.761,0,13 
92,GSW,2087,1064,176,240,48,122,.446,.889,13,79 
93,NYK,23,9,4,1,1,0,.333,1.000,0,2 
94,TOT,1174,317,166,150,40,82,.478,.576,6,101 
94,MEM,44,19,6,5,1,3,.500,.455,0,5 
94,WAS,1130,298,160,145,39,79,.477,.593,6,96 
95,TOT,100,40,34,9,1,6,.375,.583,1,5 
95,MIL,77,36,24,6,1,4,.368,.636,1,4 
95,SAS,23,4,10,3,0,2,.400,.000,0,1 
96,NYK,12,5,4,0,0,2,1.000,.333,0,5 
97,PHI,2036,523,701,18,33,117,.500,.734,146,248 
98,DAL,1836,454,565,77,24,74,.650,.638,95,191 
99,TOT,1021,300,77,177,26,62,.438,.800,1,55 
99,WAS,288,66,22,47,7,13,.382,.758,0,14 
99,NOH,733,234,55,130,19,49,.451,.821,1,41 
100,IND,1700,733,248,114,62,94,.489,.721,26,120 
101,GSW,111,42,34,1,2,5,.486,.471,3,12 
102,LAC,2248,968,238,501,108,193,.406,.757,35,193 
103,BOS,1637,530,301,69,53,71,.443,.730,19,230 
104,LAC,320,107,67,12,10,13,.412,.794,3,44 
105,LAC,785,232,60,82,19,39,.358,.861,5,63 
106,CHI,1665,690,295,94,60,72,.450,.796,25,85 
107,TOT,2754,1072,432,333,61,215,.531,.687,53,202 
107,PHO,538,183,84,46,11,37,.591,.692,9,39 
107,CHA,2216,889,348,287,50,178,.517,.686,44,163 
108,MIA,851,213,82,27,13,16,.463,.526,6,75 
109,IND,719,206,86,122,26,21,.459,.800,5,42 
110,TOT,215,119,56,3,3,12,.528,.755,3,23 
110,POR,73,27,17,0,1,6,.316,.750,2,9 
110,SAC,142,92,39,3,2,6,.604,.758,1,14 
111,TOT,1036,170,273,32,29,39,.433,.333,56,128 
111,DAL,452,56,118,13,12,11,.379,.414,25,55 
111,CHA,584,114,155,19,17,28,.460,.270,31,73 
112,WAS,816,261,67,118,35,70,.420,.872,6,74 
113,NJN,2074,748,155,270,71,105,.446,.825,8,135 
114,HOU,6,2,1,1,0,0,.500,0.0,0,0 
115,TOT,300,115,32,25,5,13,.438,.895,5,27 
115,SAC,227,84,25,13,2,6,.392,.933,5,23 
115,TOR,73,31,7,12,3,7,.615,.750,0,4 
116,NJN,585,216,50,52,12,31,.476,.823,7,34 
117,PHO,728,246,103,111,29,73,.400,.769,3,87 
118,TOT,1155,372,205,56,57,43,.507,.676,8,105 
118,CHA,427,108,59,19,18,10,.477,.625,2,40 
118,PHO,728,264,146,37,39,33,.528,.691,6,65 
119,NYK,2906,880,246,566,72,221,.449,.856,7,126 
120,SAS,2524,1450,800,264,38,165,.505,.692,126,173 
121,IND,495,271,68,44,12,38,.430,.815,9,36 
122,OKC,2885,1871,482,205,96,225,.486,.863,53,134 
123,GSW,892,474,108,93,39,67,.460,.830,8,67 
124,MIL,977,200,229,32,36,48,.497,.846,36,144 
125,NOH,373,97,64,18,2,23,.389,.639,9,58 
126,ATL,1840,574,243,54,50,43,.470,.822,10,163 
127,PHI,1137,262,361,26,41,69,.446,.594,8,161 
128,LAL,1192,416,117,155,57,87,.421,.584,10,105 
129,SAS,54,13,6,2,0,4,.500,1.000,0,6 
130,CHA,3086,1162,310,553,126,228,.437,.805,30,191 
131,POR,1993,815,207,159,69,86,.470,.839,12,111 
132,UTA,156,49,37,4,7,9,.583,.333,15,35 
133,SAS,2336,784,270,114,37,61,.459,.823,17,82 
134,LAL,2441,814,188,261,95,72,.446,.846,6,187 
135,IND,2258,1106,259,392,89,180,.467,.872,16,180 
136,IND,1828,452,508,130,53,88,.506,.658,49,229 
137,MIN,2494,1139,214,303,72,150,.428,.846,26,201 
138,TOT,62,17,26,1,0,3,.636,.500,8,5 
138,ORL,59,17,26,1,0,3,.636,.500,8,4 
138,MEM,3,0,0,0,0,0,0.0,0.0,0,1 
139,POR,746,263,140,24,17,29,.436,.722,16,106 
140,MIL,941,271,255,39,32,41,.483,.544,43,162 
141,NYK,412,170,55,15,14,15,.453,.963,4,48 
142,SAC,1975,824,218,150,80,112,.466,.820,67,196 
143,ATL,98,24,7,2,4,3,.385,.500,1,4 
144,BOS,1772,899,485,144,63,90,.534,.841,68,128 
145,MEM,2521,975,605,143,63,164,.530,.733,90,265 
146,LAL,2999,1528,780,284,52,157,.567,.781,81,172 
147,MEM,2945,1493,437,135,98,203,.477,.767,59,221 
148,DAL,708,147,78,15,23,17,.485,.773,11,57 
149,CLE,1795,586,155,132,44,61,.402,.767,16,163 
150,BOS,8,4,3,0,1,1,.667,0.0,0,1 
151,MIL,43,14,4,11,3,5,.667,0.0,1,10 
152,SAS,1181,683,198,157,64,88,.546,.884,16,90 
153,MIN,2614,1092,392,135,63,128,.456,.807,22,183 
154,TOT,1264,605,362,48,30,76,.472,.840,18,144 
154,CHI,918,406,266,43,26,57,.461,.866,14,103 
154,SAC,26,12,13,2,0,3,.556,1.000,0,2 
154,SAS,320,187,83,3,4,16,.493,.789,4,39 
155,CHI,2999,1699,283,279,71,200,.476,.864,22,184 
156,LAC,2677,1252,201,215,78,164,.496,.854,35,172 
157,ORL,794,239,286,14,18,25,.565,.578,53,111 
158,TOR,1541,597,292,48,35,74,.491,.825,12,191 
159,IND,684,282,96,33,10,45,.453,.806,4,82 
160,IND,2424,1728,341,183,69,165,.470,.878,97,207 
161,CHI,715,196,220,46,14,40,.488,.576,18,135 
162,DAL,376,199,54,15,10,33,.485,.844,5,51 
163,OKC,2873,1290,519,155,81,173,.463,.788,33,202 
164,PHI,1828,685,126,158,53,64,.473,.729,13,154 
165,SAC,725,209,86,30,16,37,.375,.853,14,68 
166,MEM,120,48,47,8,1,9,.484,.600,12,20 
167,SAS,155,50,28,13,6,12,.500,.286,7,19 
168,DET,2279,1225,207,297,40,133,.464,.848,4,176 
169,UTA,693,277,123,28,29,29,.464,.764,9,102 
170,TOT,2546,1469,455,102,88,161,.487,.793,22,227 
170,GSW,166,62,28,10,7,7,.286,.500,0,14 
170,NYK,2380,1407,427,92,81,154,.499,.804,22,213 
171,NJN,2494,1470,231,476,114,212,.477,.820,13,164 
172,TOT,348,78,46,48,12,22,.341,.783,4,39 
172,LAC,312,65,42,43,12,19,.313,.789,4,35 
172,DEN,36,13,4,5,0,3,.625,.750,0,4 
173,MIA,2560,794,618,85,43,82,.518,.753,25,204 
174,NJN,1094,194,146,51,21,30,.459,.800,16,92 
175,SAC,2259,876,549,149,44,160,.486,.662,93,249 
176,HOU,858,91,250,42,34,25,.385,.368,19,134 
177,NJN,1832,644,267,54,52,49,.489,.692,7,162 
178,WAS,175,58,44,8,4,9,.480,.476,15,14 
179,TOT,498,149,52,58,17,25,.389,.792,2,37 
179,HOU,322,106,27,35,6,16,.397,.875,1,15 
179,MIA,176,43,25,23,11,9,.370,.625,1,22 
180,DET,630,224,107,22,7,17,.471,.760,4,43 
181,IND,1009,494,243,49,20,55,.471,.667,76,215 
182,CLE,705,245,165,9,14,45,.515,.672,30,81 
183,DEN,2510,1123,598,108,95,147,.607,.723,101,278 
184,SAS,1270,438,158,136,45,74,.421,.781,21,150 
185,PHO,2445,985,405,186,90,126,.547,.808,54,182 
186,OKC,2,2,3,0,0,0,1.000,0.0,0,0 
187,CHI,1339,503,123,197,66,87,.456,.791,19,126 
188,TOT,444,143,97,7,7,24,.532,.597,32,78 
188,CHA,184,64,36,4,3,10,.543,.667,17,34 
188,DAL,260,79,61,3,4,14,.525,.515,15,44 
189,ATL,2242,773,624,163,53,103,.526,.727,95,190 
190,BOS,1479,691,157,92,61,55,.445,.792,7,113 
191,ORL,2821,1624,1093,112,77,240,.573,.594,231,270 
192,DAL,1663,936,263,83,55,89,.480,.782,30,135 
193,TOT,472,173,76,26,7,26,.510,.676,6,71 
193,DEN,22,2,4,2,1,0,.500,0.0,1,4 
193,CHA,450,171,72,24,6,26,.510,.676,5,67 
194,TOT,1479,640,159,119,72,71,.409,.807,14,96 
194,CHI,792,361,94,59,36,36,.422,.817,9,51 
194,NYK,687,279,65,60,36,35,.392,.794,5,45 
195,TOR,265,114,70,10,8,8,.422,.792,6,31 
196,CHI,266,73,12,37,20,19,.324,.600,1,28 
197,ATL,92,22,24,1,2,2,.550,.000,5,11 
198,PHI,3269,1541,471,434,131,222,.521,.724,36,152 
199,CLE,1765,838,490,64,28,90,.477,.799,84,183 
200,LAL,181,61,31,9,10,13,.482,.875,24,33 
201,TOT,2093,995,173,283,88,146,.435,.781,6,86 
201,DEN,123,56,8,20,3,10,.500,.720,1,3 
201,DET,1970,939,165,263,85,136,.432,.786,5,83 
202,PHI,861,211,76,43,36,23,.319,.791,7,76 
203,IND,2716,1074,276,338,88,184,.487,.852,17,179 
204,SAC,1484,532,200,143,62,66,.462,.851,4,100 
205,CLE,430,98,87,8,10,14,.440,.686,4,77 
206,GSW,2339,1223,303,381,88,229,.448,.826,31,153 
207,NYK,10,6,3,0,1,1,.375,0.0,1,2 
208,CLE,3054,2304,613,587,137,241,.535,.780,93,139 
209,TOT,1649,531,133,201,44,94,.388,.829,6,108 
209,NOH,74,20,7,8,2,3,.238,.500,0,7 
209,WAS,1575,511,126,193,42,91,.398,.838,6,101 
210,WAS,3096,1801,721,153,95,125,.501,.754,25,218 
211,MEM,605,136,65,74,29,49,.316,.707,11,62 
212,TOR,19,2,2,0,0,2,.250,0.0,0,3 
213,MIN,1836,1156,548,79,39,92,.499,.738,83,141 
214,CHA,84,29,12,9,4,6,.500,.667,1,9 
215,MIL,2939,1607,374,199,66,165,.453,.805,14,252 
216,NYK,1310,296,231,80,47,65,.456,.611,33,153 
217,NJN,1421,525,326,60,29,70,.397,.772,36,157 
218,DET,911,217,232,20,20,33,.595,.657,60,171 
219,ORL,1481,421,147,200,46,82,.411,.753,5,111 
220,ATL,3124,1688,346,455,84,195,.468,.826,19,176 
221,TOT,55,9,8,2,1,2,.333,0.0,0,7 
221,CHA,13,0,0,0,0,0,0.0,0.0,0,1 
221,CHI,42,9,8,2,1,2,.333,0.0,0,6 
222,CLE,14,4,1,0,0,1,.000,1.000,0,4 
223,DEN,1426,429,168,78,49,68,.448,.728,19,199 
224,MIL,108,33,6,7,3,6,.000,0.0,0,4 
225,CHA,52,12,12,0,0,4,.571,.667,1,6 
226,LAC,1495,378,126,188,53,66,.441,.815,11,112 
227,MIA,630,169,62,20,12,12,.415,.839,14,58 
228,ATL,675,188,142,15,7,27,.606,.716,34,125 
229,LAC,771,228,237,11,11,41,.633,.385,59,96 
230,LAC,921,373,247,46,17,84,.528,.680,45,93 
231,TOR,1831,654,163,105,22,70,.435,.810,3,144 
232,DAL,2886,731,500,702,160,185,.427,.819,39,168 
233,CLE,277,102,38,10,12,22,.471,.868,0,34 
234,UTA,1831,776,319,175,83,121,.475,.785,77,127 
235,DEN,1824,813,327,64,31,82,.533,.725,14,155 
236,UTA,938,180,88,190,68,66,.361,.750,4,98 
237,UTA,1874,705,258,137,47,90,.485,.882,30,170 
238,UTA,565,224,138,20,12,26,.508,.706,31,70 
239,OKC,1141,445,253,29,21,45,.469,.797,49,114 
240,GSW,442,157,81,20,14,16,.387,.800,19,78 
241,HOU,1467,638,343,39,26,68,.576,.813,31,166 
242,ATL,560,162,58,86,11,29,.391,.817,3,43 
243,ORL,1939,646,178,91,76,69,.478,.830,14,157 
244,NYK,2824,1293,951,174,80,150,.551,.755,22,260 
245,ORL,2859,1401,453,205,81,158,.482,.836,51,194 
246,TOT,231,71,28,20,7,9,.517,.900,2,12 
246,MIA,41,9,2,4,2,3,.375,.750,0,4 
246,OKC,190,62,26,16,5,6,.538,1.000,2,8 
247,NJN,2501,1068,665,86,44,147,.532,.793,151,257 
248,PHO,614,189,118,8,11,28,.522,.691,41,97 
249,MIN,2048,899,734,84,35,118,.469,.789,50,205 
250,TOT,1679,584,189,275,69,117,.488,.801,17,146 
250,MEM,1071,370,111,178,48,79,.468,.801,8,89 
250,HOU,608,214,78,97,21,38,.519,.800,9,57 
251,TOT,521,183,46,60,8,23,.440,.737,0,54 
251,MIL,392,141,35,46,6,21,.446,.750,0,41 
251,ORL,129,42,11,14,2,2,.423,.667,0,13 
252,MIN,116,6,18,4,1,3,.214,.000,1,18 
253,GSW,1588,950,282,92,44,120,.497,.824,8,192 
254,MIA,709,159,222,22,11,32,.496,.483,25,121 
255,BOS,414,88,28,75,10,37,.372,.462,3,34 
256,TOT,2470,891,589,139,88,105,.506,.796,66,132 
256,MIA,1516,505,365,77,57,56,.510,.788,45,92 
256,TOR,954,386,224,62,31,49,.502,.806,21,40 
257,NOH,838,192,187,14,7,35,.503,.682,33,121 
258,PHI,189,94,40,15,4,6,.444,.500,5,24 
259,CHA,266,86,33,13,8,9,.409,.800,4,33 
260,DEN,2111,769,395,132,96,104,.498,.604,74,201 
261,SAC,1947,1254,183,138,61,146,.423,.867,8,116 
262,OKC,1064,294,157,46,15,56,.440,.541,30,96 
263,SAS,2496,969,251,173,40,100,.428,.890,12,160 
264,DET,1408,452,324,24,25,45,.577,.532,63,157 
265,CHA,301,93,69,10,5,26,.392,.700,4,32 
266,MEM,3120,1516,308,262,91,226,.461,.879,13,204 
267,MIL,2114,594,487,87,87,100,.466,.729,45,204 
268,TOT,1101,554,110,68,47,64,.431,.759,14,103 
268,MIN,636,308,63,32,27,45,.387,.741,6,63 
268,SAC,465,246,47,36,20,19,.492,.783,8,40 
269,DET,1866,596,607,83,41,51,.510,.698,50,191 
270,WAS,1143,489,294,23,33,61,.494,.660,75,155 
271,HOU,1181,545,154,175,42,69,.391,.801,15,38 
272,WAS,2072,356,428,198,62,92,.431,.725,74,153 
273,IND,279,80,74,16,12,12,.479,.769,16,41 
274,TOT,283,111,113,6,9,19,.386,.688,5,43 
274,SAS,20,15,10,0,1,2,.714,.714,1,6 
274,TOR,263,96,103,6,8,17,.362,.683,4,37 
275,LAL,105,36,34,10,1,10,.375,.857,6,23 
276,UTA,1623,657,167,107,46,64,.509,.876,15,187 
277,MEM,298,120,57,17,11,21,.505,.742,20,32 
278,MEM,1034,333,264,34,22,48,.515,.562,51,134 
279,PHI,2976,1337,368,534,109,199,.483,.826,14,196 
280,TOT,2100,831,545,234,52,130,.482,.824,36,223 
280,SAC,1354,513,344,148,30,83,.475,.801,24,135 
280,CHI,746,318,201,86,22,47,.493,.853,12,88 
281,MIN,2356,722,483,326,30,145,.554,.732,31,139 
282,UTA,2290,1028,654,138,78,129,.537,.699,73,288 
283,HOU,2589,1514,761,137,30,234,.548,.866,150,257 
284,LAC,365,151,29,12,15,18,.459,.722,2,21 
285,CHA,341,104,79,8,5,23,.406,.550,16,63 
286,TOT,2068,577,365,95,86,43,.540,.850,60,133 
286,TOR,1379,393,249,70,65,31,.541,.846,44,85 
286,MIA,689,184,116,25,21,12,.536,.867,16,48 
287,TOT,1202,276,258,53,17,48,.553,.787,19,208 
287,SAC,746,160,152,28,13,27,.521,.810,14,112 
287,BOS,456,116,106,25,4,21,.600,.737,5,96 
288,ATL,89,18,20,2,2,7,.412,1.000,1,25 
289,TOT,711,209,80,41,9,32,.378,.739,4,77 
289,CHA,667,199,72,38,9,29,.378,.762,4,73 
289,LAL,44,10,8,3,0,3,.375,.500,0,4 
290,GSW,1515,676,199,80,36,52,.483,.870,12,130 
291,IND,2482,1041,861,172,58,114,.496,.826,34,226 
292,ATL,1975,974,168,158,88,128,.485,.760,17,173 
293,HOU,96,16,33,0,0,6,.385,.667,11,11 
294,NJN,319,79,67,19,10,18,.571,.364,4,50 
295,PHO,2484,1160,223,717,55,248,.529,.933,10,108 
296,GSW,171,53,24,13,9,15,.471,.357,2,24 
297,ORL,1309,702,145,226,51,83,.529,.887,3,123 
298,IND,1214,473,240,109,30,63,.514,.781,38,171 
299,TOT,14,7,2,1,0,0,.429,.500,1,1 
299,CHI,5,2,0,1,0,0,.333,0.0,0,1 
299,NYK,9,5,2,0,0,0,.500,.500,1,0 
300,CHI,1938,537,606,106,49,82,.558,.676,110,238 
301,TOT,1991,867,361,102,39,113,.449,.792,33,261 
301,CHI,1278,551,222,60,26,73,.446,.806,16,176 
301,SAC,713,316,139,42,13,40,.453,.763,17,85 
302,LAC,1161,492,125,40,20,23,.518,.913,5,71 
303,DAL,3050,2094,681,197,61,157,.493,.890,63,176 
304,TOT,255,101,66,11,6,22,.549,.550,19,61 
304,BOS,108,40,34,8,3,17,.516,.667,8,29 
304,TOR,147,61,32,3,3,5,.569,.375,11,32 
305,TOT,2027,905,433,122,29,144,.475,.788,136,211 
305,TOR,1216,555,288,67,18,92,.474,.810,82,130 
305,MIA,811,350,145,55,11,52,.475,.750,54,81 
306,PHO,2252,1333,633,126,49,168,.610,.595,108,253 
307,SAS,677,142,142,59,7,38,.592,.571,11,95 
308,POR,1314,540,424,31,25,87,.564,.637,69,238 
309,LAL,2316,885,637,204,77,138,.522,.623,98,235 
310,CHA,2691,1085,827,53,48,144,.561,.593,136,247 
311,UTA,2409,1225,557,120,54,132,.497,.817,53,219 
312,MIN,850,202,75,117,19,34,.409,.833,4,79 
313,POR,2246,1034,331,83,47,94,.482,.723,57,168 
314,ATL,1473,481,436,57,35,91,.502,.709,26,208 
315,TOR,2637,857,317,269,100,114,.442,.834,15,145 
316,SAS,2456,1581,223,496,67,186,.518,.782,4,110 
317,NOH,3002,1781,432,861,216,231,.525,.868,10,212 
318,CLE,1053,305,127,72,22,48,.430,.463,16,122 
319,WAS,277,116,76,2,6,10,.431,.828,3,34 
320,BOS,2253,648,619,96,22,165,.580,.600,150,253 
321,NOH,515,191,84,16,15,15,.408,.632,2,51 
322,TOT,559,162,158,16,19,28,.420,.552,15,107 
322,OKC,342,102,95,6,16,15,.411,.667,5,51 
322,DEN,217,60,63,10,3,13,.435,.429,10,56 
323,BOS,3035,1658,457,294,80,228,.480,.830,27,215 
324,ORL,1329,510,176,65,31,56,.473,.709,24,126 
325,NOH,2140,668,362,82,58,79,.476,.822,21,216 
326,BOS,1227,538,345,46,24,76,.524,.689,38,192 
327,LAL,703,250,176,27,9,51,.444,.760,17,98 
328,UTA,738,207,69,108,39,61,.408,.756,5,74 
329,DET,3057,1163,476,253,44,101,.458,.778,51,104 
330,BOS,366,93,43,39,15,19,.321,.810,3,34 
331,POR,1952,448,717,27,34,78,.627,.663,97,215 
332,MIA,962,339,75,132,24,33,.408,.810,2,79 
333,TOT,1445,540,222,81,46,98,.446,.741,15,111 
333,LAL,771,273,117,38,28,47,.449,.852,7,51 
333,CHA,674,267,105,43,18,51,.444,.645,8,60 
334,GSW,1129,499,363,49,42,80,.466,.716,74,141 
335,POR,37,18,18,0,0,6,.583,.250,1,4 
336,TOT,1757,1041,504,103,43,114,.494,.734,16,133 
336,NYK,388,226,137,15,13,23,.455,.821,3,28 
336,LAC,1369,815,367,88,30,91,.504,.701,13,105 
337,PHI,579,89,128,9,17,14,.531,.600,47,77 
338,MIL,1203,699,107,88,35,53,.503,.814,2,45 
339,ORL,1111,382,109,73,21,54,.417,.871,1,72 
340,TOT,2410,1212,319,146,76,95,.518,.769,28,146 
340,CHA,491,262,58,36,14,24,.435,.745,3,43 
340,PHO,1919,950,261,110,62,71,.545,.778,25,103 
341,ORL,93,37,14,3,0,3,.250,.500,0,6 
342,NYK,1894,733,319,117,47,74,.420,.761,7,132 
343,MIL,2033,688,218,365,92,128,.420,.869,16,200 
344,TOT,276,119,22,20,10,8,.462,1.000,1,18 
344,NYK,253,107,15,19,10,7,.469,1.000,1,18 
344,CHI,23,12,7,1,0,1,.429,0.0,0,0 
345,NYK,2209,1272,290,301,95,139,.504,.841,6,206 
346,POR,1225,356,130,286,54,119,.428,.792,2,133 
347,BOS,2642,953,416,659,149,209,.518,.642,11,193 
348,CHI,3000,1361,317,512,66,202,.491,.788,18,125 
349,TOT,470,130,96,36,10,36,.363,.784,3,72 
349,NYK,160,30,31,10,1,17,.297,.727,1,24 
349,OKC,310,100,65,26,9,19,.391,.800,2,48 
350,MEM,1164,265,126,47,32,36,.386,.810,14,114 
351,POR,2903,1765,370,400,88,152,.501,.824,22,127 
352,POR,35,6,11,0,3,2,.286,1.000,1,7 
353,IND,1803,610,233,66,38,75,.451,.697,37,128 
354,PHI,199,54,15,15,5,10,.400,1.000,1,10 
355,TOT,2959,1446,333,249,83,165,.493,.830,24,182 
355,SAC,1980,970,221,196,58,122,.489,.823,9,122 
355,CHI,979,476,112,53,25,43,.502,.843,15,60 
356,TOT,83,15,24,1,3,3,.207,.429,10,7 
356,DEN,24,4,9,1,2,2,.167,0.0,5,4 
356,LAC,51,11,13,0,1,1,.286,.600,5,3 
356,NYK,8,0,2,0,0,0,.000,.000,0,0 
357,BOS,504,136,50,18,7,12,.453,.889,10,73 
358,HOU,2488,1044,720,123,68,123,.533,.760,11,261 
359,TOT,1453,389,242,111,75,64,.474,.836,45,104 
359,CHI,735,194,123,65,35,37,.485,.840,19,50 
359,OKC,718,195,119,46,40,27,.464,.833,26,54 
360,TOT,29,20,14,0,1,4,.667,.800,3,2 
360,OKC,23,17,9,0,1,3,.714,.778,2,2 
360,NYK,6,3,5,0,0,1,.500,1.000,1,0 
361,MIL,2173,977,269,452,83,152,.457,.794,7,158 
362,DET,20,8,3,0,0,0,.444,.000,2,3 
363,NJN,1729,556,277,92,50,62,.453,.741,10,186 
364,TOT,84,29,16,2,1,2,.440,.438,4,8 
364,CHI,61,28,12,2,1,0,.524,.429,4,6 
364,SAC,23,1,4,0,0,2,.000,.500,0,2 
365,TOT,13,6,4,0,0,1,.500,0.0,0,1 
365,PHO,2,0,0,0,0,1,0.0,0.0,0,0 
365,NYK,11,6,4,0,0,0,.500,0.0,0,1 
366,TOT,303,90,35,29,11,23,.350,.857,0,45 
366,PHO,122,34,16,12,6,5,.296,1.000,0,14 
366,CHA,181,56,19,17,5,18,.394,.800,0,31 
367,DAL,884,314,250,17,26,36,.575,.859,28,110 
368,LAC,843,214,203,27,17,43,.453,.638,52,94 
369,MIN,1460,746,284,79,31,105,.563,.677,19,184 
370,DEN,2245,1233,297,227,78,150,.491,.754,14,190 
371,TOT,1102,374,263,41,17,25,.469,.720,40,122 
371,OKC,691,238,163,25,10,15,.453,.704,26,72 
371,CLE,411,136,100,16,7,10,.500,.750,14,50 
372,ATL,2421,1073,498,169,94,161,.514,.588,111,184 
373,TOT,712,263,64,133,27,54,.484,.735,4,71 
373,TOR,544,193,43,123,20,49,.516,.833,4,60 
373,SAC,168,70,21,10,7,5,.371,.500,0,11 
374,WAS,1521,566,227,94,64,74,.533,.889,20,200 
375,PHI,1263,608,293,30,27,46,.506,.773,56,181 
376,DAL,162,42,17,12,4,9,.317,1.000,1,6 
377,WAS,886,211,76,98,21,32,.363,.533,2,43 
378,NOH,2089,812,264,75,52,51,.424,.894,3,101 
379,PHO,1948,1134,430,104,49,150,.540,.835,57,163 
380,DET,2517,1058,275,387,78,173,.453,.803,11,217 
381,OKC,343,86,89,9,5,8,.521,.750,17,50 
382,TOT,185,62,46,3,4,16,.418,.500,8,40 
382,NJN,64,23,13,1,0,7,.600,.455,2,15 
382,PHO,121,39,33,2,4,9,.350,.533,6,25 
383,CLE,1527,517,232,82,28,55,.478,.849,10,130 
384,LAC,771,289,87,106,36,73,.427,.691,0,84 
385,MIN,2095,738,127,343,73,146,.399,.819,12,184 
386,DAL,2491,1447,177,251,97,119,.525,.880,20,141 
387,WAS,306,80,66,6,3,18,.485,.696,18,35 
388,SAC,62,6,15,1,6,1,.375,0.0,1,9 
389,SAS,1404,343,405,66,34,42,.507,.822,58,170 
390,TOT,1247,545,201,68,31,70,.446,.736,11,144 
390,LAC,220,95,46,10,3,14,.400,.618,1,26 
390,NYK,773,345,113,46,22,46,.500,.806,10,91 
390,CHI,254,105,42,12,6,10,.362,.700,0,27 
391,CHI,2175,857,508,77,91,129,.453,.783,151,220 
392,SAC,2303,910,606,93,46,146,.502,.692,59,314 
393,LAC,2654,1194,368,103,59,130,.462,.754,62,227 
394,SAS,208,52,41,17,5,7,.417,.500,1,16 
395,PHO,282,138,31,12,5,14,.449,.788,1,14 
396,GSW,1696,470,360,166,34,70,.512,.790,168,243 
397,ORL,2815,1294,410,375,64,204,.445,.807,19,218 
398,SAS,1035,289,187,54,36,38,.426,.609,12,86 
399,SAC,2270,800,220,342,81,158,.491,.820,12,192 
400,TOR,890,301,75,153,30,60,.427,.733,2,77 
401,CLE,2306,694,581,81,75,80,.538,.616,66,239 
402,SAS,292,65,22,55,6,15,.311,.889,0,26 
403,MIL,2095,1264,520,137,50,138,.479,.838,56,254 
404,TOR,240,35,59,8,3,17,.267,.786,4,60 
405,LAL,1293,461,135,113,77,35,.416,.921,7,154 
406,MIA,3048,2386,398,589,173,272,.524,.765,106,178 
407,HOU,1225,610,113,71,40,59,.474,.752,8,71 
408,BOS,216,88,29,13,6,18,.632,.696,2,51 
409,CLE,1314,165,362,44,48,34,.445,.422,75,82 
410,CHA,2669,1182,553,189,121,148,.515,.804,67,210 
411,DET,2123,795,490,91,62,59,.471,.772,86,197 
412,LAL,1166,326,180,177,32,69,.468,.719,10,105 
413,MEM,2029,951,406,66,48,98,.500,.711,39,170 
414,GSW,1883,730,192,206,96,92,.473,.870,4,137 
415,OKC,1776,448,183,391,50,156,.418,.755,11,137 
416,OKC,1166,299,130,101,47,69,.529,.707,25,81 
417,POR,5,0,0,0,0,0,0.0,0.0,0,0 
418,DEN,55,19,4,3,1,6,.364,.375,0,8 
419,NOH,2982,1593,646,173,49,163,.477,.884,68,207 
420,CLE,2152,751,203,226,94,92,.490,.833,13,125 
421,ATL,269,43,56,19,18,13,.394,.467,4,35 
422,OKC,2668,1256,399,435,110,274,.415,.815,16,191 
423,OKC,130,62,32,6,3,3,.520,.769,5,10 
424,HOU,11,7,0,1,1,3,.667,0.0,1,2 
425,TOT,1049,447,277,47,26,75,.503,.564,16,137 
425,OKC,719,312,195,33,18,55,.491,.598,11,89 
425,NYK,330,135,82,14,8,20,.535,.509,5,48 
426,OKC,636,218,70,37,22,37,.355,.804,7,55 
427,UTA,2505,1322,195,725,73,228,.518,.849,20,134 
428,CLE,20,12,2,0,1,1,.500,0.0,0,2 
429,PHI,1919,1039,165,242,85,151,.438,.790,14,128 
430,GSW,54,12,4,13,1,4,.182,.333,1,6 
431,SAS,3,4,0,0,0,0,1.000,0.0,0,1 
432,ATL,2093,845,382,81,57,70,.493,.806,39,127 
433,CLE,2834,1443,279,329,69,179,.486,.912,9,215 
434,NJN,366,80,79,13,7,20,.417,.625,29,72 
435,DAL,170,42,46,2,2,5,.385,.818,9,19 
436,TOT,512,186,153,12,22,34,.452,.730,18,64 
436,SAC,305,112,78,8,12,26,.460,.762,10,36 
436,MIN,207,74,75,4,10,8,.441,.667,8,28 
437,HOU,2452,1181,359,229,105,140,.402,.748,24,155 
438,DAL,1552,474,136,77,46,54,.475,.747,27,172 
439,GSW,688,323,157,21,22,23,.537,.741,37,74 
440,MIA,73,18,20,2,2,6,.400,.333,0,8 
441,NOH,772,237,152,43,35,43,.502,.567,19,49 
442,CLE,125,23,25,3,4,9,.370,.375,5,17 
443,WAS,1837,892,150,95,39,92,.473,.850,20,140 
444,PHI,2580,1145,377,86,100,118,.526,.735,23,165 
