Rk,Tm,MP,PTS,TRB,AST,STL,TOV,eFG%,FT%,BLK,PF 
1,POR,290,135,89,12,4,22,.474,.568,12,39 
2,DEN,1505,942,121,206,55,110,.425,.857,4,149 
3,ORL,1313,285,359,25,25,42,.512,.653,25,218 
4,DEN,2346,1752,256,693,147,240,.453,.879,6,162 
5,DET,2006,1104,374,139,47,128,.475,.757,20,209 
6,POR,1710,890,205,285,63,100,.543,.826,13,195 
7,WSB,587,244,117,45,15,40,.451,.854,8,88 
8,DAL,236,151,24,22,8,16,.534,.839,1,11 
9,TOT,924,292,318,16,35,84,.430,.522,45,140 
9,MIL,247,70,75,3,8,22,.370,.571,9,29 
9,NJN,18,8,6,1,2,1,1.000,0.0,0,4 
9,DEN,659,214,237,12,25,61,.440,.506,36,107 
10,ORL,1971,990,386,106,74,113,.477,.668,44,145 
11,PHI,2340,1198,367,115,65,100,.490,.833,13,163 
12,SAS,2592,1083,351,358,79,167,.461,.798,46,226 
13,ORL,877,379,253,25,27,32,.548,.717,7,125 
14,CHI,1731,720,149,301,70,107,.493,.874,4,118 
15,GSW,85,33,11,13,2,6,.480,.818,0,21 
16,MIA,266,86,68,19,16,11,.457,.480,13,46 
17,CLE,52,19,9,4,1,5,.316,.583,1,7 
18,UTA,2486,1017,407,124,53,130,.458,.808,91,160 
19,LAC,26,8,11,0,0,2,.375,1.000,2,5 
20,LAC,339,111,96,9,5,25,.531,.385,7,73 
21,PHI,2498,1849,680,284,110,210,.589,.722,33,173 
22,SEA,750,418,71,111,23,54,.547,.918,1,40 
23,ATL,1863,1078,159,217,45,113,.469,.854,6,145 
24,TOT,945,339,176,62,60,53,.477,.753,18,108 
24,PHO,263,96,53,15,19,17,.442,.690,6,25 
24,DEN,682,243,123,47,41,36,.492,.781,12,83 
25,DET,562,272,131,32,2,32,.448,.705,36,76 
26,TOT,2236,982,723,119,54,235,.496,.712,145,184 
26,LAC,1337,581,469,74,26,138,.492,.728,91,110 
26,SEA,899,401,254,45,28,97,.502,.690,54,74 
27,CLE,334,115,64,28,8,20,.374,.745,2,50 
28,BOS,2277,1164,509,431,108,187,.492,.891,58,118 
29,DAL,2965,1590,256,301,69,159,.497,.865,19,153 
30,DET,214,64,20,26,9,18,.443,.714,2,35 
31,NJN,2585,1017,249,441,169,207,.423,.790,40,180 
32,CHH,2299,568,216,669,137,120,.460,.796,3,160 
33,PHI,1522,155,350,20,16,63,.399,.585,247,184 
34,SAC,750,250,161,49,39,41,.448,.579,5,62 
35,NJN,1916,801,480,147,43,141,.437,.732,90,175 
36,MIN,1505,429,345,73,35,69,.453,.443,80,132 
37,MIL,1912,942,426,131,86,160,.527,.798,43,255 
38,MIN,980,424,72,204,53,51,.491,.847,5,122 
39,CLE,1485,627,213,80,26,94,.524,.701,24,130 
40,BOS,1945,712,182,344,83,137,.470,.873,14,161 
41,UTA,1391,390,337,49,29,82,.454,.742,24,166 
42,TOT,294,83,43,16,4,16,.394,.870,0,47 
42,LAL,27,5,4,3,0,4,.833,0.0,0,8 
42,UTA,267,78,39,13,4,12,.377,.870,0,39 
43,POR,781,272,190,27,15,33,.488,.733,12,120 
44,NJN,859,232,141,51,33,26,.418,.652,15,79 
45,HOU,63,39,14,2,3,3,.452,.647,0,10 
46,MIA,1928,915,262,107,72,144,.444,.782,24,275 
47,LAC,37,14,16,1,0,4,.263,.667,0,9 
48,SEA,2141,522,558,89,85,83,.508,.625,58,194 
49,HOU,343,77,100,8,19,30,.422,.412,10,35 
50,SAC,678,205,78,61,22,51,.391,.696,7,98 
51,LAL,380,144,96,10,11,16,.455,.653,38,71 
52,MIN,2893,1678,346,214,121,190,.439,.803,48,204 
53,SAC,2527,1551,420,191,45,171,.511,.758,101,315 
54,PHO,96,37,24,11,1,12,.361,.917,8,18 
55,CHI,2273,760,486,126,32,113,.490,.697,15,167 
56,ORL,1459,745,355,58,34,107,.462,.624,9,113 
57,SAC,1719,525,391,69,49,96,.508,.636,148,225 
58,PHO,730,519,150,35,22,69,.488,.663,5,70 
59,PHO,2475,1511,490,194,65,177,.445,.826,52,235 
60,CHH,2100,1102,191,250,73,131,.471,.830,16,167 
61,NYK,2147,592,173,435,128,108,.504,.814,10,138 
62,CLE,110,43,18,2,3,6,.370,.563,1,16 
63,MIN,320,68,79,3,6,5,.373,.545,4,45 
64,NJN,2602,1364,759,163,71,217,.473,.731,99,217 
65,MIA,1355,401,153,232,65,98,.420,.747,12,149 
66,SAC,251,58,26,37,11,11,.455,.700,1,27 
67,TOT,1008,260,112,165,85,58,.464,.723,2,75 
67,NJN,489,145,57,58,37,27,.523,.690,1,38 
67,MIL,519,115,55,107,48,31,.396,.750,1,37 
68,DEN,1121,307,326,26,35,50,.417,.550,72,100 
69,POR,746,147,188,22,7,22,.393,.786,61,120 
70,MIN,3196,1472,589,347,162,209,.449,.798,53,257 
71,SEA,147,47,33,4,5,2,.447,.591,5,18 
72,UTA,26,15,5,0,0,2,.667,.700,0,8 
73,SAS,2195,1177,521,157,61,131,.487,.683,30,225 
74,CHH,159,17,36,3,0,6,.333,.333,3,16 
75,CHH,1515,802,199,166,75,80,.494,.842,25,125 
76,SEA,299,184,32,16,7,19,.471,.613,1,25 
77,MIL,126,57,13,9,5,6,.390,.692,0,8 
78,CLE,2946,1645,830,253,74,211,.524,.751,46,191 
79,DAL,1426,431,118,230,45,77,.456,.771,17,212 
80,MIA,996,300,266,39,18,36,.489,.556,28,129 
81,TOT,1483,924,181,125,80,88,.474,.915,3,150 
81,DEN,1044,728,123,84,62,63,.481,.915,3,108 
81,POR,439,196,58,41,18,25,.449,.913,0,42 
82,PHI,124,63,16,28,3,8,.646,.909,0,4 
83,SAC,17,9,2,0,0,1,.643,0.0,0,0 
84,TOT,149,36,12,19,2,13,.412,.889,0,15 
84,SAS,144,34,11,19,2,13,.394,.889,0,12 
84,IND,5,2,1,0,0,0,1.000,0.0,0,3 
85,LAL,2310,921,666,92,106,146,.569,.703,127,247 
86,DAL,2800,819,727,69,34,146,.532,.721,93,181 
87,MIA,2562,1352,209,624,121,270,.506,.686,5,178 
88,IND,1031,259,255,51,24,57,.505,.600,29,178 
89,LAL,496,139,34,118,15,49,.488,.773,1,40 
90,POR,2852,1767,546,493,144,232,.505,.794,60,226 
91,POR,2511,1282,531,89,33,186,.481,.772,34,251 
92,NJN,1560,434,511,37,39,80,.408,.534,153,217 
93,DET,3046,1629,187,443,89,189,.487,.890,7,135 
94,DEN,217,52,42,24,12,7,.457,.900,1,30 
95,WSB,1616,868,128,136,47,115,.462,.739,10,121 
96,UTA,2580,409,667,51,39,99,.579,.634,188,298 
97,UTA,1611,576,201,108,57,105,.532,.701,29,203 
98,DET,1903,982,277,65,12,126,.484,.729,30,249 
99,MIA,2000,955,205,240,129,163,.423,.803,46,151 
100,CLE,2766,832,388,376,121,160,.477,.679,34,209 
101,TOT,644,237,110,45,19,30,.509,.843,10,85 
101,PHI,20,6,1,1,0,3,.357,.500,0,2 
101,GSW,624,231,109,44,19,27,.516,.851,10,83 
102,SAS,3044,1301,456,238,69,147,.500,.808,33,190 
103,TOT,1424,857,173,95,49,81,.513,.723,8,112 
103,SEA,800,451,92,64,33,49,.497,.738,3,59 
103,MIL,624,406,81,31,16,32,.532,.707,5,53 
104,WSB,1942,791,585,102,49,146,.513,.650,157,268 
105,WSB,1443,616,147,177,25,114,.441,.707,15,127 
106,DAL,1748,763,254,105,40,101,.439,.850,25,141 
107,NYK,3104,2154,905,244,80,291,.514,.745,258,287 
108,TOT,456,255,68,38,13,38,.464,.738,2,58 
108,PHI,13,6,5,0,0,1,.286,1.000,0,0 
108,DEN,443,249,63,38,13,37,.470,.730,2,58 
109,HOU,372,137,100,8,3,25,.371,.750,12,52 
110,ATL,1165,475,179,55,33,78,.492,.801,27,151 
111,CLE,1661,697,286,142,43,120,.446,.816,25,230 
112,IND,1929,877,214,369,76,137,.534,.729,13,116 
113,HOU,1850,1005,159,317,95,140,.437,.752,17,122 
114,WSB,606,236,151,37,12,45,.460,.689,22,112 
115,SAC,475,177,84,44,22,40,.399,.717,13,50 
116,DEN,226,83,14,91,10,23,.436,.846,2,25 
117,BOS,2706,1281,267,256,100,148,.587,.815,34,237 
118,LAC,1702,564,198,317,97,116,.430,.752,10,189 
119,LAC,949,260,127,223,62,66,.424,.759,2,101 
120,CHH,1552,650,379,44,48,102,.532,.661,67,211 
121,NJN,594,192,47,104,25,42,.415,.800,5,58 
122,NJN,743,425,110,30,19,45,.425,.789,19,88 
123,CHH,1944,906,263,303,104,163,.451,.835,39,186 
124,TOT,2644,1242,598,105,69,174,.487,.815,53,185 
124,CHH,949,494,234,27,34,64,.513,.813,21,65 
124,PHI,1695,748,364,78,35,110,.470,.816,32,120 
125,MIN,606,352,102,42,28,41,.441,.684,9,76 
126,TOT,2196,844,582,93,40,85,.443,.810,56,99 
126,PHI,791,272,201,33,16,31,.386,.841,34,41 
126,CHH,1405,572,381,60,24,54,.474,.789,22,58 
127,MIN,20,13,2,0,1,0,.417,.750,4,5 
128,DAL,168,79,50,8,2,11,.595,.476,8,33 
129,LAC,2105,590,209,587,103,210,.459,.689,12,192 
130,NYK,107,26,10,20,9,10,.389,.833,0,12 
131,WSB,2842,1405,557,204,91,125,.498,.743,61,232 
132,CHI,2641,1000,659,178,95,92,.548,.711,69,203 
133,NYK,37,11,10,0,0,2,.333,1.000,1,6 
134,MIL,1422,521,246,123,48,86,.433,.687,9,98 
135,LAL,2164,750,516,71,59,99,.486,.738,23,117 
136,PHI,2248,793,137,413,57,108,.468,.830,6,130 
137,SAS,1099,443,313,52,32,89,.461,.848,13,172 
138,SAS,1018,239,221,52,29,71,.503,.734,25,172 
139,UTA,1005,430,90,37,42,48,.445,.756,7,100 
140,CHH,50,17,4,9,3,4,.381,.500,1,4 
141,NJN,1178,434,356,31,20,63,.469,.619,21,199 
142,WSB,1023,367,206,43,15,54,.461,.722,7,108 
143,SAC,811,229,96,90,20,34,.412,.500,5,72 
144,GSW,3215,1881,332,793,214,270,.508,.803,12,228 
145,DAL,2879,1519,233,548,147,177,.503,.731,14,222 
146,LAC,1383,763,188,209,66,129,.424,.668,35,111 
147,PHI,41,10,1,0,1,3,.250,.500,0,5 
148,DET,113,48,28,7,0,7,.625,1.000,0,23 
149,PHI,3110,1767,310,299,178,213,.515,.871,39,182 
150,DET,392,123,37,62,12,28,.457,.762,2,43 
151,MIL,690,214,51,131,32,43,.466,.905,0,83 
152,SAC,61,16,5,2,0,4,.600,.571,2,16 
153,GSW,2024,776,354,113,52,65,.529,.819,37,198 
154,SAS,464,225,63,35,8,49,.465,.848,1,53 
155,GSW,1192,390,383,19,33,72,.492,.632,30,264 
156,NJN,91,41,19,4,0,6,.513,.333,3,14 
157,CHI,843,362,42,97,34,35,.488,.963,2,74 
158,TOT,155,64,39,3,3,13,.545,.727,1,29 
158,CHH,112,44,30,3,2,12,.563,.800,1,18 
158,PHI,43,20,9,0,1,1,.500,.667,0,11 
159,CHI,728,264,109,65,25,59,.428,.663,14,79 
160,PHO,2733,1350,321,409,111,130,.547,.897,16,185 
161,MIL,2726,1215,220,538,129,151,.533,.799,7,237 
162,WSB,316,171,45,24,15,16,.469,.820,2,32 
163,NYK,1595,630,197,452,60,135,.505,.731,9,81 
164,HOU,202,113,30,27,6,20,.403,.815,1,24 
165,CLE,505,300,79,32,15,37,.488,.722,5,59 
166,GSW,105,28,37,1,1,3,.306,.667,3,16 
167,TOT,959,320,77,230,47,74,.471,.678,4,62 
167,DEN,217,79,21,77,14,27,.426,.656,2,22 
167,SAS,742,241,56,153,33,47,.486,.691,2,40 
168,HOU,2279,991,330,142,81,122,.478,.727,47,240 
169,TOT,2085,1354,271,111,58,122,.501,.891,9,181 
169,PHO,312,203,46,17,9,24,.489,.724,2,37 
169,SEA,1773,1151,225,94,49,98,.504,.912,7,144 
170,PHO,2772,1710,271,781,163,269,.520,.843,11,174 
171,LAL,2933,1531,551,989,102,314,.518,.906,17,150 
172,GSW,228,90,57,17,4,25,.540,.595,4,50 
173,DET,2390,958,280,271,75,118,.440,.646,15,166 
174,WSB,1499,163,359,48,51,46,.540,.580,124,199 
175,CHI,3034,2580,492,453,223,202,.547,.851,83,229 
176,SEA,2442,1214,679,144,77,202,.509,.661,123,319 
177,CLE,905,271,37,131,29,40,.507,.849,4,52 
178,POR,2359,1084,481,227,101,149,.480,.709,76,251 
179,MIA,1259,486,336,31,17,108,.425,.672,26,189 
180,CHH,473,140,100,18,22,35,.417,.576,15,93 
181,LAC,1004,429,119,76,30,77,.403,.773,8,158 
182,WSB,2401,1817,319,292,56,255,.475,.790,16,187 
183,CHI,1198,419,208,65,24,91,.467,.704,42,134 
184,ORL,2225,395,588,59,25,102,.491,.512,81,298 
185,BOS,850,258,244,21,15,53,.468,.783,14,108 
186,PHO,792,339,71,191,20,76,.435,.602,7,83 
187,GSW,21,3,3,4,0,2,.000,.500,0,4 
188,ATL,1931,313,375,124,74,50,.438,.593,76,265 
189,MIL,157,58,24,9,5,11,.411,.538,1,28 
190,DET,2668,904,737,157,38,98,.502,.837,56,242 
191,DEN,1383,463,578,123,51,105,.439,.411,14,192 
192,PHO,1152,311,303,27,17,45,.577,.715,127,168 
193,TOT,1122,324,295,39,14,69,.446,.559,22,192 
193,SAC,378,94,87,18,4,25,.406,.593,11,69 
193,CHH,744,230,208,21,10,44,.465,.548,11,123 
194,NJN,265,66,30,34,11,20,.289,.893,2,39 
195,DEN,148,58,18,12,2,4,.368,.833,0,20 
196,ATL,9,2,2,0,0,0,0.0,.500,1,2 
197,SAC,1399,395,111,299,57,75,.576,.835,4,141 
198,SAS,99,34,7,7,2,8,.483,.667,1,9 
199,DAL,86,29,15,12,6,10,.391,.786,3,5 
200,CHI,1013,314,225,56,29,50,.452,.648,43,143 
201,BOS,2878,1478,410,201,98,147,.491,.826,85,234 
202,DEN,1171,507,221,64,48,71,.438,.630,19,153 
203,DEN,860,405,112,72,46,33,.458,.855,8,65 
204,GSW,1552,491,483,93,20,106,.478,.569,90,282 
205,PHO,2,4,0,0,0,0,1.000,1.000,0,0 
206,MIL,1219,428,217,75,50,60,.471,.685,74,170 
207,MIA,2514,734,568,176,119,156,.493,.787,43,295 
208,DET,256,96,32,18,9,14,.424,.960,2,17 
209,PHI,2439,711,621,118,79,127,.467,.788,56,276 
210,PHO,2281,1051,418,216,106,114,.502,.762,40,162 
211,UTA,2466,1282,206,143,50,108,.508,.917,6,128 
212,UTA,3302,2382,967,270,89,244,.528,.770,79,268 
213,ATL,1912,869,667,68,30,137,.468,.831,74,134 
214,LAC,2197,1159,426,196,117,188,.519,.716,62,281 
215,GSW,987,545,118,85,62,75,.503,.724,4,136 
216,LAC,1334,523,131,65,37,49,.449,.680,31,104 
217,DEN,21,10,5,0,1,0,.500,.750,0,6 
218,SAS,161,82,58,4,4,13,.450,.622,9,26 
219,HOU,2870,1397,238,303,127,171,.473,.733,15,179 
220,SAC,2145,915,178,253,81,159,.456,.770,11,169 
221,IND,1070,343,118,150,40,91,.434,.776,11,141 
222,ATL,689,252,165,32,11,45,.497,.733,14,91 
223,DAL,2561,844,560,259,70,129,.504,.803,51,203 
224,TOT,2634,1373,557,187,76,184,.497,.723,46,264 
224,SEA,529,327,81,38,26,40,.479,.710,4,50 
224,PHO,2105,1046,476,149,50,144,.503,.727,42,214 
225,BOS,2067,1251,480,126,25,140,.561,.829,146,194 
226,SEA,2503,1115,423,169,91,158,.519,.845,56,220 
227,SEA,1434,338,251,371,104,122,.461,.613,20,211 
228,ORL,13,0,4,0,0,0,.000,0.0,0,1 
229,SEA,53,17,10,8,7,6,.268,.500,4,5 
230,IND,2972,1855,281,331,109,163,.560,.918,13,165 
231,TOT,819,315,229,33,35,43,.465,.712,29,100 
231,DEN,279,128,88,16,16,18,.467,.727,9,44 
231,NJN,540,187,141,17,19,25,.464,.705,20,56 
232,MIN,3121,1197,520,133,66,104,.441,.775,57,338 
233,GSW,257,57,67,9,8,7,.381,.800,3,58 
234,ATL,1096,337,128,104,50,66,.531,.781,9,112 
235,NJN,2553,1042,521,220,138,167,.449,.734,96,248 
236,CLE,1207,357,103,243,61,107,.445,.813,18,112 
237,GSW,3315,2107,443,329,173,245,.550,.884,63,176 
238,UTA,29,13,14,1,1,5,.429,.583,2,5 
239,MIN,1063,251,255,60,25,32,.399,.667,20,101 
240,NYK,825,268,169,36,15,61,.465,.644,14,109 
241,SAS,103,29,18,14,3,14,.435,.818,3,14 
242,CLE,2927,1537,686,237,66,131,.525,.803,200,219 
243,DEN,125,44,16,37,4,19,.443,.591,0,26 
244,PHO,573,123,151,36,24,19,.490,.737,4,46 
245,CHH,2477,1371,254,188,100,189,.485,.809,17,278 
246,LAC,2309,1219,497,159,63,139,.504,.629,63,192 
247,UTA,85,21,17,4,1,4,.438,.636,1,18 
248,NYK,2739,853,920,204,62,215,.516,.784,17,288 
249,MIA,261,54,49,2,6,8,.436,.600,27,53 
250,HOU,2062,1187,770,131,121,174,.508,.769,221,221 
251,IND,19,6,3,0,0,0,.500,0.0,0,1 
252,PHI,800,279,80,88,34,50,.417,.732,4,76 
253,CLE,1181,504,118,90,20,71,.425,.796,6,71 
254,UTA,85,40,21,6,3,6,.333,.667,4,20 
255,BOS,2441,1207,856,66,66,153,.598,.767,103,197 
256,CHI,1971,710,91,297,62,69,.585,.829,3,136 
257,PHI,444,166,66,16,10,21,.370,.897,6,43 
258,SEA,2244,588,243,528,165,180,.451,.711,15,249 
259,CHI,972,307,336,47,23,75,.494,.670,57,147 
260,LAL,2504,983,538,108,64,103,.507,.821,78,247 
261,PHO,587,193,126,27,23,32,.521,.614,43,60 
262,IND,2566,1474,417,238,56,184,.532,.721,17,221 
263,GSW,834,279,200,27,13,48,.485,.658,41,153 
264,TOT,1015,623,110,86,43,81,.516,.832,1,132 
264,POR,133,80,18,20,6,12,.458,.682,0,21 
264,NJN,882,543,92,66,37,69,.526,.861,1,111 
265,TOT,2167,1598,191,168,60,147,.505,.913,13,170 
265,MIL,1327,1037,117,96,38,93,.524,.907,11,90 
265,SEA,840,561,74,72,22,54,.474,.925,2,80 
266,BOS,1165,366,341,45,61,45,.539,.897,43,147 
267,CHI,3014,1461,595,511,193,232,.529,.706,93,270 
268,TOT,2092,778,553,42,43,88,.560,.579,32,192 
268,SEA,960,397,270,16,26,53,.545,.588,19,94 
268,LAC,1132,381,283,26,17,35,.579,.572,13,98 
269,BOS,64,35,14,2,1,6,.406,.900,2,12 
270,POR,2665,1381,282,649,158,189,.584,.823,12,151 
271,SAS,1683,528,176,271,63,130,.491,.827,32,174 
272,CLE,571,271,45,166,42,56,.544,.952,2,23 
273,GSW,773,243,65,81,30,59,.395,.805,8,104 
274,NYK,1011,319,145,53,22,52,.483,.722,13,100 
275,PHO,900,226,266,64,25,45,.497,.706,11,107 
276,DEN,2325,875,678,70,52,81,.459,.677,132,307 
277,CHH,2467,902,502,89,87,153,.466,.703,47,286 
278,PHI,37,4,9,4,1,3,.143,0.0,3,3 
279,ORL,1843,1034,299,203,95,172,.440,.802,56,123 
280,MIA,2646,1342,381,189,101,166,.491,.818,26,216 
281,MIN,3154,1401,286,734,131,174,.486,.539,13,114 
282,GSW,3027,1840,452,238,126,230,.508,.847,34,207 
283,ATL,2586,1197,253,340,148,125,.478,.844,47,216 
284,MIL,2114,888,281,135,63,135,.536,.813,29,190 
285,MIL,2598,1098,459,444,246,212,.497,.757,16,273 
286,POR,1940,957,349,151,78,133,.467,.653,76,263 
287,SAS,3095,2101,1063,208,127,270,.552,.762,320,264 
288,TOT,425,139,51,35,16,27,.413,.556,1,49 
288,GSW,170,56,23,11,9,16,.407,.533,1,23 
288,WSB,255,83,28,24,7,11,.418,.583,0,26 
289,ATL,674,265,71,132,32,76,.450,.588,8,65 
290,DET,2747,669,1026,85,65,94,.498,.631,55,281 
291,DET,202,36,42,4,2,15,.424,.571,20,35 
292,UTA,874,324,66,216,36,102,.465,.831,2,92 
293,DET,1649,544,327,70,52,91,.475,.727,112,240 
294,SAC,348,74,111,17,11,27,.371,.263,17,54 
295,CHH,43,13,9,1,1,1,.429,.500,1,6 
296,IND,1357,463,185,106,37,65,.421,.825,26,198 
297,MIL,2228,870,535,98,55,106,.499,.835,61,264 
298,CHH,227,59,45,9,6,4,.513,.905,2,20 
299,SAS,398,158,121,17,2,34,.439,.550,29,64 
300,IND,2632,1320,660,301,58,175,.529,.818,22,262 
301,LAL,2630,1191,246,177,95,85,.510,.797,21,146 
302,ORL,2336,1284,235,134,62,127,.478,.750,25,203 
303,MIA,2171,1050,709,95,51,205,.482,.619,86,213 
304,DAL,510,150,134,11,14,27,.440,.608,20,75 
305,BOS,2772,1091,370,602,105,223,.471,.819,34,206 
306,MIL,1940,802,441,143,65,130,.460,.843,64,218 
307,SAC,2978,1421,697,315,113,230,.423,.736,85,249 
308,ORL,2714,1357,270,660,89,252,.489,.902,4,192 
309,BOS,30,9,2,6,1,3,.429,.600,0,7 
310,LAC,2703,1480,608,134,81,165,.469,.793,145,267 
311,WSB,45,7,4,4,1,1,.500,.500,0,3 
312,BOS,16,5,0,5,1,1,.250,.750,1,3 
313,HOU,2699,1380,163,554,106,237,.545,.844,11,131 
314,HOU,1923,268,709,88,83,93,.487,.240,22,265 
315,BOS,389,218,56,43,6,37,.490,.815,2,27 
316,ORL,1885,1044,389,169,85,140,.456,.734,35,190 
317,LAL,695,234,71,135,28,69,.441,.702,12,80 
318,IND,1690,828,357,84,24,86,.485,.762,111,246 
319,TOT,95,24,26,4,3,3,.333,.500,3,27 
319,GSW,25,14,7,1,2,2,.545,.500,0,9 
319,LAC,70,10,19,3,1,1,.188,.500,3,18 
320,SAC,2375,831,186,362,83,126,.511,.699,16,189 
321,MIN,2099,572,641,25,48,77,.512,.722,121,337 
322,NYK,1173,466,131,204,59,74,.472,.752,17,137 
323,MIL,6,6,0,2,0,0,.667,1.000,0,0 
324,UTA,3103,1413,237,1164,234,298,.537,.836,16,233 
325,SAS,2076,800,219,463,117,156,.491,.763,11,125 
326,MIA,225,112,9,24,7,16,.472,1.000,0,11 
327,DAL,171,102,55,12,6,13,.544,.889,9,20 
328,LAL,1498,815,181,82,31,83,.443,.819,8,165 
329,NJN,2955,1510,229,378,85,252,.488,.851,35,231 
330,LAL,108,46,31,10,4,13,.340,.571,1,24 
331,DET,1657,776,160,446,75,185,.449,.782,10,118 
332,MIN,14,2,0,1,1,1,.250,0.0,0,0 
333,MIA,1481,499,312,111,32,117,.499,.718,48,161 
334,IND,1946,625,563,147,63,168,.489,.692,63,265 
335,LAL,1077,288,228,21,23,47,.496,.705,23,112 
336,MIN,110,16,15,1,0,9,.308,.800,3,18 
337,HOU,3039,1435,846,197,73,217,.557,.696,20,278 
338,SEA,2066,1013,99,273,113,138,.525,.792,8,191 
339,SAC,1116,660,253,66,23,82,.483,.800,28,99 
340,GSW,1371,500,275,76,35,80,.431,.738,38,195 
341,UTA,470,137,67,31,14,24,.452,.758,2,58 
342,CHH,1289,541,176,159,33,92,.472,.910,13,130 
343,NYK,1194,463,105,111,44,46,.514,.630,9,120 
344,PHI,1407,412,152,311,63,95,.454,.736,0,124 
345,ORL,1683,609,363,97,29,126,.492,.759,10,234 
346,DAL,514,270,55,86,28,39,.465,.859,5,77 
347,CLE,1841,609,172,351,98,126,.470,.831,12,170 
348,NYK,2420,1226,180,110,42,108,.522,.899,10,122 
349,LAC,1178,399,349,40,20,49,.487,.662,23,135 
350,ORL,975,406,107,197,30,91,.435,.825,5,74 
351,BOS,166,58,51,4,1,24,.462,.556,29,43 
352,MIA,116,63,7,15,2,12,.474,.818,3,14 
353,WSB,2305,553,498,459,78,154,.430,.604,33,199 
354,NYK,771,230,157,13,18,30,.435,.780,30,92 
355,ATL,2197,1003,174,417,118,146,.481,.868,6,180 
356,SAC,1455,437,340,69,46,51,.437,.787,59,230 
357,MIN,824,294,136,48,35,41,.480,.690,23,115 
358,PHO,1957,629,564,37,32,86,.647,.655,161,266 
359,DAL,1901,695,504,63,81,131,.403,.707,44,308 
360,ORL,350,113,17,73,24,34,.444,.680,0,37 
361,ATL,3078,2101,732,265,123,201,.495,.829,65,156 
362,NYK,668,279,180,15,17,50,.447,.567,7,91 
363,NYK,2164,938,207,275,82,161,.478,.820,23,181 
364,POR,2582,933,751,97,47,137,.602,.705,47,247 
365,DAL,1832,747,357,95,30,113,.507,.638,88,197 
366,CLE,1293,505,290,100,36,63,.463,.652,69,126 
367,PHI,508,182,111,16,9,40,.450,.661,6,92 
368,WSB,941,411,177,133,39,68,.430,.753,6,63 
369,IND,527,220,131,31,11,41,.520,.680,31,81 
370,IND,1706,813,176,348,150,150,.500,.879,17,202 
371,TOT,1896,991,306,133,113,112,.482,.843,41,253 
371,SAS,354,171,59,46,20,36,.535,.854,11,64 
371,DEN,1542,820,247,87,93,76,.473,.840,30,189 
372,CHI,337,127,98,16,12,23,.514,.714,13,51 
373,ATL,2373,1051,704,99,60,153,.506,.668,40,235 
374,ATL,162,55,40,11,5,17,.300,.500,1,13 
375,HOU,607,239,67,25,16,30,.416,.778,13,70 
376,SAS,563,136,75,46,19,42,.388,.707,5,66 
377,IND,355,74,33,25,10,10,.443,.667,4,9 
378,DEN,1593,539,400,107,60,95,.453,.831,31,244 
379,HOU,1421,432,246,94,58,89,.464,.812,16,236 
380,SAC,222,81,19,49,5,12,.492,.905,0,10 
381,TOT,171,64,13,15,5,12,.344,.846,5,18 
381,HOU,125,53,11,10,5,7,.398,.833,4,11 
381,CLE,46,11,2,5,0,5,.217,1.000,1,7 
382,DEN,1823,1330,361,119,69,152,.498,.797,23,145 
383,WSB,2034,581,242,353,87,135,.466,.759,7,162 
384,LAL,3008,1670,356,275,104,127,.501,.797,35,117 
385,TOT,164,54,45,3,4,11,.404,.667,5,28 
385,ATL,20,5,6,0,0,2,.667,1.000,0,3 
385,ORL,136,43,37,3,3,9,.366,.619,5,23 
385,DAL,8,6,2,0,1,0,.667,1.000,0,2 
386,BOS,39,12,3,8,1,4,.250,.750,0,1 
