Rk,Tm,MP,PTS,TRB,AST,STL,TOV,eFG%,FT%,BLK,PF 
1,VAN,486,266,25,76,9,26,.496,.759,1,50 
2,DEN,420,111,59,22,14,34,.405,.583,13,54 
3,VAN,3241,1663,735,250,90,231,.477,.834,77,238 
4,ORL,227,52,25,36,16,25,.357,.667,0,29 
5,TOT,1382,618,143,62,45,75,.432,.820,5,139 
5,DAL,472,160,63,21,16,21,.357,.733,3,76 
5,WAS,910,458,80,41,29,54,.466,.857,2,63 
6,MIL,3129,1806,428,374,124,204,.557,.888,20,192 
7,MIL,288,77,31,68,13,20,.405,.692,0,27 
8,ORL,1710,650,268,74,28,124,.400,.631,29,175 
9,SAS,2859,1269,363,301,120,165,.467,.851,14,188 
10,BOS,849,246,73,134,44,52,.412,.831,2,62 
11,SAC,169,38,25,13,10,7,.333,0.0,4,13 
12,HOU,2396,710,333,189,82,131,.485,.734,40,202 
13,POR,856,282,61,82,40,43,.512,.657,3,63 
14,ORL,2767,1189,343,524,135,200,.484,.884,13,155 
15,DET,2363,971,173,330,67,149,.463,.692,5,184 
16,POR,1182,311,159,98,48,48,.477,.655,21,105 
17,VAN,845,226,222,58,20,54,.367,.700,23,94 
18,MIN,463,154,29,75,13,45,.438,.778,4,48 
19,CHI,259,47,56,10,9,21,.262,.464,16,44 
20,SEA,2129,927,430,90,38,158,.423,.723,73,264 
21,POR,38,19,3,6,2,5,.432,0.0,0,2 
22,DET,1079,478,94,110,30,60,.498,.850,2,63 
23,SEA,1778,589,211,225,80,86,.630,.816,14,126 
24,SAC,1010,316,94,130,28,53,.494,.877,6,66 
25,BOS,845,260,233,16,27,37,.537,.638,60,126 
26,PHI,30,5,1,0,1,2,.357,0.0,0,1 
27,IND,574,193,74,32,7,42,.384,.735,28,73 
28,CHI,857,307,100,69,28,63,.416,.675,16,128 
29,UTA,446,178,81,22,6,28,.500,.795,6,75 
30,IND,2457,918,222,473,110,127,.464,.827,11,246 
31,VAN,3190,1301,304,685,107,248,.500,.761,12,148 
32,MIN,1790,713,158,260,51,111,.485,.842,11,178 
33,GSW,2352,760,272,462,163,128,.441,.697,20,134 
34,TOT,1305,313,400,59,42,73,.446,.614,22,165 
34,PHO,387,54,85,8,13,18,.489,.533,5,75 
34,GSW,918,259,315,51,29,55,.437,.632,17,90 
35,BOS,1098,248,231,32,39,62,.505,.697,76,183 
36,TOR,34,0,3,5,2,4,.000,0.0,0,3 
37,CLE,19,8,7,0,0,1,.500,1.000,2,4 
38,TOT,933,293,246,42,29,53,.476,.679,111,146 
38,WAS,640,181,174,23,17,36,.440,.733,81,91 
38,DAL,293,112,72,19,12,17,.548,.606,30,55 
39,ATL,375,140,77,4,10,11,.469,.825,21,45 
40,MIA,2685,623,245,132,83,74,.452,.609,53,269 
41,DEN,696,191,113,30,37,24,.569,.614,12,95 
42,ATL,19,0,2,7,0,1,.000,0.0,0,0 
43,LAC,149,65,11,32,5,9,.405,.824,0,9 
44,DAL,2001,579,608,38,36,88,.491,.787,228,256 
45,CHI,2906,1490,746,240,71,219,.476,.708,118,243 
46,MIN,2821,1250,298,583,161,155,.465,.871,21,138 
47,TOT,339,102,54,11,9,8,.421,.647,7,37 
47,GSW,74,24,18,5,3,2,.450,.600,1,10 
47,CLE,265,78,36,6,6,6,.413,.667,6,27 
48,ORL,155,48,11,12,4,7,.500,.800,0,10 
49,CHH,2811,676,742,127,78,108,.444,.852,92,260 
50,BOS,1238,223,99,154,62,56,.422,.575,10,132 
51,TOT,208,46,21,31,8,17,.352,.533,1,21 
51,BOS,142,26,9,24,7,9,.314,.444,1,16 
51,NYK,66,20,12,7,1,8,.421,.667,0,5 
52,LAL,2783,1938,399,338,114,220,.484,.853,43,222 
53,DAL,101,19,21,3,1,5,.400,.600,2,29 
54,DAL,820,229,157,49,33,27,.443,.728,9,118 
55,DET,737,193,94,39,21,25,.561,.750,10,83 
56,PHI,573,248,74,17,17,29,.465,.828,6,68 
57,HOU,1000,354,130,42,10,12,.564,.714,9,76 
58,CHH,41,17,3,1,3,0,.533,.250,0,8 
59,MIL,1460,500,353,53,38,77,.488,.673,25,184 
60,NYK,2127,759,723,52,66,63,.525,.667,136,205 
61,CHH,2337,1022,608,104,60,144,.440,.709,140,280 
62,DET,126,31,23,3,7,9,.323,.611,2,27 
63,BOS,309,169,44,11,4,19,.549,.767,3,45 
64,MIA,1630,461,180,268,73,119,.413,.631,10,154 
65,TOR,2979,2070,416,291,114,167,.509,.765,82,205 
66,MIL,2709,1381,290,580,88,220,.488,.858,8,214 
67,HOU,624,165,141,11,13,25,.577,.649,31,89 
68,MIA,384,76,83,5,8,23,.376,.480,18,67 
69,TOT,559,261,106,20,16,32,.489,.860,7,61 
69,DET,166,75,26,7,6,9,.472,.800,3,19 
69,MIA,393,186,80,13,10,23,.497,.879,4,42 
70,DEN,153,21,20,9,4,5,.333,.500,2,14 
71,TOT,1859,362,202,355,59,156,.451,.845,15,242 
71,NYK,1309,245,138,236,37,98,.464,.848,7,160 
71,TOR,550,117,64,119,22,58,.425,.840,8,82 
72,SAC,2939,996,355,289,183,154,.454,.897,45,224 
73,TOT,1720,640,434,72,32,90,.480,.592,154,244 
73,DEN,752,227,186,34,16,48,.412,.600,44,101 
73,TOR,968,413,248,38,16,42,.522,.585,110,143 
74,DET,1268,422,132,207,49,139,.406,.708,1,153 
75,GSW,32,2,5,2,1,2,.125,0.0,0,4 
76,CHH,683,277,184,39,10,42,.420,.685,21,53 
77,CLE,804,232,48,138,27,59,.385,.857,6,87 
78,HOU,222,71,37,6,2,11,.380,.708,3,27 
79,TOT,44,15,6,10,1,2,.271,.500,0,6 
79,ATL,14,0,3,3,0,2,.000,0.0,0,0 
79,HOU,30,15,3,7,1,0,.342,.500,0,6 
80,TOR,117,20,13,4,2,3,.237,.500,0,18 
81,ATL,901,318,110,37,21,62,.463,.819,16,117 
82,CHI,1050,282,89,141,43,85,.419,.794,14,68 
83,IND,1874,822,387,92,36,136,.444,.866,50,180 
84,UTA,264,65,28,34,6,19,.369,.895,0,32 
85,GSW,1495,483,137,227,67,91,.391,.681,14,160 
86,TOT,192,63,37,3,7,16,.543,.632,9,45 
86,DAL,15,3,0,0,1,2,.250,.250,1,4 
86,GSW,177,60,37,3,6,14,.570,.733,8,41 
87,TOR,956,429,85,75,27,39,.505,.843,8,66 
88,DET,1485,356,121,132,27,61,.461,.849,3,173 
89,GSW,1038,319,250,59,17,82,.401,.532,58,123 
90,SAS,2060,745,163,304,61,109,.531,.776,14,120 
91,TOT,209,62,52,7,6,11,.490,.923,4,28 
91,TOR,140,42,33,4,2,7,.517,.923,3,20 
91,DET,69,20,19,3,4,4,.455,0.0,1,8 
92,TOR,2729,1069,787,106,22,135,.433,.754,151,230 
93,CHH,3192,1131,408,598,170,226,.472,.677,36,267 
94,POR,2162,580,606,103,44,67,.497,.632,76,199 
95,SEA,1290,361,154,137,64,77,.497,.818,12,101 
96,TOT,1692,524,139,110,35,81,.543,.871,1,121 
96,DAL,1261,371,109,61,29,56,.535,.854,1,92 
96,WAS,431,153,30,49,6,25,.563,.905,0,29 
97,MIA,70,32,7,11,5,5,.431,.875,2,7 
98,DEN,228,33,53,7,1,5,.480,.409,1,34 
99,MIN,345,132,37,28,10,24,.483,.783,7,52 
100,ORL,903,261,236,32,41,51,.554,.573,33,198 
101,TOT,922,254,82,126,26,34,.455,.932,3,78 
101,GSW,396,77,31,62,6,15,.339,1.000,0,36 
101,PHO,526,177,51,64,20,19,.528,.893,3,42 
102,PHO,2288,1005,261,160,75,101,.444,.787,17,171 
103,SAS,207,86,38,21,4,12,.446,.571,6,22 
104,VAN,2618,1142,229,233,62,162,.459,.763,27,207 
105,SAC,2420,974,673,231,87,192,.485,.691,93,242 
106,ORL,1398,490,273,65,37,59,.417,.847,41,239 
107,LAC,1237,449,89,177,41,94,.448,.698,11,107 
108,NJN,1094,338,74,144,36,79,.416,.748,4,93 
109,CHI,1305,302,69,185,32,68,.440,.737,3,99 
110,PHO,613,72,183,18,14,26,.397,.389,29,111 
111,SAS,3174,1820,997,245,70,242,.502,.618,192,247 
112,IND,263,106,24,54,17,25,.390,.897,0,17 
113,VAN,634,160,82,52,29,37,.344,.811,8,46 
114,DAL,2426,741,197,295,99,102,.472,.825,12,218 
115,TOT,281,101,78,9,5,14,.395,.698,5,48 
115,WAS,273,101,76,9,5,14,.416,.698,5,46 
115,DAL,8,0,2,0,0,0,.000,0.0,0,2 
116,CHI,936,314,81,145,48,54,.415,.778,2,99 
117,PHO,1506,299,155,131,58,60,.496,.797,12,112 
118,SAS,1229,409,170,81,23,51,.515,.714,25,80 
119,MIN,1948,772,494,93,67,108,.470,.790,74,290 
120,SEA,40,6,12,3,0,3,.286,1.000,2,13 
121,NJN,1331,251,366,40,41,53,.460,.657,58,220 
122,SEA,2107,760,585,92,53,151,.430,.685,91,229 
123,NJN,149,22,56,5,8,7,.348,.500,3,15 
124,SAS,1688,448,223,71,28,50,.568,.733,21,169 
125,DAL,3443,1765,425,360,118,190,.487,.775,32,174 
126,LAL,709,229,59,87,39,29,.479,.806,2,50 
127,CHI,1580,683,313,76,30,124,.438,.727,19,175 
128,GSW,203,100,98,5,2,10,.580,.778,0,22 
129,LAL,451,125,112,32,9,25,.432,.714,12,76 
130,IND,1152,249,389,33,39,52,.474,.516,28,152 
131,LAL,2291,787,325,262,70,136,.536,.779,29,225 
132,GSW,1457,342,405,48,31,79,.416,.441,156,136 
133,HOU,3194,1591,553,517,141,265,.506,.817,31,274 
134,MIA,77,28,18,1,3,3,.286,1.000,2,10 
135,SAC,698,288,196,17,9,32,.496,.623,13,44 
136,TOT,73,16,29,5,3,5,.318,.250,2,14 
136,PHO,62,16,22,4,2,5,.467,.250,1,14 
136,GSW,11,0,7,1,1,0,.000,0.0,1,0 
137,GSW,149,19,12,18,7,9,.189,.833,1,18 
138,MIN,3202,1784,921,401,111,230,.484,.764,145,204 
139,MIN,831,177,217,24,26,25,.481,.692,49,93 
140,ORL,1579,628,210,51,40,68,.471,.867,15,241 
141,CLE,1670,842,391,61,52,119,.468,.684,27,185 
142,PHI,542,213,139,14,12,25,.393,.685,8,73 
143,LAL,593,182,110,19,15,34,.345,.709,15,87 
144,NJN,152,39,9,24,4,10,.427,.800,1,9 
145,NJN,892,283,131,87,47,48,.337,.722,7,64 
146,ATL,929,338,131,69,49,54,.433,.681,10,92 
147,DEN,201,82,12,34,9,15,.431,.765,0,13 
148,CHI,133,19,21,6,2,8,.417,.571,1,14 
149,MIA,2771,1250,718,101,60,170,.479,.797,71,293 
150,POR,17,10,0,1,0,0,.714,0.0,0,1 
151,LAL,2390,657,545,121,51,48,.462,.775,61,181 
152,MIA,1411,367,313,39,30,45,.444,.712,8,119 
153,BOS,377,93,87,27,18,18,.387,.750,5,45 
154,PHO,1159,362,255,55,47,51,.396,.792,21,110 
155,CHI,630,198,36,64,9,24,.477,.833,5,35 
156,MIL,540,109,121,25,17,33,.500,.592,21,85 
157,WAS,2519,1411,238,224,75,201,.454,.868,10,203 
158,LAC,19,9,8,0,0,2,.222,.625,0,4 
159,MIN,30,7,4,1,0,3,.300,.500,0,8 
160,PHO,112,39,18,15,6,3,.444,.636,1,6 
161,MIA,2613,1150,204,483,90,189,.482,.801,6,155 
162,LAL,1139,307,166,113,39,62,.504,.708,25,70 
163,CLE,1615,623,242,102,42,90,.467,.812,17,161 
164,IND,1892,586,381,130,63,148,.445,.656,18,223 
165,TOT,1815,665,388,56,34,145,.487,.763,45,237 
165,VAN,1267,480,289,36,19,104,.466,.779,26,136 
165,NYK,548,185,99,20,15,41,.554,.729,19,101 
166,NJN,2071,683,288,135,74,64,.462,.770,16,127 
167,MIL,10,2,0,1,0,2,1.000,0.0,0,0 
168,POR,72,31,14,4,1,3,.464,.833,6,10 
169,DAL,65,22,20,2,3,7,.571,.375,1,15 
170,CHH,681,183,80,72,33,19,.471,.857,9,45 
171,CLE,76,8,5,13,2,6,.444,0.0,0,13 
172,ATL,1810,769,406,50,51,126,.444,.638,29,164 
173,CLE,961,235,90,79,29,63,.391,.652,23,101 
174,BOS,408,83,21,56,14,20,.385,.750,0,43 
175,ORL,133,55,25,25,5,11,.453,.615,2,9 
176,PHI,2363,728,687,48,37,127,.474,.630,27,242 
177,CHI,2247,673,308,263,98,74,.542,.866,12,155 
178,LAL,1587,407,296,128,54,79,.458,.711,54,210 
179,MIA,550,251,42,52,13,35,.460,.686,0,58 
180,NYK,2858,1459,283,173,52,161,.488,.909,10,190 
181,TOT,2974,1462,572,224,75,242,.479,.773,37,292 
181,WAS,1981,981,379,154,46,169,.474,.770,21,186 
181,DAL,993,481,193,70,29,73,.488,.780,16,106 
182,ORL,1008,357,105,162,37,92,.366,.817,3,82 
183,GSW,1846,823,276,223,96,152,.391,.766,29,147 
184,MIL,2002,825,169,222,102,68,.478,.802,12,172 
185,CLE,616,281,160,18,15,60,.487,.679,37,78 
186,PHI,2979,2207,273,325,178,237,.447,.814,20,147 
187,SAC,1648,566,246,161,87,103,.476,.739,7,139 
188,SAS,114,39,12,7,5,3,.488,.000,0,13 
189,TOT,1690,643,224,163,53,130,.399,.822,10,139 
189,ATL,550,243,79,50,19,48,.392,.859,4,42 
189,CLE,1140,400,145,113,34,82,.402,.786,6,97 
190,GSW,1410,633,361,59,34,93,.471,.802,27,138 
191,TOT,2588,631,305,661,84,175,.479,.785,7,139 
191,TOR,1802,461,185,498,63,117,.493,.842,7,83 
191,NYK,786,170,120,163,21,58,.447,.529,0,56 
192,NJN,1660,635,208,140,86,130,.470,.719,14,166 
193,MIN,59,20,6,4,3,0,.500,.667,0,19 
194,CHH,197,45,35,8,2,8,.317,.857,5,27 
195,GSW,3394,2044,715,164,114,199,.459,.715,28,225 
196,TOT,511,130,44,78,23,34,.352,.697,6,62 
196,ATL,279,64,23,34,17,20,.366,.706,5,41 
196,CLE,232,66,21,44,6,14,.340,.688,1,21 
197,SAS,1290,310,85,237,33,60,.448,.683,4,90 
198,ATL,1313,397,178,64,43,93,.427,.736,30,134 
199,MIL,1981,266,613,40,44,47,.545,.538,97,257 
200,NYK,2105,645,363,127,39,97,.454,.797,29,209 
201,VAN,1415,461,124,224,36,76,.510,.712,1,58 
202,MIA,2282,1094,292,171,110,135,.497,.844,58,183 
203,PHI,866,304,189,32,30,39,.480,.755,15,68 
204,WAS,638,162,220,31,19,21,.395,.745,8,95 
205,TOT,16,2,2,1,0,2,.200,.000,1,1 
205,TOR,8,2,2,1,0,1,.500,0.0,0,1 
205,DEN,8,0,0,0,0,1,.000,.000,1,0 
206,GSW,836,168,209,36,28,40,.406,.619,20,102 
207,POR,1083,441,259,65,45,99,.412,.771,23,184 
208,SAS,650,181,35,57,16,21,.525,.933,1,30 
209,MIL,243,72,45,15,14,6,.464,.500,8,36 
210,IND,7,0,0,1,0,2,0.0,0.0,0,0 
211,PHO,3065,1299,494,753,166,286,.443,.814,23,171 
212,WAS,706,216,129,31,14,47,.511,.800,11,94 
213,TOT,1457,333,168,311,101,91,.376,.818,4,155 
213,CLE,93,9,7,25,6,7,.133,.833,1,17 
213,ATL,1364,324,161,286,95,84,.386,.817,3,138 
214,NYK,256,29,53,5,5,10,.189,.500,11,47 
215,TOT,1597,721,259,199,48,111,.533,.631,11,98 
215,PHI,979,386,162,93,35,60,.506,.591,6,62 
215,ATL,618,335,97,106,13,51,.567,.681,5,36 
216,TOT,1663,728,365,124,71,137,.506,.833,46,242 
216,DAL,930,398,212,67,40,70,.512,.817,27,159 
216,WAS,733,330,153,57,31,67,.498,.844,19,83 
217,DEN,2457,1008,607,107,37,97,.508,.698,206,290 
218,CLE,1116,389,89,81,38,52,.513,.895,9,114 
219,HOU,241,90,41,4,7,8,.374,.552,1,16 
220,DEN,2331,972,231,190,65,102,.484,.797,18,170 
221,UTA,402,124,47,18,10,17,.443,.714,10,78 
222,SEA,2720,1151,541,125,91,129,.550,.826,45,191 
223,GSW,7,0,1,1,0,0,.000,0.0,0,0 
224,SAC,20,0,8,1,0,2,.000,.000,3,5 
225,VAN,1507,396,274,83,72,62,.445,.713,15,160 
226,NYK,301,49,66,7,3,22,.333,.765,9,51 
227,TOT,1565,550,234,107,62,83,.461,.699,30,156 
227,WAS,1108,380,160,73,41,56,.445,.732,18,110 
227,MIN,457,170,74,34,21,27,.497,.576,12,46 
228,LAL,468,130,32,45,19,27,.474,.792,0,54 
229,PHI,2649,686,590,139,99,109,.457,.719,30,222 
230,PHI,597,260,168,10,7,27,.589,.636,19,96 
231,MIA,76,31,18,4,5,10,.550,.750,1,9 
232,LAL,641,137,152,24,8,27,.491,.703,8,111 
233,LAC,1359,690,291,82,35,106,.479,.774,9,140 
234,CHH,1095,339,295,27,18,61,.450,.655,78,139 
235,MIA,1306,267,166,88,53,35,.446,.818,15,98 
236,UTA,2895,1878,669,361,93,244,.499,.793,62,216 
237,ATL,1403,369,117,154,56,70,.493,.765,5,94 
238,UTA,1305,603,214,92,47,96,.501,.729,29,219 
239,NJN,2557,1598,205,506,79,197,.484,.790,5,150 
240,PHO,2857,1369,848,160,132,129,.489,.810,108,211 
241,UTA,2326,1100,566,133,85,128,.527,.751,78,196 
242,SAC,176,103,16,14,7,10,.474,.886,0,27 
243,NJN,2272,814,502,131,78,138,.446,.630,113,281 
244,CHH,2989,1528,576,411,85,211,.450,.766,13,185 
245,MIA,3254,1290,770,248,80,179,.482,.781,25,231 
246,SEA,1522,463,249,63,39,53,.451,.736,20,146 
247,VAN,823,233,210,9,10,48,.462,.700,28,122 
248,TOT,660,201,66,49,21,35,.404,.656,3,64 
248,PHI,375,120,37,29,12,18,.420,.682,0,33 
248,DAL,285,81,29,20,9,17,.383,.600,3,31 
249,BOS,478,131,81,39,14,20,.433,.786,7,82 
250,DEN,58,18,17,1,0,3,.500,.000,2,11 
251,DEN,2007,729,224,279,53,117,.440,.840,27,165 
252,SEA,1143,317,251,57,18,75,.523,.441,49,141 
253,DEN,2555,1458,845,146,43,162,.495,.700,102,220 
254,ORL,3087,2065,580,352,116,198,.474,.733,118,160 
255,NJN,193,28,35,4,7,9,.357,.667,15,35 
256,LAC,2831,1046,220,447,75,113,.491,.807,7,199 
257,IND,987,145,176,74,48,47,.456,.778,13,136 
258,PHI,2394,878,311,377,106,203,.511,.768,8,178 
259,TOT,922,337,120,58,23,58,.440,.882,8,90 
259,ATL,907,335,118,58,23,57,.439,.882,8,88 
259,PHI,15,2,2,0,0,1,.500,0.0,0,2 
260,TOT,595,262,79,38,25,47,.509,.724,4,80 
260,PHO,308,112,48,16,12,23,.490,.750,3,48 
260,GSW,287,150,31,22,13,24,.525,.706,1,32 
261,LAL,39,32,9,2,1,3,.500,.583,1,9 
262,CHI,2535,1202,236,201,78,129,.452,.825,27,148 
263,CLE,1166,446,280,16,20,80,.442,.794,53,156 
264,LAC,2133,761,477,99,51,147,.506,.521,125,191 
265,CLE,2848,1296,360,657,119,265,.461,.833,28,229 
266,TOT,11,2,2,0,0,1,.500,0.0,0,1 
266,ATL,6,2,2,0,0,1,.500,0.0,0,0 
266,HOU,3,0,0,0,0,0,0.0,0.0,0,1 
266,PHI,2,0,0,0,0,0,0.0,0.0,0,0 
267,CHI,1434,505,419,107,33,73,.437,.743,38,176 
268,ORL,2390,975,327,140,51,97,.523,.711,19,200 
269,IND,3181,1527,285,260,81,133,.512,.928,15,162 
270,GSW,493,180,93,18,9,20,.390,.861,5,43 
271,IND,113,25,21,5,3,10,.368,0.0,1,20 
272,MIN,983,285,123,57,26,36,.424,.727,10,117 
273,HOU,3002,1538,397,195,84,165,.471,.831,26,169 
274,TOT,912,441,307,19,29,64,.477,.706,35,113 
274,PHI,196,96,55,2,6,9,.466,.500,7,40 
274,ATL,716,345,252,17,23,55,.480,.765,28,73 
275,BOS,135,35,42,3,3,18,.400,.423,4,29 
276,TOT,649,120,173,19,11,41,.406,.258,26,115 
276,DET,568,107,144,15,8,37,.413,.269,23,100 
276,TOR,81,13,29,4,3,4,.353,.200,3,15 
277,DET,1154,359,316,33,24,74,.493,.731,61,202 
278,ATL,989,319,174,25,11,67,.444,.811,9,163 
279,MIA,306,177,101,12,4,28,.518,.564,31,24 
280,GSW,374,115,41,19,16,19,.429,.857,10,28 
281,CLE,2225,998,340,124,83,141,.456,.735,27,173 
282,TOT,588,257,81,23,12,26,.452,.786,7,53 
282,DEN,135,50,22,9,4,6,.373,.900,1,8 
282,TOR,453,207,59,14,8,20,.474,.750,6,45 
283,TOT,2591,749,1015,76,29,144,.484,.725,203,204 
283,ATL,1716,445,693,54,20,92,.477,.695,137,139 
283,PHI,875,304,322,22,9,52,.495,.759,66,65 
284,TOR,10,4,2,0,0,0,.250,1.000,0,3 
285,CHH,469,164,92,24,9,27,.485,.744,5,60 
286,DAL,431,131,95,27,13,17,.527,.424,8,48 
287,DAL,2387,1092,223,509,72,205,.544,.895,5,158 
288,TOT,1556,512,173,76,51,65,.403,.802,20,155 
288,LAC,333,108,42,11,10,10,.366,.783,4,28 
288,WAS,1223,404,131,65,41,55,.414,.807,16,127 
289,MIN,1233,328,286,45,25,55,.461,.523,63,189 
290,SAS,184,54,35,6,2,7,.418,.500,4,18 
291,NJN,2049,895,176,115,63,106,.461,.855,10,229 
292,HOU,1654,544,198,283,69,107,.476,.778,2,84 
293,DAL,3125,1784,754,173,79,156,.534,.838,101,245 
294,IND,2641,1041,794,98,49,161,.465,.601,228,280 
295,LAL,2924,2125,940,277,47,218,.572,.513,204,256 
296,TOR,2767,748,741,264,76,139,.395,.836,48,258 
297,LAC,2836,1304,592,392,74,264,.498,.679,122,236 
298,HOU,1545,689,431,72,70,81,.498,.621,88,141 
299,TOT,925,216,95,146,30,49,.398,.708,1,84 
299,NJN,161,22,23,25,5,9,.185,.632,0,14 
299,PHI,764,194,72,121,25,40,.433,.729,1,70 
300,LAC,2127,701,525,46,30,169,.435,.545,108,250 
301,UTA,1491,363,415,22,22,63,.496,.556,142,215 
302,ORL,2534,582,619,225,105,141,.615,.573,137,241 
303,TOT,475,125,39,72,8,31,.414,.625,0,37 
303,BOS,144,38,15,19,4,13,.352,.636,0,15 
303,CHH,15,4,0,0,1,3,1.000,0.0,0,2 
303,NJN,316,83,24,53,3,15,.430,.600,0,20 
304,DET,793,198,205,55,32,39,.389,.475,12,93 
305,SEA,221,45,67,2,7,11,.486,.750,10,40 
306,DEN,1260,479,137,293,65,135,.439,.766,1,114 
307,UTA,127,56,39,5,6,10,.477,.750,3,21 
308,BOS,1141,342,102,151,48,80,.494,.848,0,83 
309,ATL,1,0,0,0,0,0,0.0,0.0,0,0 
310,TOT,1054,299,229,46,25,41,.489,.705,36,122 
310,WAS,178,48,40,7,6,10,.474,.706,11,20 
310,LAC,876,251,189,39,19,31,.492,.704,25,102 
311,SEA,2059,988,382,161,103,155,.495,.681,45,176 
312,SEA,3244,1823,361,642,127,209,.488,.766,26,184 
313,MIN,2126,791,192,192,91,105,.489,.862,18,166 
314,LAL,851,267,63,71,22,34,.538,.903,2,57 
315,POR,58,14,18,2,3,0,.667,.500,2,8 
316,IND,999,242,168,41,33,19,.465,.842,18,61 
317,TOT,499,147,46,79,22,38,.468,.727,1,29 
317,ORL,39,10,4,5,3,6,.455,0.0,0,1 
317,PHO,460,137,42,74,19,32,.469,.727,1,28 
318,CLE,958,314,130,64,27,40,.497,.800,11,62 
319,TOR,1809,747,259,105,63,78,.478,.717,20,164 
320,LAC,2144,860,241,96,46,76,.522,.873,19,123 
321,BOS,3120,2071,522,253,138,262,.503,.745,69,251 
322,POR,2133,721,333,294,94,154,.505,.739,35,158 
323,SAC,1658,498,465,47,48,66,.468,.749,97,206 
324,UTA,1619,429,378,31,27,78,.496,.262,77,241 
325,MIL,942,151,147,38,16,17,.454,.629,26,140 
326,GSW,1147,440,189,61,45,59,.389,.667,6,111 
327,SAS,1678,573,201,251,52,104,.547,.793,11,88 
328,DEN,2255,666,431,163,93,102,.467,.816,40,226 
329,NYK,169,59,25,5,4,17,.343,.815,2,12 
330,BOS,1901,611,495,64,52,105,.476,.728,23,228 
331,VAN,30,13,4,5,2,4,.318,.857,0,8 
332,WAS,605,152,64,89,36,46,.419,.733,11,43 
333,MIL,270,27,71,2,3,13,.343,.273,30,56 
334,PHI,1800,621,413,58,30,126,.499,.760,187,165 
335,CHH,403,103,50,39,6,27,.390,.778,1,30 
336,MIL,35,13,4,1,1,1,.263,.500,0,2 
337,VAN,1832,622,452,80,43,90,.461,.796,54,243 
338,ORL,764,210,242,21,23,48,.566,.613,54,190 
339,CLE,39,10,8,1,2,1,.400,.750,1,4 
340,NYK,2212,899,307,89,41,96,.495,.852,13,179 
341,LAC,1358,613,257,62,42,64,.490,.627,7,98 
342,WAS,1216,598,109,111,43,84,.451,.894,7,86 
343,LAL,1206,507,156,111,27,98,.462,.855,7,105 
344,CHH,13,0,1,1,0,2,.000,0.0,0,3 
345,PHO,2751,1345,334,237,87,186,.460,.709,82,258 
346,SAS,2371,1151,691,116,80,122,.486,.747,197,212 
347,CHH,1201,498,198,59,50,43,.533,.727,32,66 
348,MIL,2813,1674,526,252,86,219,.487,.820,62,191 
349,MIA,72,6,11,2,6,3,.136,0.0,0,7 
350,ORL,50,10,8,0,4,4,.455,0.0,1,5 
351,TOT,632,199,87,36,28,25,.484,.875,2,46 
351,CLE,1,0,0,0,0,1,0.0,0.0,0,0 
351,ATL,631,199,87,36,28,24,.484,.875,2,46 
352,HOU,544,179,139,9,10,17,.682,.558,18,33 
353,PHO,2183,998,359,180,97,157,.462,.761,47,269 
354,LAC,1553,446,303,77,34,73,.429,.748,64,197 
355,IND,2943,1478,359,435,65,211,.480,.828,43,230 
356,SAS,1219,437,308,48,59,74,.439,.713,40,148 
357,CHI,879,119,262,39,30,46,.444,.506,38,131 
358,UTA,2473,933,330,160,96,113,.508,.779,20,229 
359,POR,1299,616,331,91,40,85,.480,.776,62,137 
360,NJN,226,46,53,1,2,4,.375,.417,14,23 
361,TOT,150,20,15,41,11,6,.321,1.000,1,21 
361,ATL,34,0,1,5,2,3,.000,0.0,0,3 
361,PHI,116,20,14,36,9,3,.429,1.000,1,18 
362,PHO,581,170,102,11,17,47,.478,.689,21,101 
363,POR,397,104,78,44,7,28,.426,.852,3,43 
364,SAS,144,43,50,4,5,11,.415,.409,6,23 
365,LAL,1833,421,304,258,49,97,.450,.797,27,159 
366,LAC,584,160,168,18,14,32,.398,.542,11,61 
367,MIN,686,254,186,26,18,43,.514,.673,9,126 
368,SAC,66,26,8,6,4,3,.500,.667,0,7 
369,DET,1941,847,491,79,47,88,.403,.805,50,258 
370,WAS,1610,301,562,101,57,62,.486,.578,37,156 
371,WAS,180,51,22,10,5,7,.347,.625,3,8 
372,POR,2542,1105,272,213,48,137,.505,.890,24,203 
373,ATL,78,17,3,10,7,9,.348,.500,0,12 
374,PHI,1740,491,166,369,77,124,.424,.792,7,123 
375,NYK,113,39,35,2,2,11,.600,.600,2,24 
376,NYK,3017,1364,347,269,106,218,.447,.783,28,159 
377,DET,3215,2380,315,410,97,326,.445,.822,54,160 
378,UTA,2122,699,154,178,73,94,.445,.802,10,217 
379,NJN,280,82,109,16,10,19,.324,.735,11,47 
380,UTA,293,89,28,18,10,28,.346,.684,2,29 
381,TOR,123,33,29,2,4,5,.324,.611,3,19 
382,BOS,2504,756,284,168,93,90,.475,.845,14,182 
383,UTA,2397,944,227,713,132,203,.551,.817,21,194 
384,SAC,2905,1529,434,164,91,146,.531,.856,13,144 
385,POR,2655,1066,303,468,106,191,.478,.831,8,202 
386,TOT,830,260,128,95,44,48,.360,.861,2,88 
386,NYK,421,120,52,29,22,21,.366,.857,1,46 
386,VAN,409,140,76,66,22,27,.353,.863,1,42 
387,TOT,719,252,161,24,16,34,.433,.643,22,72 
387,DEN,517,201,120,17,12,24,.443,.627,19,58 
387,NJN,202,51,41,7,4,10,.398,.727,3,14 
388,TOT,1371,498,140,303,53,107,.429,.751,5,76 
388,WAS,1020,401,105,231,43,83,.432,.782,4,55 
388,POR,351,97,35,72,10,24,.418,.577,1,21 
389,LAC,491,118,108,7,14,22,.385,.757,1,30 
390,IND,120,43,23,2,2,3,.488,.600,4,21 
391,GSW,1684,586,227,242,54,160,.435,.714,8,127 
392,VAN,1312,391,284,28,62,64,.451,.603,82,160 
393,MIN,2856,1145,447,260,59,138,.524,.870,33,226 
394,IND,777,216,213,33,10,57,.527,.426,30,125 
395,CHI,598,103,122,31,7,38,.394,.758,19,95 
396,HOU,1972,899,378,104,28,125,.489,.735,38,208 
397,ATL,3089,1619,269,403,104,239,.481,.846,12,204 
398,NJN,56,13,9,0,3,6,.342,0.0,0,6 
399,HOU,1820,528,417,77,40,116,.470,.722,43,178 
400,NYK,2125,800,515,63,61,99,.512,.814,69,287 
401,MIL,2086,954,313,138,78,114,.501,.771,45,194 
402,CHH,647,138,145,29,12,32,.450,.833,7,108 
403,CLE,1212,402,300,63,49,98,.497,.567,76,204 
404,DAL,319,133,92,10,13,22,.438,.528,8,52 
405,PHO,947,256,242,19,10,66,.470,.593,55,137 
406,SAC,1245,391,210,69,52,55,.454,.777,24,139 
407,DEN,2688,1259,241,600,61,165,.474,.819,18,109 
408,NJN,1733,831,347,82,40,103,.481,.806,20,150 
409,WAS,411,122,37,66,23,37,.418,.600,3,44 
410,UTA,1620,498,150,323,48,129,.471,.780,3,145 
411,TOT,549,168,173,23,21,26,.473,.800,7,74 
411,DAL,392,114,123,16,15,18,.455,.667,5,61 
411,WAS,157,54,50,7,6,8,.521,1.000,2,13 
412,CHI,143,30,34,5,5,12,.440,.571,6,38 
413,BOS,3396,1892,719,445,138,301,.478,.716,49,251 
414,SAS,963,321,243,29,10,68,.482,.629,41,103 
415,DET,2760,511,1052,123,107,117,.491,.336,186,192 
416,DET,527,237,83,23,13,36,.428,.778,16,72 
417,POR,2940,1477,602,212,90,158,.523,.766,135,206 
418,NYK,1492,433,159,273,70,112,.505,.800,10,132 
419,CLE,2774,924,796,103,85,112,.501,.790,105,171 
420,SAC,2836,1898,777,294,93,195,.481,.703,118,226 
421,POR,1995,950,367,208,94,169,.545,.663,20,203 
422,CHH,3106,1414,224,361,128,171,.461,.799,16,220 
423,VAN,171,28,15,14,3,4,.289,.857,4,21 
424,WAS,1609,583,521,20,32,136,.498,.567,111,211 
425,WAS,1532,558,106,248,55,103,.486,.894,3,150 
426,NJN,2336,838,590,88,59,132,.457,.787,113,319 
427,TOR,2394,802,212,407,123,103,.452,.752,26,171 
428,BOS,1745,535,207,112,64,76,.413,.714,13,179 
429,SAC,2290,720,185,416,94,160,.478,.789,9,114 
430,TOT,1182,372,382,45,57,63,.463,.741,20,124 
430,DET,804,241,278,32,39,47,.438,.722,10,81 
430,TOR,378,131,104,13,18,16,.516,.778,10,43 
431,ORL,1211,410,243,79,29,85,.446,.639,16,136 
432,MIL,1272,403,364,35,48,41,.475,.857,32,178 
433,SEA,1238,467,132,190,31,82,.520,.875,4,83 
434,HOU,1583,599,245,97,30,73,.489,.770,28,153 
435,TOT,1686,801,321,61,50,110,.502,.637,21,185 
435,TOR,886,390,153,33,15,65,.471,.646,13,98 
435,DET,800,411,168,28,35,45,.534,.626,8,87 
436,TOT,1830,722,532,50,57,87,.441,.769,52,216 
436,TOR,771,309,223,21,19,40,.461,.753,21,78 
436,DEN,1059,413,309,29,38,47,.429,.788,31,138 
437,SEA,9,6,0,2,0,0,1.000,0.0,0,1 
438,SEA,305,75,46,3,6,12,.316,.735,18,38 
439,CHI,2363,907,294,228,152,159,.428,.750,45,254 
440,ATL,1988,881,535,87,42,125,.448,.718,63,232 
