Rk,Tm,MP,PTS,TRB,AST,STL,TOV,2P%,FT%,BLK,PF 
1,LAL,2441,1366,523,203,49,186,.565,.714,97,245 
2,PHO,1690,756,338,223,62,139,.504,.788,37,207 
3,WSB,1303,453,123,244,85,81,.454,.847,6,88 
4,PHO,711,359,106,45,27,54,.463,.797,7,75 
5,DAL,2663,2056,427,254,84,217,.510,.770,30,243 
6,BOS,2499,1053,242,400,101,141,.498,.897,14,189 
7,DEN,1110,503,214,74,22,56,.495,.663,28,138 
8,HOU,312,144,79,33,7,19,.447,.759,3,37 
9,IND,721,363,151,54,31,55,.481,.787,3,65 
10,CLE,2182,768,252,379,91,163,.447,.831,7,114 
11,NJN,542,282,137,20,12,54,.469,.725,23,119 
12,UTA,2155,1116,432,102,38,123,.448,.805,88,150 
13,GSW,1579,579,340,108,50,70,.445,.747,15,167 
14,CHI,1822,610,308,170,52,113,.545,.767,17,173 
15,PHI,2740,1564,994,331,119,322,.643,.761,104,252 
16,ATL,804,381,60,124,29,60,.472,.738,5,76 
17,PHO,979,334,246,57,18,85,.398,.581,37,125 
18,LAC,2230,828,586,135,60,184,.450,.715,187,251 
19,UTA,895,329,231,39,39,45,.447,.810,28,138 
20,TOT,1586,1001,309,105,38,153,.533,.649,40,196 
20,POR,19,13,7,1,2,0,.750,1.000,0,8 
20,SAS,1567,988,302,104,36,153,.531,.648,40,188 
21,POR,51,14,18,1,2,3,.400,.600,2,5 
22,BOS,3005,2076,682,566,135,240,.547,.910,70,185 
23,NJN,127,44,7,17,3,9,.463,.667,0,16 
24,DAL,160,53,36,13,4,15,.392,.464,9,33 
25,DAL,2758,1676,278,266,64,174,.497,.884,21,142 
26,WSB,1552,251,362,11,20,61,.448,.672,302,189 
27,POR,163,80,33,9,1,15,.455,.667,10,19 
28,MIL,900,212,102,66,105,34,.387,.810,8,118 
29,LAL,219,138,53,16,16,24,.511,.778,3,39 
30,MIL,1467,600,350,47,56,100,.485,.584,61,229 
31,TOT,487,176,116,17,20,32,.525,.714,6,118 
31,LAL,404,146,97,12,14,25,.564,.678,4,105 
31,SAS,83,30,19,5,6,7,.385,.909,2,13 
32,MIL,418,175,52,35,10,15,.473,.800,2,50 
33,SAS,29,9,4,2,1,2,.444,.500,0,3 
34,IND,148,33,28,11,9,11,.351,.700,0,19 
35,CHI,818,258,214,24,20,59,.527,.639,7,129 
36,NJN,2339,873,219,259,89,153,.447,.738,14,273 
37,LAC,2922,1255,922,131,99,171,.522,.730,67,221 
38,DET,332,138,58,19,12,34,.401,.615,1,40 
39,BOS,297,80,30,35,8,25,.329,.750,0,28 
40,ATL,695,342,156,34,14,40,.508,.709,48,146 
41,POR,1443,528,499,83,29,103,.506,.746,13,159 
42,GSW,2724,1720,589,214,92,226,.472,.787,123,255 
43,NYK,1989,1016,445,96,40,128,.531,.790,26,188 
44,WSB,2149,1025,560,56,43,145,.497,.594,14,195 
45,SEA,3018,1909,545,245,81,268,.466,.849,50,307 
46,PHI,2624,1061,215,538,180,173,.533,.777,15,109 
47,CHI,27,4,5,4,2,1,.200,0.0,0,1 
48,NJN,1029,452,288,37,32,94,.583,.727,31,200 
49,MIL,57,25,15,2,2,5,.357,.714,1,11 
50,TOT,1322,424,108,210,56,70,.434,.766,12,99 
50,CHI,473,131,42,94,19,32,.368,.846,6,38 
50,PHI,849,293,66,116,37,38,.470,.721,6,61 
51,WSB,1420,614,145,151,98,96,.439,.796,17,136 
52,LAL,2253,859,254,373,78,102,.461,.851,43,199 
53,DEN,1561,549,473,68,13,78,.451,.725,101,257 
54,TOT,1170,404,215,97,55,66,.411,.734,5,129 
54,SAS,732,275,119,80,38,46,.428,.731,3,81 
54,CLE,438,129,96,17,17,20,.372,.737,2,48 
55,CHI,2287,683,540,209,38,114,.479,.736,87,202 
56,NYK,1056,423,312,38,26,85,.450,.718,7,145 
57,MIL,2770,1707,700,229,129,172,.512,.662,81,296 
58,TOT,1973,568,452,122,33,80,.478,.539,56,188 
58,CHI,1105,297,227,70,15,45,.469,.534,26,102 
58,LAC,868,271,225,52,18,35,.489,.544,30,86 
59,UTA,636,325,78,58,27,44,.459,.789,4,86 
60,LAC,924,520,83,79,43,71,.414,.768,8,113 
61,DET,2736,1742,332,162,63,181,.536,.812,7,193 
62,CLE,2695,1253,647,304,49,248,.538,.696,63,248 
63,DAL,1582,577,114,373,63,114,.506,.860,10,159 
64,PHO,2646,1867,244,364,96,226,.529,.862,5,184 
65,NJN,106,57,19,2,2,15,.625,.708,3,25 
66,SAS,1682,835,169,290,67,120,.446,.801,3,118 
67,TOT,731,236,125,76,25,57,.500,.523,7,100 
67,CHI,7,0,1,1,0,1,0.0,0.0,0,2 
67,BOS,724,236,124,75,25,56,.500,.523,7,98 
68,DAL,3028,889,973,63,51,104,.586,.812,136,191 
69,SAC,98,14,14,17,9,9,.304,.000,0,9 
70,IND,128,42,43,7,2,7,.432,.833,2,42 
71,LAC,1566,741,103,326,60,151,.463,.837,2,107 
72,POR,3114,1782,518,566,204,253,.511,.760,71,281 
73,TOT,875,352,223,29,21,78,.478,.687,21,192 
73,SAS,122,45,31,6,5,4,.400,.643,3,27 
73,POR,753,307,192,23,16,74,.493,.692,18,165 
74,DET,2439,931,167,352,83,171,.495,.748,5,194 
75,DEN,1932,272,265,147,100,33,.431,.655,21,160 
76,UTA,2505,608,697,105,43,142,.400,.657,321,273 
77,SAC,26,4,1,0,1,2,.125,1.000,0,6 
78,SAC,122,28,10,29,5,17,.321,.714,0,7 
79,PHO,304,168,60,19,6,15,.518,.771,7,42 
80,CLE,890,273,161,92,40,61,.448,.707,30,80 
81,SEA,3073,2041,447,238,104,238,.546,.787,32,267 
82,TOT,195,58,57,8,5,12,.451,.750,11,33 
82,POR,17,11,8,1,1,2,.500,1.000,1,0 
82,MIL,48,7,16,3,1,0,.250,1.000,1,10 
82,NJN,130,40,33,4,3,10,.516,.667,9,23 
83,DEN,3085,2345,344,422,73,214,.504,.844,21,216 
84,PHI,1918,1005,264,191,76,158,.484,.813,94,137 
85,DEN,1567,817,128,185,79,107,.502,.780,12,149 
86,NYK,2206,1356,555,104,89,229,.507,.713,147,248 
87,HOU,498,229,117,22,9,38,.438,.746,4,83 
88,TOT,883,394,148,61,32,53,.459,.777,11,123 
88,MIL,22,13,2,1,1,1,.750,.200,0,3 
88,LAC,861,381,146,60,31,52,.452,.809,11,120 
89,IND,2549,980,334,473,109,167,.513,.788,18,222 
90,GSW,3064,1541,268,848,146,280,.512,.860,18,199 
91,PHI,285,116,19,30,5,18,.325,.766,4,26 
92,PHO,1104,404,270,36,24,88,.481,.632,33,178 
93,SAS,2405,934,579,150,39,178,.597,.680,95,235 
94,MIL,34,15,2,1,1,0,.385,.714,0,3 
95,NJN,2272,1179,630,99,52,129,.457,.846,69,159 
96,PHO,836,349,110,81,25,56,.463,.701,4,91 
97,LAC,1130,526,126,139,61,102,.416,.737,13,106 
98,NYK,166,49,17,27,7,22,.392,.818,1,17 
99,IND,456,110,129,26,10,36,.406,.718,28,93 
100,LAL,2240,852,615,84,70,102,.543,.780,80,171 
101,PHI,172,64,28,7,4,15,.357,.737,2,8 
102,UTA,2090,781,163,541,110,133,.470,.827,2,108 
103,DET,1792,631,653,62,41,127,.474,.672,50,197 
104,SAS,2587,916,783,237,71,161,.513,.785,50,248 
105,UTA,1843,1142,227,129,97,135,.473,.703,29,167 
106,UTA,1453,696,203,102,44,77,.460,.760,6,146 
107,DEN,1990,952,256,280,87,132,.428,.786,28,245 
108,DAL,2556,1230,199,609,167,138,.539,.684,25,195 
109,CLE,3064,1874,392,394,209,345,.470,.684,84,247 
110,HOU,1174,613,170,100,37,74,.425,.854,16,111 
111,ATL,256,71,70,13,10,13,.375,.793,7,35 
112,TOT,16,11,8,0,0,4,.500,1.000,0,2 
112,ATL,10,5,3,0,0,1,.400,1.000,0,1 
112,MIL,6,6,5,0,0,3,.667,1.000,0,1 
113,TOT,2045,805,175,471,101,172,.467,.826,11,208 
113,SEA,155,67,9,32,6,15,.532,.944,0,17 
113,NYK,1890,738,166,439,95,157,.462,.816,11,191 
114,MIL,36,12,7,0,1,6,.308,1.000,1,12 
115,GSW,45,8,3,11,1,4,.375,1.000,0,9 
116,TOT,323,122,34,35,9,26,.351,.630,1,34 
116,HOU,92,24,7,8,3,9,.318,.700,0,7 
116,BOS,231,98,27,27,6,17,.361,.588,1,27 
117,GSW,1497,631,237,96,40,76,.534,.833,21,145 
118,PHI,2489,1059,488,60,45,149,.478,.758,161,281 
119,MIL,2147,846,140,240,76,124,.507,.891,7,189 
120,POR,479,191,38,73,16,41,.426,.800,2,51 
121,PHO,1561,424,184,361,70,153,.479,.777,5,130 
122,CLE,2083,804,388,136,66,156,.534,.596,7,224 
123,PHO,2579,923,260,632,112,195,.488,.769,9,239 
124,LAC,428,129,17,101,14,45,.454,.529,0,28 
125,UTA,845,278,173,36,16,56,.474,.672,11,154 
126,DAL,22,11,3,6,1,5,.222,.875,0,1 
127,HOU,520,228,88,40,17,37,.470,.690,15,81 
128,SEA,1051,246,277,21,21,36,.500,.636,42,137 
129,BOS,2933,1062,261,594,87,177,.467,.833,38,201 
130,SEA,508,217,46,115,12,41,.468,.764,1,36 
131,SAC,2457,1516,353,251,42,163,.478,.829,19,218 
132,WSB,399,153,30,58,21,31,.465,.714,0,31 
133,LAL,2904,1909,504,977,138,300,.532,.848,36,168 
134,LAC,302,166,33,28,12,17,.456,.714,5,24 
135,LAC,234,74,43,5,9,18,.443,.526,2,55 
136,POR,2345,1330,566,155,49,276,.556,.698,76,340 
137,DET,2166,1228,257,300,92,133,.464,.786,16,159 
138,TOT,858,323,104,73,42,49,.417,.769,19,79 
138,WSB,114,37,9,7,10,11,.438,.692,1,11 
138,SAS,744,286,95,66,32,38,.415,.788,18,68 
139,POR,1578,319,455,64,23,87,.500,.782,77,227 
140,WSB,1609,284,356,80,67,77,.476,.632,165,252 
141,CHI,3281,3041,430,377,236,272,.491,.857,125,237 
142,IND,60,20,11,6,5,4,.350,.750,0,12 
143,LAC,936,289,194,53,38,49,.473,.693,12,162 
144,POR,2088,1009,496,194,122,149,.524,.720,77,328 
145,NJN,1291,582,214,103,34,103,.427,.810,28,177 
146,NYK,214,136,32,19,2,15,.495,.744,0,14 
147,SEA,31,9,9,1,2,0,.600,.750,3,4 
148,BOS,745,123,169,27,17,34,.431,.382,46,148 
149,SAC,1658,622,483,71,35,90,.472,.786,30,213 
150,ATL,1684,463,493,31,52,92,.481,.654,76,262 
151,SAS,1004,451,239,85,22,67,.468,.743,12,141 
152,DET,2854,1263,955,151,72,120,.506,.894,69,283 
153,PHI,16,3,5,0,1,1,.333,.500,0,0 
154,HOU,1175,412,61,224,53,64,.429,.840,10,126 
155,CLE,870,412,251,69,25,85,.456,.713,40,147 
156,DEN,3054,1552,729,654,201,167,.486,.782,34,219 
157,ATL,1848,657,533,40,48,72,.509,.731,68,261 
158,SEA,2288,871,705,110,32,169,.504,.675,180,289 
159,HOU,688,396,48,90,19,52,.541,.756,5,69 
160,IND,2265,1218,217,258,96,153,.427,.890,8,167 
161,MIL,1358,753,125,290,71,89,.480,.787,6,82 
162,SEA,1120,500,307,65,34,75,.457,.802,21,171 
163,IND,1250,376,113,197,59,58,.508,.829,7,136 
164,DET,1278,384,375,38,32,73,.447,.821,50,221 
165,WSB,2763,1758,218,298,75,182,.462,.885,13,154 
166,UTA,2857,1779,855,158,104,237,.514,.598,60,323 
167,WSB,2488,1760,824,120,59,202,.458,.824,92,139 
168,NJN,284,83,39,45,18,23,.329,.581,4,32 
169,NYK,68,25,7,0,4,7,.360,.875,2,5 
170,POR,146,22,28,9,7,20,.300,.364,1,24 
171,DEN,286,147,41,35,13,33,.400,.636,6,48 
172,LAL,532,208,47,100,23,51,.478,.806,4,53 
173,TOT,1968,809,435,197,39,136,.532,.775,14,178 
173,LAC,1132,477,251,122,26,88,.519,.776,9,102 
173,HOU,836,332,184,75,13,48,.551,.773,5,76 
174,PHI,2817,1033,611,114,36,153,.548,.719,64,270 
175,HOU,3136,1170,578,434,88,208,.558,.779,53,172 
176,CLE,279,80,58,23,9,24,.462,.488,4,28 
177,SEA,3031,1890,705,207,115,234,.512,.696,52,300 
178,GSW,1284,353,183,84,27,43,.463,.632,8,200 
179,MIL,70,22,19,2,2,3,.471,.857,0,14 
180,ATL,1420,788,159,149,61,104,.502,.584,2,156 
181,BOS,3060,2008,763,198,38,197,.606,.836,172,240 
182,NJN,942,401,77,93,54,53,.474,.754,7,141 
183,SAS,42,17,7,1,1,3,.231,1.000,0,9 
184,SEA,1972,373,331,583,125,155,.486,.617,45,238 
185,PHI,113,35,36,2,1,8,.467,.368,0,17 
186,NYK,972,228,227,46,36,64,.492,.650,16,136 
187,DET,7,6,8,0,0,0,1.000,0.0,1,1 
188,TOT,1600,509,140,348,72,157,.467,.689,7,174 
188,CLE,122,27,10,13,6,12,.351,.250,1,8 
188,HOU,1478,482,130,335,66,145,.478,.709,6,166 
189,SAS,922,509,103,38,19,51,.435,.821,9,68 
190,MIL,626,150,138,22,18,22,.406,.719,13,126 
191,MIL,992,460,127,121,27,63,.512,.840,10,73 
192,SAS,1234,474,100,250,83,102,.477,.800,3,97 
193,GSW,698,232,95,90,42,57,.466,.710,3,96 
194,GSW,2377,1242,181,261,98,154,.529,.825,36,217 
195,WSB,141,71,39,5,3,6,.431,.563,2,21 
196,CHI,155,66,17,21,14,10,.413,.651,2,25 
197,PHO,2569,1552,599,233,86,149,.553,.773,148,223 
198,DEN,20,10,5,2,1,1,.400,1.000,0,2 
199,SAS,980,223,284,83,40,36,.497,.739,11,144 
200,DET,267,76,83,4,7,21,.492,.583,30,73 
201,CLE,630,293,70,27,20,46,.443,.868,7,67 
202,TOT,1088,391,187,25,20,63,.475,.675,54,156 
202,LAC,811,295,133,18,16,47,.478,.648,41,118 
202,DET,277,96,54,7,4,16,.468,.750,13,38 
203,DAL,91,57,8,16,7,10,.478,.909,0,6 
204,WSB,123,32,14,13,2,6,.400,.000,0,10 
205,CHI,2980,1192,1074,296,85,299,.447,.686,36,315 
206,HOU,2760,1755,858,220,140,228,.509,.702,254,294 
207,SAC,1002,254,185,91,18,56,.421,.885,9,144 
208,NYK,776,173,179,19,22,48,.410,.544,71,95 
209,NYK,1440,458,232,110,47,70,.430,.727,18,123 
210,BOS,2995,1403,851,173,64,191,.557,.735,144,266 
211,POR,1798,874,139,237,76,108,.490,.806,12,134 
212,CHI,2689,930,139,467,66,105,.511,.809,8,207 
213,DAL,2687,1186,616,146,109,132,.489,.828,77,269 
214,IND,2956,1541,677,295,90,211,.480,.747,16,310 
215,HOU,2403,924,557,127,43,152,.514,.727,102,268 
216,SEA,469,182,50,64,21,32,.446,.705,2,60 
217,MIL,2505,1540,266,144,64,120,.545,.880,24,222 
218,PHO,2250,837,580,116,86,135,.586,.739,54,196 
219,LAC,6,2,0,0,1,1,1.000,0.0,0,3 
220,TOT,604,164,101,35,9,21,.525,.800,34,77 
220,CLE,437,113,77,28,6,17,.519,.795,22,51 
220,CHI,167,51,24,7,3,4,.538,.818,12,26 
221,POR,2714,1045,337,715,159,255,.511,.838,9,192 
222,MIL,2057,846,296,441,110,186,.496,.738,47,213 
223,SAC,913,310,176,120,40,63,.439,.729,21,96 
224,CLE,1217,464,117,202,43,105,.424,.833,4,75 
225,LAL,1514,446,453,63,74,104,.521,.764,41,201 
226,DEN,1421,705,465,60,24,79,.470,.732,58,224 
227,HOU,2594,1029,289,323,75,104,.435,.768,21,232 
228,MIL,963,404,173,106,50,82,.396,.641,30,91 
229,IND,1396,501,143,241,49,85,.471,.797,7,106 
230,ATL,2590,1053,299,823,171,217,.459,.828,30,287 
231,BOS,1079,402,190,62,22,89,.521,.810,20,129 
232,SAS,2697,1435,424,421,260,243,.474,.753,35,264 
233,PHI,1586,815,307,89,86,123,.466,.755,30,150 
234,DET,1155,500,332,56,38,93,.546,.587,48,166 
235,SAC,468,189,77,26,9,20,.500,.600,8,66 
236,ATL,1764,405,488,22,43,61,.546,.724,140,240 
237,WSB,669,238,170,39,11,49,.414,.792,16,77 
238,POR,16,12,1,1,4,3,.375,.750,0,1 
239,PHI,116,47,28,10,0,10,.679,.750,4,13 
240,IND,511,157,55,129,20,60,.416,.730,5,62 
241,DET,1463,431,296,54,44,74,.564,.614,125,256 
242,HOU,1326,672,372,120,40,126,.492,.624,58,169 
243,PHO,1655,859,271,126,61,105,.504,.781,23,210 
244,DEN,1556,649,380,85,20,95,.519,.779,74,266 
245,SEA,579,173,117,27,20,42,.390,.630,11,94 
246,DAL,1711,756,303,161,50,110,.472,.742,16,224 
247,DET,7,0,1,0,0,2,.000,0.0,0,2 
248,LAL,2729,1397,286,281,125,144,.496,.892,18,163 
249,UTA,753,344,198,57,55,56,.509,.701,54,124 
250,CHI,1751,680,373,102,44,84,.460,.728,68,194 
251,GSW,950,621,137,86,45,68,.488,.856,7,103 
252,BOS,1566,448,91,187,40,61,.524,.881,1,124 
253,MIL,2536,1045,822,203,88,160,.464,.847,90,328 
254,NYK,10,4,0,1,0,0,1.000,0.0,0,1 
255,MIL,205,49,26,45,5,21,.313,.833,1,18 
256,GSW,341,127,56,45,13,26,.435,.750,1,36 
257,SAC,1658,863,182,204,46,126,.454,.781,23,184 
258,MIL,461,138,32,43,25,30,.383,.750,3,74 
259,GSW,2374,707,917,95,71,135,.547,.574,56,295 
260,DEN,168,78,34,22,1,19,.429,.571,1,30 
261,LAL,233,76,37,5,4,19,.500,.640,13,70 
262,NYK,1951,608,115,432,67,140,.460,.798,6,160 
263,SEA,375,176,24,57,13,29,.441,.620,0,78 
264,SAC,665,266,61,81,18,54,.484,.830,3,56 
265,IND,2761,1072,670,180,106,130,.504,.837,97,304 
266,UTA,1858,648,151,670,177,164,.528,.782,14,224 
267,SAS,1765,850,98,315,35,97,.523,.833,0,109 
268,DAL,1405,561,533,52,56,101,.468,.676,79,232 
269,DET,44,21,4,3,2,8,.600,.900,1,4 
270,GSW,1650,922,175,105,68,117,.464,.778,13,190 
271,SAC,2872,1600,266,692,78,289,.489,.867,16,208 
272,BOS,89,25,19,2,2,5,.435,.313,0,12 
273,DET,3013,1671,319,813,153,343,.484,.768,20,251 
274,PHO,331,111,31,18,11,16,.412,.818,5,53 
275,LAL,762,332,171,60,15,61,.546,.649,30,148 
276,SAC,2166,912,687,122,69,143,.485,.737,126,290 
277,TOT,1890,938,412,115,45,134,.450,.737,71,202 
277,SAS,1210,605,276,87,31,77,.435,.735,41,117 
277,LAL,680,333,136,28,14,57,.481,.743,30,85 
278,NYK,282,71,56,8,4,24,.439,.650,3,48 
279,SAC,2956,1547,819,201,46,189,.542,.761,60,292 
280,TOT,1446,580,108,259,74,89,.462,.798,13,164 
280,PHI,668,265,57,82,32,47,.412,.792,4,76 
280,CHI,778,315,51,177,42,42,.510,.803,9,88 
281,IND,2159,1174,475,117,50,139,.515,.709,26,293 
282,PHI,1058,549,85,188,18,112,.473,.796,8,78 
283,UTA,1865,798,242,243,85,167,.478,.872,11,147 
284,NYK,1691,795,135,166,116,78,.485,.762,13,169 
285,BOS,18,4,2,1,0,5,.500,0.0,0,1 
286,CHI,936,248,115,102,30,31,.455,.742,4,97 
287,NJN,1003,378,197,60,33,81,.466,.731,13,200 
288,CLE,801,393,190,33,11,63,.462,.714,40,90 
289,SAC,1930,760,328,73,55,78,.496,.721,78,151 
290,LAC,1759,726,150,447,116,167,.426,.815,10,148 
291,POR,3029,2122,251,220,52,139,.525,.886,17,137 
292,PHO,640,168,180,43,19,48,.417,.644,23,94 
293,IND,44,10,7,2,2,0,.357,0.0,1,11 
294,WSB,1386,678,210,85,40,77,.449,.769,17,127 
295,BOS,374,171,27,59,13,33,.441,.927,1,33 
296,PHI,817,140,146,30,35,26,.436,.467,25,127 
297,CHI,534,85,87,22,10,16,.435,.556,31,83 
298,DEN,2020,988,327,282,120,187,.485,.745,37,229 
299,NYK,1719,710,338,75,49,75,.494,.757,49,236 
300,BOS,112,28,31,9,1,15,.385,.533,10,23 
301,GSW,385,132,101,16,6,39,.396,.353,8,51 
302,NJN,1600,616,129,301,92,175,.492,.784,7,184 
303,ATL,532,223,60,167,34,70,.449,.762,2,65 
304,MIL,102,27,26,3,3,8,.500,.750,7,17 
305,BOS,78,20,9,6,2,3,.320,.500,2,6 
306,DAL,560,157,129,24,13,39,.431,.750,10,95 
307,CLE,1333,507,339,41,22,106,.546,.514,81,229 
308,WSB,1816,618,194,392,92,138,.480,.764,10,172 
309,LAC,1545,624,194,79,47,73,.483,.653,19,159 
310,GSW,937,373,262,24,16,50,.451,.699,12,175 
311,HOU,788,355,133,76,44,50,.443,.754,3,82 
312,ATL,2969,2294,494,261,117,215,.474,.818,51,149 
313,NYK,454,139,107,6,9,28,.444,.466,2,67 
314,NYK,2758,1527,294,354,88,214,.494,.701,18,165 
315,NJN,2976,1472,1023,129,78,280,.557,.731,91,315 
316,ATL,481,138,40,139,17,54,.375,.675,5,53 
317,IND,2526,1101,543,174,59,145,.485,.740,93,255 
318,CLE,2714,1168,629,154,58,139,.485,.745,167,197 
319,WSB,1773,718,366,191,129,122,.468,.646,30,173 
320,SEA,703,319,83,66,45,63,.457,.833,8,154 
321,DEN,10,2,1,1,0,1,.500,0.0,0,1 
322,NJN,800,318,75,185,38,94,.473,.817,9,111 
323,ATL,2626,1304,849,62,65,173,.538,.709,61,313 
324,TOT,45,8,4,7,1,5,.300,1.000,0,10 
324,NJN,43,8,4,6,1,4,.375,1.000,0,9 
324,ATL,2,0,0,1,0,1,.000,0.0,0,1 
325,SAC,789,210,81,207,42,77,.473,.796,4,67 
326,PHI,1612,680,156,155,93,128,.447,.741,19,169 
327,ATL,2049,900,124,211,39,88,.505,.787,16,107 
328,DAL,657,358,94,34,19,34,.400,.784,11,83 
329,NJN,1733,557,120,370,48,108,.422,.799,3,126 
330,LAC,2126,1262,162,196,100,168,.457,.828,16,201 
331,NJN,2638,1551,367,261,54,213,.524,.777,86,243 
332,LAL,2819,1594,466,226,108,168,.545,.751,83,206 
333,NYK,138,52,53,1,3,13,.444,.429,6,20 
334,SEA,1482,352,113,353,74,85,.493,.831,3,72 
335,TOT,72,13,8,7,5,4,.286,.500,1,14 
335,CHI,20,5,1,0,1,1,.500,.500,0,3 
