Rk,Tm,MP,PTS,TRB,AST,STL,TOV,eFG%,FT%,BLK,PF 
1,SAC,1205,454,186,50,50,70,.442,.691,16,121 
2,VAN,2021,1152,374,172,69,186,.438,.841,55,137 
3,DEN,778,261,74,119,35,69,.431,.841,5,77 
4,MIL,1719,856,212,178,53,122,.505,.903,7,117 
5,SAC,5,2,2,0,1,2,.500,0.0,1,4 
6,CLE,978,409,109,145,48,82,.432,.836,4,73 
7,BOS,1010,412,103,193,33,71,.459,.832,2,78 
8,ORL,1581,701,277,91,64,83,.470,.611,15,72 
9,UTA,1072,427,132,56,39,66,.466,.712,10,89 
10,DAL,470,134,97,27,18,26,.360,.708,13,98 
11,POR,806,319,63,100,66,55,.512,.697,3,75 
12,TOT,358,105,39,61,12,25,.494,.857,0,31 
12,CHH,178,57,16,27,3,10,.558,.900,0,16 
12,ORL,180,48,23,34,9,15,.433,.818,0,15 
13,ORL,1502,690,180,335,108,158,.507,.904,4,90 
14,MIA,415,53,44,10,17,13,.387,.625,3,58 
15,POR,874,208,125,58,57,30,.448,.684,18,81 
16,ORL,1259,477,237,89,47,114,.411,.669,35,125 
17,UTA,44,9,12,1,2,7,.308,.500,0,6 
18,UTA,543,181,94,26,9,27,.446,.735,28,78 
19,PHO,249,78,54,13,9,11,.401,.692,2,24 
20,TOR,2,0,0,0,0,1,.000,0.0,0,0 
21,SEA,1162,468,211,56,32,76,.453,.450,34,121 
22,HOU,1526,676,516,192,43,100,.482,.719,13,89 
23,BOS,1156,464,105,208,52,88,.539,.877,5,64 
24,CHI,1181,412,144,116,42,72,.469,.772,11,98 
25,SEA,183,37,20,29,7,12,.438,.692,1,24 
26,SAC,736,213,96,112,53,47,.514,.845,5,61 
27,BOS,1121,335,300,53,29,45,.519,.672,71,159 
28,TOT,180,45,28,20,9,13,.474,.533,2,26 
28,DET,30,10,5,0,2,2,.500,1.000,0,5 
28,CHH,150,35,23,20,7,11,.468,.462,2,21 
29,PHI,33,4,8,1,0,3,.286,0.0,0,6 
30,CHI,320,118,40,10,11,21,.389,.675,8,46 
31,CHI,19,7,5,0,1,1,.333,.750,0,4 
32,IND,1043,346,80,169,42,62,.452,.843,4,111 
33,VAN,1758,662,136,325,78,146,.442,.751,5,122 
34,DEN,1488,624,96,173,58,98,.472,.913,14,115 
35,ATL,1763,640,224,278,99,115,.439,.758,9,61 
36,TOT,530,100,151,12,19,21,.360,.519,16,74 
36,LAL,162,32,46,2,1,6,.394,.500,4,27 
36,CLE,368,68,105,10,18,15,.343,.524,12,47 
37,GSW,714,183,73,134,43,47,.494,.861,1,44 
38,WAS,4,0,0,0,0,0,0.0,0.0,0,0 
39,CHI,432,120,93,38,22,39,.328,.500,11,60 
40,BOS,494,70,52,28,21,13,.317,.458,9,51 
41,TOT,221,65,17,33,6,20,.399,.667,0,20 
41,NJN,51,21,4,6,1,7,.500,0.0,0,3 
41,CLE,170,44,13,27,5,13,.362,.667,0,17 
42,DAL,1294,420,392,40,35,56,.480,.748,159,153 
43,TOT,1217,501,134,309,63,74,.430,.833,10,82 
43,MIL,505,203,53,104,24,36,.425,.839,3,25 
43,MIN,712,298,81,205,39,38,.433,.830,7,57 
44,CHH,1192,407,174,57,16,38,.492,.678,19,106 
45,TOR,1377,549,103,143,56,80,.514,.727,8,75 
46,PHO,236,80,22,31,5,22,.388,.786,1,21 
47,MIA,1611,571,346,66,46,69,.480,.774,48,166 
48,CHI,1139,342,132,149,68,80,.414,.757,8,93 
49,NYK,95,17,10,19,9,12,.286,.278,0,8 
50,LAL,1896,996,264,190,72,157,.482,.839,50,153 
51,CHI,1204,407,232,48,34,68,.483,.645,16,149 
52,DET,1056,274,133,57,37,21,.544,.722,13,83 
53,HOU,413,117,42,18,13,14,.482,.700,4,28 
54,NJN,706,212,119,45,40,23,.428,.810,11,82 
55,CHH,18,4,6,0,0,1,.143,.500,0,2 
56,CLE,418,168,44,22,15,29,.522,.719,4,41 
57,GSW,876,308,205,18,24,75,.444,.633,9,113 
58,NYK,945,329,253,12,29,39,.521,.553,74,131 
59,TOT,1459,616,397,69,39,80,.477,.639,73,159 
59,LAL,325,126,96,8,1,22,.436,.613,16,51 
59,CHH,1134,490,301,61,38,58,.489,.647,57,108 
60,HOU,152,47,31,9,1,9,.404,.714,10,31 
61,TOT,445,207,71,23,8,28,.439,.675,2,45 
61,MIN,81,23,12,7,1,4,.404,.500,1,9 
61,NJN,364,184,59,16,7,24,.444,.694,1,36 
62,CHI,624,171,49,66,21,46,.340,.750,7,66 
63,TOR,1760,913,283,149,55,110,.463,.761,77,140 
64,TOT,199,127,15,36,9,20,.430,.940,0,22 
64,NJN,100,72,6,19,3,12,.439,.935,0,13 
64,MIL,99,55,9,17,6,8,.420,.947,0,9 
65,POR,545,151,150,19,23,27,.453,.507,56,100 
66,MIA,137,44,35,2,0,18,.571,.333,11,32 
67,DAL,352,163,85,12,7,28,.461,.694,5,23 
68,PHO,1183,459,104,109,34,54,.417,.835,9,46 
69,WAS,1266,385,141,73,39,42,.424,.493,16,146 
70,VAN,697,166,117,30,22,28,.442,.824,12,52 
71,NYK,1297,328,133,193,44,85,.494,.821,1,156 
72,TOR,1768,760,207,187,113,119,.425,.841,26,111 
73,DEN,409,93,96,10,10,21,.450,.568,31,52 
74,LAC,87,32,25,0,3,6,.522,.800,9,14 
75,WAS,98,31,22,0,1,2,.419,.833,2,17 
76,CHH,1178,486,328,78,24,90,.422,.753,42,96 
77,GSW,1272,455,117,222,45,82,.449,.822,11,113 
78,MIA,35,8,5,1,0,3,.231,1.000,1,6 
79,ATL,1066,352,145,43,31,43,.448,.650,7,74 
80,SEA,59,25,10,0,3,3,.333,.722,0,6 
81,ATL,784,288,90,24,10,48,.453,.814,13,106 
82,IND,249,92,45,10,7,23,.480,.870,8,32 
83,TOT,382,159,31,63,11,33,.468,.860,0,31 
83,POR,19,12,1,5,2,0,.563,1.000,0,1 
83,SEA,363,147,30,58,9,33,.461,.851,0,30 
84,GSW,1011,454,255,58,46,58,.440,.711,10,168 
85,TOT,162,6,28,1,1,5,.167,.000,11,30 
85,TOR,1,0,0,0,0,0,0.0,0.0,0,0 
85,NJN,161,6,28,1,1,5,.167,.000,11,30 
86,MIN,372,78,51,14,17,10,.410,.864,9,83 
87,MIL,864,423,85,48,36,45,.588,.824,3,42 
88,MIL,1146,244,108,78,42,37,.439,.797,7,135 
89,GSW,1414,442,382,54,26,92,.389,.588,58,165 
90,SAS,614,220,54,106,30,44,.467,.754,6,39 
91,CHI,902,308,173,40,23,48,.449,.811,17,88 
92,IND,1271,463,344,33,22,50,.471,.703,42,136 
93,NYK,21,17,11,3,0,1,.412,.500,0,4 
94,IND,1374,398,416,22,20,43,.533,.618,57,115 
95,DAL,1378,457,86,89,21,57,.520,.880,3,76 
96,MIA,35,9,7,1,1,7,.333,.833,0,12 
97,CHH,557,209,84,58,30,54,.410,.763,7,46 
98,WAS,578,126,139,10,11,16,.533,.737,3,79 
99,TOT,1102,371,255,31,50,54,.500,.674,29,161 
99,BOS,258,75,63,10,13,22,.491,.655,9,51 
99,CLE,844,296,192,21,37,32,.502,.679,20,110 
100,TOT,291,83,24,27,7,16,.459,.714,3,30 
100,SAC,20,9,2,1,2,2,.409,0.0,0,2 
100,VAN,271,74,22,26,5,14,.466,.714,3,28 
101,MIL,1093,281,102,174,33,55,.446,.800,3,62 
102,DET,1177,513,272,71,38,111,.501,.686,40,181 
103,GSW,630,246,54,95,16,45,.395,.648,6,47 
104,HOU,1558,547,83,95,27,66,.542,.639,11,90 
105,SAC,1761,714,501,215,44,131,.480,.702,51,166 
106,ORL,780,304,148,20,19,26,.468,.675,17,117 
107,LAC,842,247,58,124,27,61,.438,.632,3,54 
108,HOU,441,118,32,52,12,31,.426,1.000,4,61 
109,NYK,685,115,193,7,13,24,.440,.475,38,116 
110,DET,1116,428,68,134,23,53,.539,.836,2,51 
111,SAS,1963,1084,571,121,45,146,.495,.690,126,147 
112,MIA,283,77,33,30,17,21,.472,.692,5,23 
113,UTA,1038,368,94,185,30,109,.479,.838,2,122 
114,SAS,1291,455,137,89,46,61,.532,.866,12,91 
115,SAS,1509,561,213,117,26,71,.449,.757,17,104 
116,SEA,1232,495,115,38,25,45,.559,.757,3,77 
117,ATL,539,204,109,18,8,34,.424,.705,7,48 
118,TOT,145,34,19,15,5,2,.341,1.000,3,8 
118,NJN,121,30,17,14,3,2,.382,1.000,3,7 
118,MIN,24,4,2,1,2,0,.200,0.0,0,1 
119,NYK,1300,657,377,43,30,99,.435,.706,100,105 
120,TOT,852,177,288,24,25,34,.500,.717,18,73 
120,MIL,3,0,2,0,0,0,.000,0.0,0,0 
120,NJN,849,177,286,24,25,34,.504,.717,18,73 
121,GSW,46,5,6,0,1,1,.071,.750,1,4 
122,CLE,1058,349,102,53,23,39,.541,.879,10,113 
123,DAL,2051,1009,263,218,66,107,.470,.823,15,96 
124,LAL,1131,296,91,197,61,77,.449,.759,1,95 
125,DEN,1417,550,581,32,31,77,.495,.727,22,212 
126,UTA,458,118,83,25,6,24,.380,.619,8,63 
127,LAL,944,394,89,89,28,56,.497,.742,10,114 
128,GSW,614,129,194,18,15,31,.430,.490,43,90 
129,UTA,462,142,101,6,6,27,.452,.600,14,60 
130,SAC,936,420,222,30,22,52,.560,.708,23,77 
131,MIN,1780,977,489,202,78,135,.462,.704,83,152 
132,BOS,205,51,21,18,5,12,.353,.750,1,18 
133,MIN,1054,270,257,28,30,29,.502,.745,45,113 
134,PHO,538,217,75,18,8,20,.521,.714,3,62 
135,TOT,775,272,179,32,32,62,.443,.398,10,118 
135,NJN,281,84,65,12,8,29,.371,.500,4,40 
135,MIL,494,188,114,20,24,33,.485,.362,6,78 
136,SAS,58,21,5,6,2,4,.420,0.0,1,7 
137,PHI,1540,674,362,58,39,101,.480,.797,40,157 
138,NJN,1606,588,244,123,134,71,.400,.683,26,162 
139,MIL,668,281,126,19,22,36,.453,.782,12,48 
140,POR,1525,550,470,67,21,96,.479,.814,34,136 
141,POR,7,0,0,3,1,0,.000,0.0,0,0 
142,PHI,798,146,110,23,20,21,.372,.724,16,73 
143,ORL,1660,443,351,90,46,44,.434,.671,60,99 
144,TOT,13,4,1,0,1,2,.333,0.0,0,4 
144,MIN,8,2,1,0,0,1,.250,0.0,0,4 
144,MIL,5,2,0,0,1,1,.500,0.0,0,0 
145,ATL,337,146,28,12,12,29,.324,.757,1,30 
146,DAL,924,246,228,25,28,19,.422,.577,8,69 
147,CLE,2,0,0,0,0,0,.000,0.0,0,0 
148,PHO,1563,729,381,121,59,88,.485,.794,21,110 
149,MIN,716,212,136,20,8,32,.458,.640,7,88 
150,ORL,1944,791,284,266,111,150,.448,.706,23,111 
151,MIA,1772,835,152,352,57,131,.475,.812,6,102 
152,LAL,1120,309,67,187,44,52,.486,.813,4,66 
153,CHI,1107,392,180,115,60,65,.412,.703,35,80 
154,ORL,1114,408,214,45,30,73,.478,.713,6,112 
155,IND,160,45,39,5,4,11,.321,.600,2,26 
156,HOU,903,400,246,15,6,61,.513,.721,25,103 
157,NJN,602,193,67,31,18,18,.434,.750,7,52 
158,SEA,1644,516,201,123,80,80,.487,.902,18,90 
159,SAC,203,36,25,27,3,13,.413,1.000,1,14 
160,ATL,1142,474,250,28,33,58,.442,.671,19,96 
161,CLE,1517,454,197,113,58,97,.419,.813,24,136 
162,VAN,331,97,47,22,9,18,.375,.556,4,29 
163,NJN,399,120,68,13,12,15,.443,.840,1,39 
164,DET,25,4,0,3,1,3,.500,1.000,0,1 
165,TOT,307,65,62,4,12,16,.395,.455,7,41 
165,VAN,42,6,8,3,0,4,.231,.000,0,3 
165,DEN,265,59,54,1,12,12,.429,.556,7,38 
166,DET,1852,1053,355,300,80,184,.479,.752,27,114 
167,TOT,1104,325,287,35,34,59,.455,.540,16,145 
167,MIL,517,146,134,17,18,24,.424,.568,8,68 
167,PHI,587,179,153,18,16,35,.480,.507,8,77 
168,IND,87,19,11,4,0,3,.310,1.000,0,11 
169,TOT,102,30,12,3,5,9,.359,.700,2,16 
169,MIL,12,5,1,0,1,1,.400,.500,0,6 
169,PHI,90,25,11,3,4,8,.352,.750,2,10 
170,UTA,1435,587,160,192,52,82,.514,.893,14,95 
171,LAL,744,188,152,56,36,49,.527,.739,39,103 
172,NYK,1815,813,152,137,35,130,.459,.862,9,115 
173,WAS,1430,682,293,107,42,95,.474,.753,14,130 
174,LAC,524,169,55,92,11,38,.450,.895,2,28 
175,PHI,988,455,189,77,44,68,.420,.709,14,97 
176,DET,1755,582,168,193,86,92,.491,.753,8,126 
177,CLE,171,76,44,4,4,9,.509,.600,7,24 
178,PHI,1990,1284,236,223,110,167,.439,.751,7,98 
179,MIN,941,353,135,167,39,75,.420,.772,3,75 
180,SAS,861,301,99,49,41,37,.474,.821,9,63 
181,POR,1175,414,159,128,43,82,.445,.842,6,80 
182,IND,1382,373,184,386,42,99,.468,.823,3,58 
183,WAS,271,114,54,8,3,26,.431,.656,11,29 
184,LAL,12,8,3,0,0,1,.600,1.000,0,2 
185,SAC,42,24,17,1,2,9,.375,.500,6,11 
186,GSW,1058,449,301,34,38,68,.456,.588,16,102 
187,ATL,885,244,75,107,35,65,.416,.695,7,67 
188,SAS,1672,487,118,369,51,112,.474,.568,11,101 
189,HOU,18,12,2,1,0,2,.462,0.0,0,3 
190,MIL,1027,256,320,19,29,47,.508,.610,57,151 
191,NYK,1639,587,284,119,34,89,.495,.817,10,147 
192,CHI,476,108,42,41,18,29,.394,.500,5,30 
193,TOT,344,125,44,42,13,17,.466,.824,0,23 
193,NJN,131,49,13,13,7,5,.432,.846,0,7 
193,BOS,213,76,31,29,6,12,.487,.750,0,16 
194,TOT,1881,780,194,186,125,93,.477,.782,58,128 
194,LAL,724,271,76,61,35,21,.467,.738,24,42 
194,CHH,1157,509,118,125,90,72,.484,.801,34,86 
195,BOS,206,54,52,15,5,7,.392,.824,0,31 
196,MIL,18,6,0,3,3,2,.500,.500,0,0 
197,MIN,296,51,59,41,12,14,.278,.553,5,38 
198,UTA,642,174,142,28,16,33,.452,.697,12,63 
199,CLE,1475,862,388,101,48,127,.483,.789,45,159 
200,ORL,5,0,0,0,0,0,.000,0.0,0,2 
201,SAS,734,192,44,49,23,22,.463,.886,3,28 
202,SAS,699,145,130,41,37,30,.348,.429,14,92 
203,PHO,2060,846,339,539,114,150,.476,.757,19,108 
204,UTA,42,4,11,1,2,4,.286,.000,1,8 
205,SAS,63,23,14,4,2,4,.429,.611,1,12 
206,NJN,1570,592,191,116,79,66,.411,.772,26,82 
207,PHO,374,68,67,12,8,10,.405,.667,1,46 
208,CLE,1186,373,131,302,70,105,.425,.745,7,115 
209,TOR,56,8,6,8,1,7,.375,.500,0,5 
210,LAL,525,156,128,31,21,35,.515,.759,27,108 
211,CHI,1654,828,310,235,49,121,.446,.740,11,82 
212,DET,337,121,54,24,15,19,.363,.772,12,30 
213,DEN,387,166,91,8,9,9,.504,.750,17,38 
214,CHI,386,80,93,13,5,17,.323,.696,12,43 
215,CLE,65,13,16,1,2,4,.667,.556,1,13 
216,CHI,732,203,56,63,33,34,.429,1.000,3,66 
217,WAS,377,119,40,21,4,14,.504,.500,3,42 
218,MIA,190,82,16,10,3,7,.468,.727,1,18 
219,SEA,145,47,25,4,8,20,.375,.571,1,19 
220,PHO,22,12,2,3,2,1,.625,1.000,0,1 
221,ATL,1380,489,296,53,57,74,.425,.783,16,143 
222,PHO,933,339,221,45,23,53,.483,.776,21,119 
223,VAN,1218,437,166,62,49,82,.462,.644,14,128 
224,LAL,188,75,6,25,5,11,.485,.571,0,28 
225,PHI,1315,356,279,76,85,79,.434,.631,22,142 
226,TOT,1083,472,95,55,35,33,.548,.879,4,94 
226,VAN,577,242,53,23,20,20,.505,.933,1,53 
226,HOU,506,230,42,32,15,13,.602,.821,3,41 
227,SEA,365,185,65,16,5,25,.425,.625,5,34 
228,DET,69,9,5,4,5,6,.225,0.0,1,6 
229,PHI,127,13,23,2,5,6,.278,.375,1,22 
230,MIA,1624,337,208,150,38,55,.510,.717,7,100 
231,UTA,1832,1164,463,201,62,162,.493,.788,28,134 
232,HOU,186,21,10,21,4,14,.196,.909,0,7 
233,PHO,1184,453,219,113,36,69,.486,.696,38,129 
234,TOT,1895,1044,142,437,59,164,.465,.799,8,125 
234,MIN,661,319,62,167,29,55,.421,.724,5,44 
234,NJN,1234,725,80,270,30,109,.489,.832,3,81 
235,TOR,28,11,1,0,1,3,.625,.500,0,3 
236,GSW,1250,530,342,66,47,80,.447,.727,37,123 
237,LAC,941,296,48,144,43,67,.423,.803,4,82 
238,MIA,855,356,146,75,20,60,.473,.721,3,58 
239,VAN,1143,481,257,23,26,64,.487,.665,39,108 
240,SAC,1007,492,85,76,30,67,.485,.737,3,111 
241,VAN,126,20,3,23,7,11,.421,.800,0,13 
242,DEN,4,4,3,0,0,2,.667,0.0,0,0 
243,BOS,659,181,115,40,24,40,.398,.702,13,88 
244,PHO,1245,428,162,79,45,49,.545,.862,14,128 
245,SEA,331,133,79,4,11,10,.737,.500,20,42 
246,DEN,1937,1061,537,82,73,138,.471,.680,115,175 
247,TOR,1106,458,278,113,52,80,.447,.726,66,94 
248,NJN,269,48,54,2,9,13,.431,.667,32,59 
249,WAS,427,130,21,73,19,30,.407,.750,1,36 
250,IND,244,60,41,13,12,12,.442,.824,4,24 
251,PHI,959,240,140,100,63,57,.414,.710,3,90 
252,ATL,348,162,50,14,2,23,.383,.822,1,24 
253,BOS,1551,698,155,104,67,89,.435,.790,12,81 
254,DEN,70,16,16,1,0,4,.268,.500,3,22 
255,PHO,53,16,5,2,3,6,.400,0.0,1,7 
256,HOU,249,70,67,7,7,9,.467,.636,5,34 
257,CHH,469,238,117,22,9,32,.569,.794,18,65 
258,SAC,35,10,8,0,0,4,.455,0.0,2,3 
259,IND,1787,920,135,112,37,76,.517,.915,9,101 
260,GSW,1395,483,237,103,39,58,.446,.823,14,125 
261,MIA,29,9,4,0,1,3,.500,.500,0,3 
262,BOS,765,214,117,50,20,38,.436,.750,6,69 
263,MIN,1344,561,182,98,35,34,.417,.764,16,111 
264,HOU,1456,487,111,121,44,79,.490,.818,23,98 
265,PHI,121,42,37,2,5,12,.357,.571,4,22 
266,DET,577,95,139,14,12,16,.525,.344,27,107 
267,DET,6,4,1,0,0,0,1.000,1.000,0,0 
268,PHO,535,184,121,23,16,21,.483,.870,11,54 
269,MIA,1753,924,507,74,34,139,.511,.652,180,161 
270,IND,1179,507,160,81,47,60,.575,.870,13,101 
271,NJN,401,119,35,66,22,29,.430,.808,2,35 
272,NJN,1,0,0,0,0,1,.000,0.0,0,0 
273,LAC,1317,612,195,61,58,99,.420,.803,20,107 
274,WAS,653,233,81,27,21,29,.420,.810,6,65 
275,ATL,1829,541,610,57,16,94,.512,.684,147,145 
276,VAN,27,5,5,1,0,1,.250,.750,1,9 
277,DAL,1269,315,114,219,37,83,.441,.826,2,98 
278,LAC,1288,503,175,82,77,53,.493,.782,20,143 
279,MIN,30,8,8,1,0,1,.250,1.000,0,5 
280,CLE,949,303,75,41,28,41,.468,.810,12,126 
281,SEA,140,38,20,24,7,16,.400,.375,0,17 
282,DAL,958,385,162,47,29,73,.426,.773,27,105 
283,DET,165,56,34,12,2,8,.429,1.000,3,22 
284,POR,311,90,97,13,4,14,.434,.514,14,41 
285,LAL,1705,1289,525,114,36,122,.576,.540,82,155 
286,TOR,1633,348,374,168,46,96,.430,.807,21,182 
287,HOU,1784,945,478,88,82,139,.517,.717,123,160 
288,PHO,11,3,0,0,0,0,.500,0.0,0,2 
289,TOT,72,13,7,3,3,3,.286,.714,1,9 
289,SAC,68,12,6,3,3,3,.308,.800,1,8 
289,ORL,4,1,1,0,0,0,.000,.500,0,1 
290,LAC,1279,401,357,25,27,85,.431,.483,55,137 
291,UTA,1340,273,348,23,12,45,.476,.620,131,140 
292,ORL,851,203,167,56,40,58,.545,.432,43,79 
293,TOT,244,92,21,23,5,20,.440,.900,1,18 
293,ORL,33,18,2,3,1,3,.500,1.000,0,2 
293,NJN,174,64,17,16,3,15,.456,.857,1,14 
293,PHI,37,10,2,4,1,2,.333,0.0,0,2 
294,SEA,451,163,80,38,12,33,.409,.800,4,37 
295,DAL,468,222,36,81,20,49,.431,.818,1,41 
296,PHI,3,2,0,0,0,0,1.000,0.0,0,0 
297,VAN,1118,266,243,36,28,49,.429,.545,28,114 
298,MIN,284,114,65,15,19,22,.443,.778,7,62 
299,LAL,144,65,30,2,5,12,.422,.710,3,16 
300,SEA,2008,1084,244,436,109,154,.479,.721,12,115 
301,MIN,810,270,84,78,35,38,.441,.732,6,60 
302,SAS,445,90,138,18,9,22,.633,.538,10,63 
303,IND,789,238,138,25,15,22,.488,.717,14,74 
304,TOT,290,98,34,47,20,34,.427,.714,0,25 
304,MIL,47,20,8,12,4,2,.559,.500,0,3 
304,NJN,243,78,26,35,16,32,.401,.750,0,22 
305,CHH,990,303,132,60,20,41,.483,.750,8,90 
306,CLE,1342,503,142,80,37,41,.539,.604,16,52 
307,CHH,1574,613,174,149,60,92,.501,.685,25,124 
308,LAC,1242,513,140,53,44,53,.510,.863,6,86 
309,BOS,1632,791,309,115,82,113,.504,.713,50,139 
310,HOU,2011,726,323,293,98,159,.492,.721,37,118 
311,SAC,259,82,82,4,8,5,.541,.696,18,41 
312,SEA,1481,368,425,43,20,49,.473,.309,30,150 
313,IND,26,2,4,0,0,1,.143,.000,0,6 
314,MIA,1365,525,140,146,48,74,.543,.831,11,97 
315,TOT,1394,499,332,75,35,100,.495,.587,36,169 
315,CLE,467,143,94,16,11,28,.437,.673,16,53 
315,BOS,927,356,238,59,24,72,.521,.547,20,116 
316,HOU,806,292,78,113,33,65,.594,.754,1,90 
317,PHI,1627,560,407,30,45,92,.470,.725,149,180 
318,CHH,708,222,77,91,17,58,.511,.872,1,66 
319,VAN,702,271,138,37,13,47,.406,.578,8,103 
320,DET,112,25,7,11,4,7,.405,.571,0,13 
321,DET,935,242,170,33,27,36,.557,.608,43,156 
322,TOT,1029,369,212,48,37,51,.477,.766,10,135 
322,CHH,556,243,113,25,22,28,.521,.798,10,63 
322,LAL,473,126,99,23,15,23,.407,.717,0,72 
323,PHO,99,37,13,8,5,5,.417,.700,0,10 
324,TOT,156,43,17,11,5,20,.260,.640,2,21 
324,HOU,33,9,4,1,1,5,.250,.833,0,5 
324,VAN,123,34,13,10,4,15,.261,.579,2,16 
325,LAL,985,472,99,71,17,45,.499,.856,6,67 
326,LAC,130,28,13,30,4,9,.333,1.000,0,5 
327,WAS,1912,983,172,122,64,136,.456,.857,10,121 
328,POR,1385,651,196,104,25,95,.446,.755,9,100 
329,BOS,337,78,99,13,9,26,.519,.710,26,73 
330,HOU,33,14,11,0,0,4,.385,.500,1,2 
331,PHO,1740,819,227,128,75,88,.521,.697,59,153 
332,SAS,1554,775,492,103,69,108,.509,.658,119,143 
333,MIL,1579,865,276,100,46,106,.479,.870,41,114 
334,TOT,506,183,62,56,22,44,.419,.683,8,60 
334,LAC,280,106,27,18,14,16,.439,.741,3,29 
334,MIN,226,77,35,38,8,28,.397,.571,5,31 
335,LAL,657,49,258,30,10,31,.348,.436,12,71 
336,POR,8,5,1,1,0,0,1.000,.250,0,2 
337,LAC,968,348,179,77,47,66,.471,.673,22,140 
338,LAL,315,98,72,9,2,21,.405,.708,9,61 
339,IND,1238,542,154,93,50,72,.420,.791,15,128 
340,SAS,608,284,182,29,40,56,.463,.671,22,120 
341,UTA,1770,622,266,74,76,76,.519,.795,15,154 
342,POR,1349,606,393,119,34,85,.493,.771,63,147 
343,VAN,39,11,7,2,2,2,.455,.500,0,4 
344,ORL,143,28,14,4,1,8,.379,.750,2,23 
345,BOS,67,11,19,8,0,10,.250,.750,3,17 
346,SEA,1765,752,370,184,41,103,.503,.823,26,152 
347,TOT,738,234,58,40,15,19,.495,.742,3,49 
347,NYK,206,43,20,8,3,5,.375,.250,1,17 
347,MIN,532,191,38,32,12,14,.538,.815,2,32 
348,MIN,731,251,92,36,30,33,.424,.902,5,68 
349,NJN,88,15,21,2,4,10,.200,.389,6,15 
350,CHH,367,107,129,13,5,27,.489,.655,13,66 
351,POR,5,0,1,1,0,1,.000,0.0,0,1 
352,PHI,14,2,3,0,0,2,.125,0.0,0,2 
353,ATL,185,40,22,16,3,7,.410,.615,0,12 
354,ORL,19,2,2,0,1,3,.200,0.0,0,1 
355,CHI,1448,456,339,65,36,72,.463,.645,13,128 
356,PHO,25,11,4,5,2,6,.450,.400,0,2 
357,LAC,258,86,53,1,10,19,.465,.606,13,20 
358,TOR,263,115,70,5,3,25,.383,.624,3,50 
359,LAC,317,84,24,13,17,20,.397,.438,14,35 
360,MIN,1418,588,354,68,32,66,.427,.755,66,147 
361,VAN,1098,230,350,48,46,60,.535,.594,18,107 
362,ATL,1314,672,151,118,36,99,.445,.849,11,100 
363,IND,1271,728,275,52,18,75,.490,.818,52,159 
364,PHI,1716,413,162,301,100,111,.435,.733,1,149 
365,GSW,159,42,46,0,5,9,.455,.462,10,41 
366,NYK,1233,606,156,91,46,79,.435,.812,2,65 
367,CLE,199,47,34,5,2,9,.378,.950,11,31 
368,DET,1188,607,107,118,34,121,.407,.850,19,79 
369,GSW,1686,690,163,235,69,83,.423,.740,5,135 
370,SEA,313,127,75,12,10,32,.424,.525,23,58 
371,TOR,394,61,99,5,4,12,.415,.680,28,76 
372,DEN,1194,320,107,82,28,45,.447,.859,15,65 
373,UTA,1410,553,146,374,81,110,.507,.811,13,107 
374,SAC,1025,402,143,72,41,53,.454,.851,7,43 
375,POR,1673,631,167,312,49,110,.431,.730,4,81 
376,DAL,567,249,83,64,40,36,.443,.815,2,44 
377,MIA,357,119,78,9,7,13,.495,.731,8,28 
378,WAS,1632,690,212,434,76,142,.426,.746,5,91 
379,ORL,695,223,161,17,15,37,.422,.717,7,64 
380,DAL,11,4,0,1,0,1,.286,0.0,0,4 
381,CLE,841,214,102,152,46,67,.355,.631,14,98 
382,DEN,724,207,101,24,28,34,.480,.739,17,97 
383,LAC,1505,773,242,67,16,120,.461,.728,29,179 
384,TOR,593,169,134,15,17,21,.577,.563,9,82 
385,NYK,1182,406,286,55,45,73,.462,.611,17,159 
386,TOT,812,358,126,46,26,46,.511,.652,12,107 
386,PHI,188,78,33,15,3,15,.440,.792,3,21 
386,MIL,624,280,93,31,23,31,.533,.614,9,86 
387,WAS,1539,554,334,101,42,88,.545,.698,19,196 
388,MIL,786,259,182,38,44,42,.537,.538,44,140 
389,DAL,1362,719,351,77,29,66,.477,.617,23,122 
390,DEN,1802,826,113,368,40,121,.445,.811,3,90 
391,NJN,1576,916,358,65,43,133,.439,.859,53,134 
392,NJN,103,34,34,1,2,11,.542,.800,8,22 
393,UTA,87,44,11,12,5,14,.400,.833,0,14 
394,DET,481,127,146,11,15,17,.381,.643,6,54 
395,LAC,12,2,6,0,0,0,.250,0.0,0,2 
396,BOS,1549,784,359,130,63,119,.456,.559,28,142 
397,DAL,568,229,143,6,9,37,.463,.541,16,87 
398,WAS,1231,277,384,18,50,36,.578,.356,90,111 
399,TOR,812,411,171,46,12,70,.432,.700,43,92 
400,POR,1414,628,241,60,48,80,.522,.732,54,175 
401,MIA,506,101,50,58,10,32,.432,.826,3,63 
402,NYK,1556,378,172,271,103,131,.484,.705,8,105 
403,DEN,761,205,89,30,25,34,.497,.688,18,87 
404,MIA,18,2,1,1,0,1,.500,0.0,0,1 
405,MIA,1040,397,243,34,28,61,.534,.804,17,107 
406,SAC,1719,839,545,173,60,148,.488,.454,89,145 
407,POR,35,31,9,3,1,6,.575,.444,1,5 
408,CHI,451,143,79,18,13,17,.351,.818,12,79 
409,CHH,1848,706,161,322,100,142,.502,.832,10,130 
410,VAN,294,81,25,19,16,12,.477,.760,7,38 
411,ATL,499,60,125,13,4,17,.373,.356,22,81 
412,VAN,590,208,45,102,26,48,.435,.727,2,59 
413,DEN,3,4,0,2,0,0,1.500,.500,0,1 
414,WAS,191,49,58,1,3,16,.531,.429,11,39 
415,WAS,441,187,47,69,18,36,.513,.871,2,49 
416,ORL,252,134,71,16,4,23,.398,.690,1,19 
417,ORL,28,2,1,1,0,3,.000,1.000,0,3 
418,SEA,458,158,128,22,14,30,.423,.730,24,75 
419,TOR,1051,248,82,130,51,56,.430,.846,12,94 
420,SAS,4,2,1,0,0,0,0.0,.500,0,0 
421,DEN,780,277,81,37,27,49,.379,.799,8,76 
422,NYK,34,10,6,0,0,2,.500,1.000,2,2 
423,DAL,403,29,83,15,13,13,.333,.700,18,49 
424,SAC,1805,641,153,299,95,143,.455,.752,1,91 
425,NJN,1020,242,360,33,24,46,.445,.565,60,126 
426,DET,1154,355,349,23,63,41,.500,.673,7,108 
427,TOR,15,2,1,0,0,1,.200,0.0,0,1 
428,DEN,6,1,0,0,0,0,.000,.500,0,0 
429,TOT,46,14,14,1,3,4,.294,.571,2,9 
429,PHI,17,0,2,1,2,2,.000,0.0,1,4 
429,MIL,29,14,12,0,1,2,.333,.571,1,5 
430,ATL,4,3,0,1,0,0,.000,.750,0,0 
431,CHH,62,15,19,2,2,6,.462,.750,1,10 
432,POR,1044,446,143,80,37,63,.514,.832,28,101 
433,SAC,1374,659,206,66,30,75,.486,.638,8,118 
434,TOR,1216,504,350,67,28,86,.418,.839,28,134 
435,NYK,92,14,8,5,4,6,.438,0.0,0,10 
436,MIN,5,0,3,0,0,0,0.0,0.0,0,5 
437,CHH,12,0,1,0,0,0,.000,.000,0,6 
438,MIL,815,200,102,172,32,63,.479,.787,1,53 
439,LAC,1135,319,361,33,26,48,.458,.692,36,162 
