Rk,Tm,MP,PTS,TRB,AST,STL,TOV,2P%,FT%,BLK,PF 
1,TOT,506,256,114,13,15,45,.515,.571,12,104 
1,SAC,476,254,106,13,15,40,.537,.571,12,102 
1,PHI,30,2,8,0,0,5,.091,0.0,0,2 
2,DEN,2082,1165,137,263,77,119,.492,.885,9,126 
3,CHH,443,188,29,95,23,26,.567,.833,1,41 
4,DET,1776,656,242,109,53,76,.507,.747,25,236 
5,PHO,1374,571,109,210,46,79,.558,.808,7,155 
6,GSW,1237,502,291,60,28,76,.531,.600,29,145 
7,PHI,1032,299,219,33,39,53,.472,.492,35,107 
8,ATL,622,148,188,17,23,32,.548,.479,32,103 
9,NJN,2689,1267,250,680,103,225,.426,.841,14,184 
10,ORL,2588,1200,335,314,125,141,.528,.704,22,124 
11,SAS,556,185,55,52,26,38,.510,.732,10,71 
12,NYK,943,372,64,160,50,57,.522,.789,7,99 
13,CHI,2577,1150,186,244,84,103,.484,.884,8,159 
14,ORL,8,10,1,3,1,1,.500,1.000,0,3 
15,SEA,1721,703,181,176,49,85,.529,.739,13,191 
16,MIA,854,229,198,39,35,25,.465,.807,17,109 
17,ATL,2362,1053,368,197,100,152,.459,.728,47,163 
18,ORL,1066,258,293,41,28,53,.430,.640,50,170 
19,MIL,3361,1451,846,296,86,221,.487,.593,116,277 
20,PHO,2382,1561,756,276,110,150,.521,.748,45,201 
21,PHI,3318,1686,274,619,149,242,.505,.899,4,159 
22,MIL,602,191,49,85,30,41,.477,.763,4,54 
23,CLE,280,116,11,37,8,17,.386,.731,1,28 
24,ATL,74,30,7,14,1,7,.625,.778,1,10 
25,NJN,1598,675,440,38,23,125,.510,.760,64,151 
26,CLE,18,15,1,3,4,3,.667,.750,0,3 
27,CHH,46,14,2,4,0,3,1.000,0.0,0,6 
28,UTA,1841,740,368,58,45,75,.523,.841,47,183 
29,TOT,80,18,11,11,4,5,.615,.667,0,8 
29,CHH,19,4,3,5,1,2,.667,0.0,0,1 
29,BOS,61,14,8,6,3,3,.600,.667,0,7 
30,ATL,3069,1373,393,616,200,242,.482,.729,26,164 
31,CHI,889,238,240,60,26,59,.481,.567,33,146 
32,CHH,2629,862,257,675,103,132,.489,.889,0,151 
33,GSW,81,15,12,0,0,1,.600,0.0,9,10 
34,TOT,290,107,32,24,6,17,.558,.700,4,47 
34,DET,51,10,5,7,1,3,.250,.750,0,10 
34,UTA,239,97,27,17,5,14,.629,.688,4,37 
35,NYK,1126,221,262,80,48,79,.463,.657,23,159 
36,ORL,1261,427,139,159,47,86,.502,.836,21,138 
37,LAL,1225,306,288,118,21,91,.453,.764,80,182 
38,PHI,2365,778,659,53,54,142,.457,.638,274,338 
39,CLE,1961,889,186,363,107,144,.457,.855,14,118 
40,HOU,340,128,34,15,11,16,.406,.653,4,25 
41,TOT,808,341,66,116,34,47,.490,.810,4,56 
41,HOU,186,96,13,22,8,14,.563,.857,1,14 
41,DAL,622,245,53,94,26,33,.468,.793,3,42 
42,HOU,814,249,189,30,11,29,.608,.613,14,105 
43,BOS,2792,1236,249,301,110,146,.478,.852,49,181 
44,MIN,213,35,45,10,7,16,.256,.556,0,35 
45,NJN,2466,651,487,135,69,80,.458,.671,135,262 
46,SAC,1086,317,108,133,99,78,.458,.671,19,153 
47,POR,658,244,161,28,19,39,.526,.651,16,109 
48,CHI,605,217,98,50,24,30,.556,.564,12,64 
49,CHH,2014,750,368,161,75,85,.506,.694,40,187 
50,PHI,1564,812,164,96,32,122,.414,.824,19,167 
51,WSB,1554,597,170,91,61,106,.458,.665,10,155 
52,CLE,2040,407,564,56,61,56,.524,.602,67,149 
53,HOU,30,5,10,0,1,1,.250,.500,0,6 
54,LAL,2076,913,445,92,69,98,.459,.666,132,246 
55,CLE,1128,469,153,69,32,65,.417,.830,8,122 
56,UTA,1677,746,265,67,24,87,.533,.821,68,253 
57,SEA,430,69,87,10,6,18,.391,.625,3,70 
58,HOU,1882,783,211,405,94,167,.473,.843,14,209 
59,SAC,820,209,174,15,14,33,.521,.582,80,146 
60,LAL,2029,1261,464,105,60,143,.528,.716,19,131 
61,UTA,1240,503,213,73,25,52,.474,.807,30,173 
62,WSB,1468,731,113,128,67,62,.460,.862,15,85 
63,WSB,2651,1293,321,177,80,151,.492,.812,21,215 
64,HOU,1347,358,317,66,25,61,.459,.738,43,117 
65,NJN,1021,308,69,219,42,76,.422,.753,3,116 
66,NYK,79,15,13,8,2,13,.267,.800,1,18 
67,NJN,2103,1146,591,187,35,172,.454,.767,94,162 
68,MIA,2207,679,191,416,99,156,.461,.810,13,185 
69,CLE,752,196,59,101,30,36,.440,.761,6,53 
70,MIL,2064,815,426,110,42,123,.544,.613,18,218 
71,LAL,5,2,0,0,1,0,0.0,1.000,0,3 
72,ATL,1389,502,262,67,55,74,.468,.684,16,161 
73,UTA,1019,295,97,205,39,70,.421,.810,6,105 
74,SAS,29,6,3,1,1,2,.333,.333,0,1 
75,SAS,1273,520,378,59,36,95,.483,.585,19,188 
76,DET,595,143,124,25,21,25,.433,.750,21,128 
77,CHH,1718,935,168,113,55,98,.453,.856,18,144 
78,TOT,604,208,63,40,22,31,.495,.815,10,48 
78,PHI,63,23,7,4,2,8,.462,1.000,0,8 
78,LAL,541,185,56,36,20,23,.500,.800,10,40 
79,NJN,3,0,1,0,0,1,.000,0.0,0,2 
80,IND,1030,335,280,25,19,64,.445,.672,29,134 
81,IND,2346,786,696,58,72,124,.563,.533,116,222 
82,NYK,1697,820,110,150,35,87,.502,.808,11,146 
83,DAL,580,140,156,10,6,30,.441,.636,3,76 
84,DET,1170,325,113,205,52,86,.508,.909,1,74 
85,BOS,13,8,3,1,0,2,.400,1.000,0,4 
86,MIL,2717,1310,322,134,104,157,.447,.754,63,283 
87,LAC,1774,835,152,225,45,157,.443,.784,7,200 
88,SAS,2360,938,192,226,61,56,.507,.790,14,179 
89,DEN,1261,498,298,53,38,114,.589,.654,43,210 
90,LAL,2807,1277,829,329,109,205,.525,.777,174,305 
91,UTA,613,110,107,14,6,22,.595,.710,28,66 
92,BOS,2048,954,170,446,80,162,.502,.689,2,152 
93,CLE,483,110,116,22,6,25,.412,.634,22,108 
94,TOT,2728,1653,480,362,136,186,.511,.824,45,206 
94,POR,1428,904,234,208,74,97,.462,.835,22,117 
94,HOU,1300,749,246,154,62,89,.575,.809,23,89 
95,WSB,818,283,195,20,21,59,.451,.643,24,110 
96,POR,2245,447,764,34,43,81,.407,.464,126,286 
97,DET,2544,1214,158,368,72,219,.497,.805,7,153 
98,PHO,167,82,29,7,10,9,.514,.500,2,22 
99,DAL,613,264,62,57,13,50,.418,.649,4,78 
100,MIN,852,302,94,53,36,45,.531,.656,32,114 
101,MIA,898,395,95,72,19,53,.439,.722,2,88 
102,BOS,208,66,45,2,6,14,.382,.483,8,39 
103,TOT,1112,459,130,77,43,81,.500,.833,16,143 
103,BOS,507,220,65,47,19,39,.474,.896,10,64 
103,UTA,605,239,65,30,24,42,.524,.762,6,79 
104,ATL,212,67,48,13,5,22,.468,.719,4,30 
105,POR,266,75,43,8,5,14,.386,.647,8,44 
106,NJN,466,196,37,27,19,35,.468,.952,5,42 
107,ATL,1166,477,147,113,46,73,.486,.620,6,86 
108,TOT,552,120,48,95,18,50,.365,.775,6,81 
108,MIN,496,113,42,77,18,42,.397,.775,5,78 
108,SAS,56,7,6,18,0,8,.167,0.0,1,3 
109,HOU,1896,710,196,189,65,104,.570,.842,12,158 
110,SAS,2858,1466,287,206,78,151,.495,.807,38,216 
111,DEN,1996,918,222,57,37,81,.479,.866,9,142 
112,LAC,656,252,88,40,67,49,.511,.590,12,102 
113,DEN,58,24,17,4,1,5,.360,1.000,5,12 
114,BOS,1083,375,309,34,22,76,.510,.717,54,179 
115,CHI,127,43,3,7,7,6,.444,.769,1,19 
116,NYK,2920,1886,867,212,68,256,.506,.750,159,272 
117,IND,607,231,88,31,26,43,.491,.753,6,79 
118,CLE,1290,614,143,96,27,59,.483,.881,22,131 
119,LAC,370,123,84,17,16,28,.480,.676,7,70 
120,IND,686,251,88,109,27,43,.514,.722,1,80 
121,NJN,831,197,54,126,13,51,.371,.698,6,73 
122,PHI,98,19,20,9,1,8,.300,.500,0,5 
123,TOT,1144,385,259,39,15,71,.485,.703,28,183 
123,CHI,299,104,54,16,2,17,.477,.710,8,54 
123,MIN,845,281,205,23,13,54,.488,.700,20,129 
124,BOS,1039,464,155,139,52,78,.500,.772,19,154 
125,PHI,280,55,18,33,8,14,.611,.455,1,23 
126,MIA,1223,566,122,119,52,49,.514,.784,10,130 
127,MIN,1931,448,168,318,71,105,.451,.795,13,184 
128,GSW,1470,796,443,51,39,117,.634,.592,52,184 
129,CHH,409,125,75,17,7,22,.475,.608,15,64 
130,MIA,1712,617,413,55,41,113,.539,.650,51,245 
131,MIL,8,4,1,0,0,2,.500,1.000,0,1 
132,SEA,2125,1002,290,192,117,138,.479,.742,28,186 
133,NJN,2472,1212,613,99,67,152,.504,.770,89,171 
134,PHI,775,251,62,66,29,48,.456,.753,6,76 
135,NYK,8,2,5,2,0,0,.250,0.0,0,2 
136,SAC,2289,1058,598,99,49,163,.512,.636,116,276 
137,LAC,470,205,35,93,29,44,.493,.818,3,66 
138,DEN,151,31,9,43,6,14,.308,.750,2,20 
139,POR,1771,683,284,82,56,62,.467,.705,53,163 
140,ORL,2693,948,715,173,76,85,.574,.692,88,203 
141,PHI,1098,389,149,74,27,56,.432,.699,4,80 
142,PHO,2687,916,669,127,55,114,.547,.732,31,146 
143,TOT,2568,976,572,279,132,189,.478,.690,62,203 
143,WSB,226,96,53,18,21,15,.387,.788,11,19 
143,GSW,1324,435,297,122,50,93,.482,.567,23,98 
143,MIN,1018,445,222,139,61,81,.498,.762,28,86 
144,MIN,167,45,45,10,8,12,.372,.684,1,29 
145,SAS,117,73,27,2,3,13,.433,.656,5,31 
146,ORL,7,4,2,1,0,0,.333,1.000,0,1 
147,DEN,956,410,222,36,11,56,.537,.746,14,132 
148,CHH,424,153,53,30,19,30,.568,.410,4,48 
149,ORL,2901,1613,336,551,130,258,.558,.769,26,158 
150,GSW,2321,1247,190,578,88,214,.465,.760,12,155 
151,PHI,158,46,23,12,9,7,.385,.500,0,12 
152,NYK,2716,919,194,458,79,151,.498,.724,10,219 
153,CHI,1536,530,180,157,97,100,.467,.618,27,132 
154,DAL,1695,751,220,132,58,77,.481,.800,14,105 
155,BOS,18,14,0,0,0,1,.429,.889,0,2 
156,LAL,572,179,102,23,15,25,.434,.533,41,87 
157,CHH,2731,1172,314,262,122,150,.507,.867,18,178 
158,POR,380,119,26,85,9,30,.412,.880,0,52 
159,HOU,1331,415,278,44,40,71,.526,.624,38,136 
160,GSW,46,10,7,3,1,1,.333,.750,1,7 
161,NJN,735,268,77,29,10,35,.421,.875,9,93 
162,DET,2678,1394,445,353,124,202,.486,.732,62,203 
163,CLE,2397,963,765,55,55,151,.505,.662,41,245 
164,DAL,633,209,122,41,10,39,.416,.765,14,107 
165,UTA,2696,1337,210,347,129,145,.547,.882,17,181 
166,HOU,2074,652,324,216,94,122,.497,.761,76,161 
167,DET,1996,1101,167,164,61,113,.494,.860,14,182 
168,SEA,258,132,55,6,13,20,.506,.737,5,50 
169,ATL,4,0,0,0,1,0,0.0,0.0,0,1 
170,WSB,2348,1104,545,165,52,166,.492,.664,15,236 
171,TOT,201,20,13,19,9,17,.200,.500,0,35 
171,UTA,149,10,10,9,7,12,.091,0.0,0,25 
171,BOS,52,10,3,10,2,5,.500,.500,0,10 
172,DET,944,314,75,159,51,79,.395,.727,7,94 
173,SAC,1105,285,70,226,29,110,.394,.763,0,79 
174,PHI,257,70,42,19,9,17,.396,.667,5,33 
175,DAL,1982,1309,260,191,28,160,.490,.805,12,92 
176,IND,2402,624,306,616,105,210,.443,.778,16,148 
177,GSW,1722,589,148,373,95,120,.520,.876,2,133 
178,SAS,3011,1101,208,670,114,207,.529,.685,13,154 
179,SEA,907,199,289,16,17,54,.445,.630,67,163 
180,PHO,1352,730,115,360,47,105,.487,.810,18,88 
181,CHH,3234,1525,585,369,78,207,.500,.774,28,174 
182,MIN,139,45,11,16,6,9,.406,.813,0,19 
183,HOU,36,3,7,0,0,0,.333,.500,1,8 
184,LAL,1981,897,249,128,131,75,.504,.722,41,175 
185,DAL,2385,825,844,163,35,124,.449,.645,27,267 
186,CHI,668,457,117,90,30,35,.403,.801,13,47 
187,UTA,1270,461,327,30,36,62,.577,.676,25,141 
188,SEA,2679,1530,893,149,102,259,.548,.749,122,337 
189,CHI,1839,674,119,151,44,48,.529,.778,3,114 
190,POR,1143,508,256,82,52,64,.424,.766,35,173 
191,LAL,83,20,17,2,1,2,.529,1.000,2,16 
192,DAL,2668,922,430,607,151,250,.433,.698,24,146 
193,SEA,6,0,0,0,0,0,.000,.000,0,1 
194,MIN,792,266,165,26,24,64,.469,.667,20,126 
195,TOT,77,8,22,1,0,6,.176,.200,0,15 
195,NYK,16,0,4,0,0,1,.000,0.0,0,2 
195,IND,61,8,18,1,0,5,.214,.200,0,13 
196,PHO,968,280,259,39,14,35,.452,.857,18,174 
197,TOT,708,199,61,127,21,49,.398,.720,5,70 
197,POR,43,18,3,11,1,4,.467,1.000,0,5 
197,DET,665,181,58,116,20,45,.392,.667,5,65 
198,ATL,943,179,184,52,36,20,.430,.542,46,137 
199,CHI,287,83,59,26,9,25,.389,.900,2,34 
200,CHI,2584,1271,440,372,102,165,.553,.748,16,163 
201,MIN,2770,1322,613,234,101,225,.497,.818,87,302 
202,ATL,2340,794,456,72,45,108,.472,.809,144,271 
203,PHO,53,11,4,1,0,5,.400,.750,2,11 
204,DET,623,225,174,14,15,39,.534,.708,15,122 
205,SAC,75,43,5,5,6,5,.286,.857,3,18 
206,GSW,371,176,40,27,12,20,.523,.882,1,33 
207,ATL,188,50,26,44,4,21,.400,.852,0,28 
208,DEN,469,129,124,27,13,21,.426,.422,20,91 
209,MIL,776,167,236,12,16,38,.496,.500,57,146 
210,MIA,730,267,102,43,20,29,.447,.667,25,85 
211,TOT,2641,939,606,131,109,155,.483,.751,34,243 
211,MIA,62,16,11,4,2,4,.417,.600,0,11 
211,ATL,2579,923,595,127,107,151,.484,.756,34,232 
212,CHI,1001,358,263,73,24,86,.450,.822,45,177 
213,GSW,672,272,71,101,28,57,.493,.648,1,42 
214,LAL,953,341,184,62,51,73,.493,.721,10,86 
215,WSB,1052,430,165,51,15,44,.461,.765,3,97 
216,DET,721,276,76,63,67,41,.399,.794,1,97 
217,CLE,28,8,0,1,2,3,.250,.750,0,2 
218,NJN,630,198,162,26,11,34,.527,.796,12,93 
219,PHO,3091,1281,375,340,96,105,.495,.730,38,155 
220,PHI,660,350,55,29,15,29,.520,.864,0,35 
221,UTA,3126,2187,871,285,129,236,.543,.742,85,269 
222,SAS,149,49,46,6,2,11,.364,.688,3,15 
223,PHO,1510,822,276,154,41,121,.556,.673,57,176 
224,SEA,1194,612,68,110,72,98,.489,.732,3,126 
225,TOT,2086,906,405,105,45,115,.436,.662,88,157 
225,MIN,1036,431,196,57,25,58,.397,.680,50,63 
225,GSW,1050,475,209,48,20,57,.475,.640,38,94 
226,LAC,14,2,2,1,0,0,.200,0.0,1,2 
227,MIN,803,254,64,133,34,62,.451,.877,0,88 
228,DAL,2980,1926,331,298,82,235,.466,.739,8,190 
229,NYK,2496,765,650,240,69,123,.567,.641,21,253 
230,LAC,2127,741,455,67,48,118,.472,.753,58,253 
231,HOU,2038,854,164,274,75,137,.485,.688,13,157 
232,MIL,1744,474,82,276,51,106,.433,.699,4,123 
233,DAL,802,402,147,53,23,40,.460,.833,9,71 
234,BOS,1430,587,300,108,30,89,.457,.712,20,146 
235,WSB,534,96,105,10,10,19,.479,.683,60,95 
236,IND,2805,1075,394,276,125,168,.509,.744,49,260 
237,POR,827,293,129,89,36,39,.451,.685,16,97 
238,SEA,2070,419,302,421,165,126,.467,.586,53,275 
239,DEN,8,3,1,2,1,0,.000,0.0,0,0 
240,LAL,527,189,152,35,20,38,.535,.618,7,77 
241,DET,1558,545,475,93,60,115,.565,.629,116,217 
242,IND,2665,1588,210,242,98,151,.498,.897,16,157 
243,CLE,2814,986,366,154,59,120,.431,.817,35,242 
244,DET,2514,1118,558,160,68,144,.475,.799,33,253 
245,MIA,871,329,117,69,15,77,.426,.726,6,85 
246,BOS,945,377,137,66,32,44,.529,.833,16,89 
247,IND,1377,529,243,61,43,54,.496,.724,20,206 
248,MIL,587,180,153,21,8,24,.585,.489,27,63 
249,BOS,2315,781,566,36,29,112,.535,.635,61,299 
250,NJN,2131,950,402,147,86,117,.455,.728,51,155 
251,GSW,395,167,58,18,11,27,.394,.682,15,45 
252,CHH,2941,1643,761,111,49,241,.525,.761,225,275 
253,GSW,890,476,115,125,38,93,.502,.879,19,53 
254,MIL,2158,977,214,482,113,194,.432,.790,12,139 
255,WSB,1720,730,488,38,48,115,.560,.709,127,259 
256,LAC,2556,1142,354,133,72,163,.427,.754,55,180 
257,TOT,516,258,59,19,14,35,.408,.786,4,73 
257,POR,313,170,37,14,7,20,.420,.824,1,42 
257,HOU,203,88,22,5,7,15,.371,.625,3,31 
258,DEN,3100,946,1029,113,40,192,.556,.654,321,284 
259,CHI,1270,318,139,148,58,88,.440,.614,15,125 
260,DET,331,40,81,17,12,12,.356,.364,11,60 
261,MIL,1896,634,173,91,69,86,.503,.801,13,234 
262,ATL,1879,938,362,94,34,96,.508,.457,20,154 
263,SAS,84,31,24,3,0,9,.321,.765,3,20 
264,ORL,2923,2315,901,214,73,204,.585,.533,192,258 
265,NYK,1567,506,445,126,60,103,.496,.793,7,179 
266,HOU,2853,2005,775,255,133,237,.520,.756,242,250 
267,WSB,42,14,4,4,0,3,.444,.750,0,8 
268,LAC,1655,422,313,84,90,78,.531,.441,151,227 
269,WSB,1704,576,143,246,53,104,.413,.872,2,126 
270,MIA,2296,1002,502,246,80,204,.503,.620,30,205 
271,DEN,1144,507,113,290,61,134,.433,.783,6,101 
272,CHH,1352,389,350,44,27,66,.427,.703,36,132 
273,SEA,3015,1689,281,583,204,201,.553,.716,13,206 
274,LAL,1559,756,168,122,52,82,.454,.797,13,143 
275,DET,21,11,3,1,1,2,1.000,.500,0,10 
276,CHI,1592,621,522,90,26,116,.555,.582,56,220 
277,SEA,2356,1043,398,135,72,77,.526,.799,45,186 
278,PHO,1977,795,151,394,156,163,.532,.810,4,142 
279,PHI,446,76,89,12,10,21,.422,.550,15,51 
280,SAS,2033,872,258,106,45,102,.475,.647,12,198 
281,PHO,1800,814,201,105,48,79,.519,.792,24,149 
282,SAC,5,0,0,1,0,0,.000,.000,0,3 
283,CLE,2500,878,265,180,115,113,.419,.779,25,206 
284,LAC,1208,566,133,77,37,63,.492,.783,15,150 
285,GSW,673,338,64,40,22,24,.478,.877,2,38 
286,MIL,835,140,211,21,34,26,.495,.710,17,64 
287,CHI,3014,1692,639,409,232,271,.523,.716,89,238 
288,SAC,2534,877,725,62,48,113,.543,.639,52,238 
289,POR,770,312,81,133,30,58,.399,.707,2,60 
290,CLE,1375,757,112,335,35,142,.418,.914,4,50 
291,TOT,194,44,12,34,2,12,.458,.762,1,22 
291,PHI,36,1,1,11,0,5,0.0,.250,0,3 
291,MIA,158,43,11,23,2,7,.458,.882,1,19 
292,BOS,2147,1133,573,111,60,159,.490,.759,86,232 
293,LAL,195,44,34,16,3,8,.514,.667,9,35 
294,DEN,39,6,12,1,0,1,.333,0.0,0,5 
295,DEN,13,6,2,1,3,2,.200,1.000,0,0 
296,MIA,1462,619,186,288,77,132,.473,.714,10,139 
297,SAS,1566,563,393,55,60,113,.508,.687,32,230 
298,MIA,3014,1831,378,192,112,153,.506,.855,14,203 
299,LAC,2864,874,261,632,129,171,.407,.648,12,218 
300,SAC,3172,1867,357,311,91,234,.477,.843,29,227 
301,MIN,2645,1532,249,245,69,232,.491,.817,23,194 
302,LAC,434,177,112,11,17,31,.451,.734,35,78 
303,TOT,989,321,109,162,65,60,.360,.732,21,150 
303,NYK,47,19,9,8,4,4,.125,.727,0,8 
303,SAS,942,302,100,154,61,56,.371,.732,21,142 
304,CLE,223,80,34,8,6,7,.393,.769,3,26 
305,POR,2725,1601,423,198,79,158,.486,.694,82,240 
306,SAS,3074,2238,877,236,134,233,.533,.774,262,230 
307,MIL,2958,1755,513,197,115,313,.482,.796,22,234 
308,POR,1539,651,132,180,48,127,.446,.591,13,142 
309,SAS,1568,349,823,97,31,98,.576,.676,23,159 
310,GSW,1017,438,278,37,22,84,.546,.521,52,124 
311,DEN,2142,979,385,161,95,173,.523,.651,46,281 
312,ORL,478,61,95,9,7,23,.476,.677,36,63 
313,MIN,2405,868,486,97,29,142,.474,.761,71,208 
314,DEN,1798,663,217,389,65,160,.495,.739,22,206 
315,ORL,1841,635,279,198,45,125,.479,.746,16,156 
316,GSW,1494,448,486,45,35,89,.488,.447,39,196 
317,PHO,319,233,23,48,14,47,.469,.711,2,52 
318,UTA,860,283,141,34,48,42,.469,.667,11,101 
319,MIA,1955,547,336,123,47,97,.499,.739,85,279 
320,PHO,823,303,208,89,20,64,.506,.725,37,170 
321,SEA,102,39,23,4,2,3,.522,.833,2,9 
322,NJN,318,88,81,15,3,17,.380,.545,17,45 
323,SEA,2886,1572,508,310,93,176,.525,.839,35,252 
324,IND,1528,802,151,108,61,119,.489,.850,13,123 
325,ORL,1499,802,146,131,45,57,.454,.754,14,119 
326,LAC,1604,778,214,107,72,83,.451,.780,25,173 
327,GSW,1035,435,266,45,20,104,.516,.694,37,122 
328,MIN,239,94,67,8,8,8,.600,.800,6,47 
329,ORL,1836,502,241,406,73,184,.465,.737,18,184 
330,SAC,1064,327,196,89,28,70,.422,.702,23,118 
331,CHI,586,206,151,37,10,45,.424,.694,7,72 
332,WSB,2077,805,159,452,70,172,.476,.886,6,135 
333,DEN,236,120,57,12,7,26,.494,.727,3,47 
334,NYK,2150,966,324,120,49,147,.482,.792,95,286 
335,MIN,1073,320,73,146,32,50,.442,.651,22,119 
336,DAL,826,320,144,44,29,37,.430,.760,26,132 
337,HOU,2030,842,155,323,71,123,.553,.851,10,109 
338,LAC,319,153,56,20,6,18,.492,.867,2,41 
339,SAC,1736,567,486,67,61,106,.545,.485,49,235 
340,TOT,2665,1305,276,274,62,155,.494,.841,33,225 
340,MIA,62,41,6,7,2,4,.529,.773,1,9 
340,ATL,2603,1264,270,267,60,151,.493,.845,32,216 
341,LAL,1024,340,107,102,46,50,.459,.698,7,111 
342,IND,2381,1400,601,111,40,189,.527,.753,79,278 
343,LAC,368,132,65,25,14,48,.444,.560,23,62 
344,UTA,905,317,260,17,12,68,.488,.793,32,131 
345,GSW,2771,1420,256,279,112,230,.473,.781,46,108 
346,NYK,2725,1223,219,411,92,160,.448,.737,4,257 
347,WSB,346,102,67,18,16,16,.471,.667,9,52 
348,DEN,2329,911,268,153,91,110,.492,.824,18,142 
349,UTA,2867,1206,251,1011,194,267,.580,.804,22,215 
350,IND,9,3,4,0,0,1,.333,.500,1,0 
351,POR,2267,1211,317,562,123,209,.480,.745,9,118 
352,BOS,1344,441,375,44,24,79,.457,.820,13,143 
353,CHH,690,263,56,91,33,51,.443,.711,2,114 
354,PHO,51,24,8,3,1,5,.556,.800,0,8 
355,HOU,182,75,57,4,2,18,.462,.614,7,37 
356,DAL,1354,691,449,58,45,109,.485,.836,55,155 
357,ORL,246,116,23,43,10,27,.482,.667,2,46 
358,IND,453,112,89,18,18,33,.415,.875,10,76 
359,TOT,2096,937,558,112,41,132,.571,.594,28,224 
359,HOU,1188,479,322,58,22,76,.567,.528,13,102 
359,POR,908,458,236,54,19,56,.576,.649,15,122 
360,LAL,1384,558,124,248,54,70,.529,.793,12,139 
361,PHO,1276,650,247,45,29,64,.484,.770,27,190 
362,CHH,57,14,17,2,0,3,.429,1.000,0,9 
363,ORL,7,1,3,0,0,1,.000,.500,0,1 
364,WSB,982,243,170,68,46,56,.459,.614,11,129 
365,SAC,149,68,28,7,8,12,.404,.571,1,20 
366,ORL,576,199,97,38,12,22,.447,.897,3,102 
367,PHI,809,195,62,174,36,97,.406,.700,2,58 
368,LAL,2944,1348,223,660,97,220,.473,.783,6,157 
369,LAC,2966,1401,772,139,104,166,.523,.710,29,243 
370,ATL,27,4,0,1,0,2,.000,1.000,0,4 
371,WSB,266,57,47,7,5,15,.429,.750,5,42 
372,NJN,1435,523,93,121,37,71,.495,.769,16,135 
373,NYK,44,16,6,4,2,8,.333,.700,0,7 
374,UTA,673,195,74,59,35,51,.534,.679,11,86 
375,PHI,2991,1373,526,215,115,191,.443,.751,67,195 
376,SAC,2458,878,174,468,75,185,.467,.934,8,148 
377,WSB,2067,1085,518,256,83,167,.535,.502,85,186 
378,CHI,956,363,190,40,22,39,.498,.810,17,198 
379,BOS,1380,378,117,266,82,87,.397,.755,9,144 
380,MIN,2328,919,227,185,65,126,.485,.837,24,250 
381,DET,1543,500,408,18,27,85,.556,.478,102,247 
382,ATL,292,70,30,54,19,19,.489,.625,0,37 
383,SAS,179,42,13,28,4,18,.393,1.000,0,34 
384,TOT,424,137,43,75,22,23,.526,.700,2,44 
384,DAL,407,130,39,69,21,19,.500,.700,1,44 
384,ATL,17,7,4,6,1,4,1.000,0.0,1,0 
385,BOS,2423,1370,401,166,61,173,.436,.782,14,130 
386,MIL,72,24,19,0,2,7,.348,.667,6,14 
387,POR,2422,757,669,78,67,119,.512,.673,69,254 
388,NYK,743,187,132,27,13,40,.456,.622,45,108 
389,CLE,2641,929,507,192,83,149,.453,.685,101,211 
390,NJN,982,363,425,35,26,59,.469,.533,33,160 
391,IND,402,100,62,27,10,35,.359,.560,2,48 
392,DAL,2383,328,690,124,52,105,.477,.376,148,306 
393,MIN,28,6,1,3,2,3,.250,.800,0,3 
394,NYK,503,137,98,49,20,41,.480,.447,4,87 
395,DEN,2198,993,329,231,114,124,.522,.759,67,264 
396,PHI,1781,491,485,59,71,84,.482,.738,40,237 
397,SAC,2739,1259,345,316,123,243,.487,.731,63,265 
398,TOT,2390,1154,732,86,60,162,.470,.690,36,215 
398,ATL,89,42,36,3,1,7,.400,.667,3,7 
398,MIA,2301,1112,696,83,59,155,.473,.691,33,208 
399,SAC,147,47,26,12,4,6,.450,.786,2,12 
400,CHH,515,122,60,56,19,27,.460,.750,6,60 
401,SEA,81,46,30,3,5,8,.410,.800,3,15 
402,CHH,583,90,129,37,9,22,.480,.750,6,101 
403,GSW,1336,428,241,65,28,53,.519,.778,13,217 
404,LAC,495,124,44,134,41,55,.349,.737,0,87 
405,IND,1028,292,111,194,59,73,.386,.743,5,115 
406,PHI,2044,904,472,48,37,151,.470,.645,104,246 
